0 847.216918 6865.330000
1 845.252583 6859.058977
2 843.320891 6852.864566
3 841.421173 6846.745604
4 839.552779 6840.700950
5 837.715074 6834.729484
6 835.907439 6828.830105
7 834.129269 6823.001734
8 832.379976 6817.243312
9 830.658986 6811.553797
10 828.965737 6805.932167
11 827.299682 6800.377421
12 825.660287 6794.888572
13 824.047032 6789.464653
14 822.459407 6784.104715
15 820.896915 6778.807823
16 819.359073 6773.573063
17 817.845405 6768.399533
18 816.355451 6763.286349
19 814.888757 6758.232643
20 813.444882 6753.237561
21 812.023396 6748.300264
22 810.623877 6743.419929
23 809.245914 6738.595747
24 807.889103 6733.826921
25 806.553053 6729.112670
26 805.237379 6724.452225
27 803.941704 6719.844832
28 802.665662 6715.289748
29 801.408894 6710.786243
30 800.171047 6706.333601
31 798.951779 6701.931116
32 797.750754 6697.578095
33 796.567643 6693.273857
34 795.402125 6689.017732
35 794.253884 6684.809060
36 793.122614 6680.647195
37 792.008012 6676.531498
38 790.909784 6672.461343
39 789.827643 6668.436114
40 788.761304 6664.455205
41 787.710492 6660.518020
42 786.674936 6656.623971
43 785.654371 6652.772483
44 784.648538 6648.962988
45 783.657183 6645.194928
46 782.680056 6641.467752
47 781.716913 6637.780921
48 780.767518 6634.133903
49 779.831634 6630.526175
50 778.909033 6626.957220
51 777.999491 6623.426534
52 777.102788 6619.933616
53 776.218707 6616.477977
54 775.347039 6613.059132
55 774.487575 6609.676606
56 773.640113 6606.329932
57 772.804454 6603.018647
58 771.980402 6599.742299
59 771.167768 6596.500441
60 770.366362 6593.292633
61 769.576002 6590.118441
62 768.796507 6586.977440
63 768.027701 6583.869210
64 767.269409 6580.793338
65 766.521463 6577.749415
66 765.783694 6574.737042
67 765.055941 6571.755823
68 764.338041 6568.805369
69 763.629838 6565.885298
70 762.931178 6562.995232
71 762.241908 6560.134799
72 761.561879 6557.303634
73 760.890947 6554.501374
74 760.228967 6551.727666
75 759.575800 6548.982159
76 758.931306 6546.264508
77 758.295350 6543.574373
78 757.667800 6540.911419
79 757.048526 6538.275317
80 756.437397 6535.665740
81 755.834290 6533.082369
82 755.239080 6530.524888
83 754.651646 6527.992985
84 754.071869 6525.486354
85 753.499632 6523.004692
86 752.934820 6520.547701
87 752.377319 6518.115088
88 751.827020 6515.706562
89 751.283813 6513.321839
90 750.747591 6510.960636
91 750.218250 6508.622677
92 749.695685 6506.307688
93 749.179796 6504.015399
94 748.670482 6501.745545
95 748.167646 6499.497862
96 747.671192 6497.272093
97 747.181024 6495.067982
98 746.697051 6492.885278
99 746.219180 6490.723734
100 745.747322 6488.583104
101 745.281388 6486.463148
102 744.821293 6484.363627
103 744.366950 6482.284308
104 743.918275 6480.224958
105 743.475187 6478.185349
106 743.037604 6476.165257
107 742.605447 6474.164459
108 742.178637 6472.182737
109 741.757098 6470.219873
110 741.340752 6468.275655
111 740.929527 6466.349873
112 740.523349 6464.442318
113 740.122145 6462.552787
114 739.725846 6460.681077
115 739.334380 6458.826989
116 738.947681 6456.990325
117 738.565679 6455.170893
118 738.188310 6453.368500
119 737.815508 6451.582958
120 737.447208 6449.814079
121 737.083347 6448.061680
122 736.723864 6446.325579
123 736.368698 6444.605596
124 736.017787 6442.901555
125 735.671073 6441.213282
126 735.328499 6439.540602
127 734.990005 6437.883347
128 734.655537 6436.241348
129 734.325038 6434.614440
130 733.998455 6433.002458
131 733.675733 6431.405241
132 733.356819 6429.822629
133 733.041662 6428.254466
134 732.730209 6426.700594
135 732.422412 6425.160861
136 732.118220 6423.635116
137 731.817583 6422.123207
138 731.520455 6420.624988
139 731.226788 6419.140313
140 730.936534 6417.669037
141 730.649649 6416.211017
142 730.366087 6414.766114
143 730.085803 6413.334189
144 729.808754 6411.915104
145 729.534897 6410.508725
146 729.264188 6409.114916
147 728.996587 6407.733547
148 728.732051 6406.364486
149 728.470541 6405.007606
150 728.212016 6403.662778
151 727.956438 6402.329877
152 727.703766 6401.008779
153 727.453964 6399.699361
154 727.206993 6398.401502
155 726.962816 6397.115082
156 726.721398 6395.839984
157 726.482701 6394.576089
158 726.246691 6393.323283
159 726.013332 6392.081452
160 725.782591 6390.850483
161 725.554433 6389.630265
162 725.328825 6388.420688
163 725.105735 6387.221643
164 724.885129 6386.033023
165 724.666976 6384.854721
166 724.451244 6383.686633
167 724.237903 6382.528656
168 724.026921 6381.380686
169 723.818270 6380.242624
170 723.611918 6379.114368
171 723.407838 6377.995820
172 723.205999 6376.886883
173 723.006375 6375.787459
174 722.808936 6374.697454
175 722.613655 6373.616773
176 722.420505 6372.545324
177 722.229460 6371.483014
178 722.040492 6370.429751
179 721.853576 6369.385447
180 721.668687 6368.350012
181 721.485798 6367.323359
182 721.304885 6366.305400
183 721.125923 6365.296049
184 720.948888 6364.295222
185 720.773757 6363.302836
186 720.600505 6362.318805
187 720.429110 6361.343050
188 720.259548 6360.375489
189 720.091798 6359.416041
190 719.925836 6358.464627
191 719.761640 6357.521169
192 719.599190 6356.585590
193 719.438464 6355.657813
194 719.279440 6354.737761
195 719.122099 6353.825362
196 718.966419 6352.920539
197 718.812380 6352.023220
198 718.659963 6351.133334
199 718.509147 6350.250807
200 718.359914 6349.375569
201 718.212245 6348.507551
202 718.066120 6347.646682
203 717.921521 6346.792896
204 717.778429 6345.946123
205 717.636827 6345.106297
206 717.496697 6344.273352
207 717.358021 6343.447222
208 717.220781 6342.627842
209 717.084962 6341.815149
210 716.950545 6341.009079
211 716.817514 6340.209569
212 716.685853 6339.416558
213 716.555546 6338.629984
214 716.426576 6337.849786
215 716.298928 6337.075904
216 716.172586 6336.308280
217 716.047535 6335.546855
218 715.923759 6334.791569
219 715.801244 6334.042367
220 715.679976 6333.299191
221 715.559938 6332.561985
222 715.441118 6331.830693
223 715.323500 6331.105261
224 715.207072 6330.385634
225 715.091818 6329.671758
226 714.977726 6328.963579
227 714.864782 6328.261046
228 714.752972 6327.564106
229 714.642285 6326.872708
230 714.532706 6326.186800
231 714.424222 6325.506332
232 714.316823 6324.831254
233 714.210494 6324.161517
234 714.105224 6323.497072
235 714.001000 6322.837869
236 713.897812 6322.183863
237 713.795646 6321.535004
238 713.694491 6320.891247
239 713.594336 6320.252544
240 713.495169 6319.618850
241 713.396979 6318.990120
242 713.299756 6318.366308
243 713.203487 6317.747370
244 713.108163 6317.133262
245 713.013773 6316.523941
246 712.920307 6315.919363
247 712.827753 6315.319485
248 712.736101 6314.724266
249 712.645343 6314.133663
250 712.555467 6313.547636
251 712.466463 6312.966142
252 712.378323 6312.389143
253 712.291036 6311.816597
254 712.204593 6311.248464
255 712.118985 6310.684707
256 712.034202 6310.125285
257 711.950235 6309.570160
258 711.867075 6309.019294
259 711.784713 6308.472650
260 711.703141 6307.930190
261 711.622350 6307.391876
262 711.542331 6306.857673
263 711.463076 6306.327545
264 711.384576 6305.801454
265 711.306823 6305.279367
266 711.229809 6304.761247
267 711.153526 6304.247060
268 711.077966 6303.736772
269 711.003120 6303.230348
270 710.928983 6302.727755
271 710.855545 6302.228958
272 710.782799 6301.733927
273 710.710737 6301.242626
274 710.639353 6300.755024
275 710.568638 6300.271090
276 710.498586 6299.790790
277 710.429190 6299.314094
278 710.360442 6298.840970
279 710.292336 6298.371388
280 710.224865 6297.905317
281 710.158021 6297.442726
282 710.091799 6296.983587
283 710.026191 6296.527869
284 709.961191 6296.075542
285 709.896793 6295.626578
286 709.832990 6295.180948
287 709.769775 6294.738623
288 709.707144 6294.299576
289 709.645088 6293.863777
290 709.583604 6293.431200
291 709.522683 6293.001818
292 709.462321 6292.575602
293 709.402512 6292.152526
294 709.343249 6291.732563
295 709.284527 6291.315688
296 709.226341 6290.901873
297 709.168684 6290.491093
298 709.111552 6290.083323
299 709.054938 6289.678537
300 708.998838 6289.276709
301 708.943246 6288.877816
302 708.888156 6288.481832
303 708.833564 6288.088733
304 708.779465 6287.698494
305 708.725852 6287.311092
306 708.672722 6286.926504
307 708.620069 6286.544705
308 708.567888 6286.165672
309 708.516175 6285.789382
310 708.464925 6285.415813
311 708.414132 6285.044942
312 708.363793 6284.676745
313 708.313902 6284.311203
314 708.264456 6283.948291
315 708.215449 6283.587988
316 708.166876 6283.230274
317 708.118735 6282.875126
318 708.071019 6282.522523
319 708.023726 6282.172445
320 707.976850 6281.824870
321 707.930387 6281.479778
322 707.884334 6281.137148
323 707.838685 6280.796961
324 707.793438 6280.459196
325 707.748587 6280.123834
326 707.704130 6279.790855
327 707.660061 6279.460239
328 707.616378 6279.131967
329 707.573075 6278.806021
330 707.530150 6278.482380
331 707.487599 6278.161027
332 707.445417 6277.841942
333 707.403602 6277.525108
334 707.362149 6277.210507
335 707.321056 6276.898119
336 707.280317 6276.587927
337 707.239931 6276.279914
338 707.199893 6275.974062
339 707.160200 6275.670354
340 707.120848 6275.368771
341 707.081835 6275.069298
342 707.043156 6274.771917
343 707.004809 6274.476611
344 706.966790 6274.183364
345 706.929096 6273.892159
346 706.891724 6273.602980
347 706.854671 6273.315811
348 706.817933 6273.030636
349 706.781508 6272.747438
350 706.745392 6272.466203
351 706.709583 6272.186914
352 706.674077 6271.909556
353 706.638872 6271.634114
354 706.603964 6271.360572
355 706.569351 6271.088916
356 706.535030 6270.819130
357 706.500998 6270.551200
358 706.467252 6270.285111
359 706.433789 6270.020848
360 706.400607 6269.758398
361 706.367704 6269.497746
362 706.335076 6269.238877
363 706.302720 6268.981778
364 706.270635 6268.726435
365 706.238817 6268.472834
366 706.207264 6268.220962
367 706.175973 6267.970804
368 706.144943 6267.722348
369 706.114169 6267.475581
370 706.083651 6267.230488
371 706.053386 6266.987058
372 706.023370 6266.745276
373 705.993603 6266.505131
374 705.964081 6266.266610
375 705.934802 6266.029699
376 705.905764 6265.794387
377 705.876964 6265.560661
378 705.848401 6265.328509
379 705.820072 6265.097919
380 705.791975 6264.868879
381 705.764107 6264.641376
382 705.736468 6264.415399
383 705.709053 6264.190936
384 705.681862 6263.967976
385 705.654892 6263.746506
386 705.628142 6263.526516
387 705.601608 6263.307995
388 705.575290 6263.090930
389 705.549184 6262.875311
390 705.523290 6262.661127
391 705.497605 6262.448367
392 705.472127 6262.237019
393 705.446855 6262.027074
394 705.421786 6261.818521
395 705.396918 6261.611348
396 705.372250 6261.405546
397 705.347781 6261.201104
398 705.323507 6260.998011
399 705.299427 6260.796258
400 705.275540 6260.595835
401 705.251843 6260.396731
402 705.228335 6260.198936
403 705.205015 6260.002441
404 705.181880 6259.807236
405 705.158929 6259.613310
406 705.136160 6259.420655
407 705.113571 6259.229261
408 705.091161 6259.039119
409 705.068929 6258.850218
410 705.046872 6258.662550
411 705.024989 6258.476106
412 705.003278 6258.290875
413 704.981739 6258.106851
414 704.960368 6257.924022
415 704.939166 6257.742381
416 704.918130 6257.561918
417 704.897258 6257.382626
418 704.876550 6257.204494
419 704.856004 6257.027514
420 704.835618 6256.851679
421 704.815391 6256.676979
422 704.795322 6256.503406
423 704.775408 6256.330952
424 704.755650 6256.159608
425 704.736045 6255.989366
426 704.716591 6255.820219
427 704.697289 6255.652157
428 704.678136 6255.485174
429 704.659130 6255.319261
430 704.640272 6255.154410
431 704.621559 6254.990613
432 704.602989 6254.827863
433 704.584563 6254.666152
434 704.566278 6254.505473
435 704.548134 6254.345818
436 704.530128 6254.187179
437 704.512261 6254.029549
438 704.494530 6253.872920
439 704.476934 6253.717286
440 704.459473 6253.562639
441 704.442145 6253.408973
442 704.424948 6253.256278
443 704.407883 6253.104550
444 704.390947 6252.953781
445 704.374139 6252.803963
446 704.357459 6252.655090
447 704.340905 6252.507156
448 704.324477 6252.360152
449 704.308172 6252.214074
450 704.291991 6252.068913
451 704.275931 6251.924664
452 704.259992 6251.781319
453 704.244173 6251.638873
454 704.228473 6251.497318
455 704.212891 6251.356649
456 704.197425 6251.216859
457 704.182075 6251.077942
458 704.166840 6250.939891
459 704.151719 6250.802700
460 704.136710 6250.666364
461 704.121813 6250.530876
462 704.107028 6250.396230
463 704.092352 6250.262420
464 704.077785 6250.129440
465 704.063326 6249.997284
466 704.048975 6249.865947
467 704.034729 6249.735422
468 704.020589 6249.605704
469 704.006553 6249.476787
470 703.992621 6249.348665
471 703.978792 6249.221333
472 703.965064 6249.094786
473 703.951438 6248.969017
474 703.937911 6248.844021
475 703.924484 6248.719793
476 703.911155 6248.596327
477 703.897924 6248.473618
478 703.884789 6248.351660
479 703.871751 6248.230449
480 703.858808 6248.109979
481 703.845958 6247.990245
482 703.833203 6247.871242
483 703.820540 6247.752965
484 703.807970 6247.635408
485 703.795490 6247.518566
486 703.783101 6247.402435
487 703.770802 6247.287010
488 703.758592 6247.172285
489 703.746470 6247.058256
490 703.734435 6246.944918
491 703.722488 6246.832267
492 703.710626 6246.720296
493 703.698850 6246.609003
494 703.687158 6246.498381
495 703.675550 6246.388427
496 703.664026 6246.279135
497 703.652584 6246.170502
498 703.641224 6246.062522
499 703.629945 6245.955192
500 703.618747 6245.848506
