0 847.216918 6865.330000
1 845.212160 6858.897849
2 843.240929 6852.544734
3 841.302532 6846.269447
4 839.396299 6840.070805
5 837.521573 6833.947645
6 835.677714 6827.898825
7 833.864098 6821.923228
8 832.080118 6816.019753
9 830.325180 6810.187321
10 828.598704 6804.424873
11 826.900128 6798.731370
12 825.228898 6793.105790
13 823.584477 6787.547130
14 821.966341 6782.054406
15 820.373977 6776.626652
16 818.806885 6771.262916
17 817.264576 6765.962267
18 815.746573 6760.723789
19 814.252410 6755.546582
20 812.781634 6750.429762
21 811.333798 6745.372459
22 809.908469 6740.373823
23 808.505223 6735.433013
24 807.123645 6730.549206
25 805.763330 6725.721594
26 804.423882 6720.949380
27 803.104914 6716.231783
28 801.806049 6711.568035
29 800.526915 6706.957380
30 799.267152 6702.399078
31 798.026406 6697.892397
32 796.804331 6693.436621
33 795.600588 6689.031045
34 794.414847 6684.674976
35 793.246784 6680.367733
36 792.096083 6676.108645
37 790.962433 6671.897053
38 789.845532 6667.732309
39 788.745082 6663.613777
40 787.660793 6659.540829
41 786.592382 6655.512850
42 785.539569 6651.529233
43 784.502082 6647.589381
44 783.479655 6643.692709
45 782.472027 6639.838639
46 781.478940 6636.026604
47 780.500147 6632.256045
48 779.535400 6628.526412
49 778.584459 6624.837165
50 777.647090 6621.187773
51 776.723061 6617.577710
52 775.812147 6614.006463
53 774.914126 6610.473524
54 774.028782 6606.978394
55 773.155902 6603.520583
56 772.295276 6600.099606
57 771.446703 6596.714987
58 770.609980 6593.366260
59 769.784912 6590.052961
60 768.971307 6586.774638
61 768.168976 6583.530843
62 767.377733 6580.321137
63 766.597399 6577.145085
64 765.827794 6574.002262
65 765.068745 6570.892247
66 764.320080 6567.814627
67 763.581631 6564.768995
68 762.853235 6561.754948
69 762.134730 6558.772092
70 761.425956 6555.820037
71 760.726760 6552.898401
72 760.036988 6550.006805
73 759.356490 6547.144878
74 758.685121 6544.312253
75 758.022735 6541.508569
76 757.369192 6538.733470
77 756.724352 6535.986606
78 756.088080 6533.267633
79 755.460242 6530.576208
80 754.840706 6527.911998
81 754.229343 6525.274672
82 753.626027 6522.663904
83 753.030634 6520.079374
84 752.443042 6517.520765
85 751.863130 6514.987767
86 751.290782 6512.480071
87 750.725881 6509.997375
88 750.168314 6507.539381
89 749.617970 6505.105794
90 749.074739 6502.696326
91 748.538514 6500.310689
92 748.009189 6497.948602
93 747.486660 6495.609788
94 746.970825 6493.293972
95 746.461584 6491.000885
96 745.958839 6488.730259
97 745.462492 6486.481834
98 744.972449 6484.255349
99 744.488616 6482.050550
100 744.010902 6479.867185
101 743.539216 6477.705005
102 743.073470 6475.563766
103 742.613576 6473.443226
104 742.159448 6471.343148
105 741.711003 6469.263295
106 741.268158 6467.203437
107 740.830830 6465.163346
108 740.398941 6463.142794
109 739.972411 6461.141561
110 739.551164 6459.159427
111 739.135122 6457.196175
112 738.724211 6455.251593
113 738.318358 6453.325468
114 737.917490 6451.417594
115 737.521536 6449.527765
116 737.130426 6447.655779
117 736.744091 6445.801436
118 736.362464 6443.964540
119 735.985478 6442.144896
120 735.613067 6440.342312
121 735.245167 6438.556599
122 734.881714 6436.787570
123 734.522646 6435.035041
124 734.167903 6433.298829
125 733.817422 6431.578755
126 733.471146 6429.874642
127 733.129015 6428.186315
128 732.790972 6426.513600
129 732.456961 6424.856329
130 732.126925 6423.214331
131 731.800810 6421.587442
132 731.478562 6419.975497
133 731.160127 6418.378334
134 730.845455 6416.795794
135 730.534492 6415.227718
136 730.227189 6413.673951
137 729.923496 6412.134339
138 729.623363 6410.608730
139 729.326742 6409.096974
140 729.033586 6407.598923
141 728.743848 6406.114431
142 728.457482 6404.643353
143 728.174443 6403.185547
144 727.894685 6401.740872
145 727.618165 6400.309189
146 727.344840 6398.890361
147 727.074667 6397.484251
148 726.807603 6396.090727
149 726.543608 6394.709655
150 726.282641 6393.340906
151 726.024662 6391.984350
152 725.769630 6390.639859
153 725.517508 6389.307307
154 725.268258 6387.986571
155 725.021840 6386.677527
156 724.778218 6385.380055
157 724.537356 6384.094033
158 724.299218 6382.819344
159 724.063767 6381.555870
160 723.830969 6380.303497
161 723.600790 6379.062109
162 723.373194 6377.831595
163 723.148150 6376.611841
164 722.925624 6375.402739
165 722.705584 6374.204180
166 722.487997 6373.016055
167 722.272831 6371.838259
168 722.060057 6370.670687
169 721.849643 6369.513235
170 721.641559 6368.365799
171 721.435776 6367.228280
172 721.232263 6366.100577
173 721.030993 6364.982591
174 720.831936 6363.874224
175 720.635065 6362.775379
176 720.440352 6361.685961
177 720.247770 6360.605876
178 720.057292 6359.535030
179 719.868891 6358.473331
180 719.682542 6357.420688
181 719.498218 6356.377010
182 719.315895 6355.342209
183 719.135547 6354.316197
184 718.957149 6353.298887
185 718.780678 6352.290192
186 718.606110 6351.290027
187 718.433420 6350.298310
188 718.262586 6349.314955
189 718.093584 6348.339882
190 717.926392 6347.373009
191 717.760989 6346.414255
192 717.597350 6345.463542
193 717.435456 6344.520791
194 717.275285 6343.585924
195 717.116815 6342.658865
196 716.960026 6341.739537
197 716.804897 6340.827866
198 716.651408 6339.923777
199 716.499539 6339.027198
200 716.349271 6338.138055
201 716.200583 6337.256277
202 716.053458 6336.381794
203 715.907876 6335.514534
204 715.763818 6334.654429
205 715.621266 6333.801409
206 715.480202 6332.955408
207 715.340608 6332.116358
208 715.202467 6331.284193
209 715.065761 6330.458847
210 714.930473 6329.640256
211 714.796586 6328.828354
212 714.664084 6328.023080
213 714.532950 6327.224369
214 714.403167 6326.432160
215 714.274720 6325.646392
216 714.147593 6324.867003
217 714.021770 6324.093934
218 713.897237 6323.327126
219 713.773977 6322.566519
220 713.651976 6321.812055
221 713.531219 6321.063677
222 713.411691 6320.321327
223 713.293379 6319.584951
224 713.176268 6318.854491
225 713.060343 6318.129894
226 712.945592 6317.411103
227 712.832000 6316.698066
228 712.719554 6315.990729
229 712.608241 6315.289040
230 712.498047 6314.592946
231 712.388961 6313.902395
232 712.280968 6313.217336
233 712.174056 6312.537720
234 712.068214 6311.863495
235 711.963428 6311.194613
236 711.859686 6310.531023
237 711.756977 6309.872679
238 711.655289 6309.219532
239 711.554610 6308.571534
240 711.454929 6307.928638
241 711.356234 6307.290799
242 711.258514 6306.657970
243 711.161758 6306.030105
244 711.065955 6305.407160
245 710.971094 6304.789089
246 710.877165 6304.175850
247 710.784157 6303.567398
248 710.692060 6302.963690
249 710.600864 6302.364683
250 710.510558 6301.770335
251 710.421132 6301.180605
252 710.332577 6300.595450
253 710.244883 6300.014830
254 710.158041 6299.438704
255 710.072040 6298.867032
256 709.986871 6298.299774
257 709.902526 6297.736891
258 709.818995 6297.178344
259 709.736269 6296.624095
260 709.654338 6296.074104
261 709.573196 6295.528335
262 709.492832 6294.986750
263 709.413238 6294.449312
264 709.334405 6293.915985
265 709.256326 6293.386731
266 709.178992 6292.861516
267 709.102395 6292.340304
268 709.026526 6291.823059
269 708.951379 6291.309746
270 708.876944 6290.800332
271 708.803214 6290.294782
272 708.730182 6289.793062
273 708.657840 6289.295138
274 708.586181 6288.800979
275 708.515197 6288.310550
276 708.444880 6287.823820
277 708.375224 6287.340755
278 708.306221 6286.861326
279 708.237865 6286.385499
280 708.170149 6285.913244
281 708.103065 6285.444530
282 708.036607 6284.979326
283 707.970768 6284.517601
284 707.905541 6284.059327
285 707.840921 6283.604473
286 707.776900 6283.153010
287 707.713472 6282.704909
288 707.650631 6282.260141
289 707.588371 6281.818677
290 707.526685 6281.380489
291 707.465568 6280.945549
292 707.405013 6280.513829
293 707.345014 6280.085303
294 707.285566 6279.659942
295 707.226663 6279.237720
296 707.168299 6278.818610
297 707.110468 6278.402586
298 707.053165 6277.989622
299 706.996384 6277.579691
300 706.940120 6277.172768
301 706.884368 6276.768828
302 706.829121 6276.367846
303 706.774376 6275.969796
304 706.720126 6275.574654
305 706.666366 6275.182395
306 706.613092 6274.792996
307 706.560299 6274.406432
308 706.507980 6274.022680
309 706.456132 6273.641716
310 706.404750 6273.263516
311 706.353829 6272.888058
312 706.303363 6272.515319
313 706.253349 6272.145276
314 706.203782 6271.777907
315 706.154657 6271.413189
316 706.105970 6271.051101
317 706.057716 6270.691621
318 706.009890 6270.334726
319 705.962489 6269.980397
320 705.915508 6269.628611
321 705.868943 6269.279347
322 705.822790 6268.932586
323 705.777044 6268.588305
324 705.731701 6268.246486
325 705.686757 6267.907107
326 705.642209 6267.570148
327 705.598052 6267.235590
328 705.554282 6266.903414
329 705.510895 6266.573598
330 705.467888 6266.246125
331 705.425257 6265.920976
332 705.382997 6265.598130
333 705.341106 6265.277570
334 705.299580 6264.959277
335 705.258414 6264.643232
336 705.217605 6264.329418
337 705.177151 6264.017816
338 705.137046 6263.708408
339 705.097289 6263.401176
340 705.057874 6263.096104
341 705.018800 6262.793173
342 704.980062 6262.492366
343 704.941657 6262.193666
344 704.903582 6261.897056
345 704.865834 6261.602520
346 704.828410 6261.310041
347 704.791305 6261.019601
348 704.754518 6260.731186
349 704.718045 6260.444778
350 704.681883 6260.160362
351 704.646029 6259.877922
352 704.610479 6259.597442
353 704.575232 6259.318906
354 704.540284 6259.042299
355 704.505631 6258.767606
356 704.471272 6258.494811
357 704.437204 6258.223899
358 704.403422 6257.954856
359 704.369926 6257.687667
360 704.336712 6257.422316
361 704.303777 6257.158790
362 704.271118 6256.897074
363 704.238734 6256.637153
364 704.206621 6256.379015
365 704.174776 6256.122643
366 704.143198 6255.868026
367 704.111883 6255.615149
368 704.080829 6255.363997
369 704.050034 6255.114559
370 704.019495 6254.866820
371 703.989209 6254.620767
372 703.959175 6254.376387
373 703.929389 6254.133667
374 703.899850 6253.892594
375 703.870555 6253.653155
376 703.841502 6253.415338
377 703.812689 6253.179129
378 703.784112 6252.944517
379 703.755771 6252.711488
380 703.727663 6252.480032
381 703.699785 6252.250134
382 703.672135 6252.021785
383 703.644712 6251.794971
384 703.617513 6251.569680
385 703.590536 6251.345902
386 703.563779 6251.123623
387 703.537240 6250.902834
388 703.510917 6250.683522
389 703.484808 6250.465676
390 703.458910 6250.249285
391 703.433223 6250.034337
392 703.407743 6249.820822
393 703.382470 6249.608728
394 703.357401 6249.398046
395 703.332533 6249.188763
396 703.307867 6248.980870
397 703.283398 6248.774355
398 703.259127 6248.569209
399 703.235050 6248.365420
400 703.211166 6248.162979
401 703.187474 6247.961876
402 703.163971 6247.762100
403 703.140656 6247.563641
404 703.117527 6247.366489
405 703.094582 6247.170634
406 703.071820 6246.976067
407 703.049239 6246.782778
408 703.026838 6246.590757
409 703.004614 6246.399995
410 702.982566 6246.210482
411 702.960693 6246.022209
412 702.938992 6245.835167
413 702.917463 6245.649346
414 702.896104 6245.464737
415 702.874913 6245.281331
416 702.853889 6245.099119
417 702.833030 6244.918093
418 702.812335 6244.738243
419 702.791802 6244.559560
420 702.771430 6244.382037
421 702.751217 6244.205663
422 702.731162 6244.030432
423 702.711264 6243.856334
424 702.691521 6243.683360
425 702.671932 6243.511504
426 702.652494 6243.340755
427 702.633208 6243.171107
428 702.614072 6243.002551
429 702.595084 6242.835078
430 702.576243 6242.668682
431 702.557548 6242.503353
432 702.538997 6242.339085
433 702.520589 6242.175869
434 702.502323 6242.013698
435 702.484197 6241.852563
436 702.466211 6241.692458
437 702.448363 6241.533375
438 702.430652 6241.375307
439 702.413077 6241.218245
440 702.395637 6241.062182
441 702.378329 6240.907112
442 702.361154 6240.753027
443 702.344110 6240.599920
444 702.327195 6240.447784
445 702.310410 6240.296612
446 702.293752 6240.146396
447 702.277220 6239.997130
448 702.260814 6239.848807
449 702.244532 6239.701420
450 702.228373 6239.554962
451 702.212337 6239.409427
452 702.196421 6239.264808
453 702.180626 6239.121098
454 702.164950 6238.978291
455 702.149391 6238.836380
456 702.133950 6238.695359
457 702.118624 6238.555221
458 702.103414 6238.415960
459 702.088317 6238.277571
460 702.073333 6238.140045
461 702.058462 6238.003379
462 702.043701 6237.867564
463 702.029051 6237.732595
464 702.014509 6237.598467
465 702.000076 6237.465173
466 701.985750 6237.332706
467 701.971531 6237.201062
468 701.957417 6237.070235
469 701.943407 6236.940218
470 701.929502 6236.811006
471 701.915699 6236.682593
472 701.901998 6236.554973
473 701.888398 6236.428141
474 701.874898 6236.302092
475 701.861497 6236.176819
476 701.848195 6236.052318
477 701.834991 6235.928582
478 701.821884 6235.805607
479 701.808873 6235.683387
480 701.795957 6235.561916
481 701.783135 6235.441190
482 701.770407 6235.321203
483 701.757772 6235.201951
484 701.745229 6235.083427
485 701.732777 6234.965627
486 701.720416 6234.848546
487 701.708145 6234.732178
488 701.695963 6234.616519
489 701.683869 6234.501564
490 701.671862 6234.387308
491 701.659943 6234.273745
492 701.648109 6234.160872
493 701.636361 6234.048684
494 701.624698 6233.937174
495 701.613118 6233.826340
496 701.601622 6233.716176
497 701.590209 6233.606677
498 701.578877 6233.497840
499 701.567627 6233.389659
500 701.556458 6233.282129
