0 847.216918 6865.330000
1 845.330149 6859.171787
2 843.474229 6853.088801
3 841.648535 6847.079899
4 839.852462 6841.143960
5 838.085421 6835.279884
6 836.346833 6829.486593
7 834.636137 6823.763025
8 832.952784 6818.108140
9 831.296238 6812.520916
10 829.665977 6807.000351
11 828.061490 6801.545459
12 826.482279 6796.155273
13 824.927857 6790.828844
14 823.397749 6785.565238
15 821.891492 6780.363540
16 820.408631 6775.222850
17 818.948725 6770.142284
18 817.511340 6765.120974
19 816.096054 6760.158066
20 814.702454 6755.252723
21 813.330137 6750.404122
22 811.978707 6745.611454
23 810.647780 6740.873924
24 809.336977 6736.190750
25 808.045932 6731.561166
26 806.774282 6726.984416
27 805.521677 6722.459760
28 804.287770 6717.986469
29 803.072225 6713.563825
30 801.874712 6709.191126
31 800.694909 6704.867679
32 799.532499 6700.592803
33 798.387174 6696.365830
34 797.258631 6692.186100
35 796.146575 6688.052968
36 795.050716 6683.965797
37 793.970771 6679.923962
38 792.906462 6675.926848
39 791.857518 6671.973848
40 790.823672 6668.064369
41 789.804664 6664.197825
42 788.800239 6660.373640
43 787.810147 6656.591248
44 786.834144 6652.850091
45 785.871990 6649.149621
46 784.923450 6645.489300
47 783.988294 6641.868595
48 783.066297 6638.286985
49 782.157237 6634.743957
50 781.260899 6631.239004
51 780.377070 6627.771629
52 779.505542 6624.341342
53 778.646113 6620.947661
54 777.798581 6617.590111
55 776.962751 6614.268226
56 776.138431 6610.981547
57 775.325433 6607.729619
58 774.523572 6604.511999
59 773.732668 6601.328247
60 772.952542 6598.177931
61 772.183021 6595.060627
62 771.423934 6591.975915
63 770.675114 6588.923384
64 769.936395 6585.902628
65 769.207617 6582.913246
66 768.488622 6579.954845
67 767.779255 6577.027038
68 767.079362 6574.129442
69 766.388796 6571.261681
70 765.707408 6568.423385
71 765.035056 6565.614189
72 764.371597 6562.833733
73 763.716894 6560.081664
74 763.070810 6557.357631
75 762.433212 6554.661292
76 761.803967 6551.992308
77 761.182949 6549.350344
78 760.570029 6546.735073
79 759.965084 6544.146169
80 759.367992 6541.583314
81 758.778633 6539.046194
82 758.196889 6536.534497
83 757.622645 6534.047918
84 757.055788 6531.586156
85 756.496206 6529.148915
86 755.943789 6526.735901
87 755.398430 6524.346825
88 754.860024 6521.981405
89 754.328466 6519.639358
90 753.803654 6517.320410
91 753.285488 6515.024287
92 752.773870 6512.750721
93 752.268703 6510.499446
94 751.769892 6508.270203
95 751.277343 6506.062733
96 750.790964 6503.876783
97 750.310665 6501.712101
98 749.836358 6499.568442
99 749.367954 6497.445562
100 748.905369 6495.343221
101 748.448517 6493.261181
102 747.997317 6491.199210
103 747.551685 6489.157077
104 747.111543 6487.134555
105 746.676811 6485.131419
106 746.247412 6483.147450
107 745.823270 6481.182427
108 745.404309 6479.236137
109 744.990456 6477.308368
110 744.581639 6475.398909
111 744.177786 6473.507555
112 743.778826 6471.634101
113 743.384692 6469.778346
114 742.995315 6467.940093
115 742.610628 6466.119145
116 742.230565 6464.315309
117 741.855063 6462.528394
118 741.484057 6460.758213
119 741.117485 6459.004580
120 740.755285 6457.267311
121 740.397397 6455.546226
122 740.043761 6453.841147
123 739.694319 6452.151896
124 739.349012 6450.478302
125 739.007785 6448.820191
126 738.670580 6447.177395
127 738.337343 6445.549746
128 738.008021 6443.937079
129 737.682559 6442.339232
130 737.360905 6440.756044
131 737.043008 6439.187356
132 736.728816 6437.633011
133 736.418280 6436.092855
134 736.111350 6434.566734
135 735.807978 6433.054499
136 735.508116 6431.555999
137 735.211718 6430.071089
138 734.918735 6428.599623
139 734.629124 6427.141457
140 734.342840 6425.696450
141 734.059837 6424.264462
142 733.780073 6422.845355
143 733.503504 6421.438993
144 733.230089 6420.045241
145 732.959786 6418.663967
146 732.692554 6417.295038
147 732.428352 6415.938326
148 732.167141 6414.593701
149 731.908882 6413.261038
150 731.653536 6411.940212
151 731.401065 6410.631099
152 731.151432 6409.333577
153 730.904600 6408.047526
154 730.660532 6406.772826
155 730.419193 6405.509361
156 730.180548 6404.257014
157 729.944562 6403.015670
158 729.711201 6401.785216
159 729.480431 6400.565541
160 729.252218 6399.356532
161 729.026531 6398.158082
162 728.803336 6396.970082
163 728.582603 6395.792425
164 728.364300 6394.625007
165 728.148395 6393.467722
166 727.934859 6392.320468
167 727.723661 6391.183143
168 727.514773 6390.055647
169 727.308164 6388.937881
170 727.103807 6387.829745
171 726.901673 6386.731144
172 726.701733 6385.641980
173 726.503962 6384.562161
174 726.308330 6383.491591
175 726.114813 6382.430179
176 725.923383 6381.377832
177 725.734015 6380.334461
178 725.546683 6379.299976
179 725.361361 6378.274288
180 725.178026 6377.257311
181 724.996651 6376.248958
182 724.817214 6375.249144
183 724.639691 6374.257785
184 724.464057 6373.274796
185 724.290290 6372.300096
186 724.118367 6371.333604
187 723.948265 6370.375238
188 723.779963 6369.424919
189 723.613437 6368.482569
190 723.448667 6367.548109
191 723.285632 6366.621462
192 723.124310 6365.702553
193 722.964681 6364.791307
194 722.806723 6363.887648
195 722.650418 6362.991504
196 722.495745 6362.102801
197 722.342684 6361.221468
198 722.191217 6360.347434
199 722.041324 6359.480628
200 721.892986 6358.620981
201 721.746185 6357.768424
202 721.600902 6356.922890
203 721.457119 6356.084310
204 721.314819 6355.252618
205 721.173984 6354.427749
206 721.034597 6353.609638
207 720.896640 6352.798220
208 720.760097 6351.993432
209 720.624951 6351.195211
210 720.491185 6350.403494
211 720.358784 6349.618221
212 720.227731 6348.839329
213 720.098010 6348.066760
214 719.969607 6347.300453
215 719.842505 6346.540349
216 719.716689 6345.786391
217 719.592145 6345.038520
218 719.468858 6344.296680
219 719.346813 6343.560815
220 719.225996 6342.830867
221 719.106392 6342.106783
222 718.987988 6341.388508
223 718.870769 6340.675987
224 718.754723 6339.969168
225 718.639835 6339.267997
226 718.526093 6338.572422
227 718.413482 6337.882391
228 718.301991 6337.197854
229 718.191607 6336.518759
230 718.082316 6335.845056
231 717.974107 6335.176696
232 717.866967 6334.513630
233 717.760884 6333.855809
234 717.655846 6333.203185
235 717.551841 6332.555711
236 717.448858 6331.913340
237 717.346885 6331.276024
238 717.245910 6330.643719
239 717.145923 6330.016378
240 717.046912 6329.393957
241 716.948866 6328.776410
242 716.851775 6328.163694
243 716.755628 6327.555765
244 716.660414 6326.952579
245 716.566124 6326.354095
246 716.472745 6325.760269
247 716.380270 6325.171060
248 716.288687 6324.586426
249 716.197986 6324.006326
250 716.108159 6323.430719
251 716.019194 6322.859566
252 715.931084 6322.292826
253 715.843817 6321.730460
254 715.757386 6321.172429
255 715.671780 6320.618695
256 715.586991 6320.069219
257 715.503010 6319.523964
258 715.419829 6318.982891
259 715.337437 6318.445965
260 715.255827 6317.913147
261 715.174990 6317.384403
262 715.094918 6316.859696
263 715.015602 6316.338990
264 714.937034 6315.822251
265 714.859207 6315.309443
266 714.782112 6314.800532
267 714.705741 6314.295484
268 714.630086 6313.794264
269 714.555140 6313.296840
270 714.480896 6312.803179
271 714.407344 6312.313246
272 714.334479 6311.827011
273 714.262293 6311.344441
274 714.190778 6310.865503
275 714.119927 6310.390167
276 714.049734 6309.918402
277 713.980191 6309.450175
278 713.911292 6308.985457
279 713.843029 6308.524218
280 713.775395 6308.066427
281 713.708385 6307.612054
282 713.641992 6307.161071
283 713.576208 6306.713448
284 713.511028 6306.269156
285 713.446445 6305.828167
286 713.382454 6305.390453
287 713.319047 6304.955984
288 713.256218 6304.524735
289 713.193962 6304.096677
290 713.132273 6303.671782
291 713.071145 6303.250025
292 713.010571 6302.831379
293 712.950546 6302.415816
294 712.891065 6302.003311
295 712.832121 6301.593838
296 712.773709 6301.187372
297 712.715824 6300.783886
298 712.658461 6300.383356
299 712.601613 6299.985757
300 712.545275 6299.591064
301 712.489443 6299.199253
302 712.434110 6298.810299
303 712.379273 6298.424179
304 712.324925 6298.040868
305 712.271062 6297.660344
306 712.217679 6297.282582
307 712.164770 6296.907560
308 712.112332 6296.535256
309 712.060359 6296.165645
310 712.008847 6295.798707
311 711.957790 6295.434418
312 711.907185 6295.072757
313 711.857026 6294.713702
314 711.807310 6294.357231
315 711.758031 6294.003323
316 711.709185 6293.651957
317 711.660768 6293.303111
318 711.612776 6292.956766
319 711.565204 6292.612899
320 711.518048 6292.271492
321 711.471304 6291.932523
322 711.424968 6291.595974
323 711.379035 6291.261822
324 711.333502 6290.930051
325 711.288365 6290.600638
326 711.243619 6290.273567
327 711.199262 6289.948816
328 711.155288 6289.626368
329 711.111694 6289.306204
330 711.068477 6288.988305
331 711.025632 6288.672652
332 710.983157 6288.359228
333 710.941046 6288.048014
334 710.899298 6287.738993
335 710.857907 6287.432146
336 710.816871 6287.127456
337 710.776186 6286.824906
338 710.735849 6286.524479
339 710.695857 6286.226156
340 710.656205 6285.929922
341 710.616891 6285.635760
342 710.577911 6285.343653
343 710.539262 6285.053584
344 710.500941 6284.765537
345 710.462944 6284.479496
346 710.425269 6284.195445
347 710.387912 6283.913368
348 710.350871 6283.633249
349 710.314142 6283.355072
350 710.277721 6283.078823
351 710.241608 6282.804486
352 710.205797 6282.532046
353 710.170287 6282.261486
354 710.135074 6281.992794
355 710.100156 6281.725954
356 710.065529 6281.460950
357 710.031191 6281.197770
358 709.997140 6280.936398
359 709.963372 6280.676819
360 709.929885 6280.419021
361 709.896676 6280.162989
362 709.863742 6279.908708
363 709.831081 6279.656166
364 709.798691 6279.405349
365 709.766568 6279.156243
366 709.734710 6278.908834
367 709.703115 6278.663110
368 709.671779 6278.419057
369 709.640702 6278.176662
370 709.609880 6277.935913
371 709.579310 6277.696796
372 709.548991 6277.459299
373 709.518920 6277.223409
374 709.489095 6276.989114
375 709.459514 6276.756401
376 709.430173 6276.525258
377 709.401072 6276.295674
378 709.372207 6276.067635
379 709.343576 6275.841130
380 709.315178 6275.616147
381 709.287010 6275.392675
382 709.259071 6275.170701
383 709.231357 6274.950214
384 709.203866 6274.731204
385 709.176598 6274.513657
386 709.149549 6274.297564
387 709.122718 6274.082913
388 709.096102 6273.869694
389 709.069700 6273.657894
390 709.043510 6273.447503
391 709.017529 6273.238511
392 708.991757 6273.030907
393 708.966190 6272.824680
394 708.940827 6272.619820
395 708.915666 6272.416316
396 708.890706 6272.214159
397 708.865944 6272.013337
398 708.841379 6271.813841
399 708.817008 6271.615661
400 708.792831 6271.418786
401 708.768845 6271.223208
402 708.745049 6271.028916
403 708.721440 6270.835900
404 708.698018 6270.644150
405 708.674780 6270.453659
406 708.651725 6270.264415
407 708.628851 6270.076409
408 708.606157 6269.889633
409 708.583641 6269.704076
410 708.561301 6269.519731
411 708.539135 6269.336587
412 708.517143 6269.154636
413 708.495323 6268.973868
414 708.473672 6268.794276
415 708.452190 6268.615850
416 708.430876 6268.438582
417 708.409726 6268.262463
418 708.388741 6268.087484
419 708.367919 6267.913637
420 708.347257 6267.740914
421 708.326756 6267.569306
422 708.306413 6267.398805
423 708.286226 6267.229402
424 708.266196 6267.061091
425 708.246319 6266.893862
426 708.226595 6266.727708
427 708.207023 6266.562620
428 708.187601 6266.398592
429 708.168327 6266.235614
430 708.149202 6266.073680
431 708.130222 6265.912782
432 708.111387 6265.752912
433 708.092696 6265.594062
434 708.074147 6265.436226
435 708.055740 6265.279395
436 708.037472 6265.123563
437 708.019343 6264.968722
438 708.001352 6264.814865
439 707.983497 6264.661984
440 707.965777 6264.510073
441 707.948191 6264.359125
442 707.930737 6264.209132
443 707.913416 6264.060087
444 707.896224 6263.911985
445 707.879162 6263.764817
446 707.862229 6263.618578
447 707.845422 6263.473260
448 707.828742 6263.328857
449 707.812186 6263.185362
450 707.795755 6263.042769
451 707.779446 6262.901070
452 707.763259 6262.760261
453 707.747193 6262.620334
454 707.731246 6262.481283
455 707.715418 6262.343101
456 707.699708 6262.205784
457 707.684114 6262.069323
458 707.668636 6261.933713
459 707.653273 6261.798949
460 707.638023 6261.665024
461 707.622886 6261.531931
462 707.607861 6261.399666
463 707.592947 6261.268222
464 707.578142 6261.137593
465 707.563447 6261.007774
466 707.548859 6260.878759
467 707.534379 6260.750542
468 707.520005 6260.623117
469 707.505736 6260.496479
470 707.491572 6260.370623
471 707.477511 6260.245542
472 707.463553 6260.121231
473 707.449697 6259.997686
474 707.435941 6259.874899
475 707.422286 6259.752867
476 707.408731 6259.631584
477 707.395273 6259.511044
478 707.381913 6259.391242
479 707.368651 6259.272174
480 707.355484 6259.153833
481 707.342412 6259.036216
482 707.329435 6258.919316
483 707.316552 6258.803129
484 707.303761 6258.687649
485 707.291063 6258.572873
486 707.278455 6258.458794
487 707.265939 6258.345409
488 707.253512 6258.232712
489 707.241175 6258.120698
490 707.228925 6258.009363
491 707.216764 6257.898702
492 707.204689 6257.788710
493 707.192701 6257.679383
494 707.180798 6257.570716
495 707.168980 6257.462705
496 707.157246 6257.355345
497 707.145596 6257.248631
498 707.134028 6257.142559
499 707.122542 6257.037125
500 707.111138 6256.932323
