0 847.216918 6865.330000
1 845.199322 6858.779630
2 843.215059 6852.310393
3 841.263450 6845.921038
4 839.343834 6839.610342
5 837.455567 6833.377102
6 835.598020 6827.220137
7 833.770579 6821.138291
8 831.972646 6815.130427
9 830.203638 6809.195428
10 828.462983 6803.332201
11 826.750127 6797.539671
12 825.064527 6791.816782
13 823.405652 6786.162499
14 821.772985 6780.575804
15 820.166021 6775.055698
16 818.584267 6769.601202
17 817.027241 6764.211351
18 815.494473 6758.885200
19 813.985503 6753.621821
20 812.499882 6748.420300
21 811.037171 6743.279741
22 809.596941 6738.199264
23 808.178774 6733.178005
24 806.782259 6728.215112
25 805.406997 6723.309753
26 804.052596 6718.461105
27 802.718673 6713.668363
28 801.404854 6708.930736
29 800.110774 6704.247443
30 798.836074 6699.617722
31 797.580404 6695.040819
32 796.343423 6690.515995
33 795.124795 6686.042525
34 793.924192 6681.619693
35 792.741294 6677.246798
36 791.575787 6672.923149
37 790.427363 6668.648069
38 789.295723 6664.420889
39 788.180572 6660.240953
40 787.081621 6656.107617
41 785.998590 6652.020245
42 784.931202 6647.978214
43 783.879186 6643.980911
44 782.842277 6640.027730
45 781.820218 6636.118079
46 780.812752 6632.251374
47 779.819633 6628.427040
48 778.840615 6624.644511
49 777.875461 6620.903233
50 776.923935 6617.202656
51 775.985810 6613.542244
52 775.060860 6609.921467
53 774.148866 6606.339802
54 773.249611 6602.796738
55 772.362884 6599.291769
56 771.488477 6595.824399
57 770.626188 6592.394138
58 769.775817 6589.000506
59 768.937169 6585.643027
60 768.110052 6582.321237
61 767.294279 6579.034676
62 766.489665 6575.782892
63 765.696029 6572.565440
64 764.913194 6569.381882
65 764.140987 6566.231786
66 763.379237 6563.114728
67 762.627777 6560.030290
68 761.886442 6556.978059
69 761.155071 6553.957630
70 760.433507 6550.968604
71 759.721595 6548.010586
72 759.019181 6545.083191
73 758.326118 6542.186035
74 757.642257 6539.318743
75 756.967456 6536.480945
76 756.301574 6533.672276
77 755.644470 6530.892376
78 754.996010 6528.140891
79 754.356060 6525.417473
80 753.724489 6522.721778
81 753.101167 6520.053466
82 752.485969 6517.412206
83 751.878769 6514.797666
84 751.279446 6512.209524
85 750.687881 6509.647461
86 750.103955 6507.111160
87 749.527552 6504.600313
88 748.958560 6502.114614
89 748.396867 6499.653761
90 747.842362 6497.217457
91 747.294939 6494.805409
92 746.754492 6492.417329
93 746.220916 6490.052933
94 745.694109 6487.711940
95 745.173972 6485.394073
96 744.660405 6483.099060
97 744.153311 6480.826632
98 743.652596 6478.576524
99 743.158165 6476.348475
100 742.669926 6474.142227
101 742.187790 6471.957526
102 741.711667 6469.794121
103 741.241469 6467.651766
104 740.777110 6465.530216
105 740.318507 6463.429232
106 739.865576 6461.348576
107 739.418235 6459.288015
108 738.976404 6457.247318
109 738.540003 6455.226257
110 738.108956 6453.224609
111 737.683186 6451.242151
112 737.262617 6449.278665
113 736.847176 6447.333937
114 736.436790 6445.407754
115 736.031388 6443.499905
116 735.630899 6441.610185
117 735.235253 6439.738389
118 734.844384 6437.884316
119 734.458223 6436.047766
120 734.076706 6434.228545
121 733.699767 6432.426458
122 733.327342 6430.641316
123 732.959369 6428.872928
124 732.595786 6427.121110
125 732.236532 6425.385678
126 731.881547 6423.666450
127 731.530774 6421.963249
128 731.184152 6420.275897
129 730.841627 6418.604222
130 730.503141 6416.948049
131 730.168640 6415.307211
132 729.838068 6413.681540
133 729.511373 6412.070870
134 729.188503 6410.475039
135 728.869404 6408.893884
136 728.554026 6407.327248
137 728.242319 6405.774972
138 727.934234 6404.236903
139 727.629721 6402.712887
140 727.328733 6401.202773
141 727.031223 6399.706411
142 726.737143 6398.223655
143 726.446449 6396.754359
144 726.159095 6395.298379
145 725.875038 6393.855574
146 725.594232 6392.425803
147 725.316636 6391.008928
148 725.042206 6389.604813
149 724.770901 6388.213322
150 724.502680 6386.834322
151 724.237503 6385.467682
152 723.975329 6384.113272
153 723.716120 6382.770963
154 723.459836 6381.440628
155 723.206439 6380.122143
156 722.955892 6378.815383
157 722.708158 6377.520227
158 722.463201 6376.236553
159 722.220984 6374.964243
160 721.981472 6373.703178
161 721.744631 6372.453243
162 721.510425 6371.214321
163 721.278821 6369.986301
164 721.049787 6368.769068
165 720.823288 6367.562513
166 720.599292 6366.366527
167 720.377768 6365.180999
168 720.158685 6364.005825
169 719.942010 6362.840898
170 719.727714 6361.686113
171 719.515767 6360.541368
172 719.306138 6359.406560
173 719.098799 6358.281590
174 718.893721 6357.166356
175 718.690875 6356.060761
176 718.490234 6354.964708
177 718.291769 6353.878100
178 718.095455 6352.800843
179 717.901262 6351.732842
180 717.709167 6350.674005
181 717.519141 6349.624241
182 717.331160 6348.583457
183 717.145199 6347.551566
184 716.961231 6346.528478
185 716.779234 6345.514107
186 716.599181 6344.508364
187 716.421050 6343.511165
188 716.244817 6342.522426
189 716.070459 6341.542062
190 715.897952 6340.569992
191 715.727275 6339.606133
192 715.558403 6338.650405
193 715.391317 6337.702728
194 715.225994 6336.763022
195 715.062412 6335.831211
196 714.900551 6334.907217
197 714.740389 6333.990963
198 714.581906 6333.082375
199 714.425083 6332.181377
200 714.269898 6331.287896
201 714.116332 6330.401859
202 713.964367 6329.523195
203 713.813981 6328.651831
204 713.665158 6327.787697
205 713.517878 6326.930724
206 713.372122 6326.080843
207 713.227873 6325.237985
208 713.085112 6324.402083
209 712.943823 6323.573071
210 712.803987 6322.750882
211 712.665587 6321.935452
212 712.528607 6321.126716
213 712.393029 6320.324610
214 712.258837 6319.529071
215 712.126016 6318.740038
216 711.994548 6317.957447
217 711.864418 6317.181238
218 711.735611 6316.411351
219 711.608110 6315.647726
220 711.481901 6314.890305
221 711.356968 6314.139028
222 711.233297 6313.393838
223 711.110874 6312.654677
224 710.989683 6311.921490
225 710.869710 6311.194221
226 710.750942 6310.472813
227 710.633364 6309.757213
228 710.516963 6309.047365
229 710.401725 6308.343218
230 710.287637 6307.644717
231 710.174686 6306.951810
232 710.062858 6306.264446
233 709.952141 6305.582573
234 709.842523 6304.906140
235 709.733990 6304.235097
236 709.626530 6303.569395
237 709.520131 6302.908984
238 709.414782 6302.253816
239 709.310470 6301.603842
240 709.207183 6300.959015
241 709.104910 6300.319287
242 709.003640 6299.684613
243 708.903360 6299.054946
244 708.804061 6298.430241
245 708.705731 6297.810451
246 708.608359 6297.195533
247 708.511935 6296.585442
248 708.416447 6295.980135
249 708.321886 6295.379567
250 708.228241 6294.783697
251 708.135503 6294.192482
252 708.043659 6293.605880
253 707.952702 6293.023848
254 707.862621 6292.446347
255 707.773407 6291.873336
256 707.685049 6291.304773
257 707.597539 6290.740620
258 707.510867 6290.180836
259 707.425024 6289.625384
260 707.340000 6289.074223
261 707.255788 6288.527316
262 707.172377 6287.984625
263 707.089759 6287.446112
264 707.007926 6286.911741
265 706.926869 6286.381474
266 706.846580 6285.855276
267 706.767050 6285.333109
268 706.688270 6284.814940
269 706.610234 6284.300731
270 706.532932 6283.790449
271 706.456357 6283.284059
272 706.380501 6282.781526
273 706.305357 6282.282817
274 706.230916 6281.787898
275 706.157171 6281.296737
276 706.084114 6280.809299
277 706.011739 6280.325553
278 705.940038 6279.845466
279 705.869003 6279.369007
280 705.798628 6278.896143
281 705.728905 6278.426845
282 705.659828 6277.961080
283 705.591390 6277.498818
284 705.523584 6277.040028
285 705.456403 6276.584681
286 705.389841 6276.132748
287 705.323891 6275.684197
288 705.258547 6275.239001
289 705.193802 6274.797130
290 705.129650 6274.358556
291 705.066084 6273.923251
292 705.003100 6273.491185
293 704.940689 6273.062333
294 704.878848 6272.636665
295 704.817569 6272.214156
296 704.756846 6271.794778
297 704.696675 6271.378503
298 704.637048 6270.965307
299 704.577962 6270.555162
300 704.519409 6270.148043
301 704.461384 6269.743924
302 704.403882 6269.342780
303 704.346898 6268.944585
304 704.290426 6268.549314
305 704.234461 6268.156944
306 704.178997 6267.767448
307 704.124030 6267.380804
308 704.069555 6266.996986
309 704.015565 6266.615972
310 703.962057 6266.237738
311 703.909026 6265.862260
312 703.856466 6265.489515
313 703.804373 6265.119481
314 703.752742 6264.752134
315 703.701568 6264.387453
316 703.650847 6264.025415
317 703.600574 6263.665998
318 703.550744 6263.309181
319 703.501354 6262.954941
320 703.452398 6262.603257
321 703.403872 6262.254108
322 703.355772 6261.907474
323 703.308094 6261.563332
324 703.260833 6261.221663
325 703.213986 6260.882447
326 703.167547 6260.545662
327 703.121514 6260.211290
328 703.075881 6259.879310
329 703.030645 6259.549702
330 702.985802 6259.222447
331 702.941348 6258.897526
332 702.897279 6258.574919
333 702.853592 6258.254608
334 702.810282 6257.936574
335 702.767345 6257.620798
336 702.724779 6257.307262
337 702.682580 6256.995947
338 702.640743 6256.686836
339 702.599265 6256.379911
340 702.558143 6256.075154
341 702.517373 6255.772547
342 702.476952 6255.472073
343 702.436876 6255.173714
344 702.397143 6254.877454
345 702.357747 6254.583275
346 702.318687 6254.291162
347 702.279960 6254.001096
348 702.241560 6253.713062
349 702.203487 6253.427043
350 702.165735 6253.143024
351 702.128303 6252.860987
352 702.091188 6252.580918
353 702.054385 6252.302800
354 702.017892 6252.026618
355 701.981707 6251.752356
356 701.945825 6251.479999
357 701.910245 6251.209533
358 701.874963 6250.940941
359 701.839977 6250.674209
360 701.805283 6250.409321
361 701.770878 6250.146265
362 701.736761 6249.885024
363 701.702928 6249.625585
364 701.669377 6249.367933
365 701.636104 6249.112055
366 701.603108 6248.857935
367 701.570385 6248.605561
368 701.537933 6248.354919
369 701.505750 6248.105994
370 701.473832 6247.858774
371 701.442178 6247.613244
372 701.410784 6247.369393
373 701.379649 6247.127206
374 701.348770 6246.886670
375 701.318144 6246.647774
376 701.287770 6246.410503
377 701.257644 6246.174845
378 701.227765 6245.940788
379 701.198129 6245.708318
380 701.168736 6245.477425
381 701.139582 6245.248095
382 701.110666 6245.020316
383 701.081984 6244.794077
384 701.053536 6244.569365
385 701.025318 6244.346168
386 700.997329 6244.124476
387 700.969566 6243.904275
388 700.942028 6243.685556
389 700.914712 6243.468305
390 700.887616 6243.252513
391 700.860738 6243.038167
392 700.834077 6242.825256
393 700.807630 6242.613771
394 700.781395 6242.403699
395 700.755370 6242.195029
396 700.729554 6241.987752
397 700.703944 6241.781856
398 700.678538 6241.577331
399 700.653335 6241.374167
400 700.628333 6241.172352
401 700.603530 6240.971877
402 700.578924 6240.772732
403 700.554514 6240.574906
404 700.530297 6240.378390
405 700.506271 6240.183173
406 700.482436 6239.989245
407 700.458789 6239.796598
408 700.435329 6239.605221
409 700.412054 6239.415104
410 700.388962 6239.226238
411 700.366052 6239.038614
412 700.343321 6238.852222
413 700.320769 6238.667053
414 700.298394 6238.483097
415 700.276194 6238.300347
416 700.254167 6238.118792
417 700.232313 6237.938424
418 700.210629 6237.759233
419 700.189114 6237.581211
420 700.167766 6237.404350
421 700.146585 6237.228640
422 700.125567 6237.054073
423 700.104713 6236.880640
424 700.084021 6236.708333
425 700.063488 6236.537144
426 700.043114 6236.367064
427 700.022898 6236.198085
428 700.002837 6236.030199
429 699.982931 6235.863398
430 699.963178 6235.697673
431 699.943577 6235.533018
432 699.924127 6235.369423
433 699.904825 6235.206881
434 699.885671 6235.045384
435 699.866664 6234.884925
436 699.847802 6234.725496
437 699.829085 6234.567089
438 699.810509 6234.409697
439 699.792076 6234.253312
440 699.773782 6234.097927
441 699.755628 6233.943535
442 699.737611 6233.790128
443 699.719731 6233.637699
444 699.701986 6233.486242
445 699.684375 6233.335748
446 699.666898 6233.186211
447 699.649552 6233.037624
448 699.632338 6232.889981
449 699.615253 6232.743273
450 699.598296 6232.597494
451 699.581467 6232.452639
452 699.564764 6232.308699
453 699.548186 6232.165668
454 699.531733 6232.023540
455 699.515402 6231.882308
456 699.499194 6231.741966
457 699.483106 6231.602507
458 699.467138 6231.463925
459 699.451290 6231.326214
460 699.435559 6231.189366
461 699.419945 6231.053377
462 699.404447 6230.918240
463 699.389064 6230.783948
464 699.373795 6230.650497
465 699.358639 6230.517879
466 699.343594 6230.386088
467 699.328661 6230.255120
468 699.313838 6230.124967
469 699.299124 6229.995625
470 699.284519 6229.867087
471 699.270020 6229.739347
472 699.255628 6229.612401
473 699.241342 6229.486241
474 699.227160 6229.360864
475 699.213083 6229.236262
476 699.199108 6229.112431
477 699.185235 6228.989365
478 699.171463 6228.867059
479 699.157791 6228.745508
480 699.144219 6228.624705
481 699.130746 6228.504646
482 699.117370 6228.385326
483 699.104092 6228.266738
484 699.090910 6228.148879
485 699.077823 6228.031743
486 699.064831 6227.915325
487 699.051932 6227.799620
488 699.039127 6227.684622
489 699.026414 6227.570328
490 699.013792 6227.456731
491 699.001261 6227.343827
492 698.988821 6227.231612
493 698.976469 6227.120080
494 698.964206 6227.009227
495 698.952031 6226.899048
496 698.939943 6226.789538
497 698.927942 6226.680692
498 698.916026 6226.572506
499 698.904195 6226.464976
500 698.892448 6226.358097
