0 847.216918 6865.330000
1 845.241875 6859.005683
2 843.299984 6852.759502
3 841.390559 6846.590259
4 839.512932 6840.496775
5 837.666453 6834.477897
6 835.850487 6828.532490
7 834.064416 6822.659442
8 832.307635 6816.857661
9 830.579556 6811.126074
10 828.879605 6805.463631
11 827.207223 6799.869297
12 825.561862 6794.342059
13 823.942989 6788.880921
14 822.350083 6783.484905
15 820.782638 6778.153052
16 819.240156 6772.884418
17 817.722154 6767.678078
18 816.228158 6762.533123
19 814.757708 6757.448659
20 813.310352 6752.423810
21 811.885650 6747.457713
22 810.483172 6742.549522
23 809.102497 6737.698406
24 807.743215 6732.903547
25 806.404925 6728.164142
26 805.087234 6723.479403
27 803.789759 6718.848555
28 802.512126 6714.270835
29 801.253968 6709.745495
30 800.014926 6705.271800
31 798.794652 6700.849025
32 797.592802 6696.476460
33 796.409042 6692.153406
34 795.243043 6687.879177
35 794.094487 6683.653096
36 792.963058 6679.474500
37 791.848451 6675.342736
38 790.750366 6671.257161
39 789.668508 6667.217145
40 788.602590 6663.222067
41 787.552332 6659.271316
42 786.517458 6655.364292
43 785.497697 6651.500403
44 784.492788 6647.679070
45 783.502470 6643.899721
46 782.526491 6640.161794
47 781.564604 6636.464735
48 780.616566 6632.808002
49 779.682138 6629.191057
50 778.761089 6625.613376
51 777.853190 6622.074439
52 776.958218 6618.573737
53 776.075955 6615.110768
54 775.206185 6611.685039
55 774.348698 6608.296062
56 773.503289 6604.943360
57 772.669755 6601.626463
58 771.847899 6598.344906
59 771.037527 6595.098233
60 770.238449 6591.885996
61 769.450478 6588.707753
62 768.673432 6585.563067
63 767.907132 6582.451512
64 767.151401 6579.372664
65 766.406067 6576.326108
66 765.670962 6573.311436
67 764.945920 6570.328244
68 764.230777 6567.376137
69 763.525376 6564.454722
70 762.829558 6561.563616
71 762.143172 6558.702439
72 761.466065 6555.870818
73 760.798091 6553.068386
74 760.139104 6550.294781
75 759.488962 6547.549645
76 758.847526 6544.832628
77 758.214658 6542.143382
78 757.590224 6539.481568
79 756.974092 6536.846848
80 756.366132 6534.238892
81 755.766217 6531.657374
82 755.174222 6529.101971
83 754.590025 6526.572367
84 754.013504 6524.068250
85 753.444543 6521.589312
86 752.883024 6519.135250
87 752.328833 6516.705765
88 751.781859 6514.300563
89 751.241992 6511.919352
90 750.709123 6509.561847
91 750.183146 6507.227765
92 749.663958 6504.916829
93 749.151456 6502.628765
94 748.645538 6500.363301
95 748.146107 6498.120171
96 747.653065 6495.899114
97 747.166317 6493.699869
98 746.685769 6491.522181
99 746.211329 6489.365798
100 745.742906 6487.230473
101 745.280411 6485.115959
102 744.823757 6483.022016
103 744.372858 6480.948405
104 743.927629 6478.894892
105 743.487987 6476.861244
106 743.053851 6474.847233
107 742.625140 6472.852634
108 742.201776 6470.877225
109 741.783680 6468.920785
110 741.370777 6466.983100
111 740.962992 6465.063954
112 740.560250 6463.163139
113 740.162479 6461.280445
114 739.769609 6459.415669
115 739.381568 6457.568608
116 738.998288 6455.739063
117 738.619700 6453.926836
118 738.245739 6452.131734
119 737.876339 6450.353566
120 737.511435 6448.592141
121 737.150963 6446.847273
122 736.794861 6445.118779
123 736.443068 6443.406477
124 736.095523 6441.710186
125 735.752166 6440.029731
126 735.412940 6438.364937
127 735.077786 6436.715631
128 734.746648 6435.081642
129 734.419470 6433.462804
130 734.096198 6431.858951
131 733.776776 6430.269918
132 733.461153 6428.695544
133 733.149275 6427.135670
134 732.841092 6425.590138
135 732.536553 6424.058793
136 732.235607 6422.541481
137 731.938206 6421.038052
138 731.644302 6419.548354
139 731.353847 6418.072242
140 731.066793 6416.609568
141 730.783096 6415.160189
142 730.502709 6413.723963
143 730.225588 6412.300749
144 729.951690 6410.890410
145 729.680970 6409.492807
146 729.413386 6408.107805
147 729.148896 6406.735272
148 728.887459 6405.375076
149 728.629034 6404.027085
150 728.373581 6402.691173
151 728.121061 6401.367210
152 727.871434 6400.055073
153 727.624662 6398.754637
154 727.380709 6397.465780
155 727.139535 6396.188381
156 726.901106 6394.922321
157 726.665385 6393.667481
158 726.432336 6392.423745
159 726.201925 6391.190998
160 725.974116 6389.969127
161 725.748877 6388.758018
162 725.526174 6387.557561
163 725.305973 6386.367646
164 725.088242 6385.188165
165 724.872951 6384.019012
166 724.660066 6382.860079
167 724.449556 6381.711262
168 724.241393 6380.572459
169 724.035544 6379.443568
170 723.831981 6378.324487
171 723.630675 6377.215116
172 723.431596 6376.115358
173 723.234715 6375.025115
174 723.040007 6373.944292
175 722.847441 6372.872792
176 722.656992 6371.810522
177 722.468633 6370.757389
178 722.282336 6369.713302
179 722.098077 6368.678170
180 721.915830 6367.651904
181 721.735568 6366.634414
182 721.557268 6365.625613
183 721.380905 6364.625415
184 721.206454 6363.633734
185 721.033891 6362.650486
186 720.863194 6361.675587
187 720.694339 6360.708955
188 720.527303 6359.750507
189 720.362063 6358.800164
190 720.198598 6357.857845
191 720.036885 6356.923472
192 719.876902 6355.996966
193 719.718629 6355.078251
194 719.562045 6354.167250
195 719.407128 6353.263888
196 719.253858 6352.368090
197 719.102216 6351.479783
198 718.952181 6350.598894
199 718.803733 6349.725350
200 718.656854 6348.859081
201 718.511524 6348.000017
202 718.367724 6347.148087
203 718.225437 6346.303223
204 718.084643 6345.465356
205 717.945325 6344.634420
206 717.807465 6343.810347
207 717.671045 6342.993073
208 717.536048 6342.182531
209 717.402458 6341.378658
210 717.270256 6340.581389
211 717.139427 6339.790663
212 717.009954 6339.006415
213 716.881821 6338.228586
214 716.755012 6337.457113
215 716.629512 6336.691938
216 716.505305 6335.932999
217 716.382375 6335.180239
218 716.260707 6334.433598
219 716.140287 6333.693019
220 716.021100 6332.958446
221 715.903131 6332.229821
222 715.786367 6331.507089
223 715.670792 6330.790195
224 715.556393 6330.079084
225 715.443157 6329.373701
226 715.331069 6328.673994
227 715.220117 6327.979910
228 715.110287 6327.291396
229 715.001565 6326.608401
230 714.893940 6325.930872
231 714.787399 6325.258761
232 714.681928 6324.592016
233 714.577517 6323.930588
234 714.474151 6323.274428
235 714.371820 6322.623487
236 714.270512 6321.977718
237 714.170214 6321.337072
238 714.070916 6320.701503
239 713.972605 6320.070965
240 713.875271 6319.445410
241 713.778902 6318.824795
242 713.683487 6318.209073
243 713.589016 6317.598199
244 713.495478 6316.992131
245 713.402862 6316.390824
246 713.311158 6315.794235
247 713.220355 6315.202321
248 713.130444 6314.615039
249 713.041414 6314.032349
250 712.953255 6313.454208
251 712.865958 6312.880576
252 712.779512 6312.311411
253 712.693909 6311.746675
254 712.609139 6311.186326
255 712.525193 6310.630325
256 712.442061 6310.078634
257 712.359734 6309.531214
258 712.278204 6308.988027
259 712.197462 6308.449035
260 712.117498 6307.914201
261 712.038305 6307.383488
262 711.959873 6306.856858
263 711.882195 6306.334276
264 711.805261 6305.815706
265 711.729065 6305.301113
266 711.653597 6304.790460
267 711.578850 6304.283714
268 711.504815 6303.780840
269 711.431486 6303.281803
270 711.358854 6302.786571
271 711.286912 6302.295109
272 711.215652 6301.807385
273 711.145066 6301.323365
274 711.075149 6300.843018
275 711.005891 6300.366311
276 710.937286 6299.893212
277 710.869328 6299.423690
278 710.802008 6298.957714
279 710.735320 6298.495253
280 710.669258 6298.036276
281 710.603815 6297.580753
282 710.538983 6297.128654
283 710.474756 6296.679950
284 710.411129 6296.234611
285 710.348094 6295.792608
286 710.285645 6295.353912
287 710.223776 6294.918495
288 710.162481 6294.486329
289 710.101753 6294.057385
290 710.041587 6293.631636
291 709.981977 6293.209055
292 709.922916 6292.789614
293 709.864399 6292.373286
294 709.806421 6291.960046
295 709.748974 6291.549866
296 709.692055 6291.142721
297 709.635657 6290.738584
298 709.579775 6290.337431
299 709.524404 6289.939235
300 709.469537 6289.543972
301 709.415171 6289.151617
302 709.361299 6288.762145
303 709.307916 6288.375532
304 709.255018 6287.991753
305 709.202599 6287.610785
306 709.150654 6287.232604
307 709.099179 6286.857187
308 709.048168 6286.484511
309 708.997617 6286.114552
310 708.947521 6285.747287
311 708.897875 6285.382695
312 708.848675 6285.020752
313 708.799916 6284.661436
314 708.751593 6284.304727
315 708.703703 6283.950601
316 708.656240 6283.599038
317 708.609200 6283.250015
318 708.562579 6282.903513
319 708.516373 6282.559510
320 708.470577 6282.217985
321 708.425187 6281.878918
322 708.380200 6281.542288
323 708.335610 6281.208076
324 708.291414 6280.876261
325 708.247608 6280.546823
326 708.204189 6280.219744
327 708.161151 6279.895004
328 708.118491 6279.572582
329 708.076206 6279.252462
330 708.034292 6278.934623
331 707.992745 6278.619046
332 707.951561 6278.305714
333 707.910736 6277.994608
334 707.870268 6277.685710
335 707.830151 6277.379002
336 707.790384 6277.074466
337 707.750963 6276.772084
338 707.711883 6276.471839
339 707.673142 6276.173714
340 707.634736 6275.877691
341 707.596662 6275.583753
342 707.558917 6275.291883
343 707.521497 6275.002066
344 707.484399 6274.714283
345 707.447620 6274.428520
346 707.411157 6274.144758
347 707.375007 6273.862984
348 707.339166 6273.583179
349 707.303632 6273.305329
350 707.268401 6273.029419
351 707.233472 6272.755431
352 707.198839 6272.483352
353 707.164502 6272.213165
354 707.130456 6271.944856
355 707.096700 6271.678409
356 707.063230 6271.413811
357 707.030043 6271.151045
358 706.997137 6270.890098
359 706.964508 6270.630955
360 706.932155 6270.373602
361 706.900075 6270.118025
362 706.868265 6269.864209
363 706.836722 6269.612140
364 706.805444 6269.361806
365 706.774428 6269.113191
366 706.743671 6268.866283
367 706.713172 6268.621069
368 706.682928 6268.377533
369 706.652936 6268.135665
370 706.623194 6267.895450
371 706.593700 6267.656875
372 706.564450 6267.419929
373 706.535444 6267.184597
374 706.506678 6266.950867
375 706.478150 6266.718727
376 706.449858 6266.488165
377 706.421800 6266.259168
378 706.393973 6266.031723
379 706.366376 6265.805820
380 706.339006 6265.581445
381 706.311860 6265.358587
382 706.284938 6265.137234
383 706.258236 6264.917375
384 706.231754 6264.698998
385 706.205487 6264.482092
386 706.179436 6264.266645
387 706.153597 6264.052645
388 706.127968 6263.840082
389 706.102549 6263.628946
390 706.077336 6263.419223
391 706.052327 6263.210905
392 706.027522 6263.003980
393 706.002917 6262.798437
394 705.978512 6262.594266
395 705.954304 6262.391456
396 705.930291 6262.189997
397 705.906472 6261.989879
398 705.882845 6261.791091
399 705.859408 6261.593623
400 705.836159 6261.397466
401 705.813096 6261.202608
402 705.790219 6261.009041
403 705.767525 6260.816755
404 705.745012 6260.625739
405 705.722679 6260.435985
406 705.700524 6260.247482
407 705.678545 6260.060221
408 705.656742 6259.874193
409 705.635112 6259.689388
410 705.613653 6259.505798
411 705.592365 6259.323413
412 705.571245 6259.142224
413 705.550293 6258.962222
414 705.529506 6258.783398
415 705.508883 6258.605743
416 705.488423 6258.429249
417 705.468123 6258.253906
418 705.447984 6258.079707
419 705.428002 6257.906642
420 705.408178 6257.734704
421 705.388509 6257.563884
422 705.368994 6257.394172
423 705.349631 6257.225563
424 705.330420 6257.058046
425 705.311358 6256.891614
426 705.292445 6256.726259
427 705.273680 6256.561972
428 705.255060 6256.398747
429 705.236584 6256.236575
430 705.218252 6256.075447
431 705.200063 6255.915358
432 705.182013 6255.756298
433 705.164104 6255.598261
434 705.146332 6255.441239
435 705.128698 6255.285223
436 705.111200 6255.130208
437 705.093836 6254.976185
438 705.076605 6254.823148
439 705.059507 6254.671088
440 705.042540 6254.520000
441 705.025703 6254.369875
442 705.008995 6254.220707
443 704.992415 6254.072489
444 704.975961 6253.925213
445 704.959632 6253.778874
446 704.943428 6253.633463
447 704.927347 6253.488975
448 704.911388 6253.345403
449 704.895551 6253.202739
450 704.879833 6253.060978
451 704.864235 6252.920113
452 704.848754 6252.780137
453 704.833391 6252.641044
454 704.818143 6252.502828
455 704.803011 6252.365482
456 704.787992 6252.229000
457 704.773086 6252.093375
458 704.758293 6251.958602
459 704.743610 6251.824675
460 704.729037 6251.691587
461 704.714574 6251.559332
462 704.700219 6251.427904
463 704.685971 6251.297298
464 704.671829 6251.167507
465 704.657793 6251.038526
466 704.643861 6250.910349
467 704.630033 6250.782970
468 704.616308 6250.656384
469 704.602684 6250.530584
470 704.589162 6250.405565
471 704.575739 6250.281322
472 704.562416 6250.157849
473 704.549192 6250.035141
474 704.536065 6249.913192
475 704.523035 6249.791997
476 704.510101 6249.671550
477 704.497262 6249.551847
478 704.484517 6249.432881
479 704.471866 6249.314648
480 704.459307 6249.197143
481 704.446841 6249.080360
482 704.434466 6248.964294
483 704.422181 6248.848941
484 704.409986 6248.734294
485 704.397880 6248.620350
486 704.385862 6248.507104
487 704.373932 6248.394550
488 704.362088 6248.282684
489 704.350331 6248.171500
490 704.338658 6248.060994
491 704.327070 6247.951162
492 704.315566 6247.841998
493 704.304146 6247.733498
494 704.292807 6247.625658
495 704.281551 6247.518472
496 704.270375 6247.411936
497 704.259281 6247.306046
498 704.248265 6247.200797
499 704.237329 6247.096184
500 704.226472 6246.992204
