0 847.216918 6865.330000
1 845.252836 6859.014057
2 843.321018 6852.775171
3 841.420812 6846.612175
4 839.551581 6840.523922
5 837.712704 6834.509286
6 835.903576 6828.567162
7 834.123606 6822.696467
8 832.372219 6816.896135
9 830.648850 6811.165120
10 828.952952 6805.502397
11 827.283988 6799.906958
12 825.641436 6794.377812
13 824.024785 6788.913989
14 822.433536 6783.514533
15 820.867203 6778.178506
16 819.325309 6772.904989
17 817.807390 6767.693077
18 816.312992 6762.541880
19 814.841673 6757.450527
20 813.392998 6752.418159
21 811.966545 6747.443934
22 810.561899 6742.527024
23 809.178657 6737.666615
24 807.816423 6732.861908
25 806.474811 6728.112118
26 805.153443 6723.416471
27 803.851949 6718.774210
28 802.569968 6714.184588
29 801.307147 6709.646871
30 800.063141 6705.160340
31 798.837611 6700.724285
32 797.630226 6696.338010
33 796.440662 6692.000829
34 795.268605 6687.712070
35 794.113742 6683.471069
36 792.975772 6679.277176
37 791.854396 6675.129750
38 790.749326 6671.028162
39 789.660276 6666.971791
40 788.586967 6662.960028
41 787.529128 6658.992275
42 786.486491 6655.067941
43 785.458794 6651.186446
44 784.445783 6647.347221
45 783.447205 6643.549703
46 782.462815 6639.793340
47 781.492372 6636.077590
48 780.535641 6632.401916
49 779.592391 6628.765794
50 778.662395 6625.168704
51 777.745431 6621.610138
52 776.841282 6618.089595
53 775.949735 6614.606579
54 775.070580 6611.160606
55 774.203614 6607.751197
56 773.348635 6604.377882
57 772.505447 6601.040196
58 771.673856 6597.737685
59 770.853673 6594.469898
60 770.044714 6591.236393
61 769.246795 6588.036734
62 768.459738 6584.870494
63 767.683369 6581.737250
64 766.917516 6578.636585
65 766.162009 6575.568091
66 765.416685 6572.531364
67 764.681380 6569.526007
68 763.955935 6566.551629
69 763.240196 6563.607845
70 762.534007 6560.694274
71 761.837220 6557.810544
72 761.149686 6554.956285
73 760.471260 6552.131136
74 759.801801 6549.334738
75 759.141169 6546.566739
76 758.489227 6543.826792
77 757.845840 6541.114556
78 757.210877 6538.429694
79 756.584208 6535.771873
80 755.965704 6533.140766
81 755.355243 6530.536052
82 754.752700 6527.957411
83 754.157955 6525.404532
84 753.570890 6522.877105
85 752.991388 6520.374827
86 752.419335 6517.897396
87 751.854619 6515.444519
88 751.297129 6513.015903
89 750.746758 6510.611261
90 750.203399 6508.230310
91 749.666947 6505.872771
92 749.137300 6503.538368
93 748.614356 6501.226831
94 748.098016 6498.937891
95 747.588183 6496.671285
96 747.084761 6494.426753
97 746.587657 6492.204038
98 746.096776 6490.002886
99 745.612028 6487.823050
100 745.133325 6485.664282
101 744.660577 6483.526339
102 744.193698 6481.408984
103 743.732604 6479.311979
104 743.277211 6477.235091
105 742.827437 6475.178091
106 742.383200 6473.140753
107 741.944422 6471.122852
108 741.511024 6469.124169
109 741.082930 6467.144485
110 740.660064 6465.183587
111 740.242351 6463.241263
112 739.829719 6461.317303
113 739.422096 6459.411502
114 739.019410 6457.523656
115 738.621594 6455.653564
116 738.228577 6453.801030
117 737.840292 6451.965856
118 737.456675 6450.147851
119 737.077658 6448.346824
120 736.703179 6446.562587
121 736.333174 6444.794956
122 735.967581 6443.043746
123 735.606339 6441.308778
124 735.249388 6439.589874
125 734.896668 6437.886857
126 734.548123 6436.199554
127 734.203693 6434.527794
128 733.863324 6432.871408
129 733.526959 6431.230227
130 733.194544 6429.604089
131 732.866025 6427.992829
132 732.541349 6426.396288
133 732.220464 6424.814307
134 731.903319 6423.246728
135 731.589863 6421.693398
136 731.280047 6420.154163
137 730.973822 6418.628874
138 730.671139 6417.117381
139 730.371952 6415.619537
140 730.076213 6414.135197
141 729.783876 6412.664218
142 729.494896 6411.206458
143 729.209229 6409.761777
144 728.926831 6408.330038
145 728.647658 6406.911104
146 728.371667 6405.504840
147 728.098818 6404.111114
148 727.829068 6402.729793
149 727.562377 6401.360749
150 727.298705 6400.003853
151 727.038012 6398.658979
152 726.780259 6397.326002
153 726.525409 6396.004797
154 726.273422 6394.695243
155 726.024264 6393.397220
156 725.777895 6392.110608
157 725.534281 6390.835290
158 725.293386 6389.571150
159 725.055175 6388.318072
160 724.819613 6387.075944
161 724.586667 6385.844652
162 724.356303 6384.624087
163 724.128487 6383.414140
164 723.903188 6382.214701
165 723.680373 6381.025664
166 723.460011 6379.846923
167 723.242070 6378.678375
168 723.026520 6377.519916
169 722.813331 6376.371444
170 722.602473 6375.232859
171 722.393916 6374.104060
172 722.187631 6372.984950
173 721.983591 6371.875432
174 721.781766 6370.775409
175 721.582130 6369.684787
176 721.384654 6368.603472
177 721.189312 6367.531370
178 720.996077 6366.468391
179 720.804923 6365.414444
180 720.615825 6364.369438
181 720.428756 6363.333287
182 720.243692 6362.305901
183 720.060609 6361.287195
184 719.879480 6360.277083
185 719.700283 6359.275481
186 719.522994 6358.282305
187 719.347590 6357.297473
188 719.174047 6356.320902
189 719.002342 6355.352512
190 718.832454 6354.392223
191 718.664360 6353.439956
192 718.498038 6352.495634
193 718.333467 6351.559179
194 718.170625 6350.630514
195 718.009492 6349.709565
196 717.850048 6348.796256
197 717.692271 6347.890515
198 717.536141 6346.992267
199 717.381640 6346.101441
200 717.228746 6345.217966
201 717.077442 6344.341771
202 716.927708 6343.472786
203 716.779526 6342.610943
204 716.632876 6341.756172
205 716.487740 6340.908408
206 716.344102 6340.067582
207 716.201942 6339.233629
208 716.061244 6338.406484
209 715.921990 6337.586083
210 715.784162 6336.772360
211 715.647746 6335.965254
212 715.512722 6335.164701
213 715.379077 6334.370641
214 715.246792 6333.583011
215 715.115852 6332.801752
216 714.986242 6332.026804
217 714.857946 6331.258107
218 714.730949 6330.495603
219 714.605235 6329.739235
220 714.480790 6328.988944
221 714.357599 6328.244675
222 714.235648 6327.506371
223 714.114921 6326.773977
224 713.995406 6326.047438
225 713.877087 6325.326700
226 713.759952 6324.611709
227 713.643986 6323.902412
228 713.529177 6323.198756
229 713.415510 6322.500691
230 713.302974 6321.808163
231 713.191554 6321.121122
232 713.081239 6320.439519
233 712.972016 6319.763302
234 712.863872 6319.092424
235 712.756795 6318.426834
236 712.650772 6317.766486
237 712.545793 6317.111330
238 712.441845 6316.461320
239 712.338917 6315.816409
240 712.236997 6315.176551
241 712.136074 6314.541700
242 712.036136 6313.911811
243 711.937173 6313.286838
244 711.839173 6312.666738
245 711.742127 6312.051467
246 711.646022 6311.440980
247 711.550849 6310.835236
248 711.456598 6310.234191
249 711.363258 6309.637803
250 711.270819 6309.046031
251 711.179270 6308.458834
252 711.088603 6307.876170
253 710.998808 6307.297999
254 710.909874 6306.724281
255 710.821792 6306.154976
256 710.734553 6305.590046
257 710.648149 6305.029451
258 710.562568 6304.473154
259 710.477803 6303.921115
260 710.393845 6303.373297
261 710.310684 6302.829664
262 710.228313 6302.290178
263 710.146722 6301.754803
264 710.065903 6301.223502
265 709.985847 6300.696239
266 709.906547 6300.172981
267 709.827995 6299.653690
268 709.750181 6299.138333
269 709.673098 6298.626875
270 709.596738 6298.119283
271 709.521094 6297.615521
272 709.446158 6297.115558
273 709.371922 6296.619360
274 709.298378 6296.126895
275 709.225520 6295.638129
276 709.153339 6295.153031
277 709.081829 6294.671570
278 709.010983 6294.193713
279 708.940793 6293.719431
280 708.871253 6293.248691
281 708.802355 6292.781463
282 708.734093 6292.317718
283 708.666459 6291.857425
284 708.599449 6291.400555
285 708.533054 6290.947078
286 708.467268 6290.496965
287 708.402085 6290.050188
288 708.337499 6289.606718
289 708.273503 6289.166527
290 708.210091 6288.729587
291 708.147258 6288.295871
292 708.084996 6287.865350
293 708.023300 6287.437998
294 707.962164 6287.013789
295 707.901582 6286.592694
296 707.841549 6286.174689
297 707.782059 6285.759746
298 707.723105 6285.347841
299 707.664684 6284.938948
300 707.606788 6284.533040
301 707.549413 6284.130094
302 707.492554 6283.730084
303 707.436204 6283.332985
304 707.380359 6282.938774
305 707.325013 6282.547426
306 707.270162 6282.158917
307 707.215801 6281.773224
308 707.161923 6281.390322
309 707.108525 6281.010189
310 707.055602 6280.632802
311 707.003148 6280.258138
312 706.951159 6279.886174
313 706.899630 6279.516889
314 706.848557 6279.150258
315 706.797934 6278.786262
316 706.747758 6278.424878
317 706.698024 6278.066084
318 706.648727 6277.709859
319 706.599862 6277.356183
320 706.551427 6277.005033
321 706.503415 6276.656390
322 706.455824 6276.310232
323 706.408648 6275.966540
324 706.361884 6275.625293
325 706.315527 6275.286471
326 706.269574 6274.950054
327 706.224020 6274.616023
328 706.178862 6274.284358
329 706.134095 6273.955041
330 706.089716 6273.628051
331 706.045720 6273.303371
332 706.002104 6272.980980
333 705.958865 6272.660862
334 705.915997 6272.342996
335 705.873499 6272.027366
336 705.831366 6271.713953
337 705.789594 6271.402739
338 705.748180 6271.093707
339 705.707120 6270.786838
340 705.666412 6270.482116
341 705.626051 6270.179523
342 705.586034 6269.879042
343 705.546358 6269.580657
344 705.507019 6269.284350
345 705.468015 6268.990104
346 705.429341 6268.697904
347 705.390995 6268.407733
348 705.352974 6268.119575
349 705.315273 6267.833414
350 705.277891 6267.549233
351 705.240825 6267.267018
352 705.204070 6266.986752
353 705.167624 6266.708421
354 705.131484 6266.432008
355 705.095648 6266.157499
356 705.060112 6265.884878
357 705.024873 6265.614131
358 704.989928 6265.345243
359 704.955275 6265.078199
360 704.920911 6264.812984
361 704.886834 6264.549585
362 704.853039 6264.287987
363 704.819525 6264.028176
364 704.786290 6263.770137
365 704.753329 6263.513858
366 704.720642 6263.259324
367 704.688224 6263.006522
368 704.656074 6262.755437
369 704.624189 6262.506058
370 704.592567 6262.258369
371 704.561205 6262.012359
372 704.530100 6261.768014
373 704.499250 6261.525322
374 704.468654 6261.284269
375 704.438307 6261.044842
376 704.408209 6260.807030
377 704.378357 6260.570819
378 704.348748 6260.336198
379 704.319380 6260.103154
380 704.290251 6259.871674
381 704.261358 6259.641747
382 704.232701 6259.413361
383 704.204275 6259.186505
384 704.176080 6258.961165
385 704.148112 6258.737331
386 704.120371 6258.514991
387 704.092853 6258.294134
388 704.065557 6258.074748
389 704.038480 6257.856822
390 704.011622 6257.640345
391 703.984978 6257.425306
392 703.958549 6257.211693
393 703.932331 6256.999497
394 703.906323 6256.788706
395 703.880523 6256.579310
396 703.854928 6256.371298
397 703.829538 6256.164659
398 703.804350 6255.959383
399 703.779362 6255.755461
400 703.754572 6255.552881
401 703.729980 6255.351633
402 703.705582 6255.151708
403 703.681377 6254.953095
404 703.657364 6254.755784
405 703.633540 6254.559767
406 703.609904 6254.365032
407 703.586454 6254.171572
408 703.563189 6253.979374
409 703.540107 6253.788432
410 703.517206 6253.598734
411 703.494484 6253.410272
412 703.471941 6253.223037
413 703.449574 6253.037018
414 703.427381 6252.852209
415 703.405362 6252.668598
416 703.383515 6252.486178
417 703.361837 6252.304939
418 703.340328 6252.124873
419 703.318987 6251.945971
420 703.297811 6251.768224
421 703.276799 6251.591625
422 703.255949 6251.416163
423 703.235261 6251.241832
424 703.214733 6251.068622
425 703.194363 6250.896526
426 703.174150 6250.725534
427 703.154093 6250.555640
428 703.134190 6250.386834
429 703.114440 6250.219110
430 703.094841 6250.052458
431 703.075393 6249.886872
432 703.056093 6249.722343
433 703.036941 6249.558863
434 703.017935 6249.396426
435 702.999074 6249.235022
436 702.980357 6249.074646
437 702.961782 6248.915288
438 702.943349 6248.756943
439 702.925055 6248.599602
440 702.906901 6248.443258
441 702.888884 6248.287904
442 702.871003 6248.133533
443 702.853257 6247.980137
444 702.835645 6247.827710
445 702.818167 6247.676245
446 702.800819 6247.525734
447 702.783603 6247.376171
448 702.766516 6247.227548
449 702.749557 6247.079860
450 702.732725 6246.933099
451 702.716020 6246.787258
452 702.699439 6246.642332
453 702.682982 6246.498313
454 702.666649 6246.355195
455 702.650437 6246.212972
456 702.634346 6246.071637
457 702.618374 6245.931183
458 702.602522 6245.791605
459 702.586787 6245.652896
460 702.571169 6245.515050
461 702.555666 6245.378061
462 702.540279 6245.241922
463 702.525005 6245.106628
464 702.509844 6244.972173
465 702.494794 6244.838551
466 702.479856 6244.705755
467 702.465027 6244.573780
468 702.450308 6244.442620
469 702.435697 6244.312270
470 702.421193 6244.182723
471 702.406795 6244.053975
472 702.392502 6243.926018
473 702.378314 6243.798848
474 702.364230 6243.672459
475 702.350249 6243.546846
476 702.336369 6243.422004
477 702.322591 6243.297926
478 702.308912 6243.174607
479 702.295333 6243.052043
480 702.281853 6242.930227
481 702.268470 6242.809155
482 702.255185 6242.688821
483 702.241995 6242.569220
484 702.228901 6242.450348
485 702.215901 6242.332198
486 702.202995 6242.214767
487 702.190182 6242.098048
488 702.177461 6241.982038
489 702.164831 6241.866730
490 702.152292 6241.752121
491 702.139843 6241.638205
492 702.127484 6241.524978
493 702.115212 6241.412434
494 702.103029 6241.300569
495 702.090932 6241.189379
496 702.078922 6241.078858
497 702.066997 6240.969003
498 702.055158 6240.859808
499 702.043402 6240.751268
500 702.031730 6240.643380
