0 847.216918 6865.330000
1 845.193739 6858.830023
2 843.203572 6852.408381
3 841.245754 6846.063902
4 839.319637 6839.795434
5 837.424591 6833.601845
6 835.560000 6827.482026
7 833.725263 6821.434886
8 831.919793 6815.459356
9 830.143020 6809.554383
10 828.394383 6803.718936
11 826.673338 6797.952001
12 824.979353 6792.252581
13 823.311907 6786.619699
14 821.670493 6781.052393
15 820.054615 6775.549720
16 818.463789 6770.110753
17 816.897541 6764.734579
18 815.355409 6759.420305
19 813.836942 6754.167049
20 812.341698 6748.973949
21 810.869245 6743.840154
22 809.419162 6738.764830
23 807.991037 6733.747155
24 806.584466 6728.786325
25 805.199056 6723.881545
26 803.834421 6719.032037
27 802.490185 6714.237035
28 801.165978 6709.495785
29 799.861441 6704.807547
30 798.576220 6700.171594
31 797.309971 6695.587209
32 796.062356 6691.053688
33 794.833044 6686.570340
34 793.621713 6682.136483
35 792.428046 6677.751448
36 791.251734 6673.414577
37 790.092472 6669.125221
38 788.949965 6664.882745
39 787.823921 6660.686521
40 786.714057 6656.535932
41 785.620094 6652.430373
42 784.541758 6648.369246
43 783.478783 6644.351965
44 782.430907 6640.377951
45 781.397873 6636.446636
46 780.379431 6632.557461
47 779.375333 6628.709875
48 778.385340 6624.903337
49 777.409214 6621.137313
50 776.446724 6617.411279
51 775.497643 6613.724717
52 774.561748 6610.077119
53 773.638822 6606.467986
54 772.728651 6602.896823
55 771.831025 6599.363147
56 770.945739 6595.866478
57 770.072591 6592.406348
58 769.211384 6588.982292
59 768.361924 6585.593855
60 767.524020 6582.240589
61 766.697488 6578.922050
62 765.882143 6575.637803
63 765.077806 6572.387421
64 764.284302 6569.170479
65 763.501458 6565.986562
66 762.729105 6562.835261
67 761.967076 6559.716172
68 761.215209 6556.628896
69 760.473343 6553.573044
70 759.741321 6550.548227
71 759.018990 6547.554068
72 758.306198 6544.590189
73 757.602796 6541.656224
74 756.908639 6538.751808
75 756.223584 6535.876582
76 755.547490 6533.030194
77 754.880219 6530.212296
78 754.221635 6527.422544
79 753.571607 6524.660601
80 752.930003 6521.926134
81 752.296695 6519.218814
82 751.671556 6516.538317
83 751.054464 6513.884325
84 750.445296 6511.256524
85 749.843933 6508.654602
86 749.250259 6506.078256
87 748.664157 6503.527182
88 748.085514 6501.001086
89 747.514220 6498.499672
90 746.950165 6496.022654
91 746.393241 6493.569746
92 745.843343 6491.140667
93 745.300368 6488.735141
94 744.764213 6486.352895
95 744.234778 6483.993660
96 743.711965 6481.657169
97 743.195676 6479.343162
98 742.685818 6477.051379
99 742.182296 6474.781567
100 741.685018 6472.533474
101 741.193895 6470.306853
102 740.708836 6468.101458
103 740.229755 6465.917049
104 739.756566 6463.753389
105 739.289185 6461.610241
106 738.827527 6459.487376
107 738.371513 6457.384564
108 737.921060 6455.301580
109 737.476091 6453.238202
110 737.036527 6451.194210
111 736.602292 6449.169389
112 736.173311 6447.163524
113 735.749510 6445.176405
114 735.330816 6443.207824
115 734.917158 6441.257576
116 734.508465 6439.325457
117 734.104667 6437.411269
118 733.705698 6435.514813
119 733.311489 6433.635896
120 732.921975 6431.774325
121 732.537090 6429.929910
122 732.156771 6428.102465
123 731.780956 6426.291804
124 731.409581 6424.497744
125 731.042586 6422.720107
126 730.679912 6420.958713
127 730.321499 6419.213388
128 729.967289 6417.483958
129 729.617225 6415.770253
130 729.271251 6414.072102
131 728.929311 6412.389341
132 728.591351 6410.721803
133 728.257317 6409.069327
134 727.927156 6407.431751
135 727.600817 6405.808918
136 727.278248 6404.200670
137 726.959398 6402.606854
138 726.644218 6401.027316
139 726.332660 6399.461906
140 726.024674 6397.910475
141 725.720214 6396.372876
142 725.419233 6394.848964
143 725.121685 6393.338595
144 724.827524 6391.841628
145 724.536706 6390.357922
146 724.249187 6388.887340
147 723.964924 6387.429745
148 723.683874 6385.985003
149 723.405995 6384.552979
150 723.131246 6383.133543
151 722.859586 6381.726564
152 722.590975 6380.331915
153 722.325374 6378.949467
154 722.062743 6377.579097
155 721.803044 6376.220679
156 721.546239 6374.874092
157 721.292291 6373.539215
158 721.041164 6372.215928
159 720.792821 6370.904114
160 720.547226 6369.603655
161 720.304345 6368.314437
162 720.064143 6367.036346
163 719.826586 6365.769268
164 719.591640 6364.513094
165 719.359272 6363.267713
166 719.129449 6362.033016
167 718.902140 6360.808897
168 718.677312 6359.595249
169 718.454934 6358.391967
170 718.234976 6357.198949
171 718.017408 6356.016090
172 717.802198 6354.843291
173 717.589319 6353.680451
174 717.378740 6352.527472
175 717.170433 6351.384255
176 716.964370 6350.250705
177 716.760523 6349.126725
178 716.558864 6348.012221
179 716.359367 6346.907100
180 716.162005 6345.811270
181 715.966751 6344.724639
182 715.773580 6343.647118
183 715.582465 6342.578617
184 715.393382 6341.519049
185 715.206307 6340.468326
186 715.021213 6339.426361
187 714.838077 6338.393071
188 714.656876 6337.368370
189 714.477586 6336.352175
190 714.300183 6335.344405
191 714.124645 6334.344978
192 713.950949 6333.353813
193 713.779073 6332.370831
194 713.608994 6331.395953
195 713.440692 6330.429101
196 713.274145 6329.470199
197 713.109332 6328.519169
198 712.946232 6327.575938
199 712.784825 6326.640431
200 712.625090 6325.712574
201 712.467008 6324.792294
202 712.310558 6323.879519
203 712.155722 6322.974179
204 712.002481 6322.076202
205 711.850814 6321.185520
206 711.700705 6320.302063
207 711.552134 6319.425763
208 711.405083 6318.556553
209 711.259535 6317.694366
210 711.115471 6316.839136
211 710.972875 6315.990798
212 710.831729 6315.149287
213 710.692016 6314.314541
214 710.553720 6313.486495
215 710.416823 6312.665087
216 710.281311 6311.850256
217 710.147166 6311.041939
218 710.014372 6310.240078
219 709.882915 6309.444612
220 709.752779 6308.655482
221 709.623948 6307.872629
222 709.496407 6307.095995
223 709.370142 6306.325524
224 709.245137 6305.561158
225 709.121379 6304.802841
226 708.998853 6304.050519
227 708.877546 6303.304135
228 708.757442 6302.563636
229 708.638528 6301.828968
230 708.520792 6301.100077
231 708.404219 6300.376912
232 708.288796 6299.659419
233 708.174510 6298.947549
234 708.061349 6298.241248
235 707.949299 6297.540467
236 707.838349 6296.845157
237 707.728485 6296.155267
238 707.619696 6295.470749
239 707.511969 6294.791554
240 707.405292 6294.117634
241 707.299654 6293.448943
242 707.195044 6292.785432
243 707.091449 6292.127056
244 706.988858 6291.473769
245 706.887261 6290.825525
246 706.786646 6290.182279
247 706.687001 6289.543987
248 706.588318 6288.910604
249 706.490584 6288.282087
250 706.393789 6287.658393
251 706.297924 6287.039478
252 706.202977 6286.425301
253 706.108939 6285.815820
254 706.015799 6285.210993
255 705.923549 6284.610779
256 705.832177 6284.015137
257 705.741675 6283.424028
258 705.652032 6282.837410
259 705.563240 6282.255246
260 705.475290 6281.677496
261 705.388171 6281.104121
262 705.301876 6280.535083
263 705.216395 6279.970344
264 705.131719 6279.409867
265 705.047840 6278.853614
266 704.964749 6278.301549
267 704.882438 6277.753635
268 704.800898 6277.209837
269 704.720120 6276.670118
270 704.640097 6276.134444
271 704.560821 6275.602779
272 704.482284 6275.075089
273 704.404477 6274.551340
274 704.327393 6274.031497
275 704.251024 6273.515527
276 704.175363 6273.003396
277 704.100402 6272.495073
278 704.026133 6271.990524
279 703.952550 6271.489716
280 703.879645 6270.992618
281 703.807411 6270.499199
282 703.735840 6270.009426
283 703.664926 6269.523269
284 703.594662 6269.040697
285 703.525041 6268.561679
286 703.456057 6268.086186
287 703.387702 6267.614187
288 703.319970 6267.145653
289 703.252854 6266.680554
290 703.186349 6266.218862
291 703.120447 6265.760548
292 703.055143 6265.305583
293 702.990429 6264.853939
294 702.926301 6264.405589
295 702.862752 6263.960504
296 702.799776 6263.518657
297 702.737367 6263.080021
298 702.675519 6262.644569
299 702.614227 6262.212275
300 702.553484 6261.783113
301 702.493285 6261.357055
302 702.433625 6260.934076
303 702.374497 6260.514152
304 702.315897 6260.097255
305 702.257820 6259.683361
306 702.200258 6259.272446
307 702.143209 6258.864484
308 702.086665 6258.459452
309 702.030623 6258.057324
310 701.975077 6257.658077
311 701.920021 6257.261688
312 701.865452 6256.868132
313 701.811364 6256.477387
314 701.757752 6256.089429
315 701.704611 6255.704235
316 701.651937 6255.321783
317 701.599725 6254.942051
318 701.547970 6254.565015
319 701.496667 6254.190655
320 701.445813 6253.818948
321 701.395403 6253.449872
322 701.345432 6253.083407
323 701.295895 6252.719531
324 701.246790 6252.358222
325 701.198110 6251.999461
326 701.149852 6251.643226
327 701.102012 6251.289497
328 701.054586 6250.938254
329 701.007569 6250.589477
330 700.960958 6250.243146
331 700.914748 6249.899240
332 700.868936 6249.557741
333 700.823517 6249.218629
334 700.778487 6248.881886
335 700.733844 6248.547491
336 700.689583 6248.215427
337 700.645700 6247.885674
338 700.602191 6247.558214
339 700.559054 6247.233028
340 700.516284 6246.910100
341 700.473877 6246.589410
342 700.431831 6246.270940
343 700.390141 6245.954674
344 700.348805 6245.640594
345 700.307818 6245.328681
346 700.267178 6245.018920
347 700.226881 6244.711292
348 700.186923 6244.405782
349 700.147302 6244.102372
350 700.108014 6243.801046
351 700.069055 6243.501788
352 700.030424 6243.204580
353 699.992116 6242.909407
354 699.954129 6242.616254
355 699.916459 6242.325103
356 699.879104 6242.035940
357 699.842060 6241.748748
358 699.805324 6241.463513
359 699.768894 6241.180219
360 699.732766 6240.898851
361 699.696938 6240.619394
362 699.661407 6240.341832
363 699.626170 6240.066152
364 699.591224 6239.792339
365 699.556566 6239.520377
366 699.522194 6239.250253
367 699.488105 6238.981953
368 699.454297 6238.715462
369 699.420766 6238.450766
370 699.387510 6238.187852
371 699.354527 6237.926705
372 699.321814 6237.667312
373 699.289368 6237.409660
374 699.257187 6237.153735
375 699.225268 6236.899524
376 699.193609 6236.647013
377 699.162208 6236.396190
378 699.131062 6236.147042
379 699.100169 6235.899555
380 699.069526 6235.653718
381 699.039131 6235.409517
382 699.008982 6235.166940
383 698.979076 6234.925974
384 698.949412 6234.686608
385 698.919986 6234.448829
386 698.890798 6234.212625
387 698.861844 6233.977985
388 698.833122 6233.744895
389 698.804631 6233.513345
390 698.776368 6233.283323
391 698.748331 6233.054817
392 698.720518 6232.827816
393 698.692926 6232.602308
394 698.665555 6232.378283
395 698.638402 6232.155728
396 698.611465 6231.934633
397 698.584741 6231.714987
398 698.558230 6231.496780
399 698.531929 6231.279999
400 698.505836 6231.064635
401 698.479949 6230.850677
402 698.454266 6230.638114
403 698.428786 6230.426936
404 698.403507 6230.217133
405 698.378427 6230.008694
406 698.353544 6229.801609
407 698.328856 6229.595869
408 698.304362 6229.391462
409 698.280059 6229.188380
410 698.255947 6228.986611
411 698.232023 6228.786148
412 698.208286 6228.586979
413 698.184734 6228.389096
414 698.161365 6228.192488
415 698.138178 6227.997147
416 698.115171 6227.803063
417 698.092343 6227.610226
418 698.069692 6227.418628
419 698.047215 6227.228259
420 698.024913 6227.039111
421 698.002783 6226.851174
422 697.980824 6226.664440
423 697.959034 6226.478899
424 697.937412 6226.294544
425 697.915956 6226.111364
426 697.894664 6225.929352
427 697.873536 6225.748500
428 697.852570 6225.568798
429 697.831765 6225.390238
430 697.811118 6225.212812
431 697.790630 6225.036512
432 697.770297 6224.861329
433 697.750119 6224.687256
434 697.730095 6224.514284
435 697.710223 6224.342405
436 697.690502 6224.171612
437 697.670931 6224.001896
438 697.651508 6223.833251
439 697.632232 6223.665667
440 697.613101 6223.499137
441 697.594115 6223.333655
442 697.575273 6223.169211
443 697.556572 6223.005799
444 697.538012 6222.843412
445 697.519591 6222.682041
446 697.501309 6222.521680
447 697.483164 6222.362322
448 697.465154 6222.203959
449 697.447280 6222.046584
450 697.429539 6221.890190
451 697.411931 6221.734770
452 697.394454 6221.580317
453 697.377107 6221.426824
454 697.359889 6221.274285
455 697.342800 6221.122692
456 697.325837 6220.972039
457 697.309000 6220.822319
458 697.292288 6220.673525
459 697.275699 6220.525652
460 697.259233 6220.378692
461 697.242889 6220.232639
462 697.226665 6220.087486
463 697.210561 6219.943228
464 697.194575 6219.799858
465 697.178707 6219.657369
466 697.162955 6219.515755
467 697.147319 6219.375011
468 697.131798 6219.235130
469 697.116390 6219.096106
470 697.101095 6218.957933
471 697.085911 6218.820605
472 697.070839 6218.684116
473 697.055876 6218.548460
474 697.041022 6218.413632
475 697.026276 6218.279625
476 697.011638 6218.146434
477 696.997105 6218.014054
478 696.982678 6217.882478
479 696.968355 6217.751701
480 696.954136 6217.621717
481 696.940020 6217.492521
482 696.926006 6217.364108
483 696.912092 6217.236472
484 696.898279 6217.109607
485 696.884565 6216.983508
486 696.870950 6216.858170
487 696.857433 6216.733588
488 696.844012 6216.609757
489 696.830688 6216.486670
490 696.817459 6216.364324
491 696.804325 6216.242713
492 696.791284 6216.121832
493 696.778336 6216.001676
494 696.765481 6215.882239
495 696.752717 6215.763518
496 696.740044 6215.645506
497 696.727461 6215.528200
498 696.714967 6215.411595
499 696.702562 6215.295685
500 696.690245 6215.180466
