0 0.444460 5.020000
1 0.443139 5.014671
2 0.441839 5.009399
3 0.440559 5.004186
4 0.439300 4.999029
5 0.438061 4.993928
6 0.436841 4.988882
7 0.435640 4.983892
8 0.434459 4.978956
9 0.433296 4.974074
10 0.432152 4.969245
11 0.431026 4.964468
12 0.429917 4.959744
13 0.428826 4.955071
14 0.427753 4.950449
15 0.426696 4.945877
16 0.425656 4.941355
17 0.424633 4.936882
18 0.423625 4.932458
19 0.422634 4.928083
20 0.421658 4.923755
21 0.420698 4.919474
22 0.419753 4.915239
23 0.418823 4.911051
24 0.417908 4.906908
25 0.417007 4.902811
26 0.416120 4.898758
27 0.415248 4.894749
28 0.414389 4.890784
29 0.413544 4.886863
30 0.412712 4.882983
31 0.411893 4.879146
32 0.411088 4.875351
33 0.410295 4.871598
34 0.409514 4.867885
35 0.408746 4.864212
36 0.407990 4.860580
37 0.407246 4.856987
38 0.406514 4.853433
39 0.405794 4.849918
40 0.405085 4.846442
41 0.404387 4.843003
42 0.403700 4.839601
43 0.403024 4.836237
44 0.402358 4.832909
45 0.401703 4.829618
46 0.401059 4.826362
47 0.400425 4.823142
48 0.399801 4.819957
49 0.399186 4.816807
50 0.398582 4.813690
51 0.397987 4.810608
52 0.397401 4.807560
53 0.396825 4.804544
54 0.396257 4.801562
55 0.395699 4.798612
56 0.395150 4.795694
57 0.394609 4.792808
58 0.394077 4.789953
59 0.393553 4.787130
60 0.393038 4.784337
61 0.392530 4.781574
62 0.392031 4.778842
63 0.391540 4.776140
64 0.391056 4.773466
65 0.390580 4.770822
66 0.390112 4.768207
67 0.389651 4.765620
68 0.389197 4.763062
69 0.388750 4.760531
70 0.388311 4.758028
71 0.387878 4.755552
72 0.387453 4.753103
73 0.387034 4.750681
74 0.386621 4.748285
75 0.386216 4.745916
76 0.385816 4.743572
77 0.385423 4.741253
78 0.385036 4.738960
79 0.384656 4.736692
80 0.384281 4.734449
81 0.383912 4.732230
82 0.383549 4.730035
83 0.383192 4.727864
84 0.382841 4.725717
85 0.382495 4.723593
86 0.382154 4.721492
87 0.381819 4.719414
88 0.381489 4.717359
89 0.381165 4.715326
90 0.380845 4.713315
91 0.380531 4.711326
92 0.380222 4.709359
93 0.379917 4.707413
94 0.379617 4.705489
95 0.379322 4.703585
96 0.379032 4.701702
97 0.378746 4.699840
98 0.378465 4.697998
99 0.378189 4.696176
100 0.377916 4.694374
101 0.377648 4.692591
102 0.377384 4.690828
103 0.377125 4.689084
104 0.376869 4.687360
105 0.376618 4.685653
106 0.376370 4.683966
107 0.376127 4.682297
108 0.375887 4.680646
109 0.375651 4.679013
110 0.375419 4.677398
111 0.375190 4.675800
112 0.374966 4.674220
113 0.374744 4.672657
114 0.374526 4.671111
115 0.374312 4.669582
116 0.374101 4.668069
117 0.373893 4.666573
118 0.373689 4.665094
119 0.373488 4.663630
120 0.373290 4.662182
121 0.373095 4.660750
122 0.372903 4.659334
123 0.372715 4.657933
124 0.372529 4.656548
125 0.372346 4.655177
126 0.372166 4.653822
127 0.371989 4.652481
128 0.371815 4.651155
129 0.371643 4.649843
130 0.371475 4.648545
131 0.371309 4.647262
132 0.371145 4.645993
133 0.370984 4.644737
134 0.370826 4.643495
135 0.370670 4.642267
136 0.370517 4.641052
137 0.370366 4.639850
138 0.370217 4.638662
139 0.370071 4.637486
140 0.369927 4.636323
141 0.369785 4.635173
142 0.369646 4.634035
143 0.369509 4.632910
144 0.369374 4.631797
145 0.369241 4.630696
146 0.369110 4.629607
147 0.368982 4.628530
148 0.368855 4.627465
149 0.368730 4.626411
150 0.368608 4.625369
151 0.368487 4.624338
152 0.368368 4.623318
153 0.368251 4.622310
154 0.368136 4.621312
155 0.368023 4.620325
156 0.367911 4.619349
157 0.367802 4.618384
158 0.367694 4.617429
159 0.367587 4.616485
160 0.367483 4.615551
161 0.367380 4.614627
162 0.367279 4.613713
163 0.367179 4.612809
164 0.367081 4.611915
165 0.366984 4.611030
166 0.366889 4.610156
167 0.366796 4.609290
168 0.366704 4.608435
169 0.366613 4.607588
170 0.366524 4.606751
171 0.366436 4.605923
172 0.366350 4.605104
173 0.366265 4.604294
174 0.366181 4.603492
175 0.366099 4.602700
176 0.366018 4.601916
177 0.365938 4.601140
178 0.365859 4.600373
179 0.365782 4.599615
180 0.365706 4.598864
181 0.365631 4.598122
182 0.365558 4.597388
183 0.365485 4.596662
184 0.365414 4.595944
185 0.365344 4.595233
186 0.365275 4.594531
187 0.365207 4.593836
188 0.365140 4.593148
189 0.365074 4.592468
190 0.365009 4.591796
191 0.364945 4.591130
192 0.364883 4.590472
193 0.364821 4.589822
194 0.364760 4.589178
195 0.364700 4.588541
196 0.364641 4.587912
197 0.364583 4.587289
198 0.364526 4.586673
199 0.364470 4.586063
200 0.364415 4.585460
201 0.364360 4.584864
202 0.364307 4.584274
203 0.364254 4.583691
204 0.364202 4.583114
205 0.364151 4.582544
206 0.364101 4.581979
207 0.364052 4.581421
208 0.364003 4.580869
209 0.363955 4.580322
210 0.363908 4.579782
211 0.363862 4.579248
212 0.363816 4.578719
213 0.363771 4.578197
214 0.363727 4.577679
215 0.363683 4.577168
216 0.363641 4.576662
217 0.363599 4.576162
218 0.363557 4.575667
219 0.363516 4.575177
220 0.363476 4.574693
221 0.363437 4.574214
222 0.363398 4.573740
223 0.363359 4.573272
224 0.363322 4.572808
225 0.363285 4.572350
226 0.363248 4.571897
227 0.363212 4.571448
228 0.363177 4.571005
229 0.363142 4.570566
230 0.363108 4.570132
231 0.363074 4.569703
232 0.363041 4.569278
233 0.363008 4.568858
234 0.362976 4.568443
235 0.362945 4.568032
236 0.362913 4.567626
237 0.362883 4.567224
238 0.362853 4.566826
239 0.362823 4.566433
240 0.362794 4.566044
241 0.362765 4.565659
242 0.362737 4.565279
243 0.362709 4.564902
244 0.362682 4.564530
245 0.362655 4.564162
246 0.362628 4.563797
247 0.362602 4.563437
248 0.362576 4.563081
249 0.362551 4.562728
250 0.362526 4.562380
251 0.362502 4.562035
252 0.362477 4.561694
253 0.362454 4.561357
254 0.362430 4.561023
255 0.362407 4.560693
256 0.362385 4.560367
257 0.362363 4.560044
258 0.362341 4.559724
259 0.362319 4.559408
260 0.362298 4.559096
261 0.362277 4.558787
262 0.362256 4.558481
263 0.362236 4.558179
264 0.362216 4.557880
265 0.362197 4.557584
266 0.362177 4.557291
267 0.362158 4.557002
268 0.362140 4.556716
269 0.362121 4.556433
270 0.362103 4.556153
271 0.362085 4.555876
272 0.362068 4.555602
273 0.362051 4.555331
274 0.362034 4.555063
275 0.362017 4.554798
276 0.362001 4.554535
277 0.361984 4.554276
278 0.361968 4.554020
279 0.361953 4.553766
280 0.361937 4.553515
281 0.361922 4.553267
282 0.361907 4.553021
283 0.361893 4.552778
284 0.361878 4.552538
285 0.361864 4.552300
286 0.361850 4.552065
287 0.361836 4.551833
288 0.361822 4.551603
289 0.361809 4.551375
290 0.361796 4.551151
291 0.361783 4.550928
292 0.361770 4.550708
293 0.361758 4.550490
294 0.361745 4.550275
295 0.361733 4.550062
296 0.361721 4.549851
297 0.361710 4.549643
298 0.361698 4.549437
299 0.361687 4.549233
300 0.361675 4.549032
301 0.361664 4.548832
302 0.361653 4.548635
303 0.361643 4.548440
304 0.361632 4.548247
305 0.361622 4.548056
306 0.361612 4.547867
307 0.361602 4.547680
308 0.361592 4.547496
309 0.361582 4.547313
310 0.361573 4.547132
311 0.361563 4.546954
312 0.361554 4.546777
313 0.361545 4.546602
314 0.361536 4.546429
315 0.361527 4.546258
316 0.361518 4.546089
317 0.361510 4.545921
318 0.361501 4.545756
319 0.361493 4.545592
320 0.361485 4.545430
321 0.361477 4.545270
322 0.361469 4.545112
323 0.361461 4.544955
324 0.361454 4.544800
325 0.361446 4.544646
326 0.361439 4.544495
327 0.361431 4.544345
328 0.361424 4.544196
329 0.361417 4.544050
330 0.361410 4.543905
331 0.361403 4.543761
332 0.361397 4.543619
333 0.361390 4.543479
334 0.361383 4.543340
335 0.361377 4.543202
336 0.361371 4.543066
337 0.361365 4.542932
338 0.361358 4.542799
339 0.361352 4.542667
340 0.361346 4.542537
341 0.361341 4.542409
342 0.361335 4.542281
343 0.361329 4.542155
344 0.361324 4.542031
345 0.361318 4.541908
346 0.361313 4.541786
347 0.361308 4.541665
348 0.361302 4.541546
349 0.361297 4.541428
350 0.361292 4.541312
351 0.361287 4.541196
352 0.361282 4.541082
353 0.361277 4.540969
354 0.361273 4.540858
355 0.361268 4.540747
356 0.361263 4.540638
357 0.361259 4.540530
358 0.361255 4.540423
359 0.361250 4.540318
360 0.361246 4.540213
361 0.361242 4.540110
362 0.361237 4.540008
363 0.361233 4.539907
364 0.361229 4.539807
365 0.361225 4.539708
366 0.361221 4.539610
367 0.361218 4.539513
368 0.361214 4.539417
369 0.361210 4.539323
370 0.361206 4.539229
371 0.361203 4.539136
372 0.361199 4.539045
373 0.361196 4.538954
374 0.361192 4.538864
375 0.361189 4.538776
376 0.361186 4.538688
377 0.361182 4.538601
378 0.361179 4.538515
379 0.361176 4.538431
380 0.361173 4.538347
381 0.361170 4.538264
382 0.361167 4.538181
383 0.361164 4.538100
384 0.361161 4.538020
385 0.361158 4.537940
386 0.361155 4.537862
387 0.361152 4.537784
388 0.361149 4.537707
389 0.361147 4.537631
390 0.361144 4.537556
391 0.361141 4.537481
392 0.361139 4.537408
393 0.361136 4.537335
394 0.361134 4.537263
395 0.361131 4.537192
396 0.361129 4.537121
397 0.361126 4.537052
398 0.361124 4.536983
399 0.361122 4.536914
400 0.361120 4.536847
401 0.361117 4.536780
402 0.361115 4.536714
403 0.361113 4.536649
404 0.361111 4.536585
405 0.361109 4.536521
406 0.361107 4.536458
407 0.361105 4.536395
408 0.361103 4.536333
409 0.361101 4.536272
410 0.361099 4.536212
411 0.361097 4.536152
412 0.361095 4.536093
413 0.361093 4.536034
414 0.361091 4.535977
415 0.361089 4.535919
416 0.361088 4.535863
417 0.361086 4.535807
418 0.361084 4.535751
419 0.361083 4.535697
420 0.361081 4.535642
421 0.361079 4.535589
422 0.361078 4.535536
423 0.361076 4.535483
424 0.361075 4.535432
425 0.361073 4.535380
426 0.361072 4.535330
427 0.361070 4.535279
428 0.361069 4.535230
429 0.361067 4.535181
430 0.361066 4.535132
431 0.361064 4.535084
432 0.361063 4.535037
433 0.361062 4.534990
434 0.361060 4.534943
435 0.361059 4.534897
436 0.361058 4.534852
437 0.361056 4.534807
438 0.361055 4.534762
439 0.361054 4.534718
440 0.361053 4.534675
441 0.361052 4.534632
442 0.361050 4.534589
443 0.361049 4.534547
444 0.361048 4.534505
445 0.361047 4.534464
446 0.361046 4.534424
447 0.361045 4.534383
448 0.361044 4.534343
449 0.361043 4.534304
450 0.361042 4.534265
451 0.361041 4.534226
452 0.361040 4.534188
453 0.361039 4.534150
454 0.361038 4.534113
455 0.361037 4.534076
456 0.361036 4.534040
457 0.361035 4.534004
458 0.361034 4.533968
459 0.361033 4.533933
460 0.361032 4.533898
461 0.361032 4.533863
462 0.361031 4.533829
463 0.361030 4.533795
464 0.361029 4.533762
465 0.361028 4.533728
466 0.361027 4.533696
467 0.361027 4.533663
468 0.361026 4.533631
469 0.361025 4.533600
470 0.361024 4.533568
471 0.361024 4.533537
472 0.361023 4.533507
473 0.361022 4.533476
474 0.361022 4.533446
475 0.361021 4.533417
476 0.361020 4.533387
477 0.361019 4.533358
478 0.361019 4.533330
479 0.361018 4.533301
480 0.361018 4.533273
481 0.361017 4.533245
482 0.361016 4.533218
483 0.361016 4.533191
484 0.361015 4.533164
485 0.361015 4.533137
486 0.361014 4.533111
487 0.361013 4.533085
488 0.361013 4.533059
489 0.361012 4.533034
490 0.361012 4.533009
491 0.361011 4.532984
492 0.361011 4.532959
493 0.361010 4.532935
494 0.361010 4.532911
495 0.361009 4.532887
496 0.361009 4.532863
497 0.361008 4.532840
498 0.361008 4.532817
499 0.361007 4.532794
500 0.361007 4.532772
