0 0.393260 4.410000
1 0.391773 4.404037
2 0.390319 4.398166
3 0.388897 4.392385
4 0.387507 4.386693
5 0.386148 4.381088
6 0.384820 4.375569
7 0.383521 4.370135
8 0.382251 4.364785
9 0.381009 4.359517
10 0.379795 4.354330
11 0.378608 4.349222
12 0.377448 4.344193
13 0.376313 4.339241
14 0.375204 4.334366
15 0.374119 4.329565
16 0.373059 4.324838
17 0.372022 4.320184
18 0.371009 4.315601
19 0.370018 4.311088
20 0.369049 4.306645
21 0.368102 4.302270
22 0.367175 4.297963
23 0.366270 4.293721
24 0.365385 4.289545
25 0.364519 4.285433
26 0.363673 4.281384
27 0.362845 4.277397
28 0.362036 4.273472
29 0.361245 4.269607
30 0.360472 4.265801
31 0.359716 4.262054
32 0.358977 4.258364
33 0.358254 4.254731
34 0.357548 4.251154
35 0.356857 4.247631
36 0.356181 4.244163
37 0.355521 4.240748
38 0.354875 4.237386
39 0.354244 4.234075
40 0.353627 4.230816
41 0.353023 4.227606
42 0.352434 4.224445
43 0.351857 4.221333
44 0.351293 4.218269
45 0.350741 4.215252
46 0.350202 4.212282
47 0.349675 4.209357
48 0.349160 4.206477
49 0.348656 4.203641
50 0.348164 4.200849
51 0.347682 4.198099
52 0.347211 4.195392
53 0.346751 4.192727
54 0.346301 4.190102
55 0.345861 4.187518
56 0.345431 4.184974
57 0.345010 4.182468
58 0.344599 4.180001
59 0.344197 4.177572
60 0.343803 4.175181
61 0.343419 4.172826
62 0.343043 4.170507
63 0.342676 4.168224
64 0.342317 4.165976
65 0.341966 4.163762
66 0.341622 4.161583
67 0.341286 4.159437
68 0.340958 4.157324
69 0.340637 4.155243
70 0.340324 4.153195
71 0.340017 4.151178
72 0.339717 4.149191
73 0.339424 4.147236
74 0.339137 4.145310
75 0.338857 4.143414
76 0.338583 4.141547
77 0.338315 4.139709
78 0.338053 4.137899
79 0.337797 4.136117
80 0.337546 4.134362
81 0.337301 4.132635
82 0.337062 4.130933
83 0.336828 4.129258
84 0.336599 4.127609
85 0.336375 4.125985
86 0.336157 4.124386
87 0.335943 4.122811
88 0.335734 4.121261
89 0.335529 4.119735
90 0.335330 4.118232
91 0.335134 4.116752
92 0.334943 4.115295
93 0.334756 4.113860
94 0.334574 4.112447
95 0.334395 4.111056
96 0.334221 4.109686
97 0.334050 4.108338
98 0.333883 4.107010
99 0.333720 4.105702
100 0.333560 4.104415
101 0.333405 4.103147
102 0.333252 4.101899
103 0.333103 4.100670
104 0.332957 4.099460
105 0.332815 4.098268
106 0.332675 4.097095
107 0.332539 4.095940
108 0.332406 4.094803
109 0.332276 4.093683
110 0.332149 4.092580
111 0.332024 4.091494
112 0.331902 4.090425
113 0.331783 4.089372
114 0.331667 4.088336
115 0.331553 4.087315
116 0.331442 4.086310
117 0.331333 4.085321
118 0.331227 4.084347
119 0.331123 4.083387
120 0.331022 4.082443
121 0.330922 4.081513
122 0.330825 4.080597
123 0.330730 4.079695
124 0.330637 4.078808
125 0.330547 4.077933
126 0.330458 4.077073
127 0.330371 4.076225
128 0.330286 4.075391
129 0.330203 4.074569
130 0.330122 4.073760
131 0.330043 4.072963
132 0.329965 4.072179
133 0.329890 4.071406
134 0.329816 4.070646
135 0.329743 4.069897
136 0.329672 4.069160
137 0.329603 4.068434
138 0.329535 4.067719
139 0.329469 4.067015
140 0.329404 4.066322
141 0.329341 4.065640
142 0.329279 4.064968
143 0.329219 4.064307
144 0.329160 4.063655
145 0.329102 4.063014
146 0.329045 4.062382
147 0.328990 4.061760
148 0.328936 4.061148
149 0.328883 4.060545
150 0.328832 4.059952
151 0.328781 4.059367
152 0.328732 4.058792
153 0.328683 4.058225
154 0.328636 4.057667
155 0.328590 4.057118
156 0.328545 4.056577
157 0.328501 4.056044
158 0.328458 4.055520
159 0.328416 4.055003
160 0.328374 4.054495
161 0.328334 4.053994
162 0.328295 4.053501
163 0.328256 4.053016
164 0.328218 4.052538
165 0.328182 4.052068
166 0.328146 4.051604
167 0.328110 4.051148
168 0.328076 4.050699
169 0.328042 4.050257
170 0.328009 4.049821
171 0.327977 4.049392
172 0.327946 4.048970
173 0.327915 4.048554
174 0.327885 4.048145
175 0.327856 4.047742
176 0.327827 4.047345
177 0.327799 4.046954
178 0.327771 4.046569
179 0.327744 4.046191
180 0.327718 4.045818
181 0.327693 4.045450
182 0.327667 4.045089
183 0.327643 4.044732
184 0.327619 4.044382
185 0.327595 4.044037
186 0.327573 4.043697
187 0.327550 4.043362
188 0.327528 4.043032
189 0.327507 4.042708
190 0.327486 4.042388
191 0.327465 4.042074
192 0.327445 4.041764
193 0.327426 4.041459
194 0.327407 4.041159
195 0.327388 4.040863
196 0.327370 4.040572
197 0.327352 4.040285
198 0.327334 4.040003
199 0.327317 4.039725
200 0.327300 4.039451
201 0.327284 4.039182
202 0.327268 4.038916
203 0.327252 4.038655
204 0.327237 4.038398
205 0.327222 4.038144
206 0.327207 4.037895
207 0.327193 4.037649
208 0.327179 4.037408
209 0.327166 4.037169
210 0.327152 4.036935
211 0.327139 4.036704
212 0.327126 4.036477
213 0.327114 4.036253
214 0.327102 4.036033
215 0.327090 4.035816
216 0.327078 4.035602
217 0.327067 4.035392
218 0.327056 4.035185
219 0.327045 4.034981
220 0.327034 4.034780
221 0.327024 4.034582
222 0.327013 4.034388
223 0.327004 4.034196
224 0.326994 4.034007
225 0.326984 4.033821
226 0.326975 4.033638
227 0.326966 4.033458
228 0.326957 4.033281
229 0.326948 4.033106
230 0.326940 4.032934
231 0.326931 4.032765
232 0.326923 4.032598
233 0.326915 4.032434
234 0.326908 4.032272
235 0.326900 4.032113
236 0.326893 4.031956
237 0.326885 4.031802
238 0.326878 4.031650
239 0.326871 4.031500
240 0.326864 4.031353
241 0.326858 4.031208
242 0.326851 4.031065
243 0.326845 4.030924
244 0.326839 4.030786
245 0.326833 4.030650
246 0.326827 4.030515
247 0.326821 4.030383
248 0.326815 4.030253
249 0.326810 4.030125
250 0.326804 4.029999
251 0.326799 4.029874
252 0.326794 4.029752
253 0.326789 4.029632
254 0.326784 4.029513
255 0.326779 4.029396
256 0.326774 4.029281
257 0.326770 4.029168
258 0.326765 4.029057
259 0.326761 4.028947
260 0.326756 4.028839
261 0.326752 4.028732
262 0.326748 4.028627
263 0.326744 4.028524
264 0.326740 4.028423
265 0.326736 4.028323
266 0.326732 4.028224
267 0.326729 4.028127
268 0.326725 4.028032
269 0.326722 4.027938
270 0.326718 4.027845
271 0.326715 4.027754
272 0.326712 4.027664
273 0.326708 4.027576
274 0.326705 4.027489
275 0.326702 4.027403
276 0.326699 4.027319
277 0.326696 4.027236
278 0.326693 4.027154
279 0.326690 4.027073
280 0.326688 4.026994
281 0.326685 4.026916
282 0.326682 4.026839
283 0.326680 4.026763
284 0.326677 4.026689
285 0.326675 4.026615
286 0.326672 4.026543
287 0.326670 4.026472
288 0.326668 4.026402
289 0.326665 4.026333
290 0.326663 4.026265
291 0.326661 4.026198
292 0.326659 4.026132
293 0.326657 4.026067
294 0.326655 4.026003
295 0.326653 4.025941
296 0.326651 4.025879
297 0.326649 4.025818
298 0.326647 4.025758
299 0.326646 4.025699
300 0.326644 4.025640
301 0.326642 4.025583
302 0.326640 4.025527
303 0.326639 4.025471
304 0.326637 4.025417
305 0.326636 4.025363
306 0.326634 4.025310
307 0.326633 4.025257
308 0.326631 4.025206
309 0.326630 4.025155
310 0.326628 4.025106
311 0.326627 4.025057
312 0.326626 4.025008
313 0.326624 4.024961
314 0.326623 4.024914
315 0.326622 4.024868
316 0.326621 4.024822
317 0.326619 4.024778
318 0.326618 4.024734
319 0.326617 4.024690
320 0.326616 4.024647
321 0.326615 4.024605
322 0.326614 4.024564
323 0.326613 4.024523
324 0.326612 4.024483
325 0.326611 4.024444
326 0.326610 4.024405
327 0.326609 4.024366
328 0.326608 4.024329
329 0.326607 4.024292
330 0.326606 4.024255
331 0.326605 4.024219
332 0.326604 4.024184
333 0.326603 4.024149
334 0.326603 4.024114
335 0.326602 4.024080
336 0.326601 4.024047
337 0.326600 4.024014
338 0.326600 4.023982
339 0.326599 4.023950
340 0.326598 4.023919
341 0.326597 4.023888
342 0.326597 4.023858
343 0.326596 4.023828
344 0.326595 4.023798
345 0.326595 4.023769
346 0.326594 4.023741
347 0.326594 4.023713
348 0.326593 4.023685
349 0.326592 4.023658
350 0.326592 4.023631
351 0.326591 4.023605
352 0.326591 4.023579
353 0.326590 4.023553
354 0.326590 4.023528
355 0.326589 4.023503
356 0.326589 4.023478
357 0.326588 4.023454
358 0.326588 4.023431
359 0.326587 4.023407
360 0.326587 4.023384
361 0.326586 4.023362
362 0.326586 4.023340
363 0.326586 4.023318
364 0.326585 4.023296
365 0.326585 4.023275
366 0.326584 4.023254
367 0.326584 4.023233
368 0.326584 4.023213
369 0.326583 4.023193
370 0.326583 4.023173
371 0.326582 4.023154
372 0.326582 4.023135
373 0.326582 4.023116
374 0.326581 4.023097
375 0.326581 4.023079
376 0.326581 4.023061
377 0.326580 4.023044
378 0.326580 4.023026
379 0.326580 4.023009
380 0.326580 4.022992
381 0.326579 4.022976
382 0.326579 4.022959
383 0.326579 4.022943
384 0.326579 4.022927
385 0.326578 4.022912
386 0.326578 4.022896
387 0.326578 4.022881
388 0.326578 4.022866
389 0.326577 4.022852
390 0.326577 4.022837
391 0.326577 4.022823
392 0.326577 4.022809
393 0.326576 4.022795
394 0.326576 4.022782
395 0.326576 4.022768
396 0.326576 4.022755
397 0.326576 4.022742
398 0.326575 4.022729
399 0.326575 4.022717
400 0.326575 4.022705
401 0.326575 4.022692
402 0.326575 4.022680
403 0.326574 4.022669
404 0.326574 4.022657
405 0.326574 4.022645
406 0.326574 4.022634
407 0.326574 4.022623
408 0.326574 4.022612
409 0.326574 4.022601
410 0.326573 4.022591
411 0.326573 4.022580
412 0.326573 4.022570
413 0.326573 4.022560
414 0.326573 4.022550
415 0.326573 4.022540
416 0.326573 4.022531
417 0.326572 4.022521
418 0.326572 4.022512
419 0.326572 4.022502
420 0.326572 4.022493
421 0.326572 4.022484
422 0.326572 4.022476
423 0.326572 4.022467
424 0.326572 4.022458
425 0.326572 4.022450
426 0.326571 4.022442
427 0.326571 4.022434
428 0.326571 4.022426
429 0.326571 4.022418
430 0.326571 4.022410
431 0.326571 4.022402
432 0.326571 4.022395
433 0.326571 4.022387
434 0.326571 4.022380
435 0.326571 4.022373
436 0.326571 4.022366
437 0.326570 4.022359
438 0.326570 4.022352
439 0.326570 4.022345
440 0.326570 4.022339
441 0.326570 4.022332
442 0.326570 4.022326
443 0.326570 4.022319
444 0.326570 4.022313
445 0.326570 4.022307
446 0.326570 4.022301
447 0.326570 4.022295
448 0.326570 4.022289
449 0.326570 4.022283
450 0.326570 4.022277
451 0.326569 4.022272
452 0.326569 4.022266
453 0.326569 4.022261
454 0.326569 4.022255
455 0.326569 4.022250
456 0.326569 4.022245
457 0.326569 4.022240
458 0.326569 4.022235
459 0.326569 4.022230
460 0.326569 4.022225
461 0.326569 4.022220
462 0.326569 4.022215
463 0.326569 4.022211
464 0.326569 4.022206
465 0.326569 4.022202
466 0.326569 4.022197
467 0.326569 4.022193
468 0.326569 4.022188
469 0.326569 4.022184
470 0.326569 4.022180
471 0.326569 4.022176
472 0.326569 4.022172
473 0.326568 4.022168
474 0.326568 4.022164
475 0.326568 4.022160
476 0.326568 4.022156
477 0.326568 4.022152
478 0.326568 4.022149
479 0.326568 4.022145
480 0.326568 4.022142
481 0.326568 4.022138
482 0.326568 4.022135
483 0.326568 4.022131
484 0.326568 4.022128
485 0.326568 4.022124
486 0.326568 4.022121
487 0.326568 4.022118
488 0.326568 4.022115
489 0.326568 4.022112
490 0.326568 4.022109
491 0.326568 4.022106
492 0.326568 4.022103
493 0.326568 4.022100
494 0.326568 4.022097
495 0.326568 4.022094
496 0.326568 4.022091
497 0.326568 4.022088
498 0.326568 4.022086
499 0.326568 4.022083
500 0.326568 4.022080
