0 1.108396 11.680000
1 1.106195 11.671722
2 1.104018 11.663507
3 1.101865 11.655352
4 1.099735 11.647259
5 1.097628 11.639227
6 1.095544 11.631254
7 1.093483 11.623341
8 1.091444 11.615487
9 1.089428 11.607692
10 1.087433 11.599955
11 1.085460 11.592277
12 1.083509 11.584655
13 1.081578 11.577091
14 1.079669 11.569583
15 1.077781 11.562131
16 1.075913 11.554735
17 1.074065 11.547395
18 1.072237 11.540109
19 1.070430 11.532878
20 1.068642 11.525701
21 1.066873 11.518577
22 1.065124 11.511507
23 1.063393 11.504490
24 1.061682 11.497525
25 1.059989 11.490613
26 1.058314 11.483752
27 1.056658 11.476942
28 1.055020 11.470183
29 1.053399 11.463475
30 1.051797 11.456817
31 1.050211 11.450209
32 1.048643 11.443650
33 1.047092 11.437141
34 1.045558 11.430680
35 1.044040 11.424267
36 1.042539 11.417902
37 1.041055 11.411585
38 1.039586 11.405316
39 1.038133 11.399093
40 1.036697 11.392916
41 1.035275 11.386786
42 1.033870 11.380702
43 1.032479 11.374663
44 1.031104 11.368669
45 1.029744 11.362721
46 1.028398 11.356816
47 1.027067 11.350956
48 1.025751 11.345140
49 1.024449 11.339367
50 1.023161 11.333637
51 1.021887 11.327951
52 1.020627 11.322307
53 1.019380 11.316705
54 1.018147 11.311144
55 1.016928 11.305626
56 1.015722 11.300149
57 1.014529 11.294713
58 1.013349 11.289317
59 1.012181 11.283962
60 1.011027 11.278647
61 1.009885 11.273371
62 1.008755 11.268135
63 1.007638 11.262938
64 1.006533 11.257781
65 1.005440 11.252661
66 1.004359 11.247580
67 1.003289 11.242537
68 1.002231 11.237532
69 1.001185 11.232564
70 1.000150 11.227633
71 0.999126 11.222739
72 0.998114 11.217882
73 0.997112 11.213061
74 0.996121 11.208277
75 0.995142 11.203528
76 0.994172 11.198814
77 0.993214 11.194136
78 0.992265 11.189493
79 0.991327 11.184884
80 0.990400 11.180310
81 0.989482 11.175770
82 0.988574 11.171264
83 0.987677 11.166792
84 0.986789 11.162353
85 0.985910 11.157948
86 0.985041 11.153575
87 0.984182 11.149236
88 0.983332 11.144928
89 0.982491 11.140653
90 0.981660 11.136410
91 0.980837 11.132198
92 0.980023 11.128018
93 0.979218 11.123870
94 0.978422 11.119752
95 0.977635 11.115665
96 0.976856 11.111609
97 0.976086 11.107583
98 0.975324 11.103587
99 0.974570 11.099621
100 0.973825 11.095685
101 0.973087 11.091778
102 0.972358 11.087901
103 0.971636 11.084052
104 0.970923 11.080232
105 0.970217 11.076441
106 0.969519 11.072678
107 0.968828 11.068943
108 0.968145 11.065237
109 0.967470 11.061558
110 0.966801 11.057906
111 0.966140 11.054282
112 0.965486 11.050685
113 0.964840 11.047114
114 0.964200 11.043571
115 0.963567 11.040054
116 0.962942 11.036563
117 0.962323 11.033099
118 0.961710 11.029660
119 0.961105 11.026247
120 0.960506 11.022860
121 0.959913 11.019498
122 0.959327 11.016161
123 0.958747 11.012849
124 0.958174 11.009562
125 0.957607 11.006299
126 0.957046 11.003061
127 0.956491 10.999847
128 0.955942 10.996657
129 0.955399 10.993491
130 0.954862 10.990348
131 0.954331 10.987229
132 0.953805 10.984134
133 0.953286 10.981062
134 0.952772 10.978012
135 0.952263 10.974986
136 0.951760 10.971982
137 0.951263 10.969000
138 0.950771 10.966041
139 0.950284 10.963104
140 0.949803 10.960189
141 0.949327 10.957295
142 0.948856 10.954424
143 0.948390 10.951574
144 0.947929 10.948745
145 0.947473 10.945937
146 0.947023 10.943150
147 0.946577 10.940385
148 0.946136 10.937639
149 0.945699 10.934915
150 0.945268 10.932211
151 0.944841 10.929527
152 0.944419 10.926863
153 0.944001 10.924219
154 0.943588 10.921594
155 0.943180 10.918990
156 0.942776 10.916405
157 0.942376 10.913839
158 0.941980 10.911292
159 0.941589 10.908765
160 0.941203 10.906256
161 0.940820 10.903766
162 0.940442 10.901295
163 0.940067 10.898842
164 0.939697 10.896408
165 0.939331 10.893992
166 0.938968 10.891594
167 0.938610 10.889214
168 0.938256 10.886851
169 0.937905 10.884506
170 0.937558 10.882179
171 0.937215 10.879870
172 0.936876 10.877577
173 0.936541 10.875302
174 0.936209 10.873043
175 0.935880 10.870802
176 0.935556 10.868577
177 0.935235 10.866369
178 0.934917 10.864178
179 0.934603 10.862003
180 0.934292 10.859844
181 0.933984 10.857701
182 0.933680 10.855575
183 0.933379 10.853464
184 0.933082 10.851369
185 0.932788 10.849290
186 0.932497 10.847226
187 0.932209 10.845178
188 0.931924 10.843145
189 0.931642 10.841127
190 0.931364 10.839124
191 0.931088 10.837136
192 0.930815 10.835164
193 0.930546 10.833206
194 0.930279 10.831262
195 0.930015 10.829333
196 0.929754 10.827419
197 0.929496 10.825519
198 0.929241 10.823633
199 0.928988 10.821761
200 0.928739 10.819903
201 0.928492 10.818059
202 0.928247 10.816229
203 0.928005 10.814413
204 0.927766 10.812610
205 0.927530 10.810820
206 0.927296 10.809044
207 0.927065 10.807282
208 0.926836 10.805532
209 0.926609 10.803796
210 0.926386 10.802072
211 0.926164 10.800362
212 0.925945 10.798664
213 0.925728 10.796979
214 0.925514 10.795307
215 0.925302 10.793647
216 0.925092 10.791999
217 0.924885 10.790364
218 0.924680 10.788741
219 0.924477 10.787130
220 0.924276 10.785531
221 0.924078 10.783944
222 0.923881 10.782370
223 0.923687 10.780806
224 0.923495 10.779255
225 0.923305 10.777715
226 0.923117 10.776187
227 0.922931 10.774670
228 0.922747 10.773164
229 0.922565 10.771670
230 0.922385 10.770187
231 0.922207 10.768715
232 0.922031 10.767254
233 0.921857 10.765804
234 0.921685 10.764364
235 0.921515 10.762936
236 0.921346 10.761518
237 0.921180 10.760111
238 0.921015 10.758714
239 0.920852 10.757328
240 0.920690 10.755952
241 0.920531 10.754587
242 0.920373 10.753231
243 0.920217 10.751886
244 0.920063 10.750551
245 0.919910 10.749226
246 0.919759 10.747911
247 0.919610 10.746605
248 0.919462 10.745310
249 0.919316 10.744024
250 0.919171 10.742747
251 0.919028 10.741480
252 0.918887 10.740223
253 0.918747 10.738975
254 0.918608 10.737737
255 0.918471 10.736507
256 0.918336 10.735287
257 0.918202 10.734076
258 0.918070 10.732874
259 0.917939 10.731681
260 0.917809 10.730497
261 0.917681 10.729322
262 0.917554 10.728156
263 0.917429 10.726998
264 0.917305 10.725849
265 0.917182 10.724709
266 0.917061 10.723577
267 0.916941 10.722454
268 0.916822 10.721339
269 0.916704 10.720232
270 0.916588 10.719134
271 0.916473 10.718044
272 0.916360 10.716962
273 0.916247 10.715888
274 0.916136 10.714822
275 0.916026 10.713764
276 0.915917 10.712714
277 0.915810 10.711672
278 0.915703 10.710637
279 0.915598 10.709611
280 0.915494 10.708592
281 0.915391 10.707581
282 0.915289 10.706577
283 0.915188 10.705581
284 0.915088 10.704592
285 0.914990 10.703611
286 0.914892 10.702637
287 0.914796 10.701670
288 0.914700 10.700710
289 0.914606 10.699758
290 0.914513 10.698813
291 0.914420 10.697875
292 0.914329 10.696943
293 0.914239 10.696019
294 0.914149 10.695102
295 0.914061 10.694192
296 0.913973 10.693288
297 0.913887 10.692391
298 0.913801 10.691501
299 0.913717 10.690618
300 0.913633 10.689741
301 0.913550 10.688871
302 0.913469 10.688007
303 0.913388 10.687150
304 0.913307 10.686299
305 0.913228 10.685454
306 0.913150 10.684616
307 0.913072 10.683784
308 0.912996 10.682958
309 0.912920 10.682139
310 0.912845 10.681325
311 0.912771 10.680518
312 0.912697 10.679717
313 0.912625 10.678921
314 0.912553 10.678132
315 0.912482 10.677349
316 0.912412 10.676571
317 0.912342 10.675799
318 0.912273 10.675033
319 0.912205 10.674273
320 0.912138 10.673518
321 0.912072 10.672769
322 0.912006 10.672026
323 0.911941 10.671288
324 0.911876 10.670556
325 0.911813 10.669829
326 0.911750 10.669108
327 0.911687 10.668392
328 0.911626 10.667681
329 0.911565 10.666976
330 0.911505 10.666276
331 0.911445 10.665581
332 0.911386 10.664892
333 0.911328 10.664207
334 0.911270 10.663528
335 0.911213 10.662854
336 0.911157 10.662185
337 0.911101 10.661521
338 0.911045 10.660861
339 0.910991 10.660207
340 0.910937 10.659558
341 0.910883 10.658913
342 0.910830 10.658274
343 0.910778 10.657639
344 0.910726 10.657008
345 0.910675 10.656383
346 0.910625 10.655762
347 0.910575 10.655146
348 0.910525 10.654535
349 0.910476 10.653928
350 0.910428 10.653325
351 0.910380 10.652727
352 0.910332 10.652134
353 0.910286 10.651545
354 0.910239 10.650960
355 0.910193 10.650380
356 0.910148 10.649804
357 0.910103 10.649233
358 0.910059 10.648666
359 0.910015 10.648103
360 0.909971 10.647544
361 0.909928 10.646989
362 0.909886 10.646439
363 0.909844 10.645892
364 0.909802 10.645350
365 0.909761 10.644812
366 0.909721 10.644277
367 0.909680 10.643747
368 0.909641 10.643221
369 0.909601 10.642699
370 0.909562 10.642180
371 0.909524 10.641666
372 0.909486 10.641155
373 0.909448 10.640648
374 0.909411 10.640145
375 0.909374 10.639646
376 0.909338 10.639150
377 0.909302 10.638659
378 0.909266 10.638170
379 0.909231 10.637686
380 0.909196 10.637205
381 0.909161 10.636728
382 0.909127 10.636254
383 0.909093 10.635784
384 0.909060 10.635317
385 0.909027 10.634854
386 0.908994 10.634394
387 0.908962 10.633938
388 0.908930 10.633485
389 0.908898 10.633035
390 0.908867 10.632589
391 0.908836 10.632147
392 0.908805 10.631707
393 0.908775 10.631271
394 0.908745 10.630838
395 0.908716 10.630408
396 0.908686 10.629982
397 0.908657 10.629559
398 0.908629 10.629138
399 0.908600 10.628722
400 0.908572 10.628308
401 0.908545 10.627897
402 0.908517 10.627489
403 0.908490 10.627085
404 0.908463 10.626683
405 0.908437 10.626284
406 0.908410 10.625889
407 0.908384 10.625496
408 0.908359 10.625106
409 0.908333 10.624720
410 0.908308 10.624336
411 0.908283 10.623955
412 0.908259 10.623576
413 0.908234 10.623201
414 0.908210 10.622829
415 0.908187 10.622459
416 0.908163 10.622092
417 0.908140 10.621728
418 0.908117 10.621366
419 0.908094 10.621007
420 0.908071 10.620651
421 0.908049 10.620298
422 0.908027 10.619947
423 0.908005 10.619598
424 0.907984 10.619253
425 0.907962 10.618910
426 0.907941 10.618569
427 0.907920 10.618231
428 0.907900 10.617896
429 0.907879 10.617563
430 0.907859 10.617233
431 0.907839 10.616905
432 0.907819 10.616579
433 0.907800 10.616256
434 0.907781 10.615936
435 0.907761 10.615618
436 0.907743 10.615302
437 0.907724 10.614988
438 0.907705 10.614677
439 0.907687 10.614368
440 0.907669 10.614062
441 0.907651 10.613758
442 0.907633 10.613456
443 0.907616 10.613156
444 0.907598 10.612859
445 0.907581 10.612564
446 0.907564 10.612271
447 0.907548 10.611980
448 0.907531 10.611691
449 0.907515 10.611405
450 0.907498 10.611120
451 0.907482 10.610838
452 0.907466 10.610558
453 0.907451 10.610280
454 0.907435 10.610004
455 0.907420 10.609730
456 0.907405 10.609459
457 0.907390 10.609189
458 0.907375 10.608921
459 0.907360 10.608655
460 0.907346 10.608392
461 0.907331 10.608130
462 0.907317 10.607870
463 0.907303 10.607612
464 0.907289 10.607356
465 0.907275 10.607102
466 0.907262 10.606850
467 0.907248 10.606600
468 0.907235 10.606351
469 0.907222 10.606105
470 0.907208 10.605860
471 0.907196 10.605617
472 0.907183 10.605376
473 0.907170 10.605137
474 0.907158 10.604900
475 0.907145 10.604664
476 0.907133 10.604430
477 0.907121 10.604198
478 0.907109 10.603968
479 0.907097 10.603739
480 0.907086 10.603512
481 0.907074 10.603287
482 0.907063 10.603063
483 0.907051 10.602841
484 0.907040 10.602621
485 0.907029 10.602402
486 0.907018 10.602185
487 0.907007 10.601970
488 0.906997 10.601756
489 0.906986 10.601544
490 0.906976 10.601334
491 0.906965 10.601125
492 0.906955 10.600917
493 0.906945 10.600711
494 0.906935 10.600507
495 0.906925 10.600304
496 0.906915 10.600103
497 0.906905 10.599903
498 0.906896 10.599705
499 0.906886 10.599508
500 0.906877 10.599313
