0 0.268007 4.720000
1 0.266944 4.713311
2 0.265902 4.706709
3 0.264879 4.700194
4 0.263876 4.693765
5 0.262892 4.687420
6 0.261926 4.681159
7 0.260979 4.674980
8 0.260051 4.668882
9 0.259140 4.662864
10 0.258246 4.656925
11 0.257369 4.651065
12 0.256509 4.645281
13 0.255666 4.639573
14 0.254838 4.633941
15 0.254027 4.628382
16 0.253231 4.622897
17 0.252450 4.617483
18 0.251684 4.612141
19 0.250932 4.606869
20 0.250195 4.601666
21 0.249472 4.596531
22 0.248763 4.591464
23 0.248067 4.586464
24 0.247385 4.581529
25 0.246715 4.576659
26 0.246059 4.571853
27 0.245415 4.567110
28 0.244783 4.562430
29 0.244163 4.557811
30 0.243555 4.553253
31 0.242959 4.548755
32 0.242374 4.544315
33 0.241800 4.539934
34 0.241237 4.535611
35 0.240685 4.531345
36 0.240144 4.527134
37 0.239612 4.522979
38 0.239091 4.518879
39 0.238580 4.514832
40 0.238079 4.510838
41 0.237587 4.506898
42 0.237105 4.503008
43 0.236631 4.499170
44 0.236167 4.495383
45 0.235712 4.491645
46 0.235265 4.487956
47 0.234827 4.484316
48 0.234397 4.480723
49 0.233976 4.477178
50 0.233562 4.473679
51 0.233156 4.470227
52 0.232759 4.466819
53 0.232368 4.463457
54 0.231985 4.460138
55 0.231610 4.456864
56 0.231241 4.453632
57 0.230880 4.450443
58 0.230526 4.447295
59 0.230178 4.444189
60 0.229837 4.441124
61 0.229502 4.438099
62 0.229174 4.435114
63 0.228852 4.432168
64 0.228536 4.429261
65 0.228227 4.426392
66 0.227923 4.423561
67 0.227625 4.420767
68 0.227332 4.418009
69 0.227046 4.415288
70 0.226764 4.412603
71 0.226488 4.409953
72 0.226218 4.407337
73 0.225952 4.404757
74 0.225692 4.402210
75 0.225436 4.399696
76 0.225186 4.397216
77 0.224940 4.394768
78 0.224699 4.392352
79 0.224462 4.389968
80 0.224230 4.387615
81 0.224003 4.385294
82 0.223779 4.383002
83 0.223560 4.380741
84 0.223345 4.378510
85 0.223135 4.376308
86 0.222928 4.374135
87 0.222725 4.371990
88 0.222526 4.369874
89 0.222331 4.367785
90 0.222140 4.365724
91 0.221952 4.363690
92 0.221768 4.361682
93 0.221588 4.359701
94 0.221410 4.357746
95 0.221237 4.355817
96 0.221066 4.353913
97 0.220899 4.352034
98 0.220735 4.350180
99 0.220574 4.348350
100 0.220416 4.346545
101 0.220261 4.344763
102 0.220110 4.343004
103 0.219961 4.341268
104 0.219814 4.339556
105 0.219671 4.337865
106 0.219531 4.336197
107 0.219393 4.334551
108 0.219257 4.332927
109 0.219125 4.331324
110 0.218994 4.329742
111 0.218867 4.328181
112 0.218742 4.326640
113 0.218619 4.325119
114 0.218498 4.323619
115 0.218380 4.322138
116 0.218264 4.320677
117 0.218150 4.319235
118 0.218039 4.317811
119 0.217929 4.316407
120 0.217822 4.315021
121 0.217717 4.313653
122 0.217613 4.312303
123 0.217512 4.310971
124 0.217412 4.309657
125 0.217315 4.308359
126 0.217219 4.307079
127 0.217126 4.305816
128 0.217033 4.304569
129 0.216943 4.303338
130 0.216855 4.302124
131 0.216768 4.300926
132 0.216683 4.299743
133 0.216599 4.298576
134 0.216517 4.297424
135 0.216437 4.296288
136 0.216358 4.295166
137 0.216280 4.294059
138 0.216204 4.292967
139 0.216130 4.291889
140 0.216057 4.290825
141 0.215985 4.289775
142 0.215915 4.288739
143 0.215846 4.287717
144 0.215779 4.286708
145 0.215712 4.285712
146 0.215647 4.284729
147 0.215583 4.283759
148 0.215521 4.282802
149 0.215459 4.281858
150 0.215399 4.280926
151 0.215340 4.280006
152 0.215282 4.279098
153 0.215225 4.278203
154 0.215169 4.277319
155 0.215115 4.276446
156 0.215061 4.275585
157 0.215008 4.274736
158 0.214957 4.273897
159 0.214906 4.273070
160 0.214856 4.272253
161 0.214808 4.271448
162 0.214760 4.270652
163 0.214713 4.269868
164 0.214667 4.269093
165 0.214622 4.268329
166 0.214578 4.267575
167 0.214534 4.266830
168 0.214492 4.266096
169 0.214450 4.265371
170 0.214409 4.264655
171 0.214369 4.263949
172 0.214329 4.263253
173 0.214291 4.262565
174 0.214253 4.261887
175 0.214216 4.261217
176 0.214179 4.260556
177 0.214143 4.259904
178 0.214108 4.259261
179 0.214074 4.258626
180 0.214040 4.257999
181 0.214007 4.257380
182 0.213974 4.256770
183 0.213942 4.256168
184 0.213911 4.255573
185 0.213880 4.254987
186 0.213850 4.254408
187 0.213821 4.253836
188 0.213792 4.253273
189 0.213763 4.252716
190 0.213735 4.252167
191 0.213708 4.251625
192 0.213681 4.251090
193 0.213655 4.250563
194 0.213629 4.250042
195 0.213604 4.249528
196 0.213579 4.249021
197 0.213555 4.248520
198 0.213531 4.248026
199 0.213507 4.247539
200 0.213484 4.247058
201 0.213462 4.246583
202 0.213440 4.246115
203 0.213418 4.245652
204 0.213397 4.245196
205 0.213376 4.244746
206 0.213355 4.244301
207 0.213335 4.243863
208 0.213316 4.243430
209 0.213296 4.243003
210 0.213277 4.242582
211 0.213259 4.242166
212 0.213240 4.241755
213 0.213223 4.241350
214 0.213205 4.240950
215 0.213188 4.240556
216 0.213171 4.240167
217 0.213154 4.239783
218 0.213138 4.239403
219 0.213122 4.239029
220 0.213106 4.238660
221 0.213091 4.238296
222 0.213076 4.237936
223 0.213061 4.237581
224 0.213047 4.237231
225 0.213033 4.236885
226 0.213019 4.236544
227 0.213005 4.236208
228 0.212992 4.235876
229 0.212978 4.235548
230 0.212966 4.235224
231 0.212953 4.234905
232 0.212941 4.234590
233 0.212928 4.234279
234 0.212916 4.233972
235 0.212905 4.233670
236 0.212893 4.233371
237 0.212882 4.233076
238 0.212871 4.232785
239 0.212860 4.232498
240 0.212849 4.232214
241 0.212839 4.231935
242 0.212829 4.231659
243 0.212819 4.231386
244 0.212809 4.231117
245 0.212799 4.230852
246 0.212790 4.230590
247 0.212780 4.230332
248 0.212771 4.230077
249 0.212762 4.229826
250 0.212754 4.229577
251 0.212745 4.229332
252 0.212737 4.229090
253 0.212728 4.228852
254 0.212720 4.228616
255 0.212712 4.228384
256 0.212704 4.228155
257 0.212697 4.227928
258 0.212689 4.227705
259 0.212682 4.227484
260 0.212675 4.227267
261 0.212667 4.227052
262 0.212660 4.226840
263 0.212654 4.226631
264 0.212647 4.226425
265 0.212640 4.226221
266 0.212634 4.226021
267 0.212628 4.225822
268 0.212621 4.225627
269 0.212615 4.225433
270 0.212609 4.225243
271 0.212603 4.225055
272 0.212598 4.224869
273 0.212592 4.224686
274 0.212587 4.224505
275 0.212581 4.224327
276 0.212576 4.224151
277 0.212571 4.223977
278 0.212566 4.223806
279 0.212561 4.223637
280 0.212556 4.223470
281 0.212551 4.223305
282 0.212546 4.223142
283 0.212541 4.222982
284 0.212537 4.222823
285 0.212532 4.222667
286 0.212528 4.222513
287 0.212524 4.222361
288 0.212519 4.222211
289 0.212515 4.222062
290 0.212511 4.221916
291 0.212507 4.221772
292 0.212503 4.221629
293 0.212500 4.221489
294 0.212496 4.221350
295 0.212492 4.221213
296 0.212488 4.221078
297 0.212485 4.220945
298 0.212481 4.220813
299 0.212478 4.220683
300 0.212475 4.220555
301 0.212471 4.220428
302 0.212468 4.220304
303 0.212465 4.220181
304 0.212462 4.220059
305 0.212459 4.219939
306 0.212456 4.219821
307 0.212453 4.219704
308 0.212450 4.219589
309 0.212447 4.219475
310 0.212445 4.219363
311 0.212442 4.219252
312 0.212439 4.219142
313 0.212437 4.219034
314 0.212434 4.218928
315 0.212431 4.218823
316 0.212429 4.218719
317 0.212427 4.218617
318 0.212424 4.218516
319 0.212422 4.218416
320 0.212420 4.218318
321 0.212417 4.218221
322 0.212415 4.218125
323 0.212413 4.218030
324 0.212411 4.217937
325 0.212409 4.217845
326 0.212407 4.217754
327 0.212405 4.217665
328 0.212403 4.217576
329 0.212401 4.217489
330 0.212399 4.217403
331 0.212397 4.217318
332 0.212395 4.217234
333 0.212394 4.217151
334 0.212392 4.217069
335 0.212390 4.216988
336 0.212389 4.216909
337 0.212387 4.216830
338 0.212385 4.216753
339 0.212384 4.216676
340 0.212382 4.216601
341 0.212381 4.216526
342 0.212379 4.216453
343 0.212378 4.216380
344 0.212376 4.216309
345 0.212375 4.216238
346 0.212373 4.216168
347 0.212372 4.216099
348 0.212371 4.216031
349 0.212370 4.215964
350 0.212368 4.215898
351 0.212367 4.215833
352 0.212366 4.215769
353 0.212365 4.215705
354 0.212363 4.215642
355 0.212362 4.215580
356 0.212361 4.215519
357 0.212360 4.215459
358 0.212359 4.215399
359 0.212358 4.215341
360 0.212357 4.215283
361 0.212356 4.215226
362 0.212355 4.215169
363 0.212354 4.215113
364 0.212353 4.215058
365 0.212352 4.215004
366 0.212351 4.214951
367 0.212350 4.214898
368 0.212349 4.214846
369 0.212348 4.214794
370 0.212347 4.214744
371 0.212346 4.214693
372 0.212346 4.214644
373 0.212345 4.214595
374 0.212344 4.214547
375 0.212343 4.214500
376 0.212342 4.214453
377 0.212342 4.214406
378 0.212341 4.214361
379 0.212340 4.214316
380 0.212339 4.214271
381 0.212339 4.214227
382 0.212338 4.214184
383 0.212337 4.214141
384 0.212337 4.214099
385 0.212336 4.214057
386 0.212335 4.214016
387 0.212335 4.213976
388 0.212334 4.213936
389 0.212334 4.213896
390 0.212333 4.213857
391 0.212332 4.213819
392 0.212332 4.213781
393 0.212331 4.213743
394 0.212331 4.213706
395 0.212330 4.213670
396 0.212330 4.213634
397 0.212329 4.213599
398 0.212329 4.213563
399 0.212328 4.213529
400 0.212328 4.213495
401 0.212327 4.213461
402 0.212327 4.213428
403 0.212326 4.213395
404 0.212326 4.213363
405 0.212325 4.213331
406 0.212325 4.213299
407 0.212324 4.213268
408 0.212324 4.213237
409 0.212324 4.213207
410 0.212323 4.213177
411 0.212323 4.213148
412 0.212322 4.213118
413 0.212322 4.213090
414 0.212322 4.213061
415 0.212321 4.213033
416 0.212321 4.213006
417 0.212321 4.212978
418 0.212320 4.212952
419 0.212320 4.212925
420 0.212320 4.212899
421 0.212319 4.212873
422 0.212319 4.212847
423 0.212319 4.212822
424 0.212318 4.212797
425 0.212318 4.212773
426 0.212318 4.212749
427 0.212317 4.212725
428 0.212317 4.212701
429 0.212317 4.212678
430 0.212317 4.212655
431 0.212316 4.212632
432 0.212316 4.212610
433 0.212316 4.212588
434 0.212316 4.212566
435 0.212315 4.212545
436 0.212315 4.212523
437 0.212315 4.212502
438 0.212315 4.212482
439 0.212314 4.212461
440 0.212314 4.212441
441 0.212314 4.212421
442 0.212314 4.212402
443 0.212313 4.212383
444 0.212313 4.212363
445 0.212313 4.212345
446 0.212313 4.212326
447 0.212313 4.212308
448 0.212312 4.212290
449 0.212312 4.212272
450 0.212312 4.212254
451 0.212312 4.212237
452 0.212312 4.212220
453 0.212312 4.212203
454 0.212311 4.212186
455 0.212311 4.212170
456 0.212311 4.212153
457 0.212311 4.212137
458 0.212311 4.212121
459 0.212311 4.212106
460 0.212310 4.212090
461 0.212310 4.212075
462 0.212310 4.212060
463 0.212310 4.212045
464 0.212310 4.212030
465 0.212310 4.212016
466 0.212310 4.212002
467 0.212309 4.211988
468 0.212309 4.211974
469 0.212309 4.211960
470 0.212309 4.211947
471 0.212309 4.211933
472 0.212309 4.211920
473 0.212309 4.211907
474 0.212309 4.211894
475 0.212308 4.211882
476 0.212308 4.211869
477 0.212308 4.211857
478 0.212308 4.211845
479 0.212308 4.211833
480 0.212308 4.211821
481 0.212308 4.211809
482 0.212308 4.211798
483 0.212308 4.211786
484 0.212308 4.211775
485 0.212307 4.211764
486 0.212307 4.211753
487 0.212307 4.211742
488 0.212307 4.211731
489 0.212307 4.211721
490 0.212307 4.211710
491 0.212307 4.211700
492 0.212307 4.211690
493 0.212307 4.211680
494 0.212307 4.211670
495 0.212307 4.211661
496 0.212306 4.211651
497 0.212306 4.211642
498 0.212306 4.211632
499 0.212306 4.211623
500 0.212306 4.211614
