0 1.251129 9.830000
1 1.247441 9.819644
2 1.243826 9.809429
3 1.240283 9.799355
4 1.236811 9.789417
5 1.233407 9.779616
6 1.230071 9.769949
7 1.226801 9.760413
8 1.223596 9.751008
9 1.220454 9.741732
10 1.217375 9.732582
11 1.214357 9.723558
12 1.211399 9.714657
13 1.208499 9.705877
14 1.205657 9.697218
15 1.202872 9.688676
16 1.200141 9.680252
17 1.197465 9.671943
18 1.194842 9.663747
19 1.192271 9.655663
20 1.189751 9.647690
21 1.187282 9.639826
22 1.184861 9.632069
23 1.182488 9.624418
24 1.180162 9.616872
25 1.177882 9.609429
26 1.175648 9.602088
27 1.173458 9.594847
28 1.171311 9.587704
29 1.169207 9.580660
30 1.167145 9.573712
31 1.165124 9.566859
32 1.163142 9.560099
33 1.161201 9.553432
34 1.159297 9.546856
35 1.157432 9.540370
36 1.155603 9.533973
37 1.153811 9.527663
38 1.152054 9.521439
39 1.150332 9.515300
40 1.148644 9.509245
41 1.146990 9.503273
42 1.145369 9.497383
43 1.143780 9.491573
44 1.142222 9.485842
45 1.140695 9.480190
46 1.139199 9.474615
47 1.137732 9.469117
48 1.136294 9.463693
49 1.134885 9.458343
50 1.133504 9.453067
51 1.132150 9.447863
52 1.130823 9.442730
53 1.129523 9.437667
54 1.128248 9.432673
55 1.126998 9.427748
56 1.125774 9.422889
57 1.124573 9.418098
58 1.123397 9.413371
59 1.122244 9.408710
60 1.121113 9.404112
61 1.120005 9.399577
62 1.118919 9.395103
63 1.117855 9.390691
64 1.116812 9.386340
65 1.115789 9.382048
66 1.114787 9.377814
67 1.113805 9.373638
68 1.112842 9.369520
69 1.111898 9.365457
70 1.110973 9.361451
71 1.110066 9.357499
72 1.109178 9.353600
73 1.108307 9.349756
74 1.107453 9.345964
75 1.106616 9.342223
76 1.105796 9.338534
77 1.104992 9.334895
78 1.104204 9.331306
79 1.103431 9.327766
80 1.102674 9.324274
81 1.101932 9.320830
82 1.101205 9.317434
83 1.100492 9.314083
84 1.099794 9.310778
85 1.099109 9.307519
86 1.098437 9.304304
87 1.097780 9.301133
88 1.097135 9.298005
89 1.096503 9.294921
90 1.095883 9.291878
91 1.095276 9.288877
92 1.094681 9.285917
93 1.094097 9.282997
94 1.093525 9.280117
95 1.092965 9.277277
96 1.092416 9.274475
97 1.091877 9.271712
98 1.091349 9.268986
99 1.090832 9.266298
100 1.090325 9.263646
101 1.089828 9.261031
102 1.089341 9.258452
103 1.088864 9.255907
104 1.088396 9.253398
105 1.087937 9.250923
106 1.087488 9.248481
107 1.087047 9.246073
108 1.086615 9.243698
109 1.086192 9.241355
110 1.085777 9.239045
111 1.085370 9.236766
112 1.084971 9.234518
113 1.084581 9.232301
114 1.084198 9.230114
115 1.083822 9.227957
116 1.083454 9.225829
117 1.083094 9.223731
118 1.082740 9.221661
119 1.082394 9.219620
120 1.082054 9.217606
121 1.081722 9.215620
122 1.081395 9.213661
123 1.081076 9.211729
124 1.080762 9.209824
125 1.080455 9.207944
126 1.080154 9.206090
127 1.079859 9.204261
128 1.079570 9.202458
129 1.079286 9.200679
130 1.079008 9.198924
131 1.078736 9.197193
132 1.078469 9.195486
133 1.078207 9.193803
134 1.077951 9.192142
135 1.077699 9.190504
136 1.077453 9.188888
137 1.077211 9.187295
138 1.076975 9.185723
139 1.076743 9.184173
140 1.076515 9.182644
141 1.076292 9.181136
142 1.076074 9.179648
143 1.075860 9.178181
144 1.075650 9.176734
145 1.075444 9.175306
146 1.075242 9.173898
147 1.075045 9.172510
148 1.074851 9.171140
149 1.074661 9.169789
150 1.074475 9.168457
151 1.074292 9.167142
152 1.074114 9.165846
153 1.073938 9.164567
154 1.073767 9.163306
155 1.073598 9.162062
156 1.073433 9.160836
157 1.073271 9.159626
158 1.073113 9.158432
159 1.072958 9.157255
160 1.072805 9.156094
161 1.072656 9.154948
162 1.072510 9.153819
163 1.072366 9.152704
164 1.072226 9.151605
165 1.072088 9.150521
166 1.071953 9.149452
167 1.071820 9.148398
168 1.071691 9.147358
169 1.071563 9.146332
170 1.071439 9.145320
171 1.071317 9.144322
172 1.071197 9.143338
173 1.071079 9.142367
174 1.070964 9.141409
175 1.070852 9.140464
176 1.070741 9.139533
177 1.070633 9.138614
178 1.070527 9.137707
179 1.070423 9.136813
180 1.070321 9.135932
181 1.070221 9.135062
182 1.070123 9.134204
183 1.070026 9.133358
184 1.069932 9.132523
185 1.069840 9.131700
186 1.069750 9.130888
187 1.069661 9.130087
188 1.069574 9.129298
189 1.069489 9.128519
190 1.069405 9.127750
191 1.069324 9.126992
192 1.069243 9.126245
193 1.069165 9.125507
194 1.069088 9.124780
195 1.069012 9.124063
196 1.068938 9.123355
197 1.068866 9.122658
198 1.068794 9.121969
199 1.068725 9.121290
200 1.068656 9.120621
201 1.068589 9.119960
202 1.068524 9.119309
203 1.068459 9.118666
204 1.068396 9.118033
205 1.068335 9.117407
206 1.068274 9.116791
207 1.068215 9.116183
208 1.068156 9.115583
209 1.068099 9.114991
210 1.068044 9.114408
211 1.067989 9.113832
212 1.067935 9.113265
213 1.067882 9.112705
214 1.067831 9.112152
215 1.067780 9.111608
216 1.067731 9.111070
217 1.067682 9.110541
218 1.067634 9.110018
219 1.067588 9.109502
220 1.067542 9.108994
221 1.067497 9.108492
222 1.067453 9.107998
223 1.067410 9.107510
224 1.067368 9.107028
225 1.067326 9.106554
226 1.067286 9.106085
227 1.067246 9.105624
228 1.067207 9.105168
229 1.067169 9.104719
230 1.067131 9.104276
231 1.067095 9.103839
232 1.067059 9.103408
233 1.067023 9.102982
234 1.066989 9.102563
235 1.066955 9.102149
236 1.066922 9.101741
237 1.066889 9.101339
238 1.066857 9.100942
239 1.066826 9.100551
240 1.066795 9.100164
241 1.066765 9.099784
242 1.066736 9.099408
243 1.066707 9.099037
244 1.066679 9.098672
245 1.066651 9.098311
246 1.066624 9.097956
247 1.066597 9.097605
248 1.066571 9.097259
249 1.066546 9.096918
250 1.066521 9.096582
251 1.066496 9.096250
252 1.066472 9.095922
253 1.066448 9.095600
254 1.066425 9.095281
255 1.066402 9.094967
256 1.066380 9.094657
257 1.066358 9.094351
258 1.066337 9.094050
259 1.066316 9.093753
260 1.066296 9.093460
261 1.066275 9.093170
262 1.066256 9.092885
263 1.066236 9.092604
264 1.066217 9.092326
265 1.066199 9.092052
266 1.066181 9.091782
267 1.066163 9.091516
268 1.066145 9.091253
269 1.066128 9.090994
270 1.066111 9.090739
271 1.066095 9.090487
272 1.066079 9.090238
273 1.066063 9.089993
274 1.066048 9.089751
275 1.066032 9.089513
276 1.066017 9.089277
277 1.066003 9.089045
278 1.065989 9.088816
279 1.065974 9.088591
280 1.065961 9.088368
281 1.065947 9.088148
282 1.065934 9.087932
283 1.065921 9.087718
284 1.065908 9.087507
285 1.065896 9.087299
286 1.065884 9.087094
287 1.065872 9.086892
288 1.065860 9.086693
289 1.065849 9.086496
290 1.065837 9.086302
291 1.065826 9.086110
292 1.065816 9.085922
293 1.065805 9.085735
294 1.065795 9.085552
295 1.065784 9.085371
296 1.065774 9.085192
297 1.065765 9.085016
298 1.065755 9.084842
299 1.065746 9.084670
300 1.065736 9.084501
301 1.065727 9.084334
302 1.065719 9.084170
303 1.065710 9.084008
304 1.065701 9.083848
305 1.065693 9.083690
306 1.065685 9.083534
307 1.065677 9.083381
308 1.065669 9.083229
309 1.065661 9.083080
310 1.065654 9.082932
311 1.065647 9.082787
312 1.065639 9.082644
313 1.065632 9.082502
314 1.065625 9.082363
315 1.065618 9.082225
316 1.065612 9.082089
317 1.065605 9.081956
318 1.065599 9.081824
319 1.065592 9.081693
320 1.065586 9.081565
321 1.065580 9.081438
322 1.065574 9.081313
323 1.065569 9.081190
324 1.065563 9.081069
325 1.065557 9.080949
326 1.065552 9.080831
327 1.065546 9.080714
328 1.065541 9.080599
329 1.065536 9.080485
330 1.065531 9.080374
331 1.065526 9.080263
332 1.065521 9.080154
333 1.065516 9.080047
334 1.065512 9.079941
335 1.065507 9.079837
336 1.065503 9.079734
337 1.065498 9.079632
338 1.065494 9.079532
339 1.065490 9.079433
340 1.065486 9.079335
341 1.065482 9.079239
342 1.065478 9.079144
343 1.065474 9.079051
344 1.065470 9.078958
345 1.065466 9.078867
346 1.065463 9.078778
347 1.065459 9.078689
348 1.065456 9.078602
349 1.065452 9.078515
350 1.065449 9.078431
351 1.065445 9.078347
352 1.065442 9.078264
353 1.065439 9.078182
354 1.065436 9.078102
355 1.065433 9.078023
356 1.065430 9.077944
357 1.065427 9.077867
358 1.065424 9.077791
359 1.065421 9.077716
360 1.065418 9.077642
361 1.065416 9.077569
362 1.065413 9.077497
363 1.065410 9.077426
364 1.065408 9.077356
365 1.065405 9.077287
366 1.065403 9.077219
367 1.065400 9.077151
368 1.065398 9.077085
369 1.065396 9.077019
370 1.065394 9.076955
371 1.065391 9.076891
372 1.065389 9.076829
373 1.065387 9.076767
374 1.065385 9.076706
375 1.065383 9.076645
376 1.065381 9.076586
377 1.065379 9.076527
378 1.065377 9.076469
379 1.065375 9.076412
380 1.065373 9.076356
381 1.065371 9.076301
382 1.065370 9.076246
383 1.065368 9.076192
384 1.065366 9.076139
385 1.065365 9.076086
386 1.065363 9.076035
387 1.065361 9.075984
388 1.065360 9.075933
389 1.065358 9.075883
390 1.065357 9.075834
391 1.065355 9.075786
392 1.065354 9.075738
393 1.065352 9.075691
394 1.065351 9.075645
395 1.065349 9.075599
396 1.065348 9.075554
397 1.065347 9.075510
398 1.065346 9.075466
399 1.065344 9.075422
400 1.065343 9.075380
401 1.065342 9.075338
402 1.065341 9.075296
403 1.065339 9.075255
404 1.065338 9.075215
405 1.065337 9.075175
406 1.065336 9.075136
407 1.065335 9.075097
408 1.065334 9.075058
409 1.065333 9.075021
410 1.065332 9.074984
411 1.065331 9.074947
412 1.065330 9.074911
413 1.065329 9.074875
414 1.065328 9.074840
415 1.065327 9.074805
416 1.065326 9.074771
417 1.065325 9.074737
418 1.065324 9.074704
419 1.065324 9.074671
420 1.065323 9.074638
421 1.065322 9.074606
422 1.065321 9.074575
423 1.065320 9.074544
424 1.065320 9.074513
425 1.065319 9.074483
426 1.065318 9.074453
427 1.065317 9.074423
428 1.065317 9.074394
429 1.065316 9.074366
430 1.065315 9.074337
431 1.065315 9.074309
432 1.065314 9.074282
433 1.065313 9.074255
434 1.065313 9.074228
435 1.065312 9.074202
436 1.065312 9.074176
437 1.065311 9.074150
438 1.065310 9.074125
439 1.065310 9.074100
440 1.065309 9.074075
441 1.065309 9.074051
442 1.065308 9.074027
443 1.065308 9.074003
444 1.065307 9.073980
445 1.065307 9.073957
446 1.065306 9.073934
447 1.065306 9.073912
448 1.065305 9.073890
449 1.065305 9.073868
450 1.065304 9.073847
451 1.065304 9.073825
452 1.065303 9.073805
453 1.065303 9.073784
454 1.065303 9.073764
455 1.065302 9.073744
456 1.065302 9.073724
457 1.065301 9.073704
458 1.065301 9.073685
459 1.065301 9.073666
460 1.065300 9.073648
461 1.065300 9.073629
462 1.065299 9.073611
463 1.065299 9.073593
464 1.065299 9.073575
465 1.065298 9.073558
466 1.065298 9.073541
467 1.065298 9.073524
468 1.065297 9.073507
469 1.065297 9.073490
470 1.065297 9.073474
471 1.065297 9.073458
472 1.065296 9.073442
473 1.065296 9.073426
474 1.065296 9.073411
475 1.065295 9.073396
476 1.065295 9.073381
477 1.065295 9.073366
478 1.065295 9.073351
479 1.065294 9.073337
480 1.065294 9.073323
481 1.065294 9.073309
482 1.065294 9.073295
483 1.065293 9.073281
484 1.065293 9.073268
485 1.065293 9.073255
486 1.065293 9.073242
487 1.065292 9.073229
488 1.065292 9.073216
489 1.065292 9.073203
490 1.065292 9.073191
491 1.065292 9.073179
492 1.065291 9.073167
493 1.065291 9.073155
494 1.065291 9.073143
495 1.065291 9.073132
496 1.065291 9.073120
497 1.065291 9.073109
498 1.065290 9.073098
499 1.065290 9.073087
500 1.065290 9.073076
