0 1.049322 6.610000
1 1.047081 6.604961
2 1.044866 6.599962
3 1.042676 6.595002
4 1.040512 6.590082
5 1.038373 6.585202
6 1.036258 6.580360
7 1.034169 6.575557
8 1.032103 6.570793
9 1.030061 6.566066
10 1.028043 6.561377
11 1.026049 6.556725
12 1.024077 6.552110
13 1.022129 6.547533
14 1.020203 6.542991
15 1.018299 6.538486
16 1.016417 6.534017
17 1.014557 6.529584
18 1.012719 6.525185
19 1.010902 6.520822
20 1.009106 6.516494
21 1.007331 6.512200
22 1.005577 6.507940
23 1.003842 6.503715
24 1.002128 6.499523
25 1.000434 6.495364
26 0.998760 6.491239
27 0.997104 6.487146
28 0.995468 6.483086
29 0.993851 6.479059
30 0.992253 6.475064
31 0.990673 6.471100
32 0.989112 6.467168
33 0.987568 6.463268
34 0.986043 6.459398
35 0.984535 6.455559
36 0.983045 6.451751
37 0.981572 6.447974
38 0.980116 6.444226
39 0.978677 6.440508
40 0.977254 6.436820
41 0.975848 6.433162
42 0.974459 6.429532
43 0.973085 6.425932
44 0.971728 6.422360
45 0.970386 6.418817
46 0.969059 6.415301
47 0.967748 6.411814
48 0.966453 6.408355
49 0.965172 6.404923
50 0.963906 6.401519
51 0.962655 6.398142
52 0.961418 6.394792
53 0.960196 6.391468
54 0.958988 6.388171
55 0.957793 6.384900
56 0.956613 6.381655
57 0.955446 6.378437
58 0.954293 6.375243
59 0.953153 6.372076
60 0.952027 6.368933
61 0.950913 6.365816
62 0.949813 6.362723
63 0.948725 6.359655
64 0.947649 6.356612
65 0.946587 6.353593
66 0.945536 6.350598
67 0.944498 6.347626
68 0.943472 6.344679
69 0.942457 6.341755
70 0.941455 6.338854
71 0.940464 6.335977
72 0.939484 6.333122
73 0.938516 6.330290
74 0.937559 6.327481
75 0.936613 6.324694
76 0.935678 6.321929
77 0.934754 6.319186
78 0.933841 6.316466
79 0.932938 6.313766
80 0.932046 6.311089
81 0.931164 6.308433
82 0.930292 6.305798
83 0.929430 6.303184
84 0.928579 6.300590
85 0.927737 6.298018
86 0.926905 6.295466
87 0.926083 6.292934
88 0.925270 6.290423
89 0.924466 6.287931
90 0.923672 6.285460
91 0.922887 6.283008
92 0.922112 6.280575
93 0.921345 6.278162
94 0.920587 6.275769
95 0.919838 6.273394
96 0.919097 6.271038
97 0.918365 6.268701
98 0.917642 6.266383
99 0.916927 6.264083
100 0.916220 6.261802
101 0.915522 6.259538
102 0.914831 6.257293
103 0.914149 6.255066
104 0.913474 6.252856
105 0.912808 6.250664
106 0.912149 6.248490
107 0.911497 6.246333
108 0.910853 6.244193
109 0.910217 6.242070
110 0.909588 6.239964
111 0.908967 6.237875
112 0.908352 6.235802
113 0.907745 6.233746
114 0.907144 6.231706
115 0.906551 6.229683
116 0.905965 6.227676
117 0.905385 6.225685
118 0.904812 6.223709
119 0.904246 6.221750
120 0.903686 6.219806
121 0.903133 6.217877
122 0.902586 6.215964
123 0.902045 6.214066
124 0.901511 6.212184
125 0.900983 6.210316
126 0.900461 6.208463
127 0.899945 6.206625
128 0.899435 6.204802
129 0.898931 6.202993
130 0.898433 6.201198
131 0.897941 6.199418
132 0.897454 6.197652
133 0.896973 6.195900
134 0.896498 6.194162
135 0.896028 6.192438
136 0.895563 6.190728
137 0.895104 6.189031
138 0.894650 6.187348
139 0.894202 6.185679
140 0.893758 6.184022
141 0.893320 6.182379
142 0.892887 6.180749
143 0.892459 6.179132
144 0.892036 6.177528
145 0.891618 6.175936
146 0.891204 6.174358
147 0.890796 6.172791
148 0.890392 6.171238
149 0.889993 6.169696
150 0.889598 6.168168
151 0.889208 6.166651
152 0.888823 6.165146
153 0.888442 6.163653
154 0.888065 6.162173
155 0.887693 6.160704
156 0.887325 6.159246
157 0.886961 6.157801
158 0.886602 6.156366
159 0.886247 6.154944
160 0.885896 6.153532
161 0.885549 6.152132
162 0.885206 6.150743
163 0.884866 6.149365
164 0.884531 6.147999
165 0.884200 6.146643
166 0.883873 6.145297
167 0.883549 6.143963
168 0.883229 6.142639
169 0.882913 6.141326
170 0.882601 6.140023
171 0.882292 6.138731
172 0.881986 6.137449
173 0.881685 6.136177
174 0.881386 6.134915
175 0.881092 6.133663
176 0.880800 6.132422
177 0.880512 6.131190
178 0.880228 6.129968
179 0.879946 6.128756
180 0.879668 6.127553
181 0.879393 6.126360
182 0.879121 6.125177
183 0.878853 6.124003
184 0.878588 6.122838
185 0.878325 6.121682
186 0.878066 6.120536
187 0.877810 6.119399
188 0.877556 6.118271
189 0.877306 6.117152
190 0.877058 6.116042
191 0.876814 6.114941
192 0.876572 6.113849
193 0.876333 6.112765
194 0.876097 6.111690
195 0.875863 6.110623
196 0.875632 6.109565
197 0.875404 6.108516
198 0.875179 6.107474
199 0.874956 6.106442
200 0.874736 6.105417
201 0.874518 6.104400
202 0.874303 6.103392
203 0.874090 6.102392
204 0.873880 6.101399
205 0.873672 6.100415
206 0.873467 6.099438
207 0.873264 6.098469
208 0.873063 6.097508
209 0.872865 6.096555
210 0.872669 6.095609
211 0.872475 6.094671
212 0.872283 6.093740
213 0.872094 6.092816
214 0.871907 6.091900
215 0.871722 6.090992
216 0.871539 6.090090
217 0.871359 6.089196
218 0.871180 6.088309
219 0.871004 6.087428
220 0.870829 6.086555
221 0.870657 6.085689
222 0.870486 6.084830
223 0.870318 6.083978
224 0.870151 6.083132
225 0.869987 6.082293
226 0.869824 6.081461
227 0.869663 6.080636
228 0.869504 6.079817
229 0.869347 6.079004
230 0.869192 6.078198
231 0.869038 6.077399
232 0.868887 6.076606
233 0.868737 6.075819
234 0.868589 6.075038
235 0.868442 6.074264
236 0.868297 6.073496
237 0.868154 6.072734
238 0.868013 6.071978
239 0.867873 6.071228
240 0.867735 6.070484
241 0.867598 6.069746
242 0.867463 6.069014
243 0.867330 6.068288
244 0.867198 6.067567
245 0.867068 6.066853
246 0.866939 6.066143
247 0.866811 6.065440
248 0.866686 6.064742
249 0.866561 6.064050
250 0.866438 6.063363
251 0.866317 6.062682
252 0.866197 6.062006
253 0.866078 6.061336
254 0.865960 6.060671
255 0.865844 6.060011
256 0.865730 6.059357
257 0.865616 6.058707
258 0.865504 6.058063
259 0.865394 6.057424
260 0.865284 6.056790
261 0.865176 6.056162
262 0.865069 6.055538
263 0.864963 6.054919
264 0.864859 6.054305
265 0.864756 6.053696
266 0.864654 6.053092
267 0.864553 6.052492
268 0.864453 6.051898
269 0.864355 6.051308
270 0.864257 6.050723
271 0.864161 6.050143
272 0.864066 6.049567
273 0.863972 6.048995
274 0.863879 6.048429
275 0.863787 6.047867
276 0.863696 6.047309
277 0.863606 6.046756
278 0.863518 6.046207
279 0.863430 6.045662
280 0.863343 6.045122
281 0.863258 6.044587
282 0.863173 6.044055
283 0.863089 6.043528
284 0.863006 6.043005
285 0.862925 6.042486
286 0.862844 6.041971
287 0.862764 6.041460
288 0.862685 6.040954
289 0.862607 6.040451
290 0.862530 6.039953
291 0.862454 6.039458
292 0.862378 6.038967
293 0.862304 6.038481
294 0.862230 6.037998
295 0.862157 6.037519
296 0.862085 6.037044
297 0.862014 6.036572
298 0.861944 6.036105
299 0.861875 6.035641
300 0.861806 6.035180
301 0.861738 6.034724
302 0.861671 6.034271
303 0.861605 6.033822
304 0.861539 6.033376
305 0.861474 6.032934
306 0.861410 6.032495
307 0.861347 6.032060
308 0.861285 6.031628
309 0.861223 6.031200
310 0.861162 6.030775
311 0.861101 6.030354
312 0.861042 6.029936
313 0.860983 6.029521
314 0.860924 6.029110
315 0.860867 6.028702
316 0.860810 6.028297
317 0.860753 6.027895
318 0.860698 6.027497
319 0.860643 6.027101
320 0.860588 6.026709
321 0.860535 6.026320
322 0.860481 6.025934
323 0.860429 6.025552
324 0.860377 6.025172
325 0.860326 6.024795
326 0.860275 6.024421
327 0.860225 6.024051
328 0.860175 6.023683
329 0.860126 6.023318
330 0.860078 6.022956
331 0.860030 6.022597
332 0.859983 6.022241
333 0.859936 6.021887
334 0.859890 6.021537
335 0.859844 6.021189
336 0.859799 6.020844
337 0.859755 6.020502
338 0.859711 6.020162
339 0.859667 6.019825
340 0.859624 6.019491
341 0.859581 6.019160
342 0.859539 6.018831
343 0.859498 6.018505
344 0.859457 6.018181
345 0.859416 6.017860
346 0.859376 6.017542
347 0.859336 6.017226
348 0.859297 6.016912
349 0.859258 6.016602
350 0.859220 6.016293
351 0.859182 6.015987
352 0.859145 6.015684
353 0.859108 6.015383
354 0.859071 6.015084
355 0.859035 6.014788
356 0.858999 6.014494
357 0.858964 6.014202
358 0.858929 6.013913
359 0.858894 6.013626
360 0.858860 6.013341
361 0.858826 6.013059
362 0.858793 6.012778
363 0.858760 6.012501
364 0.858728 6.012225
365 0.858695 6.011951
366 0.858664 6.011680
367 0.858632 6.011411
368 0.858601 6.011144
369 0.858570 6.010879
370 0.858540 6.010616
371 0.858510 6.010355
372 0.858480 6.010097
373 0.858451 6.009840
374 0.858422 6.009586
375 0.858394 6.009333
376 0.858365 6.009083
377 0.858337 6.008834
378 0.858310 6.008588
379 0.858282 6.008343
380 0.858255 6.008101
381 0.858229 6.007860
382 0.858202 6.007621
383 0.858176 6.007384
384 0.858150 6.007150
385 0.858125 6.006916
386 0.858100 6.006685
387 0.858075 6.006456
388 0.858050 6.006228
389 0.858026 6.006003
390 0.858002 6.005779
391 0.857978 6.005557
392 0.857954 6.005336
393 0.857931 6.005118
394 0.857908 6.004901
395 0.857886 6.004686
396 0.857863 6.004472
397 0.857841 6.004261
398 0.857819 6.004051
399 0.857797 6.003842
400 0.857776 6.003635
401 0.857755 6.003430
402 0.857734 6.003227
403 0.857713 6.003025
404 0.857693 6.002825
405 0.857673 6.002626
406 0.857653 6.002429
407 0.857633 6.002234
408 0.857614 6.002040
409 0.857594 6.001848
410 0.857575 6.001657
411 0.857556 6.001468
412 0.857538 6.001280
413 0.857519 6.001094
414 0.857501 6.000909
415 0.857483 6.000726
416 0.857466 6.000544
417 0.857448 6.000363
418 0.857431 6.000184
419 0.857414 6.000007
420 0.857397 5.999831
421 0.857380 5.999656
422 0.857363 5.999483
423 0.857347 5.999311
424 0.857331 5.999140
425 0.857315 5.998971
426 0.857299 5.998803
427 0.857283 5.998637
428 0.857268 5.998472
429 0.857253 5.998308
430 0.857238 5.998145
431 0.857223 5.997984
432 0.857208 5.997824
433 0.857193 5.997665
434 0.857179 5.997508
435 0.857165 5.997352
436 0.857151 5.997197
437 0.857137 5.997043
438 0.857123 5.996890
439 0.857109 5.996739
440 0.857096 5.996589
441 0.857083 5.996440
442 0.857070 5.996293
443 0.857057 5.996146
444 0.857044 5.996001
445 0.857031 5.995857
446 0.857019 5.995713
447 0.857006 5.995572
448 0.856994 5.995431
449 0.856982 5.995291
450 0.856970 5.995153
451 0.856958 5.995015
452 0.856947 5.994879
453 0.856935 5.994744
454 0.856924 5.994610
455 0.856912 5.994476
456 0.856901 5.994344
457 0.856890 5.994214
458 0.856879 5.994084
459 0.856869 5.993955
460 0.856858 5.993827
461 0.856847 5.993700
462 0.856837 5.993574
463 0.856827 5.993449
464 0.856817 5.993325
465 0.856807 5.993203
466 0.856797 5.993081
467 0.856787 5.992960
468 0.856777 5.992840
469 0.856768 5.992721
470 0.856758 5.992603
471 0.856749 5.992486
472 0.856740 5.992370
473 0.856730 5.992254
474 0.856721 5.992140
475 0.856713 5.992027
476 0.856704 5.991914
477 0.856695 5.991803
478 0.856686 5.991692
479 0.856678 5.991582
480 0.856669 5.991473
481 0.856661 5.991365
482 0.856653 5.991258
483 0.856645 5.991152
484 0.856637 5.991046
485 0.856629 5.990941
486 0.856621 5.990838
487 0.856613 5.990735
488 0.856605 5.990632
489 0.856598 5.990531
490 0.856590 5.990430
491 0.856583 5.990331
492 0.856576 5.990232
493 0.856568 5.990133
494 0.856561 5.990036
495 0.856554 5.989939
496 0.856547 5.989844
497 0.856540 5.989749
498 0.856533 5.989654
499 0.856527 5.989561
500 0.856520 5.989468
