0 0.342942 3.230000
1 0.342332 3.227950
2 0.341725 3.225908
3 0.341121 3.223873
4 0.340520 3.221846
5 0.339923 3.219827
6 0.339329 3.217815
7 0.338739 3.215811
8 0.338151 3.213814
9 0.337567 3.211824
10 0.336985 3.209842
11 0.336407 3.207867
12 0.335833 3.205900
13 0.335261 3.203940
14 0.334692 3.201987
15 0.334126 3.200041
16 0.333564 3.198103
17 0.333004 3.196172
18 0.332448 3.194248
19 0.331894 3.192332
20 0.331344 3.190422
21 0.330797 3.188520
22 0.330252 3.186624
23 0.329711 3.184736
24 0.329172 3.182855
25 0.328636 3.180981
26 0.328103 3.179113
27 0.327574 3.177253
28 0.327047 3.175400
29 0.326522 3.173553
30 0.326001 3.171714
31 0.325483 3.169881
32 0.324967 3.168055
33 0.324454 3.166236
34 0.323944 3.164424
35 0.323436 3.162618
36 0.322932 3.160819
37 0.322430 3.159027
38 0.321931 3.157242
39 0.321434 3.155463
40 0.320941 3.153691
41 0.320450 3.151925
42 0.319961 3.150166
43 0.319475 3.148413
44 0.318992 3.146667
45 0.318512 3.144928
46 0.318034 3.143195
47 0.317558 3.141469
48 0.317086 3.139748
49 0.316616 3.138035
50 0.316148 3.136327
51 0.315683 3.134627
52 0.315220 3.132932
53 0.314760 3.131244
54 0.314303 3.129562
55 0.313847 3.127886
56 0.313395 3.126216
57 0.312945 3.124553
58 0.312497 3.122896
59 0.312052 3.121245
60 0.311609 3.119600
61 0.311168 3.117962
62 0.310730 3.116329
63 0.310294 3.114703
64 0.309861 3.113082
65 0.309430 3.111468
66 0.309001 3.109860
67 0.308575 3.108257
68 0.308151 3.106661
69 0.307729 3.105071
70 0.307310 3.103486
71 0.306892 3.101907
72 0.306477 3.100335
73 0.306065 3.098768
74 0.305654 3.097207
75 0.305246 3.095652
76 0.304840 3.094102
77 0.304436 3.092558
78 0.304035 3.091021
79 0.303635 3.089488
80 0.303238 3.087962
81 0.302843 3.086441
82 0.302450 3.084926
83 0.302059 3.083417
84 0.301670 3.081913
85 0.301284 3.080414
86 0.300899 3.078922
87 0.300517 3.077435
88 0.300136 3.075953
89 0.299758 3.074477
90 0.299382 3.073006
91 0.299007 3.071541
92 0.298635 3.070082
93 0.298265 3.068627
94 0.297897 3.067179
95 0.297531 3.065735
96 0.297166 3.064297
97 0.296804 3.062865
98 0.296444 3.061437
99 0.296086 3.060015
100 0.295729 3.058599
101 0.295375 3.057187
102 0.295022 3.055781
103 0.294672 3.054380
104 0.294323 3.052984
105 0.293976 3.051594
106 0.293631 3.050209
107 0.293288 3.048828
108 0.292947 3.047453
109 0.292608 3.046083
110 0.292270 3.044719
111 0.291935 3.043359
112 0.291601 3.042004
113 0.291269 3.040655
114 0.290938 3.039310
115 0.290610 3.037970
116 0.290283 3.036636
117 0.289958 3.035306
118 0.289635 3.033982
119 0.289314 3.032662
120 0.288994 3.031347
121 0.288676 3.030037
122 0.288360 3.028732
123 0.288045 3.027432
124 0.287733 3.026137
125 0.287422 3.024846
126 0.287112 3.023560
127 0.286804 3.022279
128 0.286498 3.021003
129 0.286194 3.019732
130 0.285891 3.018465
131 0.285590 3.017203
132 0.285291 3.015946
133 0.284993 3.014693
134 0.284697 3.013446
135 0.284402 3.012202
136 0.284109 3.010964
137 0.283817 3.009730
138 0.283528 3.008500
139 0.283239 3.007275
140 0.282952 3.006055
141 0.282667 3.004840
142 0.282384 3.003628
143 0.282102 3.002422
144 0.281821 3.001219
145 0.281542 3.000022
146 0.281264 2.998828
147 0.280988 2.997640
148 0.280714 2.996455
149 0.280441 2.995275
150 0.280169 2.994100
151 0.279899 2.992929
152 0.279630 2.991762
153 0.279363 2.990599
154 0.279098 2.989441
155 0.278833 2.988287
156 0.278570 2.987138
157 0.278309 2.985993
158 0.278049 2.984852
159 0.277790 2.983715
160 0.277533 2.982582
161 0.277277 2.981454
162 0.277023 2.980330
163 0.276770 2.979210
164 0.276518 2.978094
165 0.276268 2.976983
166 0.276019 2.975875
167 0.275771 2.974772
168 0.275525 2.973673
169 0.275280 2.972578
170 0.275037 2.971487
171 0.274794 2.970400
172 0.274553 2.969317
173 0.274314 2.968238
174 0.274075 2.967163
175 0.273838 2.966092
176 0.273602 2.965025
177 0.273368 2.963962
178 0.273135 2.962903
179 0.272903 2.961848
180 0.272672 2.960797
181 0.272443 2.959750
182 0.272214 2.958707
183 0.271987 2.957668
184 0.271762 2.956632
185 0.271537 2.955600
186 0.271314 2.954573
187 0.271092 2.953549
188 0.270871 2.952529
189 0.270651 2.951512
190 0.270433 2.950500
191 0.270215 2.949491
192 0.269999 2.948486
193 0.269784 2.947484
194 0.269570 2.946487
195 0.269358 2.945493
196 0.269146 2.944503
197 0.268936 2.943516
198 0.268727 2.942534
199 0.268519 2.941555
200 0.268312 2.940579
201 0.268106 2.939607
202 0.267901 2.938639
203 0.267697 2.937674
204 0.267495 2.936713
205 0.267294 2.935756
206 0.267093 2.934802
207 0.266894 2.933852
208 0.266696 2.932905
209 0.266499 2.931962
210 0.266303 2.931022
211 0.266108 2.930086
212 0.265914 2.929153
213 0.265721 2.928224
214 0.265529 2.927298
215 0.265339 2.926375
216 0.265149 2.925456
217 0.264960 2.924541
218 0.264773 2.923629
219 0.264586 2.922720
220 0.264400 2.921815
221 0.264216 2.920913
222 0.264032 2.920014
223 0.263849 2.919119
224 0.263668 2.918227
225 0.263487 2.917338
226 0.263307 2.916453
227 0.263129 2.915571
228 0.262951 2.914693
229 0.262774 2.913817
230 0.262598 2.912945
231 0.262423 2.912076
232 0.262250 2.911210
233 0.262077 2.910348
234 0.261905 2.909489
235 0.261733 2.908633
236 0.261563 2.907780
237 0.261394 2.906930
238 0.261226 2.906084
239 0.261058 2.905240
240 0.260892 2.904400
241 0.260726 2.903563
242 0.260561 2.902729
243 0.260398 2.901898
244 0.260235 2.901070
245 0.260073 2.900246
246 0.259911 2.899424
247 0.259751 2.898605
248 0.259592 2.897790
249 0.259433 2.896977
250 0.259275 2.896168
251 0.259119 2.895361
252 0.258963 2.894558
253 0.258807 2.893758
254 0.258653 2.892960
255 0.258500 2.892166
256 0.258347 2.891374
257 0.258195 2.890586
258 0.258044 2.889800
259 0.257894 2.889017
260 0.257745 2.888237
261 0.257596 2.887461
262 0.257448 2.886687
263 0.257301 2.885915
264 0.257155 2.885147
265 0.257010 2.884382
266 0.256865 2.883619
267 0.256721 2.882860
268 0.256578 2.882103
269 0.256436 2.881349
270 0.256295 2.880597
271 0.256154 2.879849
272 0.256014 2.879103
273 0.255875 2.878360
274 0.255737 2.877620
275 0.255599 2.876883
276 0.255462 2.876148
277 0.255326 2.875417
278 0.255190 2.874687
279 0.255056 2.873961
280 0.254922 2.873237
281 0.254788 2.872516
282 0.254656 2.871798
283 0.254524 2.871082
284 0.254393 2.870369
285 0.254262 2.869659
286 0.254133 2.868951
287 0.254004 2.868246
288 0.253876 2.867544
289 0.253748 2.866844
290 0.253621 2.866147
291 0.253495 2.865452
292 0.253369 2.864760
293 0.253244 2.864071
294 0.253120 2.863384
295 0.252997 2.862699
296 0.252874 2.862018
297 0.252752 2.861338
298 0.252630 2.860662
299 0.252510 2.859988
300 0.252389 2.859316
301 0.252270 2.858647
302 0.252151 2.857980
303 0.252033 2.857316
304 0.251915 2.856654
305 0.251798 2.855995
306 0.251682 2.855338
307 0.251566 2.854684
308 0.251451 2.854032
309 0.251337 2.853382
310 0.251223 2.852735
311 0.251110 2.852091
312 0.250997 2.851448
313 0.250885 2.850808
314 0.250774 2.850171
315 0.250663 2.849536
316 0.250553 2.848903
317 0.250443 2.848273
318 0.250334 2.847645
319 0.250226 2.847019
320 0.250118 2.846396
321 0.250011 2.845775
322 0.249904 2.845156
323 0.249798 2.844539
324 0.249693 2.843925
325 0.249588 2.843313
326 0.249483 2.842704
327 0.249379 2.842097
328 0.249276 2.841491
329 0.249174 2.840889
330 0.249071 2.840288
331 0.248970 2.839690
332 0.248869 2.839094
333 0.248768 2.838500
334 0.248669 2.837908
335 0.248569 2.837319
336 0.248470 2.836732
337 0.248372 2.836147
338 0.248274 2.835564
339 0.248177 2.834983
340 0.248080 2.834404
341 0.247984 2.833828
342 0.247889 2.833254
343 0.247793 2.832682
344 0.247699 2.832112
345 0.247605 2.831544
346 0.247511 2.830978
347 0.247418 2.830415
348 0.247325 2.829853
349 0.247233 2.829294
350 0.247142 2.828736
351 0.247051 2.828181
352 0.246960 2.827628
353 0.246870 2.827077
354 0.246780 2.826528
355 0.246691 2.825980
356 0.246603 2.825435
357 0.246514 2.824893
358 0.246427 2.824352
359 0.246340 2.823813
360 0.246253 2.823276
361 0.246167 2.822741
362 0.246081 2.822208
363 0.245995 2.821677
364 0.245911 2.821148
365 0.245826 2.820621
366 0.245742 2.820096
367 0.245659 2.819573
368 0.245576 2.819052
369 0.245493 2.818532
370 0.245411 2.818015
371 0.245329 2.817500
372 0.245248 2.816986
373 0.245167 2.816475
374 0.245087 2.815965
375 0.245007 2.815458
376 0.244927 2.814952
377 0.244848 2.814448
378 0.244769 2.813946
379 0.244691 2.813446
380 0.244613 2.812947
381 0.244536 2.812451
382 0.244459 2.811956
383 0.244382 2.811463
384 0.244306 2.810972
385 0.244231 2.810483
386 0.244155 2.809996
387 0.244080 2.809511
388 0.244006 2.809027
389 0.243932 2.808545
390 0.243858 2.808065
391 0.243785 2.807587
392 0.243712 2.807110
393 0.243639 2.806635
394 0.243567 2.806162
395 0.243496 2.805691
396 0.243424 2.805222
397 0.243353 2.804754
398 0.243283 2.804288
399 0.243213 2.803824
400 0.243143 2.803362
401 0.243073 2.802901
402 0.243004 2.802442
403 0.242936 2.801984
404 0.242867 2.801529
405 0.242800 2.801075
406 0.242732 2.800623
407 0.242665 2.800172
408 0.242598 2.799723
409 0.242531 2.799276
410 0.242465 2.798830
411 0.242400 2.798386
412 0.242334 2.797944
413 0.242269 2.797504
414 0.242205 2.797065
415 0.242140 2.796627
416 0.242076 2.796192
417 0.242013 2.795758
418 0.241949 2.795325
419 0.241886 2.794894
420 0.241824 2.794465
421 0.241761 2.794038
422 0.241700 2.793612
423 0.241638 2.793187
424 0.241577 2.792764
425 0.241516 2.792343
426 0.241455 2.791923
427 0.241395 2.791505
428 0.241335 2.791088
429 0.241275 2.790673
430 0.241216 2.790260
431 0.241157 2.789848
432 0.241098 2.789437
433 0.241040 2.789029
434 0.240982 2.788621
435 0.240924 2.788215
436 0.240867 2.787811
437 0.240810 2.787408
438 0.240753 2.787007
439 0.240697 2.786607
440 0.240641 2.786209
441 0.240585 2.785812
442 0.240529 2.785416
443 0.240474 2.785022
444 0.240419 2.784630
445 0.240364 2.784239
446 0.240310 2.783849
447 0.240256 2.783461
448 0.240202 2.783075
449 0.240149 2.782689
450 0.240095 2.782306
451 0.240043 2.781923
452 0.239990 2.781542
453 0.239938 2.781163
454 0.239886 2.780785
455 0.239834 2.780408
456 0.239782 2.780033
457 0.239731 2.779659
458 0.239680 2.779287
459 0.239630 2.778916
460 0.239579 2.778546
461 0.239529 2.778177
462 0.239479 2.777811
463 0.239430 2.777445
464 0.239380 2.777081
465 0.239331 2.776718
466 0.239283 2.776356
467 0.239234 2.775996
468 0.239186 2.775637
469 0.239138 2.775280
470 0.239090 2.774924
471 0.239043 2.774569
472 0.238996 2.774215
473 0.238949 2.773863
474 0.238902 2.773512
475 0.238856 2.773163
476 0.238809 2.772814
477 0.238763 2.772467
478 0.238718 2.772122
479 0.238672 2.771777
480 0.238627 2.771434
481 0.238582 2.771092
482 0.238538 2.770752
483 0.238493 2.770412
484 0.238449 2.770074
485 0.238405 2.769738
486 0.238361 2.769402
487 0.238318 2.769068
488 0.238274 2.768735
489 0.238231 2.768403
490 0.238189 2.768072
491 0.238146 2.767743
492 0.238104 2.767415
493 0.238062 2.767088
494 0.238020 2.766762
495 0.237978 2.766438
496 0.237937 2.766115
497 0.237895 2.765793
498 0.237854 2.765472
499 0.237814 2.765152
500 0.237773 2.764834
