0 0.975586 7.510000
1 0.973886 7.505330
2 0.972200 7.500688
3 0.970528 7.496072
4 0.968870 7.491482
5 0.967226 7.486919
6 0.965595 7.482383
7 0.963979 7.477872
8 0.962376 7.473388
9 0.960786 7.468929
10 0.959210 7.464496
11 0.957647 7.460089
12 0.956097 7.455707
13 0.954560 7.451350
14 0.953036 7.447018
15 0.951525 7.442711
16 0.950026 7.438430
17 0.948540 7.434172
18 0.947066 7.429940
19 0.945605 7.425731
20 0.944156 7.421547
21 0.942719 7.417387
22 0.941294 7.413251
23 0.939881 7.409139
24 0.938480 7.405051
25 0.937091 7.400986
26 0.935713 7.396945
27 0.934347 7.392926
28 0.932992 7.388931
29 0.931649 7.384960
30 0.930317 7.381010
31 0.928996 7.377084
32 0.927686 7.373180
33 0.926387 7.369299
34 0.925099 7.365440
35 0.923822 7.361604
36 0.922556 7.357789
37 0.921300 7.353997
38 0.920055 7.350226
39 0.918820 7.346477
40 0.917595 7.342750
41 0.916381 7.339044
42 0.915177 7.335360
43 0.913983 7.331696
44 0.912799 7.328054
45 0.911625 7.324433
46 0.910461 7.320833
47 0.909306 7.317253
48 0.908162 7.313694
49 0.907026 7.310156
50 0.905901 7.306638
51 0.904784 7.303140
52 0.903678 7.299663
53 0.902580 7.296205
54 0.901492 7.292767
55 0.900412 7.289350
56 0.899342 7.285952
57 0.898281 7.282573
58 0.897228 7.279214
59 0.896185 7.275874
60 0.895150 7.272554
61 0.894124 7.269252
62 0.893106 7.265970
63 0.892097 7.262707
64 0.891097 7.259462
65 0.890105 7.256236
66 0.889121 7.253029
67 0.888145 7.249840
68 0.887178 7.246670
69 0.886219 7.243518
70 0.885267 7.240384
71 0.884324 7.237268
72 0.883389 7.234170
73 0.882461 7.231090
74 0.881541 7.228027
75 0.880629 7.224983
76 0.879725 7.221955
77 0.878828 7.218946
78 0.877939 7.215953
79 0.877057 7.212978
80 0.876182 7.210020
81 0.875315 7.207079
82 0.874455 7.204155
83 0.873603 7.201248
84 0.872757 7.198358
85 0.871919 7.195484
86 0.871087 7.192627
87 0.870263 7.189786
88 0.869445 7.186962
89 0.868635 7.184154
90 0.867831 7.181362
91 0.867034 7.178586
92 0.866243 7.175826
93 0.865459 7.173082
94 0.864682 7.170354
95 0.863911 7.167642
96 0.863147 7.164945
97 0.862389 7.162264
98 0.861638 7.159598
99 0.860892 7.156948
100 0.860153 7.154312
101 0.859421 7.151692
102 0.858694 7.149088
103 0.857973 7.146498
104 0.857259 7.143923
105 0.856550 7.141363
106 0.855848 7.138818
107 0.855151 7.136287
108 0.854460 7.133771
109 0.853775 7.131269
110 0.853096 7.128782
111 0.852422 7.126309
112 0.851754 7.123851
113 0.851092 7.121406
114 0.850435 7.118976
115 0.849784 7.116560
116 0.849138 7.114157
117 0.848497 7.111769
118 0.847862 7.109394
119 0.847232 7.107033
120 0.846608 7.104686
121 0.845989 7.102352
122 0.845375 7.100031
123 0.844766 7.097724
124 0.844162 7.095430
125 0.843563 7.093150
126 0.842969 7.090882
127 0.842381 7.088628
128 0.841797 7.086386
129 0.841218 7.084158
130 0.840644 7.081942
131 0.840075 7.079739
132 0.839510 7.077549
133 0.838950 7.075372
134 0.838395 7.073207
135 0.837845 7.071054
136 0.837299 7.068914
137 0.836758 7.066786
138 0.836221 7.064671
139 0.835689 7.062567
140 0.835161 7.060476
141 0.834638 7.058397
142 0.834119 7.056330
143 0.833604 7.054274
144 0.833094 7.052231
145 0.832588 7.050199
146 0.832086 7.048179
147 0.831589 7.046171
148 0.831095 7.044174
149 0.830606 7.042189
150 0.830121 7.040215
151 0.829640 7.038253
152 0.829163 7.036302
153 0.828690 7.034362
154 0.828221 7.032433
155 0.827756 7.030515
156 0.827295 7.028609
157 0.826837 7.026713
158 0.826384 7.024829
159 0.825934 7.022955
160 0.825488 7.021092
161 0.825046 7.019240
162 0.824607 7.017398
163 0.824172 7.015567
164 0.823741 7.013747
165 0.823314 7.011937
166 0.822890 7.010138
167 0.822469 7.008349
168 0.822052 7.006570
169 0.821639 7.004801
170 0.821229 7.003043
171 0.820822 7.001295
172 0.820419 6.999557
173 0.820019 6.997828
174 0.819623 6.996110
175 0.819230 6.994402
176 0.818840 6.992704
177 0.818454 6.991015
178 0.818070 6.989336
179 0.817690 6.987667
180 0.817313 6.986007
181 0.816940 6.984357
182 0.816569 6.982717
183 0.816202 6.981086
184 0.815837 6.979464
185 0.815476 6.977852
186 0.815118 6.976249
187 0.814762 6.974655
188 0.814410 6.973070
189 0.814061 6.971495
190 0.813714 6.969928
191 0.813371 6.968371
192 0.813030 6.966822
193 0.812692 6.965283
194 0.812357 6.963752
195 0.812025 6.962231
196 0.811696 6.960718
197 0.811369 6.959213
198 0.811045 6.957718
199 0.810724 6.956231
200 0.810405 6.954752
201 0.810090 6.953282
202 0.809776 6.951821
203 0.809466 6.950368
204 0.809158 6.948923
205 0.808853 6.947487
206 0.808550 6.946059
207 0.808250 6.944639
208 0.807952 6.943227
209 0.807657 6.941824
210 0.807364 6.940428
211 0.807074 6.939041
212 0.806786 6.937662
213 0.806500 6.936290
214 0.806217 6.934927
215 0.805936 6.933571
216 0.805658 6.932223
217 0.805382 6.930883
218 0.805108 6.929551
219 0.804837 6.928226
220 0.804568 6.926909
221 0.804301 6.925599
222 0.804036 6.924297
223 0.803774 6.923003
224 0.803514 6.921716
225 0.803256 6.920437
226 0.803000 6.919164
227 0.802746 6.917900
228 0.802494 6.916642
229 0.802245 6.915392
230 0.801997 6.914149
231 0.801752 6.912913
232 0.801509 6.911684
233 0.801268 6.910462
234 0.801028 6.909247
235 0.800791 6.908040
236 0.800556 6.906839
237 0.800323 6.905645
238 0.800091 6.904458
239 0.799862 6.903278
240 0.799635 6.902105
241 0.799409 6.900938
242 0.799185 6.899778
243 0.798964 6.898625
244 0.798744 6.897479
245 0.798526 6.896339
246 0.798309 6.895206
247 0.798095 6.894079
248 0.797882 6.892959
249 0.797672 6.891845
250 0.797462 6.890737
251 0.797255 6.889636
252 0.797050 6.888542
253 0.796846 6.887453
254 0.796644 6.886371
255 0.796443 6.885295
256 0.796244 6.884226
257 0.796047 6.883162
258 0.795852 6.882105
259 0.795658 6.881054
260 0.795466 6.880008
261 0.795275 6.878969
262 0.795086 6.877936
263 0.794899 6.876909
264 0.794713 6.875887
265 0.794529 6.874872
266 0.794346 6.873862
267 0.794165 6.872858
268 0.793985 6.871860
269 0.793807 6.870868
270 0.793630 6.869882
271 0.793455 6.868901
272 0.793281 6.867926
273 0.793109 6.866956
274 0.792938 6.865992
275 0.792769 6.865034
276 0.792601 6.864081
277 0.792434 6.863133
278 0.792269 6.862191
279 0.792105 6.861255
280 0.791943 6.860324
281 0.791782 6.859398
282 0.791622 6.858478
283 0.791464 6.857562
284 0.791307 6.856653
285 0.791151 6.855748
286 0.790996 6.854849
287 0.790843 6.853954
288 0.790691 6.853065
289 0.790541 6.852181
290 0.790392 6.851303
291 0.790243 6.850429
292 0.790097 6.849560
293 0.789951 6.848696
294 0.789807 6.847838
295 0.789664 6.846984
296 0.789522 6.846135
297 0.789381 6.845291
298 0.789241 6.844452
299 0.789103 6.843617
300 0.788966 6.842788
301 0.788829 6.841963
302 0.788695 6.841143
303 0.788561 6.840328
304 0.788428 6.839518
305 0.788296 6.838712
306 0.788166 6.837910
307 0.788036 6.837114
308 0.787908 6.836322
309 0.787781 6.835534
310 0.787655 6.834752
311 0.787530 6.833973
312 0.787406 6.833199
313 0.787283 6.832430
314 0.787161 6.831665
315 0.787040 6.830904
316 0.786920 6.830148
317 0.786801 6.829396
318 0.786683 6.828649
319 0.786566 6.827905
320 0.786450 6.827166
321 0.786335 6.826432
322 0.786221 6.825701
323 0.786108 6.824975
324 0.785995 6.824253
325 0.785884 6.823535
326 0.785774 6.822821
327 0.785665 6.822112
328 0.785556 6.821406
329 0.785449 6.820705
330 0.785342 6.820007
331 0.785236 6.819314
332 0.785131 6.818624
333 0.785027 6.817939
334 0.784924 6.817257
335 0.784822 6.816580
336 0.784721 6.815906
337 0.784620 6.815236
338 0.784521 6.814570
339 0.784422 6.813908
340 0.784324 6.813250
341 0.784226 6.812595
342 0.784130 6.811945
343 0.784035 6.811298
344 0.783940 6.810655
345 0.783846 6.810015
346 0.783753 6.809379
347 0.783660 6.808747
348 0.783569 6.808118
349 0.783478 6.807493
350 0.783388 6.806872
351 0.783298 6.806254
352 0.783210 6.805640
353 0.783122 6.805030
354 0.783035 6.804423
355 0.782948 6.803819
356 0.782863 6.803219
357 0.782778 6.802622
358 0.782693 6.802029
359 0.782610 6.801439
360 0.782527 6.800853
361 0.782445 6.800270
362 0.782363 6.799690
363 0.782283 6.799113
364 0.782203 6.798540
365 0.782123 6.797971
366 0.782044 6.797404
367 0.781966 6.796841
368 0.781889 6.796281
369 0.781812 6.795724
370 0.781736 6.795171
371 0.781660 6.794621
372 0.781586 6.794074
373 0.781511 6.793530
374 0.781438 6.792989
375 0.781365 6.792451
376 0.781292 6.791916
377 0.781220 6.791385
378 0.781149 6.790856
379 0.781079 6.790331
380 0.781009 6.789808
381 0.780939 6.789289
382 0.780870 6.788773
383 0.780802 6.788259
384 0.780735 6.787749
385 0.780667 6.787241
386 0.780601 6.786737
387 0.780535 6.786235
388 0.780469 6.785736
389 0.780405 6.785240
390 0.780340 6.784747
391 0.780276 6.784257
392 0.780213 6.783769
393 0.780150 6.783285
394 0.780088 6.782803
395 0.780026 6.782324
396 0.779965 6.781848
397 0.779905 6.781374
398 0.779844 6.780903
399 0.779785 6.780435
400 0.779726 6.779970
401 0.779667 6.779507
402 0.779609 6.779047
403 0.779551 6.778590
404 0.779494 6.778135
405 0.779437 6.777683
406 0.779381 6.777233
407 0.779325 6.776786
408 0.779270 6.776342
409 0.779215 6.775900
410 0.779161 6.775461
411 0.779107 6.775024
412 0.779053 6.774590
413 0.779000 6.774158
414 0.778948 6.773729
415 0.778896 6.773302
416 0.778844 6.772878
417 0.778793 6.772456
418 0.778742 6.772037
419 0.778691 6.771620
420 0.778641 6.771205
421 0.778592 6.770793
422 0.778543 6.770383
423 0.778494 6.769976
424 0.778446 6.769571
425 0.778398 6.769168
426 0.778350 6.768768
427 0.778303 6.768369
428 0.778256 6.767973
429 0.778210 6.767580
430 0.778164 6.767189
431 0.778118 6.766800
432 0.778073 6.766413
433 0.778028 6.766028
434 0.777984 6.765646
435 0.777940 6.765266
436 0.777896 6.764888
437 0.777853 6.764512
438 0.777810 6.764138
439 0.777767 6.763767
440 0.777725 6.763397
441 0.777683 6.763030
442 0.777642 6.762665
443 0.777601 6.762302
444 0.777560 6.761941
445 0.777519 6.761582
446 0.777479 6.761226
447 0.777439 6.760871
448 0.777400 6.760518
449 0.777361 6.760168
450 0.777322 6.759819
451 0.777283 6.759473
452 0.777245 6.759128
453 0.777207 6.758785
454 0.777170 6.758445
455 0.777132 6.758106
456 0.777095 6.757769
457 0.777059 6.757435
458 0.777023 6.757102
459 0.776987 6.756771
460 0.776951 6.756442
461 0.776915 6.756115
462 0.776880 6.755790
463 0.776846 6.755466
464 0.776811 6.755145
465 0.776777 6.754825
466 0.776743 6.754507
467 0.776709 6.754191
468 0.776676 6.753877
469 0.776643 6.753565
470 0.776610 6.753254
471 0.776577 6.752945
472 0.776545 6.752638
473 0.776513 6.752333
474 0.776481 6.752030
475 0.776450 6.751728
476 0.776419 6.751428
477 0.776388 6.751130
478 0.776357 6.750833
479 0.776327 6.750539
480 0.776296 6.750246
481 0.776267 6.749954
482 0.776237 6.749664
483 0.776207 6.749376
484 0.776178 6.749090
485 0.776149 6.748805
486 0.776121 6.748522
487 0.776092 6.748241
488 0.776064 6.747961
489 0.776036 6.747682
490 0.776008 6.747406
491 0.775981 6.747131
492 0.775954 6.746857
493 0.775927 6.746585
494 0.775900 6.746315
495 0.775873 6.746046
496 0.775847 6.745779
497 0.775821 6.745513
498 0.775795 6.745249
499 0.775769 6.744987
500 0.775744 6.744726
