0 2.261668 20.160000
1 2.257129 20.145540
2 2.252677 20.131271
3 2.248310 20.117191
4 2.244028 20.103299
5 2.239829 20.089590
6 2.235710 20.076064
7 2.231670 20.062716
8 2.227708 20.049546
9 2.223823 20.036550
10 2.220012 20.023727
11 2.216275 20.011074
12 2.212610 19.998588
13 2.209015 19.986268
14 2.205490 19.974112
15 2.202032 19.962116
16 2.198641 19.950280
17 2.195315 19.938601
18 2.192053 19.927076
19 2.188854 19.915705
20 2.185717 19.904484
21 2.182640 19.893412
22 2.179623 19.882487
23 2.176663 19.871707
24 2.173760 19.861069
25 2.170914 19.850573
26 2.168122 19.840216
27 2.165384 19.829996
28 2.162698 19.819912
29 2.160065 19.809962
30 2.157482 19.800143
31 2.154948 19.790455
32 2.152464 19.780895
33 2.150027 19.771462
34 2.147638 19.762154
35 2.145294 19.752970
36 2.142995 19.743907
37 2.140741 19.734964
38 2.138530 19.726140
39 2.136362 19.717433
40 2.134235 19.708842
41 2.132150 19.700364
42 2.130104 19.691999
43 2.128098 19.683745
44 2.126131 19.675600
45 2.124201 19.667564
46 2.122309 19.659633
47 2.120453 19.651809
48 2.118633 19.644087
49 2.116847 19.636468
50 2.115097 19.628951
51 2.113379 19.621533
52 2.111695 19.614213
53 2.110044 19.606990
54 2.108424 19.599863
55 2.106835 19.592831
56 2.105277 19.585892
57 2.103749 19.579045
58 2.102251 19.572289
59 2.100781 19.565622
60 2.099340 19.559044
61 2.097926 19.552553
62 2.096539 19.546148
63 2.095180 19.539828
64 2.093846 19.533591
65 2.092538 19.527438
66 2.091255 19.521366
67 2.089997 19.515375
68 2.088764 19.509463
69 2.087553 19.503629
70 2.086367 19.497873
71 2.085203 19.492193
72 2.084061 19.486589
73 2.082942 19.481058
74 2.081844 19.475601
75 2.080767 19.470217
76 2.079711 19.464904
77 2.078675 19.459661
78 2.077659 19.454488
79 2.076663 19.449384
80 2.075686 19.444347
81 2.074728 19.439377
82 2.073788 19.434473
83 2.072866 19.429634
84 2.071962 19.424859
85 2.071076 19.420147
86 2.070206 19.415498
87 2.069354 19.410911
88 2.068517 19.406384
89 2.067697 19.401917
90 2.066893 19.397510
91 2.066104 19.393161
92 2.065330 19.388870
93 2.064571 19.384635
94 2.063827 19.380457
95 2.063097 19.376334
96 2.062381 19.372266
97 2.061679 19.368252
98 2.060991 19.364291
99 2.060315 19.360383
100 2.059653 19.356526
101 2.059004 19.352721
102 2.058367 19.348966
103 2.057742 19.345261
104 2.057129 19.341605
105 2.056528 19.337997
106 2.055939 19.334438
107 2.055361 19.330925
108 2.054794 19.327459
109 2.054238 19.324039
110 2.053693 19.320665
111 2.053158 19.317335
112 2.052634 19.314049
113 2.052119 19.310807
114 2.051615 19.307608
115 2.051120 19.304451
116 2.050635 19.301336
117 2.050159 19.298263
118 2.049692 19.295230
119 2.049234 19.292237
120 2.048786 19.289284
121 2.048345 19.286371
122 2.047913 19.283496
123 2.047490 19.280659
124 2.047075 19.277859
125 2.046667 19.275097
126 2.046268 19.272372
127 2.045876 19.269682
128 2.045492 19.267028
129 2.045115 19.264410
130 2.044745 19.261826
131 2.044383 19.259276
132 2.044027 19.256761
133 2.043679 19.254278
134 2.043337 19.251829
135 2.043002 19.249412
136 2.042673 19.247027
137 2.042350 19.244673
138 2.042034 19.242351
139 2.041723 19.240060
140 2.041419 19.237799
141 2.041121 19.235568
142 2.040828 19.233367
143 2.040541 19.231194
144 2.040260 19.229051
145 2.039983 19.226936
146 2.039713 19.224849
147 2.039447 19.222790
148 2.039187 19.220758
149 2.038931 19.218753
150 2.038681 19.216775
151 2.038435 19.214823
152 2.038194 19.212896
153 2.037958 19.210996
154 2.037726 19.209120
155 2.037499 19.207269
156 2.037276 19.205443
157 2.037057 19.203641
158 2.036843 19.201863
159 2.036632 19.200109
160 2.036426 19.198378
161 2.036224 19.196670
162 2.036025 19.194984
163 2.035831 19.193321
164 2.035640 19.191680
165 2.035453 19.190060
166 2.035269 19.188463
167 2.035089 19.186886
168 2.034913 19.185330
169 2.034740 19.183795
170 2.034570 19.182280
171 2.034403 19.180785
172 2.034240 19.179310
173 2.034080 19.177855
174 2.033923 19.176419
175 2.033769 19.175002
176 2.033617 19.173604
177 2.033469 19.172224
178 2.033324 19.170863
179 2.033181 19.169520
180 2.033042 19.168194
181 2.032904 19.166886
182 2.032770 19.165596
183 2.032638 19.164322
184 2.032509 19.163066
185 2.032382 19.161826
186 2.032257 19.160602
187 2.032135 19.159395
188 2.032016 19.158204
189 2.031898 19.157028
190 2.031783 19.155868
191 2.031670 19.154724
192 2.031560 19.153595
193 2.031451 19.152480
194 2.031345 19.151381
195 2.031240 19.150296
196 2.031138 19.149225
197 2.031037 19.148169
198 2.030939 19.147127
199 2.030842 19.146098
200 2.030747 19.145083
201 2.030654 19.144082
202 2.030563 19.143093
203 2.030474 19.142118
204 2.030386 19.141156
205 2.030300 19.140207
206 2.030216 19.139270
207 2.030133 19.138346
208 2.030052 19.137434
209 2.029973 19.136534
210 2.029895 19.135646
211 2.029818 19.134769
212 2.029743 19.133905
213 2.029669 19.133051
214 2.029597 19.132210
215 2.029526 19.131379
216 2.029457 19.130559
217 2.029389 19.129750
218 2.029322 19.128952
219 2.029257 19.128165
220 2.029192 19.127388
221 2.029129 19.126621
222 2.029068 19.125864
223 2.029007 19.125118
224 2.028948 19.124381
225 2.028889 19.123654
226 2.028832 19.122937
227 2.028776 19.122229
228 2.028721 19.121531
229 2.028667 19.120842
230 2.028614 19.120162
231 2.028562 19.119491
232 2.028512 19.118829
233 2.028462 19.118175
234 2.028413 19.117531
235 2.028365 19.116895
236 2.028318 19.116267
237 2.028272 19.115648
238 2.028226 19.115037
239 2.028182 19.114434
240 2.028138 19.113839
241 2.028096 19.113252
242 2.028054 19.112672
243 2.028013 19.112101
244 2.027972 19.111537
245 2.027933 19.110980
246 2.027894 19.110431
247 2.027856 19.109889
248 2.027819 19.109354
249 2.027782 19.108826
250 2.027746 19.108306
251 2.027711 19.107792
252 2.027677 19.107285
253 2.027643 19.106785
254 2.027610 19.106291
255 2.027577 19.105804
256 2.027545 19.105324
257 2.027514 19.104850
258 2.027483 19.104382
259 2.027453 19.103920
260 2.027424 19.103465
261 2.027395 19.103015
262 2.027367 19.102571
263 2.027339 19.102134
264 2.027311 19.101702
265 2.027285 19.101276
266 2.027258 19.100855
267 2.027233 19.100440
268 2.027207 19.100031
269 2.027183 19.099627
270 2.027158 19.099228
271 2.027134 19.098835
272 2.027111 19.098447
273 2.027088 19.098064
274 2.027066 19.097686
275 2.027044 19.097313
276 2.027022 19.096945
277 2.027001 19.096582
278 2.026980 19.096224
279 2.026960 19.095870
280 2.026940 19.095521
281 2.026920 19.095177
282 2.026901 19.094837
283 2.026882 19.094502
284 2.026863 19.094172
285 2.026845 19.093845
286 2.026827 19.093523
287 2.026810 19.093206
288 2.026793 19.092892
289 2.026776 19.092583
290 2.026760 19.092278
291 2.026743 19.091976
292 2.026728 19.091679
293 2.026712 19.091386
294 2.026697 19.091097
295 2.026682 19.090811
296 2.026667 19.090529
297 2.026653 19.090251
298 2.026639 19.089977
299 2.026625 19.089706
300 2.026611 19.089439
301 2.026598 19.089176
302 2.026585 19.088916
303 2.026572 19.088659
304 2.026560 19.088406
305 2.026547 19.088156
306 2.026535 19.087910
307 2.026523 19.087666
308 2.026512 19.087426
309 2.026500 19.087190
310 2.026489 19.086956
311 2.026478 19.086725
312 2.026468 19.086498
313 2.026457 19.086273
314 2.026447 19.086052
315 2.026437 19.085833
316 2.026427 19.085617
317 2.026417 19.085404
318 2.026407 19.085194
319 2.026398 19.084987
320 2.026389 19.084783
321 2.026380 19.084581
322 2.026371 19.084382
323 2.026362 19.084185
324 2.026354 19.083991
325 2.026345 19.083800
326 2.026337 19.083611
327 2.026329 19.083425
328 2.026321 19.083241
329 2.026314 19.083060
330 2.026306 19.082881
331 2.026299 19.082704
332 2.026291 19.082530
333 2.026284 19.082358
334 2.026277 19.082189
335 2.026270 19.082021
336 2.026264 19.081856
337 2.026257 19.081693
338 2.026251 19.081532
339 2.026244 19.081374
340 2.026238 19.081217
341 2.026232 19.081063
342 2.026226 19.080910
343 2.026220 19.080760
344 2.026214 19.080611
345 2.026209 19.080465
346 2.026203 19.080320
347 2.026198 19.080178
348 2.026192 19.080037
349 2.026187 19.079898
350 2.026182 19.079761
351 2.026177 19.079626
352 2.026172 19.079492
353 2.026167 19.079361
354 2.026162 19.079231
355 2.026158 19.079103
356 2.026153 19.078976
357 2.026149 19.078852
358 2.026144 19.078728
359 2.026140 19.078607
360 2.026136 19.078487
361 2.026132 19.078369
362 2.026128 19.078252
363 2.026124 19.078137
364 2.026120 19.078023
365 2.026116 19.077911
366 2.026112 19.077800
367 2.026108 19.077691
368 2.026105 19.077583
369 2.026101 19.077477
370 2.026098 19.077372
371 2.026094 19.077269
372 2.026091 19.077166
373 2.026088 19.077066
374 2.026085 19.076966
375 2.026081 19.076868
376 2.026078 19.076771
377 2.026075 19.076676
378 2.026072 19.076581
379 2.026069 19.076488
380 2.026066 19.076397
381 2.026064 19.076306
382 2.026061 19.076217
383 2.026058 19.076128
384 2.026056 19.076041
385 2.026053 19.075956
386 2.026050 19.075871
387 2.026048 19.075787
388 2.026045 19.075705
389 2.026043 19.075623
390 2.026041 19.075543
391 2.026038 19.075464
392 2.026036 19.075386
393 2.026034 19.075308
394 2.026032 19.075232
395 2.026030 19.075157
396 2.026028 19.075083
397 2.026025 19.075010
398 2.026023 19.074938
399 2.026021 19.074866
400 2.026020 19.074796
401 2.026018 19.074727
402 2.026016 19.074658
403 2.026014 19.074591
404 2.026012 19.074524
405 2.026010 19.074458
406 2.026009 19.074394
407 2.026007 19.074330
408 2.026005 19.074266
409 2.026004 19.074204
410 2.026002 19.074143
411 2.026001 19.074082
412 2.025999 19.074022
413 2.025997 19.073963
414 2.025996 19.073905
415 2.025995 19.073847
416 2.025993 19.073790
417 2.025992 19.073734
418 2.025990 19.073679
419 2.025989 19.073624
420 2.025988 19.073571
421 2.025986 19.073518
422 2.025985 19.073465
423 2.025984 19.073413
424 2.025983 19.073362
425 2.025981 19.073312
426 2.025980 19.073262
427 2.025979 19.073213
428 2.025978 19.073165
429 2.025977 19.073117
430 2.025976 19.073070
431 2.025975 19.073024
432 2.025974 19.072978
433 2.025973 19.072933
434 2.025972 19.072888
435 2.025971 19.072844
436 2.025970 19.072800
437 2.025969 19.072758
438 2.025968 19.072715
439 2.025967 19.072674
440 2.025966 19.072632
441 2.025965 19.072592
442 2.025964 19.072552
443 2.025964 19.072512
444 2.025963 19.072473
445 2.025962 19.072434
446 2.025961 19.072396
447 2.025960 19.072359
448 2.025960 19.072322
449 2.025959 19.072285
450 2.025958 19.072249
451 2.025957 19.072214
452 2.025957 19.072178
453 2.025956 19.072144
454 2.025955 19.072110
455 2.025955 19.072076
456 2.025954 19.072043
457 2.025953 19.072010
458 2.025953 19.071977
459 2.025952 19.071945
460 2.025951 19.071914
461 2.025951 19.071883
462 2.025950 19.071852
463 2.025950 19.071822
464 2.025949 19.071792
465 2.025949 19.071762
466 2.025948 19.071733
467 2.025948 19.071704
468 2.025947 19.071676
469 2.025947 19.071648
470 2.025946 19.071620
471 2.025946 19.071593
472 2.025945 19.071566
473 2.025945 19.071540
474 2.025944 19.071514
475 2.025944 19.071488
476 2.025943 19.071462
477 2.025943 19.071437
478 2.025942 19.071412
479 2.025942 19.071388
480 2.025942 19.071364
481 2.025941 19.071340
482 2.025941 19.071316
483 2.025940 19.071293
484 2.025940 19.071270
485 2.025940 19.071248
486 2.025939 19.071225
487 2.025939 19.071203
488 2.025939 19.071182
489 2.025938 19.071160
490 2.025938 19.071139
491 2.025938 19.071118
492 2.025937 19.071098
493 2.025937 19.071077
494 2.025937 19.071057
495 2.025936 19.071038
496 2.025936 19.071018
497 2.025936 19.070999
498 2.025935 19.070980
499 2.025935 19.070961
500 2.025935 19.070943
