0 8.190217 47.660000
1 8.174097 47.626492
2 8.158244 47.593365
3 8.142652 47.560614
4 8.127318 47.528236
5 8.112237 47.496226
6 8.097405 47.464580
7 8.082818 47.433293
8 8.068472 47.402362
9 8.054363 47.371783
10 8.040487 47.341551
11 8.026839 47.311663
12 8.013418 47.282115
13 8.000217 47.252903
14 7.987235 47.224022
15 7.974467 47.195470
16 7.961910 47.167243
17 7.949561 47.139336
18 7.937415 47.111747
19 7.925470 47.084471
20 7.913722 47.057505
21 7.902168 47.030846
22 7.890805 47.004490
23 7.879629 46.978433
24 7.868638 46.952673
25 7.857829 46.927206
26 7.847198 46.902028
27 7.836742 46.877136
28 7.826460 46.852527
29 7.816347 46.828198
30 7.806401 46.804145
31 7.796619 46.780366
32 7.786998 46.756857
33 7.777537 46.733616
34 7.768232 46.710638
35 7.759080 46.687922
36 7.750080 46.665464
37 7.741228 46.643261
38 7.732523 46.621311
39 7.723961 46.599610
40 7.715540 46.578156
41 7.707259 46.556946
42 7.699114 46.535977
43 7.691104 46.515246
44 7.683226 46.494751
45 7.675478 46.474489
46 7.667858 46.454457
47 7.660364 46.434653
48 7.652994 46.415074
49 7.645745 46.395717
50 7.638616 46.376581
51 7.631605 46.357662
52 7.624710 46.338958
53 7.617928 46.320467
54 7.611258 46.302186
55 7.604699 46.284113
56 7.598248 46.266245
57 7.591903 46.248581
58 7.585663 46.231117
59 7.579526 46.213851
60 7.573491 46.196782
61 7.567555 46.179907
62 7.561717 46.163224
63 7.555976 46.146731
64 7.550329 46.130425
65 7.544776 46.114304
66 7.539314 46.098366
67 7.533943 46.082610
68 7.528660 46.067033
69 7.523464 46.051633
70 7.518355 46.036408
71 7.513329 46.021356
72 7.508387 46.006475
73 7.503526 45.991763
74 7.498745 45.977219
75 7.494044 45.962839
76 7.489420 45.948624
77 7.484872 45.934570
78 7.480400 45.920675
79 7.476001 45.906939
80 7.471675 45.893359
81 7.467420 45.879933
82 7.463236 45.866659
83 7.459121 45.853537
84 7.455074 45.840564
85 7.451093 45.827738
86 7.447178 45.815058
87 7.443328 45.802522
88 7.439542 45.790129
89 7.435818 45.777877
90 7.432155 45.765763
91 7.428553 45.753788
92 7.425011 45.741949
93 7.421527 45.730244
94 7.418100 45.718672
95 7.414730 45.707232
96 7.411416 45.695922
97 7.408156 45.684740
98 7.404951 45.673686
99 7.401798 45.662757
100 7.398697 45.651953
101 7.395648 45.641271
102 7.392649 45.630711
103 7.389699 45.620270
104 7.386798 45.609949
105 7.383945 45.599744
106 7.381139 45.589656
107 7.378379 45.579683
108 7.375665 45.569822
109 7.372996 45.560074
110 7.370371 45.550437
111 7.367789 45.540909
112 7.365250 45.531490
113 7.362753 45.522177
114 7.360297 45.512971
115 7.357881 45.503869
116 7.355506 45.494870
117 7.353169 45.485974
118 7.350872 45.477179
119 7.348612 45.468484
120 7.346389 45.459888
121 7.344204 45.451390
122 7.342054 45.442988
123 7.339940 45.434681
124 7.337860 45.426470
125 7.335815 45.418351
126 7.333804 45.410325
127 7.331826 45.402390
128 7.329881 45.394545
129 7.327968 45.386789
130 7.326086 45.379122
131 7.324236 45.371541
132 7.322416 45.364047
133 7.320626 45.356638
134 7.318865 45.349313
135 7.317134 45.342072
136 7.315431 45.334912
137 7.313757 45.327835
138 7.312110 45.320837
139 7.310490 45.313919
140 7.308897 45.307080
141 7.307330 45.300319
142 7.305789 45.293634
143 7.304274 45.287026
144 7.302784 45.280492
145 7.301318 45.274033
146 7.299876 45.267647
147 7.298459 45.261334
148 7.297064 45.255093
149 7.295693 45.248922
150 7.294344 45.242822
151 7.293018 45.236791
152 7.291714 45.230828
153 7.290431 45.224934
154 7.289169 45.219106
155 7.287928 45.213345
156 7.286707 45.207649
157 7.285507 45.202018
158 7.284327 45.196450
159 7.283166 45.190947
160 7.282024 45.185505
161 7.280901 45.180126
162 7.279797 45.174807
163 7.278710 45.169550
164 7.277642 45.164352
165 7.276591 45.159213
166 7.275558 45.154132
167 7.274542 45.149109
168 7.273543 45.144143
169 7.272560 45.139234
170 7.271593 45.134381
171 7.270642 45.129582
172 7.269707 45.124839
173 7.268788 45.120149
174 7.267883 45.115512
175 7.266994 45.110928
176 7.266119 45.106397
177 7.265259 45.101917
178 7.264413 45.097487
179 7.263581 45.093108
180 7.262762 45.088779
181 7.261957 45.084499
182 7.261166 45.080268
183 7.260387 45.076085
184 7.259621 45.071949
185 7.258868 45.067861
186 7.258128 45.063818
187 7.257399 45.059822
188 7.256683 45.055872
189 7.255979 45.051966
190 7.255286 45.048104
191 7.254604 45.044287
192 7.253934 45.040512
193 7.253275 45.036781
194 7.252627 45.033092
195 7.251989 45.029445
196 7.251362 45.025840
197 7.250746 45.022276
198 7.250139 45.018752
199 7.249543 45.015268
200 7.248956 45.011823
201 7.248379 45.008418
202 7.247812 45.005052
203 7.247254 45.001724
204 7.246705 44.998433
205 7.246165 44.995180
206 7.245634 44.991964
207 7.245112 44.988785
208 7.244599 44.985642
209 7.244094 44.982534
210 7.243597 44.979462
211 7.243109 44.976425
212 7.242628 44.973422
213 7.242156 44.970453
214 7.241691 44.967518
215 7.241234 44.964617
216 7.240785 44.961748
217 7.240343 44.958913
218 7.239908 44.956109
219 7.239481 44.953337
220 7.239060 44.950597
221 7.238647 44.947888
222 7.238240 44.945209
223 7.237840 44.942561
224 7.237447 44.939943
225 7.237060 44.937355
226 7.236680 44.934797
227 7.236305 44.932267
228 7.235937 44.929766
229 7.235575 44.927294
230 7.235219 44.924850
231 7.234869 44.922433
232 7.234525 44.920044
233 7.234186 44.917682
234 7.233853 44.915347
235 7.233526 44.913039
236 7.233204 44.910757
237 7.232887 44.908500
238 7.232575 44.906270
239 7.232269 44.904065
240 7.231968 44.901884
241 7.231671 44.899729
242 7.231380 44.897598
243 7.231093 44.895491
244 7.230811 44.893409
245 7.230534 44.891349
246 7.230261 44.889314
247 7.229993 44.887301
248 7.229729 44.885312
249 7.229470 44.883345
250 7.229214 44.881400
251 7.228964 44.879477
252 7.228717 44.877577
253 7.228474 44.875697
254 7.228235 44.873840
255 7.228001 44.872003
256 7.227770 44.870187
257 7.227543 44.868392
258 7.227319 44.866618
259 7.227100 44.864863
260 7.226884 44.863128
261 7.226671 44.861414
262 7.226462 44.859718
263 7.226257 44.858042
264 7.226055 44.856385
265 7.225856 44.854747
266 7.225660 44.853127
267 7.225468 44.851526
268 7.225279 44.849943
269 7.225093 44.848378
270 7.224910 44.846831
271 7.224730 44.845301
272 7.224554 44.843789
273 7.224380 44.842294
274 7.224208 44.840816
275 7.224040 44.839355
276 7.223875 44.837910
277 7.223712 44.836482
278 7.223552 44.835070
279 7.223394 44.833674
280 7.223240 44.832294
281 7.223087 44.830930
282 7.222938 44.829581
283 7.222790 44.828247
284 7.222645 44.826929
285 7.222503 44.825625
286 7.222363 44.824337
287 7.222225 44.823063
288 7.222090 44.821804
289 7.221956 44.820558
290 7.221825 44.819327
291 7.221696 44.818110
292 7.221570 44.816907
293 7.221445 44.815718
294 7.221322 44.814542
295 7.221202 44.813379
296 7.221083 44.812230
297 7.220966 44.811094
298 7.220852 44.809970
299 7.220739 44.808860
300 7.220628 44.807762
301 7.220519 44.806676
302 7.220411 44.805603
303 7.220306 44.804542
304 7.220202 44.803493
305 7.220100 44.802456
306 7.219999 44.801431
307 7.219901 44.800418
308 7.219803 44.799416
309 7.219708 44.798425
310 7.219614 44.797446
311 7.219522 44.796477
312 7.219431 44.795520
313 7.219341 44.794574
314 7.219253 44.793638
315 7.219167 44.792713
316 7.219082 44.791799
317 7.218998 44.790895
318 7.218916 44.790001
319 7.218835 44.789117
320 7.218756 44.788244
321 7.218677 44.787380
322 7.218601 44.786526
323 7.218525 44.785682
324 7.218450 44.784848
325 7.218377 44.784023
326 7.218305 44.783207
327 7.218234 44.782401
328 7.218165 44.781603
329 7.218096 44.780815
330 7.218029 44.780036
331 7.217963 44.779266
332 7.217898 44.778504
333 7.217834 44.777751
334 7.217771 44.777007
335 7.217709 44.776271
336 7.217648 44.775544
337 7.217588 44.774824
338 7.217529 44.774113
339 7.217471 44.773410
340 7.217414 44.772715
341 7.217358 44.772028
342 7.217303 44.771349
343 7.217248 44.770677
344 7.217195 44.770013
345 7.217143 44.769357
346 7.217091 44.768708
347 7.217040 44.768066
348 7.216990 44.767432
349 7.216941 44.766805
350 7.216893 44.766185
351 7.216846 44.765572
352 7.216799 44.764966
353 7.216753 44.764367
354 7.216708 44.763775
355 7.216663 44.763190
356 7.216620 44.762611
357 7.216577 44.762039
358 7.216534 44.761473
359 7.216493 44.760913
360 7.216452 44.760360
361 7.216412 44.759814
362 7.216372 44.759273
363 7.216333 44.758739
364 7.216295 44.758211
365 7.216258 44.757689
366 7.216221 44.757172
367 7.216184 44.756662
368 7.216149 44.756157
369 7.216113 44.755658
370 7.216079 44.755165
371 7.216045 44.754678
372 7.216011 44.754195
373 7.215978 44.753719
374 7.215946 44.753248
375 7.215914 44.752782
376 7.215883 44.752321
377 7.215852 44.751866
378 7.215822 44.751416
379 7.215792 44.750971
380 7.215763 44.750531
381 7.215734 44.750096
382 7.215706 44.749666
383 7.215678 44.749241
384 7.215650 44.748821
385 7.215623 44.748405
386 7.215597 44.747994
387 7.215571 44.747588
388 7.215545 44.747187
389 7.215520 44.746790
390 7.215495 44.746398
391 7.215471 44.746010
392 7.215447 44.745626
393 7.215423 44.745247
394 7.215400 44.744872
395 7.215377 44.744501
396 7.215355 44.744135
397 7.215333 44.743773
398 7.215311 44.743415
399 7.215290 44.743061
400 7.215269 44.742711
401 7.215248 44.742365
402 7.215228 44.742022
403 7.215208 44.741684
404 7.215188 44.741350
405 7.215169 44.741019
406 7.215150 44.740692
407 7.215131 44.740369
408 7.215113 44.740050
409 7.215095 44.739734
410 7.215077 44.739422
411 7.215059 44.739113
412 7.215042 44.738808
413 7.215025 44.738507
414 7.215009 44.738208
415 7.214992 44.737913
416 7.214976 44.737622
417 7.214960 44.737334
418 7.214945 44.737049
419 7.214929 44.736767
420 7.214914 44.736489
421 7.214900 44.736213
422 7.214885 44.735941
423 7.214871 44.735672
424 7.214857 44.735406
425 7.214843 44.735143
426 7.214829 44.734883
427 7.214816 44.734626
428 7.214803 44.734372
429 7.214790 44.734121
430 7.214777 44.733872
431 7.214764 44.733627
432 7.214752 44.733384
433 7.214740 44.733144
434 7.214728 44.732907
435 7.214716 44.732672
436 7.214705 44.732440
437 7.214693 44.732211
438 7.214682 44.731984
439 7.214671 44.731760
440 7.214661 44.731538
441 7.214650 44.731319
442 7.214640 44.731103
443 7.214629 44.730889
444 7.214619 44.730677
445 7.214609 44.730468
446 7.214599 44.730261
447 7.214590 44.730056
448 7.214580 44.729854
449 7.214571 44.729654
450 7.214562 44.729457
451 7.214553 44.729261
452 7.214544 44.729068
453 7.214536 44.728877
454 7.214527 44.728688
455 7.214519 44.728502
456 7.214510 44.728317
457 7.214502 44.728135
458 7.214494 44.727955
459 7.214486 44.727776
460 7.214479 44.727600
461 7.214471 44.727426
462 7.214464 44.727253
463 7.214456 44.727083
464 7.214449 44.726915
465 7.214442 44.726748
466 7.214435 44.726584
467 7.214428 44.726421
468 7.214421 44.726260
469 7.214415 44.726101
470 7.214408 44.725944
471 7.214402 44.725788
472 7.214395 44.725635
473 7.214389 44.725483
474 7.214383 44.725333
475 7.214377 44.725184
476 7.214371 44.725037
477 7.214365 44.724892
478 7.214359 44.724749
479 7.214354 44.724607
480 7.214348 44.724466
481 7.214343 44.724328
482 7.214337 44.724191
483 7.214332 44.724055
484 7.214327 44.723921
485 7.214322 44.723789
486 7.214317 44.723658
487 7.214312 44.723528
488 7.214307 44.723400
489 7.214302 44.723274
490 7.214298 44.723149
491 7.214293 44.723025
492 7.214288 44.722903
493 7.214284 44.722782
494 7.214280 44.722662
495 7.214275 44.722544
496 7.214271 44.722428
497 7.214267 44.722312
498 7.214263 44.722198
499 7.214259 44.722085
500 7.214255 44.721973
