0 0.336118 3.350000
1 0.334855 3.345508
2 0.333605 3.341047
3 0.332368 3.336618
4 0.331143 3.332219
5 0.329930 3.327852
6 0.328730 3.323515
7 0.327543 3.319208
8 0.326367 3.314931
9 0.325203 3.310685
10 0.324051 3.306468
11 0.322911 3.302281
12 0.321783 3.298122
13 0.320665 3.293993
14 0.319560 3.289893
15 0.318465 3.285822
16 0.317382 3.281779
17 0.316310 3.277764
18 0.315248 3.273778
19 0.314198 3.269819
20 0.313158 3.265888
21 0.312128 3.261985
22 0.311110 3.258109
23 0.310101 3.254260
24 0.309103 3.250438
25 0.308115 3.246643
26 0.307137 3.242874
27 0.306169 3.239132
28 0.305211 3.235415
29 0.304262 3.231725
30 0.303323 3.228061
31 0.302394 3.224422
32 0.301474 3.220809
33 0.300564 3.217221
34 0.299663 3.213659
35 0.298771 3.210121
36 0.297888 3.206608
37 0.297014 3.203119
38 0.296149 3.199655
39 0.295293 3.196215
40 0.294445 3.192799
41 0.293606 3.189407
42 0.292776 3.186039
43 0.291954 3.182695
44 0.291141 3.179374
45 0.290335 3.176076
46 0.289538 3.172801
47 0.288749 3.169549
48 0.287969 3.166320
49 0.287196 3.163113
50 0.286430 3.159929
51 0.285673 3.156767
52 0.284924 3.153628
53 0.284182 3.150510
54 0.283447 3.147414
55 0.282720 3.144340
56 0.282001 3.141287
57 0.281288 3.138256
58 0.280583 3.135246
59 0.279886 3.132257
60 0.279195 3.129288
61 0.278511 3.126341
62 0.277834 3.123414
63 0.277165 3.120508
64 0.276502 3.117622
65 0.275845 3.114756
66 0.275196 3.111911
67 0.274553 3.109085
68 0.273916 3.106279
69 0.273286 3.103493
70 0.272663 3.100726
71 0.272046 3.097978
72 0.271435 3.095250
73 0.270830 3.092541
74 0.270231 3.089851
75 0.269639 3.087179
76 0.269053 3.084527
77 0.268472 3.081893
78 0.267898 3.079277
79 0.267329 3.076679
80 0.266766 3.074100
81 0.266209 3.071539
82 0.265657 3.068996
83 0.265111 3.066471
84 0.264571 3.063963
85 0.264036 3.061473
86 0.263507 3.059000
87 0.262983 3.056544
88 0.262464 3.054106
89 0.261951 3.051685
90 0.261442 3.049281
91 0.260939 3.046893
92 0.260441 3.044523
93 0.259949 3.042168
94 0.259461 3.039831
95 0.258978 3.037510
96 0.258500 3.035204
97 0.258027 3.032916
98 0.257559 3.030643
99 0.257095 3.028386
100 0.256636 3.026144
101 0.256182 3.023919
102 0.255733 3.021709
103 0.255288 3.019515
104 0.254847 3.017336
105 0.254412 3.015172
106 0.253980 3.013023
107 0.253553 3.010889
108 0.253130 3.008771
109 0.252712 3.006667
110 0.252298 3.004577
111 0.251888 3.002503
112 0.251482 3.000443
113 0.251080 2.998397
114 0.250683 2.996366
115 0.250289 2.994349
116 0.249900 2.992346
117 0.249514 2.990357
118 0.249133 2.988382
119 0.248755 2.986421
120 0.248381 2.984473
121 0.248011 2.982539
122 0.247644 2.980619
123 0.247282 2.978712
124 0.246923 2.976819
125 0.246568 2.974938
126 0.246216 2.973071
127 0.245868 2.971217
128 0.245523 2.969376
129 0.245182 2.967548
130 0.244845 2.965732
131 0.244511 2.963930
132 0.244180 2.962140
133 0.243853 2.960362
134 0.243529 2.958597
135 0.243208 2.956844
136 0.242891 2.955104
137 0.242576 2.953375
138 0.242265 2.951659
139 0.241957 2.949955
140 0.241653 2.948263
141 0.241351 2.946582
142 0.241053 2.944914
143 0.240757 2.943257
144 0.240465 2.941611
145 0.240175 2.939977
146 0.239888 2.938355
147 0.239605 2.936744
148 0.239324 2.935144
149 0.239046 2.933555
150 0.238771 2.931978
151 0.238499 2.930411
152 0.238229 2.928856
153 0.237962 2.927311
154 0.237698 2.925778
155 0.237437 2.924254
156 0.237178 2.922742
157 0.236922 2.921240
158 0.236669 2.919749
159 0.236418 2.918268
160 0.236169 2.916798
161 0.235924 2.915337
162 0.235680 2.913887
163 0.235439 2.912447
164 0.235201 2.911018
165 0.234965 2.909598
166 0.234731 2.908188
167 0.234500 2.906788
168 0.234271 2.905398
169 0.234045 2.904018
170 0.233821 2.902647
171 0.233599 2.901286
172 0.233379 2.899934
173 0.233162 2.898592
174 0.232947 2.897259
175 0.232733 2.895935
176 0.232523 2.894621
177 0.232314 2.893316
178 0.232107 2.892020
179 0.231903 2.890734
180 0.231700 2.889456
181 0.231500 2.888187
182 0.231302 2.886927
183 0.231106 2.885676
184 0.230911 2.884433
185 0.230719 2.883200
186 0.230529 2.881975
187 0.230340 2.880758
188 0.230154 2.879550
189 0.229969 2.878351
190 0.229786 2.877159
191 0.229605 2.875977
192 0.229426 2.874802
193 0.229249 2.873636
194 0.229074 2.872478
195 0.228900 2.871328
196 0.228728 2.870186
197 0.228558 2.869052
198 0.228390 2.867926
199 0.228223 2.866807
200 0.228058 2.865697
201 0.227895 2.864594
202 0.227733 2.863500
203 0.227573 2.862412
204 0.227415 2.861333
205 0.227258 2.860261
206 0.227103 2.859196
207 0.226950 2.858139
208 0.226798 2.857090
209 0.226647 2.856047
210 0.226498 2.855012
211 0.226351 2.853984
212 0.226205 2.852964
213 0.226061 2.851950
214 0.225918 2.850944
215 0.225776 2.849945
216 0.225636 2.848952
217 0.225497 2.847967
218 0.225360 2.846988
219 0.225224 2.846017
220 0.225090 2.845052
221 0.224957 2.844094
222 0.224825 2.843142
223 0.224695 2.842198
224 0.224566 2.841260
225 0.224438 2.840328
226 0.224312 2.839403
227 0.224186 2.838484
228 0.224063 2.837572
229 0.223940 2.836667
230 0.223819 2.835767
231 0.223699 2.834874
232 0.223580 2.833987
233 0.223462 2.833107
234 0.223345 2.832232
235 0.223230 2.831364
236 0.223116 2.830501
237 0.223003 2.829645
238 0.222891 2.828795
239 0.222780 2.827951
240 0.222671 2.827112
241 0.222562 2.826280
242 0.222455 2.825453
243 0.222349 2.824632
244 0.222244 2.823817
245 0.222140 2.823007
246 0.222037 2.822204
247 0.221935 2.821405
248 0.221834 2.820613
249 0.221734 2.819826
250 0.221635 2.819044
251 0.221537 2.818268
252 0.221440 2.817497
253 0.221344 2.816732
254 0.221249 2.815972
255 0.221155 2.815218
256 0.221062 2.814468
257 0.220970 2.813724
258 0.220879 2.812986
259 0.220789 2.812252
260 0.220699 2.811523
261 0.220611 2.810800
262 0.220523 2.810082
263 0.220437 2.809368
264 0.220351 2.808660
265 0.220266 2.807957
266 0.220182 2.807258
267 0.220099 2.806564
268 0.220017 2.805876
269 0.219935 2.805192
270 0.219855 2.804513
271 0.219775 2.803838
272 0.219696 2.803169
273 0.219618 2.802504
274 0.219541 2.801843
275 0.219464 2.801188
276 0.219388 2.800537
277 0.219313 2.799890
278 0.219239 2.799248
279 0.219165 2.798611
280 0.219092 2.797977
281 0.219020 2.797349
282 0.218949 2.796725
283 0.218879 2.796105
284 0.218809 2.795489
285 0.218740 2.794878
286 0.218671 2.794271
287 0.218603 2.793668
288 0.218536 2.793070
289 0.218470 2.792476
290 0.218404 2.791886
291 0.218339 2.791300
292 0.218275 2.790718
293 0.218211 2.790140
294 0.218148 2.789566
295 0.218086 2.788996
296 0.218024 2.788431
297 0.217963 2.787869
298 0.217902 2.787311
299 0.217842 2.786757
300 0.217783 2.786207
301 0.217724 2.785660
302 0.217666 2.785118
303 0.217609 2.784579
304 0.217552 2.784045
305 0.217495 2.783513
306 0.217440 2.782986
307 0.217384 2.782462
308 0.217330 2.781942
309 0.217276 2.781426
310 0.217222 2.780913
311 0.217169 2.780404
312 0.217117 2.779898
313 0.217065 2.779396
314 0.217013 2.778898
315 0.216962 2.778402
316 0.216912 2.777911
317 0.216862 2.777423
318 0.216813 2.776938
319 0.216764 2.776457
320 0.216716 2.775979
321 0.216668 2.775504
322 0.216620 2.775033
323 0.216574 2.774564
324 0.216527 2.774100
325 0.216481 2.773638
326 0.216436 2.773180
327 0.216391 2.772725
328 0.216346 2.772273
329 0.216302 2.771824
330 0.216259 2.771379
331 0.216215 2.770936
332 0.216173 2.770497
333 0.216130 2.770060
334 0.216088 2.769627
335 0.216047 2.769197
336 0.216006 2.768770
337 0.215965 2.768346
338 0.215925 2.767924
339 0.215885 2.767506
340 0.215846 2.767091
341 0.215807 2.766678
342 0.215768 2.766269
343 0.215730 2.765862
344 0.215692 2.765458
345 0.215655 2.765057
346 0.215618 2.764659
347 0.215581 2.764263
348 0.215545 2.763871
349 0.215509 2.763481
350 0.215473 2.763094
351 0.215438 2.762709
352 0.215403 2.762327
353 0.215369 2.761948
354 0.215335 2.761572
355 0.215301 2.761198
356 0.215267 2.760827
357 0.215234 2.760458
358 0.215202 2.760092
359 0.215169 2.759728
360 0.215137 2.759368
361 0.215105 2.759009
362 0.215074 2.758653
363 0.215043 2.758300
364 0.215012 2.757949
365 0.214981 2.757600
366 0.214951 2.757254
367 0.214921 2.756911
368 0.214892 2.756570
369 0.214862 2.756231
370 0.214833 2.755894
371 0.214805 2.755560
372 0.214776 2.755228
373 0.214748 2.754899
374 0.214720 2.754572
375 0.214693 2.754247
376 0.214666 2.753924
377 0.214639 2.753604
378 0.214612 2.753286
379 0.214585 2.752970
380 0.214559 2.752656
381 0.214533 2.752345
382 0.214508 2.752036
383 0.214482 2.751729
384 0.214457 2.751424
385 0.214432 2.751121
386 0.214408 2.750820
387 0.214383 2.750522
388 0.214359 2.750225
389 0.214335 2.749931
390 0.214312 2.749638
391 0.214288 2.749348
392 0.214265 2.749060
393 0.214242 2.748773
394 0.214220 2.748489
395 0.214197 2.748207
396 0.214175 2.747927
397 0.214153 2.747648
398 0.214131 2.747372
399 0.214110 2.747097
400 0.214088 2.746825
401 0.214067 2.746554
402 0.214046 2.746286
403 0.214026 2.746019
404 0.214005 2.745754
405 0.213985 2.745491
406 0.213965 2.745229
407 0.213945 2.744970
408 0.213925 2.744712
409 0.213906 2.744456
410 0.213887 2.744202
411 0.213868 2.743950
412 0.213849 2.743700
413 0.213830 2.743451
414 0.213812 2.743204
415 0.213793 2.742958
416 0.213775 2.742715
417 0.213757 2.742473
418 0.213740 2.742233
419 0.213722 2.741994
420 0.213705 2.741758
421 0.213687 2.741522
422 0.213670 2.741289
423 0.213654 2.741057
424 0.213637 2.740827
425 0.213620 2.740598
426 0.213604 2.740371
427 0.213588 2.740146
428 0.213572 2.739922
429 0.213556 2.739699
430 0.213540 2.739479
431 0.213525 2.739259
432 0.213509 2.739042
433 0.213494 2.738826
434 0.213479 2.738611
435 0.213464 2.738398
436 0.213449 2.738186
437 0.213435 2.737976
438 0.213420 2.737767
439 0.213406 2.737560
440 0.213392 2.737354
441 0.213378 2.737150
442 0.213364 2.736947
443 0.213350 2.736746
444 0.213337 2.736545
445 0.213323 2.736347
446 0.213310 2.736149
447 0.213297 2.735954
448 0.213284 2.735759
449 0.213271 2.735566
450 0.213258 2.735374
451 0.213245 2.735183
452 0.213233 2.734994
453 0.213220 2.734807
454 0.213208 2.734620
455 0.213196 2.734435
456 0.213184 2.734251
457 0.213172 2.734068
458 0.213160 2.733887
459 0.213149 2.733707
460 0.213137 2.733528
461 0.213126 2.733350
462 0.213114 2.733174
463 0.213103 2.732999
464 0.213092 2.732825
465 0.213081 2.732653
466 0.213070 2.732481
467 0.213059 2.732311
468 0.213049 2.732142
469 0.213038 2.731974
470 0.213028 2.731807
471 0.213018 2.731642
472 0.213007 2.731477
473 0.212997 2.731314
474 0.212987 2.731152
475 0.212977 2.730991
476 0.212967 2.730831
477 0.212958 2.730673
478 0.212948 2.730515
479 0.212939 2.730359
480 0.212929 2.730203
481 0.212920 2.730049
482 0.212911 2.729896
483 0.212902 2.729743
484 0.212893 2.729592
485 0.212884 2.729442
486 0.212875 2.729293
487 0.212866 2.729145
488 0.212857 2.728999
489 0.212849 2.728853
490 0.212840 2.728708
491 0.212832 2.728564
492 0.212824 2.728421
493 0.212815 2.728279
494 0.212807 2.728139
495 0.212799 2.727999
496 0.212791 2.727860
497 0.212783 2.727722
498 0.212775 2.727585
499 0.212768 2.727449
500 0.212760 2.727314
