0 0.741507 7.200000
1 0.740151 7.195299
2 0.738810 7.190636
3 0.737485 7.186009
4 0.736175 7.181419
5 0.734880 7.176865
6 0.733599 7.172347
7 0.732334 7.167865
8 0.731083 7.163418
9 0.729847 7.159007
10 0.728624 7.154630
11 0.727416 7.150288
12 0.726222 7.145980
13 0.725041 7.141707
14 0.723874 7.137467
15 0.722721 7.133261
16 0.721580 7.129088
17 0.720453 7.124948
18 0.719339 7.120840
19 0.718237 7.116766
20 0.717148 7.112723
21 0.716072 7.108712
22 0.715008 7.104733
23 0.713956 7.100786
24 0.712917 7.096870
25 0.711889 7.092984
26 0.710873 7.089130
27 0.709869 7.085306
28 0.708877 7.081512
29 0.707895 7.077748
30 0.706926 7.074014
31 0.705967 7.070310
32 0.705019 7.066634
33 0.704082 7.062988
34 0.703156 7.059371
35 0.702241 7.055782
36 0.701336 7.052222
37 0.700441 7.048690
38 0.699557 7.045185
39 0.698683 7.041709
40 0.697819 7.038260
41 0.696965 7.034838
42 0.696121 7.031443
43 0.695286 7.028075
44 0.694461 7.024734
45 0.693646 7.021419
46 0.692839 7.018130
47 0.692043 7.014868
48 0.691255 7.011631
49 0.690476 7.008420
50 0.689707 7.005234
51 0.688946 7.002073
52 0.688194 6.998938
53 0.687450 6.995827
54 0.686715 6.992740
55 0.685989 6.989679
56 0.685271 6.986641
57 0.684561 6.983627
58 0.683859 6.980638
59 0.683166 6.977671
60 0.682480 6.974729
61 0.681802 6.971809
62 0.681132 6.968913
63 0.680470 6.966039
64 0.679815 6.963189
65 0.679168 6.960361
66 0.678529 6.957555
67 0.677896 6.954771
68 0.677271 6.952010
69 0.676653 6.949270
70 0.676043 6.946552
71 0.675439 6.943855
72 0.674842 6.941180
73 0.674252 6.938526
74 0.673669 6.935893
75 0.673093 6.933280
76 0.672523 6.930689
77 0.671959 6.928117
78 0.671403 6.925567
79 0.670852 6.923036
80 0.670308 6.920525
81 0.669770 6.918034
82 0.669239 6.915563
83 0.668713 6.913112
84 0.668194 6.910680
85 0.667680 6.908267
86 0.667173 6.905873
87 0.666671 6.903498
88 0.666175 6.901142
89 0.665684 6.898804
90 0.665200 6.896485
91 0.664721 6.894184
92 0.664247 6.891902
93 0.663779 6.889637
94 0.663316 6.887391
95 0.662859 6.885162
96 0.662407 6.882951
97 0.661960 6.880757
98 0.661518 6.878581
99 0.661081 6.876422
100 0.660649 6.874280
101 0.660222 6.872155
102 0.659801 6.870046
103 0.659384 6.867955
104 0.658971 6.865879
105 0.658564 6.863821
106 0.658161 6.861778
107 0.657763 6.859752
108 0.657369 6.857742
109 0.656980 6.855748
110 0.656596 6.853769
111 0.656215 6.851806
112 0.655840 6.849859
113 0.655468 6.847927
114 0.655101 6.846010
115 0.654738 6.844108
116 0.654379 6.842222
117 0.654024 6.840350
118 0.653674 6.838493
119 0.653327 6.836651
120 0.652985 6.834824
121 0.652646 6.833011
122 0.652311 6.831212
123 0.651980 6.829427
124 0.651653 6.827657
125 0.651330 6.825900
126 0.651010 6.824158
127 0.650694 6.822429
128 0.650382 6.820714
129 0.650073 6.819012
130 0.649768 6.817324
131 0.649466 6.815650
132 0.649168 6.813988
133 0.648873 6.812340
134 0.648582 6.810704
135 0.648294 6.809082
136 0.648009 6.807473
137 0.647727 6.805876
138 0.647449 6.804292
139 0.647174 6.802720
140 0.646902 6.801161
141 0.646634 6.799614
142 0.646368 6.798079
143 0.646105 6.796556
144 0.645846 6.795046
145 0.645589 6.793547
146 0.645335 6.792061
147 0.645085 6.790586
148 0.644837 6.789122
149 0.644592 6.787671
150 0.644350 6.786230
151 0.644110 6.784802
152 0.643874 6.783384
153 0.643640 6.781978
154 0.643408 6.780582
155 0.643180 6.779198
156 0.642954 6.777825
157 0.642731 6.776463
158 0.642510 6.775111
159 0.642291 6.773770
160 0.642076 6.772440
161 0.641862 6.771120
162 0.641652 6.769811
163 0.641443 6.768512
164 0.641237 6.767223
165 0.641034 6.765944
166 0.640832 6.764676
167 0.640633 6.763417
168 0.640437 6.762169
169 0.640242 6.760930
170 0.640050 6.759702
171 0.639860 6.758483
172 0.639672 6.757273
173 0.639487 6.756073
174 0.639303 6.754883
175 0.639122 6.753702
176 0.638943 6.752530
177 0.638765 6.751368
178 0.638590 6.750215
179 0.638417 6.749071
180 0.638246 6.747936
181 0.638076 6.746810
182 0.637909 6.745692
183 0.637744 6.744584
184 0.637580 6.743485
185 0.637419 6.742394
186 0.637259 6.741312
187 0.637101 6.740238
188 0.636945 6.739173
189 0.636791 6.738116
190 0.636638 6.737068
191 0.636488 6.736028
192 0.636339 6.734996
193 0.636191 6.733972
194 0.636046 6.732956
195 0.635902 6.731949
196 0.635759 6.730949
197 0.635619 6.729957
198 0.635480 6.728974
199 0.635342 6.727997
200 0.635206 6.727029
201 0.635072 6.726068
202 0.634939 6.725115
203 0.634808 6.724170
204 0.634678 6.723232
205 0.634550 6.722301
206 0.634423 6.721378
207 0.634298 6.720462
208 0.634174 6.719553
209 0.634052 6.718651
210 0.633931 6.717757
211 0.633811 6.716869
212 0.633693 6.715989
213 0.633576 6.715116
214 0.633461 6.714249
215 0.633346 6.713389
216 0.633233 6.712537
217 0.633122 6.711690
218 0.633011 6.710851
219 0.632902 6.710018
220 0.632795 6.709192
221 0.632688 6.708372
222 0.632583 6.707559
223 0.632479 6.706752
224 0.632376 6.705952
225 0.632274 6.705158
226 0.632173 6.704370
227 0.632074 6.703589
228 0.631976 6.702813
229 0.631878 6.702044
230 0.631782 6.701281
231 0.631687 6.700524
232 0.631594 6.699773
233 0.631501 6.699028
234 0.631409 6.698288
235 0.631319 6.697555
236 0.631229 6.696827
237 0.631140 6.696105
238 0.631053 6.695389
239 0.630966 6.694679
240 0.630881 6.693974
241 0.630796 6.693274
242 0.630713 6.692581
243 0.630630 6.691892
244 0.630548 6.691209
245 0.630468 6.690532
246 0.630388 6.689860
247 0.630309 6.689193
248 0.630231 6.688532
249 0.630154 6.687875
250 0.630078 6.687224
251 0.630002 6.686578
252 0.629928 6.685937
253 0.629854 6.685302
254 0.629781 6.684671
255 0.629709 6.684045
256 0.629638 6.683424
257 0.629568 6.682808
258 0.629499 6.682197
259 0.629430 6.681591
260 0.629362 6.680990
261 0.629295 6.680393
262 0.629229 6.679801
263 0.629163 6.679214
264 0.629098 6.678631
265 0.629034 6.678053
266 0.628971 6.677480
267 0.628908 6.676911
268 0.628846 6.676347
269 0.628785 6.675787
270 0.628725 6.675231
271 0.628665 6.674680
272 0.628606 6.674133
273 0.628547 6.673591
274 0.628490 6.673053
275 0.628433 6.672519
276 0.628376 6.671989
277 0.628320 6.671464
278 0.628265 6.670942
279 0.628211 6.670425
280 0.628157 6.669912
281 0.628104 6.669403
282 0.628051 6.668898
283 0.627999 6.668397
284 0.627947 6.667900
285 0.627897 6.667407
286 0.627846 6.666917
287 0.627797 6.666432
288 0.627748 6.665950
289 0.627699 6.665473
290 0.627651 6.664999
291 0.627604 6.664529
292 0.627557 6.664062
293 0.627510 6.663599
294 0.627465 6.663140
295 0.627419 6.662685
296 0.627374 6.662233
297 0.627330 6.661784
298 0.627286 6.661340
299 0.627243 6.660898
300 0.627200 6.660461
301 0.627158 6.660026
302 0.627116 6.659595
303 0.627075 6.659168
304 0.627034 6.658744
305 0.626994 6.658323
306 0.626954 6.657906
307 0.626915 6.657492
308 0.626876 6.657081
309 0.626837 6.656673
310 0.626799 6.656269
311 0.626761 6.655868
312 0.626724 6.655470
313 0.626687 6.655075
314 0.626651 6.654683
315 0.626615 6.654294
316 0.626580 6.653909
317 0.626545 6.653526
318 0.626510 6.653147
319 0.626475 6.652770
320 0.626442 6.652397
321 0.626408 6.652026
322 0.626375 6.651659
323 0.626342 6.651294
324 0.626310 6.650932
325 0.626278 6.650573
326 0.626246 6.650217
327 0.626215 6.649864
328 0.626184 6.649513
329 0.626153 6.649165
330 0.626123 6.648820
331 0.626093 6.648478
332 0.626064 6.648139
333 0.626034 6.647802
334 0.626006 6.647468
335 0.625977 6.647136
336 0.625949 6.646807
337 0.625921 6.646481
338 0.625894 6.646157
339 0.625866 6.645836
340 0.625839 6.645517
341 0.625813 6.645201
342 0.625786 6.644887
343 0.625760 6.644576
344 0.625735 6.644267
345 0.625709 6.643961
346 0.625684 6.643657
347 0.625659 6.643356
348 0.625635 6.643057
349 0.625611 6.642760
350 0.625587 6.642466
351 0.625563 6.642174
352 0.625539 6.641884
353 0.625516 6.641597
354 0.625493 6.641311
355 0.625471 6.641028
356 0.625448 6.640748
357 0.625426 6.640469
358 0.625404 6.640193
359 0.625383 6.639919
360 0.625361 6.639647
361 0.625340 6.639378
362 0.625319 6.639110
363 0.625299 6.638844
364 0.625278 6.638581
365 0.625258 6.638320
366 0.625238 6.638061
367 0.625219 6.637803
368 0.625199 6.637548
369 0.625180 6.637295
370 0.625161 6.637044
371 0.625142 6.636795
372 0.625124 6.636548
373 0.625105 6.636302
374 0.625087 6.636059
375 0.625069 6.635818
376 0.625051 6.635578
377 0.625034 6.635341
378 0.625016 6.635105
379 0.624999 6.634871
380 0.624982 6.634639
381 0.624965 6.634409
382 0.624949 6.634181
383 0.624933 6.633954
384 0.624916 6.633730
385 0.624900 6.633507
386 0.624885 6.633285
387 0.624869 6.633066
388 0.624853 6.632848
389 0.624838 6.632632
390 0.624823 6.632418
391 0.624808 6.632206
392 0.624793 6.631995
393 0.624779 6.631785
394 0.624764 6.631578
395 0.624750 6.631372
396 0.624736 6.631168
397 0.624722 6.630965
398 0.624708 6.630764
399 0.624695 6.630564
400 0.624681 6.630367
401 0.624668 6.630170
402 0.624655 6.629975
403 0.624642 6.629782
404 0.624629 6.629590
405 0.624616 6.629400
406 0.624604 6.629211
407 0.624591 6.629024
408 0.624579 6.628839
409 0.624567 6.628654
410 0.624555 6.628471
411 0.624543 6.628290
412 0.624531 6.628110
413 0.624520 6.627932
414 0.624508 6.627755
415 0.624497 6.627579
416 0.624486 6.627405
417 0.624475 6.627232
418 0.624464 6.627060
419 0.624453 6.626890
420 0.624443 6.626721
421 0.624432 6.626554
422 0.624422 6.626387
423 0.624411 6.626223
424 0.624401 6.626059
425 0.624391 6.625897
426 0.624381 6.625736
427 0.624371 6.625576
428 0.624361 6.625417
429 0.624352 6.625260
430 0.624342 6.625104
431 0.624333 6.624950
432 0.624324 6.624796
433 0.624314 6.624644
434 0.624305 6.624493
435 0.624296 6.624343
436 0.624288 6.624194
437 0.624279 6.624047
438 0.624270 6.623900
439 0.624261 6.623755
440 0.624253 6.623611
441 0.624245 6.623468
442 0.624236 6.623326
443 0.624228 6.623185
444 0.624220 6.623046
445 0.624212 6.622907
446 0.624204 6.622770
447 0.624196 6.622634
448 0.624189 6.622499
449 0.624181 6.622365
450 0.624173 6.622231
451 0.624166 6.622099
452 0.624159 6.621968
453 0.624151 6.621839
454 0.624144 6.621710
455 0.624137 6.621582
456 0.624130 6.621455
457 0.624123 6.621329
458 0.624116 6.621204
459 0.624109 6.621080
460 0.624103 6.620957
461 0.624096 6.620835
462 0.624089 6.620714
463 0.624083 6.620594
464 0.624077 6.620475
465 0.624070 6.620357
466 0.624064 6.620240
467 0.624058 6.620124
468 0.624052 6.620008
469 0.624046 6.619894
470 0.624040 6.619780
471 0.624034 6.619668
472 0.624028 6.619556
473 0.624022 6.619445
474 0.624016 6.619335
475 0.624011 6.619226
476 0.624005 6.619118
477 0.624000 6.619010
478 0.623994 6.618904
479 0.623989 6.618798
480 0.623983 6.618693
481 0.623978 6.618589
482 0.623973 6.618486
483 0.623968 6.618384
484 0.623963 6.618282
485 0.623958 6.618181
486 0.623953 6.618081
487 0.623948 6.617982
488 0.623943 6.617884
489 0.623938 6.617786
490 0.623933 6.617689
491 0.623929 6.617593
492 0.623924 6.617498
493 0.623919 6.617403
494 0.623915 6.617309
495 0.623910 6.617216
496 0.623906 6.617124
497 0.623901 6.617032
498 0.623897 6.616941
499 0.623893 6.616851
500 0.623889 6.616762
