0 0.268959 3.170000
1 0.268127 3.166494
2 0.267312 3.163037
3 0.266513 3.159629
4 0.265731 3.156269
5 0.264964 3.152956
6 0.264214 3.149690
7 0.263478 3.146469
8 0.262758 3.143294
9 0.262053 3.140164
10 0.261362 3.137078
11 0.260685 3.134035
12 0.260021 3.131035
13 0.259372 3.128077
14 0.258735 3.125161
15 0.258112 3.122286
16 0.257501 3.119452
17 0.256903 3.116657
18 0.256317 3.113902
19 0.255743 3.111185
20 0.255181 3.108507
21 0.254630 3.105866
22 0.254091 3.103263
23 0.253563 3.100696
24 0.253045 3.098165
25 0.252538 3.095670
26 0.252041 3.093210
27 0.251554 3.090785
28 0.251078 3.088393
29 0.250611 3.086036
30 0.250154 3.083711
31 0.249706 3.081420
32 0.249267 3.079160
33 0.248837 3.076933
34 0.248416 3.074736
35 0.248003 3.072571
36 0.247599 3.070436
37 0.247203 3.068331
38 0.246816 3.066256
39 0.246436 3.064210
40 0.246064 3.062193
41 0.245699 3.060204
42 0.245342 3.058243
43 0.244993 3.056310
44 0.244650 3.054404
45 0.244315 3.052525
46 0.243986 3.050672
47 0.243664 3.048845
48 0.243348 3.047044
49 0.243040 3.045269
50 0.242737 3.043518
51 0.242440 3.041792
52 0.242150 3.040091
53 0.241866 3.038413
54 0.241587 3.036759
55 0.241314 3.035128
56 0.241046 3.033520
57 0.240785 3.031935
58 0.240528 3.030372
59 0.240277 3.028831
60 0.240030 3.027312
61 0.239789 3.025814
62 0.239553 3.024337
63 0.239322 3.022881
64 0.239095 3.021445
65 0.238873 3.020030
66 0.238655 3.018635
67 0.238442 3.017259
68 0.238234 3.015903
69 0.238029 3.014565
70 0.237829 3.013247
71 0.237633 3.011947
72 0.237441 3.010665
73 0.237252 3.009402
74 0.237068 3.008156
75 0.236887 3.006928
76 0.236710 3.005717
77 0.236537 3.004523
78 0.236367 3.003346
79 0.236201 3.002185
80 0.236038 3.001041
81 0.235878 2.999913
82 0.235722 2.998800
83 0.235569 2.997704
84 0.235419 2.996623
85 0.235272 2.995557
86 0.235128 2.994506
87 0.234987 2.993470
88 0.234849 2.992448
89 0.234714 2.991441
90 0.234581 2.990448
91 0.234451 2.989469
92 0.234324 2.988504
93 0.234199 2.987552
94 0.234077 2.986614
95 0.233958 2.985688
96 0.233841 2.984776
97 0.233726 2.983877
98 0.233614 2.982991
99 0.233504 2.982117
100 0.233396 2.981255
101 0.233290 2.980405
102 0.233187 2.979567
103 0.233086 2.978742
104 0.232986 2.977927
105 0.232889 2.977124
106 0.232794 2.976333
107 0.232700 2.975553
108 0.232609 2.974783
109 0.232520 2.974025
110 0.232432 2.973277
111 0.232346 2.972539
112 0.232262 2.971812
113 0.232179 2.971096
114 0.232099 2.970389
115 0.232019 2.969692
116 0.231942 2.969005
117 0.231866 2.968328
118 0.231792 2.967660
119 0.231719 2.967002
120 0.231648 2.966353
121 0.231578 2.965713
122 0.231509 2.965082
123 0.231442 2.964460
124 0.231376 2.963847
125 0.231312 2.963242
126 0.231249 2.962646
127 0.231187 2.962058
128 0.231127 2.961479
129 0.231068 2.960908
130 0.231010 2.960344
131 0.230953 2.959789
132 0.230897 2.959241
133 0.230843 2.958702
134 0.230789 2.958169
135 0.230737 2.957645
136 0.230685 2.957127
137 0.230635 2.956617
138 0.230586 2.956114
139 0.230538 2.955618
140 0.230491 2.955130
141 0.230444 2.954648
142 0.230399 2.954173
143 0.230355 2.953704
144 0.230311 2.953242
145 0.230269 2.952787
146 0.230227 2.952338
147 0.230186 2.951895
148 0.230146 2.951459
149 0.230107 2.951028
150 0.230068 2.950604
151 0.230031 2.950186
152 0.229994 2.949774
153 0.229958 2.949367
154 0.229923 2.948966
155 0.229888 2.948571
156 0.229854 2.948181
157 0.229821 2.947797
158 0.229788 2.947418
159 0.229756 2.947045
160 0.229725 2.946677
161 0.229694 2.946314
162 0.229664 2.945956
163 0.229635 2.945603
164 0.229606 2.945255
165 0.229578 2.944912
166 0.229551 2.944574
167 0.229523 2.944241
168 0.229497 2.943912
169 0.229471 2.943588
170 0.229446 2.943268
171 0.229421 2.942953
172 0.229396 2.942643
173 0.229372 2.942337
174 0.229349 2.942035
175 0.229326 2.941737
176 0.229304 2.941444
177 0.229282 2.941154
178 0.229260 2.940869
179 0.229239 2.940588
180 0.229218 2.940311
181 0.229198 2.940037
182 0.229178 2.939768
183 0.229159 2.939502
184 0.229140 2.939240
185 0.229121 2.938982
186 0.229103 2.938727
187 0.229085 2.938476
188 0.229068 2.938228
189 0.229050 2.937984
190 0.229034 2.937744
191 0.229017 2.937506
192 0.229001 2.937272
193 0.228985 2.937042
194 0.228970 2.936814
195 0.228954 2.936590
196 0.228940 2.936369
197 0.228925 2.936151
198 0.228911 2.935936
199 0.228897 2.935725
200 0.228883 2.935516
201 0.228870 2.935310
202 0.228857 2.935107
203 0.228844 2.934907
204 0.228831 2.934709
205 0.228819 2.934515
206 0.228807 2.934323
207 0.228795 2.934134
208 0.228783 2.933947
209 0.228772 2.933764
210 0.228761 2.933582
211 0.228750 2.933404
212 0.228739 2.933228
213 0.228729 2.933054
214 0.228719 2.932883
215 0.228708 2.932714
216 0.228699 2.932547
217 0.228689 2.932383
218 0.228680 2.932221
219 0.228670 2.932062
220 0.228661 2.931905
221 0.228652 2.931749
222 0.228644 2.931597
223 0.228635 2.931446
224 0.228627 2.931297
225 0.228619 2.931151
226 0.228611 2.931006
227 0.228603 2.930864
228 0.228595 2.930723
229 0.228588 2.930585
230 0.228580 2.930448
231 0.228573 2.930314
232 0.228566 2.930181
233 0.228559 2.930050
234 0.228552 2.929921
235 0.228546 2.929794
236 0.228539 2.929669
237 0.228533 2.929545
238 0.228527 2.929423
239 0.228520 2.929303
240 0.228514 2.929185
241 0.228509 2.929068
242 0.228503 2.928953
243 0.228497 2.928839
244 0.228492 2.928727
245 0.228486 2.928617
246 0.228481 2.928508
247 0.228476 2.928401
248 0.228471 2.928295
249 0.228466 2.928191
250 0.228461 2.928088
251 0.228456 2.927987
252 0.228451 2.927887
253 0.228447 2.927788
254 0.228442 2.927691
255 0.228438 2.927595
256 0.228434 2.927501
257 0.228429 2.927408
258 0.228425 2.927316
259 0.228421 2.927226
260 0.228417 2.927136
261 0.228413 2.927048
262 0.228410 2.926962
263 0.228406 2.926876
264 0.228402 2.926792
265 0.228399 2.926709
266 0.228395 2.926627
267 0.228392 2.926546
268 0.228388 2.926466
269 0.228385 2.926388
270 0.228382 2.926310
271 0.228379 2.926234
272 0.228376 2.926159
273 0.228373 2.926085
274 0.228370 2.926011
275 0.228367 2.925939
276 0.228364 2.925868
277 0.228361 2.925798
278 0.228358 2.925729
279 0.228356 2.925661
280 0.228353 2.925594
281 0.228350 2.925527
282 0.228348 2.925462
283 0.228345 2.925398
284 0.228343 2.925334
285 0.228341 2.925272
286 0.228338 2.925210
287 0.228336 2.925149
288 0.228334 2.925089
289 0.228332 2.925030
290 0.228330 2.924972
291 0.228327 2.924914
292 0.228325 2.924857
293 0.228323 2.924802
294 0.228321 2.924746
295 0.228320 2.924692
296 0.228318 2.924639
297 0.228316 2.924586
298 0.228314 2.924534
299 0.228312 2.924482
300 0.228310 2.924432
301 0.228309 2.924382
302 0.228307 2.924333
303 0.228305 2.924284
304 0.228304 2.924236
305 0.228302 2.924189
306 0.228301 2.924143
307 0.228299 2.924097
308 0.228298 2.924052
309 0.228296 2.924007
310 0.228295 2.923963
311 0.228294 2.923920
312 0.228292 2.923877
313 0.228291 2.923835
314 0.228290 2.923794
315 0.228288 2.923753
316 0.228287 2.923712
317 0.228286 2.923673
318 0.228285 2.923633
319 0.228283 2.923595
320 0.228282 2.923557
321 0.228281 2.923519
322 0.228280 2.923482
323 0.228279 2.923445
324 0.228278 2.923409
325 0.228277 2.923374
326 0.228276 2.923339
327 0.228275 2.923304
328 0.228274 2.923270
329 0.228273 2.923237
330 0.228272 2.923204
331 0.228271 2.923171
332 0.228270 2.923139
333 0.228269 2.923107
334 0.228269 2.923076
335 0.228268 2.923045
336 0.228267 2.923015
337 0.228266 2.922985
338 0.228265 2.922955
339 0.228264 2.922926
340 0.228264 2.922898
341 0.228263 2.922869
342 0.228262 2.922841
343 0.228262 2.922814
344 0.228261 2.922787
345 0.228260 2.922760
346 0.228259 2.922734
347 0.228259 2.922708
348 0.228258 2.922682
349 0.228258 2.922657
350 0.228257 2.922632
351 0.228256 2.922607
352 0.228256 2.922583
353 0.228255 2.922559
354 0.228255 2.922536
355 0.228254 2.922512
356 0.228253 2.922489
357 0.228253 2.922467
358 0.228252 2.922445
359 0.228252 2.922423
360 0.228251 2.922401
361 0.228251 2.922380
362 0.228250 2.922359
363 0.228250 2.922338
364 0.228249 2.922318
365 0.228249 2.922298
366 0.228249 2.922278
367 0.228248 2.922258
368 0.228248 2.922239
369 0.228247 2.922220
370 0.228247 2.922201
371 0.228246 2.922182
372 0.228246 2.922164
373 0.228246 2.922146
374 0.228245 2.922129
375 0.228245 2.922111
376 0.228245 2.922094
377 0.228244 2.922077
378 0.228244 2.922060
379 0.228244 2.922044
380 0.228243 2.922027
381 0.228243 2.922011
382 0.228243 2.921995
383 0.228242 2.921980
384 0.228242 2.921964
385 0.228242 2.921949
386 0.228241 2.921934
387 0.228241 2.921920
388 0.228241 2.921905
389 0.228241 2.921891
390 0.228240 2.921877
391 0.228240 2.921863
392 0.228240 2.921849
393 0.228239 2.921835
394 0.228239 2.921822
395 0.228239 2.921809
396 0.228239 2.921796
397 0.228238 2.921783
398 0.228238 2.921770
399 0.228238 2.921758
400 0.228238 2.921746
401 0.228238 2.921734
402 0.228237 2.921722
403 0.228237 2.921710
404 0.228237 2.921698
405 0.228237 2.921687
406 0.228237 2.921676
407 0.228236 2.921665
408 0.228236 2.921654
409 0.228236 2.921643
410 0.228236 2.921632
411 0.228236 2.921622
412 0.228235 2.921611
413 0.228235 2.921601
414 0.228235 2.921591
415 0.228235 2.921581
416 0.228235 2.921571
417 0.228235 2.921562
418 0.228235 2.921552
419 0.228234 2.921543
420 0.228234 2.921534
421 0.228234 2.921525
422 0.228234 2.921516
423 0.228234 2.921507
424 0.228234 2.921498
425 0.228234 2.921489
426 0.228233 2.921481
427 0.228233 2.921473
428 0.228233 2.921464
429 0.228233 2.921456
430 0.228233 2.921448
431 0.228233 2.921440
432 0.228233 2.921432
433 0.228233 2.921425
434 0.228232 2.921417
435 0.228232 2.921410
436 0.228232 2.921402
437 0.228232 2.921395
438 0.228232 2.921388
439 0.228232 2.921381
440 0.228232 2.921374
441 0.228232 2.921367
442 0.228232 2.921360
443 0.228232 2.921354
444 0.228232 2.921347
445 0.228231 2.921341
446 0.228231 2.921334
447 0.228231 2.921328
448 0.228231 2.921322
449 0.228231 2.921316
450 0.228231 2.921310
451 0.228231 2.921304
452 0.228231 2.921298
453 0.228231 2.921292
454 0.228231 2.921286
455 0.228231 2.921281
456 0.228231 2.921275
457 0.228231 2.921270
458 0.228230 2.921264
459 0.228230 2.921259
460 0.228230 2.921254
461 0.228230 2.921248
462 0.228230 2.921243
463 0.228230 2.921238
464 0.228230 2.921233
465 0.228230 2.921229
466 0.228230 2.921224
467 0.228230 2.921219
468 0.228230 2.921214
469 0.228230 2.921210
470 0.228230 2.921205
471 0.228230 2.921201
472 0.228230 2.921196
473 0.228230 2.921192
474 0.228230 2.921188
475 0.228230 2.921183
476 0.228229 2.921179
477 0.228229 2.921175
478 0.228229 2.921171
479 0.228229 2.921167
480 0.228229 2.921163
481 0.228229 2.921159
482 0.228229 2.921155
483 0.228229 2.921152
484 0.228229 2.921148
485 0.228229 2.921144
486 0.228229 2.921140
487 0.228229 2.921137
488 0.228229 2.921133
489 0.228229 2.921130
490 0.228229 2.921126
491 0.228229 2.921123
492 0.228229 2.921120
493 0.228229 2.921117
494 0.228229 2.921113
495 0.228229 2.921110
496 0.228229 2.921107
497 0.228229 2.921104
498 0.228229 2.921101
499 0.228229 2.921098
500 0.228229 2.921095
