0 0.211323 3.030000
1 0.210417 3.025350
2 0.209534 3.020785
3 0.208675 3.016303
4 0.207839 3.011903
5 0.207024 3.007583
6 0.206231 3.003341
7 0.205459 2.999177
8 0.204708 2.995088
9 0.203976 2.991074
10 0.203263 2.987132
11 0.202570 2.983263
12 0.201895 2.979464
13 0.201237 2.975734
14 0.200597 2.972072
15 0.199974 2.968477
16 0.199367 2.964947
17 0.198776 2.961481
18 0.198201 2.958078
19 0.197641 2.954738
20 0.197096 2.951458
21 0.196565 2.948237
22 0.196048 2.945076
23 0.195545 2.941972
24 0.195055 2.938924
25 0.194578 2.935932
26 0.194114 2.932994
27 0.193661 2.930110
28 0.193221 2.927278
29 0.192793 2.924498
30 0.192375 2.921769
31 0.191969 2.919089
32 0.191574 2.916458
33 0.191189 2.913874
34 0.190814 2.911338
35 0.190449 2.908848
36 0.190093 2.906403
37 0.189747 2.904003
38 0.189410 2.901646
39 0.189082 2.899333
40 0.188763 2.897061
41 0.188452 2.894831
42 0.188149 2.892641
43 0.187855 2.890491
44 0.187568 2.888381
45 0.187289 2.886308
46 0.187017 2.884274
47 0.186752 2.882276
48 0.186494 2.880315
49 0.186243 2.878390
50 0.185999 2.876499
51 0.185761 2.874643
52 0.185529 2.872821
53 0.185303 2.871032
54 0.185084 2.869275
55 0.184870 2.867551
56 0.184662 2.865858
57 0.184459 2.864195
58 0.184262 2.862563
59 0.184070 2.860961
60 0.183883 2.859387
61 0.183701 2.857843
62 0.183524 2.856326
63 0.183351 2.854837
64 0.183183 2.853376
65 0.183019 2.851940
66 0.182860 2.850531
67 0.182705 2.849148
68 0.182554 2.847790
69 0.182407 2.846456
70 0.182264 2.845147
71 0.182125 2.843861
72 0.181989 2.842599
73 0.181857 2.841360
74 0.181728 2.840144
75 0.181603 2.838949
76 0.181481 2.837777
77 0.181362 2.836625
78 0.181247 2.835495
79 0.181134 2.834385
80 0.181025 2.833295
81 0.180918 2.832226
82 0.180814 2.831175
83 0.180713 2.830144
84 0.180615 2.829132
85 0.180519 2.828138
86 0.180426 2.827162
87 0.180335 2.826204
88 0.180246 2.825263
89 0.180160 2.824340
90 0.180077 2.823433
91 0.179995 2.822542
92 0.179915 2.821668
93 0.179838 2.820810
94 0.179763 2.819968
95 0.179689 2.819141
96 0.179618 2.818328
97 0.179549 2.817531
98 0.179481 2.816748
99 0.179415 2.815980
100 0.179351 2.815225
101 0.179288 2.814484
102 0.179228 2.813757
103 0.179168 2.813042
104 0.179111 2.812341
105 0.179055 2.811653
106 0.179000 2.810977
107 0.178947 2.810313
108 0.178895 2.809662
109 0.178845 2.809022
110 0.178796 2.808394
111 0.178748 2.807778
112 0.178701 2.807172
113 0.178656 2.806578
114 0.178612 2.805994
115 0.178569 2.805422
116 0.178527 2.804859
117 0.178486 2.804307
118 0.178447 2.803765
119 0.178408 2.803232
120 0.178370 2.802710
121 0.178334 2.802197
122 0.178298 2.801693
123 0.178264 2.801198
124 0.178230 2.800713
125 0.178197 2.800236
126 0.178165 2.799768
127 0.178134 2.799308
128 0.178104 2.798857
129 0.178074 2.798414
130 0.178045 2.797979
131 0.178017 2.797552
132 0.177990 2.797133
133 0.177963 2.796721
134 0.177938 2.796317
135 0.177912 2.795920
136 0.177888 2.795531
137 0.177864 2.795148
138 0.177841 2.794773
139 0.177818 2.794404
140 0.177796 2.794042
141 0.177775 2.793687
142 0.177754 2.793338
143 0.177734 2.792995
144 0.177714 2.792659
145 0.177695 2.792329
146 0.177676 2.792004
147 0.177658 2.791686
148 0.177640 2.791374
149 0.177623 2.791067
150 0.177606 2.790765
151 0.177589 2.790470
152 0.177573 2.790179
153 0.177558 2.789894
154 0.177543 2.789614
155 0.177528 2.789340
156 0.177514 2.789070
157 0.177500 2.788805
158 0.177486 2.788545
159 0.177473 2.788290
160 0.177460 2.788039
161 0.177447 2.787793
162 0.177435 2.787551
163 0.177423 2.787314
164 0.177412 2.787081
165 0.177401 2.786852
166 0.177390 2.786628
167 0.177379 2.786407
168 0.177368 2.786191
169 0.177358 2.785978
170 0.177348 2.785770
171 0.177339 2.785565
172 0.177330 2.785364
173 0.177320 2.785166
174 0.177312 2.784972
175 0.177303 2.784782
176 0.177295 2.784595
177 0.177286 2.784412
178 0.177278 2.784232
179 0.177271 2.784055
180 0.177263 2.783881
181 0.177256 2.783711
182 0.177249 2.783543
183 0.177242 2.783379
184 0.177235 2.783218
185 0.177228 2.783059
186 0.177222 2.782904
187 0.177216 2.782751
188 0.177209 2.782601
189 0.177204 2.782454
190 0.177198 2.782310
191 0.177192 2.782168
192 0.177187 2.782029
193 0.177181 2.781892
194 0.177176 2.781758
195 0.177171 2.781626
196 0.177166 2.781496
197 0.177161 2.781369
198 0.177157 2.781245
199 0.177152 2.781122
200 0.177148 2.781002
201 0.177143 2.780884
202 0.177139 2.780768
203 0.177135 2.780654
204 0.177131 2.780542
205 0.177127 2.780433
206 0.177124 2.780325
207 0.177120 2.780219
208 0.177116 2.780115
209 0.177113 2.780013
210 0.177109 2.779913
211 0.177106 2.779815
212 0.177103 2.779719
213 0.177100 2.779624
214 0.177097 2.779531
215 0.177094 2.779440
216 0.177091 2.779350
217 0.177088 2.779262
218 0.177085 2.779176
219 0.177083 2.779091
220 0.177080 2.779008
221 0.177078 2.778926
222 0.177075 2.778846
223 0.177073 2.778767
224 0.177070 2.778689
225 0.177068 2.778613
226 0.177066 2.778539
227 0.177064 2.778466
228 0.177062 2.778394
229 0.177060 2.778323
230 0.177058 2.778254
231 0.177056 2.778186
232 0.177054 2.778119
233 0.177052 2.778053
234 0.177050 2.777989
235 0.177049 2.777926
236 0.177047 2.777864
237 0.177045 2.777803
238 0.177044 2.777743
239 0.177042 2.777684
240 0.177041 2.777626
241 0.177039 2.777570
242 0.177038 2.777514
243 0.177036 2.777460
244 0.177035 2.777406
245 0.177034 2.777353
246 0.177032 2.777302
247 0.177031 2.777251
248 0.177030 2.777201
249 0.177029 2.777152
250 0.177027 2.777104
251 0.177026 2.777057
252 0.177025 2.777011
253 0.177024 2.776966
254 0.177023 2.776921
255 0.177022 2.776877
256 0.177021 2.776834
257 0.177020 2.776792
258 0.177019 2.776750
259 0.177018 2.776710
260 0.177017 2.776670
261 0.177017 2.776631
262 0.177016 2.776592
263 0.177015 2.776554
264 0.177014 2.776517
265 0.177013 2.776481
266 0.177013 2.776445
267 0.177012 2.776410
268 0.177011 2.776375
269 0.177010 2.776342
270 0.177010 2.776308
271 0.177009 2.776276
272 0.177008 2.776244
273 0.177008 2.776212
274 0.177007 2.776181
275 0.177007 2.776151
276 0.177006 2.776121
277 0.177005 2.776092
278 0.177005 2.776063
279 0.177004 2.776035
280 0.177004 2.776007
281 0.177003 2.775980
282 0.177003 2.775954
283 0.177002 2.775927
284 0.177002 2.775902
285 0.177001 2.775876
286 0.177001 2.775852
287 0.177001 2.775827
288 0.177000 2.775803
289 0.177000 2.775780
290 0.176999 2.775757
291 0.176999 2.775734
292 0.176999 2.775712
293 0.176998 2.775690
294 0.176998 2.775669
295 0.176998 2.775648
296 0.176997 2.775627
297 0.176997 2.775607
298 0.176997 2.775587
299 0.176996 2.775568
300 0.176996 2.775549
301 0.176996 2.775530
302 0.176995 2.775511
303 0.176995 2.775493
304 0.176995 2.775475
305 0.176995 2.775458
306 0.176994 2.775441
307 0.176994 2.775424
308 0.176994 2.775407
309 0.176994 2.775391
310 0.176993 2.775375
311 0.176993 2.775359
312 0.176993 2.775344
313 0.176993 2.775329
314 0.176992 2.775314
315 0.176992 2.775300
316 0.176992 2.775285
317 0.176992 2.775271
318 0.176992 2.775258
319 0.176991 2.775244
320 0.176991 2.775231
321 0.176991 2.775218
322 0.176991 2.775205
323 0.176991 2.775192
324 0.176991 2.775180
325 0.176990 2.775168
326 0.176990 2.775156
327 0.176990 2.775144
328 0.176990 2.775133
329 0.176990 2.775122
330 0.176990 2.775111
331 0.176990 2.775100
332 0.176989 2.775089
333 0.176989 2.775079
334 0.176989 2.775068
335 0.176989 2.775058
336 0.176989 2.775049
337 0.176989 2.775039
338 0.176989 2.775029
339 0.176989 2.775020
340 0.176989 2.775011
341 0.176988 2.775002
342 0.176988 2.774993
343 0.176988 2.774984
344 0.176988 2.774976
345 0.176988 2.774967
346 0.176988 2.774959
347 0.176988 2.774951
348 0.176988 2.774943
349 0.176988 2.774935
350 0.176988 2.774928
351 0.176988 2.774920
352 0.176987 2.774913
353 0.176987 2.774905
354 0.176987 2.774898
355 0.176987 2.774891
356 0.176987 2.774884
357 0.176987 2.774878
358 0.176987 2.774871
359 0.176987 2.774865
360 0.176987 2.774858
361 0.176987 2.774852
362 0.176987 2.774846
363 0.176987 2.774840
364 0.176987 2.774834
365 0.176987 2.774828
366 0.176987 2.774822
367 0.176987 2.774817
368 0.176987 2.774811
369 0.176986 2.774806
370 0.176986 2.774801
371 0.176986 2.774795
372 0.176986 2.774790
373 0.176986 2.774785
374 0.176986 2.774780
375 0.176986 2.774776
376 0.176986 2.774771
377 0.176986 2.774766
378 0.176986 2.774762
379 0.176986 2.774757
380 0.176986 2.774753
381 0.176986 2.774748
382 0.176986 2.774744
383 0.176986 2.774740
384 0.176986 2.774736
385 0.176986 2.774732
386 0.176986 2.774728
387 0.176986 2.774724
388 0.176986 2.774720
389 0.176986 2.774716
390 0.176986 2.774713
391 0.176986 2.774709
392 0.176986 2.774706
393 0.176986 2.774702
394 0.176986 2.774699
395 0.176986 2.774695
396 0.176986 2.774692
397 0.176986 2.774689
398 0.176986 2.774686
399 0.176985 2.774683
400 0.176985 2.774680
401 0.176985 2.774677
402 0.176985 2.774674
403 0.176985 2.774671
404 0.176985 2.774668
405 0.176985 2.774665
406 0.176985 2.774662
407 0.176985 2.774660
408 0.176985 2.774657
409 0.176985 2.774655
410 0.176985 2.774652
411 0.176985 2.774649
412 0.176985 2.774647
413 0.176985 2.774645
414 0.176985 2.774642
415 0.176985 2.774640
416 0.176985 2.774638
417 0.176985 2.774635
418 0.176985 2.774633
419 0.176985 2.774631
420 0.176985 2.774629
421 0.176985 2.774627
422 0.176985 2.774625
423 0.176985 2.774623
424 0.176985 2.774621
425 0.176985 2.774619
426 0.176985 2.774617
427 0.176985 2.774615
428 0.176985 2.774613
429 0.176985 2.774612
430 0.176985 2.774610
431 0.176985 2.774608
432 0.176985 2.774606
433 0.176985 2.774605
434 0.176985 2.774603
435 0.176985 2.774602
436 0.176985 2.774600
437 0.176985 2.774598
438 0.176985 2.774597
439 0.176985 2.774595
440 0.176985 2.774594
441 0.176985 2.774592
442 0.176985 2.774591
443 0.176985 2.774590
444 0.176985 2.774588
445 0.176985 2.774587
446 0.176985 2.774586
447 0.176985 2.774584
448 0.176985 2.774583
449 0.176985 2.774582
450 0.176985 2.774581
451 0.176985 2.774579
452 0.176985 2.774578
453 0.176985 2.774577
454 0.176985 2.774576
455 0.176985 2.774575
456 0.176985 2.774574
457 0.176985 2.774573
458 0.176985 2.774572
459 0.176985 2.774571
460 0.176985 2.774570
461 0.176985 2.774569
462 0.176985 2.774568
463 0.176985 2.774567
464 0.176985 2.774566
465 0.176985 2.774565
466 0.176985 2.774564
467 0.176985 2.774563
468 0.176985 2.774562
469 0.176985 2.774561
470 0.176985 2.774560
471 0.176985 2.774560
472 0.176985 2.774559
473 0.176985 2.774558
474 0.176985 2.774557
475 0.176985 2.774556
476 0.176985 2.774556
477 0.176985 2.774555
478 0.176985 2.774554
479 0.176985 2.774554
480 0.176985 2.774553
481 0.176985 2.774552
482 0.176985 2.774551
483 0.176985 2.774551
484 0.176985 2.774550
485 0.176985 2.774549
486 0.176985 2.774549
487 0.176985 2.774548
488 0.176985 2.774548
489 0.176985 2.774547
490 0.176985 2.774546
491 0.176985 2.774546
492 0.176985 2.774545
493 0.176985 2.774545
494 0.176985 2.774544
495 0.176985 2.774544
496 0.176985 2.774543
497 0.176985 2.774543
498 0.176985 2.774542
499 0.176985 2.774542
500 0.176985 2.774541
