0 0.521449 5.500000
1 0.520207 5.495322
2 0.518981 5.490686
3 0.517771 5.486092
4 0.516577 5.481539
5 0.515398 5.477027
6 0.514235 5.472556
7 0.513088 5.468126
8 0.511955 5.463735
9 0.510837 5.459384
10 0.509734 5.455072
11 0.508645 5.450799
12 0.507571 5.446565
13 0.506510 5.442369
14 0.505464 5.438210
15 0.504431 5.434089
16 0.503412 5.430005
17 0.502406 5.425959
18 0.501413 5.421948
19 0.500434 5.417974
20 0.499467 5.414035
21 0.498513 5.410133
22 0.497571 5.406265
23 0.496642 5.402432
24 0.495724 5.398634
25 0.494819 5.394870
26 0.493926 5.391140
27 0.493045 5.387443
28 0.492175 5.383780
29 0.491316 5.380150
30 0.490469 5.376553
31 0.489632 5.372988
32 0.488807 5.369455
33 0.487993 5.365954
34 0.487189 5.362485
35 0.486396 5.359047
36 0.485613 5.355640
37 0.484840 5.352264
38 0.484078 5.348918
39 0.483325 5.345602
40 0.482583 5.342316
41 0.481850 5.339060
42 0.481127 5.335834
43 0.480413 5.332636
44 0.479708 5.329467
45 0.479013 5.326327
46 0.478327 5.323215
47 0.477650 5.320131
48 0.476982 5.317075
49 0.476322 5.314046
50 0.475672 5.311045
51 0.475029 5.308071
52 0.474395 5.305124
53 0.473770 5.302203
54 0.473153 5.299309
55 0.472543 5.296440
56 0.471942 5.293598
57 0.471349 5.290781
58 0.470763 5.287990
59 0.470185 5.285223
60 0.469615 5.282482
61 0.469052 5.279766
62 0.468496 5.277074
63 0.467948 5.274406
64 0.467407 5.271762
65 0.466873 5.269142
66 0.466346 5.266546
67 0.465826 5.263973
68 0.465313 5.261424
69 0.464806 5.258897
70 0.464306 5.256393
71 0.463813 5.253912
72 0.463326 5.251453
73 0.462846 5.249016
74 0.462372 5.246601
75 0.461904 5.244208
76 0.461442 5.241837
77 0.460986 5.239487
78 0.460536 5.237158
79 0.460092 5.234850
80 0.459654 5.232563
81 0.459222 5.230297
82 0.458795 5.228051
83 0.458374 5.225825
84 0.457959 5.223620
85 0.457548 5.221434
86 0.457144 5.219268
87 0.456744 5.217121
88 0.456350 5.214994
89 0.455961 5.212886
90 0.455577 5.210797
91 0.455198 5.208727
92 0.454824 5.206676
93 0.454455 5.204643
94 0.454091 5.202628
95 0.453732 5.200632
96 0.453377 5.198654
97 0.453027 5.196693
98 0.452681 5.194750
99 0.452340 5.192825
100 0.452004 5.190917
101 0.451672 5.189026
102 0.451344 5.187152
103 0.451021 5.185295
104 0.450702 5.183455
105 0.450387 5.181632
106 0.450076 5.179825
107 0.449769 5.178034
108 0.449466 5.176259
109 0.449167 5.174501
110 0.448872 5.172758
111 0.448581 5.171031
112 0.448294 5.169319
113 0.448011 5.167623
114 0.447731 5.165942
115 0.447455 5.164277
116 0.447182 5.162626
117 0.446914 5.160991
118 0.446648 5.159370
119 0.446386 5.157763
120 0.446128 5.156171
121 0.445873 5.154594
122 0.445621 5.153031
123 0.445373 5.151482
124 0.445128 5.149946
125 0.444886 5.148425
126 0.444647 5.146917
127 0.444411 5.145423
128 0.444179 5.143943
129 0.443949 5.142476
130 0.443723 5.141022
131 0.443499 5.139581
132 0.443279 5.138153
133 0.443061 5.136738
134 0.442846 5.135336
135 0.442634 5.133946
136 0.442425 5.132569
137 0.442218 5.131205
138 0.442014 5.129852
139 0.441813 5.128512
140 0.441615 5.127184
141 0.441419 5.125868
142 0.441225 5.124564
143 0.441035 5.123271
144 0.440846 5.121991
145 0.440661 5.120721
146 0.440477 5.119464
147 0.440296 5.118217
148 0.440118 5.116982
149 0.439941 5.115758
150 0.439767 5.114545
151 0.439596 5.113343
152 0.439426 5.112151
153 0.439259 5.110971
154 0.439094 5.109801
155 0.438931 5.108642
156 0.438770 5.107493
157 0.438612 5.106354
158 0.438455 5.105226
159 0.438301 5.104108
160 0.438148 5.103000
161 0.437998 5.101902
162 0.437849 5.100814
163 0.437703 5.099736
164 0.437558 5.098667
165 0.437415 5.097608
166 0.437275 5.096559
167 0.437136 5.095519
168 0.436998 5.094489
169 0.436863 5.093467
170 0.436729 5.092455
171 0.436597 5.091453
172 0.436467 5.090459
173 0.436339 5.089474
174 0.436212 5.088498
175 0.436087 5.087531
176 0.435964 5.086572
177 0.435842 5.085622
178 0.435722 5.084681
179 0.435603 5.083748
180 0.435486 5.082824
181 0.435370 5.081908
182 0.435256 5.081000
183 0.435144 5.080101
184 0.435032 5.079209
185 0.434923 5.078326
186 0.434815 5.077450
187 0.434708 5.076583
188 0.434603 5.075723
189 0.434499 5.074871
190 0.434396 5.074027
191 0.434295 5.073190
192 0.434195 5.072361
193 0.434096 5.071539
194 0.433999 5.070725
195 0.433903 5.069918
196 0.433808 5.069118
197 0.433714 5.068326
198 0.433622 5.067541
199 0.433531 5.066762
200 0.433441 5.065991
201 0.433352 5.065227
202 0.433264 5.064470
203 0.433178 5.063719
204 0.433093 5.062975
205 0.433008 5.062238
206 0.432925 5.061508
207 0.432843 5.060784
208 0.432762 5.060067
209 0.432683 5.059356
210 0.432604 5.058652
211 0.432526 5.057954
212 0.432449 5.057262
213 0.432373 5.056576
214 0.432299 5.055897
215 0.432225 5.055224
216 0.432152 5.054557
217 0.432080 5.053896
218 0.432009 5.053240
219 0.431939 5.052591
220 0.431870 5.051948
221 0.431802 5.051310
222 0.431735 5.050678
223 0.431668 5.050052
224 0.431603 5.049432
225 0.431538 5.048817
226 0.431474 5.048207
227 0.431411 5.047604
228 0.431349 5.047005
229 0.431288 5.046412
230 0.431227 5.045825
231 0.431167 5.045242
232 0.431108 5.044665
233 0.431050 5.044093
234 0.430993 5.043526
235 0.430936 5.042965
236 0.430880 5.042408
237 0.430825 5.041857
238 0.430770 5.041310
239 0.430717 5.040768
240 0.430664 5.040232
241 0.430611 5.039700
242 0.430560 5.039173
243 0.430509 5.038650
244 0.430458 5.038133
245 0.430409 5.037620
246 0.430360 5.037111
247 0.430311 5.036607
248 0.430263 5.036108
249 0.430216 5.035613
250 0.430170 5.035123
251 0.430124 5.034637
252 0.430079 5.034156
253 0.430034 5.033679
254 0.429990 5.033206
255 0.429946 5.032737
256 0.429903 5.032273
257 0.429861 5.031813
258 0.429819 5.031357
259 0.429778 5.030905
260 0.429737 5.030457
261 0.429697 5.030013
262 0.429657 5.029573
263 0.429618 5.029138
264 0.429579 5.028706
265 0.429541 5.028278
266 0.429504 5.027854
267 0.429466 5.027433
268 0.429430 5.027017
269 0.429393 5.026604
270 0.429358 5.026195
271 0.429323 5.025790
272 0.429288 5.025388
273 0.429253 5.024990
274 0.429220 5.024595
275 0.429186 5.024204
276 0.429153 5.023817
277 0.429121 5.023433
278 0.429088 5.023053
279 0.429057 5.022676
280 0.429025 5.022302
281 0.428994 5.021932
282 0.428964 5.021565
283 0.428934 5.021201
284 0.428904 5.020841
285 0.428875 5.020484
286 0.428846 5.020130
287 0.428817 5.019779
288 0.428789 5.019432
289 0.428761 5.019088
290 0.428734 5.018746
291 0.428707 5.018408
292 0.428680 5.018073
293 0.428654 5.017741
294 0.428628 5.017412
295 0.428602 5.017086
296 0.428577 5.016763
297 0.428552 5.016442
298 0.428527 5.016125
299 0.428503 5.015810
300 0.428479 5.015499
301 0.428455 5.015190
302 0.428432 5.014884
303 0.428408 5.014580
304 0.428386 5.014280
305 0.428363 5.013982
306 0.428341 5.013687
307 0.428319 5.013394
308 0.428297 5.013104
309 0.428276 5.012817
310 0.428255 5.012532
311 0.428234 5.012250
312 0.428214 5.011970
313 0.428193 5.011693
314 0.428173 5.011419
315 0.428154 5.011147
316 0.428134 5.010877
317 0.428115 5.010610
318 0.428096 5.010345
319 0.428077 5.010083
320 0.428059 5.009823
321 0.428041 5.009565
322 0.428023 5.009309
323 0.428005 5.009056
324 0.427987 5.008806
325 0.427970 5.008557
326 0.427953 5.008311
327 0.427936 5.008067
328 0.427920 5.007825
329 0.427903 5.007585
330 0.427887 5.007348
331 0.427871 5.007112
332 0.427855 5.006879
333 0.427840 5.006648
334 0.427824 5.006419
335 0.427809 5.006192
336 0.427794 5.005967
337 0.427779 5.005744
338 0.427765 5.005523
339 0.427751 5.005304
340 0.427736 5.005087
341 0.427722 5.004872
342 0.427709 5.004659
343 0.427695 5.004448
344 0.427681 5.004239
345 0.427668 5.004031
346 0.427655 5.003826
347 0.427642 5.003622
348 0.427629 5.003420
349 0.427617 5.003221
350 0.427604 5.003022
351 0.427592 5.002826
352 0.427580 5.002631
353 0.427568 5.002439
354 0.427556 5.002247
355 0.427545 5.002058
356 0.427533 5.001870
357 0.427522 5.001684
358 0.427511 5.001500
359 0.427500 5.001317
360 0.427489 5.001136
361 0.427478 5.000957
362 0.427467 5.000779
363 0.427457 5.000603
364 0.427447 5.000429
365 0.427436 5.000256
366 0.427426 5.000084
367 0.427416 4.999914
368 0.427407 4.999746
369 0.427397 4.999579
370 0.427387 4.999414
371 0.427378 4.999250
372 0.427369 4.999088
373 0.427359 4.998927
374 0.427350 4.998767
375 0.427341 4.998609
376 0.427333 4.998453
377 0.427324 4.998298
378 0.427315 4.998144
379 0.427307 4.997991
380 0.427298 4.997840
381 0.427290 4.997691
382 0.427282 4.997542
383 0.427274 4.997395
384 0.427266 4.997250
385 0.427258 4.997106
386 0.427250 4.996962
387 0.427243 4.996821
388 0.427235 4.996680
389 0.427228 4.996541
390 0.427221 4.996403
391 0.427213 4.996267
392 0.427206 4.996131
393 0.427199 4.995997
394 0.427192 4.995864
395 0.427185 4.995732
396 0.427179 4.995601
397 0.427172 4.995472
398 0.427165 4.995344
399 0.427159 4.995216
400 0.427152 4.995091
401 0.427146 4.994966
402 0.427140 4.994842
403 0.427134 4.994719
404 0.427127 4.994598
405 0.427121 4.994477
406 0.427115 4.994358
407 0.427110 4.994240
408 0.427104 4.994123
409 0.427098 4.994007
410 0.427093 4.993892
411 0.427087 4.993777
412 0.427081 4.993664
413 0.427076 4.993552
414 0.427071 4.993442
415 0.427065 4.993332
416 0.427060 4.993223
417 0.427055 4.993115
418 0.427050 4.993008
419 0.427045 4.992901
420 0.427040 4.992796
421 0.427035 4.992692
422 0.427030 4.992589
423 0.427026 4.992487
424 0.427021 4.992385
425 0.427016 4.992285
426 0.427012 4.992185
427 0.427007 4.992087
428 0.427003 4.991989
429 0.426998 4.991892
430 0.426994 4.991796
431 0.426990 4.991701
432 0.426986 4.991607
433 0.426982 4.991513
434 0.426977 4.991421
435 0.426973 4.991329
436 0.426969 4.991238
437 0.426965 4.991148
438 0.426962 4.991059
439 0.426958 4.990970
440 0.426954 4.990882
441 0.426950 4.990795
442 0.426946 4.990709
443 0.426943 4.990624
444 0.426939 4.990539
445 0.426936 4.990456
446 0.426932 4.990373
447 0.426929 4.990290
448 0.426925 4.990209
449 0.426922 4.990128
450 0.426919 4.990048
451 0.426915 4.989968
452 0.426912 4.989890
453 0.426909 4.989812
454 0.426906 4.989735
455 0.426903 4.989658
456 0.426900 4.989582
457 0.426897 4.989507
458 0.426894 4.989433
459 0.426891 4.989359
460 0.426888 4.989286
461 0.426885 4.989213
462 0.426882 4.989141
463 0.426879 4.989070
464 0.426876 4.988999
465 0.426874 4.988930
466 0.426871 4.988860
467 0.426868 4.988792
468 0.426866 4.988724
469 0.426863 4.988656
470 0.426861 4.988589
471 0.426858 4.988523
472 0.426856 4.988457
473 0.426853 4.988392
474 0.426851 4.988328
475 0.426848 4.988264
476 0.426846 4.988201
477 0.426844 4.988138
478 0.426841 4.988076
479 0.426839 4.988014
480 0.426837 4.987953
481 0.426835 4.987893
482 0.426832 4.987833
483 0.426830 4.987774
484 0.426828 4.987715
485 0.426826 4.987656
486 0.426824 4.987599
487 0.426822 4.987541
488 0.426820 4.987485
489 0.426818 4.987428
490 0.426816 4.987373
491 0.426814 4.987317
492 0.426812 4.987263
493 0.426810 4.987208
494 0.426808 4.987154
495 0.426807 4.987101
496 0.426805 4.987048
497 0.426803 4.986996
498 0.426801 4.986944
499 0.426799 4.986893
500 0.426798 4.986842
