0 0.703013 9.550000
1 0.701226 9.541316
2 0.699481 9.532776
3 0.697779 9.524379
4 0.696119 9.516122
5 0.694498 9.508003
6 0.692917 9.500019
7 0.691374 9.492168
8 0.689868 9.484449
9 0.688398 9.476858
10 0.686965 9.469393
11 0.685566 9.462053
12 0.684200 9.454836
13 0.682868 9.447739
14 0.681568 9.440760
15 0.680300 9.433898
16 0.679062 9.427150
17 0.677854 9.420515
18 0.676676 9.413991
19 0.675526 9.407575
20 0.674403 9.401266
21 0.673308 9.395063
22 0.672240 9.388963
23 0.671197 9.382965
24 0.670180 9.377067
25 0.669187 9.371267
26 0.668218 9.365564
27 0.667273 9.359956
28 0.666350 9.354442
29 0.665450 9.349019
30 0.664572 9.343688
31 0.663715 9.338445
32 0.662878 9.333289
33 0.662062 9.328220
34 0.661266 9.323235
35 0.660489 9.318333
36 0.659730 9.313513
37 0.658990 9.308773
38 0.658268 9.304113
39 0.657564 9.299530
40 0.656876 9.295023
41 0.656205 9.290592
42 0.655551 9.286235
43 0.654912 9.281950
44 0.654288 9.277737
45 0.653680 9.273594
46 0.653087 9.269520
47 0.652508 9.265514
48 0.651942 9.261575
49 0.651391 9.257702
50 0.650853 9.253894
51 0.650328 9.250148
52 0.649815 9.246466
53 0.649315 9.242844
54 0.648827 9.239284
55 0.648351 9.235782
56 0.647887 9.232339
57 0.647433 9.228953
58 0.646991 9.225624
59 0.646559 9.222351
60 0.646138 9.219132
61 0.645727 9.215966
62 0.645326 9.212854
63 0.644935 9.209793
64 0.644553 9.206784
65 0.644180 9.203824
66 0.643817 9.200914
67 0.643462 9.198053
68 0.643116 9.195239
69 0.642778 9.192473
70 0.642448 9.189752
71 0.642126 9.187077
72 0.641812 9.184446
73 0.641506 9.181859
74 0.641207 9.179316
75 0.640915 9.176815
76 0.640631 9.174355
77 0.640353 9.171937
78 0.640082 9.169559
79 0.639818 9.167220
80 0.639560 9.164921
81 0.639308 9.162660
82 0.639062 9.160437
83 0.638822 9.158250
84 0.638588 9.156100
85 0.638360 9.153987
86 0.638137 9.151908
87 0.637920 9.149864
88 0.637708 9.147854
89 0.637501 9.145878
90 0.637299 9.143934
91 0.637102 9.142023
92 0.636909 9.140144
93 0.636722 9.138297
94 0.636539 9.136480
95 0.636360 9.134693
96 0.636186 9.132936
97 0.636015 9.131209
98 0.635849 9.129510
99 0.635687 9.127840
100 0.635529 9.126197
101 0.635375 9.124582
102 0.635225 9.122994
103 0.635078 9.121432
104 0.634934 9.119896
105 0.634794 9.118386
106 0.634658 9.116902
107 0.634525 9.115442
108 0.634395 9.114006
109 0.634268 9.112594
110 0.634144 9.111206
111 0.634024 9.109841
112 0.633906 9.108499
113 0.633791 9.107179
114 0.633679 9.105881
115 0.633569 9.104605
116 0.633462 9.103350
117 0.633358 9.102116
118 0.633256 9.100902
119 0.633157 9.099709
120 0.633060 9.098536
121 0.632966 9.097382
122 0.632873 9.096248
123 0.632783 9.095132
124 0.632696 9.094035
125 0.632610 9.092957
126 0.632526 9.091896
127 0.632445 9.090853
128 0.632365 9.089827
129 0.632287 9.088819
130 0.632212 9.087827
131 0.632138 9.086852
132 0.632066 9.085894
133 0.631995 9.084951
134 0.631926 9.084024
135 0.631859 9.083112
136 0.631794 9.082216
137 0.631730 9.081334
138 0.631668 9.080467
139 0.631607 9.079615
140 0.631548 9.078777
141 0.631490 9.077953
142 0.631433 9.077142
143 0.631378 9.076346
144 0.631324 9.075562
145 0.631272 9.074792
146 0.631220 9.074034
147 0.631170 9.073289
148 0.631122 9.072556
149 0.631074 9.071836
150 0.631028 9.071128
151 0.630982 9.070431
152 0.630938 9.069746
153 0.630895 9.069073
154 0.630853 9.068411
155 0.630812 9.067759
156 0.630772 9.067119
157 0.630733 9.066489
158 0.630694 9.065870
159 0.630657 9.065261
160 0.630621 9.064663
161 0.630585 9.064074
162 0.630551 9.063495
163 0.630517 9.062926
164 0.630484 9.062366
165 0.630452 9.061816
166 0.630420 9.061275
167 0.630390 9.060743
168 0.630360 9.060219
169 0.630331 9.059705
170 0.630302 9.059199
171 0.630275 9.058701
172 0.630247 9.058212
173 0.630221 9.057731
174 0.630195 9.057258
175 0.630170 9.056793
176 0.630145 9.056335
177 0.630122 9.055886
178 0.630098 9.055443
179 0.630075 9.055008
180 0.630053 9.054581
181 0.630031 9.054160
182 0.630010 9.053747
183 0.629989 9.053340
184 0.629969 9.052940
185 0.629950 9.052547
186 0.629930 9.052161
187 0.629912 9.051780
188 0.629893 9.051407
189 0.629875 9.051039
190 0.629858 9.050678
191 0.629841 9.050322
192 0.629824 9.049973
193 0.629808 9.049629
194 0.629792 9.049291
195 0.629777 9.048959
196 0.629762 9.048632
197 0.629747 9.048311
198 0.629733 9.047995
199 0.629719 9.047684
200 0.629705 9.047379
201 0.629692 9.047079
202 0.629679 9.046783
203 0.629666 9.046493
204 0.629654 9.046207
205 0.629642 9.045926
206 0.629630 9.045650
207 0.629619 9.045379
208 0.629607 9.045112
209 0.629596 9.044849
210 0.629586 9.044591
211 0.629575 9.044337
212 0.629565 9.044087
213 0.629555 9.043842
214 0.629545 9.043601
215 0.629536 9.043363
216 0.629527 9.043130
217 0.629518 9.042900
218 0.629509 9.042675
219 0.629500 9.042453
220 0.629492 9.042235
221 0.629484 9.042020
222 0.629476 9.041809
223 0.629468 9.041602
224 0.629461 9.041398
225 0.629453 9.041197
226 0.629446 9.041000
227 0.629439 9.040806
228 0.629432 9.040615
229 0.629425 9.040427
230 0.629419 9.040243
231 0.629413 9.040062
232 0.629406 9.039883
233 0.629400 9.039708
234 0.629394 9.039536
235 0.629388 9.039366
236 0.629383 9.039199
237 0.629377 9.039035
238 0.629372 9.038874
239 0.629367 9.038716
240 0.629362 9.038560
241 0.629357 9.038407
242 0.629352 9.038256
243 0.629347 9.038108
244 0.629342 9.037962
245 0.629338 9.037819
246 0.629333 9.037678
247 0.629329 9.037539
248 0.629325 9.037403
249 0.629321 9.037269
250 0.629317 9.037137
251 0.629313 9.037008
252 0.629309 9.036880
253 0.629305 9.036755
254 0.629302 9.036632
255 0.629298 9.036511
256 0.629295 9.036392
257 0.629291 9.036275
258 0.629288 9.036160
259 0.629285 9.036046
260 0.629282 9.035935
261 0.629279 9.035825
262 0.629276 9.035718
263 0.629273 9.035612
264 0.629270 9.035508
265 0.629267 9.035405
266 0.629264 9.035305
267 0.629262 9.035206
268 0.629259 9.035109
269 0.629257 9.035013
270 0.629254 9.034919
271 0.629252 9.034826
272 0.629249 9.034735
273 0.629247 9.034646
274 0.629245 9.034558
275 0.629243 9.034471
276 0.629241 9.034386
277 0.629238 9.034303
278 0.629236 9.034220
279 0.629235 9.034139
280 0.629233 9.034060
281 0.629231 9.033982
282 0.629229 9.033905
283 0.629227 9.033829
284 0.629225 9.033755
285 0.629224 9.033682
286 0.629222 9.033610
287 0.629220 9.033539
288 0.629219 9.033470
289 0.629217 9.033401
290 0.629216 9.033334
291 0.629214 9.033268
292 0.629213 9.033203
293 0.629211 9.033139
294 0.629210 9.033076
295 0.629209 9.033014
296 0.629207 9.032954
297 0.629206 9.032894
298 0.629205 9.032835
299 0.629204 9.032777
300 0.629203 9.032721
301 0.629201 9.032665
302 0.629200 9.032610
303 0.629199 9.032556
304 0.629198 9.032503
305 0.629197 9.032450
306 0.629196 9.032399
307 0.629195 9.032349
308 0.629194 9.032299
309 0.629193 9.032250
310 0.629192 9.032202
311 0.629191 9.032155
312 0.629190 9.032108
313 0.629190 9.032063
314 0.629189 9.032018
315 0.629188 9.031974
316 0.629187 9.031930
317 0.629186 9.031888
318 0.629186 9.031846
319 0.629185 9.031804
320 0.629184 9.031764
321 0.629183 9.031724
322 0.629183 9.031685
323 0.629182 9.031646
324 0.629181 9.031608
325 0.629181 9.031571
326 0.629180 9.031534
327 0.629180 9.031498
328 0.629179 9.031463
329 0.629178 9.031428
330 0.629178 9.031393
331 0.629177 9.031360
332 0.629177 9.031327
333 0.629176 9.031294
334 0.629176 9.031262
335 0.629175 9.031230
336 0.629175 9.031199
337 0.629174 9.031169
338 0.629174 9.031139
339 0.629173 9.031109
340 0.629173 9.031080
341 0.629172 9.031052
342 0.629172 9.031024
343 0.629172 9.030996
344 0.629171 9.030969
345 0.629171 9.030943
346 0.629170 9.030916
347 0.629170 9.030891
348 0.629170 9.030865
349 0.629169 9.030840
350 0.629169 9.030816
351 0.629169 9.030792
352 0.629168 9.030768
353 0.629168 9.030745
354 0.629168 9.030722
355 0.629167 9.030699
356 0.629167 9.030677
357 0.629167 9.030655
358 0.629167 9.030634
359 0.629166 9.030613
360 0.629166 9.030592
361 0.629166 9.030572
362 0.629165 9.030552
363 0.629165 9.030532
364 0.629165 9.030513
365 0.629165 9.030494
366 0.629165 9.030475
367 0.629164 9.030457
368 0.629164 9.030438
369 0.629164 9.030421
370 0.629164 9.030403
371 0.629163 9.030386
372 0.629163 9.030369
373 0.629163 9.030352
374 0.629163 9.030336
375 0.629163 9.030320
376 0.629162 9.030304
377 0.629162 9.030289
378 0.629162 9.030273
379 0.629162 9.030258
380 0.629162 9.030243
381 0.629162 9.030229
382 0.629161 9.030215
383 0.629161 9.030201
384 0.629161 9.030187
385 0.629161 9.030173
386 0.629161 9.030160
387 0.629161 9.030147
388 0.629161 9.030134
389 0.629160 9.030121
390 0.629160 9.030108
391 0.629160 9.030096
392 0.629160 9.030084
393 0.629160 9.030072
394 0.629160 9.030061
395 0.629160 9.030049
396 0.629160 9.030038
397 0.629160 9.030027
398 0.629159 9.030016
399 0.629159 9.030005
400 0.629159 9.029994
401 0.629159 9.029984
402 0.629159 9.029974
403 0.629159 9.029964
404 0.629159 9.029954
405 0.629159 9.029944
406 0.629159 9.029935
407 0.629159 9.029925
408 0.629158 9.029916
409 0.629158 9.029907
410 0.629158 9.029898
411 0.629158 9.029889
412 0.629158 9.029881
413 0.629158 9.029872
414 0.629158 9.029864
415 0.629158 9.029855
416 0.629158 9.029847
417 0.629158 9.029839
418 0.629158 9.029832
419 0.629158 9.029824
420 0.629158 9.029816
421 0.629158 9.029809
422 0.629157 9.029802
423 0.629157 9.029795
424 0.629157 9.029787
425 0.629157 9.029781
426 0.629157 9.029774
427 0.629157 9.029767
428 0.629157 9.029760
429 0.629157 9.029754
430 0.629157 9.029748
431 0.629157 9.029741
432 0.629157 9.029735
433 0.629157 9.029729
434 0.629157 9.029723
435 0.629157 9.029717
436 0.629157 9.029711
437 0.629157 9.029706
438 0.629157 9.029700
439 0.629157 9.029695
440 0.629157 9.029689
441 0.629157 9.029684
442 0.629157 9.029679
443 0.629157 9.029674
444 0.629156 9.029669
445 0.629156 9.029664
446 0.629156 9.029659
447 0.629156 9.029654
448 0.629156 9.029649
449 0.629156 9.029645
450 0.629156 9.029640
451 0.629156 9.029636
452 0.629156 9.029631
453 0.629156 9.029627
454 0.629156 9.029623
455 0.629156 9.029618
456 0.629156 9.029614
457 0.629156 9.029610
458 0.629156 9.029606
459 0.629156 9.029602
460 0.629156 9.029599
461 0.629156 9.029595
462 0.629156 9.029591
463 0.629156 9.029587
464 0.629156 9.029584
465 0.629156 9.029580
466 0.629156 9.029577
467 0.629156 9.029573
468 0.629156 9.029570
469 0.629156 9.029567
470 0.629156 9.029563
471 0.629156 9.029560
472 0.629156 9.029557
473 0.629156 9.029554
474 0.629156 9.029551
475 0.629156 9.029548
476 0.629156 9.029545
477 0.629156 9.029542
478 0.629156 9.029539
479 0.629156 9.029536
480 0.629156 9.029534
481 0.629156 9.029531
482 0.629156 9.029528
483 0.629156 9.029526
484 0.629156 9.029523
485 0.629156 9.029521
486 0.629156 9.029518
487 0.629156 9.029516
488 0.629156 9.029513
489 0.629156 9.029511
490 0.629156 9.029509
491 0.629156 9.029506
492 0.629156 9.029504
493 0.629156 9.029502
494 0.629156 9.029500
495 0.629155 9.029498
496 0.629155 9.029495
497 0.629155 9.029493
498 0.629155 9.029491
499 0.629155 9.029489
500 0.629155 9.029487
