0 4.873167 34.260000
1 4.866723 34.243822
2 4.860373 34.227806
3 4.854116 34.211951
4 4.847949 34.196255
5 4.841873 34.180716
6 4.835885 34.165333
7 4.829984 34.150103
8 4.824169 34.135027
9 4.818438 34.120101
10 4.812792 34.105326
11 4.807227 34.090698
12 4.801743 34.076217
13 4.796340 34.061881
14 4.791015 34.047688
15 4.785767 34.033638
16 4.780596 34.019729
17 4.775500 34.005959
18 4.770479 33.992327
19 4.765530 33.978832
20 4.760654 33.965472
21 4.755849 33.952246
22 4.751113 33.939152
23 4.746447 33.926189
24 4.741848 33.913357
25 4.737317 33.900653
26 4.732851 33.888077
27 4.728451 33.875626
28 4.724114 33.863300
29 4.719841 33.851098
30 4.715630 33.839018
31 4.711480 33.827059
32 4.707391 33.815220
33 4.703361 33.803500
34 4.699390 33.791897
35 4.695477 33.780410
36 4.691621 33.769039
37 4.687821 33.757781
38 4.684076 33.746636
39 4.680386 33.735603
40 4.676749 33.724681
41 4.673166 33.713868
42 4.669635 33.703163
43 4.666155 33.692566
44 4.662725 33.682075
45 4.659346 33.671689
46 4.656016 33.661407
47 4.652734 33.651228
48 4.649501 33.641151
49 4.646314 33.631175
50 4.643174 33.621299
51 4.640079 33.611522
52 4.637030 33.601843
53 4.634025 33.592261
54 4.631063 33.582775
55 4.628145 33.573384
56 4.625269 33.564088
57 4.622435 33.554884
58 4.619643 33.545773
59 4.616891 33.536753
60 4.614179 33.527823
61 4.611507 33.518983
62 4.608873 33.510231
63 4.606278 33.501567
64 4.603721 33.492990
65 4.601201 33.484499
66 4.598718 33.476093
67 4.596270 33.467772
68 4.593859 33.459533
69 4.591483 33.451377
70 4.589141 33.443303
71 4.586833 33.435310
72 4.584559 33.427397
73 4.582318 33.419564
74 4.580110 33.411808
75 4.577933 33.404131
76 4.575789 33.396530
77 4.573676 33.389006
78 4.571593 33.381557
79 4.569541 33.374183
80 4.567519 33.366882
81 4.565526 33.359655
82 4.563562 33.352500
83 4.561627 33.345417
84 4.559720 33.338405
85 4.557840 33.331463
86 4.555988 33.324591
87 4.554164 33.317787
88 4.552365 33.311052
89 4.550593 33.304385
90 4.548847 33.297784
91 4.547126 33.291249
92 4.545430 33.284780
93 4.543759 33.278375
94 4.542112 33.272035
95 4.540489 33.265758
96 4.538890 33.259544
97 4.537314 33.253393
98 4.535761 33.247303
99 4.534230 33.241274
100 4.532722 33.235306
101 4.531236 33.229397
102 4.529772 33.223548
103 4.528329 33.217757
104 4.526906 33.212024
105 4.525505 33.206349
106 4.524124 33.200730
107 4.522763 33.195168
108 4.521422 33.189662
109 4.520100 33.184211
110 4.518798 33.178814
111 4.517515 33.173472
112 4.516250 33.168183
113 4.515004 33.162947
114 4.513776 33.157763
115 4.512566 33.152632
116 4.511373 33.147552
117 4.510198 33.142523
118 4.509040 33.137544
119 4.507898 33.132615
120 4.506774 33.127736
121 4.505666 33.122905
122 4.504573 33.118123
123 4.503497 33.113389
124 4.502437 33.108702
125 4.501392 33.104062
126 4.500362 33.099469
127 4.499347 33.094921
128 4.498347 33.090420
129 4.497361 33.085963
130 4.496390 33.081551
131 4.495433 33.077183
132 4.494490 33.072860
133 4.493561 33.068579
134 4.492645 33.064341
135 4.491742 33.060146
136 4.490853 33.055993
137 4.489976 33.051881
138 4.489113 33.047811
139 4.488262 33.043781
140 4.487423 33.039792
141 4.486597 33.035843
142 4.485782 33.031933
143 4.484980 33.028063
144 4.484189 33.024231
145 4.483409 33.020438
146 4.482641 33.016682
147 4.481885 33.012965
148 4.481139 33.009284
149 4.480404 33.005641
150 4.479680 33.002034
151 4.478966 32.998463
152 4.478263 32.994928
153 4.477570 32.991429
154 4.476887 32.987964
155 4.476214 32.984534
156 4.475550 32.981139
157 4.474897 32.977777
158 4.474253 32.974450
159 4.473618 32.971155
160 4.472993 32.967894
161 4.472376 32.964665
162 4.471769 32.961469
163 4.471171 32.958305
164 4.470581 32.955172
165 4.470000 32.952071
166 4.469427 32.949001
167 4.468862 32.945961
168 4.468306 32.942953
169 4.467758 32.939974
170 4.467218 32.937025
171 4.466686 32.934106
172 4.466161 32.931216
173 4.465645 32.928355
174 4.465135 32.925522
175 4.464633 32.922718
176 4.464139 32.919942
177 4.463651 32.917194
178 4.463171 32.914473
179 4.462698 32.911780
180 4.462231 32.909114
181 4.461772 32.906474
182 4.461319 32.903861
183 4.460873 32.901274
184 4.460433 32.898713
185 4.459999 32.896178
186 4.459572 32.893668
187 4.459151 32.891183
188 4.458737 32.888723
189 4.458328 32.886288
190 4.457925 32.883877
191 4.457528 32.881490
192 4.457137 32.879128
193 4.456752 32.876789
194 4.456372 32.874473
195 4.455998 32.872180
196 4.455629 32.869911
197 4.455265 32.867664
198 4.454907 32.865440
199 4.454554 32.863238
200 4.454206 32.861058
201 4.453864 32.858900
202 4.453526 32.856764
203 4.453193 32.854649
204 4.452865 32.852555
205 4.452542 32.850482
206 4.452223 32.848430
207 4.451910 32.846399
208 4.451600 32.844388
209 4.451296 32.842397
210 4.450995 32.840426
211 4.450699 32.838475
212 4.450408 32.836543
213 4.450120 32.834631
214 4.449837 32.832738
215 4.449558 32.830864
216 4.449283 32.829008
217 4.449012 32.827171
218 4.448745 32.825353
219 4.448481 32.823553
220 4.448222 32.821771
221 4.447966 32.820006
222 4.447715 32.818260
223 4.447466 32.816531
224 4.447222 32.814819
225 4.446981 32.813124
226 4.446743 32.811447
227 4.446509 32.809786
228 4.446279 32.808142
229 4.446051 32.806514
230 4.445827 32.804903
231 4.445607 32.803308
232 4.445389 32.801728
233 4.445175 32.800165
234 4.444963 32.798617
235 4.444755 32.797085
236 4.444550 32.795568
237 4.444348 32.794066
238 4.444149 32.792580
239 4.443953 32.791108
240 4.443759 32.789651
241 4.443569 32.788209
242 4.443381 32.786781
243 4.443196 32.785367
244 4.443013 32.783968
245 4.442834 32.782582
246 4.442656 32.781211
247 4.442482 32.779853
248 4.442310 32.778509
249 4.442140 32.777178
250 4.441973 32.775861
251 4.441809 32.774557
252 4.441647 32.773266
253 4.441487 32.771987
254 4.441329 32.770722
255 4.441174 32.769469
256 4.441021 32.768229
257 4.440870 32.767002
258 4.440722 32.765786
259 4.440575 32.764583
260 4.440431 32.763392
261 4.440289 32.762213
262 4.440149 32.761045
263 4.440011 32.759890
264 4.439875 32.758746
265 4.439741 32.757613
266 4.439609 32.756492
267 4.439479 32.755382
268 4.439350 32.754283
269 4.439224 32.753195
270 4.439099 32.752118
271 4.438977 32.751052
272 4.438856 32.749996
273 4.438736 32.748951
274 4.438619 32.747917
275 4.438503 32.746892
276 4.438389 32.745879
277 4.438277 32.744875
278 4.438166 32.743881
279 4.438057 32.742898
280 4.437949 32.741924
281 4.437843 32.740960
282 4.437739 32.740005
283 4.437636 32.739061
284 4.437535 32.738125
285 4.437435 32.737199
286 4.437336 32.736282
287 4.437239 32.735375
288 4.437143 32.734477
289 4.437049 32.733587
290 4.436956 32.732707
291 4.436865 32.731835
292 4.436774 32.730972
293 4.436686 32.730118
294 4.436598 32.729272
295 4.436512 32.728435
296 4.436427 32.727606
297 4.436343 32.726785
298 4.436260 32.725973
299 4.436179 32.725169
300 4.436099 32.724373
301 4.436020 32.723584
302 4.435942 32.722804
303 4.435865 32.722032
304 4.435789 32.721267
305 4.435715 32.720510
306 4.435641 32.719761
307 4.435569 32.719019
308 4.435497 32.718284
309 4.435427 32.717557
310 4.435358 32.716837
311 4.435290 32.716124
312 4.435222 32.715419
313 4.435156 32.714721
314 4.435091 32.714029
315 4.435026 32.713345
316 4.434963 32.712667
317 4.434900 32.711996
318 4.434839 32.711332
319 4.434778 32.710675
320 4.434718 32.710024
321 4.434659 32.709379
322 4.434601 32.708741
323 4.434544 32.708110
324 4.434488 32.707485
325 4.434432 32.706866
326 4.434377 32.706253
327 4.434323 32.705646
328 4.434270 32.705046
329 4.434218 32.704452
330 4.434166 32.703863
331 4.434115 32.703280
332 4.434065 32.702704
333 4.434016 32.702133
334 4.433967 32.701567
335 4.433919 32.701008
336 4.433872 32.700454
337 4.433825 32.699905
338 4.433779 32.699362
339 4.433734 32.698825
340 4.433689 32.698293
341 4.433645 32.697766
342 4.433602 32.697244
343 4.433559 32.696728
344 4.433517 32.696217
345 4.433476 32.695711
346 4.433435 32.695210
347 4.433395 32.694714
348 4.433355 32.694223
349 4.433316 32.693737
350 4.433277 32.693256
351 4.433239 32.692780
352 4.433202 32.692308
353 4.433165 32.691841
354 4.433129 32.691379
355 4.433093 32.690922
356 4.433058 32.690469
357 4.433023 32.690020
358 4.432989 32.689577
359 4.432955 32.689137
360 4.432922 32.688702
361 4.432889 32.688271
362 4.432856 32.687845
363 4.432825 32.687423
364 4.432793 32.687005
365 4.432762 32.686591
366 4.432732 32.686182
367 4.432702 32.685776
368 4.432672 32.685375
369 4.432643 32.684978
370 4.432614 32.684584
371 4.432586 32.684195
372 4.432558 32.683809
373 4.432531 32.683428
374 4.432504 32.683050
375 4.432477 32.682676
376 4.432451 32.682306
377 4.432425 32.681939
378 4.432399 32.681576
379 4.432374 32.681217
380 4.432349 32.680861
381 4.432325 32.680509
382 4.432301 32.680161
383 4.432277 32.679816
384 4.432254 32.679474
385 4.432230 32.679136
386 4.432208 32.678801
387 4.432185 32.678469
388 4.432163 32.678141
389 4.432142 32.677816
390 4.432120 32.677495
391 4.432099 32.677177
392 4.432078 32.676861
393 4.432058 32.676549
394 4.432038 32.676240
395 4.432018 32.675935
396 4.431998 32.675632
397 4.431979 32.675332
398 4.431960 32.675036
399 4.431941 32.674742
400 4.431922 32.674451
401 4.431904 32.674163
402 4.431886 32.673878
403 4.431868 32.673596
404 4.431851 32.673317
405 4.431834 32.673040
406 4.431817 32.672767
407 4.431800 32.672496
408 4.431784 32.672227
409 4.431768 32.671962
410 4.431752 32.671699
411 4.431736 32.671439
412 4.431720 32.671181
413 4.431705 32.670926
414 4.431690 32.670673
415 4.431675 32.670423
416 4.431660 32.670176
417 4.431646 32.669931
418 4.431632 32.669688
419 4.431618 32.669448
420 4.431604 32.669210
421 4.431590 32.668975
422 4.431577 32.668742
423 4.431564 32.668511
424 4.431551 32.668283
425 4.431538 32.668057
426 4.431525 32.667833
427 4.431513 32.667612
428 4.431501 32.667392
429 4.431489 32.667175
430 4.431477 32.666960
431 4.431465 32.666748
432 4.431453 32.666537
433 4.431442 32.666328
434 4.431431 32.666122
435 4.431420 32.665918
436 4.431409 32.665715
437 4.431398 32.665515
438 4.431387 32.665317
439 4.431377 32.665120
440 4.431367 32.664926
441 4.431357 32.664734
442 4.431347 32.664543
443 4.431337 32.664355
444 4.431327 32.664168
445 4.431317 32.663983
446 4.431308 32.663800
447 4.431299 32.663619
448 4.431290 32.663440
449 4.431281 32.663262
450 4.431272 32.663086
451 4.431263 32.662912
452 4.431254 32.662740
453 4.431246 32.662570
454 4.431237 32.662401
455 4.431229 32.662234
456 4.431221 32.662068
457 4.431213 32.661905
458 4.431205 32.661743
459 4.431197 32.661582
460 4.431190 32.661423
461 4.431182 32.661266
462 4.431175 32.661110
463 4.431167 32.660956
464 4.431160 32.660803
465 4.431153 32.660652
466 4.431146 32.660503
467 4.431139 32.660355
468 4.431132 32.660208
469 4.431125 32.660063
470 4.431119 32.659919
471 4.431112 32.659777
472 4.431106 32.659636
473 4.431100 32.659497
474 4.431093 32.659359
475 4.431087 32.659222
476 4.431081 32.659087
477 4.431075 32.658953
478 4.431069 32.658821
479 4.431063 32.658689
480 4.431058 32.658560
481 4.431052 32.658431
482 4.431046 32.658304
483 4.431041 32.658178
484 4.431036 32.658053
485 4.431030 32.657929
486 4.431025 32.657807
487 4.431020 32.657686
488 4.431015 32.657566
489 4.431010 32.657447
490 4.431005 32.657330
491 4.431000 32.657214
492 4.430995 32.657099
493 4.430990 32.656985
494 4.430986 32.656872
495 4.430981 32.656760
496 4.430977 32.656650
497 4.430972 32.656540
498 4.430968 32.656432
499 4.430963 32.656325
500 4.430959 32.656218
