0 0.354976 4.770000
1 0.353902 4.764843
2 0.352849 4.759754
3 0.351817 4.754735
4 0.350804 4.749782
5 0.349812 4.744896
6 0.348838 4.740076
7 0.347884 4.735320
8 0.346948 4.730628
9 0.346031 4.725999
10 0.345131 4.721432
11 0.344249 4.716927
12 0.343384 4.712482
13 0.342536 4.708097
14 0.341705 4.703770
15 0.340890 4.699502
16 0.340090 4.695291
17 0.339307 4.691136
18 0.338538 4.687037
19 0.337784 4.682993
20 0.337046 4.679004
21 0.336321 4.675068
22 0.335611 4.671185
23 0.334914 4.667354
24 0.334231 4.663574
25 0.333562 4.659845
26 0.332905 4.656167
27 0.332261 4.652537
28 0.331630 4.648957
29 0.331011 4.645424
30 0.330404 4.641939
31 0.329809 4.638500
32 0.329226 4.635108
33 0.328654 4.631761
34 0.328093 4.628460
35 0.327543 4.625202
36 0.327004 4.621988
37 0.326475 4.618818
38 0.325957 4.615690
39 0.325448 4.612604
40 0.324950 4.609559
41 0.324461 4.606555
42 0.323982 4.603592
43 0.323512 4.600668
44 0.323051 4.597784
45 0.322600 4.594938
46 0.322157 4.592130
47 0.321722 4.589361
48 0.321297 4.586628
49 0.320879 4.583932
50 0.320470 4.581272
51 0.320068 4.578648
52 0.319675 4.576059
53 0.319289 4.573505
54 0.318910 4.570985
55 0.318539 4.568499
56 0.318176 4.566047
57 0.317819 4.563627
58 0.317469 4.561240
59 0.317126 4.558884
60 0.316790 4.556561
61 0.316460 4.554269
62 0.316137 4.552007
63 0.315820 4.549776
64 0.315509 4.547574
65 0.315205 4.545403
66 0.314906 4.543260
67 0.314613 4.541146
68 0.314326 4.539061
69 0.314044 4.537003
70 0.313768 4.534973
71 0.313497 4.532971
72 0.313232 4.530995
73 0.312971 4.529046
74 0.312716 4.527123
75 0.312466 4.525226
76 0.312220 4.523354
77 0.311980 4.521507
78 0.311744 4.519685
79 0.311512 4.517888
80 0.311286 4.516115
81 0.311063 4.514365
82 0.310845 4.512639
83 0.310631 4.510936
84 0.310422 4.509256
85 0.310216 4.507599
86 0.310014 4.505964
87 0.309817 4.504351
88 0.309623 4.502759
89 0.309433 4.501189
90 0.309247 4.499640
91 0.309064 4.498111
92 0.308885 4.496604
93 0.308709 4.495116
94 0.308537 4.493648
95 0.308368 4.492201
96 0.308203 4.490772
97 0.308040 4.489363
98 0.307881 4.487972
99 0.307725 4.486601
100 0.307572 4.485247
101 0.307422 4.483912
102 0.307275 4.482595
103 0.307131 4.481296
104 0.306989 4.480014
105 0.306851 4.478749
106 0.306715 4.477501
107 0.306581 4.476270
108 0.306451 4.475055
109 0.306323 4.473857
110 0.306197 4.472674
111 0.306074 4.471508
112 0.305953 4.470357
113 0.305834 4.469222
114 0.305718 4.468102
115 0.305604 4.466997
116 0.305493 4.465907
117 0.305383 4.464831
118 0.305276 4.463770
119 0.305170 4.462723
120 0.305067 4.461691
121 0.304966 4.460672
122 0.304867 4.459667
123 0.304769 4.458675
124 0.304674 4.457696
125 0.304580 4.456731
126 0.304489 4.455779
127 0.304399 4.454839
128 0.304311 4.453912
129 0.304224 4.452998
130 0.304139 4.452095
131 0.304056 4.451205
132 0.303975 4.450327
133 0.303895 4.449461
134 0.303816 4.448606
135 0.303740 4.447763
136 0.303664 4.446931
137 0.303590 4.446110
138 0.303518 4.445300
139 0.303447 4.444501
140 0.303377 4.443713
141 0.303309 4.442935
142 0.303242 4.442168
143 0.303176 4.441411
144 0.303112 4.440665
145 0.303049 4.439928
146 0.302987 4.439201
147 0.302926 4.438484
148 0.302867 4.437777
149 0.302809 4.437079
150 0.302751 4.436390
151 0.302695 4.435711
152 0.302640 4.435041
153 0.302586 4.434379
154 0.302534 4.433727
155 0.302482 4.433084
156 0.302431 4.432449
157 0.302381 4.431822
158 0.302332 4.431204
159 0.302284 4.430595
160 0.302237 4.429993
161 0.302191 4.429400
162 0.302146 4.428814
163 0.302102 4.428236
164 0.302058 4.427667
165 0.302016 4.427104
166 0.301974 4.426550
167 0.301933 4.426003
168 0.301893 4.425463
169 0.301854 4.424930
170 0.301815 4.424405
171 0.301777 4.423886
172 0.301740 4.423375
173 0.301704 4.422870
174 0.301668 4.422372
175 0.301633 4.421881
176 0.301599 4.421396
177 0.301565 4.420918
178 0.301532 4.420447
179 0.301500 4.419981
180 0.301468 4.419522
181 0.301437 4.419070
182 0.301407 4.418623
183 0.301377 4.418182
184 0.301348 4.417747
185 0.301319 4.417318
186 0.301291 4.416895
187 0.301263 4.416477
188 0.301236 4.416065
189 0.301210 4.415659
190 0.301183 4.415257
191 0.301158 4.414862
192 0.301133 4.414471
193 0.301108 4.414086
194 0.301084 4.413706
195 0.301061 4.413332
196 0.301038 4.412962
197 0.301015 4.412597
198 0.300993 4.412237
199 0.300971 4.411882
200 0.300950 4.411532
201 0.300929 4.411186
202 0.300908 4.410845
203 0.300888 4.410509
204 0.300868 4.410177
205 0.300849 4.409849
206 0.300830 4.409526
207 0.300811 4.409207
208 0.300793 4.408893
209 0.300775 4.408583
210 0.300757 4.408277
211 0.300740 4.407975
212 0.300723 4.407677
213 0.300707 4.407383
214 0.300691 4.407093
215 0.300675 4.406807
216 0.300659 4.406525
217 0.300644 4.406246
218 0.300629 4.405972
219 0.300614 4.405701
220 0.300600 4.405433
221 0.300585 4.405170
222 0.300572 4.404909
223 0.300558 4.404653
224 0.300545 4.404399
225 0.300532 4.404149
226 0.300519 4.403903
227 0.300506 4.403660
228 0.300494 4.403420
229 0.300482 4.403183
230 0.300470 4.402949
231 0.300458 4.402719
232 0.300447 4.402492
233 0.300436 4.402267
234 0.300425 4.402046
235 0.300414 4.401828
236 0.300404 4.401612
237 0.300393 4.401400
238 0.300383 4.401190
239 0.300373 4.400983
240 0.300363 4.400779
241 0.300354 4.400578
242 0.300345 4.400379
243 0.300335 4.400183
244 0.300326 4.399990
245 0.300318 4.399799
246 0.300309 4.399611
247 0.300300 4.399426
248 0.300292 4.399243
249 0.300284 4.399062
250 0.300276 4.398884
251 0.300268 4.398708
252 0.300261 4.398534
253 0.300253 4.398363
254 0.300246 4.398194
255 0.300238 4.398028
256 0.300231 4.397863
257 0.300224 4.397701
258 0.300217 4.397541
259 0.300211 4.397383
260 0.300204 4.397228
261 0.300198 4.397074
262 0.300191 4.396922
263 0.300185 4.396773
264 0.300179 4.396625
265 0.300173 4.396480
266 0.300167 4.396336
267 0.300162 4.396195
268 0.300156 4.396055
269 0.300151 4.395917
270 0.300145 4.395781
271 0.300140 4.395647
272 0.300135 4.395514
273 0.300130 4.395384
274 0.300125 4.395255
275 0.300120 4.395128
276 0.300115 4.395002
277 0.300110 4.394878
278 0.300106 4.394756
279 0.300101 4.394636
280 0.300097 4.394517
281 0.300092 4.394400
282 0.300088 4.394284
283 0.300084 4.394170
284 0.300080 4.394057
285 0.300076 4.393946
286 0.300072 4.393837
287 0.300068 4.393729
288 0.300064 4.393622
289 0.300061 4.393517
290 0.300057 4.393413
291 0.300053 4.393310
292 0.300050 4.393209
293 0.300047 4.393110
294 0.300043 4.393011
295 0.300040 4.392914
296 0.300037 4.392819
297 0.300033 4.392724
298 0.300030 4.392631
299 0.300027 4.392539
300 0.300024 4.392448
301 0.300021 4.392359
302 0.300019 4.392271
303 0.300016 4.392183
304 0.300013 4.392098
305 0.300010 4.392013
306 0.300008 4.391929
307 0.300005 4.391847
308 0.300002 4.391765
309 0.300000 4.391685
310 0.299997 4.391606
311 0.299995 4.391528
312 0.299993 4.391450
313 0.299990 4.391374
314 0.299988 4.391299
315 0.299986 4.391225
316 0.299984 4.391152
317 0.299982 4.391080
318 0.299979 4.391009
319 0.299977 4.390939
320 0.299975 4.390870
321 0.299973 4.390801
322 0.299972 4.390734
323 0.299970 4.390668
324 0.299968 4.390602
325 0.299966 4.390537
326 0.299964 4.390473
327 0.299962 4.390410
328 0.299961 4.390348
329 0.299959 4.390287
330 0.299957 4.390227
331 0.299956 4.390167
332 0.299954 4.390108
333 0.299953 4.390050
334 0.299951 4.389993
335 0.299950 4.389936
336 0.299948 4.389880
337 0.299947 4.389825
338 0.299945 4.389771
339 0.299944 4.389718
340 0.299942 4.389665
341 0.299941 4.389613
342 0.299940 4.389561
343 0.299939 4.389511
344 0.299937 4.389461
345 0.299936 4.389411
346 0.299935 4.389362
347 0.299934 4.389314
348 0.299932 4.389267
349 0.299931 4.389220
350 0.299930 4.389174
351 0.299929 4.389129
352 0.299928 4.389084
353 0.299927 4.389039
354 0.299926 4.388996
355 0.299925 4.388952
356 0.299924 4.388910
357 0.299923 4.388868
358 0.299922 4.388827
359 0.299921 4.388786
360 0.299920 4.388745
361 0.299919 4.388706
362 0.299918 4.388666
363 0.299918 4.388628
364 0.299917 4.388589
365 0.299916 4.388552
366 0.299915 4.388515
367 0.299914 4.388478
368 0.299913 4.388442
369 0.299913 4.388406
370 0.299912 4.388371
371 0.299911 4.388336
372 0.299910 4.388302
373 0.299910 4.388268
374 0.299909 4.388235
375 0.299908 4.388202
376 0.299908 4.388169
377 0.299907 4.388137
378 0.299906 4.388106
379 0.299906 4.388074
380 0.299905 4.388044
381 0.299905 4.388013
382 0.299904 4.387983
383 0.299903 4.387954
384 0.299903 4.387925
385 0.299902 4.387896
386 0.299902 4.387868
387 0.299901 4.387840
388 0.299901 4.387812
389 0.299900 4.387785
390 0.299900 4.387758
391 0.299899 4.387731
392 0.299899 4.387705
393 0.299898 4.387679
394 0.299898 4.387654
395 0.299897 4.387629
396 0.299897 4.387604
397 0.299896 4.387580
398 0.299896 4.387555
399 0.299895 4.387532
400 0.299895 4.387508
401 0.299895 4.387485
402 0.299894 4.387462
403 0.299894 4.387440
404 0.299893 4.387417
405 0.299893 4.387395
406 0.299893 4.387374
407 0.299892 4.387352
408 0.299892 4.387331
409 0.299892 4.387310
410 0.299891 4.387290
411 0.299891 4.387270
412 0.299891 4.387250
413 0.299890 4.387230
414 0.299890 4.387211
415 0.299890 4.387191
416 0.299889 4.387173
417 0.299889 4.387154
418 0.299889 4.387135
419 0.299888 4.387117
420 0.299888 4.387099
421 0.299888 4.387082
422 0.299888 4.387064
423 0.299887 4.387047
424 0.299887 4.387030
425 0.299887 4.387013
426 0.299887 4.386997
427 0.299886 4.386981
428 0.299886 4.386964
429 0.299886 4.386949
430 0.299886 4.386933
431 0.299885 4.386917
432 0.299885 4.386902
433 0.299885 4.386887
434 0.299885 4.386872
435 0.299885 4.386858
436 0.299884 4.386843
437 0.299884 4.386829
438 0.299884 4.386815
439 0.299884 4.386801
440 0.299884 4.386788
441 0.299883 4.386774
442 0.299883 4.386761
443 0.299883 4.386748
444 0.299883 4.386735
445 0.299883 4.386722
446 0.299883 4.386709
447 0.299882 4.386697
448 0.299882 4.386685
449 0.299882 4.386672
450 0.299882 4.386660
451 0.299882 4.386649
452 0.299882 4.386637
453 0.299881 4.386626
454 0.299881 4.386614
455 0.299881 4.386603
456 0.299881 4.386592
457 0.299881 4.386581
458 0.299881 4.386570
459 0.299881 4.386560
460 0.299881 4.386549
461 0.299880 4.386539
462 0.299880 4.386529
463 0.299880 4.386519
464 0.299880 4.386509
465 0.299880 4.386499
466 0.299880 4.386490
467 0.299880 4.386480
468 0.299880 4.386471
469 0.299879 4.386462
470 0.299879 4.386453
471 0.299879 4.386444
472 0.299879 4.386435
473 0.299879 4.386426
474 0.299879 4.386417
475 0.299879 4.386409
476 0.299879 4.386400
477 0.299879 4.386392
478 0.299879 4.386384
479 0.299878 4.386376
480 0.299878 4.386368
481 0.299878 4.386360
482 0.299878 4.386352
483 0.299878 4.386345
484 0.299878 4.386337
485 0.299878 4.386330
486 0.299878 4.386322
487 0.299878 4.386315
488 0.299878 4.386308
489 0.299878 4.386301
490 0.299878 4.386294
491 0.299878 4.386287
492 0.299877 4.386280
493 0.299877 4.386274
494 0.299877 4.386267
495 0.299877 4.386260
496 0.299877 4.386254
497 0.299877 4.386248
498 0.299877 4.386241
499 0.299877 4.386235
500 0.299877 4.386229
