0 0.359793 5.180000
1 0.358821 5.174998
2 0.357866 5.170059
3 0.356930 5.165184
4 0.356010 5.160371
5 0.355108 5.155619
6 0.354223 5.150928
7 0.353353 5.146296
8 0.352500 5.141724
9 0.351663 5.137210
10 0.350841 5.132754
11 0.350035 5.128354
12 0.349243 5.124011
13 0.348467 5.119723
14 0.347704 5.115489
15 0.346956 5.111310
16 0.346221 5.107184
17 0.345500 5.103111
18 0.344793 5.099089
19 0.344098 5.095119
20 0.343417 5.091200
21 0.342748 5.087330
22 0.342091 5.083510
23 0.341447 5.079739
24 0.340814 5.076016
25 0.340193 5.072340
26 0.339584 5.068711
27 0.338986 5.065129
28 0.338399 5.061592
29 0.337823 5.058100
30 0.337258 5.054653
31 0.336703 5.051250
32 0.336159 5.047890
33 0.335624 5.044573
34 0.335099 5.041298
35 0.334585 5.038065
36 0.334079 5.034874
37 0.333583 5.031723
38 0.333096 5.028612
39 0.332619 5.025541
40 0.332150 5.022509
41 0.331690 5.019516
42 0.331238 5.016561
43 0.330794 5.013644
44 0.330359 5.010764
45 0.329932 5.007920
46 0.329513 5.005113
47 0.329102 5.002342
48 0.328698 4.999606
49 0.328302 4.996905
50 0.327913 4.994239
51 0.327531 4.991606
52 0.327156 4.989007
53 0.326789 4.986441
54 0.326428 4.983908
55 0.326073 4.981408
56 0.325726 4.978939
57 0.325384 4.976501
58 0.325050 4.974095
59 0.324721 4.971720
60 0.324398 4.969374
61 0.324082 4.967059
62 0.323771 4.964773
63 0.323466 4.962516
64 0.323166 4.960289
65 0.322873 4.958089
66 0.322584 4.955918
67 0.322301 4.953774
68 0.322023 4.951658
69 0.321751 4.949568
70 0.321483 4.947506
71 0.321220 4.945469
72 0.320963 4.943459
73 0.320710 4.941474
74 0.320461 4.939515
75 0.320218 4.937580
76 0.319978 4.935671
77 0.319744 4.933785
78 0.319513 4.931924
79 0.319287 4.930086
80 0.319065 4.928272
81 0.318847 4.926481
82 0.318634 4.924713
83 0.318424 4.922967
84 0.318218 4.921244
85 0.318016 4.919543
86 0.317817 4.917863
87 0.317622 4.916205
88 0.317431 4.914568
89 0.317244 4.912952
90 0.317060 4.911356
91 0.316879 4.909781
92 0.316702 4.908226
93 0.316528 4.906690
94 0.316357 4.905175
95 0.316189 4.903678
96 0.316024 4.902201
97 0.315863 4.900743
98 0.315704 4.899303
99 0.315549 4.897881
100 0.315396 4.896478
101 0.315246 4.895093
102 0.315099 4.893725
103 0.314955 4.892375
104 0.314813 4.891042
105 0.314674 4.889726
106 0.314537 4.888426
107 0.314403 4.887144
108 0.314272 4.885877
109 0.314143 4.884627
110 0.314016 4.883393
111 0.313892 4.882174
112 0.313770 4.880971
113 0.313650 4.879784
114 0.313533 4.878611
115 0.313417 4.877454
116 0.313304 4.876311
117 0.313193 4.875183
118 0.313084 4.874069
119 0.312977 4.872970
120 0.312872 4.871884
121 0.312769 4.870812
122 0.312667 4.869754
123 0.312568 4.868710
124 0.312471 4.867679
125 0.312375 4.866661
126 0.312281 4.865656
127 0.312189 4.864663
128 0.312098 4.863684
129 0.312010 4.862717
130 0.311922 4.861762
131 0.311837 4.860820
132 0.311753 4.859889
133 0.311671 4.858970
134 0.311590 4.858063
135 0.311510 4.857168
136 0.311432 4.856284
137 0.311356 4.855411
138 0.311281 4.854550
139 0.311207 4.853699
140 0.311135 4.852860
141 0.311064 4.852031
142 0.310995 4.851212
143 0.310926 4.850404
144 0.310859 4.849607
145 0.310793 4.848819
146 0.310729 4.848042
147 0.310665 4.847274
148 0.310603 4.846516
149 0.310542 4.845768
150 0.310482 4.845030
151 0.310423 4.844301
152 0.310365 4.843581
153 0.310309 4.842870
154 0.310253 4.842169
155 0.310198 4.841476
156 0.310145 4.840792
157 0.310092 4.840117
158 0.310041 4.839451
159 0.309990 4.838793
160 0.309940 4.838143
161 0.309891 4.837502
162 0.309844 4.836869
163 0.309797 4.836244
164 0.309750 4.835627
165 0.309705 4.835018
166 0.309661 4.834417
167 0.309617 4.833823
168 0.309574 4.833237
169 0.309532 4.832658
170 0.309491 4.832087
171 0.309450 4.831523
172 0.309411 4.830966
173 0.309372 4.830416
174 0.309333 4.829874
175 0.309296 4.829338
176 0.309259 4.828809
177 0.309223 4.828287
178 0.309187 4.827771
179 0.309152 4.827262
180 0.309118 4.826760
181 0.309085 4.826264
182 0.309052 4.825774
183 0.309019 4.825291
184 0.308988 4.824813
185 0.308956 4.824342
186 0.308926 4.823877
187 0.308896 4.823418
188 0.308866 4.822964
189 0.308837 4.822517
190 0.308809 4.822075
191 0.308781 4.821638
192 0.308754 4.821208
193 0.308727 4.820783
194 0.308701 4.820363
195 0.308675 4.819948
196 0.308649 4.819539
197 0.308625 4.819135
198 0.308600 4.818736
199 0.308576 4.818343
200 0.308553 4.817954
201 0.308530 4.817570
202 0.308507 4.817192
203 0.308485 4.816818
204 0.308463 4.816448
205 0.308441 4.816084
206 0.308420 4.815724
207 0.308400 4.815369
208 0.308379 4.815018
209 0.308359 4.814672
210 0.308340 4.814330
211 0.308321 4.813993
212 0.308302 4.813659
213 0.308283 4.813330
214 0.308265 4.813006
215 0.308248 4.812685
216 0.308230 4.812369
217 0.308213 4.812056
218 0.308196 4.811748
219 0.308180 4.811443
220 0.308164 4.811143
221 0.308148 4.810846
222 0.308132 4.810553
223 0.308117 4.810263
224 0.308102 4.809978
225 0.308087 4.809696
226 0.308072 4.809418
227 0.308058 4.809143
228 0.308044 4.808871
229 0.308031 4.808604
230 0.308017 4.808339
231 0.308004 4.808078
232 0.307991 4.807820
233 0.307978 4.807566
234 0.307966 4.807315
235 0.307954 4.807067
236 0.307942 4.806822
237 0.307930 4.806580
238 0.307918 4.806342
239 0.307907 4.806106
240 0.307896 4.805874
241 0.307885 4.805644
242 0.307874 4.805417
243 0.307864 4.805194
244 0.307853 4.804973
245 0.307843 4.804755
246 0.307833 4.804539
247 0.307823 4.804327
248 0.307814 4.804117
249 0.307804 4.803910
250 0.307795 4.803705
251 0.307786 4.803503
252 0.307777 4.803304
253 0.307768 4.803107
254 0.307760 4.802913
255 0.307751 4.802721
256 0.307743 4.802531
257 0.307735 4.802344
258 0.307727 4.802160
259 0.307719 4.801978
260 0.307712 4.801798
261 0.307704 4.801620
262 0.307697 4.801445
263 0.307689 4.801272
264 0.307682 4.801101
265 0.307675 4.800932
266 0.307669 4.800766
267 0.307662 4.800601
268 0.307655 4.800439
269 0.307649 4.800279
270 0.307642 4.800120
271 0.307636 4.799964
272 0.307630 4.799810
273 0.307624 4.799658
274 0.307618 4.799507
275 0.307612 4.799359
276 0.307607 4.799213
277 0.307601 4.799068
278 0.307596 4.798925
279 0.307590 4.798784
280 0.307585 4.798645
281 0.307580 4.798508
282 0.307575 4.798372
283 0.307570 4.798238
284 0.307565 4.798106
285 0.307560 4.797975
286 0.307555 4.797847
287 0.307551 4.797719
288 0.307546 4.797594
289 0.307542 4.797470
290 0.307537 4.797347
291 0.307533 4.797227
292 0.307529 4.797107
293 0.307525 4.796990
294 0.307521 4.796873
295 0.307517 4.796759
296 0.307513 4.796645
297 0.307509 4.796533
298 0.307505 4.796423
299 0.307501 4.796314
300 0.307498 4.796206
301 0.307494 4.796100
302 0.307491 4.795995
303 0.307487 4.795891
304 0.307484 4.795789
305 0.307481 4.795688
306 0.307477 4.795589
307 0.307474 4.795490
308 0.307471 4.795393
309 0.307468 4.795297
310 0.307465 4.795202
311 0.307462 4.795109
312 0.307459 4.795017
313 0.307456 4.794926
314 0.307453 4.794836
315 0.307451 4.794747
316 0.307448 4.794659
317 0.307445 4.794573
318 0.307443 4.794487
319 0.307440 4.794403
320 0.307438 4.794320
321 0.307435 4.794237
322 0.307433 4.794156
323 0.307431 4.794076
324 0.307428 4.793997
325 0.307426 4.793919
326 0.307424 4.793842
327 0.307422 4.793766
328 0.307419 4.793691
329 0.307417 4.793616
330 0.307415 4.793543
331 0.307413 4.793471
332 0.307411 4.793400
333 0.307409 4.793329
334 0.307407 4.793260
335 0.307405 4.793191
336 0.307404 4.793123
337 0.307402 4.793056
338 0.307400 4.792990
339 0.307398 4.792925
340 0.307396 4.792860
341 0.307395 4.792797
342 0.307393 4.792734
343 0.307392 4.792672
344 0.307390 4.792611
345 0.307388 4.792550
346 0.307387 4.792491
347 0.307385 4.792432
348 0.307384 4.792374
349 0.307382 4.792316
350 0.307381 4.792260
351 0.307380 4.792204
352 0.307378 4.792149
353 0.307377 4.792094
354 0.307376 4.792040
355 0.307374 4.791987
356 0.307373 4.791935
357 0.307372 4.791883
358 0.307370 4.791832
359 0.307369 4.791781
360 0.307368 4.791732
361 0.307367 4.791682
362 0.307366 4.791634
363 0.307365 4.791586
364 0.307364 4.791539
365 0.307363 4.791492
366 0.307361 4.791446
367 0.307360 4.791400
368 0.307359 4.791355
369 0.307358 4.791311
370 0.307357 4.791267
371 0.307356 4.791224
372 0.307356 4.791181
373 0.307355 4.791139
374 0.307354 4.791097
375 0.307353 4.791056
376 0.307352 4.791016
377 0.307351 4.790975
378 0.307350 4.790936
379 0.307349 4.790897
380 0.307349 4.790858
381 0.307348 4.790820
382 0.307347 4.790783
383 0.307346 4.790746
384 0.307345 4.790709
385 0.307345 4.790673
386 0.307344 4.790637
387 0.307343 4.790602
388 0.307343 4.790567
389 0.307342 4.790533
390 0.307341 4.790499
391 0.307341 4.790466
392 0.307340 4.790432
393 0.307339 4.790400
394 0.307339 4.790368
395 0.307338 4.790336
396 0.307337 4.790304
397 0.307337 4.790274
398 0.307336 4.790243
399 0.307336 4.790213
400 0.307335 4.790183
401 0.307335 4.790153
402 0.307334 4.790124
403 0.307334 4.790096
404 0.307333 4.790067
405 0.307332 4.790039
406 0.307332 4.790012
407 0.307332 4.789985
408 0.307331 4.789958
409 0.307331 4.789931
410 0.307330 4.789905
411 0.307330 4.789879
412 0.307329 4.789853
413 0.307329 4.789828
414 0.307328 4.789803
415 0.307328 4.789779
416 0.307327 4.789754
417 0.307327 4.789731
418 0.307327 4.789707
419 0.307326 4.789683
420 0.307326 4.789660
421 0.307326 4.789638
422 0.307325 4.789615
423 0.307325 4.789593
424 0.307324 4.789571
425 0.307324 4.789549
426 0.307324 4.789528
427 0.307323 4.789507
428 0.307323 4.789486
429 0.307323 4.789466
430 0.307322 4.789445
431 0.307322 4.789425
432 0.307322 4.789406
433 0.307321 4.789386
434 0.307321 4.789367
435 0.307321 4.789348
436 0.307321 4.789329
437 0.307320 4.789310
438 0.307320 4.789292
439 0.307320 4.789274
440 0.307320 4.789256
441 0.307319 4.789239
442 0.307319 4.789221
443 0.307319 4.789204
444 0.307319 4.789187
445 0.307318 4.789170
446 0.307318 4.789154
447 0.307318 4.789138
448 0.307318 4.789121
449 0.307317 4.789106
450 0.307317 4.789090
451 0.307317 4.789074
452 0.307317 4.789059
453 0.307317 4.789044
454 0.307316 4.789029
455 0.307316 4.789014
456 0.307316 4.789000
457 0.307316 4.788986
458 0.307316 4.788971
459 0.307315 4.788957
460 0.307315 4.788944
461 0.307315 4.788930
462 0.307315 4.788917
463 0.307315 4.788903
464 0.307314 4.788890
465 0.307314 4.788877
466 0.307314 4.788864
467 0.307314 4.788852
468 0.307314 4.788839
469 0.307314 4.788827
470 0.307314 4.788815
471 0.307313 4.788803
472 0.307313 4.788791
473 0.307313 4.788779
474 0.307313 4.788768
475 0.307313 4.788757
476 0.307313 4.788745
477 0.307313 4.788734
478 0.307312 4.788723
479 0.307312 4.788712
480 0.307312 4.788702
481 0.307312 4.788691
482 0.307312 4.788681
483 0.307312 4.788671
484 0.307312 4.788660
485 0.307312 4.788650
486 0.307311 4.788641
487 0.307311 4.788631
488 0.307311 4.788621
489 0.307311 4.788612
490 0.307311 4.788602
491 0.307311 4.788593
492 0.307311 4.788584
493 0.307311 4.788575
494 0.307311 4.788566
495 0.307311 4.788557
496 0.307310 4.788548
497 0.307310 4.788540
498 0.307310 4.788531
499 0.307310 4.788523
500 0.307310 4.788515
