0 0.584875 5.330000
1 0.583670 5.326081
2 0.582480 5.322194
3 0.581303 5.318337
4 0.580140 5.314512
5 0.578990 5.310717
6 0.577854 5.306953
7 0.576731 5.303219
8 0.575621 5.299514
9 0.574524 5.295840
10 0.573440 5.292195
11 0.572369 5.288579
12 0.571310 5.284992
13 0.570263 5.281434
14 0.569229 5.277905
15 0.568206 5.274404
16 0.567196 5.270930
17 0.566197 5.267485
18 0.565210 5.264067
19 0.564234 5.260677
20 0.563270 5.257314
21 0.562317 5.253978
22 0.561376 5.250669
23 0.560445 5.247386
24 0.559525 5.244129
25 0.558616 5.240899
26 0.557717 5.237695
27 0.556829 5.234516
28 0.555951 5.231362
29 0.555083 5.228234
30 0.554226 5.225132
31 0.553378 5.222054
32 0.552541 5.219000
33 0.551713 5.215971
34 0.550895 5.212967
35 0.550086 5.209986
36 0.549287 5.207030
37 0.548497 5.204097
38 0.547716 5.201187
39 0.546945 5.198301
40 0.546182 5.195438
41 0.545428 5.192598
42 0.544683 5.189781
43 0.543947 5.186987
44 0.543219 5.184215
45 0.542500 5.181465
46 0.541789 5.178737
47 0.541087 5.176031
48 0.540393 5.173346
49 0.539706 5.170684
50 0.539028 5.168042
51 0.538358 5.165422
52 0.537695 5.162823
53 0.537040 5.160244
54 0.536393 5.157687
55 0.535754 5.155149
56 0.535122 5.152632
57 0.534497 5.150136
58 0.533879 5.147659
59 0.533269 5.145202
60 0.532666 5.142765
61 0.532070 5.140348
62 0.531480 5.137949
63 0.530898 5.135570
64 0.530322 5.133211
65 0.529754 5.130870
66 0.529191 5.128547
67 0.528636 5.126244
68 0.528087 5.123959
69 0.527544 5.121692
70 0.527007 5.119443
71 0.526477 5.117213
72 0.525953 5.115000
73 0.525435 5.112805
74 0.524923 5.110628
75 0.524417 5.108468
76 0.523917 5.106325
77 0.523423 5.104200
78 0.522935 5.102092
79 0.522452 5.100000
80 0.521975 5.097926
81 0.521503 5.095868
82 0.521037 5.093826
83 0.520577 5.091801
84 0.520122 5.089792
85 0.519672 5.087799
86 0.519227 5.085822
87 0.518787 5.083861
88 0.518353 5.081916
89 0.517924 5.079987
90 0.517499 5.078072
91 0.517080 5.076174
92 0.516666 5.074290
93 0.516256 5.072421
94 0.515851 5.070568
95 0.515451 5.068729
96 0.515055 5.066905
97 0.514665 5.065096
98 0.514278 5.063301
99 0.513896 5.061521
100 0.513519 5.059755
101 0.513146 5.058003
102 0.512778 5.056265
103 0.512413 5.054541
104 0.512053 5.052831
105 0.511697 5.051135
106 0.511346 5.049452
107 0.510998 5.047782
108 0.510654 5.046126
109 0.510315 5.044484
110 0.509979 5.042854
111 0.509647 5.041238
112 0.509320 5.039634
113 0.508996 5.038044
114 0.508675 5.036466
115 0.508359 5.034901
116 0.508046 5.033348
117 0.507737 5.031808
118 0.507431 5.030280
119 0.507129 5.028764
120 0.506831 5.027261
121 0.506536 5.025770
122 0.506244 5.024290
123 0.505956 5.022823
124 0.505671 5.021367
125 0.505390 5.019923
126 0.505112 5.018490
127 0.504837 5.017069
128 0.504565 5.015659
129 0.504296 5.014261
130 0.504031 5.012874
131 0.503769 5.011498
132 0.503509 5.010133
133 0.503253 5.008779
134 0.503000 5.007436
135 0.502749 5.006103
136 0.502502 5.004782
137 0.502257 5.003470
138 0.502016 5.002170
139 0.501777 5.000880
140 0.501541 4.999600
141 0.501307 4.998330
142 0.501077 4.997071
143 0.500849 4.995821
144 0.500624 4.994582
145 0.500401 4.993353
146 0.500181 4.992133
147 0.499963 4.990924
148 0.499748 4.989724
149 0.499536 4.988533
150 0.499326 4.987352
151 0.499119 4.986181
152 0.498913 4.985019
153 0.498711 4.983866
154 0.498510 4.982723
155 0.498312 4.981589
156 0.498117 4.980464
157 0.497923 4.979347
158 0.497732 4.978240
159 0.497543 4.977142
160 0.497356 4.976052
161 0.497172 4.974972
162 0.496989 4.973900
163 0.496809 4.972836
164 0.496631 4.971781
165 0.496455 4.970735
166 0.496281 4.969696
167 0.496109 4.968667
168 0.495939 4.967645
169 0.495771 4.966632
170 0.495605 4.965627
171 0.495441 4.964629
172 0.495278 4.963640
173 0.495118 4.962659
174 0.494960 4.961686
175 0.494803 4.960720
176 0.494648 4.959762
177 0.494495 4.958812
178 0.494344 4.957870
179 0.494195 4.956935
180 0.494047 4.956007
181 0.493901 4.955087
182 0.493757 4.954174
183 0.493614 4.953269
184 0.493473 4.952371
185 0.493334 4.951480
186 0.493196 4.950596
187 0.493060 4.949720
188 0.492926 4.948850
189 0.492793 4.947988
190 0.492661 4.947132
191 0.492532 4.946283
192 0.492403 4.945441
193 0.492276 4.944606
194 0.492151 4.943777
195 0.492027 4.942955
196 0.491905 4.942140
197 0.491784 4.941331
198 0.491664 4.940529
199 0.491546 4.939733
200 0.491429 4.938943
201 0.491314 4.938160
202 0.491200 4.937383
203 0.491087 4.936612
204 0.490975 4.935848
205 0.490865 4.935089
206 0.490756 4.934337
207 0.490649 4.933591
208 0.490542 4.932851
209 0.490437 4.932116
210 0.490333 4.931388
211 0.490231 4.930665
212 0.490129 4.929948
213 0.490029 4.929237
214 0.489930 4.928532
215 0.489832 4.927832
216 0.489735 4.927138
217 0.489639 4.926450
218 0.489544 4.925767
219 0.489451 4.925089
220 0.489359 4.924417
221 0.489267 4.923750
222 0.489177 4.923089
223 0.489088 4.922433
224 0.489000 4.921782
225 0.488913 4.921136
226 0.488826 4.920496
227 0.488741 4.919861
228 0.488657 4.919230
229 0.488574 4.918605
230 0.488492 4.917985
231 0.488411 4.917370
232 0.488330 4.916760
233 0.488251 4.916155
234 0.488173 4.915554
235 0.488095 4.914958
236 0.488018 4.914368
237 0.487943 4.913781
238 0.487868 4.913200
239 0.487794 4.912623
240 0.487721 4.912051
241 0.487649 4.911483
242 0.487577 4.910920
243 0.487507 4.910362
244 0.487437 4.909808
245 0.487368 4.909258
246 0.487300 4.908713
247 0.487233 4.908172
248 0.487166 4.907636
249 0.487100 4.907104
250 0.487035 4.906576
251 0.486971 4.906052
252 0.486908 4.905533
253 0.486845 4.905018
254 0.486783 4.904506
255 0.486722 4.903999
256 0.486661 4.903496
257 0.486601 4.902997
258 0.486542 4.902502
259 0.486483 4.902011
260 0.486426 4.901524
261 0.486368 4.901041
262 0.486312 4.900562
263 0.486256 4.900086
264 0.486201 4.899615
265 0.486146 4.899147
266 0.486093 4.898683
267 0.486039 4.898223
268 0.485987 4.897766
269 0.485935 4.897313
270 0.485883 4.896863
271 0.485832 4.896418
272 0.485782 4.895975
273 0.485733 4.895537
274 0.485684 4.895102
275 0.485635 4.894670
276 0.485587 4.894242
277 0.485540 4.893817
278 0.485493 4.893396
279 0.485447 4.892978
280 0.485401 4.892563
281 0.485356 4.892152
282 0.485311 4.891744
283 0.485267 4.891339
284 0.485223 4.890938
285 0.485180 4.890539
286 0.485138 4.890144
287 0.485096 4.889752
288 0.485054 4.889364
289 0.485013 4.888978
290 0.484972 4.888596
291 0.484932 4.888216
292 0.484892 4.887840
293 0.484853 4.887466
294 0.484814 4.887096
295 0.484776 4.886728
296 0.484738 4.886364
297 0.484700 4.886002
298 0.484663 4.885644
299 0.484627 4.885288
300 0.484591 4.884935
301 0.484555 4.884585
302 0.484520 4.884237
303 0.484485 4.883893
304 0.484450 4.883551
305 0.484416 4.883212
306 0.484382 4.882876
307 0.484349 4.882542
308 0.484316 4.882211
309 0.484284 4.881883
310 0.484251 4.881557
311 0.484220 4.881234
312 0.484188 4.880914
313 0.484157 4.880596
314 0.484126 4.880280
315 0.484096 4.879968
316 0.484066 4.879657
317 0.484036 4.879350
318 0.484007 4.879044
319 0.483978 4.878741
320 0.483950 4.878441
321 0.483921 4.878143
322 0.483893 4.877847
323 0.483866 4.877554
324 0.483839 4.877263
325 0.483812 4.876974
326 0.483785 4.876688
327 0.483759 4.876404
328 0.483732 4.876122
329 0.483707 4.875843
330 0.483681 4.875566
331 0.483656 4.875291
332 0.483631 4.875018
333 0.483607 4.874747
334 0.483582 4.874479
335 0.483558 4.874213
336 0.483535 4.873948
337 0.483511 4.873686
338 0.483488 4.873426
339 0.483465 4.873169
340 0.483443 4.872913
341 0.483420 4.872659
342 0.483398 4.872407
343 0.483376 4.872158
344 0.483355 4.871910
345 0.483333 4.871664
346 0.483312 4.871421
347 0.483291 4.871179
348 0.483271 4.870939
349 0.483251 4.870701
350 0.483230 4.870465
351 0.483211 4.870231
352 0.483191 4.869999
353 0.483171 4.869768
354 0.483152 4.869540
355 0.483133 4.869313
356 0.483115 4.869088
357 0.483096 4.868865
358 0.483078 4.868644
359 0.483060 4.868425
360 0.483042 4.868207
361 0.483024 4.867991
362 0.483006 4.867777
363 0.482989 4.867564
364 0.482972 4.867353
365 0.482955 4.867144
366 0.482939 4.866937
367 0.482922 4.866731
368 0.482906 4.866527
369 0.482890 4.866324
370 0.482874 4.866123
371 0.482858 4.865924
372 0.482842 4.865726
373 0.482827 4.865530
374 0.482812 4.865336
375 0.482797 4.865143
376 0.482782 4.864951
377 0.482767 4.864761
378 0.482753 4.864573
379 0.482739 4.864386
380 0.482724 4.864201
381 0.482710 4.864017
382 0.482697 4.863835
383 0.482683 4.863654
384 0.482669 4.863474
385 0.482656 4.863296
386 0.482643 4.863120
387 0.482630 4.862944
388 0.482617 4.862771
389 0.482604 4.862598
390 0.482592 4.862427
391 0.482579 4.862257
392 0.482567 4.862089
393 0.482555 4.861922
394 0.482543 4.861757
395 0.482531 4.861592
396 0.482519 4.861429
397 0.482508 4.861268
398 0.482496 4.861107
399 0.482485 4.860948
400 0.482474 4.860791
401 0.482463 4.860634
402 0.482452 4.860479
403 0.482441 4.860325
404 0.482430 4.860172
405 0.482420 4.860020
406 0.482409 4.859870
407 0.482399 4.859721
408 0.482389 4.859573
409 0.482379 4.859426
410 0.482369 4.859281
411 0.482359 4.859136
412 0.482349 4.858993
413 0.482339 4.858851
414 0.482330 4.858710
415 0.482320 4.858570
416 0.482311 4.858431
417 0.482302 4.858294
418 0.482293 4.858157
419 0.482284 4.858022
420 0.482275 4.857888
421 0.482266 4.857754
422 0.482258 4.857622
423 0.482249 4.857491
424 0.482241 4.857361
425 0.482232 4.857232
426 0.482224 4.857104
427 0.482216 4.856977
428 0.482208 4.856851
429 0.482200 4.856726
430 0.482192 4.856602
431 0.482184 4.856479
432 0.482177 4.856357
433 0.482169 4.856236
434 0.482161 4.856116
435 0.482154 4.855997
436 0.482147 4.855879
437 0.482139 4.855762
438 0.482132 4.855646
439 0.482125 4.855531
440 0.482118 4.855416
441 0.482111 4.855303
442 0.482104 4.855190
443 0.482098 4.855079
444 0.482091 4.854968
445 0.482084 4.854858
446 0.482078 4.854749
447 0.482071 4.854641
448 0.482065 4.854534
449 0.482059 4.854428
450 0.482053 4.854322
451 0.482046 4.854217
452 0.482040 4.854114
453 0.482034 4.854011
454 0.482028 4.853908
455 0.482022 4.853807
456 0.482017 4.853707
457 0.482011 4.853607
458 0.482005 4.853508
459 0.482000 4.853410
460 0.481994 4.853312
461 0.481989 4.853216
462 0.481983 4.853120
463 0.481978 4.853025
464 0.481973 4.852931
465 0.481967 4.852837
466 0.481962 4.852745
467 0.481957 4.852653
468 0.481952 4.852561
469 0.481947 4.852471
470 0.481942 4.852381
471 0.481937 4.852292
472 0.481932 4.852204
473 0.481928 4.852116
474 0.481923 4.852029
475 0.481918 4.851943
476 0.481914 4.851857
477 0.481909 4.851772
478 0.481905 4.851688
479 0.481900 4.851604
480 0.481896 4.851522
481 0.481892 4.851439
482 0.481887 4.851358
483 0.481883 4.851277
484 0.481879 4.851197
485 0.481875 4.851117
486 0.481871 4.851038
487 0.481867 4.850960
488 0.481863 4.850882
489 0.481859 4.850805
490 0.481855 4.850729
491 0.481851 4.850653
492 0.481847 4.850578
493 0.481843 4.850503
494 0.481840 4.850429
495 0.481836 4.850356
496 0.481832 4.850283
497 0.481829 4.850210
498 0.481825 4.850139
499 0.481822 4.850068
500 0.481818 4.849997
