0 1.626337 18.540000
1 1.621509 18.520275
2 1.616854 18.501043
3 1.612368 18.482290
4 1.608045 18.464005
5 1.603877 18.446176
6 1.599860 18.428792
7 1.595987 18.411841
8 1.592255 18.395314
9 1.588658 18.379198
10 1.585190 18.363485
11 1.581848 18.348163
12 1.578626 18.333224
13 1.575521 18.318657
14 1.572528 18.304454
15 1.569643 18.290604
16 1.566863 18.277101
17 1.564183 18.263934
18 1.561599 18.251095
19 1.559109 18.238577
20 1.556709 18.226371
21 1.554395 18.214470
22 1.552165 18.202865
23 1.550016 18.191550
24 1.547944 18.180517
25 1.545947 18.169760
26 1.544023 18.159270
27 1.542167 18.149043
28 1.540379 18.139070
29 1.538656 18.129346
30 1.536994 18.119865
31 1.535393 18.110620
32 1.533849 18.101606
33 1.532362 18.092816
34 1.530927 18.084246
35 1.529545 18.075890
36 1.528213 18.067742
37 1.526929 18.059797
38 1.525691 18.052051
39 1.524498 18.044498
40 1.523348 18.037133
41 1.522239 18.029952
42 1.521171 18.022950
43 1.520141 18.016122
44 1.519149 18.009465
45 1.518192 18.002974
46 1.517270 17.996645
47 1.516381 17.990474
48 1.515524 17.984457
49 1.514698 17.978589
50 1.513902 17.972868
51 1.513135 17.967290
52 1.512395 17.961851
53 1.511682 17.956548
54 1.510995 17.951377
55 1.510333 17.946335
56 1.509695 17.941418
57 1.509079 17.936625
58 1.508486 17.931951
59 1.507915 17.927393
60 1.507364 17.922949
61 1.506833 17.918616
62 1.506321 17.914391
63 1.505827 17.910272
64 1.505352 17.906255
65 1.504893 17.902339
66 1.504451 17.898520
67 1.504025 17.894796
68 1.503615 17.891165
69 1.503219 17.887625
70 1.502838 17.884173
71 1.502470 17.880807
72 1.502116 17.877526
73 1.501774 17.874326
74 1.501445 17.871206
75 1.501128 17.868163
76 1.500822 17.865197
77 1.500527 17.862304
78 1.500243 17.859484
79 1.499969 17.856734
80 1.499705 17.854053
81 1.499451 17.851438
82 1.499205 17.848889
83 1.498969 17.846403
84 1.498741 17.843980
85 1.498521 17.841617
86 1.498310 17.839312
87 1.498106 17.837066
88 1.497909 17.834875
89 1.497719 17.832739
90 1.497537 17.830656
91 1.497361 17.828625
92 1.497191 17.826645
93 1.497027 17.824714
94 1.496869 17.822831
95 1.496717 17.820996
96 1.496571 17.819206
97 1.496430 17.817461
98 1.496293 17.815759
99 1.496162 17.814100
100 1.496036 17.812482
101 1.495914 17.810904
102 1.495796 17.809366
103 1.495683 17.807866
104 1.495574 17.806404
105 1.495469 17.804978
106 1.495367 17.803588
107 1.495269 17.802232
108 1.495175 17.800910
109 1.495084 17.799621
110 1.494997 17.798364
111 1.494912 17.797139
112 1.494831 17.795944
113 1.494753 17.794779
114 1.494677 17.793643
115 1.494604 17.792536
116 1.494534 17.791456
117 1.494466 17.790403
118 1.494401 17.789376
119 1.494338 17.788375
120 1.494278 17.787398
121 1.494219 17.786447
122 1.494163 17.785518
123 1.494109 17.784614
124 1.494056 17.783731
125 1.494006 17.782871
126 1.493957 17.782032
127 1.493910 17.781214
128 1.493865 17.780416
129 1.493822 17.779639
130 1.493780 17.778880
131 1.493739 17.778141
132 1.493700 17.777420
133 1.493663 17.776717
134 1.493627 17.776032
135 1.493592 17.775363
136 1.493558 17.774712
137 1.493526 17.774076
138 1.493494 17.773457
139 1.493464 17.772853
140 1.493435 17.772264
141 1.493407 17.771689
142 1.493380 17.771129
143 1.493354 17.770583
144 1.493329 17.770051
145 1.493305 17.769532
146 1.493282 17.769025
147 1.493259 17.768532
148 1.493238 17.768051
149 1.493217 17.767581
150 1.493197 17.767124
151 1.493177 17.766678
152 1.493159 17.766243
153 1.493141 17.765819
154 1.493123 17.765405
155 1.493107 17.765002
156 1.493090 17.764609
157 1.493075 17.764225
158 1.493060 17.763851
159 1.493046 17.763487
160 1.493032 17.763131
161 1.493018 17.762785
162 1.493005 17.762447
163 1.492993 17.762118
164 1.492981 17.761796
165 1.492969 17.761483
166 1.492958 17.761178
167 1.492947 17.760880
168 1.492937 17.760589
169 1.492927 17.760306
170 1.492917 17.760030
171 1.492908 17.759761
172 1.492899 17.759499
173 1.492890 17.759243
174 1.492882 17.758993
175 1.492874 17.758750
176 1.492866 17.758512
177 1.492859 17.758281
178 1.492852 17.758056
179 1.492845 17.757836
180 1.492838 17.757621
181 1.492832 17.757412
182 1.492826 17.757208
183 1.492820 17.757009
184 1.492814 17.756816
185 1.492808 17.756627
186 1.492803 17.756442
187 1.492798 17.756263
188 1.492793 17.756087
189 1.492788 17.755917
190 1.492783 17.755750
191 1.492779 17.755588
192 1.492775 17.755429
193 1.492771 17.755275
194 1.492767 17.755124
195 1.492763 17.754977
196 1.492759 17.754834
197 1.492756 17.754695
198 1.492752 17.754559
199 1.492749 17.754426
200 1.492746 17.754296
201 1.492743 17.754170
202 1.492740 17.754047
203 1.492737 17.753927
204 1.492734 17.753810
205 1.492731 17.753696
206 1.492729 17.753585
207 1.492726 17.753477
208 1.492724 17.753371
209 1.492722 17.753268
210 1.492719 17.753167
211 1.492717 17.753069
212 1.492715 17.752974
213 1.492713 17.752881
214 1.492711 17.752790
215 1.492709 17.752701
216 1.492708 17.752615
217 1.492706 17.752531
218 1.492704 17.752449
219 1.492703 17.752368
220 1.492701 17.752290
221 1.492700 17.752214
222 1.492698 17.752140
223 1.492697 17.752068
224 1.492696 17.751997
225 1.492694 17.751928
226 1.492693 17.751861
227 1.492692 17.751796
228 1.492691 17.751732
229 1.492690 17.751670
230 1.492689 17.751609
231 1.492688 17.751550
232 1.492687 17.751492
233 1.492686 17.751436
234 1.492685 17.751381
235 1.492684 17.751328
236 1.492683 17.751276
237 1.492682 17.751225
238 1.492681 17.751175
239 1.492681 17.751127
240 1.492680 17.751080
241 1.492679 17.751034
242 1.492679 17.750989
243 1.492678 17.750946
244 1.492677 17.750903
245 1.492677 17.750861
246 1.492676 17.750821
247 1.492675 17.750781
248 1.492675 17.750743
249 1.492674 17.750705
250 1.492674 17.750669
251 1.492673 17.750633
252 1.492673 17.750598
253 1.492672 17.750564
254 1.492672 17.750531
255 1.492672 17.750499
256 1.492671 17.750468
257 1.492671 17.750437
258 1.492670 17.750407
259 1.492670 17.750378
260 1.492670 17.750350
261 1.492669 17.750322
262 1.492669 17.750295
263 1.492669 17.750268
264 1.492668 17.750243
265 1.492668 17.750218
266 1.492668 17.750193
267 1.492668 17.750169
268 1.492667 17.750146
269 1.492667 17.750124
270 1.492667 17.750102
271 1.492667 17.750080
272 1.492666 17.750059
273 1.492666 17.750039
274 1.492666 17.750019
275 1.492666 17.749999
276 1.492666 17.749980
277 1.492665 17.749962
278 1.492665 17.749944
279 1.492665 17.749926
280 1.492665 17.749909
281 1.492665 17.749892
282 1.492665 17.749876
283 1.492664 17.749860
284 1.492664 17.749844
285 1.492664 17.749829
286 1.492664 17.749815
287 1.492664 17.749800
288 1.492664 17.749786
289 1.492664 17.749773
290 1.492663 17.749759
291 1.492663 17.749746
292 1.492663 17.749734
293 1.492663 17.749721
294 1.492663 17.749709
295 1.492663 17.749697
296 1.492663 17.749686
297 1.492663 17.749675
298 1.492663 17.749664
299 1.492663 17.749653
300 1.492663 17.749643
301 1.492662 17.749633
302 1.492662 17.749623
303 1.492662 17.749613
304 1.492662 17.749604
305 1.492662 17.749595
306 1.492662 17.749586
307 1.492662 17.749577
308 1.492662 17.749569
309 1.492662 17.749561
310 1.492662 17.749553
311 1.492662 17.749545
312 1.492662 17.749537
313 1.492662 17.749530
314 1.492662 17.749522
315 1.492662 17.749515
316 1.492662 17.749508
317 1.492662 17.749502
318 1.492661 17.749495
319 1.492661 17.749489
320 1.492661 17.749482
321 1.492661 17.749476
322 1.492661 17.749470
323 1.492661 17.749465
324 1.492661 17.749459
325 1.492661 17.749454
326 1.492661 17.749448
327 1.492661 17.749443
328 1.492661 17.749438
329 1.492661 17.749433
330 1.492661 17.749428
331 1.492661 17.749423
332 1.492661 17.749419
333 1.492661 17.749414
334 1.492661 17.749410
335 1.492661 17.749406
336 1.492661 17.749401
337 1.492661 17.749397
338 1.492661 17.749393
339 1.492661 17.749389
340 1.492661 17.749386
341 1.492661 17.749382
342 1.492661 17.749378
343 1.492661 17.749375
344 1.492661 17.749372
345 1.492661 17.749368
346 1.492661 17.749365
347 1.492661 17.749362
348 1.492661 17.749359
349 1.492661 17.749356
350 1.492661 17.749353
351 1.492661 17.749350
352 1.492661 17.749347
353 1.492661 17.749344
354 1.492661 17.749342
355 1.492661 17.749339
356 1.492661 17.749337
357 1.492661 17.749334
358 1.492661 17.749332
359 1.492661 17.749330
360 1.492661 17.749327
361 1.492661 17.749325
362 1.492661 17.749323
363 1.492661 17.749321
364 1.492661 17.749319
365 1.492661 17.749317
366 1.492661 17.749315
367 1.492661 17.749313
368 1.492661 17.749311
369 1.492661 17.749309
370 1.492661 17.749307
371 1.492661 17.749306
372 1.492661 17.749304
373 1.492661 17.749302
374 1.492661 17.749301
375 1.492661 17.749299
376 1.492660 17.749298
377 1.492660 17.749296
378 1.492660 17.749295
379 1.492660 17.749293
380 1.492660 17.749292
381 1.492660 17.749291
382 1.492660 17.749289
383 1.492660 17.749288
384 1.492660 17.749287
385 1.492660 17.749286
386 1.492660 17.749284
387 1.492660 17.749283
388 1.492660 17.749282
389 1.492660 17.749281
390 1.492660 17.749280
391 1.492660 17.749279
392 1.492660 17.749278
393 1.492660 17.749277
394 1.492660 17.749276
395 1.492660 17.749275
396 1.492660 17.749274
397 1.492660 17.749273
398 1.492660 17.749272
399 1.492660 17.749272
400 1.492660 17.749271
401 1.492660 17.749270
402 1.492660 17.749269
403 1.492660 17.749268
404 1.492660 17.749268
405 1.492660 17.749267
406 1.492660 17.749266
407 1.492660 17.749266
408 1.492660 17.749265
409 1.492660 17.749264
410 1.492660 17.749264
411 1.492660 17.749263
412 1.492660 17.749262
413 1.492660 17.749262
414 1.492660 17.749261
415 1.492660 17.749261
416 1.492660 17.749260
417 1.492660 17.749259
418 1.492660 17.749259
419 1.492660 17.749258
420 1.492660 17.749258
421 1.492660 17.749257
422 1.492660 17.749257
423 1.492660 17.749257
424 1.492660 17.749256
425 1.492660 17.749256
426 1.492660 17.749255
427 1.492660 17.749255
428 1.492660 17.749254
429 1.492660 17.749254
430 1.492660 17.749254
431 1.492660 17.749253
432 1.492660 17.749253
433 1.492660 17.749252
434 1.492660 17.749252
435 1.492660 17.749252
436 1.492660 17.749251
437 1.492660 17.749251
438 1.492660 17.749251
439 1.492660 17.749250
440 1.492660 17.749250
441 1.492660 17.749250
442 1.492660 17.749250
443 1.492660 17.749249
444 1.492660 17.749249
445 1.492660 17.749249
446 1.492660 17.749249
447 1.492660 17.749248
448 1.492660 17.749248
449 1.492660 17.749248
450 1.492660 17.749248
451 1.492660 17.749247
452 1.492660 17.749247
453 1.492660 17.749247
454 1.492660 17.749247
455 1.492660 17.749246
456 1.492660 17.749246
457 1.492660 17.749246
458 1.492660 17.749246
459 1.492660 17.749246
460 1.492660 17.749246
461 1.492660 17.749245
462 1.492660 17.749245
463 1.492660 17.749245
464 1.492660 17.749245
465 1.492660 17.749245
466 1.492660 17.749245
467 1.492660 17.749244
468 1.492660 17.749244
469 1.492660 17.749244
470 1.492660 17.749244
471 1.492660 17.749244
472 1.492660 17.749244
473 1.492660 17.749244
474 1.492660 17.749243
475 1.492660 17.749243
476 1.492660 17.749243
477 1.492660 17.749243
478 1.492660 17.749243
479 1.492660 17.749243
480 1.492660 17.749243
481 1.492660 17.749243
482 1.492660 17.749242
483 1.492660 17.749242
484 1.492660 17.749242
485 1.492660 17.749242
486 1.492660 17.749242
487 1.492660 17.749242
488 1.492660 17.749242
489 1.492660 17.749242
490 1.492660 17.749242
491 1.492660 17.749242
492 1.492660 17.749242
493 1.492660 17.749241
494 1.492660 17.749241
495 1.492660 17.749241
496 1.492660 17.749241
497 1.492660 17.749241
498 1.492660 17.749241
499 1.492660 17.749241
500 1.492660 17.749241
