0 0.386081 4.380000
1 0.384435 4.373329
2 0.382816 4.366734
3 0.381224 4.360214
4 0.379657 4.353767
5 0.378117 4.347393
6 0.376602 4.341092
7 0.375112 4.334861
8 0.373646 4.328702
9 0.372204 4.322612
10 0.370787 4.316591
11 0.369392 4.310638
12 0.368020 4.304752
13 0.366671 4.298933
14 0.365345 4.293180
15 0.364040 4.287493
16 0.362756 4.281869
17 0.361493 4.276309
18 0.360252 4.270813
19 0.359030 4.265378
20 0.357829 4.260005
21 0.356648 4.254693
22 0.355486 4.249441
23 0.354343 4.244248
24 0.353219 4.239114
25 0.352113 4.234038
26 0.351026 4.229020
27 0.349956 4.224059
28 0.348904 4.219153
29 0.347870 4.214304
30 0.346852 4.209509
31 0.345851 4.204768
32 0.344867 4.200081
33 0.343898 4.195447
34 0.342946 4.190866
35 0.342009 4.186337
36 0.341088 4.181858
37 0.340182 4.177431
38 0.339291 4.173053
39 0.338414 4.168725
40 0.337552 4.164447
41 0.336704 4.160216
42 0.335870 4.156034
43 0.335050 4.151899
44 0.334243 4.147810
45 0.333449 4.143768
46 0.332669 4.139772
47 0.331901 4.135821
48 0.331146 4.131914
49 0.330403 4.128052
50 0.329673 4.124234
51 0.328955 4.120459
52 0.328248 4.116726
53 0.327553 4.113036
54 0.326869 4.109388
55 0.326197 4.105781
56 0.325536 4.102214
57 0.324886 4.098688
58 0.324246 4.095203
59 0.323617 4.091756
60 0.322998 4.088349
61 0.322389 4.084980
62 0.321791 4.081649
63 0.321202 4.078356
64 0.320623 4.075100
65 0.320053 4.071881
66 0.319493 4.068699
67 0.318942 4.065552
68 0.318400 4.062441
69 0.317867 4.059366
70 0.317343 4.056325
71 0.316827 4.053319
72 0.316320 4.050346
73 0.315821 4.047408
74 0.315331 4.044502
75 0.314848 4.041630
76 0.314374 4.038790
77 0.313907 4.035982
78 0.313448 4.033206
79 0.312996 4.030461
80 0.312552 4.027748
81 0.312115 4.025065
82 0.311686 4.022412
83 0.311263 4.019790
84 0.310847 4.017197
85 0.310439 4.014634
86 0.310036 4.012099
87 0.309641 4.009594
88 0.309252 4.007116
89 0.308869 4.004667
90 0.308493 4.002246
91 0.308123 3.999852
92 0.307759 3.997485
93 0.307401 3.995144
94 0.307049 3.992831
95 0.306703 3.990543
96 0.306362 3.988281
97 0.306027 3.986045
98 0.305697 3.983835
99 0.305373 3.981649
100 0.305055 3.979488
101 0.304741 3.977352
102 0.304433 3.975239
103 0.304129 3.973151
104 0.303831 3.971086
105 0.303538 3.969045
106 0.303249 3.967027
107 0.302965 3.965031
108 0.302686 3.963058
109 0.302411 3.961108
110 0.302141 3.959179
111 0.301876 3.957273
112 0.301614 3.955388
113 0.301357 3.953524
114 0.301105 3.951682
115 0.300856 3.949860
116 0.300612 3.948059
117 0.300371 3.946278
118 0.300135 3.944518
119 0.299902 3.942777
120 0.299673 3.941056
121 0.299448 3.939355
122 0.299227 3.937673
123 0.299009 3.936010
124 0.298795 3.934366
125 0.298584 3.932740
126 0.298377 3.931133
127 0.298174 3.929544
128 0.297973 3.927973
129 0.297776 3.926419
130 0.297582 3.924884
131 0.297392 3.923365
132 0.297204 3.921864
133 0.297020 3.920380
134 0.296838 3.918913
135 0.296660 3.917462
136 0.296484 3.916028
137 0.296312 3.914610
138 0.296142 3.913208
139 0.295975 3.911822
140 0.295811 3.910451
141 0.295649 3.909096
142 0.295491 3.907757
143 0.295334 3.906432
144 0.295181 3.905123
145 0.295029 3.903828
146 0.294881 3.902548
147 0.294735 3.901283
148 0.294591 3.900032
149 0.294449 3.898795
150 0.294310 3.897572
151 0.294173 3.896363
152 0.294039 3.895168
153 0.293906 3.893986
154 0.293776 3.892817
155 0.293648 3.891662
156 0.293522 3.890520
157 0.293398 3.889390
158 0.293276 3.888274
159 0.293157 3.887170
160 0.293039 3.886079
161 0.292923 3.885000
162 0.292809 3.883933
163 0.292697 3.882878
164 0.292586 3.881836
165 0.292478 3.880805
166 0.292371 3.879785
167 0.292266 3.878778
168 0.292163 3.877781
169 0.292061 3.876796
170 0.291962 3.875822
171 0.291863 3.874860
172 0.291767 3.873908
173 0.291672 3.872966
174 0.291578 3.872036
175 0.291486 3.871116
176 0.291396 3.870206
177 0.291307 3.869307
178 0.291220 3.868418
179 0.291134 3.867539
180 0.291049 3.866670
181 0.290966 3.865811
182 0.290884 3.864961
183 0.290804 3.864121
184 0.290724 3.863291
185 0.290646 3.862470
186 0.290570 3.861658
187 0.290495 3.860855
188 0.290420 3.860062
189 0.290348 3.859278
190 0.290276 3.858502
191 0.290205 3.857735
192 0.290136 3.856977
193 0.290068 3.856228
194 0.290001 3.855487
195 0.289935 3.854754
196 0.289870 3.854030
197 0.289806 3.853313
198 0.289743 3.852605
199 0.289682 3.851905
200 0.289621 3.851213
201 0.289561 3.850529
202 0.289503 3.849853
203 0.289445 3.849184
204 0.289388 3.848522
205 0.289332 3.847869
206 0.289277 3.847222
207 0.289223 3.846583
208 0.289170 3.845951
209 0.289118 3.845327
210 0.289066 3.844709
211 0.289015 3.844098
212 0.288966 3.843495
213 0.288917 3.842898
214 0.288869 3.842308
215 0.288821 3.841724
216 0.288775 3.841147
217 0.288729 3.840577
218 0.288684 3.840013
219 0.288640 3.839456
220 0.288596 3.838905
221 0.288553 3.838360
222 0.288511 3.837821
223 0.288469 3.837288
224 0.288429 3.836762
225 0.288389 3.836241
226 0.288349 3.835726
227 0.288310 3.835217
228 0.288272 3.834714
229 0.288235 3.834217
230 0.288198 3.833725
231 0.288161 3.833239
232 0.288126 3.832758
233 0.288091 3.832282
234 0.288056 3.831812
235 0.288022 3.831348
236 0.287989 3.830888
237 0.287956 3.830434
238 0.287923 3.829985
239 0.287892 3.829541
240 0.287860 3.829102
241 0.287830 3.828668
242 0.287799 3.828239
243 0.287770 3.827815
244 0.287740 3.827396
245 0.287711 3.826981
246 0.287683 3.826571
247 0.287655 3.826166
248 0.287628 3.825765
249 0.287601 3.825369
250 0.287574 3.824978
251 0.287548 3.824590
252 0.287523 3.824207
253 0.287498 3.823829
254 0.287473 3.823455
255 0.287448 3.823085
256 0.287424 3.822719
257 0.287401 3.822357
258 0.287378 3.822000
259 0.287355 3.821646
260 0.287332 3.821296
261 0.287310 3.820951
262 0.287288 3.820609
263 0.287267 3.820271
264 0.287246 3.819938
265 0.287225 3.819607
266 0.287205 3.819281
267 0.287185 3.818958
268 0.287165 3.818639
269 0.287146 3.818324
270 0.287127 3.818012
271 0.287108 3.817703
272 0.287090 3.817398
273 0.287072 3.817097
274 0.287054 3.816799
275 0.287037 3.816504
276 0.287019 3.816213
277 0.287002 3.815925
278 0.286986 3.815640
279 0.286969 3.815359
280 0.286953 3.815080
281 0.286937 3.814805
282 0.286922 3.814533
283 0.286907 3.814264
284 0.286891 3.813998
285 0.286877 3.813735
286 0.286862 3.813475
287 0.286848 3.813218
288 0.286834 3.812964
289 0.286820 3.812713
290 0.286806 3.812464
291 0.286793 3.812219
292 0.286779 3.811976
293 0.286766 3.811736
294 0.286754 3.811499
295 0.286741 3.811264
296 0.286729 3.811032
297 0.286717 3.810803
298 0.286705 3.810576
299 0.286693 3.810352
300 0.286681 3.810130
301 0.286670 3.809911
302 0.286659 3.809694
303 0.286648 3.809480
304 0.286637 3.809268
305 0.286626 3.809059
306 0.286616 3.808852
307 0.286605 3.808647
308 0.286595 3.808445
309 0.286585 3.808244
310 0.286576 3.808047
311 0.286566 3.807851
312 0.286556 3.807658
313 0.286547 3.807467
314 0.286538 3.807278
315 0.286529 3.807091
316 0.286520 3.806906
317 0.286511 3.806723
318 0.286503 3.806543
319 0.286494 3.806364
320 0.286486 3.806188
321 0.286478 3.806013
322 0.286470 3.805841
323 0.286462 3.805670
324 0.286454 3.805501
325 0.286447 3.805335
326 0.286439 3.805170
327 0.286432 3.805007
328 0.286424 3.804846
329 0.286417 3.804686
330 0.286410 3.804529
331 0.286403 3.804373
332 0.286396 3.804219
333 0.286390 3.804067
334 0.286383 3.803916
335 0.286377 3.803767
336 0.286370 3.803620
337 0.286364 3.803475
338 0.286358 3.803331
339 0.286352 3.803189
340 0.286346 3.803048
341 0.286340 3.802909
342 0.286334 3.802772
343 0.286329 3.802636
344 0.286323 3.802502
345 0.286318 3.802369
346 0.286312 3.802238
347 0.286307 3.802108
348 0.286302 3.801979
349 0.286296 3.801853
350 0.286291 3.801727
351 0.286286 3.801603
352 0.286282 3.801481
353 0.286277 3.801359
354 0.286272 3.801239
355 0.286267 3.801121
356 0.286263 3.801004
357 0.286258 3.800888
358 0.286254 3.800773
359 0.286250 3.800660
360 0.286245 3.800548
361 0.286241 3.800438
362 0.286237 3.800328
363 0.286233 3.800220
364 0.286229 3.800113
365 0.286225 3.800007
366 0.286221 3.799903
367 0.286217 3.799799
368 0.286214 3.799697
369 0.286210 3.799596
370 0.286206 3.799496
371 0.286203 3.799397
372 0.286199 3.799300
373 0.286196 3.799203
374 0.286192 3.799108
375 0.286189 3.799013
376 0.286186 3.798920
377 0.286182 3.798828
378 0.286179 3.798737
379 0.286176 3.798646
380 0.286173 3.798557
381 0.286170 3.798469
382 0.286167 3.798382
383 0.286164 3.798296
384 0.286161 3.798211
385 0.286159 3.798126
386 0.286156 3.798043
387 0.286153 3.797961
388 0.286150 3.797879
389 0.286148 3.797799
390 0.286145 3.797719
391 0.286143 3.797641
392 0.286140 3.797563
393 0.286138 3.797486
394 0.286135 3.797410
395 0.286133 3.797335
396 0.286130 3.797261
397 0.286128 3.797187
398 0.286126 3.797115
399 0.286124 3.797043
400 0.286121 3.796972
401 0.286119 3.796902
402 0.286117 3.796832
403 0.286115 3.796764
404 0.286113 3.796696
405 0.286111 3.796629
406 0.286109 3.796562
407 0.286107 3.796497
408 0.286105 3.796432
409 0.286103 3.796368
410 0.286101 3.796305
411 0.286099 3.796242
412 0.286098 3.796180
413 0.286096 3.796119
414 0.286094 3.796058
415 0.286092 3.795998
416 0.286091 3.795939
417 0.286089 3.795881
418 0.286087 3.795823
419 0.286086 3.795766
420 0.286084 3.795709
421 0.286083 3.795653
422 0.286081 3.795598
423 0.286080 3.795543
424 0.286078 3.795489
425 0.286077 3.795436
426 0.286075 3.795383
427 0.286074 3.795331
428 0.286072 3.795279
429 0.286071 3.795228
430 0.286070 3.795178
431 0.286068 3.795128
432 0.286067 3.795079
433 0.286066 3.795030
434 0.286065 3.794982
435 0.286063 3.794934
436 0.286062 3.794887
437 0.286061 3.794840
438 0.286060 3.794794
439 0.286059 3.794749
440 0.286057 3.794704
441 0.286056 3.794659
442 0.286055 3.794615
443 0.286054 3.794572
444 0.286053 3.794529
445 0.286052 3.794486
446 0.286051 3.794444
447 0.286050 3.794403
448 0.286049 3.794361
449 0.286048 3.794321
450 0.286047 3.794281
451 0.286046 3.794241
452 0.286045 3.794202
453 0.286044 3.794163
454 0.286043 3.794124
455 0.286042 3.794086
456 0.286042 3.794049
457 0.286041 3.794012
458 0.286040 3.793975
459 0.286039 3.793939
460 0.286038 3.793903
461 0.286037 3.793868
462 0.286037 3.793833
463 0.286036 3.793798
464 0.286035 3.793764
465 0.286034 3.793730
466 0.286034 3.793696
467 0.286033 3.793663
468 0.286032 3.793630
469 0.286032 3.793598
470 0.286031 3.793566
471 0.286030 3.793534
472 0.286029 3.793503
473 0.286029 3.793472
474 0.286028 3.793442
475 0.286028 3.793411
476 0.286027 3.793382
477 0.286026 3.793352
478 0.286026 3.793323
479 0.286025 3.793294
480 0.286025 3.793265
481 0.286024 3.793237
482 0.286023 3.793209
483 0.286023 3.793182
484 0.286022 3.793154
485 0.286022 3.793127
486 0.286021 3.793101
487 0.286021 3.793074
488 0.286020 3.793048
489 0.286020 3.793023
490 0.286019 3.792997
491 0.286019 3.792972
492 0.286018 3.792947
493 0.286018 3.792922
494 0.286017 3.792898
495 0.286017 3.792874
496 0.286016 3.792850
497 0.286016 3.792827
498 0.286016 3.792803
499 0.286015 3.792780
500 0.286015 3.792758
