0 0.813466 6.280000
1 0.811807 6.275430
2 0.810160 6.270884
3 0.808525 6.266362
4 0.806904 6.261863
5 0.805294 6.257388
6 0.803697 6.252937
7 0.802112 6.248509
8 0.800539 6.244104
9 0.798978 6.239722
10 0.797429 6.235363
11 0.795892 6.231027
12 0.794367 6.226714
13 0.792853 6.222423
14 0.791350 6.218155
15 0.789859 6.213909
16 0.788380 6.209685
17 0.786912 6.205484
18 0.785455 6.201304
19 0.784009 6.197147
20 0.782574 6.193011
21 0.781150 6.188897
22 0.779737 6.184804
23 0.778334 6.180733
24 0.776943 6.176683
25 0.775562 6.172655
26 0.774191 6.168647
27 0.772831 6.164661
28 0.771481 6.160695
29 0.770142 6.156751
30 0.768813 6.152826
31 0.767493 6.148923
32 0.766184 6.145040
33 0.764885 6.141177
34 0.763596 6.137334
35 0.762317 6.133512
36 0.761047 6.129710
37 0.759787 6.125927
38 0.758537 6.122165
39 0.757296 6.118422
40 0.756065 6.114698
41 0.754843 6.110995
42 0.753631 6.107310
43 0.752427 6.103645
44 0.751233 6.099999
45 0.750048 6.096373
46 0.748872 6.092765
47 0.747705 6.089176
48 0.746547 6.085606
49 0.745397 6.082055
50 0.744257 6.078522
51 0.743125 6.075008
52 0.742001 6.071512
53 0.740887 6.068034
54 0.739780 6.064575
55 0.738683 6.061134
56 0.737593 6.057711
57 0.736512 6.054306
58 0.735439 6.050918
59 0.734374 6.047549
60 0.733318 6.044197
61 0.732269 6.040863
62 0.731229 6.037546
63 0.730196 6.034246
64 0.729171 6.030964
65 0.728155 6.027699
66 0.727145 6.024451
67 0.726144 6.021220
68 0.725150 6.018006
69 0.724164 6.014809
70 0.723185 6.011629
71 0.722214 6.008465
72 0.721250 6.005318
73 0.720293 6.002187
74 0.719344 5.999073
75 0.718402 5.995975
76 0.717467 5.992893
77 0.716539 5.989828
78 0.715619 5.986778
79 0.714705 5.983745
80 0.713798 5.980727
81 0.712899 5.977726
82 0.712006 5.974740
83 0.711120 5.971769
84 0.710240 5.968814
85 0.709368 5.965875
86 0.708502 5.962951
87 0.707642 5.960042
88 0.706790 5.957149
89 0.705943 5.954271
90 0.705103 5.951408
91 0.704270 5.948559
92 0.703443 5.945726
93 0.702622 5.942908
94 0.701807 5.940104
95 0.700999 5.937315
96 0.700197 5.934541
97 0.699401 5.931781
98 0.698611 5.929036
99 0.697827 5.926305
100 0.697049 5.923588
101 0.696277 5.920886
102 0.695510 5.918198
103 0.694750 5.915524
104 0.693996 5.912864
105 0.693247 5.910217
106 0.692504 5.907585
107 0.691766 5.904967
108 0.691034 5.902362
109 0.690308 5.899771
110 0.689587 5.897193
111 0.688872 5.894629
112 0.688163 5.892078
113 0.687458 5.889541
114 0.686759 5.887017
115 0.686066 5.884506
116 0.685377 5.882009
117 0.684694 5.879524
118 0.684016 5.877053
119 0.683343 5.874594
120 0.682676 5.872149
121 0.682013 5.869716
122 0.681356 5.867296
123 0.680703 5.864888
124 0.680056 5.862493
125 0.679413 5.860111
126 0.678776 5.857741
127 0.678143 5.855384
128 0.677515 5.853039
129 0.676892 5.850706
130 0.676273 5.848386
131 0.675660 5.846078
132 0.675050 5.843781
133 0.674446 5.841497
134 0.673846 5.839225
135 0.673251 5.836965
136 0.672660 5.834716
137 0.672074 5.832480
138 0.671492 5.830255
139 0.670915 5.828041
140 0.670342 5.825840
141 0.669774 5.823649
142 0.669210 5.821471
143 0.668650 5.819303
144 0.668094 5.817147
145 0.667543 5.815003
146 0.666996 5.812869
147 0.666453 5.810747
148 0.665914 5.808636
149 0.665379 5.806536
150 0.664848 5.804447
151 0.664322 5.802369
152 0.663799 5.800302
153 0.663280 5.798245
154 0.662766 5.796200
155 0.662255 5.794165
156 0.661748 5.792141
157 0.661245 5.790127
158 0.660746 5.788124
159 0.660251 5.786131
160 0.659759 5.784149
161 0.659271 5.782178
162 0.658787 5.780216
163 0.658307 5.778265
164 0.657830 5.776324
165 0.657357 5.774393
166 0.656887 5.772473
167 0.656421 5.770562
168 0.655959 5.768662
169 0.655500 5.766771
170 0.655044 5.764891
171 0.654593 5.763020
172 0.654144 5.761159
173 0.653699 5.759307
174 0.653257 5.757466
175 0.652819 5.755634
176 0.652384 5.753812
177 0.651953 5.751999
178 0.651524 5.750196
179 0.651099 5.748402
180 0.650677 5.746617
181 0.650259 5.744842
182 0.649843 5.743077
183 0.649431 5.741320
184 0.649022 5.739573
185 0.648616 5.737835
186 0.648213 5.736106
187 0.647813 5.734386
188 0.647416 5.732675
189 0.647023 5.730973
190 0.646632 5.729280
191 0.646244 5.727595
192 0.645859 5.725920
193 0.645477 5.724253
194 0.645098 5.722595
195 0.644722 5.720946
196 0.644349 5.719306
197 0.643979 5.717674
198 0.643611 5.716050
199 0.643246 5.714435
200 0.642884 5.712829
201 0.642525 5.711231
202 0.642169 5.709641
203 0.641815 5.708060
204 0.641464 5.706487
205 0.641115 5.704922
206 0.640770 5.703366
207 0.640427 5.701817
208 0.640086 5.700277
209 0.639748 5.698745
210 0.639413 5.697220
211 0.639080 5.695704
212 0.638750 5.694196
213 0.638422 5.692696
214 0.638097 5.691203
215 0.637774 5.689718
216 0.637454 5.688241
217 0.637136 5.686772
218 0.636821 5.685311
219 0.636508 5.683857
220 0.636197 5.682411
221 0.635889 5.680972
222 0.635583 5.679541
223 0.635279 5.678117
224 0.634978 5.676701
225 0.634679 5.675293
226 0.634383 5.673891
227 0.634088 5.672497
228 0.633796 5.671111
229 0.633506 5.669731
230 0.633218 5.668359
231 0.632933 5.666994
232 0.632649 5.665636
233 0.632368 5.664285
234 0.632089 5.662942
235 0.631812 5.661605
236 0.631537 5.660276
237 0.631265 5.658953
238 0.630994 5.657637
239 0.630725 5.656328
240 0.630459 5.655026
241 0.630194 5.653731
242 0.629932 5.652443
243 0.629671 5.651161
244 0.629413 5.649887
245 0.629156 5.648618
246 0.628902 5.647357
247 0.628649 5.646102
248 0.628398 5.644853
249 0.628150 5.643612
250 0.627903 5.642376
251 0.627658 5.641147
252 0.627415 5.639925
253 0.627173 5.638709
254 0.626934 5.637499
255 0.626696 5.636296
256 0.626460 5.635099
257 0.626226 5.633908
258 0.625994 5.632724
259 0.625764 5.631546
260 0.625535 5.630374
261 0.625308 5.629208
262 0.625083 5.628048
263 0.624859 5.626894
264 0.624637 5.625746
265 0.624417 5.624605
266 0.624199 5.623469
267 0.623982 5.622339
268 0.623767 5.621215
269 0.623553 5.620097
270 0.623341 5.618985
271 0.623131 5.617879
272 0.622922 5.616778
273 0.622715 5.615684
274 0.622510 5.614595
275 0.622306 5.613511
276 0.622104 5.612434
277 0.621903 5.611362
278 0.621704 5.610295
279 0.621506 5.609235
280 0.621310 5.608180
281 0.621115 5.607130
282 0.620921 5.606086
283 0.620730 5.605047
284 0.620539 5.604014
285 0.620350 5.602986
286 0.620163 5.601963
287 0.619977 5.600946
288 0.619792 5.599935
289 0.619609 5.598928
290 0.619427 5.597927
291 0.619247 5.596931
292 0.619068 5.595940
293 0.618890 5.594955
294 0.618714 5.593974
295 0.618539 5.592999
296 0.618365 5.592029
297 0.618193 5.591064
298 0.618022 5.590104
299 0.617852 5.589149
300 0.617684 5.588199
301 0.617517 5.587254
302 0.617351 5.586314
303 0.617186 5.585379
304 0.617023 5.584449
305 0.616861 5.583524
306 0.616700 5.582603
307 0.616540 5.581688
308 0.616382 5.580777
309 0.616225 5.579871
310 0.616069 5.578969
311 0.615914 5.578073
312 0.615760 5.577181
313 0.615608 5.576294
314 0.615456 5.575411
315 0.615306 5.574533
316 0.615157 5.573660
317 0.615009 5.572791
318 0.614863 5.571927
319 0.614717 5.571067
320 0.614572 5.570212
321 0.614429 5.569361
322 0.614287 5.568515
323 0.614146 5.567673
324 0.614005 5.566836
325 0.613866 5.566003
326 0.613728 5.565174
327 0.613591 5.564350
328 0.613455 5.563530
329 0.613320 5.562714
330 0.613187 5.561902
331 0.613054 5.561095
332 0.612922 5.560292
333 0.612791 5.559494
334 0.612661 5.558699
335 0.612532 5.557909
336 0.612404 5.557122
337 0.612278 5.556340
338 0.612152 5.555562
339 0.612027 5.554788
340 0.611903 5.554018
341 0.611780 5.553253
342 0.611657 5.552491
343 0.611536 5.551733
344 0.611416 5.550979
345 0.611297 5.550229
346 0.611178 5.549483
347 0.611061 5.548741
348 0.610944 5.548003
349 0.610828 5.547268
350 0.610713 5.546538
351 0.610599 5.545811
352 0.610486 5.545088
353 0.610374 5.544369
354 0.610263 5.543654
355 0.610152 5.542942
356 0.610042 5.542235
357 0.609933 5.541530
358 0.609825 5.540830
359 0.609718 5.540133
360 0.609612 5.539440
361 0.609506 5.538751
362 0.609401 5.538065
363 0.609297 5.537383
364 0.609194 5.536704
365 0.609092 5.536029
366 0.608990 5.535357
367 0.608889 5.534689
368 0.608789 5.534025
369 0.608690 5.533363
370 0.608591 5.532706
371 0.608493 5.532052
372 0.608396 5.531401
373 0.608300 5.530753
374 0.608204 5.530110
375 0.608109 5.529469
376 0.608015 5.528832
377 0.607922 5.528198
378 0.607829 5.527567
379 0.607737 5.526940
380 0.607646 5.526316
381 0.607555 5.525695
382 0.607465 5.525078
383 0.607376 5.524464
384 0.607287 5.523853
385 0.607200 5.523245
386 0.607112 5.522640
387 0.607026 5.522039
388 0.606940 5.521441
389 0.606855 5.520845
390 0.606770 5.520253
391 0.606686 5.519664
392 0.606603 5.519079
393 0.606520 5.518496
394 0.606438 5.517916
395 0.606357 5.517339
396 0.606276 5.516766
397 0.606196 5.516195
398 0.606116 5.515627
399 0.606037 5.515063
400 0.605959 5.514501
401 0.605881 5.513942
402 0.605804 5.513386
403 0.605727 5.512833
404 0.605651 5.512283
405 0.605576 5.511736
406 0.605501 5.511192
407 0.605427 5.510650
408 0.605353 5.510112
409 0.605280 5.509576
410 0.605207 5.509043
411 0.605135 5.508513
412 0.605064 5.507985
413 0.604993 5.507461
414 0.604923 5.506939
415 0.604853 5.506420
416 0.604783 5.505903
417 0.604715 5.505389
418 0.604646 5.504878
419 0.604579 5.504370
420 0.604511 5.503864
421 0.604445 5.503361
422 0.604378 5.502861
423 0.604313 5.502363
424 0.604247 5.501868
425 0.604183 5.501375
426 0.604119 5.500885
427 0.604055 5.500398
428 0.603992 5.499913
429 0.603929 5.499430
430 0.603867 5.498951
431 0.603805 5.498473
432 0.603743 5.497999
433 0.603682 5.497526
434 0.603622 5.497056
435 0.603562 5.496589
436 0.603503 5.496124
437 0.603444 5.495662
438 0.603385 5.495201
439 0.603327 5.494744
440 0.603269 5.494289
441 0.603212 5.493836
442 0.603155 5.493385
443 0.603099 5.492937
444 0.603043 5.492491
445 0.602987 5.492048
446 0.602932 5.491607
447 0.602877 5.491168
448 0.602823 5.490731
449 0.602769 5.490297
450 0.602716 5.489865
451 0.602663 5.489435
452 0.602610 5.489008
453 0.602558 5.488583
454 0.602506 5.488160
455 0.602455 5.487739
456 0.602404 5.487320
457 0.602353 5.486904
458 0.602303 5.486490
459 0.602253 5.486078
460 0.602203 5.485668
461 0.602154 5.485260
462 0.602105 5.484855
463 0.602057 5.484451
464 0.602009 5.484050
465 0.601961 5.483651
466 0.601914 5.483253
467 0.601867 5.482858
468 0.601821 5.482465
469 0.601774 5.482074
470 0.601728 5.481686
471 0.601683 5.481299
472 0.601638 5.480914
473 0.601593 5.480531
474 0.601549 5.480150
475 0.601504 5.479772
476 0.601461 5.479395
477 0.601417 5.479020
478 0.601374 5.478647
479 0.601331 5.478276
480 0.601289 5.477907
481 0.601246 5.477540
482 0.601205 5.477175
483 0.601163 5.476812
484 0.601122 5.476450
485 0.601081 5.476091
486 0.601040 5.475733
487 0.601000 5.475378
488 0.600960 5.475024
489 0.600921 5.474672
490 0.600881 5.474322
491 0.600842 5.473974
492 0.600803 5.473627
493 0.600765 5.473283
494 0.600727 5.472940
495 0.600689 5.472599
496 0.600651 5.472260
497 0.600614 5.471922
498 0.600577 5.471587
499 0.600540 5.471253
500 0.600504 5.470920
