0 0.347080 4.320000
1 0.345619 4.313503
2 0.344181 4.307078
3 0.342767 4.300725
4 0.341375 4.294443
5 0.340006 4.288231
6 0.338660 4.282089
7 0.337335 4.276014
8 0.336031 4.270008
9 0.334749 4.264068
10 0.333487 4.258195
11 0.332246 4.252388
12 0.331025 4.246645
13 0.329824 4.240966
14 0.328643 4.235351
15 0.327480 4.229798
16 0.326336 4.224307
17 0.325211 4.218877
18 0.324104 4.213508
19 0.323015 4.208199
20 0.321944 4.202949
21 0.320890 4.197758
22 0.319853 4.192624
23 0.318833 4.187548
24 0.317829 4.182529
25 0.316842 4.177565
26 0.315871 4.172657
27 0.314915 4.167803
28 0.313975 4.163004
29 0.313050 4.158258
30 0.312140 4.153566
31 0.311245 4.148925
32 0.310364 4.144336
33 0.309498 4.139799
34 0.308646 4.135312
35 0.307807 4.130875
36 0.306982 4.126488
37 0.306171 4.122149
38 0.305372 4.117859
39 0.304587 4.113617
40 0.303814 4.109422
41 0.303054 4.105274
42 0.302306 4.101173
43 0.301570 4.097117
44 0.300847 4.093106
45 0.300134 4.089140
46 0.299434 4.085218
47 0.298745 4.081340
48 0.298067 4.077505
49 0.297400 4.073713
50 0.296743 4.069964
51 0.296098 4.066256
52 0.295463 4.062589
53 0.294838 4.058964
54 0.294223 4.055379
55 0.293618 4.051833
56 0.293023 4.048328
57 0.292438 4.044861
58 0.291862 4.041433
59 0.291296 4.038044
60 0.290738 4.034692
61 0.290190 4.031378
62 0.289651 4.028100
63 0.289120 4.024859
64 0.288598 4.021655
65 0.288084 4.018486
66 0.287579 4.015352
67 0.287082 4.012254
68 0.286593 4.009189
69 0.286112 4.006160
70 0.285638 4.003163
71 0.285173 4.000201
72 0.284715 3.997271
73 0.284264 3.994374
74 0.283820 3.991510
75 0.283384 3.988677
76 0.282955 3.985876
77 0.282533 3.983106
78 0.282118 3.980367
79 0.281709 3.977659
80 0.281307 3.974981
81 0.280912 3.972332
82 0.280523 3.969714
83 0.280140 3.967124
84 0.279763 3.964563
85 0.279393 3.962031
86 0.279028 3.959527
87 0.278670 3.957052
88 0.278317 3.954603
89 0.277970 3.952182
90 0.277629 3.949788
91 0.277293 3.947421
92 0.276962 3.945080
93 0.276637 3.942766
94 0.276318 3.940477
95 0.276003 3.938213
96 0.275694 3.935975
97 0.275389 3.933762
98 0.275089 3.931573
99 0.274795 3.929409
100 0.274505 3.927269
101 0.274220 3.925153
102 0.273939 3.923061
103 0.273663 3.920992
104 0.273391 3.918946
105 0.273124 3.916923
106 0.272861 3.914922
107 0.272603 3.912944
108 0.272348 3.910987
109 0.272098 3.909053
110 0.271852 3.907140
111 0.271610 3.905249
112 0.271371 3.903378
113 0.271137 3.901529
114 0.270906 3.899700
115 0.270679 3.897891
116 0.270456 3.896103
117 0.270236 3.894335
118 0.270020 3.892586
119 0.269808 3.890857
120 0.269599 3.889147
121 0.269393 3.887456
122 0.269191 3.885784
123 0.268991 3.884131
124 0.268796 3.882496
125 0.268603 3.880880
126 0.268413 3.879281
127 0.268227 3.877700
128 0.268043 3.876137
129 0.267863 3.874592
130 0.267685 3.873063
131 0.267510 3.871552
132 0.267339 3.870057
133 0.267170 3.868580
134 0.267003 3.867118
135 0.266839 3.865673
136 0.266678 3.864244
137 0.266520 3.862831
138 0.266364 3.861434
139 0.266211 3.860052
140 0.266060 3.858686
141 0.265912 3.857335
142 0.265766 3.855999
143 0.265622 3.854678
144 0.265481 3.853372
145 0.265342 3.852080
146 0.265205 3.850803
147 0.265071 3.849540
148 0.264938 3.848291
149 0.264808 3.847056
150 0.264680 3.845835
151 0.264554 3.844627
152 0.264430 3.843433
153 0.264308 3.842252
154 0.264188 3.841085
155 0.264070 3.839930
156 0.263954 3.838788
157 0.263840 3.837659
158 0.263727 3.836543
159 0.263617 3.835439
160 0.263508 3.834347
161 0.263401 3.833268
162 0.263296 3.832200
163 0.263192 3.831145
164 0.263090 3.830101
165 0.262990 3.829069
166 0.262891 3.828048
167 0.262794 3.827039
168 0.262699 3.826041
169 0.262605 3.825054
170 0.262512 3.824079
171 0.262422 3.823114
172 0.262332 3.822160
173 0.262244 3.821216
174 0.262158 3.820283
175 0.262073 3.819361
176 0.261989 3.818448
177 0.261906 3.817546
178 0.261825 3.816654
179 0.261746 3.815772
180 0.261667 3.814900
181 0.261590 3.814037
182 0.261514 3.813184
183 0.261439 3.812341
184 0.261366 3.811507
185 0.261293 3.810682
186 0.261222 3.809867
187 0.261152 3.809060
188 0.261084 3.808263
189 0.261016 3.807475
190 0.260949 3.806695
191 0.260884 3.805924
192 0.260819 3.805161
193 0.260756 3.804408
194 0.260693 3.803662
195 0.260632 3.802925
196 0.260571 3.802196
197 0.260512 3.801475
198 0.260454 3.800762
199 0.260396 3.800058
200 0.260339 3.799361
201 0.260284 3.798671
202 0.260229 3.797990
203 0.260175 3.797316
204 0.260122 3.796650
205 0.260070 3.795991
206 0.260019 3.795339
207 0.259968 3.794695
208 0.259919 3.794058
209 0.259870 3.793428
210 0.259822 3.792805
211 0.259774 3.792189
212 0.259728 3.791580
213 0.259682 3.790977
214 0.259637 3.790382
215 0.259593 3.789792
216 0.259549 3.789210
217 0.259506 3.788634
218 0.259464 3.788065
219 0.259423 3.787501
220 0.259382 3.786945
221 0.259342 3.786394
222 0.259302 3.785849
223 0.259263 3.785311
224 0.259225 3.784778
225 0.259187 3.784252
226 0.259150 3.783731
227 0.259114 3.783216
228 0.259078 3.782707
229 0.259043 3.782204
230 0.259008 3.781706
231 0.258974 3.781214
232 0.258941 3.780727
233 0.258908 3.780246
234 0.258875 3.779770
235 0.258843 3.779299
236 0.258812 3.778834
237 0.258781 3.778374
238 0.258751 3.777919
239 0.258721 3.777469
240 0.258691 3.777024
241 0.258662 3.776584
242 0.258634 3.776149
243 0.258606 3.775718
244 0.258578 3.775293
245 0.258551 3.774872
246 0.258524 3.774456
247 0.258498 3.774045
248 0.258472 3.773638
249 0.258447 3.773236
250 0.258422 3.772838
251 0.258397 3.772445
252 0.258373 3.772056
253 0.258349 3.771671
254 0.258326 3.771291
255 0.258303 3.770915
256 0.258280 3.770543
257 0.258258 3.770175
258 0.258236 3.769812
259 0.258214 3.769452
260 0.258193 3.769097
261 0.258172 3.768745
262 0.258152 3.768397
263 0.258131 3.768054
264 0.258111 3.767714
265 0.258092 3.767378
266 0.258073 3.767045
267 0.258054 3.766717
268 0.258035 3.766392
269 0.258017 3.766070
270 0.257999 3.765752
271 0.257981 3.765438
272 0.257964 3.765127
273 0.257946 3.764820
274 0.257929 3.764516
275 0.257913 3.764216
276 0.257897 3.763919
277 0.257880 3.763625
278 0.257865 3.763334
279 0.257849 3.763047
280 0.257834 3.762763
281 0.257819 3.762482
282 0.257804 3.762204
283 0.257789 3.761929
284 0.257775 3.761658
285 0.257761 3.761389
286 0.257747 3.761124
287 0.257733 3.760861
288 0.257720 3.760601
289 0.257707 3.760345
290 0.257694 3.760091
291 0.257681 3.759839
292 0.257668 3.759591
293 0.257656 3.759346
294 0.257644 3.759103
295 0.257632 3.758863
296 0.257620 3.758625
297 0.257608 3.758391
298 0.257597 3.758158
299 0.257586 3.757929
300 0.257575 3.757702
301 0.257564 3.757477
302 0.257553 3.757255
303 0.257543 3.757036
304 0.257532 3.756819
305 0.257522 3.756604
306 0.257512 3.756392
307 0.257502 3.756182
308 0.257492 3.755975
309 0.257483 3.755770
310 0.257474 3.755567
311 0.257464 3.755366
312 0.257455 3.755168
313 0.257446 3.754971
314 0.257437 3.754777
315 0.257429 3.754586
316 0.257420 3.754396
317 0.257412 3.754208
318 0.257404 3.754023
319 0.257396 3.753839
320 0.257388 3.753658
321 0.257380 3.753479
322 0.257372 3.753301
323 0.257365 3.753126
324 0.257357 3.752953
325 0.257350 3.752781
326 0.257343 3.752612
327 0.257335 3.752444
328 0.257328 3.752278
329 0.257322 3.752114
330 0.257315 3.751952
331 0.257308 3.751792
332 0.257302 3.751633
333 0.257295 3.751476
334 0.257289 3.751321
335 0.257283 3.751168
336 0.257276 3.751017
337 0.257270 3.750867
338 0.257264 3.750718
339 0.257259 3.750572
340 0.257253 3.750427
341 0.257247 3.750284
342 0.257242 3.750142
343 0.257236 3.750002
344 0.257231 3.749863
345 0.257226 3.749726
346 0.257220 3.749591
347 0.257215 3.749457
348 0.257210 3.749324
349 0.257205 3.749193
350 0.257200 3.749064
351 0.257195 3.748936
352 0.257191 3.748809
353 0.257186 3.748684
354 0.257182 3.748560
355 0.257177 3.748437
356 0.257173 3.748316
357 0.257168 3.748197
358 0.257164 3.748078
359 0.257160 3.747961
360 0.257156 3.747845
361 0.257152 3.747731
362 0.257148 3.747617
363 0.257144 3.747506
364 0.257140 3.747395
365 0.257136 3.747285
366 0.257132 3.747177
367 0.257128 3.747070
368 0.257125 3.746964
369 0.257121 3.746859
370 0.257118 3.746756
371 0.257114 3.746654
372 0.257111 3.746552
373 0.257107 3.746452
374 0.257104 3.746353
375 0.257101 3.746256
376 0.257098 3.746159
377 0.257095 3.746063
378 0.257092 3.745968
379 0.257089 3.745875
380 0.257086 3.745782
381 0.257083 3.745691
382 0.257080 3.745600
383 0.257077 3.745511
384 0.257074 3.745422
385 0.257071 3.745335
386 0.257069 3.745248
387 0.257066 3.745163
388 0.257063 3.745078
389 0.257061 3.744995
390 0.257058 3.744912
391 0.257056 3.744830
392 0.257053 3.744749
393 0.257051 3.744669
394 0.257048 3.744590
395 0.257046 3.744512
396 0.257044 3.744435
397 0.257042 3.744358
398 0.257039 3.744283
399 0.257037 3.744208
400 0.257035 3.744134
401 0.257033 3.744061
402 0.257031 3.743989
403 0.257029 3.743917
404 0.257027 3.743846
405 0.257025 3.743777
406 0.257023 3.743707
407 0.257021 3.743639
408 0.257019 3.743572
409 0.257017 3.743505
410 0.257015 3.743439
411 0.257013 3.743373
412 0.257012 3.743309
413 0.257010 3.743245
414 0.257008 3.743182
415 0.257006 3.743119
416 0.257005 3.743057
417 0.257003 3.742996
418 0.257002 3.742936
419 0.257000 3.742876
420 0.256998 3.742817
421 0.256997 3.742759
422 0.256995 3.742701
423 0.256994 3.742644
424 0.256992 3.742587
425 0.256991 3.742531
426 0.256990 3.742476
427 0.256988 3.742422
428 0.256987 3.742368
429 0.256986 3.742314
430 0.256984 3.742261
431 0.256983 3.742209
432 0.256982 3.742157
433 0.256980 3.742106
434 0.256979 3.742056
435 0.256978 3.742006
436 0.256977 3.741957
437 0.256976 3.741908
438 0.256974 3.741860
439 0.256973 3.741812
440 0.256972 3.741765
441 0.256971 3.741718
442 0.256970 3.741672
443 0.256969 3.741626
444 0.256968 3.741581
445 0.256967 3.741536
446 0.256966 3.741492
447 0.256965 3.741449
448 0.256964 3.741406
449 0.256963 3.741363
450 0.256962 3.741321
451 0.256961 3.741279
452 0.256960 3.741238
453 0.256959 3.741197
454 0.256958 3.741157
455 0.256957 3.741117
456 0.256956 3.741077
457 0.256956 3.741038
458 0.256955 3.741000
459 0.256954 3.740962
460 0.256953 3.740924
461 0.256952 3.740886
462 0.256952 3.740850
463 0.256951 3.740813
464 0.256950 3.740777
465 0.256949 3.740741
466 0.256949 3.740706
467 0.256948 3.740671
468 0.256947 3.740637
469 0.256946 3.740603
470 0.256946 3.740569
471 0.256945 3.740536
472 0.256944 3.740503
473 0.256944 3.740470
474 0.256943 3.740438
475 0.256942 3.740406
476 0.256942 3.740375
477 0.256941 3.740343
478 0.256941 3.740313
479 0.256940 3.740282
480 0.256939 3.740252
481 0.256939 3.740222
482 0.256938 3.740193
483 0.256938 3.740164
484 0.256937 3.740135
485 0.256937 3.740106
486 0.256936 3.740078
487 0.256936 3.740050
488 0.256935 3.740023
489 0.256935 3.739995
490 0.256934 3.739968
491 0.256934 3.739942
492 0.256933 3.739915
493 0.256933 3.739889
494 0.256932 3.739864
495 0.256932 3.739838
496 0.256931 3.739813
497 0.256931 3.739788
498 0.256930 3.739764
499 0.256930 3.739739
500 0.256930 3.739715
