0 0.848532 9.260000
1 0.846442 9.251856
2 0.844384 9.243795
3 0.842356 9.235817
4 0.840358 9.227921
5 0.838390 9.220105
6 0.836452 9.212370
7 0.834542 9.204714
8 0.832660 9.197136
9 0.830807 9.189636
10 0.828981 9.182213
11 0.827183 9.174866
12 0.825411 9.167595
13 0.823665 9.160397
14 0.821946 9.153274
15 0.820252 9.146223
16 0.818583 9.139245
17 0.816940 9.132338
18 0.815320 9.125502
19 0.813725 9.118736
20 0.812154 9.112040
21 0.810606 9.105412
22 0.809081 9.098851
23 0.807578 9.092359
24 0.806098 9.085932
25 0.804641 9.079572
26 0.803204 9.073276
27 0.801790 9.067046
28 0.800396 9.060879
29 0.799023 9.054775
30 0.797670 9.048734
31 0.796338 9.042754
32 0.795025 9.036836
33 0.793732 9.030979
34 0.792458 9.025181
35 0.791204 9.019443
36 0.789967 9.013764
37 0.788750 9.008143
38 0.787550 9.002580
39 0.786368 8.997073
40 0.785204 8.991623
41 0.784057 8.986229
42 0.782928 8.980890
43 0.781815 8.975606
44 0.780718 8.970376
45 0.779638 8.965200
46 0.778574 8.960076
47 0.777526 8.955005
48 0.776494 8.949986
49 0.775477 8.945019
50 0.774475 8.940102
51 0.773488 8.935236
52 0.772515 8.930420
53 0.771557 8.925653
54 0.770614 8.920934
55 0.769684 8.916265
56 0.768768 8.911643
57 0.767866 8.907068
58 0.766978 8.902540
59 0.766102 8.898059
60 0.765240 8.893623
61 0.764390 8.889233
62 0.763553 8.884888
63 0.762729 8.880588
64 0.761916 8.876331
65 0.761116 8.872119
66 0.760328 8.867949
67 0.759552 8.863822
68 0.758787 8.859738
69 0.758033 8.855695
70 0.757291 8.851693
71 0.756560 8.847733
72 0.755839 8.843813
73 0.755130 8.839934
74 0.754431 8.836094
75 0.753742 8.832293
76 0.753064 8.828532
77 0.752395 8.824809
78 0.751737 8.821124
79 0.751089 8.817477
80 0.750450 8.813867
81 0.749820 8.810294
82 0.749200 8.806758
83 0.748589 8.803258
84 0.747988 8.799794
85 0.747395 8.796366
86 0.746811 8.792972
87 0.746236 8.789614
88 0.745669 8.786289
89 0.745111 8.782999
90 0.744561 8.779743
91 0.744020 8.776520
92 0.743486 8.773330
93 0.742960 8.770172
94 0.742442 8.767047
95 0.741932 8.763954
96 0.741430 8.760893
97 0.740934 8.757863
98 0.740447 8.754864
99 0.739966 8.751896
100 0.739493 8.748958
101 0.739027 8.746050
102 0.738567 8.743172
103 0.738115 8.740324
104 0.737669 8.737505
105 0.737230 8.734715
106 0.736798 8.731953
107 0.736371 8.729220
108 0.735952 8.726514
109 0.735538 8.723836
110 0.735131 8.721186
111 0.734729 8.718563
112 0.734334 8.715967
113 0.733945 8.713397
114 0.733561 8.710854
115 0.733183 8.708337
116 0.732811 8.705845
117 0.732444 8.703379
118 0.732083 8.700939
119 0.731727 8.698523
120 0.731376 8.696132
121 0.731031 8.693766
122 0.730691 8.691424
123 0.730355 8.689106
124 0.730025 8.686811
125 0.729700 8.684540
126 0.729379 8.682293
127 0.729064 8.680068
128 0.728753 8.677867
129 0.728446 8.675687
130 0.728145 8.673530
131 0.727847 8.671396
132 0.727554 8.669283
133 0.727266 8.667192
134 0.726982 8.665122
135 0.726702 8.663073
136 0.726426 8.661045
137 0.726154 8.659039
138 0.725887 8.657052
139 0.725623 8.655086
140 0.725363 8.653141
141 0.725107 8.651215
142 0.724855 8.649309
143 0.724607 8.647422
144 0.724362 8.645555
145 0.724121 8.643707
146 0.723884 8.641878
147 0.723650 8.640067
148 0.723420 8.638275
149 0.723193 8.636502
150 0.722969 8.634746
151 0.722749 8.633009
152 0.722532 8.631289
153 0.722318 8.629587
154 0.722108 8.627903
155 0.721900 8.626236
156 0.721696 8.624585
157 0.721495 8.622952
158 0.721296 8.621336
159 0.721101 8.619736
160 0.720909 8.618152
161 0.720719 8.616585
162 0.720532 8.615034
163 0.720348 8.613498
164 0.720167 8.611979
165 0.719989 8.610474
166 0.719813 8.608986
167 0.719640 8.607512
168 0.719469 8.606054
169 0.719301 8.604611
170 0.719135 8.603182
171 0.718972 8.601768
172 0.718811 8.600369
173 0.718653 8.598984
174 0.718497 8.597613
175 0.718343 8.596256
176 0.718192 8.594913
177 0.718043 8.593584
178 0.717896 8.592268
179 0.717751 8.590966
180 0.717609 8.589677
181 0.717468 8.588402
182 0.717330 8.587139
183 0.717194 8.585889
184 0.717059 8.584653
185 0.716927 8.583429
186 0.716797 8.582217
187 0.716668 8.581018
188 0.716542 8.579831
189 0.716417 8.578656
190 0.716295 8.577494
191 0.716174 8.576343
192 0.716055 8.575204
193 0.715938 8.574077
194 0.715822 8.572961
195 0.715708 8.571857
196 0.715596 8.570764
197 0.715486 8.569682
198 0.715377 8.568611
199 0.715270 8.567552
200 0.715164 8.566503
201 0.715060 8.565465
202 0.714957 8.564437
203 0.714856 8.563420
204 0.714757 8.562414
205 0.714659 8.561418
206 0.714563 8.560432
207 0.714467 8.559456
208 0.714374 8.558490
209 0.714282 8.557534
210 0.714191 8.556588
211 0.714101 8.555651
212 0.714013 8.554724
213 0.713926 8.553807
214 0.713840 8.552899
215 0.713756 8.552000
216 0.713673 8.551111
217 0.713591 8.550230
218 0.713511 8.549359
219 0.713431 8.548496
220 0.713353 8.547643
221 0.713276 8.546798
222 0.713200 8.545962
223 0.713125 8.545134
224 0.713051 8.544315
225 0.712979 8.543504
226 0.712907 8.542702
227 0.712837 8.541908
228 0.712768 8.541121
229 0.712699 8.540343
230 0.712632 8.539573
231 0.712566 8.538811
232 0.712500 8.538057
233 0.712436 8.537310
234 0.712372 8.536571
235 0.712310 8.535840
236 0.712248 8.535116
237 0.712188 8.534399
238 0.712128 8.533690
239 0.712069 8.532988
240 0.712011 8.532294
241 0.711954 8.531606
242 0.711898 8.530926
243 0.711843 8.530252
244 0.711788 8.529585
245 0.711734 8.528926
246 0.711681 8.528272
247 0.711629 8.527626
248 0.711578 8.526986
249 0.711527 8.526353
250 0.711477 8.525726
251 0.711428 8.525106
252 0.711380 8.524492
253 0.711332 8.523885
254 0.711285 8.523283
255 0.711239 8.522688
256 0.711193 8.522099
257 0.711148 8.521516
258 0.711104 8.520938
259 0.711060 8.520367
260 0.711017 8.519802
261 0.710975 8.519242
262 0.710933 8.518688
263 0.710892 8.518140
264 0.710852 8.517598
265 0.710812 8.517061
266 0.710773 8.516529
267 0.710734 8.516003
268 0.710696 8.515483
269 0.710659 8.514967
270 0.710622 8.514457
271 0.710585 8.513952
272 0.710549 8.513453
273 0.710514 8.512958
274 0.710479 8.512469
275 0.710445 8.511984
276 0.710411 8.511505
277 0.710378 8.511030
278 0.710345 8.510561
279 0.710313 8.510096
280 0.710281 8.509636
281 0.710250 8.509180
282 0.710219 8.508729
283 0.710188 8.508283
284 0.710159 8.507842
285 0.710129 8.507405
286 0.710100 8.506972
287 0.710071 8.506544
288 0.710043 8.506120
289 0.710015 8.505701
290 0.709988 8.505286
291 0.709961 8.504875
292 0.709934 8.504468
293 0.709908 8.504066
294 0.709882 8.503668
295 0.709857 8.503273
296 0.709832 8.502883
297 0.709807 8.502497
298 0.709783 8.502115
299 0.709759 8.501736
300 0.709736 8.501362
301 0.709712 8.500991
302 0.709690 8.500624
303 0.709667 8.500261
304 0.709645 8.499902
305 0.709623 8.499546
306 0.709601 8.499194
307 0.709580 8.498846
308 0.709559 8.498501
309 0.709539 8.498160
310 0.709518 8.497822
311 0.709498 8.497487
312 0.709479 8.497156
313 0.709459 8.496829
314 0.709440 8.496505
315 0.709421 8.496184
316 0.709403 8.495866
317 0.709385 8.495552
318 0.709367 8.495241
319 0.709349 8.494933
320 0.709332 8.494628
321 0.709314 8.494327
322 0.709297 8.494028
323 0.709281 8.493733
324 0.709264 8.493440
325 0.709248 8.493151
326 0.709232 8.492864
327 0.709216 8.492581
328 0.709201 8.492300
329 0.709186 8.492022
330 0.709171 8.491747
331 0.709156 8.491475
332 0.709141 8.491206
333 0.709127 8.490939
334 0.709113 8.490675
335 0.709099 8.490414
336 0.709085 8.490156
337 0.709072 8.489900
338 0.709058 8.489647
339 0.709045 8.489396
340 0.709032 8.489148
341 0.709019 8.488903
342 0.709007 8.488660
343 0.708995 8.488419
344 0.708982 8.488181
345 0.708970 8.487946
346 0.708959 8.487713
347 0.708947 8.487482
348 0.708935 8.487253
349 0.708924 8.487027
350 0.708913 8.486804
351 0.708902 8.486582
352 0.708891 8.486363
353 0.708881 8.486146
354 0.708870 8.485931
355 0.708860 8.485719
356 0.708850 8.485508
357 0.708840 8.485300
358 0.708830 8.485094
359 0.708820 8.484890
360 0.708810 8.484688
361 0.708801 8.484489
362 0.708792 8.484291
363 0.708783 8.484095
364 0.708773 8.483901
365 0.708765 8.483710
366 0.708756 8.483520
367 0.708747 8.483332
368 0.708739 8.483146
369 0.708730 8.482962
370 0.708722 8.482780
371 0.708714 8.482600
372 0.708706 8.482422
373 0.708698 8.482245
374 0.708690 8.482070
375 0.708683 8.481897
376 0.708675 8.481726
377 0.708668 8.481557
378 0.708660 8.481389
379 0.708653 8.481223
380 0.708646 8.481059
381 0.708639 8.480896
382 0.708632 8.480735
383 0.708625 8.480576
384 0.708619 8.480418
385 0.708612 8.480262
386 0.708606 8.480108
387 0.708599 8.479955
388 0.708593 8.479804
389 0.708587 8.479654
390 0.708581 8.479506
391 0.708575 8.479359
392 0.708569 8.479214
393 0.708563 8.479070
394 0.708557 8.478928
395 0.708552 8.478787
396 0.708546 8.478648
397 0.708540 8.478510
398 0.708535 8.478373
399 0.708530 8.478238
400 0.708524 8.478105
401 0.708519 8.477972
402 0.708514 8.477841
403 0.708509 8.477712
404 0.708504 8.477584
405 0.708499 8.477457
406 0.708494 8.477331
407 0.708490 8.477206
408 0.708485 8.477083
409 0.708480 8.476961
410 0.708476 8.476841
411 0.708471 8.476721
412 0.708467 8.476603
413 0.708463 8.476486
414 0.708459 8.476371
415 0.708454 8.476256
416 0.708450 8.476143
417 0.708446 8.476030
418 0.708442 8.475919
419 0.708438 8.475809
420 0.708434 8.475701
421 0.708430 8.475593
422 0.708427 8.475486
423 0.708423 8.475381
424 0.708419 8.475276
425 0.708416 8.475173
426 0.708412 8.475071
427 0.708409 8.474970
428 0.708405 8.474869
429 0.708402 8.474770
430 0.708398 8.474672
431 0.708395 8.474575
432 0.708392 8.474479
433 0.708389 8.474384
434 0.708385 8.474289
435 0.708382 8.474196
436 0.708379 8.474104
437 0.708376 8.474013
438 0.708373 8.473922
439 0.708370 8.473833
440 0.708367 8.473744
441 0.708365 8.473657
442 0.708362 8.473570
443 0.708359 8.473484
444 0.708356 8.473399
445 0.708354 8.473315
446 0.708351 8.473232
447 0.708348 8.473149
448 0.708346 8.473068
449 0.708343 8.472987
450 0.708341 8.472907
451 0.708338 8.472828
452 0.708336 8.472750
453 0.708334 8.472672
454 0.708331 8.472596
455 0.708329 8.472520
456 0.708327 8.472445
457 0.708324 8.472370
458 0.708322 8.472297
459 0.708320 8.472224
460 0.708318 8.472152
461 0.708316 8.472081
462 0.708314 8.472010
463 0.708312 8.471940
464 0.708310 8.471871
465 0.708308 8.471802
466 0.708306 8.471735
467 0.708304 8.471668
468 0.708302 8.471601
469 0.708300 8.471536
470 0.708298 8.471471
471 0.708296 8.471406
472 0.708295 8.471343
473 0.708293 8.471280
474 0.708291 8.471217
475 0.708289 8.471155
476 0.708288 8.471094
477 0.708286 8.471034
478 0.708285 8.470974
479 0.708283 8.470915
480 0.708281 8.470856
481 0.708280 8.470798
482 0.708278 8.470740
483 0.708277 8.470684
484 0.708275 8.470627
485 0.708274 8.470572
486 0.708272 8.470516
487 0.708271 8.470462
488 0.708269 8.470408
489 0.708268 8.470354
490 0.708267 8.470302
491 0.708265 8.470249
492 0.708264 8.470197
493 0.708263 8.470146
494 0.708261 8.470095
495 0.708260 8.470045
496 0.708259 8.469995
497 0.708258 8.469946
498 0.708257 8.469897
499 0.708255 8.469849
500 0.708254 8.469801
