0 0.170593 2.780000
1 0.169863 2.775749
2 0.169149 2.771560
3 0.168449 2.767430
4 0.167764 2.763360
5 0.167093 2.759348
6 0.166437 2.755393
7 0.165793 2.751496
8 0.165164 2.747654
9 0.164547 2.743867
10 0.163943 2.740135
11 0.163352 2.736457
12 0.162773 2.732831
13 0.162206 2.729257
14 0.161651 2.725734
15 0.161108 2.722262
16 0.160576 2.718840
17 0.160055 2.715467
18 0.159545 2.712142
19 0.159045 2.708865
20 0.158556 2.705636
21 0.158077 2.702452
22 0.157608 2.699314
23 0.157149 2.696221
24 0.156699 2.693173
25 0.156259 2.690168
26 0.155828 2.687207
27 0.155406 2.684287
28 0.154992 2.681410
29 0.154588 2.678574
30 0.154191 2.675779
31 0.153803 2.673024
32 0.153423 2.670308
33 0.153051 2.667632
34 0.152687 2.664994
35 0.152330 2.662393
36 0.151981 2.659830
37 0.151639 2.657304
38 0.151304 2.654814
39 0.150976 2.652360
40 0.150655 2.649941
41 0.150341 2.647557
42 0.150033 2.645206
43 0.149732 2.642890
44 0.149437 2.640607
45 0.149148 2.638357
46 0.148865 2.636138
47 0.148588 2.633952
48 0.148316 2.631797
49 0.148051 2.629673
50 0.147791 2.627580
51 0.147536 2.625517
52 0.147287 2.623483
53 0.147042 2.621478
54 0.146803 2.619502
55 0.146569 2.617555
56 0.146340 2.615635
57 0.146115 2.613743
58 0.145896 2.611878
59 0.145680 2.610040
60 0.145470 2.608229
61 0.145263 2.606443
62 0.145061 2.604683
63 0.144863 2.602948
64 0.144670 2.601238
65 0.144480 2.599553
66 0.144294 2.597891
67 0.144113 2.596254
68 0.143934 2.594640
69 0.143760 2.593049
70 0.143589 2.591482
71 0.143422 2.589936
72 0.143259 2.588413
73 0.143098 2.586912
74 0.142941 2.585432
75 0.142788 2.583973
76 0.142637 2.582536
77 0.142490 2.581119
78 0.142346 2.579722
79 0.142204 2.578345
80 0.142066 2.576989
81 0.141931 2.575651
82 0.141798 2.574333
83 0.141668 2.573034
84 0.141541 2.571753
85 0.141416 2.570491
86 0.141295 2.569247
87 0.141175 2.568020
88 0.141058 2.566812
89 0.140944 2.565620
90 0.140832 2.564446
91 0.140722 2.563289
92 0.140615 2.562148
93 0.140509 2.561023
94 0.140406 2.559915
95 0.140306 2.558823
96 0.140207 2.557746
97 0.140110 2.556685
98 0.140015 2.555639
99 0.139923 2.554608
100 0.139832 2.553591
101 0.139743 2.552590
102 0.139656 2.551603
103 0.139571 2.550629
104 0.139487 2.549670
105 0.139406 2.548725
106 0.139326 2.547793
107 0.139247 2.546875
108 0.139171 2.545970
109 0.139095 2.545077
110 0.139022 2.544198
111 0.138950 2.543331
112 0.138879 2.542477
113 0.138810 2.541634
114 0.138743 2.540804
115 0.138676 2.539986
116 0.138612 2.539180
117 0.138548 2.538385
118 0.138486 2.537602
119 0.138425 2.536829
120 0.138366 2.536068
121 0.138307 2.535318
122 0.138250 2.534579
123 0.138194 2.533850
124 0.138139 2.533132
125 0.138086 2.532424
126 0.138033 2.531726
127 0.137982 2.531038
128 0.137931 2.530360
129 0.137882 2.529692
130 0.137834 2.529033
131 0.137787 2.528384
132 0.137740 2.527744
133 0.137695 2.527113
134 0.137651 2.526492
135 0.137607 2.525879
136 0.137565 2.525275
137 0.137523 2.524680
138 0.137482 2.524093
139 0.137442 2.523515
140 0.137403 2.522945
141 0.137365 2.522383
142 0.137327 2.521829
143 0.137291 2.521283
144 0.137255 2.520745
145 0.137219 2.520215
146 0.137185 2.519692
147 0.137151 2.519177
148 0.137118 2.518669
149 0.137086 2.518169
150 0.137054 2.517676
151 0.137023 2.517189
152 0.136993 2.516710
153 0.136963 2.516238
154 0.136934 2.515772
155 0.136905 2.515313
156 0.136877 2.514861
157 0.136850 2.514415
158 0.136823 2.513976
159 0.136797 2.513543
160 0.136771 2.513116
161 0.136746 2.512695
162 0.136722 2.512280
163 0.136697 2.511871
164 0.136674 2.511468
165 0.136651 2.511071
166 0.136628 2.510680
167 0.136606 2.510294
168 0.136584 2.509914
169 0.136563 2.509539
170 0.136542 2.509169
171 0.136522 2.508805
172 0.136502 2.508446
173 0.136482 2.508093
174 0.136463 2.507744
175 0.136445 2.507400
176 0.136426 2.507061
177 0.136408 2.506728
178 0.136391 2.506398
179 0.136374 2.506074
180 0.136357 2.505754
181 0.136340 2.505439
182 0.136324 2.505129
183 0.136308 2.504822
184 0.136293 2.504521
185 0.136278 2.504223
186 0.136263 2.503930
187 0.136248 2.503641
188 0.136234 2.503356
189 0.136220 2.503075
190 0.136206 2.502799
191 0.136193 2.502526
192 0.136180 2.502257
193 0.136167 2.501992
194 0.136155 2.501731
195 0.136142 2.501474
196 0.136130 2.501220
197 0.136118 2.500970
198 0.136107 2.500723
199 0.136096 2.500481
200 0.136085 2.500241
201 0.136074 2.500005
202 0.136063 2.499772
203 0.136053 2.499543
204 0.136043 2.499317
205 0.136033 2.499094
206 0.136023 2.498875
207 0.136013 2.498658
208 0.136004 2.498445
209 0.135995 2.498235
210 0.135986 2.498028
211 0.135977 2.497823
212 0.135968 2.497622
213 0.135960 2.497424
214 0.135952 2.497228
215 0.135944 2.497035
216 0.135936 2.496845
217 0.135928 2.496658
218 0.135921 2.496473
219 0.135913 2.496291
220 0.135906 2.496112
221 0.135899 2.495935
222 0.135892 2.495761
223 0.135885 2.495589
224 0.135878 2.495420
225 0.135872 2.495253
226 0.135865 2.495089
227 0.135859 2.494927
228 0.135853 2.494767
229 0.135847 2.494609
230 0.135841 2.494454
231 0.135835 2.494301
232 0.135830 2.494150
233 0.135824 2.494002
234 0.135819 2.493855
235 0.135814 2.493711
236 0.135808 2.493569
237 0.135803 2.493428
238 0.135798 2.493290
239 0.135793 2.493154
240 0.135789 2.493020
241 0.135784 2.492887
242 0.135779 2.492757
243 0.135775 2.492628
244 0.135771 2.492501
245 0.135766 2.492376
246 0.135762 2.492253
247 0.135758 2.492132
248 0.135754 2.492012
249 0.135750 2.491894
250 0.135746 2.491778
251 0.135742 2.491663
252 0.135739 2.491550
253 0.135735 2.491439
254 0.135731 2.491329
255 0.135728 2.491221
256 0.135725 2.491115
257 0.135721 2.491010
258 0.135718 2.490906
259 0.135715 2.490804
260 0.135712 2.490703
261 0.135709 2.490604
262 0.135706 2.490507
263 0.135703 2.490410
264 0.135700 2.490315
265 0.135697 2.490222
266 0.135694 2.490129
267 0.135692 2.490039
268 0.135689 2.489949
269 0.135686 2.489861
270 0.135684 2.489774
271 0.135681 2.489688
272 0.135679 2.489603
273 0.135676 2.489520
274 0.135674 2.489438
275 0.135672 2.489357
276 0.135670 2.489277
277 0.135667 2.489198
278 0.135665 2.489121
279 0.135663 2.489044
280 0.135661 2.488969
281 0.135659 2.488895
282 0.135657 2.488821
283 0.135655 2.488749
284 0.135653 2.488678
285 0.135652 2.488608
286 0.135650 2.488539
287 0.135648 2.488471
288 0.135646 2.488404
289 0.135645 2.488338
290 0.135643 2.488272
291 0.135641 2.488208
292 0.135640 2.488145
293 0.135638 2.488082
294 0.135637 2.488021
295 0.135635 2.487960
296 0.135634 2.487900
297 0.135632 2.487841
298 0.135631 2.487783
299 0.135629 2.487726
300 0.135628 2.487670
301 0.135627 2.487614
302 0.135625 2.487559
303 0.135624 2.487505
304 0.135623 2.487452
305 0.135622 2.487399
306 0.135621 2.487348
307 0.135619 2.487297
308 0.135618 2.487246
309 0.135617 2.487197
310 0.135616 2.487148
311 0.135615 2.487100
312 0.135614 2.487053
313 0.135613 2.487006
314 0.135612 2.486960
315 0.135611 2.486914
316 0.135610 2.486869
317 0.135609 2.486825
318 0.135608 2.486782
319 0.135607 2.486739
320 0.135606 2.486697
321 0.135605 2.486655
322 0.135605 2.486614
323 0.135604 2.486574
324 0.135603 2.486534
325 0.135602 2.486494
326 0.135601 2.486456
327 0.135601 2.486417
328 0.135600 2.486380
329 0.135599 2.486343
330 0.135598 2.486306
331 0.135598 2.486270
332 0.135597 2.486235
333 0.135596 2.486199
334 0.135596 2.486165
335 0.135595 2.486131
336 0.135594 2.486097
337 0.135594 2.486064
338 0.135593 2.486032
339 0.135593 2.486000
340 0.135592 2.485968
341 0.135591 2.485937
342 0.135591 2.485906
343 0.135590 2.485876
344 0.135590 2.485846
345 0.135589 2.485816
346 0.135589 2.485787
347 0.135588 2.485759
348 0.135588 2.485731
349 0.135587 2.485703
350 0.135587 2.485675
351 0.135586 2.485648
352 0.135586 2.485622
353 0.135585 2.485596
354 0.135585 2.485570
355 0.135585 2.485544
356 0.135584 2.485519
357 0.135584 2.485494
358 0.135583 2.485470
359 0.135583 2.485446
360 0.135583 2.485422
361 0.135582 2.485399
362 0.135582 2.485376
363 0.135582 2.485353
364 0.135581 2.485331
365 0.135581 2.485309
366 0.135580 2.485287
367 0.135580 2.485266
368 0.135580 2.485244
369 0.135580 2.485224
370 0.135579 2.485203
371 0.135579 2.485183
372 0.135579 2.485163
373 0.135578 2.485143
374 0.135578 2.485124
375 0.135578 2.485105
376 0.135577 2.485086
377 0.135577 2.485068
378 0.135577 2.485049
379 0.135577 2.485031
380 0.135576 2.485014
381 0.135576 2.484996
382 0.135576 2.484979
383 0.135576 2.484962
384 0.135576 2.484945
385 0.135575 2.484929
386 0.135575 2.484912
387 0.135575 2.484896
388 0.135575 2.484880
389 0.135574 2.484865
390 0.135574 2.484849
391 0.135574 2.484834
392 0.135574 2.484819
393 0.135574 2.484805
394 0.135573 2.484790
395 0.135573 2.484776
396 0.135573 2.484762
397 0.135573 2.484748
398 0.135573 2.484734
399 0.135573 2.484721
400 0.135572 2.484707
401 0.135572 2.484694
402 0.135572 2.484681
403 0.135572 2.484669
404 0.135572 2.484656
405 0.135572 2.484644
406 0.135571 2.484632
407 0.135571 2.484620
408 0.135571 2.484608
409 0.135571 2.484596
410 0.135571 2.484584
411 0.135571 2.484573
412 0.135571 2.484562
413 0.135571 2.484551
414 0.135570 2.484540
415 0.135570 2.484529
416 0.135570 2.484519
417 0.135570 2.484508
418 0.135570 2.484498
419 0.135570 2.484488
420 0.135570 2.484478
421 0.135570 2.484468
422 0.135570 2.484459
423 0.135569 2.484449
424 0.135569 2.484440
425 0.135569 2.484430
426 0.135569 2.484421
427 0.135569 2.484412
428 0.135569 2.484403
429 0.135569 2.484395
430 0.135569 2.484386
431 0.135569 2.484378
432 0.135569 2.484369
433 0.135569 2.484361
434 0.135568 2.484353
435 0.135568 2.484345
436 0.135568 2.484337
437 0.135568 2.484329
438 0.135568 2.484321
439 0.135568 2.484314
440 0.135568 2.484306
441 0.135568 2.484299
442 0.135568 2.484292
443 0.135568 2.484285
444 0.135568 2.484278
445 0.135568 2.484271
446 0.135568 2.484264
447 0.135568 2.484257
448 0.135568 2.484250
449 0.135567 2.484244
450 0.135567 2.484237
451 0.135567 2.484231
452 0.135567 2.484225
453 0.135567 2.484219
454 0.135567 2.484213
455 0.135567 2.484207
456 0.135567 2.484201
457 0.135567 2.484195
458 0.135567 2.484189
459 0.135567 2.484183
460 0.135567 2.484178
461 0.135567 2.484172
462 0.135567 2.484167
463 0.135567 2.484162
464 0.135567 2.484156
465 0.135567 2.484151
466 0.135567 2.484146
467 0.135567 2.484141
468 0.135567 2.484136
469 0.135567 2.484131
470 0.135566 2.484126
471 0.135566 2.484121
472 0.135566 2.484117
473 0.135566 2.484112
474 0.135566 2.484108
475 0.135566 2.484103
476 0.135566 2.484099
477 0.135566 2.484094
478 0.135566 2.484090
479 0.135566 2.484086
480 0.135566 2.484082
481 0.135566 2.484077
482 0.135566 2.484073
483 0.135566 2.484069
484 0.135566 2.484065
485 0.135566 2.484061
486 0.135566 2.484058
487 0.135566 2.484054
488 0.135566 2.484050
489 0.135566 2.484046
490 0.135566 2.484043
491 0.135566 2.484039
492 0.135566 2.484036
493 0.135566 2.484032
494 0.135566 2.484029
495 0.135566 2.484025
496 0.135566 2.484022
497 0.135566 2.484019
498 0.135566 2.484016
499 0.135566 2.484013
500 0.135566 2.484009
