0 0.166137 2.480000
1 0.165391 2.476023
2 0.164657 2.472091
3 0.163935 2.468201
4 0.163224 2.464354
5 0.162525 2.460549
6 0.161837 2.456786
7 0.161159 2.453064
8 0.160493 2.449383
9 0.159837 2.445742
10 0.159192 2.442141
11 0.158557 2.438580
12 0.157932 2.435058
13 0.157317 2.431574
14 0.156711 2.428129
15 0.156116 2.424721
16 0.155530 2.421351
17 0.154953 2.418018
18 0.154385 2.414722
19 0.153827 2.411461
20 0.153277 2.408237
21 0.152736 2.405047
22 0.152204 2.401893
23 0.151680 2.398773
24 0.151165 2.395688
25 0.150658 2.392636
26 0.150159 2.389618
27 0.149668 2.386633
28 0.149184 2.383681
29 0.148709 2.380761
30 0.148241 2.377873
31 0.147780 2.375017
32 0.147327 2.372192
33 0.146881 2.369398
34 0.146442 2.366635
35 0.146010 2.363902
36 0.145585 2.361199
37 0.145167 2.358526
38 0.144755 2.355882
39 0.144350 2.353267
40 0.143951 2.350681
41 0.143559 2.348123
42 0.143173 2.345593
43 0.142793 2.343091
44 0.142420 2.340616
45 0.142052 2.338169
46 0.141690 2.335748
47 0.141334 2.333354
48 0.140983 2.330986
49 0.140638 2.328645
50 0.140299 2.326328
51 0.139965 2.324038
52 0.139636 2.321772
53 0.139313 2.319531
54 0.138994 2.317315
55 0.138681 2.315123
56 0.138373 2.312956
57 0.138070 2.310812
58 0.137771 2.308691
59 0.137477 2.306594
60 0.137188 2.304520
61 0.136904 2.302468
62 0.136624 2.300439
63 0.136348 2.298432
64 0.136077 2.296448
65 0.135811 2.294485
66 0.135548 2.292543
67 0.135290 2.290623
68 0.135036 2.288724
69 0.134786 2.286846
70 0.134539 2.284989
71 0.134297 2.283151
72 0.134059 2.281334
73 0.133824 2.279537
74 0.133593 2.277760
75 0.133366 2.276002
76 0.133143 2.274263
77 0.132923 2.272544
78 0.132706 2.270843
79 0.132493 2.269161
80 0.132284 2.267497
81 0.132077 2.265852
82 0.131874 2.264225
83 0.131675 2.262615
84 0.131478 2.261024
85 0.131285 2.259449
86 0.131094 2.257892
87 0.130907 2.256352
88 0.130723 2.254829
89 0.130541 2.253323
90 0.130363 2.251833
91 0.130187 2.250360
92 0.130014 2.248902
93 0.129844 2.247461
94 0.129677 2.246035
95 0.129512 2.244626
96 0.129350 2.243231
97 0.129190 2.241852
98 0.129033 2.240488
99 0.128879 2.239139
100 0.128727 2.237805
101 0.128577 2.236485
102 0.128430 2.235180
103 0.128285 2.233889
104 0.128143 2.232613
105 0.128003 2.231350
106 0.127864 2.230101
107 0.127729 2.228866
108 0.127595 2.227645
109 0.127463 2.226437
110 0.127334 2.225242
111 0.127207 2.224060
112 0.127081 2.222891
113 0.126958 2.221735
114 0.126836 2.220592
115 0.126717 2.219461
116 0.126599 2.218343
117 0.126484 2.217237
118 0.126370 2.216143
119 0.126258 2.215061
120 0.126148 2.213991
121 0.126039 2.212932
122 0.125932 2.211886
123 0.125827 2.210850
124 0.125724 2.209827
125 0.125622 2.208814
126 0.125522 2.207812
127 0.125424 2.206822
128 0.125327 2.205842
129 0.125231 2.204873
130 0.125137 2.203915
131 0.125045 2.202967
132 0.124954 2.202030
133 0.124865 2.201103
134 0.124777 2.200186
135 0.124690 2.199279
136 0.124605 2.198382
137 0.124521 2.197495
138 0.124438 2.196617
139 0.124357 2.195750
140 0.124277 2.194891
141 0.124198 2.194043
142 0.124121 2.193203
143 0.124045 2.192373
144 0.123970 2.191552
145 0.123896 2.190739
146 0.123824 2.189936
147 0.123752 2.189142
148 0.123682 2.188356
149 0.123613 2.187579
150 0.123545 2.186810
151 0.123478 2.186050
152 0.123412 2.185298
153 0.123347 2.184555
154 0.123283 2.183819
155 0.123220 2.183092
156 0.123158 2.182373
157 0.123097 2.181661
158 0.123038 2.180957
159 0.122979 2.180262
160 0.122921 2.179573
161 0.122864 2.178892
162 0.122807 2.178219
163 0.122752 2.177553
164 0.122698 2.176895
165 0.122644 2.176243
166 0.122592 2.175599
167 0.122540 2.174962
168 0.122489 2.174332
169 0.122439 2.173708
170 0.122389 2.173092
171 0.122341 2.172482
172 0.122293 2.171879
173 0.122246 2.171283
174 0.122200 2.170693
175 0.122154 2.170110
176 0.122109 2.169533
177 0.122065 2.168962
178 0.122022 2.168398
179 0.121979 2.167840
180 0.121937 2.167288
181 0.121896 2.166742
182 0.121855 2.166202
183 0.121815 2.165668
184 0.121775 2.165139
185 0.121737 2.164617
186 0.121698 2.164100
187 0.121661 2.163589
188 0.121624 2.163084
189 0.121587 2.162584
190 0.121552 2.162090
191 0.121516 2.161601
192 0.121482 2.161117
193 0.121448 2.160639
194 0.121414 2.160166
195 0.121381 2.159698
196 0.121348 2.159235
197 0.121316 2.158778
198 0.121285 2.158325
199 0.121254 2.157877
200 0.121224 2.157434
201 0.121194 2.156997
202 0.121164 2.156564
203 0.121135 2.156135
204 0.121106 2.155712
205 0.121078 2.155293
206 0.121051 2.154878
207 0.121023 2.154468
208 0.120996 2.154063
209 0.120970 2.153662
210 0.120944 2.153266
211 0.120919 2.152873
212 0.120893 2.152486
213 0.120869 2.152102
214 0.120844 2.151723
215 0.120820 2.151347
216 0.120797 2.150976
217 0.120774 2.150609
218 0.120751 2.150246
219 0.120728 2.149887
220 0.120706 2.149532
221 0.120684 2.149181
222 0.120663 2.148833
223 0.120642 2.148490
224 0.120621 2.148150
225 0.120601 2.147814
226 0.120581 2.147482
227 0.120561 2.147153
228 0.120541 2.146828
229 0.120522 2.146506
230 0.120504 2.146188
231 0.120485 2.145874
232 0.120467 2.145563
233 0.120449 2.145255
234 0.120431 2.144951
235 0.120414 2.144650
236 0.120397 2.144352
237 0.120380 2.144058
238 0.120363 2.143767
239 0.120347 2.143479
240 0.120331 2.143194
241 0.120315 2.142912
242 0.120300 2.142634
243 0.120284 2.142358
244 0.120269 2.142086
245 0.120255 2.141816
246 0.120240 2.141550
247 0.120226 2.141286
248 0.120212 2.141025
249 0.120198 2.140767
250 0.120184 2.140512
251 0.120171 2.140260
252 0.120157 2.140011
253 0.120144 2.139764
254 0.120132 2.139520
255 0.120119 2.139279
256 0.120107 2.139040
257 0.120094 2.138804
258 0.120082 2.138570
259 0.120071 2.138339
260 0.120059 2.138111
261 0.120047 2.137885
262 0.120036 2.137661
263 0.120025 2.137441
264 0.120014 2.137222
265 0.120003 2.137006
266 0.119993 2.136792
267 0.119983 2.136581
268 0.119972 2.136371
269 0.119962 2.136165
270 0.119952 2.135960
271 0.119943 2.135758
272 0.119933 2.135558
273 0.119924 2.135360
274 0.119914 2.135164
275 0.119905 2.134970
276 0.119896 2.134779
277 0.119887 2.134590
278 0.119879 2.134402
279 0.119870 2.134217
280 0.119862 2.134034
281 0.119853 2.133853
282 0.119845 2.133674
283 0.119837 2.133496
284 0.119829 2.133321
285 0.119821 2.133148
286 0.119814 2.132976
287 0.119806 2.132807
288 0.119799 2.132639
289 0.119791 2.132473
290 0.119784 2.132309
291 0.119777 2.132147
292 0.119770 2.131986
293 0.119763 2.131828
294 0.119757 2.131671
295 0.119750 2.131515
296 0.119744 2.131362
297 0.119737 2.131210
298 0.119731 2.131060
299 0.119725 2.130911
300 0.119719 2.130764
301 0.119712 2.130619
302 0.119707 2.130475
303 0.119701 2.130333
304 0.119695 2.130193
305 0.119689 2.130054
306 0.119684 2.129916
307 0.119678 2.129780
308 0.119673 2.129645
309 0.119668 2.129512
310 0.119662 2.129381
311 0.119657 2.129251
312 0.119652 2.129122
313 0.119647 2.128995
314 0.119642 2.128869
315 0.119638 2.128744
316 0.119633 2.128621
317 0.119628 2.128499
318 0.119624 2.128379
319 0.119619 2.128260
320 0.119615 2.128142
321 0.119610 2.128025
322 0.119606 2.127910
323 0.119602 2.127796
324 0.119598 2.127683
325 0.119594 2.127572
326 0.119590 2.127462
327 0.119586 2.127352
328 0.119582 2.127245
329 0.119578 2.127138
330 0.119574 2.127032
331 0.119570 2.126928
332 0.119567 2.126825
333 0.119563 2.126723
334 0.119560 2.126622
335 0.119556 2.126522
336 0.119553 2.126423
337 0.119549 2.126325
338 0.119546 2.126229
339 0.119543 2.126133
340 0.119539 2.126039
341 0.119536 2.125945
342 0.119533 2.125853
343 0.119530 2.125761
344 0.119527 2.125671
345 0.119524 2.125582
346 0.119521 2.125493
347 0.119518 2.125406
348 0.119516 2.125319
349 0.119513 2.125233
350 0.119510 2.125149
351 0.119507 2.125065
352 0.119505 2.124982
353 0.119502 2.124900
354 0.119499 2.124819
355 0.119497 2.124739
356 0.119494 2.124660
357 0.119492 2.124582
358 0.119490 2.124504
359 0.119487 2.124428
360 0.119485 2.124352
361 0.119483 2.124277
362 0.119480 2.124203
363 0.119478 2.124129
364 0.119476 2.124057
365 0.119474 2.123985
366 0.119472 2.123914
367 0.119470 2.123844
368 0.119468 2.123775
369 0.119466 2.123706
370 0.119464 2.123638
371 0.119462 2.123571
372 0.119460 2.123505
373 0.119458 2.123439
374 0.119456 2.123374
375 0.119454 2.123310
376 0.119452 2.123246
377 0.119450 2.123183
378 0.119449 2.123121
379 0.119447 2.123060
380 0.119445 2.122999
381 0.119444 2.122939
382 0.119442 2.122879
383 0.119440 2.122821
384 0.119439 2.122762
385 0.119437 2.122705
386 0.119436 2.122648
387 0.119434 2.122592
388 0.119433 2.122536
389 0.119431 2.122481
390 0.119430 2.122427
391 0.119428 2.122373
392 0.119427 2.122320
393 0.119426 2.122267
394 0.119424 2.122215
395 0.119423 2.122163
396 0.119422 2.122112
397 0.119420 2.122062
398 0.119419 2.122012
399 0.119418 2.121963
400 0.119417 2.121914
401 0.119415 2.121866
402 0.119414 2.121818
403 0.119413 2.121771
404 0.119412 2.121724
405 0.119411 2.121678
406 0.119410 2.121633
407 0.119409 2.121587
408 0.119408 2.121543
409 0.119406 2.121499
410 0.119405 2.121455
411 0.119404 2.121412
412 0.119403 2.121369
413 0.119402 2.121327
414 0.119401 2.121285
415 0.119400 2.121244
416 0.119399 2.121203
417 0.119399 2.121162
418 0.119398 2.121122
419 0.119397 2.121083
420 0.119396 2.121044
421 0.119395 2.121005
422 0.119394 2.120967
423 0.119393 2.120929
424 0.119392 2.120892
425 0.119392 2.120855
426 0.119391 2.120818
427 0.119390 2.120782
428 0.119389 2.120746
429 0.119388 2.120711
430 0.119388 2.120676
431 0.119387 2.120641
432 0.119386 2.120607
433 0.119385 2.120573
434 0.119385 2.120539
435 0.119384 2.120506
436 0.119383 2.120473
437 0.119383 2.120441
438 0.119382 2.120409
439 0.119381 2.120377
440 0.119381 2.120346
441 0.119380 2.120315
442 0.119379 2.120284
443 0.119379 2.120254
444 0.119378 2.120224
445 0.119378 2.120194
446 0.119377 2.120165
447 0.119376 2.120136
448 0.119376 2.120107
449 0.119375 2.120079
450 0.119375 2.120051
451 0.119374 2.120023
452 0.119374 2.119995
453 0.119373 2.119968
454 0.119373 2.119941
455 0.119372 2.119915
456 0.119372 2.119888
457 0.119371 2.119862
458 0.119371 2.119837
459 0.119370 2.119811
460 0.119370 2.119786
461 0.119369 2.119761
462 0.119369 2.119737
463 0.119368 2.119712
464 0.119368 2.119688
465 0.119368 2.119664
466 0.119367 2.119641
467 0.119367 2.119618
468 0.119366 2.119595
469 0.119366 2.119572
470 0.119366 2.119549
471 0.119365 2.119527
472 0.119365 2.119505
473 0.119364 2.119483
474 0.119364 2.119462
475 0.119364 2.119440
476 0.119363 2.119419
477 0.119363 2.119398
478 0.119363 2.119378
479 0.119362 2.119357
480 0.119362 2.119337
481 0.119362 2.119317
482 0.119361 2.119298
483 0.119361 2.119278
484 0.119361 2.119259
485 0.119360 2.119240
486 0.119360 2.119221
487 0.119360 2.119202
488 0.119359 2.119184
489 0.119359 2.119165
490 0.119359 2.119147
491 0.119358 2.119129
492 0.119358 2.119112
493 0.119358 2.119094
494 0.119358 2.119077
495 0.119357 2.119060
496 0.119357 2.119043
497 0.119357 2.119026
498 0.119357 2.119010
499 0.119356 2.118993
500 0.119356 2.118977
