0 0.309579 3.400000
1 0.308424 3.395476
2 0.307280 3.390978
3 0.306144 3.386507
4 0.305019 3.382062
5 0.303903 3.377642
6 0.302797 3.373249
7 0.301700 3.368881
8 0.300612 3.364539
9 0.299534 3.360222
10 0.298464 3.355930
11 0.297404 3.351663
12 0.296353 3.347422
13 0.295311 3.343205
14 0.294277 3.339012
15 0.293253 3.334844
16 0.292237 3.330701
17 0.291230 3.326582
18 0.290231 3.322486
19 0.289241 3.318415
20 0.288259 3.314367
21 0.287285 3.310344
22 0.286320 3.306343
23 0.285363 3.302366
24 0.284414 3.298412
25 0.283473 3.294482
26 0.282540 3.290574
27 0.281616 3.286689
28 0.280698 3.282827
29 0.279789 3.278987
30 0.278888 3.275170
31 0.277994 3.271375
32 0.277108 3.267602
33 0.276229 3.263851
34 0.275357 3.260122
35 0.274494 3.256415
36 0.273637 3.252730
37 0.272788 3.249066
38 0.271946 3.245424
39 0.271111 3.241802
40 0.270283 3.238202
41 0.269462 3.234623
42 0.268648 3.231065
43 0.267842 3.227528
44 0.267042 3.224011
45 0.266248 3.220515
46 0.265462 3.217039
47 0.264682 3.213584
48 0.263909 3.210149
49 0.263142 3.206734
50 0.262382 3.203338
51 0.261628 3.199963
52 0.260881 3.196607
53 0.260140 3.193271
54 0.259406 3.189955
55 0.258677 3.186658
56 0.257955 3.183380
57 0.257239 3.180121
58 0.256529 3.176881
59 0.255825 3.173660
60 0.255127 3.170458
61 0.254435 3.167275
62 0.253749 3.164110
63 0.253069 3.160964
64 0.252394 3.157836
65 0.251725 3.154726
66 0.251062 3.151635
67 0.250405 3.148562
68 0.249753 3.145506
69 0.249107 3.142469
70 0.248466 3.139449
71 0.247830 3.136446
72 0.247200 3.133462
73 0.246576 3.130495
74 0.245956 3.127545
75 0.245342 3.124612
76 0.244733 3.121696
77 0.244130 3.118798
78 0.243531 3.115916
79 0.242937 3.113052
80 0.242349 3.110204
81 0.241766 3.107372
82 0.241187 3.104557
83 0.240613 3.101759
84 0.240045 3.098977
85 0.239481 3.096211
86 0.238922 3.093462
87 0.238367 3.090728
88 0.237818 3.088010
89 0.237273 3.085309
90 0.236732 3.082623
91 0.236197 3.079952
92 0.235666 3.077298
93 0.235139 3.074658
94 0.234617 3.072035
95 0.234099 3.069426
96 0.233585 3.066833
97 0.233076 3.064255
98 0.232572 3.061692
99 0.232071 3.059144
100 0.231575 3.056611
101 0.231083 3.054092
102 0.230596 3.051589
103 0.230112 3.049100
104 0.229632 3.046625
105 0.229157 3.044165
106 0.228686 3.041720
107 0.228218 3.039288
108 0.227755 3.036871
109 0.227295 3.034468
110 0.226840 3.032079
111 0.226388 3.029704
112 0.225940 3.027343
113 0.225496 3.024995
114 0.225056 3.022662
115 0.224619 3.020342
116 0.224187 3.018035
117 0.223757 3.015742
118 0.223332 3.013463
119 0.222910 3.011196
120 0.222492 3.008943
121 0.222077 3.006703
122 0.221666 3.004476
123 0.221258 3.002263
124 0.220854 3.000062
125 0.220453 2.997874
126 0.220055 2.995698
127 0.219661 2.993536
128 0.219271 2.991386
129 0.218883 2.989249
130 0.218499 2.987124
131 0.218118 2.985011
132 0.217741 2.982911
133 0.217366 2.980823
134 0.216995 2.978748
135 0.216627 2.976684
136 0.216262 2.974633
137 0.215900 2.972593
138 0.215541 2.970565
139 0.215186 2.968550
140 0.214833 2.966546
141 0.214483 2.964553
142 0.214137 2.962573
143 0.213793 2.960604
144 0.213452 2.958646
145 0.213114 2.956700
146 0.212779 2.954765
147 0.212447 2.952842
148 0.212117 2.950930
149 0.211791 2.949029
150 0.211467 2.947139
151 0.211146 2.945260
152 0.210827 2.943392
153 0.210512 2.941535
154 0.210199 2.939688
155 0.209888 2.937853
156 0.209581 2.936028
157 0.209276 2.934214
158 0.208973 2.932411
159 0.208673 2.930618
160 0.208376 2.928836
161 0.208081 2.927064
162 0.207789 2.925302
163 0.207499 2.923551
164 0.207211 2.921809
165 0.206926 2.920079
166 0.206644 2.918358
167 0.206364 2.916647
168 0.206086 2.914946
169 0.205811 2.913255
170 0.205538 2.911574
171 0.205267 2.909903
172 0.204999 2.908242
173 0.204732 2.906590
174 0.204468 2.904948
175 0.204207 2.903315
176 0.203947 2.901692
177 0.203690 2.900079
178 0.203435 2.898475
179 0.203182 2.896880
180 0.202932 2.895295
181 0.202683 2.893719
182 0.202437 2.892152
183 0.202192 2.890594
184 0.201950 2.889045
185 0.201710 2.887506
186 0.201471 2.885975
187 0.201235 2.884454
188 0.201001 2.882941
189 0.200769 2.881437
190 0.200539 2.879942
191 0.200310 2.878455
192 0.200084 2.876978
193 0.199860 2.875508
194 0.199637 2.874048
195 0.199417 2.872596
196 0.199198 2.871152
197 0.198981 2.869717
198 0.198766 2.868291
199 0.198553 2.866872
200 0.198341 2.865462
201 0.198132 2.864060
202 0.197924 2.862667
203 0.197718 2.861281
204 0.197514 2.859904
205 0.197311 2.858534
206 0.197110 2.857173
207 0.196911 2.855820
208 0.196714 2.854474
209 0.196518 2.853136
210 0.196324 2.851807
211 0.196131 2.850484
212 0.195941 2.849170
213 0.195751 2.847863
214 0.195564 2.846564
215 0.195378 2.845273
216 0.195193 2.843989
217 0.195011 2.842713
218 0.194829 2.841444
219 0.194650 2.840182
220 0.194471 2.838928
221 0.194295 2.837681
222 0.194119 2.836441
223 0.193946 2.835209
224 0.193773 2.833984
225 0.193603 2.832766
226 0.193433 2.831555
227 0.193265 2.830351
228 0.193099 2.829155
229 0.192934 2.827965
230 0.192770 2.826782
231 0.192608 2.825606
232 0.192447 2.824437
233 0.192288 2.823275
234 0.192129 2.822119
235 0.191973 2.820971
236 0.191817 2.819829
237 0.191663 2.818693
238 0.191510 2.817565
239 0.191359 2.816443
240 0.191208 2.815327
241 0.191059 2.814218
242 0.190912 2.813116
243 0.190765 2.812020
244 0.190620 2.810930
245 0.190476 2.809847
246 0.190333 2.808770
247 0.190192 2.807699
248 0.190051 2.806634
249 0.189912 2.805576
250 0.189774 2.804524
251 0.189637 2.803478
252 0.189502 2.802438
253 0.189367 2.801405
254 0.189234 2.800377
255 0.189102 2.799355
256 0.188971 2.798340
257 0.188841 2.797330
258 0.188712 2.796326
259 0.188584 2.795328
260 0.188457 2.794336
261 0.188332 2.793349
262 0.188207 2.792369
263 0.188084 2.791394
264 0.187961 2.790425
265 0.187840 2.789461
266 0.187719 2.788503
267 0.187600 2.787551
268 0.187482 2.786604
269 0.187364 2.785663
270 0.187248 2.784727
271 0.187133 2.783797
272 0.187018 2.782872
273 0.186905 2.781953
274 0.186792 2.781038
275 0.186681 2.780130
276 0.186570 2.779226
277 0.186461 2.778328
278 0.186352 2.777435
279 0.186245 2.776548
280 0.186138 2.775665
281 0.186032 2.774788
282 0.185927 2.773916
283 0.185823 2.773048
284 0.185719 2.772186
285 0.185617 2.771329
286 0.185516 2.770477
287 0.185415 2.769630
288 0.185315 2.768788
289 0.185216 2.767951
290 0.185118 2.767119
291 0.185021 2.766291
292 0.184924 2.765469
293 0.184829 2.764651
294 0.184734 2.763838
295 0.184640 2.763030
296 0.184547 2.762226
297 0.184455 2.761427
298 0.184363 2.760633
299 0.184272 2.759844
300 0.184182 2.759059
301 0.184093 2.758278
302 0.184004 2.757503
303 0.183916 2.756731
304 0.183829 2.755965
305 0.183743 2.755202
306 0.183657 2.754445
307 0.183573 2.753691
308 0.183489 2.752942
309 0.183405 2.752198
310 0.183322 2.751457
311 0.183240 2.750721
312 0.183159 2.749990
313 0.183079 2.749262
314 0.182999 2.748539
315 0.182919 2.747820
316 0.182841 2.747106
317 0.182763 2.746395
318 0.182686 2.745689
319 0.182609 2.744986
320 0.182533 2.744288
321 0.182458 2.743594
322 0.182383 2.742904
323 0.182309 2.742218
324 0.182236 2.741536
325 0.182163 2.740858
326 0.182091 2.740184
327 0.182019 2.739514
328 0.181948 2.738848
329 0.181878 2.738186
330 0.181808 2.737527
331 0.181739 2.736873
332 0.181671 2.736222
333 0.181603 2.735575
334 0.181535 2.734932
335 0.181469 2.734292
336 0.181402 2.733657
337 0.181337 2.733025
338 0.181272 2.732396
339 0.181207 2.731772
340 0.181143 2.731151
341 0.181079 2.730534
342 0.181017 2.729920
343 0.180954 2.729310
344 0.180892 2.728703
345 0.180831 2.728100
346 0.180770 2.727501
347 0.180710 2.726905
348 0.180650 2.726312
349 0.180591 2.725723
350 0.180532 2.725137
351 0.180474 2.724555
352 0.180416 2.723976
353 0.180359 2.723401
354 0.180302 2.722829
355 0.180245 2.722260
356 0.180190 2.721695
357 0.180134 2.721133
358 0.180079 2.720574
359 0.180025 2.720018
360 0.179971 2.719466
361 0.179917 2.718917
362 0.179864 2.718371
363 0.179812 2.717828
364 0.179759 2.717289
365 0.179708 2.716752
366 0.179656 2.716219
367 0.179606 2.715689
368 0.179555 2.715162
369 0.179505 2.714638
370 0.179456 2.714117
371 0.179406 2.713599
372 0.179358 2.713085
373 0.179309 2.712573
374 0.179262 2.712064
375 0.179214 2.711558
376 0.179167 2.711055
377 0.179120 2.710555
378 0.179074 2.710058
379 0.179028 2.709564
380 0.178983 2.709073
381 0.178937 2.708585
382 0.178893 2.708099
383 0.178848 2.707616
384 0.178804 2.707136
385 0.178761 2.706659
386 0.178718 2.706185
387 0.178675 2.705714
388 0.178632 2.705245
389 0.178590 2.704779
390 0.178548 2.704316
391 0.178507 2.703855
392 0.178466 2.703397
393 0.178425 2.702942
394 0.178385 2.702489
395 0.178345 2.702039
396 0.178305 2.701592
397 0.178265 2.701147
398 0.178226 2.700705
399 0.178188 2.700266
400 0.178149 2.699829
401 0.178111 2.699395
402 0.178074 2.698963
403 0.178036 2.698533
404 0.177999 2.698107
405 0.177962 2.697682
406 0.177926 2.697260
407 0.177890 2.696841
408 0.177854 2.696424
409 0.177818 2.696010
410 0.177783 2.695598
411 0.177748 2.695188
412 0.177714 2.694781
413 0.177679 2.694376
414 0.177645 2.693973
415 0.177611 2.693573
416 0.177578 2.693175
417 0.177545 2.692780
418 0.177512 2.692386
419 0.177479 2.691996
420 0.177447 2.691607
421 0.177415 2.691221
422 0.177383 2.690836
423 0.177351 2.690455
424 0.177320 2.690075
425 0.177289 2.689698
426 0.177258 2.689322
427 0.177228 2.688949
428 0.177198 2.688579
429 0.177168 2.688210
430 0.177138 2.687843
431 0.177109 2.687479
432 0.177079 2.687117
433 0.177050 2.686757
434 0.177022 2.686399
435 0.176993 2.686043
436 0.176965 2.685689
437 0.176937 2.685337
438 0.176909 2.684987
439 0.176882 2.684640
440 0.176855 2.684294
441 0.176827 2.683950
442 0.176801 2.683609
443 0.176774 2.683269
444 0.176748 2.682931
445 0.176722 2.682596
446 0.176696 2.682262
447 0.176670 2.681930
448 0.176644 2.681600
449 0.176619 2.681272
450 0.176594 2.680946
451 0.176569 2.680622
452 0.176545 2.680300
453 0.176520 2.679980
454 0.176496 2.679661
455 0.176472 2.679345
456 0.176448 2.679030
457 0.176425 2.678717
458 0.176401 2.678406
459 0.176378 2.678097
460 0.176355 2.677789
461 0.176332 2.677484
462 0.176310 2.677180
463 0.176287 2.676878
464 0.176265 2.676578
465 0.176243 2.676279
466 0.176221 2.675982
467 0.176200 2.675687
468 0.176178 2.675394
469 0.176157 2.675102
470 0.176136 2.674812
471 0.176115 2.674524
472 0.176094 2.674237
473 0.176073 2.673952
474 0.176053 2.673669
475 0.176033 2.673388
476 0.176013 2.673108
477 0.175993 2.672829
478 0.175973 2.672553
479 0.175953 2.672278
480 0.175934 2.672004
481 0.175915 2.671732
482 0.175896 2.671462
483 0.175877 2.671193
484 0.175858 2.670926
485 0.175840 2.670661
486 0.175821 2.670397
487 0.175803 2.670134
488 0.175785 2.669873
489 0.175767 2.669614
490 0.175749 2.669356
491 0.175731 2.669100
492 0.175714 2.668845
493 0.175697 2.668591
494 0.175679 2.668339
495 0.175662 2.668089
496 0.175645 2.667840
497 0.175629 2.667592
498 0.175612 2.667346
499 0.175595 2.667102
500 0.175579 2.666858
