0 0.343591 4.400000
1 0.342599 4.395461
2 0.341622 4.390971
3 0.340661 4.386531
4 0.339715 4.382140
5 0.338785 4.377797
6 0.337869 4.373501
7 0.336968 4.369253
8 0.336082 4.365052
9 0.335209 4.360896
10 0.334350 4.356787
11 0.333506 4.352722
12 0.332674 4.348702
13 0.331856 4.344727
14 0.331051 4.340795
15 0.330259 4.336906
16 0.329479 4.333060
17 0.328712 4.329256
18 0.327957 4.325494
19 0.327214 4.321773
20 0.326483 4.318093
21 0.325764 4.314454
22 0.325056 4.310855
23 0.324360 4.307295
24 0.323674 4.303774
25 0.323000 4.300292
26 0.322336 4.296848
27 0.321683 4.293442
28 0.321040 4.290074
29 0.320408 4.286742
30 0.319785 4.283448
31 0.319173 4.280189
32 0.318570 4.276966
33 0.317977 4.273778
34 0.317394 4.270626
35 0.316820 4.267508
36 0.316255 4.264425
37 0.315699 4.261375
38 0.315151 4.258359
39 0.314613 4.255376
40 0.314083 4.252426
41 0.313562 4.249508
42 0.313049 4.246622
43 0.312544 4.243768
44 0.312047 4.240945
45 0.311558 4.238153
46 0.311077 4.235392
47 0.310604 4.232662
48 0.310138 4.229961
49 0.309679 4.227290
50 0.309228 4.224648
51 0.308784 4.222036
52 0.308348 4.219452
53 0.307918 4.216896
54 0.307495 4.214369
55 0.307079 4.211869
56 0.306669 4.209397
57 0.306266 4.206952
58 0.305869 4.204534
59 0.305479 4.202142
60 0.305095 4.199777
61 0.304717 4.197437
62 0.304345 4.195124
63 0.303979 4.192835
64 0.303619 4.190572
65 0.303265 4.188334
66 0.302916 4.186121
67 0.302573 4.183931
68 0.302236 4.181766
69 0.301903 4.179625
70 0.301576 4.177507
71 0.301255 4.175412
72 0.300938 4.173340
73 0.300626 4.171291
74 0.300320 4.169265
75 0.300018 4.167261
76 0.299721 4.165279
77 0.299429 4.163319
78 0.299142 4.161380
79 0.298859 4.159462
80 0.298580 4.157566
81 0.298307 4.155690
82 0.298037 4.153835
83 0.297772 4.152001
84 0.297511 4.150186
85 0.297254 4.148392
86 0.297001 4.146617
87 0.296752 4.144862
88 0.296508 4.143126
89 0.296267 4.141409
90 0.296030 4.139711
91 0.295797 4.138032
92 0.295567 4.136371
93 0.295341 4.134728
94 0.295119 4.133103
95 0.294900 4.131497
96 0.294685 4.129908
97 0.294474 4.128336
98 0.294265 4.126781
99 0.294060 4.125244
100 0.293858 4.123724
101 0.293660 4.122220
102 0.293464 4.120733
103 0.293272 4.119262
104 0.293083 4.117807
105 0.292897 4.116369
106 0.292714 4.114946
107 0.292533 4.113538
108 0.292356 4.112147
109 0.292181 4.110770
110 0.292010 4.109409
111 0.291841 4.108062
112 0.291674 4.106731
113 0.291511 4.105414
114 0.291350 4.104111
115 0.291191 4.102823
116 0.291035 4.101549
117 0.290882 4.100289
118 0.290731 4.099043
119 0.290582 4.097810
120 0.290436 4.096591
121 0.290292 4.095385
122 0.290150 4.094193
123 0.290011 4.093014
124 0.289874 4.091848
125 0.289739 4.090694
126 0.289606 4.089553
127 0.289475 4.088425
128 0.289347 4.087309
129 0.289220 4.086206
130 0.289096 4.085114
131 0.288973 4.084035
132 0.288853 4.082967
133 0.288734 4.081911
134 0.288617 4.080867
135 0.288502 4.079834
136 0.288389 4.078812
137 0.288278 4.077802
138 0.288169 4.076803
139 0.288061 4.075815
140 0.287955 4.074838
141 0.287851 4.073871
142 0.287748 4.072915
143 0.287647 4.071970
144 0.287548 4.071035
145 0.287450 4.070110
146 0.287353 4.069195
147 0.287259 4.068291
148 0.287166 4.067396
149 0.287074 4.066511
150 0.286984 4.065636
151 0.286895 4.064771
152 0.286807 4.063915
153 0.286721 4.063068
154 0.286637 4.062231
155 0.286554 4.061403
156 0.286472 4.060584
157 0.286391 4.059774
158 0.286312 4.058973
159 0.286234 4.058180
160 0.286157 4.057397
161 0.286081 4.056622
162 0.286007 4.055856
163 0.285933 4.055098
164 0.285861 4.054348
165 0.285791 4.053606
166 0.285721 4.052873
167 0.285652 4.052148
168 0.285585 4.051431
169 0.285518 4.050721
170 0.285453 4.050020
171 0.285388 4.049326
172 0.285325 4.048639
173 0.285263 4.047961
174 0.285201 4.047290
175 0.285141 4.046626
176 0.285082 4.045969
177 0.285023 4.045320
178 0.284966 4.044677
179 0.284909 4.044042
180 0.284853 4.043414
181 0.284798 4.042793
182 0.284745 4.042178
183 0.284692 4.041571
184 0.284639 4.040969
185 0.284588 4.040375
186 0.284537 4.039787
187 0.284488 4.039206
188 0.284439 4.038631
189 0.284390 4.038062
190 0.284343 4.037499
191 0.284296 4.036943
192 0.284250 4.036393
193 0.284205 4.035849
194 0.284161 4.035310
195 0.284117 4.034778
196 0.284074 4.034252
197 0.284032 4.033731
198 0.283990 4.033216
199 0.283949 4.032707
200 0.283909 4.032203
201 0.283869 4.031705
202 0.283830 4.031213
203 0.283791 4.030725
204 0.283753 4.030243
205 0.283716 4.029767
206 0.283680 4.029295
207 0.283643 4.028829
208 0.283608 4.028368
209 0.283573 4.027912
210 0.283539 4.027461
211 0.283505 4.027015
212 0.283472 4.026574
213 0.283439 4.026138
214 0.283407 4.025706
215 0.283375 4.025280
216 0.283344 4.024858
217 0.283313 4.024440
218 0.283283 4.024027
219 0.283253 4.023619
220 0.283224 4.023215
221 0.283195 4.022816
222 0.283167 4.022421
223 0.283139 4.022030
224 0.283111 4.021644
225 0.283084 4.021262
226 0.283058 4.020884
227 0.283032 4.020510
228 0.283006 4.020140
229 0.282981 4.019775
230 0.282956 4.019413
231 0.282931 4.019056
232 0.282907 4.018702
233 0.282883 4.018352
234 0.282860 4.018006
235 0.282837 4.017664
236 0.282814 4.017326
237 0.282792 4.016991
238 0.282770 4.016660
239 0.282749 4.016333
240 0.282727 4.016009
241 0.282707 4.015689
242 0.282686 4.015372
243 0.282666 4.015059
244 0.282646 4.014749
245 0.282626 4.014443
246 0.282607 4.014140
247 0.282588 4.013840
248 0.282570 4.013544
249 0.282551 4.013251
250 0.282533 4.012961
251 0.282515 4.012674
252 0.282498 4.012391
253 0.282481 4.012110
254 0.282464 4.011833
255 0.282447 4.011559
256 0.282431 4.011287
257 0.282415 4.011019
258 0.282399 4.010754
259 0.282383 4.010491
260 0.282368 4.010232
261 0.282353 4.009975
262 0.282338 4.009721
263 0.282323 4.009470
264 0.282309 4.009222
265 0.282294 4.008976
266 0.282281 4.008733
267 0.282267 4.008493
268 0.282253 4.008255
269 0.282240 4.008020
270 0.282227 4.007788
271 0.282214 4.007558
272 0.282201 4.007331
273 0.282189 4.007106
274 0.282177 4.006883
275 0.282165 4.006663
276 0.282153 4.006446
277 0.282141 4.006231
278 0.282129 4.006018
279 0.282118 4.005808
280 0.282107 4.005600
281 0.282096 4.005394
282 0.282085 4.005190
283 0.282075 4.004989
284 0.282064 4.004790
285 0.282054 4.004593
286 0.282044 4.004398
287 0.282034 4.004205
288 0.282024 4.004015
289 0.282014 4.003827
290 0.282005 4.003640
291 0.281996 4.003456
292 0.281986 4.003274
293 0.281977 4.003093
294 0.281968 4.002915
295 0.281960 4.002739
296 0.281951 4.002564
297 0.281943 4.002392
298 0.281934 4.002221
299 0.281926 4.002053
300 0.281918 4.001886
301 0.281910 4.001721
302 0.281902 4.001558
303 0.281894 4.001396
304 0.281887 4.001237
305 0.281879 4.001079
306 0.281872 4.000923
307 0.281865 4.000768
308 0.281858 4.000615
309 0.281851 4.000464
310 0.281844 4.000315
311 0.281837 4.000167
312 0.281831 4.000021
313 0.281824 3.999877
314 0.281818 3.999734
315 0.281811 3.999592
316 0.281805 3.999452
317 0.281799 3.999314
318 0.281793 3.999177
319 0.281787 3.999042
320 0.281781 3.998908
321 0.281775 3.998776
322 0.281770 3.998645
323 0.281764 3.998516
324 0.281758 3.998388
325 0.281753 3.998261
326 0.281748 3.998136
327 0.281743 3.998012
328 0.281737 3.997890
329 0.281732 3.997769
330 0.281727 3.997649
331 0.281722 3.997531
332 0.281718 3.997413
333 0.281713 3.997297
334 0.281708 3.997183
335 0.281704 3.997070
336 0.281699 3.996957
337 0.281695 3.996847
338 0.281690 3.996737
339 0.281686 3.996629
340 0.281682 3.996521
341 0.281677 3.996415
342 0.281673 3.996310
343 0.281669 3.996207
344 0.281665 3.996104
345 0.281661 3.996002
346 0.281658 3.995902
347 0.281654 3.995803
348 0.281650 3.995705
349 0.281646 3.995608
350 0.281643 3.995512
351 0.281639 3.995417
352 0.281636 3.995323
353 0.281632 3.995230
354 0.281629 3.995138
355 0.281626 3.995047
356 0.281622 3.994957
357 0.281619 3.994868
358 0.281616 3.994780
359 0.281613 3.994693
360 0.281610 3.994607
361 0.281607 3.994522
362 0.281604 3.994438
363 0.281601 3.994355
364 0.281598 3.994273
365 0.281595 3.994191
366 0.281592 3.994111
367 0.281589 3.994031
368 0.281587 3.993953
369 0.281584 3.993875
370 0.281581 3.993798
371 0.281579 3.993722
372 0.281576 3.993646
373 0.281574 3.993572
374 0.281571 3.993498
375 0.281569 3.993425
376 0.281567 3.993353
377 0.281564 3.993282
378 0.281562 3.993212
379 0.281560 3.993142
380 0.281558 3.993073
381 0.281555 3.993005
382 0.281553 3.992937
383 0.281551 3.992871
384 0.281549 3.992805
385 0.281547 3.992739
386 0.281545 3.992675
387 0.281543 3.992611
388 0.281541 3.992548
389 0.281539 3.992486
390 0.281537 3.992424
391 0.281535 3.992363
392 0.281533 3.992302
393 0.281532 3.992243
394 0.281530 3.992184
395 0.281528 3.992125
396 0.281526 3.992068
397 0.281525 3.992010
398 0.281523 3.991954
399 0.281521 3.991898
400 0.281520 3.991843
401 0.281518 3.991788
402 0.281517 3.991734
403 0.281515 3.991681
404 0.281513 3.991628
405 0.281512 3.991575
406 0.281511 3.991524
407 0.281509 3.991473
408 0.281508 3.991422
409 0.281506 3.991372
410 0.281505 3.991322
411 0.281504 3.991273
412 0.281502 3.991225
413 0.281501 3.991177
414 0.281500 3.991130
415 0.281498 3.991083
416 0.281497 3.991037
417 0.281496 3.990991
418 0.281495 3.990946
419 0.281493 3.990901
420 0.281492 3.990856
421 0.281491 3.990813
422 0.281490 3.990769
423 0.281489 3.990726
424 0.281488 3.990684
425 0.281487 3.990642
426 0.281486 3.990601
427 0.281485 3.990560
428 0.281484 3.990519
429 0.281483 3.990479
430 0.281482 3.990439
431 0.281481 3.990400
432 0.281480 3.990361
433 0.281479 3.990323
434 0.281478 3.990285
435 0.281477 3.990247
436 0.281476 3.990210
437 0.281475 3.990173
438 0.281474 3.990137
439 0.281473 3.990101
440 0.281472 3.990066
441 0.281472 3.990031
442 0.281471 3.989996
443 0.281470 3.989961
444 0.281469 3.989927
445 0.281468 3.989894
446 0.281468 3.989861
447 0.281467 3.989828
448 0.281466 3.989795
449 0.281465 3.989763
450 0.281465 3.989731
451 0.281464 3.989700
452 0.281463 3.989669
453 0.281463 3.989638
454 0.281462 3.989607
455 0.281461 3.989577
456 0.281461 3.989548
457 0.281460 3.989518
458 0.281459 3.989489
459 0.281459 3.989460
460 0.281458 3.989432
461 0.281457 3.989403
462 0.281457 3.989376
463 0.281456 3.989348
464 0.281456 3.989321
465 0.281455 3.989294
466 0.281455 3.989267
467 0.281454 3.989241
468 0.281453 3.989215
469 0.281453 3.989189
470 0.281452 3.989163
471 0.281452 3.989138
472 0.281451 3.989113
473 0.281451 3.989089
474 0.281450 3.989064
475 0.281450 3.989040
476 0.281449 3.989016
477 0.281449 3.988993
478 0.281448 3.988969
479 0.281448 3.988946
480 0.281448 3.988923
481 0.281447 3.988901
482 0.281447 3.988878
483 0.281446 3.988856
484 0.281446 3.988835
485 0.281445 3.988813
486 0.281445 3.988792
487 0.281445 3.988770
488 0.281444 3.988749
489 0.281444 3.988729
490 0.281443 3.988708
491 0.281443 3.988688
492 0.281443 3.988668
493 0.281442 3.988648
494 0.281442 3.988629
495 0.281442 3.988609
496 0.281441 3.988590
497 0.281441 3.988571
498 0.281441 3.988553
499 0.281440 3.988534
500 0.281440 3.988516
