0 0.303108 3.820000
1 0.301958 3.814824
2 0.300823 3.809697
3 0.299704 3.804618
4 0.298600 3.799585
5 0.297511 3.794600
6 0.296437 3.789661
7 0.295377 3.784769
8 0.294331 3.779922
9 0.293300 3.775120
10 0.292283 3.770363
11 0.291279 3.765650
12 0.290290 3.760981
13 0.289313 3.756356
14 0.288350 3.751774
15 0.287400 3.747234
16 0.286462 3.742737
17 0.285538 3.738282
18 0.284626 3.733868
19 0.283726 3.729496
20 0.282838 3.725164
21 0.281963 3.720873
22 0.281099 3.716621
23 0.280247 3.712410
24 0.279407 3.708237
25 0.278578 3.704104
26 0.277760 3.700009
27 0.276954 3.695952
28 0.276158 3.691933
29 0.275373 3.687952
30 0.274598 3.684007
31 0.273835 3.680100
32 0.273081 3.676229
33 0.272338 3.672394
34 0.271605 3.668594
35 0.270881 3.664830
36 0.270168 3.661102
37 0.269464 3.657408
38 0.268770 3.653748
39 0.268085 3.650123
40 0.267409 3.646531
41 0.266743 3.642973
42 0.266086 3.639448
43 0.265437 3.635956
44 0.264797 3.632496
45 0.264166 3.629069
46 0.263544 3.625674
47 0.262930 3.622310
48 0.262324 3.618978
49 0.261727 3.615677
50 0.261137 3.612406
51 0.260556 3.609166
52 0.259982 3.605956
53 0.259416 3.602777
54 0.258858 3.599626
55 0.258308 3.596506
56 0.257765 3.593414
57 0.257229 3.590351
58 0.256701 3.587317
59 0.256179 3.584311
60 0.255665 3.581333
61 0.255158 3.578383
62 0.254657 3.575460
63 0.254164 3.572564
64 0.253677 3.569696
65 0.253196 3.566854
66 0.252723 3.564039
67 0.252255 3.561250
68 0.251794 3.558487
69 0.251339 3.555750
70 0.250891 3.553038
71 0.250448 3.550352
72 0.250012 3.547690
73 0.249581 3.545054
74 0.249156 3.542442
75 0.248737 3.539854
76 0.248324 3.537291
77 0.247916 3.534751
78 0.247513 3.532235
79 0.247117 3.529743
80 0.246725 3.527274
81 0.246339 3.524828
82 0.245958 3.522404
83 0.245582 3.520004
84 0.245212 3.517625
85 0.244846 3.515269
86 0.244486 3.512935
87 0.244130 3.510622
88 0.243779 3.508331
89 0.243433 3.506062
90 0.243091 3.503813
91 0.242754 3.501586
92 0.242422 3.499379
93 0.242094 3.497193
94 0.241771 3.495028
95 0.241452 3.492882
96 0.241137 3.490757
97 0.240827 3.488651
98 0.240520 3.486565
99 0.240218 3.484498
100 0.239920 3.482451
101 0.239626 3.480423
102 0.239337 3.478414
103 0.239051 3.476423
104 0.238768 3.474451
105 0.238490 3.472497
106 0.238216 3.470562
107 0.237945 3.468644
108 0.237678 3.466745
109 0.237414 3.464863
110 0.237154 3.462999
111 0.236898 3.461152
112 0.236645 3.459322
113 0.236395 3.457510
114 0.236149 3.455714
115 0.235906 3.453935
116 0.235667 3.452173
117 0.235430 3.450427
118 0.235197 3.448697
119 0.234967 3.446984
120 0.234741 3.445286
121 0.234517 3.443605
122 0.234296 3.441939
123 0.234078 3.440288
124 0.233864 3.438653
125 0.233652 3.437033
126 0.233443 3.435428
127 0.233237 3.433839
128 0.233033 3.432264
129 0.232833 3.430703
130 0.232635 3.429158
131 0.232440 3.427626
132 0.232247 3.426109
133 0.232057 3.424607
134 0.231870 3.423118
135 0.231685 3.421643
136 0.231503 3.420181
137 0.231323 3.418734
138 0.231145 3.417300
139 0.230970 3.415879
140 0.230798 3.414471
141 0.230628 3.413077
142 0.230460 3.411696
143 0.230294 3.410327
144 0.230130 3.408971
145 0.229969 3.407628
146 0.229810 3.406298
147 0.229653 3.404980
148 0.229498 3.403674
149 0.229346 3.402380
150 0.229195 3.401098
151 0.229046 3.399829
152 0.228900 3.398571
153 0.228755 3.397325
154 0.228613 3.396090
155 0.228472 3.394867
156 0.228333 3.393656
157 0.228196 3.392455
158 0.228061 3.391266
159 0.227928 3.390088
160 0.227797 3.388921
161 0.227667 3.387765
162 0.227539 3.386620
163 0.227413 3.385485
164 0.227289 3.384361
165 0.227166 3.383247
166 0.227045 3.382144
167 0.226925 3.381051
168 0.226807 3.379968
169 0.226691 3.378896
170 0.226577 3.377833
171 0.226463 3.376780
172 0.226352 3.375737
173 0.226242 3.374704
174 0.226133 3.373681
175 0.226026 3.372667
176 0.225921 3.371662
177 0.225816 3.370667
178 0.225714 3.369681
179 0.225612 3.368704
180 0.225512 3.367736
181 0.225413 3.366778
182 0.225316 3.365828
183 0.225220 3.364887
184 0.225125 3.363955
185 0.225032 3.363032
186 0.224940 3.362117
187 0.224849 3.361211
188 0.224759 3.360313
189 0.224671 3.359424
190 0.224583 3.358543
191 0.224497 3.357670
192 0.224412 3.356805
193 0.224329 3.355948
194 0.224246 3.355100
195 0.224164 3.354259
196 0.224084 3.353426
197 0.224005 3.352601
198 0.223926 3.351783
199 0.223849 3.350973
200 0.223773 3.350171
201 0.223698 3.349376
202 0.223624 3.348589
203 0.223551 3.347809
204 0.223479 3.347036
205 0.223408 3.346270
206 0.223337 3.345512
207 0.223268 3.344761
208 0.223200 3.344016
209 0.223133 3.343279
210 0.223066 3.342548
211 0.223001 3.341824
212 0.222936 3.341107
213 0.222872 3.340397
214 0.222809 3.339693
215 0.222747 3.338996
216 0.222686 3.338306
217 0.222626 3.337621
218 0.222566 3.336944
219 0.222507 3.336272
220 0.222449 3.335607
221 0.222392 3.334948
222 0.222336 3.334295
223 0.222280 3.333648
224 0.222225 3.333007
225 0.222171 3.332373
226 0.222118 3.331744
227 0.222065 3.331121
228 0.222013 3.330504
229 0.221962 3.329892
230 0.221911 3.329286
231 0.221861 3.328686
232 0.221812 3.328092
233 0.221764 3.327503
234 0.221716 3.326919
235 0.221669 3.326341
236 0.221622 3.325769
237 0.221576 3.325201
238 0.221531 3.324639
239 0.221486 3.324083
240 0.221442 3.323531
241 0.221398 3.322985
242 0.221355 3.322443
243 0.221313 3.321907
244 0.221271 3.321376
245 0.221230 3.320849
246 0.221189 3.320328
247 0.221149 3.319811
248 0.221110 3.319300
249 0.221071 3.318793
250 0.221032 3.318290
251 0.220994 3.317793
252 0.220957 3.317300
253 0.220920 3.316812
254 0.220884 3.316328
255 0.220848 3.315848
256 0.220812 3.315374
257 0.220777 3.314903
258 0.220743 3.314437
259 0.220709 3.313976
260 0.220675 3.313518
261 0.220642 3.313065
262 0.220609 3.312616
263 0.220577 3.312172
264 0.220545 3.311731
265 0.220514 3.311295
266 0.220483 3.310862
267 0.220452 3.310434
268 0.220422 3.310010
269 0.220392 3.309590
270 0.220363 3.309173
271 0.220334 3.308761
272 0.220306 3.308352
273 0.220278 3.307947
274 0.220250 3.307546
275 0.220223 3.307148
276 0.220196 3.306755
277 0.220169 3.306365
278 0.220143 3.305978
279 0.220117 3.305596
280 0.220091 3.305216
281 0.220066 3.304841
282 0.220041 3.304469
283 0.220017 3.304100
284 0.219992 3.303735
285 0.219968 3.303373
286 0.219945 3.303014
287 0.219922 3.302659
288 0.219899 3.302307
289 0.219876 3.301959
290 0.219854 3.301613
291 0.219832 3.301271
292 0.219810 3.300933
293 0.219789 3.300597
294 0.219768 3.300264
295 0.219747 3.299935
296 0.219726 3.299608
297 0.219706 3.299285
298 0.219686 3.298965
299 0.219666 3.298647
300 0.219647 3.298333
301 0.219628 3.298021
302 0.219609 3.297713
303 0.219590 3.297407
304 0.219572 3.297104
305 0.219553 3.296804
306 0.219535 3.296507
307 0.219518 3.296212
308 0.219500 3.295921
309 0.219483 3.295632
310 0.219466 3.295345
311 0.219449 3.295062
312 0.219433 3.294781
313 0.219417 3.294503
314 0.219401 3.294227
315 0.219385 3.293954
316 0.219369 3.293683
317 0.219354 3.293415
318 0.219338 3.293149
319 0.219323 3.292886
320 0.219309 3.292625
321 0.219294 3.292367
322 0.219280 3.292111
323 0.219265 3.291858
324 0.219251 3.291607
325 0.219237 3.291358
326 0.219224 3.291111
327 0.219210 3.290867
328 0.219197 3.290625
329 0.219184 3.290386
330 0.219171 3.290148
331 0.219158 3.289913
332 0.219146 3.289680
333 0.219133 3.289449
334 0.219121 3.289221
335 0.219109 3.288994
336 0.219097 3.288770
337 0.219085 3.288548
338 0.219074 3.288327
339 0.219062 3.288109
340 0.219051 3.287893
341 0.219040 3.287679
342 0.219029 3.287467
343 0.219018 3.287257
344 0.219007 3.287048
345 0.218997 3.286842
346 0.218987 3.286638
347 0.218976 3.286435
348 0.218966 3.286235
349 0.218956 3.286036
350 0.218946 3.285839
351 0.218937 3.285644
352 0.218927 3.285451
353 0.218918 3.285260
354 0.218908 3.285070
355 0.218899 3.284882
356 0.218890 3.284696
357 0.218881 3.284512
358 0.218872 3.284329
359 0.218864 3.284148
360 0.218855 3.283969
361 0.218847 3.283792
362 0.218838 3.283616
363 0.218830 3.283441
364 0.218822 3.283269
365 0.218814 3.283098
366 0.218806 3.282928
367 0.218798 3.282761
368 0.218790 3.282594
369 0.218783 3.282430
370 0.218775 3.282266
371 0.218768 3.282105
372 0.218761 3.281944
373 0.218754 3.281786
374 0.218746 3.281629
375 0.218739 3.281473
376 0.218733 3.281319
377 0.218726 3.281166
378 0.218719 3.281014
379 0.218712 3.280864
380 0.218706 3.280716
381 0.218699 3.280569
382 0.218693 3.280423
383 0.218687 3.280278
384 0.218681 3.280135
385 0.218675 3.279993
386 0.218669 3.279853
387 0.218663 3.279714
388 0.218657 3.279576
389 0.218651 3.279439
390 0.218645 3.279304
391 0.218640 3.279170
392 0.218634 3.279037
393 0.218629 3.278905
394 0.218623 3.278775
395 0.218618 3.278646
396 0.218613 3.278518
397 0.218607 3.278391
398 0.218602 3.278266
399 0.218597 3.278141
400 0.218592 3.278018
401 0.218587 3.277896
402 0.218583 3.277775
403 0.218578 3.277655
404 0.218573 3.277537
405 0.218568 3.277419
406 0.218564 3.277303
407 0.218559 3.277187
408 0.218555 3.277073
409 0.218551 3.276960
410 0.218546 3.276848
411 0.218542 3.276736
412 0.218538 3.276626
413 0.218534 3.276517
414 0.218529 3.276409
415 0.218525 3.276302
416 0.218521 3.276196
417 0.218517 3.276091
418 0.218514 3.275987
419 0.218510 3.275884
420 0.218506 3.275782
421 0.218502 3.275680
422 0.218498 3.275580
423 0.218495 3.275481
424 0.218491 3.275382
425 0.218488 3.275285
426 0.218484 3.275188
427 0.218481 3.275093
428 0.218477 3.274998
429 0.218474 3.274904
430 0.218471 3.274811
431 0.218467 3.274719
432 0.218464 3.274627
433 0.218461 3.274537
434 0.218458 3.274447
435 0.218455 3.274359
436 0.218452 3.274271
437 0.218449 3.274184
438 0.218446 3.274097
439 0.218443 3.274012
440 0.218440 3.273927
441 0.218437 3.273843
442 0.218434 3.273760
443 0.218432 3.273678
444 0.218429 3.273596
445 0.218426 3.273515
446 0.218424 3.273435
447 0.218421 3.273356
448 0.218418 3.273277
449 0.218416 3.273199
450 0.218413 3.273122
451 0.218411 3.273046
452 0.218408 3.272970
453 0.218406 3.272895
454 0.218404 3.272821
455 0.218401 3.272747
456 0.218399 3.272674
457 0.218397 3.272602
458 0.218394 3.272530
459 0.218392 3.272460
460 0.218390 3.272389
461 0.218388 3.272320
462 0.218386 3.272251
463 0.218384 3.272183
464 0.218382 3.272115
465 0.218379 3.272048
466 0.218377 3.271981
467 0.218375 3.271916
468 0.218374 3.271851
469 0.218372 3.271786
470 0.218370 3.271722
471 0.218368 3.271659
472 0.218366 3.271596
473 0.218364 3.271534
474 0.218362 3.271472
475 0.218360 3.271411
476 0.218359 3.271351
477 0.218357 3.271291
478 0.218355 3.271231
479 0.218354 3.271173
480 0.218352 3.271114
481 0.218350 3.271057
482 0.218349 3.271000
483 0.218347 3.270943
484 0.218345 3.270887
485 0.218344 3.270831
486 0.218342 3.270776
487 0.218341 3.270722
488 0.218339 3.270668
489 0.218338 3.270614
490 0.218336 3.270561
491 0.218335 3.270509
492 0.218334 3.270456
493 0.218332 3.270405
494 0.218331 3.270354
495 0.218329 3.270303
496 0.218328 3.270253
497 0.218327 3.270203
498 0.218325 3.270154
499 0.218324 3.270106
500 0.218323 3.270057
