0 0.366226 3.580000
1 0.365012 3.575765
2 0.363813 3.571564
3 0.362627 3.567396
4 0.361455 3.563262
5 0.360297 3.559162
6 0.359153 3.555094
7 0.358022 3.551059
8 0.356904 3.547057
9 0.355799 3.543086
10 0.354707 3.539148
11 0.353628 3.535241
12 0.352562 3.531366
13 0.351508 3.527522
14 0.350466 3.523709
15 0.349437 3.519927
16 0.348419 3.516174
17 0.347414 3.512453
18 0.346420 3.508761
19 0.345438 3.505098
20 0.344467 3.501466
21 0.343508 3.497862
22 0.342559 3.494288
23 0.341622 3.490742
24 0.340696 3.487225
25 0.339781 3.483736
26 0.338877 3.480275
27 0.337983 3.476842
28 0.337099 3.473436
29 0.336226 3.470058
30 0.335363 3.466707
31 0.334510 3.463383
32 0.333667 3.460086
33 0.332834 3.456815
34 0.332011 3.453571
35 0.331197 3.450353
36 0.330393 3.447160
37 0.329598 3.443993
38 0.328813 3.440852
39 0.328036 3.437736
40 0.327269 3.434645
41 0.326511 3.431579
42 0.325762 3.428538
43 0.325021 3.425521
44 0.324289 3.422528
45 0.323566 3.419560
46 0.322851 3.416615
47 0.322144 3.413694
48 0.321446 3.410797
49 0.320756 3.407922
50 0.320074 3.405071
51 0.319399 3.402243
52 0.318733 3.399438
53 0.318075 3.396655
54 0.317424 3.393894
55 0.316781 3.391156
56 0.316145 3.388440
57 0.315517 3.385746
58 0.314896 3.383073
59 0.314283 3.380422
60 0.313677 3.377792
61 0.313077 3.375183
62 0.312485 3.372595
63 0.311900 3.370028
64 0.311321 3.367482
65 0.310749 3.364956
66 0.310184 3.362451
67 0.309626 3.359965
68 0.309074 3.357500
69 0.308528 3.355055
70 0.307989 3.352629
71 0.307457 3.350222
72 0.306930 3.347835
73 0.306410 3.345468
74 0.305895 3.343119
75 0.305387 3.340789
76 0.304885 3.338478
77 0.304388 3.336186
78 0.303897 3.333912
79 0.303413 3.331656
80 0.302933 3.329418
81 0.302460 3.327199
82 0.301991 3.324997
83 0.301529 3.322813
84 0.301072 3.320646
85 0.300620 3.318497
86 0.300173 3.316365
87 0.299732 3.314251
88 0.299295 3.312153
89 0.298864 3.310072
90 0.298438 3.308008
91 0.298017 3.305961
92 0.297601 3.303930
93 0.297190 3.301916
94 0.296783 3.299917
95 0.296381 3.297935
96 0.295984 3.295968
97 0.295592 3.294018
98 0.295204 3.292083
99 0.294821 3.290164
100 0.294442 3.288260
101 0.294068 3.286371
102 0.293698 3.284498
103 0.293332 3.282640
104 0.292971 3.280796
105 0.292614 3.278968
106 0.292261 3.277154
107 0.291912 3.275355
108 0.291567 3.273570
109 0.291226 3.271800
110 0.290889 3.270044
111 0.290557 3.268302
112 0.290228 3.266574
113 0.289903 3.264859
114 0.289581 3.263159
115 0.289264 3.261472
116 0.288950 3.259799
117 0.288640 3.258140
118 0.288333 3.256494
119 0.288030 3.254861
120 0.287731 3.253241
121 0.287435 3.251634
122 0.287143 3.250040
123 0.286854 3.248459
124 0.286568 3.246890
125 0.286286 3.245335
126 0.286007 3.243791
127 0.285731 3.242260
128 0.285458 3.240742
129 0.285189 3.239236
130 0.284923 3.237741
131 0.284660 3.236259
132 0.284400 3.234789
133 0.284143 3.233331
134 0.283889 3.231884
135 0.283638 3.230449
136 0.283390 3.229025
137 0.283145 3.227613
138 0.282903 3.226212
139 0.282663 3.224823
140 0.282427 3.223445
141 0.282193 3.222078
142 0.281962 3.220721
143 0.281733 3.219376
144 0.281507 3.218042
145 0.281284 3.216718
146 0.281064 3.215405
147 0.280846 3.214102
148 0.280631 3.212810
149 0.280418 3.211529
150 0.280207 3.210257
151 0.279999 3.208996
152 0.279794 3.207745
153 0.279591 3.206504
154 0.279390 3.205273
155 0.279192 3.204052
156 0.278996 3.202841
157 0.278802 3.201640
158 0.278610 3.200448
159 0.278421 3.199266
160 0.278234 3.198093
161 0.278049 3.196930
162 0.277867 3.195776
163 0.277686 3.194631
164 0.277508 3.193496
165 0.277331 3.192370
166 0.277157 3.191252
167 0.276985 3.190144
168 0.276815 3.189045
169 0.276646 3.187954
170 0.276480 3.186873
171 0.276316 3.185800
172 0.276153 3.184735
173 0.275993 3.183679
174 0.275834 3.182632
175 0.275677 3.181593
176 0.275523 3.180563
177 0.275369 3.179541
178 0.275218 3.178526
179 0.275068 3.177521
180 0.274921 3.176523
181 0.274775 3.175533
182 0.274630 3.174551
183 0.274488 3.173577
184 0.274346 3.172611
185 0.274207 3.171653
186 0.274069 3.170702
187 0.273933 3.169760
188 0.273799 3.168824
189 0.273666 3.167896
190 0.273534 3.166976
191 0.273404 3.166063
192 0.273276 3.165157
193 0.273149 3.164259
194 0.273024 3.163368
195 0.272900 3.162484
196 0.272777 3.161607
197 0.272656 3.160737
198 0.272537 3.159875
199 0.272419 3.159019
200 0.272302 3.158170
201 0.272186 3.157328
202 0.272072 3.156492
203 0.271959 3.155664
204 0.271848 3.154842
205 0.271738 3.154027
206 0.271629 3.153218
207 0.271521 3.152415
208 0.271415 3.151620
209 0.271310 3.150830
210 0.271206 3.150047
211 0.271103 3.149270
212 0.271002 3.148500
213 0.270902 3.147735
214 0.270803 3.146977
215 0.270705 3.146225
216 0.270608 3.145479
217 0.270512 3.144739
218 0.270418 3.144005
219 0.270324 3.143277
220 0.270232 3.142554
221 0.270141 3.141838
222 0.270050 3.141127
223 0.269961 3.140422
224 0.269873 3.139723
225 0.269786 3.139029
226 0.269700 3.138341
227 0.269615 3.137658
228 0.269531 3.136981
229 0.269448 3.136309
230 0.269366 3.135643
231 0.269285 3.134982
232 0.269204 3.134327
233 0.269125 3.133676
234 0.269047 3.133031
235 0.268969 3.132391
236 0.268893 3.131757
237 0.268817 3.131127
238 0.268743 3.130502
239 0.268669 3.129883
240 0.268596 3.129268
241 0.268524 3.128659
242 0.268452 3.128054
243 0.268382 3.127454
244 0.268312 3.126859
245 0.268243 3.126269
246 0.268175 3.125683
247 0.268108 3.125102
248 0.268042 3.124526
249 0.267976 3.123955
250 0.267911 3.123388
251 0.267847 3.122825
252 0.267784 3.122268
253 0.267721 3.121714
254 0.267659 3.121165
255 0.267598 3.120621
256 0.267538 3.120081
257 0.267478 3.119545
258 0.267419 3.119014
259 0.267360 3.118487
260 0.267303 3.117964
261 0.267246 3.117445
262 0.267189 3.116930
263 0.267134 3.116420
264 0.267079 3.115914
265 0.267024 3.115411
266 0.266971 3.114913
267 0.266917 3.114419
268 0.266865 3.113929
269 0.266813 3.113443
270 0.266762 3.112960
271 0.266711 3.112482
272 0.266661 3.112007
273 0.266611 3.111536
274 0.266562 3.111069
275 0.266514 3.110606
276 0.266466 3.110147
277 0.266419 3.109691
278 0.266372 3.109239
279 0.266326 3.108790
280 0.266281 3.108345
281 0.266236 3.107904
282 0.266191 3.107466
283 0.266147 3.107032
284 0.266104 3.106601
285 0.266061 3.106174
286 0.266018 3.105750
287 0.265976 3.105329
288 0.265935 3.104912
289 0.265894 3.104499
290 0.265853 3.104088
291 0.265813 3.103681
292 0.265773 3.103277
293 0.265734 3.102877
294 0.265696 3.102479
295 0.265657 3.102085
296 0.265620 3.101694
297 0.265582 3.101306
298 0.265545 3.100922
299 0.265509 3.100540
300 0.265473 3.100161
301 0.265437 3.099786
302 0.265402 3.099413
303 0.265367 3.099044
304 0.265333 3.098677
305 0.265299 3.098314
306 0.265265 3.097953
307 0.265232 3.097595
308 0.265199 3.097241
309 0.265167 3.096889
310 0.265135 3.096539
311 0.265103 3.096193
312 0.265072 3.095849
313 0.265041 3.095509
314 0.265011 3.095171
315 0.264980 3.094835
316 0.264950 3.094502
317 0.264921 3.094172
318 0.264892 3.093845
319 0.264863 3.093520
320 0.264835 3.093198
321 0.264806 3.092879
322 0.264779 3.092562
323 0.264751 3.092248
324 0.264724 3.091936
325 0.264697 3.091626
326 0.264671 3.091319
327 0.264644 3.091015
328 0.264618 3.090713
329 0.264593 3.090414
330 0.264567 3.090117
331 0.264542 3.089822
332 0.264518 3.089530
333 0.264493 3.089240
334 0.264469 3.088952
335 0.264445 3.088667
336 0.264422 3.088383
337 0.264398 3.088103
338 0.264375 3.087824
339 0.264352 3.087548
340 0.264330 3.087274
341 0.264308 3.087002
342 0.264286 3.086732
343 0.264264 3.086465
344 0.264242 3.086200
345 0.264221 3.085936
346 0.264200 3.085675
347 0.264180 3.085416
348 0.264159 3.085159
349 0.264139 3.084905
350 0.264119 3.084652
351 0.264099 3.084401
352 0.264079 3.084152
353 0.264060 3.083906
354 0.264041 3.083661
355 0.264022 3.083418
356 0.264004 3.083177
357 0.263985 3.082938
358 0.263967 3.082701
359 0.263949 3.082466
360 0.263931 3.082233
361 0.263914 3.082002
362 0.263896 3.081772
363 0.263879 3.081545
364 0.263862 3.081319
365 0.263845 3.081095
366 0.263829 3.080873
367 0.263812 3.080653
368 0.263796 3.080434
369 0.263780 3.080217
370 0.263764 3.080002
371 0.263749 3.079789
372 0.263733 3.079577
373 0.263718 3.079367
374 0.263703 3.079159
375 0.263688 3.078952
376 0.263673 3.078747
377 0.263659 3.078544
378 0.263644 3.078342
379 0.263630 3.078142
380 0.263616 3.077944
381 0.263602 3.077747
382 0.263588 3.077552
383 0.263575 3.077358
384 0.263561 3.077166
385 0.263548 3.076976
386 0.263535 3.076787
387 0.263522 3.076599
388 0.263509 3.076413
389 0.263497 3.076229
390 0.263484 3.076046
391 0.263472 3.075864
392 0.263459 3.075684
393 0.263447 3.075506
394 0.263435 3.075328
395 0.263424 3.075153
396 0.263412 3.074978
397 0.263400 3.074805
398 0.263389 3.074634
399 0.263378 3.074464
400 0.263367 3.074295
401 0.263356 3.074127
402 0.263345 3.073961
403 0.263334 3.073797
404 0.263324 3.073633
405 0.263313 3.073471
406 0.263303 3.073310
407 0.263293 3.073151
408 0.263282 3.072992
409 0.263272 3.072835
410 0.263263 3.072680
411 0.263253 3.072525
412 0.263243 3.072372
413 0.263234 3.072220
414 0.263224 3.072069
415 0.263215 3.071920
416 0.263206 3.071771
417 0.263197 3.071624
418 0.263188 3.071478
419 0.263179 3.071334
420 0.263170 3.071190
421 0.263161 3.071047
422 0.263153 3.070906
423 0.263144 3.070766
424 0.263136 3.070627
425 0.263127 3.070489
426 0.263119 3.070352
427 0.263111 3.070216
428 0.263103 3.070082
429 0.263095 3.069948
430 0.263087 3.069816
431 0.263080 3.069684
432 0.263072 3.069554
433 0.263065 3.069425
434 0.263057 3.069296
435 0.263050 3.069169
436 0.263042 3.069043
437 0.263035 3.068918
438 0.263028 3.068794
439 0.263021 3.068670
440 0.263014 3.068548
441 0.263007 3.068427
442 0.263001 3.068307
443 0.262994 3.068187
444 0.262987 3.068069
445 0.262981 3.067952
446 0.262974 3.067835
447 0.262968 3.067720
448 0.262962 3.067605
449 0.262955 3.067492
450 0.262949 3.067379
451 0.262943 3.067267
452 0.262937 3.067156
453 0.262931 3.067046
454 0.262925 3.066937
455 0.262919 3.066829
456 0.262914 3.066721
457 0.262908 3.066615
458 0.262902 3.066509
459 0.262897 3.066404
460 0.262891 3.066300
461 0.262886 3.066197
462 0.262880 3.066095
463 0.262875 3.065993
464 0.262870 3.065893
465 0.262865 3.065793
466 0.262860 3.065694
467 0.262855 3.065596
468 0.262850 3.065498
469 0.262845 3.065401
470 0.262840 3.065306
471 0.262835 3.065210
472 0.262830 3.065116
473 0.262825 3.065022
474 0.262821 3.064930
475 0.262816 3.064837
476 0.262812 3.064746
477 0.262807 3.064655
478 0.262803 3.064566
479 0.262798 3.064476
480 0.262794 3.064388
481 0.262790 3.064300
482 0.262785 3.064213
483 0.262781 3.064127
484 0.262777 3.064041
485 0.262773 3.063956
486 0.262769 3.063872
487 0.262765 3.063788
488 0.262761 3.063705
489 0.262757 3.063623
490 0.262753 3.063541
491 0.262749 3.063461
492 0.262746 3.063380
493 0.262742 3.063301
494 0.262738 3.063222
495 0.262735 3.063143
496 0.262731 3.063065
497 0.262728 3.062988
498 0.262724 3.062912
499 0.262721 3.062836
500 0.262717 3.062761
