0 0.861489 8.240000
1 0.858396 8.229429
2 0.855362 8.218996
3 0.852386 8.208699
4 0.849466 8.198538
5 0.846602 8.188509
6 0.843792 8.178611
7 0.841035 8.168842
8 0.838331 8.159202
9 0.835678 8.149687
10 0.833075 8.140297
11 0.830522 8.131029
12 0.828017 8.121883
13 0.825560 8.112856
14 0.823149 8.103948
15 0.820785 8.095156
16 0.818465 8.086478
17 0.816189 8.077915
18 0.813956 8.069463
19 0.811766 8.061122
20 0.809618 8.052890
21 0.807510 8.044765
22 0.805442 8.036747
23 0.803413 8.028833
24 0.801423 8.021024
25 0.799471 8.013316
26 0.797556 8.005709
27 0.795677 7.998201
28 0.793834 7.990792
29 0.792026 7.983479
30 0.790252 7.976262
31 0.788512 7.969140
32 0.786805 7.962110
33 0.785130 7.955173
34 0.783487 7.948326
35 0.781876 7.941569
36 0.780295 7.934900
37 0.778744 7.928318
38 0.777222 7.921823
39 0.775729 7.915412
40 0.774265 7.909085
41 0.772828 7.902841
42 0.771419 7.896679
43 0.770037 7.890597
44 0.768680 7.884595
45 0.767350 7.878671
46 0.766044 7.872824
47 0.764764 7.867054
48 0.763508 7.861360
49 0.762275 7.855740
50 0.761067 7.850193
51 0.759881 7.844719
52 0.758717 7.839317
53 0.757576 7.833985
54 0.756456 7.828723
55 0.755358 7.823530
56 0.754280 7.818404
57 0.753223 7.813346
58 0.752186 7.808354
59 0.751169 7.803427
60 0.750171 7.798564
61 0.749191 7.793765
62 0.748231 7.789029
63 0.747289 7.784355
64 0.746364 7.779742
65 0.745458 7.775189
66 0.744568 7.770696
67 0.743695 7.766261
68 0.742839 7.761885
69 0.741999 7.757565
70 0.741175 7.753303
71 0.740367 7.749096
72 0.739574 7.744943
73 0.738796 7.740846
74 0.738033 7.736801
75 0.737284 7.732810
76 0.736550 7.728871
77 0.735830 7.724983
78 0.735123 7.721147
79 0.734429 7.717360
80 0.733749 7.713623
81 0.733082 7.709935
82 0.732427 7.706295
83 0.731785 7.702702
84 0.731155 7.699157
85 0.730537 7.695658
86 0.729931 7.692205
87 0.729336 7.688796
88 0.728753 7.685433
89 0.728180 7.682113
90 0.727619 7.678837
91 0.727068 7.675604
92 0.726527 7.672413
93 0.725997 7.669263
94 0.725477 7.666155
95 0.724967 7.663087
96 0.724466 7.660060
97 0.723975 7.657072
98 0.723494 7.654123
99 0.723021 7.651213
100 0.722557 7.648341
101 0.722103 7.645506
102 0.721656 7.642709
103 0.721219 7.639948
104 0.720789 7.637223
105 0.720368 7.634534
106 0.719955 7.631880
107 0.719550 7.629261
108 0.719152 7.626675
109 0.718762 7.624124
110 0.718379 7.621606
111 0.718004 7.619121
112 0.717635 7.616669
113 0.717274 7.614248
114 0.716920 7.611859
115 0.716572 7.609502
116 0.716231 7.607175
117 0.715896 7.604879
118 0.715568 7.602613
119 0.715246 7.600376
120 0.714930 7.598169
121 0.714620 7.595990
122 0.714316 7.593840
123 0.714017 7.591718
124 0.713725 7.589624
125 0.713438 7.587557
126 0.713156 7.585517
127 0.712880 7.583504
128 0.712609 7.581517
129 0.712343 7.579557
130 0.712082 7.577621
131 0.711826 7.575711
132 0.711575 7.573827
133 0.711329 7.571966
134 0.711087 7.570130
135 0.710850 7.568319
136 0.710618 7.566530
137 0.710390 7.564765
138 0.710166 7.563024
139 0.709946 7.561305
140 0.709731 7.559608
141 0.709520 7.557934
142 0.709313 7.556281
143 0.709109 7.554651
144 0.708910 7.553041
145 0.708714 7.551453
146 0.708522 7.549885
147 0.708334 7.548338
148 0.708149 7.546811
149 0.707968 7.545304
150 0.707790 7.543817
151 0.707616 7.542349
152 0.707445 7.540900
153 0.707277 7.539471
154 0.707112 7.538060
155 0.706951 7.536667
156 0.706792 7.535293
157 0.706637 7.533936
158 0.706484 7.532598
159 0.706335 7.531276
160 0.706188 7.529973
161 0.706044 7.528686
162 0.705903 7.527416
163 0.705764 7.526162
164 0.705628 7.524926
165 0.705495 7.523705
166 0.705364 7.522500
167 0.705236 7.521311
168 0.705110 7.520137
169 0.704986 7.518979
170 0.704865 7.517836
171 0.704746 7.516708
172 0.704630 7.515595
173 0.704515 7.514496
174 0.704403 7.513411
175 0.704293 7.512341
176 0.704185 7.511285
177 0.704079 7.510242
178 0.703975 7.509214
179 0.703873 7.508198
180 0.703773 7.507196
181 0.703675 7.506207
182 0.703579 7.505231
183 0.703484 7.504268
184 0.703392 7.503317
185 0.703301 7.502379
186 0.703212 7.501453
187 0.703124 7.500539
188 0.703038 7.499637
189 0.702954 7.498747
190 0.702872 7.497868
191 0.702791 7.497001
192 0.702711 7.496146
193 0.702633 7.495301
194 0.702557 7.494468
195 0.702482 7.493645
196 0.702408 7.492834
197 0.702336 7.492032
198 0.702265 7.491242
199 0.702196 7.490461
200 0.702127 7.489691
201 0.702061 7.488931
202 0.701995 7.488181
203 0.701931 7.487441
204 0.701868 7.486710
205 0.701806 7.485989
206 0.701745 7.485277
207 0.701685 7.484575
208 0.701627 7.483882
209 0.701569 7.483198
210 0.701513 7.482522
211 0.701458 7.481856
212 0.701404 7.481198
213 0.701351 7.480549
214 0.701298 7.479909
215 0.701247 7.479277
216 0.701197 7.478653
217 0.701148 7.478037
218 0.701100 7.477429
219 0.701052 7.476830
220 0.701006 7.476238
221 0.700960 7.475654
222 0.700916 7.475077
223 0.700872 7.474508
224 0.700829 7.473946
225 0.700786 7.473392
226 0.700745 7.472845
227 0.700704 7.472305
228 0.700665 7.471773
229 0.700625 7.471247
230 0.700587 7.470728
231 0.700549 7.470216
232 0.700513 7.469711
233 0.700476 7.469212
234 0.700441 7.468719
235 0.700406 7.468234
236 0.700372 7.467754
237 0.700338 7.467281
238 0.700305 7.466814
239 0.700273 7.466353
240 0.700241 7.465898
241 0.700210 7.465449
242 0.700180 7.465006
243 0.700150 7.464569
244 0.700121 7.464137
245 0.700092 7.463711
246 0.700064 7.463291
247 0.700036 7.462876
248 0.700009 7.462466
249 0.699982 7.462062
250 0.699956 7.461664
251 0.699930 7.461270
252 0.699905 7.460882
253 0.699880 7.460498
254 0.699856 7.460120
255 0.699833 7.459746
256 0.699809 7.459378
257 0.699786 7.459014
258 0.699764 7.458655
259 0.699742 7.458301
260 0.699720 7.457951
261 0.699699 7.457606
262 0.699678 7.457266
263 0.699658 7.456930
264 0.699638 7.456598
265 0.699618 7.456271
266 0.699599 7.455948
267 0.699580 7.455629
268 0.699562 7.455314
269 0.699544 7.455003
270 0.699526 7.454697
271 0.699508 7.454394
272 0.699491 7.454096
273 0.699474 7.453801
274 0.699458 7.453511
275 0.699442 7.453224
276 0.699426 7.452940
277 0.699410 7.452661
278 0.699395 7.452385
279 0.699380 7.452113
280 0.699365 7.451844
281 0.699351 7.451579
282 0.699337 7.451317
283 0.699323 7.451059
284 0.699309 7.450804
285 0.699296 7.450552
286 0.699283 7.450304
287 0.699270 7.450059
288 0.699257 7.449817
289 0.699245 7.449578
290 0.699233 7.449343
291 0.699221 7.449110
292 0.699209 7.448881
293 0.699198 7.448654
294 0.699186 7.448431
295 0.699175 7.448210
296 0.699165 7.447993
297 0.699154 7.447778
298 0.699144 7.447566
299 0.699133 7.447357
300 0.699123 7.447150
301 0.699113 7.446946
302 0.699104 7.446745
303 0.699094 7.446547
304 0.699085 7.446351
305 0.699076 7.446157
306 0.699067 7.445967
307 0.699058 7.445778
308 0.699050 7.445592
309 0.699041 7.445409
310 0.699033 7.445228
311 0.699025 7.445049
312 0.699017 7.444873
313 0.699009 7.444699
314 0.699001 7.444527
315 0.698994 7.444358
316 0.698986 7.444190
317 0.698979 7.444025
318 0.698972 7.443862
319 0.698965 7.443701
320 0.698958 7.443543
321 0.698952 7.443386
322 0.698945 7.443231
323 0.698939 7.443079
324 0.698932 7.442928
325 0.698926 7.442780
326 0.698920 7.442633
327 0.698914 7.442488
328 0.698908 7.442345
329 0.698902 7.442204
330 0.698897 7.442065
331 0.698891 7.441928
332 0.698886 7.441792
333 0.698880 7.441659
334 0.698875 7.441527
335 0.698870 7.441396
336 0.698865 7.441268
337 0.698860 7.441141
338 0.698855 7.441016
339 0.698851 7.440892
340 0.698846 7.440770
341 0.698841 7.440650
342 0.698837 7.440531
343 0.698832 7.440414
344 0.698828 7.440298
345 0.698824 7.440184
346 0.698820 7.440071
347 0.698816 7.439960
348 0.698812 7.439850
349 0.698808 7.439742
350 0.698804 7.439635
351 0.698800 7.439529
352 0.698796 7.439425
353 0.698793 7.439322
354 0.698789 7.439221
355 0.698786 7.439121
356 0.698782 7.439022
357 0.698779 7.438924
358 0.698776 7.438828
359 0.698772 7.438733
360 0.698769 7.438639
361 0.698766 7.438547
362 0.698763 7.438455
363 0.698760 7.438365
364 0.698757 7.438276
365 0.698754 7.438189
366 0.698751 7.438102
367 0.698749 7.438016
368 0.698746 7.437932
369 0.698743 7.437849
370 0.698741 7.437767
371 0.698738 7.437685
372 0.698736 7.437605
373 0.698733 7.437526
374 0.698731 7.437448
375 0.698728 7.437372
376 0.698726 7.437296
377 0.698724 7.437221
378 0.698721 7.437147
379 0.698719 7.437074
380 0.698717 7.437002
381 0.698715 7.436930
382 0.698713 7.436860
383 0.698711 7.436791
384 0.698709 7.436723
385 0.698707 7.436655
386 0.698705 7.436589
387 0.698703 7.436523
388 0.698701 7.436458
389 0.698699 7.436394
390 0.698698 7.436331
391 0.698696 7.436269
392 0.698694 7.436207
393 0.698692 7.436146
394 0.698691 7.436086
395 0.698689 7.436027
396 0.698688 7.435969
397 0.698686 7.435911
398 0.698684 7.435854
399 0.698683 7.435798
400 0.698681 7.435743
401 0.698680 7.435688
402 0.698679 7.435634
403 0.698677 7.435581
404 0.698676 7.435529
405 0.698675 7.435477
406 0.698673 7.435426
407 0.698672 7.435375
408 0.698671 7.435325
409 0.698669 7.435276
410 0.698668 7.435228
411 0.698667 7.435180
412 0.698666 7.435132
413 0.698665 7.435086
414 0.698664 7.435040
415 0.698662 7.434994
416 0.698661 7.434949
417 0.698660 7.434905
418 0.698659 7.434861
419 0.698658 7.434818
420 0.698657 7.434776
421 0.698656 7.434734
422 0.698655 7.434692
423 0.698654 7.434651
424 0.698653 7.434611
425 0.698652 7.434571
426 0.698652 7.434532
427 0.698651 7.434493
428 0.698650 7.434455
429 0.698649 7.434417
430 0.698648 7.434379
431 0.698647 7.434343
432 0.698647 7.434306
433 0.698646 7.434270
434 0.698645 7.434235
435 0.698644 7.434200
436 0.698644 7.434166
437 0.698643 7.434132
438 0.698642 7.434098
439 0.698641 7.434065
440 0.698641 7.434032
441 0.698640 7.434000
442 0.698639 7.433968
443 0.698639 7.433937
444 0.698638 7.433906
445 0.698637 7.433875
446 0.698637 7.433845
447 0.698636 7.433815
448 0.698636 7.433785
449 0.698635 7.433756
450 0.698635 7.433728
451 0.698634 7.433699
452 0.698633 7.433672
453 0.698633 7.433644
454 0.698632 7.433617
455 0.698632 7.433590
456 0.698631 7.433563
457 0.698631 7.433537
458 0.698630 7.433511
459 0.698630 7.433486
460 0.698629 7.433461
461 0.698629 7.433436
462 0.698629 7.433412
463 0.698628 7.433387
464 0.698628 7.433364
465 0.698627 7.433340
466 0.698627 7.433317
467 0.698626 7.433294
468 0.698626 7.433271
469 0.698626 7.433249
470 0.698625 7.433227
471 0.698625 7.433205
472 0.698624 7.433184
473 0.698624 7.433162
474 0.698624 7.433142
475 0.698623 7.433121
476 0.698623 7.433101
477 0.698623 7.433080
478 0.698622 7.433061
479 0.698622 7.433041
480 0.698622 7.433022
481 0.698621 7.433003
482 0.698621 7.432984
483 0.698621 7.432965
484 0.698621 7.432947
485 0.698620 7.432929
486 0.698620 7.432911
487 0.698620 7.432893
488 0.698619 7.432876
489 0.698619 7.432859
490 0.698619 7.432842
491 0.698619 7.432825
492 0.698618 7.432809
493 0.698618 7.432792
494 0.698618 7.432776
495 0.698618 7.432760
496 0.698617 7.432745
497 0.698617 7.432729
498 0.698617 7.432714
499 0.698617 7.432699
500 0.698617 7.432684
