0 0.184310 3.160000
1 0.183136 3.152784
2 0.182007 3.145761
3 0.180923 3.138926
4 0.179880 3.132274
5 0.178878 3.125801
6 0.177914 3.119501
7 0.176988 3.113370
8 0.176098 3.107403
9 0.175243 3.101597
10 0.174420 3.095945
11 0.173630 3.090445
12 0.172870 3.085093
13 0.172140 3.079884
14 0.171438 3.074814
15 0.170763 3.069881
16 0.170114 3.065079
17 0.169491 3.060407
18 0.168891 3.055859
19 0.168315 3.051433
20 0.167762 3.047126
21 0.167230 3.042934
22 0.166718 3.038855
23 0.166226 3.034885
24 0.165754 3.031021
25 0.165299 3.027261
26 0.164863 3.023602
27 0.164443 3.020041
28 0.164039 3.016575
29 0.163651 3.013202
30 0.163279 3.009919
31 0.162920 3.006724
32 0.162576 3.003615
33 0.162245 3.000589
34 0.161927 2.997645
35 0.161621 2.994779
36 0.161327 2.991990
37 0.161044 2.989276
38 0.160772 2.986634
39 0.160511 2.984064
40 0.160260 2.981562
41 0.160019 2.979127
42 0.159787 2.976757
43 0.159564 2.974451
44 0.159350 2.972207
45 0.159144 2.970023
46 0.158946 2.967897
47 0.158756 2.965829
48 0.158573 2.963815
49 0.158397 2.961856
50 0.158228 2.959949
51 0.158066 2.958094
52 0.157909 2.956288
53 0.157759 2.954530
54 0.157615 2.952820
55 0.157476 2.951155
56 0.157343 2.949535
57 0.157215 2.947958
58 0.157092 2.946424
59 0.156974 2.944931
60 0.156860 2.943478
61 0.156750 2.942063
62 0.156645 2.940687
63 0.156544 2.939347
64 0.156447 2.938044
65 0.156354 2.936775
66 0.156264 2.935540
67 0.156178 2.934339
68 0.156095 2.933169
69 0.156015 2.932031
70 0.155939 2.930924
71 0.155865 2.929846
72 0.155794 2.928797
73 0.155726 2.927776
74 0.155661 2.926782
75 0.155598 2.925815
76 0.155537 2.924874
77 0.155479 2.923958
78 0.155424 2.923067
79 0.155370 2.922200
80 0.155318 2.921356
81 0.155269 2.920534
82 0.155221 2.919735
83 0.155175 2.918957
84 0.155131 2.918199
85 0.155089 2.917462
86 0.155048 2.916745
87 0.155009 2.916047
88 0.154972 2.915368
89 0.154935 2.914707
90 0.154901 2.914064
91 0.154867 2.913437
92 0.154835 2.912828
93 0.154804 2.912235
94 0.154775 2.911658
95 0.154746 2.911096
96 0.154719 2.910550
97 0.154693 2.910018
98 0.154667 2.909500
99 0.154643 2.908996
100 0.154620 2.908506
101 0.154597 2.908029
102 0.154575 2.907564
103 0.154555 2.907112
104 0.154535 2.906673
105 0.154516 2.906244
106 0.154497 2.905828
107 0.154479 2.905422
108 0.154462 2.905028
109 0.154446 2.904644
110 0.154430 2.904270
111 0.154415 2.903907
112 0.154401 2.903553
113 0.154387 2.903208
114 0.154373 2.902873
115 0.154360 2.902547
116 0.154348 2.902229
117 0.154336 2.901920
118 0.154324 2.901619
119 0.154313 2.901327
120 0.154303 2.901042
121 0.154293 2.900765
122 0.154283 2.900495
123 0.154273 2.900232
124 0.154264 2.899977
125 0.154256 2.899728
126 0.154247 2.899486
127 0.154239 2.899251
128 0.154232 2.899022
129 0.154224 2.898799
130 0.154217 2.898582
131 0.154210 2.898370
132 0.154204 2.898165
133 0.154197 2.897965
134 0.154191 2.897770
135 0.154185 2.897580
136 0.154180 2.897396
137 0.154174 2.897216
138 0.154169 2.897042
139 0.154164 2.896872
140 0.154159 2.896706
141 0.154155 2.896545
142 0.154150 2.896389
143 0.154146 2.896236
144 0.154142 2.896088
145 0.154138 2.895943
146 0.154134 2.895803
147 0.154130 2.895666
148 0.154127 2.895533
149 0.154124 2.895403
150 0.154120 2.895277
151 0.154117 2.895154
152 0.154114 2.895035
153 0.154111 2.894919
154 0.154109 2.894806
155 0.154106 2.894696
156 0.154103 2.894589
157 0.154101 2.894484
158 0.154099 2.894383
159 0.154096 2.894284
160 0.154094 2.894188
161 0.154092 2.894094
162 0.154090 2.894003
163 0.154088 2.893915
164 0.154086 2.893829
165 0.154084 2.893745
166 0.154083 2.893663
167 0.154081 2.893584
168 0.154079 2.893506
169 0.154078 2.893431
170 0.154076 2.893358
171 0.154075 2.893287
172 0.154074 2.893217
173 0.154072 2.893150
174 0.154071 2.893084
175 0.154070 2.893020
176 0.154069 2.892958
177 0.154068 2.892897
178 0.154067 2.892838
179 0.154066 2.892781
180 0.154065 2.892725
181 0.154064 2.892671
182 0.154063 2.892618
183 0.154062 2.892566
184 0.154061 2.892516
185 0.154060 2.892468
186 0.154059 2.892420
187 0.154059 2.892374
188 0.154058 2.892329
189 0.154057 2.892285
190 0.154057 2.892243
191 0.154056 2.892202
192 0.154055 2.892161
193 0.154055 2.892122
194 0.154054 2.892084
195 0.154054 2.892047
196 0.154053 2.892011
197 0.154053 2.891975
198 0.154052 2.891941
199 0.154052 2.891908
200 0.154051 2.891875
201 0.154051 2.891844
202 0.154050 2.891813
203 0.154050 2.891783
204 0.154050 2.891754
205 0.154049 2.891726
206 0.154049 2.891698
207 0.154049 2.891672
208 0.154048 2.891645
209 0.154048 2.891620
210 0.154048 2.891595
211 0.154047 2.891571
212 0.154047 2.891548
213 0.154047 2.891525
214 0.154046 2.891503
215 0.154046 2.891481
216 0.154046 2.891460
217 0.154046 2.891440
218 0.154046 2.891420
219 0.154045 2.891401
220 0.154045 2.891382
221 0.154045 2.891364
222 0.154045 2.891346
223 0.154045 2.891328
224 0.154044 2.891311
225 0.154044 2.891295
226 0.154044 2.891279
227 0.154044 2.891263
228 0.154044 2.891248
229 0.154044 2.891234
230 0.154043 2.891219
231 0.154043 2.891205
232 0.154043 2.891192
233 0.154043 2.891178
234 0.154043 2.891165
235 0.154043 2.891153
236 0.154043 2.891141
237 0.154043 2.891129
238 0.154043 2.891117
239 0.154042 2.891106
240 0.154042 2.891095
241 0.154042 2.891084
242 0.154042 2.891074
243 0.154042 2.891064
244 0.154042 2.891054
245 0.154042 2.891045
246 0.154042 2.891035
247 0.154042 2.891026
248 0.154042 2.891018
249 0.154042 2.891009
250 0.154042 2.891001
251 0.154042 2.890993
252 0.154042 2.890985
253 0.154041 2.890977
254 0.154041 2.890969
255 0.154041 2.890962
256 0.154041 2.890955
257 0.154041 2.890948
258 0.154041 2.890941
259 0.154041 2.890935
260 0.154041 2.890929
261 0.154041 2.890922
262 0.154041 2.890916
263 0.154041 2.890911
264 0.154041 2.890905
265 0.154041 2.890899
266 0.154041 2.890894
267 0.154041 2.890889
268 0.154041 2.890884
269 0.154041 2.890879
270 0.154041 2.890874
271 0.154041 2.890869
272 0.154041 2.890864
273 0.154041 2.890860
274 0.154041 2.890856
275 0.154041 2.890851
276 0.154041 2.890847
277 0.154041 2.890843
278 0.154041 2.890839
279 0.154041 2.890836
280 0.154041 2.890832
281 0.154041 2.890828
282 0.154041 2.890825
283 0.154041 2.890821
284 0.154041 2.890818
285 0.154040 2.890815
286 0.154040 2.890812
287 0.154040 2.890809
288 0.154040 2.890806
289 0.154040 2.890803
290 0.154040 2.890800
291 0.154040 2.890797
292 0.154040 2.890795
293 0.154040 2.890792
294 0.154040 2.890789
295 0.154040 2.890787
296 0.154040 2.890785
297 0.154040 2.890782
298 0.154040 2.890780
299 0.154040 2.890778
300 0.154040 2.890776
301 0.154040 2.890774
302 0.154040 2.890772
303 0.154040 2.890770
304 0.154040 2.890768
305 0.154040 2.890766
306 0.154040 2.890764
307 0.154040 2.890762
308 0.154040 2.890760
309 0.154040 2.890759
310 0.154040 2.890757
311 0.154040 2.890756
312 0.154040 2.890754
313 0.154040 2.890753
314 0.154040 2.890751
315 0.154040 2.890750
316 0.154040 2.890748
317 0.154040 2.890747
318 0.154040 2.890746
319 0.154040 2.890744
320 0.154040 2.890743
321 0.154040 2.890742
322 0.154040 2.890741
323 0.154040 2.890740
324 0.154040 2.890738
325 0.154040 2.890737
326 0.154040 2.890736
327 0.154040 2.890735
328 0.154040 2.890734
329 0.154040 2.890733
330 0.154040 2.890732
331 0.154040 2.890731
332 0.154040 2.890730
333 0.154040 2.890730
334 0.154040 2.890729
335 0.154040 2.890728
336 0.154040 2.890727
337 0.154040 2.890726
338 0.154040 2.890726
339 0.154040 2.890725
340 0.154040 2.890724
341 0.154040 2.890723
342 0.154040 2.890723
343 0.154040 2.890722
344 0.154040 2.890721
345 0.154040 2.890721
346 0.154040 2.890720
347 0.154040 2.890720
348 0.154040 2.890719
349 0.154040 2.890718
350 0.154040 2.890718
351 0.154040 2.890717
352 0.154040 2.890717
353 0.154040 2.890716
354 0.154040 2.890716
355 0.154040 2.890715
356 0.154040 2.890715
357 0.154040 2.890714
358 0.154040 2.890714
359 0.154040 2.890714
360 0.154040 2.890713
361 0.154040 2.890713
362 0.154040 2.890712
363 0.154040 2.890712
364 0.154040 2.890712
365 0.154040 2.890711
366 0.154040 2.890711
367 0.154040 2.890710
368 0.154040 2.890710
369 0.154040 2.890710
370 0.154040 2.890709
371 0.154040 2.890709
372 0.154040 2.890709
373 0.154040 2.890709
374 0.154040 2.890708
375 0.154040 2.890708
376 0.154040 2.890708
377 0.154040 2.890707
378 0.154040 2.890707
379 0.154040 2.890707
380 0.154040 2.890707
381 0.154040 2.890706
382 0.154040 2.890706
383 0.154040 2.890706
384 0.154040 2.890706
385 0.154040 2.890706
386 0.154040 2.890705
387 0.154040 2.890705
388 0.154040 2.890705
389 0.154040 2.890705
390 0.154040 2.890705
391 0.154040 2.890704
392 0.154040 2.890704
393 0.154040 2.890704
394 0.154040 2.890704
395 0.154040 2.890704
396 0.154040 2.890704
397 0.154040 2.890703
398 0.154040 2.890703
399 0.154040 2.890703
400 0.154040 2.890703
401 0.154040 2.890703
402 0.154040 2.890703
403 0.154040 2.890703
404 0.154040 2.890702
405 0.154040 2.890702
406 0.154040 2.890702
407 0.154040 2.890702
408 0.154040 2.890702
409 0.154040 2.890702
410 0.154040 2.890702
411 0.154040 2.890702
412 0.154040 2.890702
413 0.154040 2.890701
414 0.154040 2.890701
415 0.154040 2.890701
416 0.154040 2.890701
417 0.154040 2.890701
418 0.154040 2.890701
419 0.154040 2.890701
420 0.154040 2.890701
421 0.154040 2.890701
422 0.154040 2.890701
423 0.154040 2.890701
424 0.154040 2.890701
425 0.154040 2.890700
426 0.154040 2.890700
427 0.154040 2.890700
428 0.154040 2.890700
429 0.154040 2.890700
430 0.154040 2.890700
431 0.154040 2.890700
432 0.154040 2.890700
433 0.154040 2.890700
434 0.154040 2.890700
435 0.154040 2.890700
436 0.154040 2.890700
437 0.154040 2.890700
438 0.154040 2.890700
439 0.154040 2.890700
440 0.154040 2.890700
441 0.154040 2.890700
442 0.154040 2.890699
443 0.154040 2.890699
444 0.154040 2.890699
445 0.154040 2.890699
446 0.154040 2.890699
447 0.154040 2.890699
448 0.154040 2.890699
449 0.154040 2.890699
450 0.154040 2.890699
451 0.154040 2.890699
452 0.154040 2.890699
453 0.154040 2.890699
454 0.154040 2.890699
455 0.154040 2.890699
456 0.154040 2.890699
457 0.154040 2.890699
458 0.154040 2.890699
459 0.154040 2.890699
460 0.154040 2.890699
461 0.154040 2.890699
462 0.154040 2.890699
463 0.154040 2.890699
464 0.154040 2.890699
465 0.154040 2.890699
466 0.154040 2.890699
467 0.154040 2.890699
468 0.154040 2.890699
469 0.154040 2.890699
470 0.154040 2.890699
471 0.154040 2.890699
472 0.154040 2.890699
473 0.154040 2.890699
474 0.154040 2.890699
475 0.154040 2.890698
476 0.154040 2.890698
477 0.154040 2.890698
478 0.154040 2.890698
479 0.154040 2.890698
480 0.154040 2.890698
481 0.154040 2.890698
482 0.154040 2.890698
483 0.154040 2.890698
484 0.154040 2.890698
485 0.154040 2.890698
486 0.154040 2.890698
487 0.154040 2.890698
488 0.154040 2.890698
489 0.154040 2.890698
490 0.154040 2.890698
491 0.154040 2.890698
492 0.154040 2.890698
493 0.154040 2.890698
494 0.154040 2.890698
495 0.154040 2.890698
496 0.154040 2.890698
497 0.154040 2.890698
498 0.154040 2.890698
499 0.154040 2.890698
500 0.154040 2.890698
