0 0.817089 9.270000
1 0.814654 9.260126
2 0.812265 9.250383
3 0.809922 9.240768
4 0.807624 9.231280
5 0.805370 9.221916
6 0.803159 9.212677
7 0.800991 9.203559
8 0.798864 9.194562
9 0.796777 9.185683
10 0.794731 9.176921
11 0.792724 9.168275
12 0.790755 9.159743
13 0.788824 9.151323
14 0.786930 9.143015
15 0.785072 9.134816
16 0.783250 9.126725
17 0.781463 9.118741
18 0.779710 9.110862
19 0.777990 9.103087
20 0.776304 9.095414
21 0.774649 9.087843
22 0.773027 9.080372
23 0.771435 9.072999
24 0.769874 9.065723
25 0.768343 9.058544
26 0.766841 9.051459
27 0.765368 9.044467
28 0.763923 9.037568
29 0.762506 9.030760
30 0.761116 9.024041
31 0.759753 9.017411
32 0.758415 9.010869
33 0.757104 9.004413
34 0.755817 8.998041
35 0.754555 8.991754
36 0.753317 8.985550
37 0.752103 8.979428
38 0.750912 8.973387
39 0.749744 8.967425
40 0.748599 8.961541
41 0.747475 8.955736
42 0.746373 8.950007
43 0.745292 8.944353
44 0.744231 8.938774
45 0.743191 8.933269
46 0.742171 8.927836
47 0.741170 8.922475
48 0.740189 8.917185
49 0.739226 8.911964
50 0.738282 8.906812
51 0.737356 8.901728
52 0.736447 8.896711
53 0.735556 8.891761
54 0.734682 8.886876
55 0.733825 8.882055
56 0.732984 8.877297
57 0.732160 8.872603
58 0.731351 8.867970
59 0.730557 8.863398
60 0.729779 8.858887
61 0.729016 8.854435
62 0.728267 8.850042
63 0.727533 8.845707
64 0.726812 8.841429
65 0.726106 8.837208
66 0.725413 8.833042
67 0.724733 8.828931
68 0.724066 8.824874
69 0.723413 8.820871
70 0.722771 8.816920
71 0.722142 8.813022
72 0.721525 8.809175
73 0.720920 8.805379
74 0.720326 8.801633
75 0.719744 8.797936
76 0.719173 8.794288
77 0.718612 8.790689
78 0.718063 8.787136
79 0.717524 8.783631
80 0.716995 8.780171
81 0.716477 8.776758
82 0.715968 8.773389
83 0.715469 8.770065
84 0.714980 8.766785
85 0.714500 8.763547
86 0.714029 8.760353
87 0.713568 8.757201
88 0.713115 8.754090
89 0.712671 8.751020
90 0.712235 8.747991
91 0.711807 8.745002
92 0.711388 8.742052
93 0.710977 8.739141
94 0.710574 8.736269
95 0.710178 8.733434
96 0.709790 8.730637
97 0.709410 8.727876
98 0.709037 8.725152
99 0.708670 8.722464
100 0.708311 8.719812
101 0.707959 8.717194
102 0.707614 8.714611
103 0.707275 8.712062
104 0.706942 8.709547
105 0.706616 8.707065
106 0.706297 8.704615
107 0.705983 8.702198
108 0.705675 8.699813
109 0.705374 8.697459
110 0.705078 8.695136
111 0.704787 8.692844
112 0.704503 8.690582
113 0.704223 8.688350
114 0.703949 8.686147
115 0.703681 8.683973
116 0.703417 8.681829
117 0.703159 8.679712
118 0.702905 8.677623
119 0.702656 8.675562
120 0.702413 8.673528
121 0.702173 8.671521
122 0.701939 8.669540
123 0.701708 8.667585
124 0.701483 8.665657
125 0.701261 8.663753
126 0.701044 8.661875
127 0.700831 8.660021
128 0.700622 8.658192
129 0.700417 8.656387
130 0.700216 8.654606
131 0.700019 8.652849
132 0.699825 8.651114
133 0.699636 8.649403
134 0.699450 8.647714
135 0.699267 8.646047
136 0.699088 8.644402
137 0.698912 8.642779
138 0.698740 8.641177
139 0.698571 8.639597
140 0.698406 8.638037
141 0.698243 8.636498
142 0.698084 8.634979
143 0.697927 8.633480
144 0.697774 8.632001
145 0.697623 8.630542
146 0.697476 8.629102
147 0.697331 8.627680
148 0.697189 8.626278
149 0.697050 8.624894
150 0.696913 8.623528
151 0.696779 8.622180
152 0.696648 8.620850
153 0.696519 8.619538
154 0.696393 8.618243
155 0.696269 8.616965
156 0.696147 8.615703
157 0.696028 8.614459
158 0.695911 8.613231
159 0.695796 8.612019
160 0.695684 8.610823
161 0.695573 8.609643
162 0.695465 8.608478
163 0.695359 8.607329
164 0.695255 8.606195
165 0.695152 8.605075
166 0.695052 8.603971
167 0.694954 8.602881
168 0.694857 8.601806
169 0.694763 8.600744
170 0.694670 8.599697
171 0.694579 8.598664
172 0.694490 8.597644
173 0.694402 8.596637
174 0.694316 8.595644
175 0.694232 8.594664
176 0.694150 8.593697
177 0.694069 8.592743
178 0.693989 8.591801
179 0.693911 8.590872
180 0.693835 8.589955
181 0.693760 8.589050
182 0.693686 8.588157
183 0.693614 8.587275
184 0.693543 8.586406
185 0.693474 8.585548
186 0.693406 8.584701
187 0.693339 8.583865
188 0.693273 8.583040
189 0.693209 8.582227
190 0.693146 8.581423
191 0.693084 8.580631
192 0.693024 8.579849
193 0.692964 8.579077
194 0.692906 8.578316
195 0.692849 8.577564
196 0.692793 8.576823
197 0.692738 8.576091
198 0.692684 8.575369
199 0.692631 8.574656
200 0.692579 8.573953
201 0.692528 8.573259
202 0.692478 8.572574
203 0.692429 8.571898
204 0.692381 8.571232
205 0.692334 8.570574
206 0.692287 8.569924
207 0.692242 8.569283
208 0.692198 8.568651
209 0.692154 8.568027
210 0.692111 8.567411
211 0.692069 8.566803
212 0.692028 8.566204
213 0.691987 8.565612
214 0.691948 8.565028
215 0.691909 8.564452
216 0.691871 8.563883
217 0.691834 8.563322
218 0.691797 8.562768
219 0.691761 8.562222
220 0.691726 8.561683
221 0.691691 8.561151
222 0.691657 8.560625
223 0.691624 8.560107
224 0.691591 8.559596
225 0.691559 8.559091
226 0.691528 8.558593
227 0.691497 8.558102
228 0.691467 8.557617
229 0.691437 8.557139
230 0.691408 8.556666
231 0.691379 8.556200
232 0.691351 8.555741
233 0.691324 8.555287
234 0.691297 8.554839
235 0.691271 8.554397
236 0.691245 8.553961
237 0.691219 8.553531
238 0.691194 8.553106
239 0.691170 8.552687
240 0.691146 8.552274
241 0.691123 8.551866
242 0.691099 8.551463
243 0.691077 8.551066
244 0.691055 8.550674
245 0.691033 8.550287
246 0.691012 8.549905
247 0.690991 8.549528
248 0.690970 8.549156
249 0.690950 8.548789
250 0.690930 8.548427
251 0.690911 8.548070
252 0.690892 8.547717
253 0.690873 8.547370
254 0.690855 8.547026
255 0.690837 8.546687
256 0.690819 8.546353
257 0.690802 8.546023
258 0.690785 8.545697
259 0.690769 8.545376
260 0.690752 8.545059
261 0.690736 8.544746
262 0.690721 8.544437
263 0.690705 8.544133
264 0.690690 8.543832
265 0.690676 8.543535
266 0.690661 8.543243
267 0.690647 8.542954
268 0.690633 8.542669
269 0.690619 8.542387
270 0.690606 8.542110
271 0.690593 8.541836
272 0.690580 8.541565
273 0.690567 8.541298
274 0.690555 8.541035
275 0.690542 8.540775
276 0.690531 8.540519
277 0.690519 8.540266
278 0.690507 8.540016
279 0.690496 8.539770
280 0.690485 8.539527
281 0.690474 8.539287
282 0.690463 8.539050
283 0.690453 8.538817
284 0.690443 8.538586
285 0.690433 8.538358
286 0.690423 8.538134
287 0.690413 8.537912
288 0.690404 8.537694
289 0.690395 8.537478
290 0.690385 8.537265
291 0.690376 8.537055
292 0.690368 8.536848
293 0.690359 8.536643
294 0.690351 8.536441
295 0.690342 8.536242
296 0.690334 8.536045
297 0.690326 8.535851
298 0.690318 8.535660
299 0.690311 8.535471
300 0.690303 8.535285
301 0.690296 8.535101
302 0.690289 8.534919
303 0.690282 8.534740
304 0.690275 8.534563
305 0.690268 8.534389
306 0.690261 8.534217
307 0.690255 8.534047
308 0.690248 8.533879
309 0.690242 8.533714
310 0.690236 8.533550
311 0.690230 8.533389
312 0.690224 8.533230
313 0.690218 8.533073
314 0.690212 8.532919
315 0.690206 8.532766
316 0.690201 8.532615
317 0.690196 8.532466
318 0.690190 8.532320
319 0.690185 8.532175
320 0.690180 8.532032
321 0.690175 8.531891
322 0.690170 8.531751
323 0.690165 8.531614
324 0.690160 8.531478
325 0.690156 8.531345
326 0.690151 8.531213
327 0.690147 8.531082
328 0.690142 8.530954
329 0.690138 8.530827
330 0.690134 8.530702
331 0.690130 8.530578
332 0.690126 8.530456
333 0.690122 8.530336
334 0.690118 8.530217
335 0.690114 8.530100
336 0.690110 8.529985
337 0.690107 8.529871
338 0.690103 8.529758
339 0.690100 8.529647
340 0.690096 8.529537
341 0.690093 8.529429
342 0.690089 8.529322
343 0.690086 8.529217
344 0.690083 8.529113
345 0.690080 8.529011
346 0.690077 8.528909
347 0.690074 8.528809
348 0.690071 8.528711
349 0.690068 8.528614
350 0.690065 8.528518
351 0.690062 8.528423
352 0.690059 8.528329
353 0.690057 8.528237
354 0.690054 8.528146
355 0.690051 8.528056
356 0.690049 8.527968
357 0.690046 8.527880
358 0.690044 8.527794
359 0.690042 8.527709
360 0.690039 8.527625
361 0.690037 8.527542
362 0.690035 8.527460
363 0.690032 8.527379
364 0.690030 8.527299
365 0.690028 8.527221
366 0.690026 8.527143
367 0.690024 8.527067
368 0.690022 8.526991
369 0.690020 8.526916
370 0.690018 8.526843
371 0.690016 8.526770
372 0.690014 8.526698
373 0.690012 8.526628
374 0.690011 8.526558
375 0.690009 8.526489
376 0.690007 8.526421
377 0.690005 8.526354
378 0.690004 8.526288
379 0.690002 8.526222
380 0.690001 8.526158
381 0.689999 8.526094
382 0.689997 8.526032
383 0.689996 8.525970
384 0.689994 8.525909
385 0.689993 8.525848
386 0.689992 8.525789
387 0.689990 8.525730
388 0.689989 8.525672
389 0.689987 8.525615
390 0.689986 8.525558
391 0.689985 8.525503
392 0.689984 8.525448
393 0.689982 8.525394
394 0.689981 8.525340
395 0.689980 8.525287
396 0.689979 8.525235
397 0.689978 8.525184
398 0.689976 8.525133
399 0.689975 8.525083
400 0.689974 8.525033
401 0.689973 8.524985
402 0.689972 8.524936
403 0.689971 8.524889
404 0.689970 8.524842
405 0.689969 8.524796
406 0.689968 8.524750
407 0.689967 8.524705
408 0.689966 8.524661
409 0.689965 8.524617
410 0.689964 8.524574
411 0.689964 8.524531
412 0.689963 8.524489
413 0.689962 8.524447
414 0.689961 8.524406
415 0.689960 8.524366
416 0.689959 8.524326
417 0.689959 8.524286
418 0.689958 8.524247
419 0.689957 8.524209
420 0.689956 8.524171
421 0.689956 8.524134
422 0.689955 8.524097
423 0.689954 8.524060
424 0.689954 8.524024
425 0.689953 8.523989
426 0.689952 8.523954
427 0.689952 8.523919
428 0.689951 8.523885
429 0.689950 8.523852
430 0.689950 8.523818
431 0.689949 8.523786
432 0.689949 8.523753
433 0.689948 8.523721
434 0.689947 8.523690
435 0.689947 8.523659
436 0.689946 8.523628
437 0.689946 8.523598
438 0.689945 8.523568
439 0.689945 8.523539
440 0.689944 8.523510
441 0.689944 8.523481
442 0.689943 8.523453
443 0.689943 8.523425
444 0.689942 8.523397
445 0.689942 8.523370
446 0.689941 8.523343
447 0.689941 8.523317
448 0.689941 8.523291
449 0.689940 8.523265
450 0.689940 8.523239
451 0.689939 8.523214
452 0.689939 8.523189
453 0.689939 8.523165
454 0.689938 8.523141
455 0.689938 8.523117
456 0.689937 8.523094
457 0.689937 8.523070
458 0.689937 8.523048
459 0.689936 8.523025
460 0.689936 8.523003
461 0.689936 8.522981
462 0.689935 8.522959
463 0.689935 8.522938
464 0.689935 8.522916
465 0.689934 8.522896
466 0.689934 8.522875
467 0.689934 8.522855
468 0.689934 8.522835
469 0.689933 8.522815
470 0.689933 8.522795
471 0.689933 8.522776
472 0.689932 8.522757
473 0.689932 8.522738
474 0.689932 8.522720
475 0.689932 8.522702
476 0.689931 8.522684
477 0.689931 8.522666
478 0.689931 8.522648
479 0.689931 8.522631
480 0.689930 8.522614
481 0.689930 8.522597
482 0.689930 8.522580
483 0.689930 8.522564
484 0.689930 8.522548
485 0.689929 8.522532
486 0.689929 8.522516
487 0.689929 8.522500
488 0.689929 8.522485
489 0.689929 8.522470
490 0.689928 8.522455
491 0.689928 8.522440
492 0.689928 8.522426
493 0.689928 8.522411
494 0.689928 8.522397
495 0.689927 8.522383
496 0.689927 8.522369
497 0.689927 8.522356
498 0.689927 8.522342
499 0.689927 8.522329
500 0.689927 8.522316
