0 1.202890 10.620000
1 1.200091 10.611177
2 1.197327 10.602431
3 1.194597 10.593760
4 1.191903 10.585164
5 1.189242 10.576643
6 1.186614 10.568196
7 1.184020 10.559821
8 1.181458 10.551519
9 1.178928 10.543289
10 1.176430 10.535131
11 1.173964 10.527042
12 1.171529 10.519024
13 1.169124 10.511076
14 1.166750 10.503196
15 1.164405 10.495384
16 1.162090 10.487640
17 1.159804 10.479963
18 1.157547 10.472353
19 1.155318 10.464808
20 1.153118 10.457329
21 1.150945 10.449914
22 1.148799 10.442564
23 1.146681 10.435277
24 1.144589 10.428053
25 1.142523 10.420892
26 1.140483 10.413793
27 1.138469 10.406755
28 1.136481 10.399778
29 1.134517 10.392862
30 1.132578 10.386005
31 1.130664 10.379208
32 1.128773 10.372470
33 1.126906 10.365790
34 1.125063 10.359168
35 1.123243 10.352603
36 1.121446 10.346095
37 1.119672 10.339643
38 1.117920 10.333247
39 1.116190 10.326907
40 1.114481 10.320621
41 1.112794 10.314390
42 1.111129 10.308213
43 1.109484 10.302089
44 1.107860 10.296018
45 1.106257 10.290000
46 1.104673 10.284034
47 1.103110 10.278120
48 1.101566 10.272257
49 1.100042 10.266444
50 1.098537 10.260682
51 1.097051 10.254970
52 1.095583 10.249307
53 1.094134 10.243693
54 1.092703 10.238128
55 1.091291 10.232611
56 1.089896 10.227142
57 1.088518 10.221720
58 1.087158 10.216345
59 1.085815 10.211016
60 1.084489 10.205734
61 1.083180 10.200497
62 1.081887 10.195306
63 1.080610 10.190160
64 1.079349 10.185058
65 1.078105 10.180000
66 1.076875 10.174987
67 1.075662 10.170016
68 1.074464 10.165089
69 1.073280 10.160204
70 1.072112 10.155362
71 1.070958 10.150561
72 1.069819 10.145802
73 1.068694 10.141084
74 1.067584 10.136407
75 1.066487 10.131771
76 1.065404 10.127175
77 1.064335 10.122618
78 1.063279 10.118101
79 1.062236 10.113623
80 1.061207 10.109184
81 1.060190 10.104783
82 1.059187 10.100421
83 1.058196 10.096096
84 1.057217 10.091808
85 1.056251 10.087558
86 1.055297 10.083344
87 1.054355 10.079167
88 1.053424 10.075026
89 1.052506 10.070921
90 1.051599 10.066852
91 1.050703 10.062817
92 1.049819 10.058818
93 1.048946 10.054853
94 1.048084 10.050923
95 1.047232 10.047026
96 1.046392 10.043164
97 1.045562 10.039334
98 1.044742 10.035538
99 1.043933 10.031775
100 1.043134 10.028045
101 1.042345 10.024346
102 1.041566 10.020680
103 1.040796 10.017045
104 1.040037 10.013442
105 1.039287 10.009870
106 1.038546 10.006329
107 1.037815 10.002819
108 1.037093 9.999339
109 1.036379 9.995889
110 1.035675 9.992469
111 1.034980 9.989079
112 1.034294 9.985717
113 1.033616 9.982386
114 1.032947 9.979082
115 1.032286 9.975808
116 1.031633 9.972562
117 1.030989 9.969344
118 1.030353 9.966154
119 1.029724 9.962991
120 1.029104 9.959856
121 1.028492 9.956748
122 1.027887 9.953667
123 1.027290 9.950612
124 1.026700 9.947584
125 1.026118 9.944582
126 1.025543 9.941606
127 1.024975 9.938656
128 1.024415 9.935732
129 1.023861 9.932833
130 1.023315 9.929958
131 1.022775 9.927109
132 1.022242 9.924285
133 1.021716 9.921484
134 1.021196 9.918709
135 1.020683 9.915957
136 1.020177 9.913229
137 1.019677 9.910524
138 1.019183 9.907843
139 1.018695 9.905186
140 1.018213 9.902551
141 1.017738 9.899939
142 1.017268 9.897349
143 1.016805 9.894782
144 1.016347 9.892238
145 1.015895 9.889715
146 1.015449 9.887214
147 1.015008 9.884735
148 1.014573 9.882277
149 1.014143 9.879841
150 1.013719 9.877425
151 1.013300 9.875031
152 1.012887 9.872657
153 1.012478 9.870304
154 1.012075 9.867971
155 1.011677 9.865658
156 1.011283 9.863366
157 1.010895 9.861093
158 1.010512 9.858840
159 1.010133 9.856606
160 1.009759 9.854392
161 1.009390 9.852197
162 1.009026 9.850021
163 1.008666 9.847864
164 1.008311 9.845725
165 1.007960 9.843605
166 1.007613 9.841504
167 1.007271 9.839420
168 1.006933 9.837355
169 1.006600 9.835307
170 1.006271 9.833277
171 1.005945 9.831265
172 1.005624 9.829270
173 1.005307 9.827292
174 1.004994 9.825332
175 1.004685 9.823388
176 1.004380 9.821462
177 1.004078 9.819552
178 1.003781 9.817658
179 1.003487 9.815781
180 1.003197 9.813920
181 1.002910 9.812076
182 1.002627 9.810247
183 1.002348 9.808434
184 1.002072 9.806637
185 1.001800 9.804855
186 1.001531 9.803089
187 1.001265 9.801338
188 1.001003 9.799602
189 1.000744 9.797881
190 1.000488 9.796175
191 1.000236 9.794484
192 0.999987 9.792808
193 0.999741 9.791146
194 0.999498 9.789498
195 0.999258 9.787865
196 0.999021 9.786246
197 0.998787 9.784641
198 0.998556 9.783050
199 0.998328 9.781472
200 0.998102 9.779908
201 0.997880 9.778358
202 0.997660 9.776821
203 0.997443 9.775298
204 0.997229 9.773787
205 0.997018 9.772290
206 0.996809 9.770806
207 0.996603 9.769334
208 0.996399 9.767875
209 0.996198 9.766429
210 0.996000 9.764996
211 0.995804 9.763574
212 0.995611 9.762166
213 0.995419 9.760769
214 0.995231 9.759384
215 0.995045 9.758012
216 0.994861 9.756651
217 0.994679 9.755302
218 0.994500 9.753965
219 0.994323 9.752639
220 0.994148 9.751325
221 0.993975 9.750022
222 0.993805 9.748730
223 0.993636 9.747450
224 0.993470 9.746181
225 0.993306 9.744922
226 0.993144 9.743675
227 0.992984 9.742438
228 0.992826 9.741213
229 0.992670 9.739997
230 0.992516 9.738792
231 0.992364 9.737598
232 0.992213 9.736414
233 0.992065 9.735240
234 0.991919 9.734077
235 0.991774 9.732923
236 0.991631 9.731780
237 0.991490 9.730646
238 0.991351 9.729522
239 0.991214 9.728408
240 0.991078 9.727304
241 0.990944 9.726209
242 0.990811 9.725123
243 0.990681 9.724047
244 0.990552 9.722981
245 0.990424 9.721923
246 0.990299 9.720875
247 0.990174 9.719836
248 0.990052 9.718805
249 0.989931 9.717784
250 0.989811 9.716772
251 0.989693 9.715768
252 0.989576 9.714773
253 0.989461 9.713786
254 0.989348 9.712809
255 0.989235 9.711839
256 0.989124 9.710878
257 0.989015 9.709925
258 0.988907 9.708981
259 0.988800 9.708045
260 0.988695 9.707117
261 0.988591 9.706196
262 0.988488 9.705284
263 0.988387 9.704380
264 0.988286 9.703484
265 0.988188 9.702595
266 0.988090 9.701714
267 0.987993 9.700840
268 0.987898 9.699975
269 0.987804 9.699116
270 0.987711 9.698266
271 0.987620 9.697422
272 0.987529 9.696586
273 0.987440 9.695757
274 0.987352 9.694935
275 0.987264 9.694120
276 0.987178 9.693313
277 0.987093 9.692512
278 0.987010 9.691718
279 0.986927 9.690932
280 0.986845 9.690152
281 0.986764 9.689378
282 0.986684 9.688612
283 0.986606 9.687852
284 0.986528 9.687098
285 0.986451 9.686352
286 0.986375 9.685611
287 0.986301 9.684877
288 0.986227 9.684150
289 0.986154 9.683428
290 0.986082 9.682713
291 0.986010 9.682004
292 0.985940 9.681302
293 0.985871 9.680605
294 0.985802 9.679914
295 0.985735 9.679230
296 0.985668 9.678551
297 0.985602 9.677878
298 0.985537 9.677211
299 0.985472 9.676550
300 0.985409 9.675894
301 0.985346 9.675244
302 0.985284 9.674600
303 0.985223 9.673962
304 0.985163 9.673328
305 0.985103 9.672701
306 0.985044 9.672079
307 0.984986 9.671462
308 0.984929 9.670850
309 0.984872 9.670244
310 0.984816 9.669643
311 0.984761 9.669047
312 0.984707 9.668457
313 0.984653 9.667871
314 0.984600 9.667291
315 0.984547 9.666716
316 0.984495 9.666145
317 0.984444 9.665580
318 0.984393 9.665019
319 0.984344 9.664464
320 0.984294 9.663913
321 0.984246 9.663367
322 0.984198 9.662825
323 0.984150 9.662288
324 0.984103 9.661756
325 0.984057 9.661229
326 0.984011 9.660706
327 0.983966 9.660188
328 0.983922 9.659674
329 0.983878 9.659164
330 0.983834 9.658659
331 0.983791 9.658159
332 0.983749 9.657662
333 0.983707 9.657170
334 0.983666 9.656683
335 0.983625 9.656199
336 0.983585 9.655720
337 0.983545 9.655245
338 0.983506 9.654773
339 0.983467 9.654306
340 0.983429 9.653843
341 0.983391 9.653385
342 0.983354 9.652930
343 0.983317 9.652479
344 0.983281 9.652031
345 0.983245 9.651588
346 0.983209 9.651149
347 0.983174 9.650713
348 0.983140 9.650281
349 0.983106 9.649853
350 0.983072 9.649429
351 0.983039 9.649008
352 0.983006 9.648591
353 0.982973 9.648177
354 0.982941 9.647767
355 0.982910 9.647361
356 0.982878 9.646958
357 0.982847 9.646559
358 0.982817 9.646163
359 0.982787 9.645771
360 0.982757 9.645381
361 0.982728 9.644996
362 0.982699 9.644613
363 0.982670 9.644234
364 0.982642 9.643859
365 0.982614 9.643486
366 0.982587 9.643117
367 0.982560 9.642751
368 0.982533 9.642388
369 0.982506 9.642028
370 0.982480 9.641671
371 0.982454 9.641318
372 0.982429 9.640967
373 0.982404 9.640620
374 0.982379 9.640275
375 0.982354 9.639934
376 0.982330 9.639595
377 0.982306 9.639260
378 0.982282 9.638927
379 0.982259 9.638597
380 0.982236 9.638270
381 0.982213 9.637946
382 0.982191 9.637625
383 0.982168 9.637306
384 0.982146 9.636990
385 0.982125 9.636677
386 0.982103 9.636367
387 0.982082 9.636059
388 0.982062 9.635754
389 0.982041 9.635452
390 0.982021 9.635152
391 0.982001 9.634855
392 0.981981 9.634560
393 0.981961 9.634268
394 0.981942 9.633979
395 0.981923 9.633692
396 0.981904 9.633407
397 0.981885 9.633125
398 0.981867 9.632846
399 0.981849 9.632568
400 0.981831 9.632294
401 0.981813 9.632021
402 0.981796 9.631751
403 0.981779 9.631484
404 0.981762 9.631218
405 0.981745 9.630955
406 0.981728 9.630694
407 0.981712 9.630436
408 0.981696 9.630179
409 0.981680 9.629925
410 0.981664 9.629673
411 0.981648 9.629424
412 0.981633 9.629176
413 0.981618 9.628931
414 0.981603 9.628687
415 0.981588 9.628446
416 0.981573 9.628207
417 0.981559 9.627970
418 0.981545 9.627735
419 0.981531 9.627502
420 0.981517 9.627271
421 0.981503 9.627042
422 0.981490 9.626815
423 0.981476 9.626590
424 0.981463 9.626367
425 0.981450 9.626146
426 0.981437 9.625927
427 0.981424 9.625710
428 0.981412 9.625494
429 0.981399 9.625281
430 0.981387 9.625069
431 0.981375 9.624859
432 0.981363 9.624651
433 0.981351 9.624445
434 0.981340 9.624241
435 0.981328 9.624038
436 0.981317 9.623837
437 0.981306 9.623638
438 0.981295 9.623440
439 0.981284 9.623244
440 0.981273 9.623050
441 0.981262 9.622858
442 0.981252 9.622667
443 0.981241 9.622478
444 0.981231 9.622291
445 0.981221 9.622105
446 0.981211 9.621921
447 0.981201 9.621738
448 0.981191 9.621557
449 0.981182 9.621378
450 0.981172 9.621200
451 0.981163 9.621023
452 0.981154 9.620849
453 0.981144 9.620675
454 0.981135 9.620503
455 0.981127 9.620333
456 0.981118 9.620164
457 0.981109 9.619997
458 0.981100 9.619831
459 0.981092 9.619666
460 0.981084 9.619503
461 0.981075 9.619342
462 0.981067 9.619181
463 0.981059 9.619022
464 0.981051 9.618865
465 0.981043 9.618709
466 0.981036 9.618554
467 0.981028 9.618400
468 0.981020 9.618248
469 0.981013 9.618098
470 0.981005 9.617948
471 0.980998 9.617800
472 0.980991 9.617653
473 0.980984 9.617507
474 0.980977 9.617363
475 0.980970 9.617220
476 0.980963 9.617078
477 0.980956 9.616937
478 0.980950 9.616798
479 0.980943 9.616659
480 0.980937 9.616522
481 0.980930 9.616386
482 0.980924 9.616252
483 0.980918 9.616118
484 0.980911 9.615986
485 0.980905 9.615855
486 0.980899 9.615725
487 0.980893 9.615596
488 0.980887 9.615468
489 0.980882 9.615341
490 0.980876 9.615215
491 0.980870 9.615091
492 0.980865 9.614967
493 0.980859 9.614845
494 0.980854 9.614724
495 0.980848 9.614603
496 0.980843 9.614484
497 0.980838 9.614366
498 0.980833 9.614249
499 0.980828 9.614132
500 0.980823 9.614017
