0 0.352753 5.520000
1 0.350896 5.509601
2 0.349088 5.499395
3 0.347330 5.489378
4 0.345618 5.479546
5 0.343952 5.469896
6 0.342331 5.460424
7 0.340754 5.451128
8 0.339218 5.442003
9 0.337724 5.433048
10 0.336270 5.424258
11 0.334855 5.415631
12 0.333478 5.407163
13 0.332138 5.398852
14 0.330834 5.390695
15 0.329565 5.382689
16 0.328330 5.374831
17 0.327128 5.367118
18 0.325959 5.359548
19 0.324820 5.352118
20 0.323713 5.344825
21 0.322635 5.337668
22 0.321586 5.330643
23 0.320565 5.323748
24 0.319571 5.316980
25 0.318604 5.310338
26 0.317663 5.303818
27 0.316748 5.297419
28 0.315857 5.291139
29 0.314989 5.284974
30 0.314146 5.278924
31 0.313324 5.272986
32 0.312525 5.267157
33 0.311747 5.261437
34 0.310990 5.255822
35 0.310254 5.250311
36 0.309537 5.244902
37 0.308839 5.239593
38 0.308160 5.234383
39 0.307500 5.229268
40 0.306857 5.224249
41 0.306231 5.219322
42 0.305622 5.214486
43 0.305029 5.209740
44 0.304453 5.205082
45 0.303891 5.200510
46 0.303345 5.196022
47 0.302814 5.191618
48 0.302297 5.187295
49 0.301793 5.183052
50 0.301303 5.178887
51 0.300827 5.174800
52 0.300363 5.170788
53 0.299911 5.166850
54 0.299472 5.162985
55 0.299044 5.159192
56 0.298628 5.155469
57 0.298223 5.151815
58 0.297829 5.148228
59 0.297446 5.144708
60 0.297073 5.141253
61 0.296709 5.137862
62 0.296356 5.134533
63 0.296012 5.131266
64 0.295677 5.128060
65 0.295351 5.124913
66 0.295034 5.121824
67 0.294726 5.118792
68 0.294426 5.115816
69 0.294134 5.112896
70 0.293849 5.110029
71 0.293573 5.107216
72 0.293303 5.104454
73 0.293041 5.101744
74 0.292786 5.099084
75 0.292538 5.096473
76 0.292296 5.093910
77 0.292061 5.091395
78 0.291833 5.088926
79 0.291610 5.086503
80 0.291393 5.084125
81 0.291183 5.081790
82 0.290977 5.079499
83 0.290778 5.077251
84 0.290584 5.075044
85 0.290394 5.072877
86 0.290210 5.070751
87 0.290031 5.068664
88 0.289857 5.066616
89 0.289688 5.064606
90 0.289523 5.062633
91 0.289362 5.060696
92 0.289206 5.058795
93 0.289053 5.056930
94 0.288905 5.055099
95 0.288761 5.053301
96 0.288621 5.051538
97 0.288485 5.049806
98 0.288352 5.048107
99 0.288223 5.046439
100 0.288097 5.044802
101 0.287975 5.043195
102 0.287856 5.041618
103 0.287740 5.040071
104 0.287627 5.038551
105 0.287517 5.037060
106 0.287410 5.035597
107 0.287307 5.034160
108 0.287205 5.032751
109 0.287107 5.031367
110 0.287011 5.030009
111 0.286918 5.028676
112 0.286827 5.027367
113 0.286739 5.026083
114 0.286653 5.024823
115 0.286569 5.023586
116 0.286488 5.022372
117 0.286409 5.021180
118 0.286332 5.020010
119 0.286257 5.018862
120 0.286184 5.017735
121 0.286113 5.016629
122 0.286044 5.015544
123 0.285976 5.014478
124 0.285911 5.013433
125 0.285847 5.012406
126 0.285785 5.011399
127 0.285725 5.010410
128 0.285666 5.009440
129 0.285609 5.008488
130 0.285553 5.007553
131 0.285499 5.006635
132 0.285447 5.005735
133 0.285395 5.004851
134 0.285346 5.003983
135 0.285297 5.003132
136 0.285250 5.002296
137 0.285204 5.001476
138 0.285159 5.000670
139 0.285116 4.999880
140 0.285073 4.999105
141 0.285032 4.998343
142 0.284992 4.997596
143 0.284953 4.996863
144 0.284915 4.996143
145 0.284878 4.995437
146 0.284842 4.994743
147 0.284807 4.994063
148 0.284773 4.993395
149 0.284740 4.992739
150 0.284707 4.992096
151 0.284676 4.991464
152 0.284645 4.990844
153 0.284616 4.990236
154 0.284587 4.989639
155 0.284558 4.989053
156 0.284531 4.988477
157 0.284504 4.987913
158 0.284478 4.987358
159 0.284453 4.986815
160 0.284429 4.986281
161 0.284405 4.985757
162 0.284381 4.985242
163 0.284359 4.984738
164 0.284337 4.984242
165 0.284315 4.983756
166 0.284294 4.983279
167 0.284274 4.982810
168 0.284254 4.982350
169 0.284235 4.981899
170 0.284216 4.981456
171 0.284198 4.981022
172 0.284180 4.980595
173 0.284163 4.980176
174 0.284146 4.979765
175 0.284130 4.979362
176 0.284114 4.978966
177 0.284098 4.978577
178 0.284083 4.978196
179 0.284069 4.977821
180 0.284054 4.977454
181 0.284040 4.977093
182 0.284027 4.976739
183 0.284014 4.976392
184 0.284001 4.976051
185 0.283989 4.975716
186 0.283976 4.975387
187 0.283965 4.975065
188 0.283953 4.974748
189 0.283942 4.974438
190 0.283931 4.974133
191 0.283921 4.973834
192 0.283910 4.973540
193 0.283900 4.973252
194 0.283890 4.972969
195 0.283881 4.972691
196 0.283872 4.972419
197 0.283863 4.972151
198 0.283854 4.971888
199 0.283845 4.971631
200 0.283837 4.971378
201 0.283829 4.971130
202 0.283821 4.970886
203 0.283814 4.970647
204 0.283806 4.970412
205 0.283799 4.970182
206 0.283792 4.969955
207 0.283785 4.969734
208 0.283778 4.969516
209 0.283772 4.969302
210 0.283766 4.969092
211 0.283759 4.968886
212 0.283754 4.968684
213 0.283748 4.968486
214 0.283742 4.968291
215 0.283737 4.968100
216 0.283731 4.967912
217 0.283726 4.967728
218 0.283721 4.967547
219 0.283716 4.967370
220 0.283711 4.967196
221 0.283706 4.967025
222 0.283702 4.966857
223 0.283697 4.966692
224 0.283693 4.966531
225 0.283689 4.966372
226 0.283685 4.966217
227 0.283681 4.966064
228 0.283677 4.965914
229 0.283673 4.965767
230 0.283670 4.965622
231 0.283666 4.965481
232 0.283663 4.965341
233 0.283659 4.965205
234 0.283656 4.965071
235 0.283653 4.964939
236 0.283650 4.964810
237 0.283647 4.964683
238 0.283644 4.964559
239 0.283641 4.964437
240 0.283638 4.964317
241 0.283635 4.964199
242 0.283633 4.964084
243 0.283630 4.963971
244 0.283628 4.963859
245 0.283625 4.963750
246 0.283623 4.963643
247 0.283620 4.963538
248 0.283618 4.963435
249 0.283616 4.963333
250 0.283614 4.963234
251 0.283612 4.963136
252 0.283610 4.963041
253 0.283608 4.962947
254 0.283606 4.962854
255 0.283604 4.962764
256 0.283602 4.962675
257 0.283600 4.962588
258 0.283599 4.962502
259 0.283597 4.962418
260 0.283595 4.962336
261 0.283594 4.962255
262 0.283592 4.962175
263 0.283591 4.962097
264 0.283589 4.962021
265 0.283588 4.961945
266 0.283587 4.961872
267 0.283585 4.961799
268 0.283584 4.961728
269 0.283583 4.961659
270 0.283581 4.961590
271 0.283580 4.961523
272 0.283579 4.961457
273 0.283578 4.961392
274 0.283577 4.961329
275 0.283576 4.961266
276 0.283575 4.961205
277 0.283574 4.961145
278 0.283573 4.961086
279 0.283572 4.961028
280 0.283571 4.960972
281 0.283570 4.960916
282 0.283569 4.960861
283 0.283568 4.960808
284 0.283567 4.960755
285 0.283566 4.960703
286 0.283566 4.960652
287 0.283565 4.960603
288 0.283564 4.960554
289 0.283563 4.960506
290 0.283563 4.960459
291 0.283562 4.960412
292 0.283561 4.960367
293 0.283561 4.960322
294 0.283560 4.960279
295 0.283559 4.960236
296 0.283559 4.960194
297 0.283558 4.960152
298 0.283558 4.960112
299 0.283557 4.960072
300 0.283557 4.960033
301 0.283556 4.959994
302 0.283555 4.959957
303 0.283555 4.959920
304 0.283554 4.959884
305 0.283554 4.959848
306 0.283554 4.959813
307 0.283553 4.959779
308 0.283553 4.959745
309 0.283552 4.959712
310 0.283552 4.959680
311 0.283551 4.959648
312 0.283551 4.959617
313 0.283551 4.959586
314 0.283550 4.959556
315 0.283550 4.959526
316 0.283550 4.959497
317 0.283549 4.959469
318 0.283549 4.959441
319 0.283549 4.959414
320 0.283548 4.959387
321 0.283548 4.959360
322 0.283548 4.959334
323 0.283547 4.959309
324 0.283547 4.959284
325 0.283547 4.959259
326 0.283546 4.959235
327 0.283546 4.959212
328 0.283546 4.959189
329 0.283546 4.959166
330 0.283545 4.959144
331 0.283545 4.959122
332 0.283545 4.959100
333 0.283545 4.959079
334 0.283545 4.959058
335 0.283544 4.959038
336 0.283544 4.959018
337 0.283544 4.958998
338 0.283544 4.958979
339 0.283544 4.958960
340 0.283543 4.958942
341 0.283543 4.958924
342 0.283543 4.958906
343 0.283543 4.958888
344 0.283543 4.958871
345 0.283543 4.958854
346 0.283542 4.958838
347 0.283542 4.958821
348 0.283542 4.958806
349 0.283542 4.958790
350 0.283542 4.958774
351 0.283542 4.958759
352 0.283542 4.958745
353 0.283541 4.958730
354 0.283541 4.958716
355 0.283541 4.958702
356 0.283541 4.958688
357 0.283541 4.958675
358 0.283541 4.958661
359 0.283541 4.958648
360 0.283541 4.958636
361 0.283540 4.958623
362 0.283540 4.958611
363 0.283540 4.958599
364 0.283540 4.958587
365 0.283540 4.958575
366 0.283540 4.958564
367 0.283540 4.958553
368 0.283540 4.958542
369 0.283540 4.958531
370 0.283540 4.958520
371 0.283540 4.958510
372 0.283539 4.958500
373 0.283539 4.958490
374 0.283539 4.958480
375 0.283539 4.958470
376 0.283539 4.958461
377 0.283539 4.958452
378 0.283539 4.958443
379 0.283539 4.958434
380 0.283539 4.958425
381 0.283539 4.958416
382 0.283539 4.958408
383 0.283539 4.958400
384 0.283539 4.958391
385 0.283539 4.958383
386 0.283539 4.958376
387 0.283539 4.958368
388 0.283539 4.958360
389 0.283538 4.958353
390 0.283538 4.958346
391 0.283538 4.958339
392 0.283538 4.958331
393 0.283538 4.958325
394 0.283538 4.958318
395 0.283538 4.958311
396 0.283538 4.958305
397 0.283538 4.958298
398 0.283538 4.958292
399 0.283538 4.958286
400 0.283538 4.958280
401 0.283538 4.958274
402 0.283538 4.958268
403 0.283538 4.958262
404 0.283538 4.958257
405 0.283538 4.958251
406 0.283538 4.958246
407 0.283538 4.958241
408 0.283538 4.958235
409 0.283538 4.958230
410 0.283538 4.958225
411 0.283538 4.958220
412 0.283538 4.958216
413 0.283538 4.958211
414 0.283538 4.958206
415 0.283538 4.958202
416 0.283538 4.958197
417 0.283538 4.958193
418 0.283538 4.958188
419 0.283537 4.958184
420 0.283537 4.958180
421 0.283537 4.958176
422 0.283537 4.958172
423 0.283537 4.958168
424 0.283537 4.958164
425 0.283537 4.958160
426 0.283537 4.958157
427 0.283537 4.958153
428 0.283537 4.958149
429 0.283537 4.958146
430 0.283537 4.958142
431 0.283537 4.958139
432 0.283537 4.958136
433 0.283537 4.958132
434 0.283537 4.958129
435 0.283537 4.958126
436 0.283537 4.958123
437 0.283537 4.958120
438 0.283537 4.958117
439 0.283537 4.958114
440 0.283537 4.958111
441 0.283537 4.958108
442 0.283537 4.958106
443 0.283537 4.958103
444 0.283537 4.958100
445 0.283537 4.958098
446 0.283537 4.958095
447 0.283537 4.958093
448 0.283537 4.958090
449 0.283537 4.958088
450 0.283537 4.958085
451 0.283537 4.958083
452 0.283537 4.958081
453 0.283537 4.958079
454 0.283537 4.958076
455 0.283537 4.958074
456 0.283537 4.958072
457 0.283537 4.958070
458 0.283537 4.958068
459 0.283537 4.958066
460 0.283537 4.958064
461 0.283537 4.958062
462 0.283537 4.958060
463 0.283537 4.958058
464 0.283537 4.958056
465 0.283537 4.958055
466 0.283537 4.958053
467 0.283537 4.958051
468 0.283537 4.958049
469 0.283537 4.958048
470 0.283537 4.958046
471 0.283537 4.958045
472 0.283537 4.958043
473 0.283537 4.958041
474 0.283537 4.958040
475 0.283537 4.958038
476 0.283537 4.958037
477 0.283537 4.958036
478 0.283537 4.958034
479 0.283537 4.958033
480 0.283537 4.958031
481 0.283537 4.958030
482 0.283537 4.958029
483 0.283537 4.958028
484 0.283537 4.958026
485 0.283537 4.958025
486 0.283537 4.958024
487 0.283537 4.958023
488 0.283537 4.958021
489 0.283537 4.958020
490 0.283537 4.958019
491 0.283537 4.958018
492 0.283537 4.958017
493 0.283537 4.958016
494 0.283537 4.958015
495 0.283537 4.958014
496 0.283537 4.958013
497 0.283537 4.958012
498 0.283537 4.958011
499 0.283537 4.958010
500 0.283537 4.958009
