0 2.107939 11.020000
1 2.104191 11.013012
2 2.100462 11.006050
3 2.096752 10.999112
4 2.093062 10.992199
5 2.089392 10.985311
6 2.085740 10.978448
7 2.082108 10.971610
8 2.078494 10.964796
9 2.074900 10.958006
10 2.071324 10.951241
11 2.067767 10.944501
12 2.064229 10.937784
13 2.060709 10.931092
14 2.057207 10.924424
15 2.053724 10.917779
16 2.050259 10.911159
17 2.046812 10.904562
18 2.043384 10.897989
19 2.039973 10.891440
20 2.036580 10.884914
21 2.033204 10.878412
22 2.029847 10.871933
23 2.026507 10.865477
24 2.023184 10.859045
25 2.019879 10.852635
26 2.016591 10.846249
27 2.013320 10.839886
28 2.010066 10.833545
29 2.006830 10.827227
30 2.003610 10.820932
31 2.000407 10.814660
32 1.997221 10.808410
33 1.994052 10.802183
34 1.990899 10.795978
35 1.987762 10.789795
36 1.984642 10.783634
37 1.981539 10.777496
38 1.978451 10.771380
39 1.975380 10.765285
40 1.972325 10.759213
41 1.969285 10.753162
42 1.966262 10.747133
43 1.963254 10.741126
44 1.960262 10.735141
45 1.957286 10.729177
46 1.954326 10.723234
47 1.951380 10.717313
48 1.948451 10.711412
49 1.945536 10.705534
50 1.942637 10.699676
51 1.939753 10.693839
52 1.936884 10.688024
53 1.934030 10.682229
54 1.931191 10.676455
55 1.928367 10.670702
56 1.925558 10.664969
57 1.922763 10.659257
58 1.919983 10.653566
59 1.917217 10.647895
60 1.914466 10.642244
61 1.911729 10.636614
62 1.909007 10.631004
63 1.906299 10.625414
64 1.903605 10.619844
65 1.900925 10.614294
66 1.898259 10.608765
67 1.895607 10.603255
68 1.892969 10.597764
69 1.890345 10.592294
70 1.887734 10.586843
71 1.885137 10.581412
72 1.882554 10.576000
73 1.879984 10.570608
74 1.877428 10.565235
75 1.874885 10.559882
76 1.872355 10.554547
77 1.869839 10.549232
78 1.867335 10.543936
79 1.864845 10.538659
80 1.862368 10.533401
81 1.859904 10.528162
82 1.857452 10.522942
83 1.855014 10.517740
84 1.852588 10.512557
85 1.850175 10.507393
86 1.847774 10.502247
87 1.845386 10.497120
88 1.843011 10.492012
89 1.840648 10.486921
90 1.838297 10.481849
91 1.835959 10.476795
92 1.833633 10.471759
93 1.831319 10.466742
94 1.829017 10.461742
95 1.826727 10.456761
96 1.824449 10.451797
97 1.822183 10.446851
98 1.819929 10.441923
99 1.817687 10.437013
100 1.815456 10.432120
101 1.813237 10.427245
102 1.811030 10.422387
103 1.808834 10.417547
104 1.806650 10.412724
105 1.804477 10.407918
106 1.802315 10.403130
107 1.800165 10.398359
108 1.798026 10.393605
109 1.795898 10.388869
110 1.793782 10.384149
111 1.791676 10.379446
112 1.789581 10.374760
113 1.787498 10.370091
114 1.785425 10.365439
115 1.783363 10.360803
116 1.781312 10.356184
117 1.779272 10.351582
118 1.777242 10.346996
119 1.775223 10.342427
120 1.773214 10.337874
121 1.771216 10.333338
122 1.769229 10.328818
123 1.767252 10.324314
124 1.765285 10.319826
125 1.763328 10.315354
126 1.761382 10.310899
127 1.759446 10.306459
128 1.757520 10.302036
129 1.755604 10.297628
130 1.753698 10.293236
131 1.751802 10.288860
132 1.749916 10.284500
133 1.748040 10.280155
134 1.746173 10.275826
135 1.744317 10.271512
136 1.742470 10.267214
137 1.740632 10.262932
138 1.738805 10.258665
139 1.736987 10.254413
140 1.735178 10.250176
141 1.733379 10.245955
142 1.731589 10.241749
143 1.729809 10.237558
144 1.728038 10.233382
145 1.726276 10.229221
146 1.724523 10.225075
147 1.722780 10.220943
148 1.721046 10.216827
149 1.719321 10.212726
150 1.717604 10.208639
151 1.715897 10.204567
152 1.714199 10.200509
153 1.712509 10.196467
154 1.710829 10.192438
155 1.709157 10.188424
156 1.707494 10.184425
157 1.705840 10.180440
158 1.704194 10.176469
159 1.702557 10.172513
160 1.700928 10.168570
161 1.699308 10.164642
162 1.697697 10.160728
163 1.696094 10.156828
164 1.694499 10.152943
165 1.692913 10.149071
166 1.691334 10.145213
167 1.689765 10.141369
168 1.688203 10.137538
169 1.686650 10.133722
170 1.685104 10.129919
171 1.683567 10.126130
172 1.682038 10.122354
173 1.680516 10.118592
174 1.679003 10.114844
175 1.677498 10.111109
176 1.676000 10.107387
177 1.674511 10.103679
178 1.673029 10.099984
179 1.671555 10.096302
180 1.670088 10.092634
181 1.668630 10.088979
182 1.667179 10.085337
183 1.665735 10.081708
184 1.664299 10.078092
185 1.662871 10.074489
186 1.661450 10.070899
187 1.660036 10.067322
188 1.658630 10.063757
189 1.657231 10.060206
190 1.655840 10.056667
191 1.654455 10.053141
192 1.653078 10.049628
193 1.651709 10.046128
194 1.650346 10.042639
195 1.648990 10.039164
196 1.647642 10.035701
197 1.646301 10.032250
198 1.644966 10.028812
199 1.643639 10.025386
200 1.642319 10.021973
201 1.641005 10.018571
202 1.639698 10.015182
203 1.638399 10.011806
204 1.637106 10.008441
205 1.635819 10.005088
206 1.634540 10.001748
207 1.633267 9.998419
208 1.632001 9.995102
209 1.630741 9.991798
210 1.629488 9.988505
211 1.628242 9.985224
212 1.627002 9.981955
213 1.625769 9.978697
214 1.624542 9.975451
215 1.623321 9.972217
216 1.622107 9.968995
217 1.620899 9.965784
218 1.619698 9.962585
219 1.618502 9.959397
220 1.617313 9.956220
221 1.616131 9.953055
222 1.614954 9.949902
223 1.613784 9.946760
224 1.612619 9.943629
225 1.611461 9.940509
226 1.610309 9.937400
227 1.609163 9.934303
228 1.608023 9.931217
229 1.606889 9.928142
230 1.605760 9.925078
231 1.604638 9.922024
232 1.603522 9.918982
233 1.602411 9.915951
234 1.601306 9.912931
235 1.600207 9.909922
236 1.599114 9.906923
237 1.598026 9.903935
238 1.596944 9.900958
239 1.595868 9.897992
240 1.594798 9.895036
241 1.593733 9.892091
242 1.592673 9.889156
243 1.591619 9.886232
244 1.590571 9.883319
245 1.589528 9.880416
246 1.588490 9.877523
247 1.587458 9.874641
248 1.586432 9.871769
249 1.585411 9.868908
250 1.584395 9.866057
251 1.583384 9.863216
252 1.582379 9.860385
253 1.581379 9.857564
254 1.580384 9.854754
255 1.579394 9.851953
256 1.578410 9.849163
257 1.577430 9.846383
258 1.576456 9.843613
259 1.575487 9.840852
260 1.574523 9.838102
261 1.573564 9.835361
262 1.572610 9.832631
263 1.571661 9.829910
264 1.570717 9.827199
265 1.569778 9.824498
266 1.568844 9.821806
267 1.567915 9.819124
268 1.566990 9.816452
269 1.566071 9.813789
270 1.565156 9.811136
271 1.564246 9.808492
272 1.563341 9.805858
273 1.562440 9.803233
274 1.561544 9.800618
275 1.560653 9.798012
276 1.559767 9.795416
277 1.558885 9.792829
278 1.558008 9.790251
279 1.557135 9.787683
280 1.556267 9.785123
281 1.555404 9.782573
282 1.554545 9.780032
283 1.553690 9.777500
284 1.552840 9.774978
285 1.551995 9.772464
286 1.551153 9.769959
287 1.550317 9.767464
288 1.549484 9.764977
289 1.548656 9.762499
290 1.547833 9.760030
291 1.547013 9.757571
292 1.546198 9.755119
293 1.545387 9.752677
294 1.544581 9.750244
295 1.543778 9.747819
296 1.542980 9.745403
297 1.542186 9.742995
298 1.541396 9.740597
299 1.540610 9.738207
300 1.539829 9.735825
301 1.539051 9.733452
302 1.538278 9.731088
303 1.537508 9.728732
304 1.536743 9.726384
305 1.535981 9.724045
306 1.535224 9.721714
307 1.534471 9.719392
308 1.533721 9.717078
309 1.532975 9.714773
310 1.532234 9.712475
311 1.531496 9.710186
312 1.530762 9.707906
313 1.530032 9.705633
314 1.529305 9.703368
315 1.528583 9.701112
316 1.527864 9.698864
317 1.527149 9.696624
318 1.526438 9.694392
319 1.525731 9.692168
320 1.525027 9.689951
321 1.524327 9.687743
322 1.523630 9.685543
323 1.522937 9.683351
324 1.522248 9.681167
325 1.521562 9.678990
326 1.520880 9.676821
327 1.520202 9.674660
328 1.519527 9.672507
329 1.518856 9.670362
330 1.518188 9.668224
331 1.517523 9.666094
332 1.516863 9.663972
333 1.516205 9.661857
334 1.515551 9.659750
335 1.514901 9.657650
336 1.514253 9.655558
337 1.513610 9.653474
338 1.512969 9.651397
339 1.512332 9.649327
340 1.511698 9.647265
341 1.511068 9.645210
342 1.510441 9.643163
343 1.509817 9.641123
344 1.509196 9.639090
345 1.508579 9.637065
346 1.507965 9.635047
347 1.507354 9.633036
348 1.506746 9.631032
349 1.506142 9.629036
350 1.505540 9.627047
351 1.504942 9.625065
352 1.504347 9.623090
353 1.503755 9.621122
354 1.503166 9.619161
355 1.502580 9.617207
356 1.501997 9.615261
357 1.501418 9.613321
358 1.500841 9.611388
359 1.500267 9.609463
360 1.499697 9.607544
361 1.499129 9.605632
362 1.498564 9.603727
363 1.498003 9.601828
364 1.497444 9.599937
365 1.496888 9.598052
366 1.496335 9.596174
367 1.495785 9.594303
368 1.495238 9.592439
369 1.494693 9.590581
370 1.494152 9.588730
371 1.493613 9.586886
372 1.493077 9.585048
373 1.492544 9.583217
374 1.492014 9.581392
375 1.491486 9.579574
376 1.490962 9.577763
377 1.490440 9.575958
378 1.489920 9.574160
379 1.489404 9.572368
380 1.488890 9.570582
381 1.488379 9.568803
382 1.487870 9.567030
383 1.487365 9.565264
384 1.486861 9.563504
385 1.486361 9.561750
386 1.485863 9.560003
387 1.485368 9.558261
388 1.484875 9.556527
389 1.484385 9.554798
390 1.483897 9.553075
391 1.483412 9.551359
392 1.482929 9.549649
393 1.482449 9.547945
394 1.481972 9.546247
395 1.481497 9.544556
396 1.481025 9.542870
397 1.480554 9.541191
398 1.480087 9.539517
399 1.479622 9.537850
400 1.479159 9.536188
401 1.478699 9.534532
402 1.478241 9.532883
403 1.477786 9.531239
404 1.477332 9.529601
405 1.476882 9.527970
406 1.476433 9.526344
407 1.475987 9.524723
408 1.475544 9.523109
409 1.475102 9.521500
410 1.474663 9.519898
411 1.474226 9.518301
412 1.473792 9.516709
413 1.473360 9.515124
414 1.472930 9.513544
415 1.472502 9.511970
416 1.472077 9.510401
417 1.471653 9.508838
418 1.471232 9.507281
419 1.470814 9.505729
420 1.470397 9.504183
421 1.469983 9.502643
422 1.469570 9.501108
423 1.469160 9.499578
424 1.468752 9.498054
425 1.468346 9.496536
426 1.467943 9.495023
427 1.467541 9.493515
428 1.467141 9.492013
429 1.466744 9.490516
430 1.466349 9.489025
431 1.465955 9.487539
432 1.465564 9.486058
433 1.465175 9.484583
434 1.464788 9.483112
435 1.464403 9.481648
436 1.464020 9.480188
437 1.463638 9.478734
438 1.463259 9.477285
439 1.462882 9.475841
440 1.462507 9.474402
441 1.462134 9.472969
442 1.461763 9.471540
443 1.461393 9.470117
444 1.461026 9.468699
445 1.460661 9.467286
446 1.460297 9.465878
447 1.459935 9.464475
448 1.459576 9.463077
449 1.459218 9.461684
450 1.458862 9.460297
451 1.458508 9.458914
452 1.458155 9.457536
453 1.457805 9.456163
454 1.457456 9.454795
455 1.457110 9.453432
456 1.456765 9.452074
457 1.456421 9.450721
458 1.456080 9.449372
459 1.455741 9.448029
460 1.455403 9.446690
461 1.455067 9.445356
462 1.454732 9.444027
463 1.454400 9.442702
464 1.454069 9.441383
465 1.453740 9.440068
466 1.453413 9.438758
467 1.453087 9.437452
468 1.452763 9.436152
469 1.452441 9.434856
470 1.452120 9.433564
471 1.451801 9.432277
472 1.451484 9.430995
473 1.451169 9.429718
474 1.450855 9.428445
475 1.450543 9.427176
476 1.450232 9.425913
477 1.449923 9.424653
478 1.449616 9.423399
479 1.449310 9.422148
480 1.449006 9.420903
481 1.448703 9.419661
482 1.448402 9.418425
483 1.448103 9.417192
484 1.447805 9.415964
485 1.447508 9.414741
486 1.447214 9.413522
487 1.446920 9.412307
488 1.446629 9.411097
489 1.446339 9.409891
490 1.446050 9.408689
491 1.445763 9.407492
492 1.445477 9.406299
493 1.445193 9.405110
494 1.444910 9.403925
495 1.444629 9.402745
496 1.444350 9.401569
497 1.444071 9.400397
498 1.443795 9.399230
499 1.443519 9.398066
500 1.443245 9.396907
