0 2.494282 16.840000
1 2.489836 16.829289
2 2.485430 16.818645
3 2.481065 16.808069
4 2.476740 16.797560
5 2.472455 16.787117
6 2.468209 16.776740
7 2.464002 16.766428
8 2.459834 16.756182
9 2.455704 16.746001
10 2.451612 16.735883
11 2.447558 16.725830
12 2.443541 16.715840
13 2.439561 16.705913
14 2.435617 16.696049
15 2.431710 16.686248
16 2.427838 16.676508
17 2.424002 16.666830
18 2.420202 16.657213
19 2.416436 16.647656
20 2.412705 16.638160
21 2.409008 16.628724
22 2.405345 16.619348
23 2.401716 16.610031
24 2.398120 16.600773
25 2.394557 16.591573
26 2.391027 16.582431
27 2.387529 16.573348
28 2.384064 16.564321
29 2.380630 16.555352
30 2.377228 16.546439
31 2.373857 16.537582
32 2.370517 16.528782
33 2.367208 16.520037
34 2.363929 16.511347
35 2.360680 16.502712
36 2.357462 16.494132
37 2.354272 16.485606
38 2.351112 16.477134
39 2.347981 16.468715
40 2.344879 16.460350
41 2.341805 16.452037
42 2.338760 16.443777
43 2.335743 16.435569
44 2.332753 16.427413
45 2.329791 16.419308
46 2.326856 16.411255
47 2.323947 16.403253
48 2.321066 16.395301
49 2.318211 16.387399
50 2.315383 16.379547
51 2.312580 16.371745
52 2.309803 16.363992
53 2.307052 16.356289
54 2.304325 16.348633
55 2.301624 16.341027
56 2.298948 16.333468
57 2.296296 16.325957
58 2.293669 16.318493
59 2.291066 16.311077
60 2.288487 16.303707
61 2.285931 16.296384
62 2.283399 16.289107
63 2.280890 16.281877
64 2.278404 16.274692
65 2.275942 16.267552
66 2.273501 16.260457
67 2.271083 16.253408
68 2.268688 16.246402
69 2.266314 16.239441
70 2.263962 16.232524
71 2.261632 16.225651
72 2.259323 16.218821
73 2.257036 16.212034
74 2.254769 16.205291
75 2.252523 16.198589
76 2.250298 16.191930
77 2.248093 16.185314
78 2.245909 16.178739
79 2.243745 16.172205
80 2.241600 16.165713
81 2.239475 16.159262
82 2.237370 16.152851
83 2.235284 16.146481
84 2.233217 16.140152
85 2.231170 16.133862
86 2.229141 16.127612
87 2.227130 16.121401
88 2.225139 16.115230
89 2.223165 16.109098
90 2.221210 16.103004
91 2.219272 16.096949
92 2.217353 16.090932
93 2.215451 16.084954
94 2.213566 16.079013
95 2.211699 16.073109
96 2.209849 16.067243
97 2.208016 16.061414
98 2.206200 16.055622
99 2.204400 16.049866
100 2.202617 16.044147
101 2.200851 16.038463
102 2.199100 16.032816
103 2.197366 16.027204
104 2.195648 16.021628
105 2.193945 16.016087
106 2.192258 16.010581
107 2.190587 16.005110
108 2.188931 15.999674
109 2.187290 15.994271
110 2.185664 15.988903
111 2.184053 15.983569
112 2.182457 15.978269
113 2.180876 15.973002
114 2.179309 15.967768
115 2.177756 15.962567
116 2.176218 15.957399
117 2.174694 15.952264
118 2.173184 15.947162
119 2.171688 15.942091
120 2.170205 15.937053
121 2.168737 15.932046
122 2.167281 15.927071
123 2.165839 15.922128
124 2.164411 15.917215
125 2.162995 15.912334
126 2.161593 15.907483
127 2.160203 15.902664
128 2.158826 15.897874
129 2.157462 15.893115
130 2.156110 15.888386
131 2.154771 15.883687
132 2.153444 15.879018
133 2.152129 15.874378
134 2.150826 15.869767
135 2.149535 15.865185
136 2.148257 15.860633
137 2.146989 15.856109
138 2.145734 15.851614
139 2.144490 15.847147
140 2.143257 15.842708
141 2.142036 15.838298
142 2.140826 15.833915
143 2.139627 15.829560
144 2.138439 15.825232
145 2.137262 15.820932
146 2.136096 15.816659
147 2.134941 15.812413
148 2.133796 15.808194
149 2.132662 15.804001
150 2.131538 15.799835
151 2.130424 15.795696
152 2.129321 15.791582
153 2.128228 15.787494
154 2.127145 15.783433
155 2.126072 15.779397
156 2.125008 15.775386
157 2.123955 15.771401
158 2.122911 15.767441
159 2.121877 15.763506
160 2.120852 15.759595
161 2.119837 15.755710
162 2.118830 15.751849
163 2.117834 15.748012
164 2.116846 15.744200
165 2.115868 15.740412
166 2.114898 15.736647
167 2.113937 15.732907
168 2.112985 15.729190
169 2.112042 15.725497
170 2.111108 15.721827
171 2.110182 15.718180
172 2.109265 15.714556
173 2.108356 15.710955
174 2.107455 15.707377
175 2.106563 15.703821
176 2.105679 15.700288
177 2.104803 15.696777
178 2.103935 15.693288
179 2.103075 15.689822
180 2.102223 15.686377
181 2.101379 15.682954
182 2.100543 15.679553
183 2.099714 15.676173
184 2.098893 15.672815
185 2.098079 15.669477
186 2.097273 15.666161
187 2.096474 15.662866
188 2.095683 15.659591
189 2.094899 15.656338
190 2.094122 15.653105
191 2.093352 15.649892
192 2.092589 15.646699
193 2.091834 15.643527
194 2.091085 15.640375
195 2.090343 15.637243
196 2.089608 15.634130
197 2.088880 15.631037
198 2.088158 15.627964
199 2.087443 15.624910
200 2.086735 15.621875
201 2.086033 15.618860
202 2.085337 15.615863
203 2.084648 15.612886
204 2.083966 15.609927
205 2.083289 15.606987
206 2.082619 15.604066
207 2.081955 15.601163
208 2.081297 15.598279
209 2.080645 15.595412
210 2.079999 15.592564
211 2.079359 15.589734
212 2.078725 15.586921
213 2.078097 15.584127
214 2.077474 15.581350
215 2.076857 15.578590
216 2.076246 15.575848
217 2.075641 15.573124
218 2.075041 15.570416
219 2.074446 15.567726
220 2.073857 15.565052
221 2.073274 15.562396
222 2.072695 15.559756
223 2.072122 15.557133
224 2.071555 15.554527
225 2.070992 15.551937
226 2.070435 15.549363
227 2.069883 15.546806
228 2.069336 15.544265
229 2.068794 15.541740
230 2.068257 15.539231
231 2.067725 15.536737
232 2.067198 15.534260
233 2.066675 15.531798
234 2.066158 15.529351
235 2.065645 15.526920
236 2.065137 15.524505
237 2.064633 15.522105
238 2.064134 15.519719
239 2.063640 15.517349
240 2.063150 15.514994
241 2.062665 15.512654
242 2.062184 15.510329
243 2.061708 15.508018
244 2.061236 15.505722
245 2.060768 15.503440
246 2.060305 15.501173
247 2.059846 15.498920
248 2.059391 15.496681
249 2.058941 15.494457
250 2.058494 15.492246
251 2.058052 15.490050
252 2.057613 15.487867
253 2.057179 15.485698
254 2.056749 15.483543
255 2.056322 15.481402
256 2.055900 15.479274
257 2.055481 15.477159
258 2.055066 15.475058
259 2.054655 15.472970
260 2.054248 15.470896
261 2.053845 15.468834
262 2.053445 15.466785
263 2.053049 15.464750
264 2.052657 15.462727
265 2.052268 15.460717
266 2.051883 15.458720
267 2.051501 15.456735
268 2.051123 15.454763
269 2.050748 15.452803
270 2.050377 15.450856
271 2.050009 15.448921
272 2.049645 15.446998
273 2.049284 15.445087
274 2.048926 15.443189
275 2.048571 15.441302
276 2.048220 15.439428
277 2.047872 15.437565
278 2.047527 15.435714
279 2.047185 15.433874
280 2.046847 15.432047
281 2.046511 15.430230
282 2.046179 15.428426
283 2.045850 15.426632
284 2.045524 15.424851
285 2.045200 15.423080
286 2.044880 15.421320
287 2.044563 15.419572
288 2.044248 15.417835
289 2.043937 15.416108
290 2.043628 15.414393
291 2.043322 15.412688
292 2.043019 15.410994
293 2.042719 15.409311
294 2.042422 15.407638
295 2.042127 15.405976
296 2.041835 15.404325
297 2.041545 15.402684
298 2.041259 15.401053
299 2.040975 15.399433
300 2.040693 15.397823
301 2.040414 15.396223
302 2.040138 15.394633
303 2.039864 15.393053
304 2.039593 15.391483
305 2.039324 15.389923
306 2.039058 15.388373
307 2.038794 15.386833
308 2.038533 15.385303
309 2.038274 15.383782
310 2.038017 15.382270
311 2.037763 15.380769
312 2.037511 15.379276
313 2.037261 15.377794
314 2.037014 15.376320
315 2.036769 15.374856
316 2.036526 15.373401
317 2.036285 15.371956
318 2.036047 15.370519
319 2.035811 15.369092
320 2.035577 15.367673
321 2.035345 15.366264
322 2.035115 15.364863
323 2.034887 15.363471
324 2.034662 15.362088
325 2.034438 15.360714
326 2.034217 15.359349
327 2.033998 15.357992
328 2.033780 15.356643
329 2.033565 15.355304
330 2.033352 15.353972
331 2.033140 15.352649
332 2.032931 15.351335
333 2.032723 15.350029
334 2.032518 15.348731
335 2.032314 15.347441
336 2.032112 15.346159
337 2.031912 15.344885
338 2.031714 15.343620
339 2.031517 15.342362
340 2.031323 15.341113
341 2.031130 15.339871
342 2.030939 15.338637
343 2.030750 15.337411
344 2.030562 15.336193
345 2.030376 15.334982
346 2.030192 15.333779
347 2.030010 15.332584
348 2.029829 15.331396
349 2.029650 15.330216
350 2.029473 15.329043
351 2.029297 15.327878
352 2.029123 15.326720
353 2.028950 15.325569
354 2.028779 15.324425
355 2.028610 15.323289
356 2.028442 15.322160
357 2.028276 15.321038
358 2.028111 15.319923
359 2.027948 15.318815
360 2.027786 15.317714
361 2.027626 15.316621
362 2.027467 15.315534
363 2.027309 15.314454
364 2.027153 15.313380
365 2.026999 15.312314
366 2.026846 15.311254
367 2.026694 15.310201
368 2.026544 15.309155
369 2.026395 15.308115
370 2.026248 15.307082
371 2.026102 15.306055
372 2.025957 15.305035
373 2.025813 15.304021
374 2.025671 15.303014
375 2.025530 15.302013
376 2.025391 15.301018
377 2.025252 15.300030
378 2.025115 15.299047
379 2.024980 15.298071
380 2.024845 15.297102
381 2.024712 15.296138
382 2.024580 15.295181
383 2.024449 15.294229
384 2.024319 15.293284
385 2.024191 15.292344
386 2.024064 15.291410
387 2.023938 15.290483
388 2.023813 15.289561
389 2.023689 15.288645
390 2.023566 15.287735
391 2.023445 15.286830
392 2.023324 15.285931
393 2.023205 15.285038
394 2.023087 15.284151
395 2.022970 15.283269
396 2.022854 15.282393
397 2.022739 15.281522
398 2.022625 15.280657
399 2.022512 15.279797
400 2.022400 15.278943
401 2.022289 15.278094
402 2.022180 15.277250
403 2.022071 15.276412
404 2.021963 15.275579
405 2.021856 15.274752
406 2.021750 15.273929
407 2.021646 15.273112
408 2.021542 15.272300
409 2.021439 15.271493
410 2.021337 15.270691
411 2.021236 15.269894
412 2.021136 15.269102
413 2.021037 15.268316
414 2.020938 15.267534
415 2.020841 15.266757
416 2.020744 15.265985
417 2.020649 15.265218
418 2.020554 15.264456
419 2.020460 15.263698
420 2.020367 15.262946
421 2.020275 15.262198
422 2.020184 15.261455
423 2.020094 15.260716
424 2.020004 15.259983
425 2.019915 15.259253
426 2.019827 15.258529
427 2.019740 15.257809
428 2.019654 15.257094
429 2.019568 15.256383
430 2.019483 15.255676
431 2.019399 15.254974
432 2.019316 15.254277
433 2.019234 15.253584
434 2.019152 15.252895
435 2.019071 15.252211
436 2.018991 15.251531
437 2.018911 15.250855
438 2.018833 15.250183
439 2.018754 15.249516
440 2.018677 15.248853
441 2.018601 15.248194
442 2.018525 15.247540
443 2.018450 15.246889
444 2.018375 15.246243
445 2.018301 15.245600
446 2.018228 15.244962
447 2.018156 15.244328
448 2.018084 15.243698
449 2.018013 15.243071
450 2.017942 15.242449
451 2.017872 15.241831
452 2.017803 15.241216
453 2.017735 15.240606
454 2.017667 15.239999
455 2.017599 15.239396
456 2.017533 15.238797
457 2.017467 15.238202
458 2.017401 15.237610
459 2.017336 15.237022
460 2.017272 15.236438
461 2.017208 15.235858
462 2.017145 15.235281
463 2.017083 15.234708
464 2.017021 15.234139
465 2.016959 15.233573
466 2.016899 15.233010
467 2.016838 15.232452
468 2.016779 15.231897
469 2.016719 15.231345
470 2.016661 15.230797
471 2.016603 15.230252
472 2.016545 15.229711
473 2.016488 15.229173
474 2.016432 15.228638
475 2.016376 15.228107
476 2.016320 15.227579
477 2.016265 15.227055
478 2.016211 15.226534
479 2.016157 15.226016
480 2.016104 15.225501
481 2.016051 15.224990
482 2.015998 15.224482
483 2.015946 15.223977
484 2.015895 15.223475
485 2.015844 15.222977
486 2.015793 15.222482
487 2.015743 15.221989
488 2.015693 15.221500
489 2.015644 15.221014
490 2.015595 15.220531
491 2.015547 15.220051
492 2.015499 15.219575
493 2.015452 15.219101
494 2.015405 15.218630
495 2.015358 15.218162
496 2.015312 15.217697
497 2.015267 15.217235
498 2.015221 15.216776
499 2.015177 15.216320
500 2.015132 15.215866
