0 0.234581 3.120000
1 0.233406 3.114421
2 0.232246 3.108890
3 0.231100 3.103406
4 0.229968 3.097969
5 0.228850 3.092579
6 0.227746 3.087234
7 0.226656 3.081935
8 0.225580 3.076681
9 0.224516 3.071472
10 0.223466 3.066307
11 0.222429 3.061187
12 0.221405 3.056110
13 0.220393 3.051077
14 0.219394 3.046086
15 0.218408 3.041138
16 0.217433 3.036232
17 0.216471 3.031369
18 0.215521 3.026546
19 0.214582 3.021765
20 0.213655 3.017025
21 0.212740 3.012325
22 0.211836 3.007665
23 0.210943 3.003045
24 0.210061 2.998464
25 0.209191 2.993922
26 0.208331 2.989419
27 0.207481 2.984955
28 0.206642 2.980529
29 0.205814 2.976140
30 0.204996 2.971789
31 0.204188 2.967475
32 0.203390 2.963198
33 0.202602 2.958957
34 0.201824 2.954753
35 0.201055 2.950584
36 0.200296 2.946451
37 0.199546 2.942353
38 0.198806 2.938290
39 0.198075 2.934262
40 0.197352 2.930268
41 0.196639 2.926309
42 0.195935 2.922383
43 0.195239 2.918490
44 0.194552 2.914631
45 0.193874 2.910805
46 0.193204 2.907011
47 0.192542 2.903250
48 0.191889 2.899521
49 0.191243 2.895824
50 0.190606 2.892158
51 0.189976 2.888523
52 0.189355 2.884920
53 0.188741 2.881347
54 0.188134 2.877805
55 0.187535 2.874293
56 0.186944 2.870811
57 0.186360 2.867358
58 0.185783 2.863936
59 0.185213 2.860542
60 0.184651 2.857177
61 0.184095 2.853841
62 0.183546 2.850534
63 0.183004 2.847254
64 0.182469 2.844003
65 0.181941 2.840779
66 0.181419 2.837583
67 0.180903 2.834414
68 0.180394 2.831273
69 0.179891 2.828158
70 0.179394 2.825069
71 0.178904 2.822007
72 0.178420 2.818971
73 0.177941 2.815961
74 0.177469 2.812977
75 0.177002 2.810018
76 0.176541 2.807084
77 0.176086 2.804176
78 0.175637 2.801292
79 0.175193 2.798433
80 0.174755 2.795598
81 0.174322 2.792788
82 0.173894 2.790001
83 0.173472 2.787238
84 0.173055 2.784499
85 0.172643 2.781783
86 0.172237 2.779090
87 0.171835 2.776421
88 0.171438 2.773774
89 0.171047 2.771150
90 0.170660 2.768548
91 0.170278 2.765968
92 0.169900 2.763410
93 0.169527 2.760874
94 0.169159 2.758360
95 0.168796 2.755867
96 0.168437 2.753396
97 0.168082 2.750945
98 0.167732 2.748516
99 0.167386 2.746107
100 0.167045 2.743718
101 0.166708 2.741351
102 0.166375 2.739003
103 0.166046 2.736675
104 0.165721 2.734368
105 0.165400 2.732079
106 0.165083 2.729811
107 0.164770 2.727562
108 0.164461 2.725332
109 0.164156 2.723121
110 0.163854 2.720929
111 0.163557 2.718755
112 0.163263 2.716600
113 0.162972 2.714464
114 0.162686 2.712345
115 0.162402 2.710245
116 0.162123 2.708163
117 0.161846 2.706099
118 0.161574 2.704052
119 0.161304 2.702022
120 0.161038 2.700010
121 0.160775 2.698015
122 0.160516 2.696037
123 0.160260 2.694076
124 0.160006 2.692132
125 0.159757 2.690204
126 0.159510 2.688293
127 0.159266 2.686398
128 0.159025 2.684519
129 0.158787 2.682657
130 0.158552 2.680810
131 0.158320 2.678979
132 0.158091 2.677163
133 0.157865 2.675363
134 0.157642 2.673579
135 0.157421 2.671809
136 0.157203 2.670055
137 0.156988 2.668316
138 0.156775 2.666591
139 0.156566 2.664881
140 0.156358 2.663186
141 0.156154 2.661506
142 0.155951 2.659839
143 0.155752 2.658187
144 0.155555 2.656549
145 0.155360 2.654925
146 0.155167 2.653315
147 0.154977 2.651718
148 0.154790 2.650135
149 0.154605 2.648566
150 0.154422 2.647010
151 0.154241 2.645467
152 0.154062 2.643938
153 0.153886 2.642421
154 0.153712 2.640918
155 0.153540 2.639427
156 0.153370 2.637949
157 0.153203 2.636484
158 0.153037 2.635031
159 0.152874 2.633591
160 0.152712 2.632162
161 0.152553 2.630746
162 0.152395 2.629343
163 0.152240 2.627951
164 0.152086 2.626571
165 0.151934 2.625202
166 0.151784 2.623846
167 0.151636 2.622501
168 0.151490 2.621167
169 0.151346 2.619845
170 0.151203 2.618534
171 0.151063 2.617234
172 0.150924 2.615946
173 0.150786 2.614668
174 0.150651 2.613402
175 0.150517 2.612146
176 0.150384 2.610900
177 0.150254 2.609666
178 0.150125 2.608442
179 0.149997 2.607228
180 0.149872 2.606025
181 0.149747 2.604832
182 0.149625 2.603649
183 0.149503 2.602477
184 0.149384 2.601314
185 0.149265 2.600161
186 0.149149 2.599018
187 0.149033 2.597885
188 0.148920 2.596762
189 0.148807 2.595648
190 0.148696 2.594543
191 0.148586 2.593448
192 0.148478 2.592363
193 0.148371 2.591286
194 0.148265 2.590219
195 0.148161 2.589161
196 0.148058 2.588112
197 0.147956 2.587072
198 0.147856 2.586041
199 0.147756 2.585018
200 0.147658 2.584005
201 0.147562 2.582999
202 0.147466 2.582003
203 0.147372 2.581015
204 0.147278 2.580035
205 0.147186 2.579064
206 0.147095 2.578101
207 0.147005 2.577147
208 0.146917 2.576200
209 0.146829 2.575262
210 0.146743 2.574331
211 0.146657 2.573409
212 0.146573 2.572494
213 0.146489 2.571587
214 0.146407 2.570688
215 0.146326 2.569797
216 0.146245 2.568913
217 0.146166 2.568037
218 0.146088 2.567168
219 0.146010 2.566306
220 0.145934 2.565452
221 0.145859 2.564606
222 0.145784 2.563766
223 0.145711 2.562934
224 0.145638 2.562109
225 0.145566 2.561290
226 0.145495 2.560479
227 0.145425 2.559675
228 0.145356 2.558877
229 0.145288 2.558087
230 0.145221 2.557303
231 0.145154 2.556526
232 0.145088 2.555755
233 0.145023 2.554991
234 0.144959 2.554233
235 0.144896 2.553482
236 0.144833 2.552738
237 0.144771 2.552000
238 0.144710 2.551268
239 0.144650 2.550542
240 0.144591 2.549822
241 0.144532 2.549109
242 0.144474 2.548402
243 0.144417 2.547700
244 0.144360 2.547005
245 0.144304 2.546316
246 0.144249 2.545632
247 0.144194 2.544955
248 0.144140 2.544283
249 0.144087 2.543617
250 0.144035 2.542956
251 0.143983 2.542302
252 0.143932 2.541652
253 0.143881 2.541009
254 0.143831 2.540371
255 0.143782 2.539738
256 0.143733 2.539110
257 0.143685 2.538488
258 0.143637 2.537872
259 0.143590 2.537260
260 0.143544 2.536654
261 0.143498 2.536053
262 0.143453 2.535457
263 0.143408 2.534866
264 0.143364 2.534281
265 0.143321 2.533700
266 0.143278 2.533124
267 0.143235 2.532553
268 0.143193 2.531987
269 0.143152 2.531426
270 0.143111 2.530870
271 0.143071 2.530318
272 0.143031 2.529771
273 0.142991 2.529229
274 0.142952 2.528691
275 0.142914 2.528158
276 0.142876 2.527629
277 0.142838 2.527105
278 0.142801 2.526586
279 0.142765 2.526071
280 0.142729 2.525560
281 0.142693 2.525054
282 0.142658 2.524552
283 0.142623 2.524054
284 0.142589 2.523560
285 0.142555 2.523071
286 0.142521 2.522586
287 0.142488 2.522105
288 0.142455 2.521628
289 0.142423 2.521155
290 0.142391 2.520687
291 0.142360 2.520222
292 0.142329 2.519761
293 0.142298 2.519304
294 0.142268 2.518851
295 0.142238 2.518402
296 0.142208 2.517957
297 0.142179 2.517515
298 0.142150 2.517078
299 0.142122 2.516644
300 0.142093 2.516213
301 0.142066 2.515787
302 0.142038 2.515364
303 0.142011 2.514945
304 0.141984 2.514529
305 0.141958 2.514117
306 0.141932 2.513708
307 0.141906 2.513303
308 0.141880 2.512901
309 0.141855 2.512503
310 0.141830 2.512108
311 0.141806 2.511716
312 0.141782 2.511328
313 0.141758 2.510943
314 0.141734 2.510561
315 0.141711 2.510183
316 0.141688 2.509808
317 0.141665 2.509436
318 0.141643 2.509067
319 0.141620 2.508701
320 0.141598 2.508339
321 0.141577 2.507980
322 0.141555 2.507623
323 0.141534 2.507270
324 0.141513 2.506920
325 0.141493 2.506572
326 0.141472 2.506228
327 0.141452 2.505887
328 0.141433 2.505548
329 0.141413 2.505212
330 0.141394 2.504880
331 0.141374 2.504550
332 0.141356 2.504223
333 0.141337 2.503899
334 0.141319 2.503577
335 0.141300 2.503258
336 0.141282 2.502942
337 0.141265 2.502629
338 0.141247 2.502318
339 0.141230 2.502010
340 0.141213 2.501705
341 0.141196 2.501402
342 0.141179 2.501102
343 0.141163 2.500804
344 0.141147 2.500509
345 0.141130 2.500216
346 0.141115 2.499926
347 0.141099 2.499639
348 0.141084 2.499353
349 0.141068 2.499071
350 0.141053 2.498790
351 0.141038 2.498512
352 0.141024 2.498237
353 0.141009 2.497964
354 0.140995 2.497693
355 0.140981 2.497424
356 0.140967 2.497158
357 0.140953 2.496894
358 0.140939 2.496632
359 0.140926 2.496373
360 0.140912 2.496115
361 0.140899 2.495860
362 0.140886 2.495607
363 0.140873 2.495357
364 0.140861 2.495108
365 0.140848 2.494861
366 0.140836 2.494617
367 0.140824 2.494375
368 0.140812 2.494135
369 0.140800 2.493896
370 0.140788 2.493660
371 0.140776 2.493426
372 0.140765 2.493194
373 0.140754 2.492964
374 0.140742 2.492735
375 0.140731 2.492509
376 0.140721 2.492285
377 0.140710 2.492062
378 0.140699 2.491842
379 0.140689 2.491623
380 0.140678 2.491407
381 0.140668 2.491192
382 0.140658 2.490978
383 0.140648 2.490767
384 0.140638 2.490558
385 0.140628 2.490350
386 0.140619 2.490144
387 0.140609 2.489940
388 0.140600 2.489738
389 0.140591 2.489537
390 0.140581 2.489338
391 0.140572 2.489141
392 0.140563 2.488945
393 0.140555 2.488751
394 0.140546 2.488559
395 0.140537 2.488368
396 0.140529 2.488179
397 0.140520 2.487992
398 0.140512 2.487806
399 0.140504 2.487622
400 0.140496 2.487439
401 0.140488 2.487258
402 0.140480 2.487079
403 0.140472 2.486901
404 0.140465 2.486724
405 0.140457 2.486549
406 0.140449 2.486376
407 0.140442 2.486204
408 0.140435 2.486033
409 0.140428 2.485864
410 0.140420 2.485697
411 0.140413 2.485530
412 0.140406 2.485366
413 0.140400 2.485202
414 0.140393 2.485040
415 0.140386 2.484880
416 0.140379 2.484720
417 0.140373 2.484562
418 0.140366 2.484406
419 0.140360 2.484251
420 0.140354 2.484097
421 0.140348 2.483944
422 0.140341 2.483793
423 0.140335 2.483643
424 0.140329 2.483494
425 0.140324 2.483347
426 0.140318 2.483201
427 0.140312 2.483056
428 0.140306 2.482912
429 0.140301 2.482770
430 0.140295 2.482629
431 0.140290 2.482489
432 0.140284 2.482350
433 0.140279 2.482212
434 0.140273 2.482076
435 0.140268 2.481940
436 0.140263 2.481806
437 0.140258 2.481673
438 0.140253 2.481541
439 0.140248 2.481411
440 0.140243 2.481281
441 0.140238 2.481152
442 0.140234 2.481025
443 0.140229 2.480899
444 0.140224 2.480773
445 0.140220 2.480649
446 0.140215 2.480526
447 0.140210 2.480404
448 0.140206 2.480283
449 0.140202 2.480163
450 0.140197 2.480044
451 0.140193 2.479926
452 0.140189 2.479809
453 0.140185 2.479693
454 0.140181 2.479578
455 0.140176 2.479464
456 0.140172 2.479351
457 0.140168 2.479239
458 0.140165 2.479128
459 0.140161 2.479018
460 0.140157 2.478909
461 0.140153 2.478800
462 0.140149 2.478693
463 0.140146 2.478587
464 0.140142 2.478481
465 0.140138 2.478376
466 0.140135 2.478273
467 0.140131 2.478170
468 0.140128 2.478068
469 0.140125 2.477967
470 0.140121 2.477866
471 0.140118 2.477767
472 0.140115 2.477669
473 0.140111 2.477571
474 0.140108 2.477474
475 0.140105 2.477378
476 0.140102 2.477283
477 0.140099 2.477188
478 0.140096 2.477095
479 0.140093 2.477002
480 0.140090 2.476910
481 0.140087 2.476819
482 0.140084 2.476728
483 0.140081 2.476639
484 0.140078 2.476550
485 0.140075 2.476461
486 0.140073 2.476374
487 0.140070 2.476287
488 0.140067 2.476202
489 0.140065 2.476116
490 0.140062 2.476032
491 0.140059 2.475948
492 0.140057 2.475865
493 0.140054 2.475783
494 0.140052 2.475701
495 0.140049 2.475620
496 0.140047 2.475540
497 0.140044 2.475461
498 0.140042 2.475382
499 0.140040 2.475303
500 0.140037 2.475226
