0 0.461789 6.160000
1 0.460397 6.153371
2 0.459021 6.146796
3 0.457662 6.140276
4 0.456319 6.133809
5 0.454993 6.127395
6 0.453682 6.121034
7 0.452386 6.114726
8 0.451107 6.108469
9 0.449842 6.102263
10 0.448593 6.096109
11 0.447358 6.090005
12 0.446138 6.083951
13 0.444933 6.077948
14 0.443743 6.071993
15 0.442566 6.066087
16 0.441404 6.060230
17 0.440255 6.054422
18 0.439120 6.048661
19 0.437999 6.042947
20 0.436891 6.037280
21 0.435796 6.031660
22 0.434715 6.026086
23 0.433646 6.020558
24 0.432590 6.015075
25 0.431547 6.009637
26 0.430516 6.004244
27 0.429498 5.998896
28 0.428492 5.993591
29 0.427497 5.988330
30 0.426515 5.983112
31 0.425544 5.977937
32 0.424585 5.972805
33 0.423638 5.967715
34 0.422702 5.962667
35 0.421776 5.957660
36 0.420862 5.952694
37 0.419959 5.947769
38 0.419067 5.942885
39 0.418185 5.938041
40 0.417314 5.933236
41 0.416454 5.928471
42 0.415603 5.923746
43 0.414763 5.919059
44 0.413933 5.914411
45 0.413113 5.909800
46 0.412302 5.905228
47 0.411501 5.900694
48 0.410710 5.896196
49 0.409928 5.891736
50 0.409156 5.887312
51 0.408393 5.882925
52 0.407639 5.878574
53 0.406894 5.874258
54 0.406158 5.869978
55 0.405430 5.865733
56 0.404712 5.861523
57 0.404001 5.857348
58 0.403300 5.853207
59 0.402607 5.849100
60 0.401922 5.845027
61 0.401245 5.840987
62 0.400576 5.836980
63 0.399916 5.833007
64 0.399263 5.829066
65 0.398618 5.825157
66 0.397981 5.821281
67 0.397351 5.817437
68 0.396729 5.813624
69 0.396114 5.809842
70 0.395507 5.806092
71 0.394907 5.802372
72 0.394314 5.798683
73 0.393728 5.795024
74 0.393149 5.791395
75 0.392577 5.787797
76 0.392012 5.784227
77 0.391454 5.780687
78 0.390902 5.777177
79 0.390357 5.773695
80 0.389819 5.770241
81 0.389287 5.766816
82 0.388761 5.763420
83 0.388242 5.760051
84 0.387728 5.756710
85 0.387221 5.753396
86 0.386720 5.750110
87 0.386225 5.746850
88 0.385736 5.743617
89 0.385253 5.740411
90 0.384775 5.737232
91 0.384303 5.734078
92 0.383837 5.730951
93 0.383376 5.727849
94 0.382921 5.724772
95 0.382472 5.721721
96 0.382027 5.718695
97 0.381588 5.715694
98 0.381155 5.712717
99 0.380726 5.709765
100 0.380303 5.706837
101 0.379884 5.703934
102 0.379471 5.701054
103 0.379062 5.698198
104 0.378659 5.695365
105 0.378260 5.692556
106 0.377866 5.689769
107 0.377477 5.687006
108 0.377092 5.684265
109 0.376712 5.681547
110 0.376337 5.678851
111 0.375966 5.676178
112 0.375599 5.673526
113 0.375237 5.670896
114 0.374879 5.668288
115 0.374526 5.665701
116 0.374176 5.663136
117 0.373831 5.660591
118 0.373490 5.658068
119 0.373153 5.655565
120 0.372820 5.653083
121 0.372491 5.650621
122 0.372166 5.648179
123 0.371845 5.645758
124 0.371528 5.643356
125 0.371214 5.640974
126 0.370905 5.638612
127 0.370598 5.636269
128 0.370296 5.633946
129 0.369997 5.631641
130 0.369702 5.629356
131 0.369410 5.627089
132 0.369122 5.624841
133 0.368837 5.622611
134 0.368556 5.620400
135 0.368278 5.618207
136 0.368003 5.616032
137 0.367732 5.613875
138 0.367464 5.611735
139 0.367199 5.609613
140 0.366937 5.607509
141 0.366678 5.605422
142 0.366423 5.603352
143 0.366170 5.601299
144 0.365921 5.599263
145 0.365674 5.597243
146 0.365431 5.595240
147 0.365190 5.593254
148 0.364952 5.591284
149 0.364717 5.589330
150 0.364485 5.587393
151 0.364256 5.585471
152 0.364029 5.583565
153 0.363805 5.581675
154 0.363584 5.579800
155 0.363366 5.577941
156 0.363150 5.576096
157 0.362936 5.574268
158 0.362725 5.572454
159 0.362517 5.570655
160 0.362311 5.568871
161 0.362108 5.567101
162 0.361907 5.565346
163 0.361708 5.563606
164 0.361512 5.561879
165 0.361318 5.560167
166 0.361127 5.558469
167 0.360938 5.556785
168 0.360751 5.555115
169 0.360566 5.553459
170 0.360383 5.551816
171 0.360203 5.550187
172 0.360025 5.548571
173 0.359849 5.546968
174 0.359675 5.545379
175 0.359503 5.543802
176 0.359333 5.542239
177 0.359165 5.540688
178 0.359000 5.539150
179 0.358836 5.537625
180 0.358674 5.536113
181 0.358514 5.534612
182 0.358356 5.533124
183 0.358200 5.531649
184 0.358046 5.530185
185 0.357893 5.528734
186 0.357743 5.527294
187 0.357594 5.525867
188 0.357447 5.524451
189 0.357302 5.523046
190 0.357158 5.521653
191 0.357016 5.520272
192 0.356876 5.518902
193 0.356738 5.517543
194 0.356601 5.516196
195 0.356466 5.514859
196 0.356333 5.513534
197 0.356201 5.512219
198 0.356070 5.510915
199 0.355941 5.509622
200 0.355814 5.508340
201 0.355688 5.507068
202 0.355564 5.505807
203 0.355441 5.504555
204 0.355320 5.503315
205 0.355200 5.502084
206 0.355082 5.500864
207 0.354965 5.499653
208 0.354849 5.498453
209 0.354735 5.497262
210 0.354622 5.496081
211 0.354511 5.494910
212 0.354401 5.493749
213 0.354292 5.492597
214 0.354184 5.491454
215 0.354078 5.490321
216 0.353973 5.489197
217 0.353869 5.488083
218 0.353767 5.486977
219 0.353666 5.485881
220 0.353566 5.484794
221 0.353467 5.483715
222 0.353369 5.482646
223 0.353273 5.481585
224 0.353177 5.480533
225 0.353083 5.479490
226 0.352990 5.478455
227 0.352898 5.477429
228 0.352807 5.476411
229 0.352717 5.475402
230 0.352628 5.474401
231 0.352541 5.473408
232 0.352454 5.472423
233 0.352369 5.471446
234 0.352284 5.470478
235 0.352201 5.469517
236 0.352118 5.468564
237 0.352036 5.467620
238 0.351956 5.466682
239 0.351876 5.465753
240 0.351798 5.464831
241 0.351720 5.463917
242 0.351643 5.463010
243 0.351567 5.462111
244 0.351492 5.461219
245 0.351418 5.460335
246 0.351345 5.459457
247 0.351273 5.458587
248 0.351201 5.457724
249 0.351130 5.456869
250 0.351061 5.456020
251 0.350992 5.455178
252 0.350924 5.454343
253 0.350856 5.453515
254 0.350790 5.452694
255 0.350724 5.451879
256 0.350659 5.451072
257 0.350595 5.450271
258 0.350532 5.449476
259 0.350469 5.448688
260 0.350407 5.447907
261 0.350346 5.447131
262 0.350286 5.446363
263 0.350226 5.445600
264 0.350167 5.444844
265 0.350109 5.444094
266 0.350051 5.443351
267 0.349995 5.442613
268 0.349938 5.441881
269 0.349883 5.441156
270 0.349828 5.440436
271 0.349774 5.439722
272 0.349720 5.439015
273 0.349667 5.438313
274 0.349615 5.437616
275 0.349563 5.436926
276 0.349512 5.436241
277 0.349462 5.435562
278 0.349412 5.434888
279 0.349363 5.434220
280 0.349314 5.433558
281 0.349266 5.432901
282 0.349219 5.432249
283 0.349172 5.431602
284 0.349126 5.430961
285 0.349080 5.430326
286 0.349034 5.429695
287 0.348990 5.429070
288 0.348946 5.428449
289 0.348902 5.427834
290 0.348859 5.427224
291 0.348816 5.426619
292 0.348774 5.426019
293 0.348732 5.425424
294 0.348691 5.424834
295 0.348651 5.424248
296 0.348611 5.423668
297 0.348571 5.423092
298 0.348532 5.422521
299 0.348493 5.421954
300 0.348455 5.421392
301 0.348417 5.420835
302 0.348380 5.420283
303 0.348343 5.419735
304 0.348306 5.419191
305 0.348270 5.418652
306 0.348235 5.418118
307 0.348200 5.417587
308 0.348165 5.417062
309 0.348131 5.416540
310 0.348097 5.416023
311 0.348063 5.415510
312 0.348030 5.415001
313 0.347997 5.414497
314 0.347965 5.413996
315 0.347933 5.413500
316 0.347902 5.413008
317 0.347870 5.412519
318 0.347840 5.412035
319 0.347809 5.411555
320 0.347779 5.411079
321 0.347749 5.410606
322 0.347720 5.410138
323 0.347691 5.409673
324 0.347662 5.409212
325 0.347634 5.408755
326 0.347606 5.408302
327 0.347578 5.407853
328 0.347551 5.407407
329 0.347524 5.406965
330 0.347498 5.406526
331 0.347471 5.406091
332 0.347445 5.405660
333 0.347419 5.405232
334 0.347394 5.404808
335 0.347369 5.404387
336 0.347344 5.403970
337 0.347320 5.403556
338 0.347295 5.403145
339 0.347271 5.402738
340 0.347248 5.402334
341 0.347224 5.401934
342 0.347201 5.401537
343 0.347179 5.401143
344 0.347156 5.400752
345 0.347134 5.400365
346 0.347112 5.399981
347 0.347090 5.399599
348 0.347069 5.399222
349 0.347047 5.398847
350 0.347026 5.398475
351 0.347006 5.398106
352 0.346985 5.397740
353 0.346965 5.397378
354 0.346945 5.397018
355 0.346925 5.396661
356 0.346906 5.396307
357 0.346886 5.395957
358 0.346867 5.395609
359 0.346849 5.395263
360 0.346830 5.394921
361 0.346812 5.394582
362 0.346794 5.394245
363 0.346776 5.393911
364 0.346758 5.393580
365 0.346740 5.393251
366 0.346723 5.392925
367 0.346706 5.392602
368 0.346689 5.392282
369 0.346672 5.391964
370 0.346656 5.391649
371 0.346640 5.391336
372 0.346624 5.391026
373 0.346608 5.390719
374 0.346592 5.390414
375 0.346576 5.390111
376 0.346561 5.389811
377 0.346546 5.389514
378 0.346531 5.389219
379 0.346516 5.388926
380 0.346502 5.388636
381 0.346487 5.388348
382 0.346473 5.388063
383 0.346459 5.387779
384 0.346445 5.387499
385 0.346431 5.387220
386 0.346417 5.386944
387 0.346404 5.386670
388 0.346391 5.386398
389 0.346378 5.386129
390 0.346365 5.385862
391 0.346352 5.385597
392 0.346339 5.385334
393 0.346327 5.385073
394 0.346314 5.384814
395 0.346302 5.384558
396 0.346290 5.384304
397 0.346278 5.384051
398 0.346266 5.383801
399 0.346255 5.383553
400 0.346243 5.383307
401 0.346232 5.383063
402 0.346221 5.382821
403 0.346210 5.382581
404 0.346199 5.382343
405 0.346188 5.382107
406 0.346177 5.381873
407 0.346167 5.381640
408 0.346156 5.381410
409 0.346146 5.381182
410 0.346136 5.380955
411 0.346126 5.380730
412 0.346116 5.380508
413 0.346106 5.380287
414 0.346096 5.380067
415 0.346086 5.379850
416 0.346077 5.379634
417 0.346068 5.379420
418 0.346058 5.379208
419 0.346049 5.378998
420 0.346040 5.378789
421 0.346031 5.378583
422 0.346022 5.378377
423 0.346014 5.378174
424 0.346005 5.377972
425 0.345997 5.377772
426 0.345988 5.377573
427 0.345980 5.377376
428 0.345972 5.377181
429 0.345964 5.376987
430 0.345956 5.376795
431 0.345948 5.376605
432 0.345940 5.376416
433 0.345932 5.376229
434 0.345924 5.376043
435 0.345917 5.375858
436 0.345909 5.375676
437 0.345902 5.375494
438 0.345895 5.375314
439 0.345888 5.375136
440 0.345880 5.374959
441 0.345873 5.374784
442 0.345867 5.374610
443 0.345860 5.374437
444 0.345853 5.374266
445 0.345846 5.374096
446 0.345840 5.373928
447 0.345833 5.373761
448 0.345827 5.373596
449 0.345820 5.373431
450 0.345814 5.373269
451 0.345808 5.373107
452 0.345802 5.372947
453 0.345795 5.372788
454 0.345789 5.372630
455 0.345784 5.372474
456 0.345778 5.372319
457 0.345772 5.372166
458 0.345766 5.372013
459 0.345761 5.371862
460 0.345755 5.371712
461 0.345749 5.371563
462 0.345744 5.371416
463 0.345739 5.371269
464 0.345733 5.371124
465 0.345728 5.370980
466 0.345723 5.370838
467 0.345718 5.370696
468 0.345713 5.370556
469 0.345708 5.370417
470 0.345703 5.370279
471 0.345698 5.370142
472 0.345693 5.370006
473 0.345688 5.369871
474 0.345683 5.369738
475 0.345679 5.369605
476 0.345674 5.369474
477 0.345670 5.369343
478 0.345665 5.369214
479 0.345661 5.369086
480 0.345656 5.368959
481 0.345652 5.368833
482 0.345648 5.368708
483 0.345643 5.368584
484 0.345639 5.368461
485 0.345635 5.368339
486 0.345631 5.368218
487 0.345627 5.368098
488 0.345623 5.367979
489 0.345619 5.367861
490 0.345615 5.367744
491 0.345611 5.367628
492 0.345607 5.367512
493 0.345604 5.367398
494 0.345600 5.367285
495 0.345596 5.367173
496 0.345593 5.367061
497 0.345589 5.366951
498 0.345586 5.366841
499 0.345582 5.366733
500 0.345579 5.366625
