0 0.438701 5.330000
1 0.436902 5.322186
2 0.435139 5.314482
3 0.433412 5.306885
4 0.431720 5.299395
5 0.430062 5.292009
6 0.428438 5.284726
7 0.426847 5.277546
8 0.425289 5.270465
9 0.423761 5.263483
10 0.422265 5.256599
11 0.420799 5.249812
12 0.419363 5.243119
13 0.417956 5.236519
14 0.416578 5.230012
15 0.415228 5.223596
16 0.413905 5.217269
17 0.412608 5.211031
18 0.411339 5.204880
19 0.410094 5.198815
20 0.408876 5.192835
21 0.407681 5.186938
22 0.406511 5.181124
23 0.405365 5.175391
24 0.404242 5.169738
25 0.403142 5.164164
26 0.402064 5.158668
27 0.401008 5.153249
28 0.399974 5.147906
29 0.398960 5.142637
30 0.397967 5.137442
31 0.396994 5.132319
32 0.396041 5.127268
33 0.395108 5.122288
34 0.394193 5.117377
35 0.393297 5.112535
36 0.392418 5.107760
37 0.391558 5.103053
38 0.390715 5.098411
39 0.389890 5.093834
40 0.389081 5.089321
41 0.388288 5.084871
42 0.387512 5.080483
43 0.386751 5.076156
44 0.386006 5.071890
45 0.385276 5.067684
46 0.384560 5.063536
47 0.383859 5.059446
48 0.383173 5.055414
49 0.382500 5.051437
50 0.381841 5.047517
51 0.381195 5.043651
52 0.380563 5.039839
53 0.379943 5.036081
54 0.379336 5.032375
55 0.378741 5.028720
56 0.378158 5.025117
57 0.377587 5.021564
58 0.377028 5.018061
59 0.376480 5.014607
60 0.375943 5.011201
61 0.375417 5.007843
62 0.374902 5.004531
63 0.374397 5.001266
64 0.373902 4.998047
65 0.373418 4.994872
66 0.372943 4.991742
67 0.372478 4.988656
68 0.372022 4.985612
69 0.371576 4.982612
70 0.371138 4.979653
71 0.370710 4.976736
72 0.370290 4.973859
73 0.369879 4.971022
74 0.369476 4.968226
75 0.369081 4.965468
76 0.368694 4.962749
77 0.368315 4.960067
78 0.367944 4.957424
79 0.367580 4.954817
80 0.367224 4.952247
81 0.366875 4.949712
82 0.366533 4.947213
83 0.366198 4.944749
84 0.365869 4.942319
85 0.365548 4.939924
86 0.365233 4.937561
87 0.364924 4.935232
88 0.364621 4.932936
89 0.364325 4.930671
90 0.364035 4.928438
91 0.363750 4.926236
92 0.363472 4.924065
93 0.363199 4.921925
94 0.362931 4.919814
95 0.362669 4.917733
96 0.362413 4.915681
97 0.362161 4.913657
98 0.361915 4.911662
99 0.361673 4.909695
100 0.361437 4.907755
101 0.361205 4.905843
102 0.360978 4.903957
103 0.360756 4.902097
104 0.360538 4.900263
105 0.360325 4.898455
106 0.360115 4.896673
107 0.359911 4.894915
108 0.359710 4.893182
109 0.359513 4.891473
110 0.359320 4.889788
111 0.359132 4.888126
112 0.358947 4.886488
113 0.358766 4.884872
114 0.358588 4.883279
115 0.358414 4.881709
116 0.358244 4.880160
117 0.358077 4.878633
118 0.357913 4.877127
119 0.357753 4.875643
120 0.357596 4.874179
121 0.357442 4.872735
122 0.357292 4.871312
123 0.357144 4.869909
124 0.357000 4.868525
125 0.356858 4.867161
126 0.356719 4.865815
127 0.356583 4.864489
128 0.356450 4.863181
129 0.356319 4.861891
130 0.356192 4.860619
131 0.356066 4.859365
132 0.355944 4.858129
133 0.355823 4.856910
134 0.355706 4.855708
135 0.355590 4.854522
136 0.355477 4.853354
137 0.355366 4.852201
138 0.355258 4.851065
139 0.355151 4.849945
140 0.355047 4.848840
141 0.354945 4.847750
142 0.354845 4.846676
143 0.354747 4.845617
144 0.354651 4.844573
145 0.354557 4.843543
146 0.354465 4.842528
147 0.354375 4.841527
148 0.354286 4.840540
149 0.354200 4.839566
150 0.354115 4.838607
151 0.354032 4.837660
152 0.353950 4.836727
153 0.353871 4.835807
154 0.353792 4.834900
155 0.353716 4.834006
156 0.353641 4.833124
157 0.353567 4.832254
158 0.353495 4.831396
159 0.353425 4.830551
160 0.353355 4.829717
161 0.353288 4.828895
162 0.353221 4.828084
163 0.353156 4.827285
164 0.353093 4.826497
165 0.353030 4.825720
166 0.352969 4.824954
167 0.352909 4.824198
168 0.352851 4.823453
169 0.352793 4.822719
170 0.352737 4.821994
171 0.352682 4.821280
172 0.352627 4.820576
173 0.352574 4.819882
174 0.352523 4.819197
175 0.352472 4.818522
176 0.352422 4.817856
177 0.352373 4.817200
178 0.352325 4.816553
179 0.352279 4.815915
180 0.352233 4.815286
181 0.352188 4.814665
182 0.352144 4.814054
183 0.352100 4.813450
184 0.352058 4.812856
185 0.352017 4.812269
186 0.351976 4.811691
187 0.351936 4.811121
188 0.351898 4.810559
189 0.351859 4.810004
190 0.351822 4.809458
191 0.351785 4.808919
192 0.351749 4.808387
193 0.351714 4.807863
194 0.351680 4.807347
195 0.351646 4.806837
196 0.351613 4.806335
197 0.351581 4.805839
198 0.351549 4.805351
199 0.351518 4.804870
200 0.351487 4.804395
201 0.351458 4.803927
202 0.351428 4.803465
203 0.351400 4.803010
204 0.351372 4.802561
205 0.351344 4.802118
206 0.351317 4.801682
207 0.351291 4.801252
208 0.351265 4.800827
209 0.351240 4.800409
210 0.351215 4.799996
211 0.351191 4.799590
212 0.351167 4.799189
213 0.351143 4.798793
214 0.351121 4.798403
215 0.351098 4.798019
216 0.351076 4.797640
217 0.351055 4.797266
218 0.351034 4.796897
219 0.351013 4.796534
220 0.350993 4.796176
221 0.350973 4.795822
222 0.350954 4.795474
223 0.350935 4.795130
224 0.350916 4.794792
225 0.350898 4.794458
226 0.350880 4.794128
227 0.350862 4.793804
228 0.350845 4.793483
229 0.350828 4.793168
230 0.350812 4.792856
231 0.350796 4.792549
232 0.350780 4.792247
233 0.350765 4.791948
234 0.350749 4.791654
235 0.350735 4.791364
236 0.350720 4.791078
237 0.350706 4.790796
238 0.350692 4.790518
239 0.350678 4.790243
240 0.350665 4.789973
241 0.350651 4.789706
242 0.350639 4.789443
243 0.350626 4.789184
244 0.350614 4.788928
245 0.350602 4.788676
246 0.350590 4.788428
247 0.350578 4.788183
248 0.350567 4.787941
249 0.350555 4.787703
250 0.350545 4.787468
251 0.350534 4.787236
252 0.350523 4.787008
253 0.350513 4.786783
254 0.350503 4.786561
255 0.350493 4.786342
256 0.350484 4.786126
257 0.350474 4.785913
258 0.350465 4.785703
259 0.350456 4.785496
260 0.350447 4.785292
261 0.350438 4.785091
262 0.350430 4.784892
263 0.350421 4.784697
264 0.350413 4.784504
265 0.350405 4.784313
266 0.350397 4.784126
267 0.350389 4.783941
268 0.350382 4.783759
269 0.350374 4.783579
270 0.350367 4.783401
271 0.350360 4.783227
272 0.350353 4.783054
273 0.350346 4.782884
274 0.350340 4.782717
275 0.350333 4.782551
276 0.350327 4.782389
277 0.350320 4.782228
278 0.350314 4.782069
279 0.350308 4.781913
280 0.350302 4.781759
281 0.350296 4.781607
282 0.350291 4.781458
283 0.350285 4.781310
284 0.350280 4.781164
285 0.350274 4.781021
286 0.350269 4.780879
287 0.350264 4.780740
288 0.350259 4.780602
289 0.350254 4.780466
290 0.350249 4.780333
291 0.350245 4.780201
292 0.350240 4.780071
293 0.350235 4.779942
294 0.350231 4.779816
295 0.350227 4.779691
296 0.350222 4.779568
297 0.350218 4.779447
298 0.350214 4.779327
299 0.350210 4.779210
300 0.350206 4.779093
301 0.350202 4.778979
302 0.350199 4.778866
303 0.350195 4.778754
304 0.350191 4.778644
305 0.350188 4.778536
306 0.350184 4.778429
307 0.350181 4.778324
308 0.350178 4.778220
309 0.350174 4.778118
310 0.350171 4.778017
311 0.350168 4.777917
312 0.350165 4.777819
313 0.350162 4.777722
314 0.350159 4.777627
315 0.350156 4.777533
316 0.350153 4.777440
317 0.350151 4.777348
318 0.350148 4.777258
319 0.350145 4.777169
320 0.350143 4.777081
321 0.350140 4.776995
322 0.350137 4.776910
323 0.350135 4.776825
324 0.350133 4.776743
325 0.350130 4.776661
326 0.350128 4.776580
327 0.350126 4.776501
328 0.350124 4.776422
329 0.350121 4.776345
330 0.350119 4.776269
331 0.350117 4.776194
332 0.350115 4.776120
333 0.350113 4.776047
334 0.350111 4.775975
335 0.350109 4.775904
336 0.350107 4.775833
337 0.350106 4.775764
338 0.350104 4.775696
339 0.350102 4.775629
340 0.350100 4.775563
341 0.350099 4.775498
342 0.350097 4.775433
343 0.350095 4.775370
344 0.350094 4.775307
345 0.350092 4.775246
346 0.350091 4.775185
347 0.350089 4.775125
348 0.350088 4.775066
349 0.350086 4.775007
350 0.350085 4.774950
351 0.350083 4.774893
352 0.350082 4.774837
353 0.350081 4.774782
354 0.350079 4.774728
355 0.350078 4.774674
356 0.350077 4.774621
357 0.350076 4.774569
358 0.350075 4.774518
359 0.350073 4.774467
360 0.350072 4.774417
361 0.350071 4.774368
362 0.350070 4.774319
363 0.350069 4.774271
364 0.350068 4.774224
365 0.350067 4.774178
366 0.350066 4.774132
367 0.350065 4.774086
368 0.350064 4.774042
369 0.350063 4.773998
370 0.350062 4.773954
371 0.350061 4.773912
372 0.350060 4.773869
373 0.350059 4.773828
374 0.350058 4.773787
375 0.350058 4.773746
376 0.350057 4.773706
377 0.350056 4.773667
378 0.350055 4.773628
379 0.350054 4.773590
380 0.350054 4.773552
381 0.350053 4.773515
382 0.350052 4.773479
383 0.350051 4.773442
384 0.350051 4.773407
385 0.350050 4.773372
386 0.350049 4.773337
387 0.350049 4.773303
388 0.350048 4.773269
389 0.350047 4.773236
390 0.350047 4.773203
391 0.350046 4.773171
392 0.350046 4.773139
393 0.350045 4.773108
394 0.350044 4.773077
395 0.350044 4.773046
396 0.350043 4.773016
397 0.350043 4.772986
398 0.350042 4.772957
399 0.350042 4.772928
400 0.350041 4.772900
401 0.350041 4.772872
402 0.350040 4.772844
403 0.350040 4.772817
404 0.350039 4.772790
405 0.350039 4.772763
406 0.350038 4.772737
407 0.350038 4.772711
408 0.350038 4.772686
409 0.350037 4.772661
410 0.350037 4.772636
411 0.350036 4.772612
412 0.350036 4.772588
413 0.350036 4.772564
414 0.350035 4.772541
415 0.350035 4.772518
416 0.350034 4.772495
417 0.350034 4.772473
418 0.350034 4.772451
419 0.350033 4.772429
420 0.350033 4.772407
421 0.350033 4.772386
422 0.350032 4.772365
423 0.350032 4.772345
424 0.350032 4.772324
425 0.350031 4.772304
426 0.350031 4.772285
427 0.350031 4.772265
428 0.350031 4.772246
429 0.350030 4.772227
430 0.350030 4.772208
431 0.350030 4.772190
432 0.350030 4.772172
433 0.350029 4.772154
434 0.350029 4.772136
435 0.350029 4.772119
436 0.350029 4.772102
437 0.350028 4.772085
438 0.350028 4.772068
439 0.350028 4.772052
440 0.350028 4.772036
441 0.350027 4.772020
442 0.350027 4.772004
443 0.350027 4.771988
444 0.350027 4.771973
445 0.350027 4.771958
446 0.350026 4.771943
447 0.350026 4.771928
448 0.350026 4.771914
449 0.350026 4.771900
450 0.350026 4.771886
451 0.350025 4.771872
452 0.350025 4.771858
453 0.350025 4.771844
454 0.350025 4.771831
455 0.350025 4.771818
456 0.350025 4.771805
457 0.350024 4.771792
458 0.350024 4.771780
459 0.350024 4.771767
460 0.350024 4.771755
461 0.350024 4.771743
462 0.350024 4.771731
463 0.350024 4.771719
464 0.350023 4.771708
465 0.350023 4.771697
466 0.350023 4.771685
467 0.350023 4.771674
468 0.350023 4.771663
469 0.350023 4.771652
470 0.350023 4.771642
471 0.350023 4.771631
472 0.350022 4.771621
473 0.350022 4.771611
474 0.350022 4.771601
475 0.350022 4.771591
476 0.350022 4.771581
477 0.350022 4.771572
478 0.350022 4.771562
479 0.350022 4.771553
480 0.350022 4.771543
481 0.350021 4.771534
482 0.350021 4.771525
483 0.350021 4.771517
484 0.350021 4.771508
485 0.350021 4.771499
486 0.350021 4.771491
487 0.350021 4.771482
488 0.350021 4.771474
489 0.350021 4.771466
490 0.350021 4.771458
491 0.350021 4.771450
492 0.350021 4.771442
493 0.350020 4.771435
494 0.350020 4.771427
495 0.350020 4.771420
496 0.350020 4.771412
497 0.350020 4.771405
498 0.350020 4.771398
499 0.350020 4.771391
500 0.350020 4.771384
