0 1.297446 13.240000
1 1.294954 13.230921
2 1.292496 13.221927
3 1.290071 13.213015
4 1.287678 13.204186
5 1.285317 13.195438
6 1.282988 13.186770
7 1.280691 13.178183
8 1.278424 13.169675
9 1.276187 13.161246
10 1.273981 13.152894
11 1.271804 13.144620
12 1.269656 13.136422
13 1.267537 13.128300
14 1.265447 13.120252
15 1.263385 13.112279
16 1.261350 13.104380
17 1.259342 13.096553
18 1.257362 13.088799
19 1.255408 13.081116
20 1.253480 13.073504
21 1.251579 13.065963
22 1.249702 13.058491
23 1.247851 13.051088
24 1.246025 13.043753
25 1.244223 13.036486
26 1.242445 13.029287
27 1.240692 13.022153
28 1.238961 13.015086
29 1.237254 13.008084
30 1.235570 13.001146
31 1.233909 12.994273
32 1.232270 12.987463
33 1.230652 12.980715
34 1.229057 12.974030
35 1.227483 12.967407
36 1.225930 12.960845
37 1.224397 12.954344
38 1.222886 12.947902
39 1.221395 12.941520
40 1.219923 12.935197
41 1.218472 12.928932
42 1.217039 12.922725
43 1.215627 12.916576
44 1.214233 12.910483
45 1.212857 12.904447
46 1.211501 12.898466
47 1.210162 12.892540
48 1.208841 12.886669
49 1.207539 12.880853
50 1.206253 12.875089
51 1.204985 12.869380
52 1.203734 12.863723
53 1.202499 12.858118
54 1.201282 12.852565
55 1.200080 12.847063
56 1.198895 12.841612
57 1.197725 12.836211
58 1.196572 12.830860
59 1.195433 12.825559
60 1.194310 12.820306
61 1.193202 12.815102
62 1.192109 12.809946
63 1.191031 12.804837
64 1.189967 12.799776
65 1.188917 12.794762
66 1.187882 12.789793
67 1.186860 12.784871
68 1.185852 12.779994
69 1.184857 12.775162
70 1.183876 12.770375
71 1.182908 12.765632
72 1.181953 12.760932
73 1.181011 12.756276
74 1.180082 12.751664
75 1.179165 12.747093
76 1.178260 12.742565
77 1.177367 12.738079
78 1.176487 12.733634
79 1.175618 12.729230
80 1.174761 12.724866
81 1.173915 12.720543
82 1.173081 12.716260
83 1.172258 12.712017
84 1.171446 12.707812
85 1.170645 12.703647
86 1.169854 12.699520
87 1.169074 12.695431
88 1.168305 12.691380
89 1.167546 12.687366
90 1.166797 12.683389
91 1.166058 12.679449
92 1.165329 12.675545
93 1.164610 12.671677
94 1.163901 12.667846
95 1.163201 12.664049
96 1.162510 12.660287
97 1.161829 12.656561
98 1.161157 12.652868
99 1.160494 12.649210
100 1.159840 12.645585
101 1.159194 12.641994
102 1.158557 12.638436
103 1.157929 12.634911
104 1.157309 12.631419
105 1.156698 12.627958
106 1.156094 12.624530
107 1.155499 12.621133
108 1.154912 12.617768
109 1.154333 12.614434
110 1.153761 12.611130
111 1.153197 12.607857
112 1.152641 12.604614
113 1.152092 12.601401
114 1.151550 12.598218
115 1.151016 12.595064
116 1.150489 12.591940
117 1.149969 12.588844
118 1.149456 12.585777
119 1.148950 12.582738
120 1.148451 12.579727
121 1.147958 12.576744
122 1.147472 12.573788
123 1.146992 12.570860
124 1.146519 12.567959
125 1.146053 12.565084
126 1.145592 12.562236
127 1.145138 12.559415
128 1.144690 12.556619
129 1.144247 12.553849
130 1.143811 12.551105
131 1.143381 12.548386
132 1.142956 12.545692
133 1.142537 12.543024
134 1.142124 12.540379
135 1.141716 12.537759
136 1.141314 12.535164
137 1.140917 12.532592
138 1.140525 12.530044
139 1.140139 12.527520
140 1.139758 12.525019
141 1.139382 12.522540
142 1.139011 12.520085
143 1.138645 12.517653
144 1.138284 12.515243
145 1.137928 12.512855
146 1.137576 12.510489
147 1.137229 12.508145
148 1.136887 12.505823
149 1.136550 12.503522
150 1.136217 12.501243
151 1.135888 12.498984
152 1.135564 12.496746
153 1.135245 12.494529
154 1.134929 12.492333
155 1.134618 12.490156
156 1.134311 12.488000
157 1.134008 12.485864
158 1.133709 12.483747
159 1.133414 12.481650
160 1.133123 12.479573
161 1.132836 12.477514
162 1.132553 12.475475
163 1.132274 12.473454
164 1.131998 12.471452
165 1.131726 12.469468
166 1.131458 12.467503
167 1.131193 12.465556
168 1.130932 12.463627
169 1.130675 12.461716
170 1.130420 12.459822
171 1.130170 12.457946
172 1.129922 12.456087
173 1.129678 12.454245
174 1.129437 12.452421
175 1.129200 12.450613
176 1.128966 12.448822
177 1.128734 12.447047
178 1.128506 12.445289
179 1.128281 12.443547
180 1.128059 12.441821
181 1.127840 12.440111
182 1.127624 12.438417
183 1.127411 12.436738
184 1.127200 12.435075
185 1.126993 12.433427
186 1.126788 12.431795
187 1.126586 12.430177
188 1.126387 12.428575
189 1.126190 12.426987
190 1.125996 12.425414
191 1.125805 12.423856
192 1.125616 12.422311
193 1.125430 12.420782
194 1.125246 12.419266
195 1.125065 12.417764
196 1.124886 12.416276
197 1.124709 12.414802
198 1.124535 12.413341
199 1.124363 12.411894
200 1.124194 12.410461
201 1.124027 12.409040
202 1.123862 12.407633
203 1.123699 12.406238
204 1.123538 12.404857
205 1.123380 12.403488
206 1.123224 12.402132
207 1.123070 12.400789
208 1.122917 12.399457
209 1.122767 12.398138
210 1.122619 12.396832
211 1.122473 12.395537
212 1.122329 12.394254
213 1.122187 12.392983
214 1.122047 12.391724
215 1.121908 12.390477
216 1.121772 12.389241
217 1.121637 12.388016
218 1.121504 12.386803
219 1.121373 12.385601
220 1.121244 12.384410
221 1.121116 12.383230
222 1.120990 12.382061
223 1.120866 12.380903
224 1.120743 12.379755
225 1.120623 12.378618
226 1.120503 12.377491
227 1.120386 12.376375
228 1.120269 12.375269
229 1.120155 12.374174
230 1.120042 12.373088
231 1.119930 12.372013
232 1.119820 12.370947
233 1.119712 12.369892
234 1.119605 12.368846
235 1.119499 12.367809
236 1.119395 12.366783
237 1.119292 12.365765
238 1.119191 12.364758
239 1.119091 12.363759
240 1.118992 12.362770
241 1.118895 12.361789
242 1.118798 12.360818
243 1.118704 12.359856
244 1.118610 12.358903
245 1.118518 12.357958
246 1.118427 12.357023
247 1.118337 12.356095
248 1.118248 12.355177
249 1.118161 12.354267
250 1.118075 12.353365
251 1.117990 12.352472
252 1.117906 12.351586
253 1.117823 12.350709
254 1.117741 12.349841
255 1.117660 12.348980
256 1.117581 12.348127
257 1.117502 12.347282
258 1.117425 12.346445
259 1.117349 12.345615
260 1.117273 12.344793
261 1.117199 12.343979
262 1.117126 12.343172
263 1.117053 12.342373
264 1.116982 12.341581
265 1.116911 12.340796
266 1.116842 12.340019
267 1.116773 12.339249
268 1.116706 12.338486
269 1.116639 12.337730
270 1.116573 12.336981
271 1.116508 12.336239
272 1.116444 12.335503
273 1.116381 12.334775
274 1.116319 12.334053
275 1.116257 12.333338
276 1.116196 12.332630
277 1.116136 12.331928
278 1.116077 12.331232
279 1.116019 12.330543
280 1.115962 12.329860
281 1.115905 12.329184
282 1.115849 12.328514
283 1.115794 12.327850
284 1.115739 12.327192
285 1.115685 12.326540
286 1.115632 12.325894
287 1.115580 12.325255
288 1.115528 12.324621
289 1.115477 12.323993
290 1.115427 12.323371
291 1.115378 12.322754
292 1.115329 12.322143
293 1.115280 12.321538
294 1.115233 12.320939
295 1.115186 12.320345
296 1.115139 12.319756
297 1.115094 12.319173
298 1.115049 12.318595
299 1.115004 12.318023
300 1.114960 12.317456
301 1.114917 12.316894
302 1.114874 12.316337
303 1.114832 12.315785
304 1.114790 12.315239
305 1.114749 12.314698
306 1.114709 12.314161
307 1.114669 12.313630
308 1.114630 12.313103
309 1.114591 12.312581
310 1.114552 12.312065
311 1.114515 12.311552
312 1.114477 12.311045
313 1.114440 12.310542
314 1.114404 12.310044
315 1.114368 12.309551
316 1.114333 12.309062
317 1.114298 12.308578
318 1.114264 12.308098
319 1.114230 12.307622
320 1.114196 12.307151
321 1.114163 12.306684
322 1.114130 12.306222
323 1.114098 12.305764
324 1.114066 12.305310
325 1.114035 12.304860
326 1.114004 12.304414
327 1.113974 12.303973
328 1.113944 12.303535
329 1.113914 12.303102
330 1.113885 12.302673
331 1.113856 12.302247
332 1.113827 12.301826
333 1.113799 12.301408
334 1.113772 12.300995
335 1.113744 12.300585
336 1.113717 12.300178
337 1.113691 12.299776
338 1.113664 12.299377
339 1.113638 12.298982
340 1.113613 12.298591
341 1.113588 12.298203
342 1.113563 12.297819
343 1.113538 12.297439
344 1.113514 12.297062
345 1.113490 12.296688
346 1.113466 12.296318
347 1.113443 12.295951
348 1.113420 12.295588
349 1.113397 12.295228
350 1.113375 12.294871
351 1.113353 12.294518
352 1.113331 12.294168
353 1.113310 12.293821
354 1.113289 12.293477
355 1.113268 12.293136
356 1.113247 12.292799
357 1.113227 12.292465
358 1.113207 12.292134
359 1.113187 12.291806
360 1.113168 12.291480
361 1.113148 12.291158
362 1.113129 12.290839
363 1.113111 12.290523
364 1.113092 12.290210
365 1.113074 12.289899
366 1.113056 12.289592
367 1.113038 12.289287
368 1.113021 12.288985
369 1.113003 12.288686
370 1.112986 12.288390
371 1.112969 12.288097
372 1.112953 12.287806
373 1.112936 12.287518
374 1.112920 12.287232
375 1.112904 12.286949
376 1.112889 12.286669
377 1.112873 12.286391
378 1.112858 12.286116
379 1.112843 12.285844
380 1.112828 12.285574
381 1.112813 12.285306
382 1.112799 12.285041
383 1.112784 12.284778
384 1.112770 12.284518
385 1.112756 12.284260
386 1.112742 12.284005
387 1.112729 12.283752
388 1.112716 12.283501
389 1.112702 12.283253
390 1.112689 12.283007
391 1.112676 12.282763
392 1.112664 12.282521
393 1.112651 12.282282
394 1.112639 12.282045
395 1.112627 12.281810
396 1.112615 12.281577
397 1.112603 12.281346
398 1.112591 12.281118
399 1.112580 12.280891
400 1.112568 12.280667
401 1.112557 12.280445
402 1.112546 12.280224
403 1.112535 12.280006
404 1.112524 12.279790
405 1.112514 12.279576
406 1.112503 12.279364
407 1.112493 12.279153
408 1.112483 12.278945
409 1.112473 12.278739
410 1.112463 12.278534
411 1.112453 12.278332
412 1.112443 12.278131
413 1.112434 12.277932
414 1.112424 12.277735
415 1.112415 12.277540
416 1.112406 12.277347
417 1.112397 12.277155
418 1.112388 12.276965
419 1.112379 12.276777
420 1.112370 12.276591
421 1.112362 12.276406
422 1.112353 12.276223
423 1.112345 12.276042
424 1.112337 12.275862
425 1.112329 12.275685
426 1.112321 12.275508
427 1.112313 12.275334
428 1.112305 12.275161
429 1.112297 12.274989
430 1.112290 12.274819
431 1.112282 12.274651
432 1.112275 12.274484
433 1.112268 12.274319
434 1.112260 12.274156
435 1.112253 12.273993
436 1.112246 12.273833
437 1.112239 12.273674
438 1.112233 12.273516
439 1.112226 12.273360
440 1.112219 12.273205
441 1.112213 12.273051
442 1.112206 12.272900
443 1.112200 12.272749
444 1.112194 12.272600
445 1.112187 12.272452
446 1.112181 12.272306
447 1.112175 12.272161
448 1.112169 12.272017
449 1.112164 12.271874
450 1.112158 12.271733
451 1.112152 12.271594
452 1.112146 12.271455
453 1.112141 12.271318
454 1.112135 12.271182
455 1.112130 12.271047
456 1.112125 12.270914
457 1.112119 12.270782
458 1.112114 12.270651
459 1.112109 12.270521
460 1.112104 12.270392
461 1.112099 12.270265
462 1.112094 12.270139
463 1.112089 12.270013
464 1.112084 12.269890
465 1.112080 12.269767
466 1.112075 12.269645
467 1.112070 12.269525
468 1.112066 12.269405
469 1.112061 12.269287
470 1.112057 12.269170
471 1.112053 12.269054
472 1.112048 12.268939
473 1.112044 12.268825
474 1.112040 12.268712
475 1.112036 12.268600
476 1.112032 12.268489
477 1.112028 12.268379
478 1.112024 12.268270
479 1.112020 12.268163
480 1.112016 12.268056
481 1.112012 12.267950
482 1.112008 12.267845
483 1.112005 12.267741
484 1.112001 12.267638
485 1.111997 12.267536
486 1.111994 12.267435
487 1.111990 12.267335
488 1.111987 12.267236
489 1.111983 12.267138
490 1.111980 12.267040
491 1.111977 12.266944
492 1.111973 12.266848
493 1.111970 12.266754
494 1.111967 12.266660
495 1.111964 12.266567
496 1.111961 12.266475
497 1.111958 12.266383
498 1.111955 12.266293
499 1.111952 12.266204
500 1.111949 12.266115
