0 0.425095 4.550000
1 0.424236 4.546721
2 0.423384 4.543459
3 0.422538 4.540214
4 0.421699 4.536986
5 0.420866 4.533775
6 0.420039 4.530581
7 0.419219 4.527404
8 0.418405 4.524243
9 0.417597 4.521098
10 0.416795 4.517970
11 0.415999 4.514859
12 0.415210 4.511763
13 0.414426 4.508684
14 0.413648 4.505621
15 0.412876 4.502574
16 0.412110 4.499543
17 0.411350 4.496527
18 0.410596 4.493528
19 0.409847 4.490544
20 0.409105 4.487576
21 0.408367 4.484623
22 0.407636 4.481686
23 0.406910 4.478764
24 0.406189 4.475857
25 0.405474 4.472965
26 0.404764 4.470089
27 0.404060 4.467227
28 0.403361 4.464381
29 0.402668 4.461549
30 0.401979 4.458733
31 0.401296 4.455931
32 0.400618 4.453143
33 0.399946 4.450370
34 0.399278 4.447612
35 0.398615 4.444868
36 0.397958 4.442138
37 0.397305 4.439423
38 0.396658 4.436722
39 0.396015 4.434035
40 0.395377 4.431362
41 0.394745 4.428703
42 0.394116 4.426058
43 0.393493 4.423426
44 0.392875 4.420809
45 0.392261 4.418205
46 0.391652 4.415615
47 0.391047 4.413038
48 0.390447 4.410475
49 0.389852 4.407925
50 0.389261 4.405388
51 0.388674 4.402865
52 0.388092 4.400355
53 0.387515 4.397858
54 0.386942 4.395374
55 0.386373 4.392903
56 0.385808 4.390445
57 0.385248 4.388000
58 0.384692 4.385567
59 0.384141 4.383147
60 0.383593 4.380740
61 0.383050 4.378346
62 0.382511 4.375964
63 0.381976 4.373594
64 0.381445 4.371237
65 0.380918 4.368892
66 0.380395 4.366560
67 0.379876 4.364239
68 0.379361 4.361931
69 0.378850 4.359635
70 0.378342 4.357351
71 0.377839 4.355078
72 0.377339 4.352818
73 0.376844 4.350570
74 0.376352 4.348333
75 0.375863 4.346108
76 0.375379 4.343894
77 0.374898 4.341692
78 0.374421 4.339502
79 0.373947 4.337323
80 0.373477 4.335155
81 0.373011 4.332999
82 0.372548 4.330854
83 0.372088 4.328720
84 0.371633 4.326597
85 0.371180 4.324486
86 0.370731 4.322385
87 0.370286 4.320296
88 0.369844 4.318217
89 0.369405 4.316149
90 0.368969 4.314092
91 0.368537 4.312046
92 0.368108 4.310011
93 0.367683 4.307986
94 0.367260 4.305972
95 0.366841 4.303968
96 0.366425 4.301974
97 0.366012 4.299992
98 0.365603 4.298019
99 0.365196 4.296057
100 0.364793 4.294105
101 0.364392 4.292163
102 0.363995 4.290232
103 0.363601 4.288310
104 0.363209 4.286399
105 0.362821 4.284497
106 0.362436 4.282606
107 0.362053 4.280724
108 0.361674 4.278852
109 0.361297 4.276990
110 0.360923 4.275138
111 0.360552 4.273295
112 0.360184 4.271462
113 0.359819 4.269639
114 0.359456 4.267825
115 0.359096 4.266020
116 0.358739 4.264225
117 0.358385 4.262440
118 0.358033 4.260663
119 0.357684 4.258896
120 0.357338 4.257139
121 0.356994 4.255390
122 0.356653 4.253651
123 0.356314 4.251920
124 0.355978 4.250199
125 0.355645 4.248487
126 0.355314 4.246783
127 0.354986 4.245089
128 0.354660 4.243403
129 0.354337 4.241727
130 0.354016 4.240058
131 0.353697 4.238399
132 0.353381 4.236749
133 0.353068 4.235107
134 0.352756 4.233473
135 0.352447 4.231848
136 0.352141 4.230232
137 0.351837 4.228624
138 0.351535 4.227024
139 0.351235 4.225433
140 0.350938 4.223850
141 0.350643 4.222276
142 0.350350 4.220709
143 0.350059 4.219151
144 0.349771 4.217601
145 0.349485 4.216059
146 0.349201 4.214525
147 0.348919 4.212999
148 0.348639 4.211481
149 0.348361 4.209971
150 0.348086 4.208469
151 0.347813 4.206975
152 0.347541 4.205488
153 0.347272 4.204010
154 0.347005 4.202539
155 0.346740 4.201076
156 0.346477 4.199620
157 0.346215 4.198172
158 0.345956 4.196732
159 0.345699 4.195299
160 0.345444 4.193873
161 0.345190 4.192455
162 0.344939 4.191045
163 0.344690 4.189642
164 0.344442 4.188246
165 0.344196 4.186857
166 0.343953 4.185476
167 0.343711 4.184102
168 0.343470 4.182735
169 0.343232 4.181375
170 0.342996 4.180023
171 0.342761 4.178677
172 0.342528 4.177338
173 0.342297 4.176007
174 0.342067 4.174682
175 0.341840 4.173365
176 0.341614 4.172054
177 0.341390 4.170750
178 0.341167 4.169453
179 0.340946 4.168162
180 0.340727 4.166879
181 0.340510 4.165602
182 0.340294 4.164332
183 0.340080 4.163068
184 0.339867 4.161811
185 0.339656 4.160561
186 0.339447 4.159317
187 0.339239 4.158079
188 0.339033 4.156849
189 0.338829 4.155624
190 0.338626 4.154406
191 0.338424 4.153194
192 0.338224 4.151989
193 0.338026 4.150790
194 0.337829 4.149597
195 0.337634 4.148410
196 0.337440 4.147230
197 0.337247 4.146056
198 0.337056 4.144888
199 0.336867 4.143726
200 0.336679 4.142570
201 0.336492 4.141420
202 0.336307 4.140276
203 0.336123 4.139138
204 0.335940 4.138006
205 0.335759 4.136880
206 0.335580 4.135760
207 0.335401 4.134646
208 0.335224 4.133537
209 0.335049 4.132435
210 0.334874 4.131338
211 0.334701 4.130247
212 0.334530 4.129161
213 0.334359 4.128081
214 0.334190 4.127007
215 0.334023 4.125939
216 0.333856 4.124876
217 0.333691 4.123818
218 0.333527 4.122767
219 0.333364 4.121720
220 0.333203 4.120679
221 0.333043 4.119644
222 0.332883 4.118614
223 0.332726 4.117589
224 0.332569 4.116570
225 0.332414 4.115556
226 0.332259 4.114547
227 0.332106 4.113544
228 0.331954 4.112546
229 0.331804 4.111553
230 0.331654 4.110565
231 0.331506 4.109582
232 0.331358 4.108605
233 0.331212 4.107632
234 0.331067 4.106665
235 0.330923 4.105703
236 0.330780 4.104746
237 0.330638 4.103793
238 0.330497 4.102846
239 0.330358 4.101904
240 0.330219 4.100967
241 0.330081 4.100034
242 0.329945 4.099107
243 0.329809 4.098184
244 0.329675 4.097266
245 0.329542 4.096353
246 0.329409 4.095444
247 0.329278 4.094541
248 0.329147 4.093642
249 0.329018 4.092748
250 0.328889 4.091858
251 0.328762 4.090973
252 0.328635 4.090093
253 0.328510 4.089218
254 0.328385 4.088347
255 0.328262 4.087480
256 0.328139 4.086618
257 0.328017 4.085761
258 0.327896 4.084908
259 0.327777 4.084059
260 0.327658 4.083215
261 0.327539 4.082375
262 0.327422 4.081540
263 0.327306 4.080709
264 0.327191 4.079883
265 0.327076 4.079060
266 0.326962 4.078242
267 0.326849 4.077429
268 0.326738 4.076619
269 0.326626 4.075814
270 0.326516 4.075013
271 0.326407 4.074216
272 0.326298 4.073423
273 0.326190 4.072635
274 0.326083 4.071851
275 0.325977 4.071070
276 0.325872 4.070294
277 0.325767 4.069522
278 0.325664 4.068754
279 0.325561 4.067990
280 0.325459 4.067229
281 0.325357 4.066473
282 0.325257 4.065721
283 0.325157 4.064973
284 0.325058 4.064229
285 0.324959 4.063488
286 0.324862 4.062751
287 0.324765 4.062019
288 0.324669 4.061290
289 0.324573 4.060565
290 0.324479 4.059843
291 0.324385 4.059126
292 0.324292 4.058412
293 0.324199 4.057702
294 0.324107 4.056996
295 0.324016 4.056293
296 0.323926 4.055594
297 0.323836 4.054899
298 0.323747 4.054207
299 0.323659 4.053519
300 0.323571 4.052834
301 0.323484 4.052153
302 0.323398 4.051476
303 0.323312 4.050802
304 0.323227 4.050132
305 0.323142 4.049465
306 0.323059 4.048802
307 0.322975 4.048142
308 0.322893 4.047486
309 0.322811 4.046833
310 0.322730 4.046183
311 0.322649 4.045537
312 0.322569 4.044894
313 0.322490 4.044255
314 0.322411 4.043619
315 0.322333 4.042986
316 0.322255 4.042356
317 0.322178 4.041730
318 0.322102 4.041107
319 0.322026 4.040488
320 0.321950 4.039871
321 0.321876 4.039258
322 0.321802 4.038648
323 0.321728 4.038041
324 0.321655 4.037438
325 0.321583 4.036837
326 0.321511 4.036240
327 0.321439 4.035646
328 0.321368 4.035055
329 0.321298 4.034467
330 0.321228 4.033882
331 0.321159 4.033300
332 0.321090 4.032721
333 0.321022 4.032145
334 0.320955 4.031572
335 0.320888 4.031003
336 0.320821 4.030436
337 0.320755 4.029872
338 0.320689 4.029311
339 0.320624 4.028753
340 0.320559 4.028198
341 0.320495 4.027646
342 0.320432 4.027096
343 0.320368 4.026550
344 0.320306 4.026006
345 0.320244 4.025466
346 0.320182 4.024928
347 0.320121 4.024393
348 0.320060 4.023860
349 0.319999 4.023331
350 0.319940 4.022804
351 0.319880 4.022280
352 0.319821 4.021759
353 0.319763 4.021240
354 0.319705 4.020725
355 0.319647 4.020211
356 0.319590 4.019701
357 0.319533 4.019193
358 0.319477 4.018688
359 0.319421 4.018186
360 0.319365 4.017686
361 0.319310 4.017189
362 0.319255 4.016694
363 0.319201 4.016202
364 0.319147 4.015712
365 0.319094 4.015225
366 0.319041 4.014741
367 0.318988 4.014259
368 0.318936 4.013780
369 0.318884 4.013303
370 0.318833 4.012829
371 0.318782 4.012357
372 0.318731 4.011887
373 0.318681 4.011420
374 0.318631 4.010956
375 0.318582 4.010494
376 0.318533 4.010034
377 0.318484 4.009577
378 0.318436 4.009122
379 0.318388 4.008670
380 0.318340 4.008220
381 0.318293 4.007772
382 0.318246 4.007326
383 0.318199 4.006883
384 0.318153 4.006442
385 0.318107 4.006004
386 0.318062 4.005568
387 0.318017 4.005134
388 0.317972 4.004702
389 0.317927 4.004273
390 0.317883 4.003846
391 0.317839 4.003421
392 0.317796 4.002998
393 0.317753 4.002578
394 0.317710 4.002159
395 0.317668 4.001743
396 0.317625 4.001329
397 0.317584 4.000917
398 0.317542 4.000508
399 0.317501 4.000100
400 0.317460 3.999695
401 0.317419 3.999292
402 0.317379 3.998891
403 0.317339 3.998492
404 0.317299 3.998095
405 0.317260 3.997700
406 0.317221 3.997307
407 0.317182 3.996916
408 0.317144 3.996528
409 0.317106 3.996141
410 0.317068 3.995756
411 0.317030 3.995374
412 0.316993 3.994993
413 0.316956 3.994614
414 0.316919 3.994238
415 0.316883 3.993863
416 0.316846 3.993490
417 0.316811 3.993119
418 0.316775 3.992751
419 0.316740 3.992384
420 0.316704 3.992019
421 0.316670 3.991655
422 0.316635 3.991294
423 0.316601 3.990935
424 0.316567 3.990578
425 0.316533 3.990222
426 0.316499 3.989868
427 0.316466 3.989516
428 0.316433 3.989166
429 0.316400 3.988818
430 0.316368 3.988472
431 0.316336 3.988127
432 0.316303 3.987784
433 0.316272 3.987443
434 0.316240 3.987104
435 0.316209 3.986767
436 0.316178 3.986431
437 0.316147 3.986097
438 0.316116 3.985765
439 0.316086 3.985435
440 0.316056 3.985106
441 0.316026 3.984779
442 0.315996 3.984454
443 0.315967 3.984130
444 0.315938 3.983808
445 0.315909 3.983488
446 0.315880 3.983169
447 0.315851 3.982853
448 0.315823 3.982537
449 0.315795 3.982224
450 0.315767 3.981912
451 0.315739 3.981602
452 0.315712 3.981293
453 0.315684 3.980986
454 0.315657 3.980680
455 0.315630 3.980377
456 0.315604 3.980074
457 0.315577 3.979774
458 0.315551 3.979474
459 0.315525 3.979177
460 0.315499 3.978881
461 0.315473 3.978586
462 0.315448 3.978293
463 0.315423 3.978002
464 0.315398 3.977712
465 0.315373 3.977424
466 0.315348 3.977137
467 0.315323 3.976852
468 0.315299 3.976568
469 0.315275 3.976286
470 0.315251 3.976005
471 0.315227 3.975725
472 0.315204 3.975447
473 0.315180 3.975171
474 0.315157 3.974896
475 0.315134 3.974622
476 0.315111 3.974350
477 0.315088 3.974079
478 0.315066 3.973810
479 0.315043 3.973542
480 0.315021 3.973275
481 0.314999 3.973010
482 0.314977 3.972746
483 0.314956 3.972484
484 0.314934 3.972223
485 0.314913 3.971963
486 0.314891 3.971705
487 0.314870 3.971448
488 0.314849 3.971192
489 0.314829 3.970938
490 0.314808 3.970685
491 0.314788 3.970433
492 0.314767 3.970183
493 0.314747 3.969934
494 0.314727 3.969686
495 0.314708 3.969440
496 0.314688 3.969195
497 0.314668 3.968951
498 0.314649 3.968708
499 0.314630 3.968467
500 0.314611 3.968227
