0 0.280025 3.140000
1 0.279077 3.136207
2 0.278135 3.132433
3 0.277201 3.128679
4 0.276274 3.124943
5 0.275354 3.121227
6 0.274440 3.117531
7 0.273533 3.113853
8 0.272634 3.110194
9 0.271740 3.106553
10 0.270854 3.102932
11 0.269974 3.099329
12 0.269101 3.095744
13 0.268234 3.092178
14 0.267374 3.088630
15 0.266520 3.085100
16 0.265672 3.081589
17 0.264831 3.078095
18 0.263996 3.074620
19 0.263167 3.071162
20 0.262345 3.067722
21 0.261528 3.064300
22 0.260718 3.060895
23 0.259914 3.057507
24 0.259116 3.054138
25 0.258323 3.050785
26 0.257537 3.047449
27 0.256757 3.044131
28 0.255982 3.040830
29 0.255213 3.037545
30 0.254450 3.034278
31 0.253693 3.031027
32 0.252941 3.027793
33 0.252195 3.024575
34 0.251454 3.021374
35 0.250719 3.018190
36 0.249989 3.015022
37 0.249265 3.011870
38 0.248546 3.008734
39 0.247833 3.005614
40 0.247125 3.002511
41 0.246422 2.999423
42 0.245725 2.996351
43 0.245032 2.993295
44 0.244345 2.990254
45 0.243663 2.987229
46 0.242986 2.984220
47 0.242314 2.981226
48 0.241648 2.978247
49 0.240986 2.975284
50 0.240329 2.972336
51 0.239677 2.969403
52 0.239030 2.966485
53 0.238387 2.963582
54 0.237750 2.960694
55 0.237117 2.957821
56 0.236489 2.954963
57 0.235865 2.952119
58 0.235247 2.949290
59 0.234633 2.946475
60 0.234023 2.943675
61 0.233418 2.940889
62 0.232818 2.938117
63 0.232222 2.935360
64 0.231630 2.932617
65 0.231043 2.929887
66 0.230460 2.927172
67 0.229882 2.924471
68 0.229308 2.921784
69 0.228738 2.919110
70 0.228173 2.916450
71 0.227611 2.913804
72 0.227054 2.911172
73 0.226501 2.908552
74 0.225952 2.905947
75 0.225408 2.903355
76 0.224867 2.900776
77 0.224330 2.898210
78 0.223798 2.895657
79 0.223269 2.893118
80 0.222744 2.890591
81 0.222224 2.888078
82 0.221707 2.885577
83 0.221194 2.883089
84 0.220684 2.880614
85 0.220179 2.878152
86 0.219677 2.875702
87 0.219180 2.873265
88 0.218685 2.870841
89 0.218195 2.868428
90 0.217708 2.866029
91 0.217225 2.863641
92 0.216745 2.861266
93 0.216269 2.858903
94 0.215797 2.856552
95 0.215328 2.854213
96 0.214862 2.851886
97 0.214400 2.849571
98 0.213942 2.847268
99 0.213487 2.844977
100 0.213035 2.842698
101 0.212587 2.840430
102 0.212142 2.838174
103 0.211700 2.835929
104 0.211262 2.833696
105 0.210827 2.831474
106 0.210395 2.829264
107 0.209966 2.827065
108 0.209541 2.824878
109 0.209119 2.822702
110 0.208700 2.820536
111 0.208284 2.818382
112 0.207871 2.816239
113 0.207461 2.814107
114 0.207054 2.811986
115 0.206651 2.809876
116 0.206250 2.807777
117 0.205852 2.805688
118 0.205458 2.803610
119 0.205066 2.801543
120 0.204677 2.799486
121 0.204291 2.797440
122 0.203908 2.795405
123 0.203528 2.793380
124 0.203151 2.791365
125 0.202776 2.789361
126 0.202404 2.787366
127 0.202035 2.785383
128 0.201669 2.783409
129 0.201306 2.781445
130 0.200945 2.779492
131 0.200587 2.777548
132 0.200231 2.775615
133 0.199879 2.773691
134 0.199529 2.771778
135 0.199181 2.769874
136 0.198836 2.767980
137 0.198494 2.766095
138 0.198154 2.764221
139 0.197817 2.762355
140 0.197482 2.760500
141 0.197150 2.758654
142 0.196820 2.756817
143 0.196493 2.754990
144 0.196168 2.753173
145 0.195846 2.751364
146 0.195526 2.749565
147 0.195208 2.747775
148 0.194893 2.745994
149 0.194580 2.744223
150 0.194269 2.742460
151 0.193961 2.740707
152 0.193655 2.738962
153 0.193351 2.737227
154 0.193050 2.735500
155 0.192751 2.733783
156 0.192454 2.732074
157 0.192159 2.730373
158 0.191867 2.728682
159 0.191576 2.726999
160 0.191288 2.725325
161 0.191002 2.723660
162 0.190718 2.722003
163 0.190437 2.720354
164 0.190157 2.718714
165 0.189880 2.717083
166 0.189604 2.715459
167 0.189331 2.713844
168 0.189059 2.712238
169 0.188790 2.710639
170 0.188523 2.709049
171 0.188257 2.707467
172 0.187994 2.705893
173 0.187732 2.704327
174 0.187473 2.702770
175 0.187215 2.701220
176 0.186960 2.699678
177 0.186706 2.698144
178 0.186454 2.696618
179 0.186204 2.695100
180 0.185956 2.693589
181 0.185710 2.692087
182 0.185466 2.690592
183 0.185223 2.689104
184 0.184983 2.687625
185 0.184744 2.686153
186 0.184507 2.684688
187 0.184271 2.683231
188 0.184038 2.681781
189 0.183806 2.680339
190 0.183576 2.678905
191 0.183347 2.677477
192 0.183120 2.676057
193 0.182895 2.674645
194 0.182672 2.673239
195 0.182450 2.671841
196 0.182230 2.670450
197 0.182012 2.669066
198 0.181795 2.667689
199 0.181580 2.666319
200 0.181367 2.664956
201 0.181155 2.663601
202 0.180944 2.662252
203 0.180735 2.660910
204 0.180528 2.659575
205 0.180323 2.658247
206 0.180118 2.656925
207 0.179916 2.655611
208 0.179715 2.654303
209 0.179515 2.653002
210 0.179317 2.651707
211 0.179120 2.650420
212 0.178925 2.649138
213 0.178731 2.647864
214 0.178539 2.646596
215 0.178348 2.645334
216 0.178159 2.644079
217 0.177971 2.642830
218 0.177784 2.641588
219 0.177599 2.640352
220 0.177415 2.639123
221 0.177233 2.637899
222 0.177052 2.636682
223 0.176872 2.635472
224 0.176694 2.634267
225 0.176517 2.633069
226 0.176341 2.631877
227 0.176166 2.630691
228 0.175993 2.629511
229 0.175821 2.628337
230 0.175651 2.627169
231 0.175482 2.626007
232 0.175314 2.624851
233 0.175147 2.623701
234 0.174981 2.622557
235 0.174817 2.621419
236 0.174654 2.620286
237 0.174492 2.619160
238 0.174332 2.618039
239 0.174172 2.616924
240 0.174014 2.615815
241 0.173857 2.614711
242 0.173701 2.613613
243 0.173546 2.612521
244 0.173393 2.611434
245 0.173240 2.610353
246 0.173089 2.609277
247 0.172939 2.608207
248 0.172790 2.607143
249 0.172642 2.606083
250 0.172495 2.605030
251 0.172349 2.603981
252 0.172205 2.602939
253 0.172061 2.601901
254 0.171919 2.600869
255 0.171777 2.599842
256 0.171637 2.598820
257 0.171498 2.597804
258 0.171359 2.596793
259 0.171222 2.595786
260 0.171086 2.594786
261 0.170951 2.593790
262 0.170817 2.592799
263 0.170683 2.591814
264 0.170551 2.590833
265 0.170420 2.589858
266 0.170290 2.588887
267 0.170160 2.587922
268 0.170032 2.586961
269 0.169905 2.586006
270 0.169778 2.585055
271 0.169653 2.584109
272 0.169528 2.583168
273 0.169405 2.582232
274 0.169282 2.581301
275 0.169161 2.580374
276 0.169040 2.579453
277 0.168920 2.578536
278 0.168801 2.577623
279 0.168683 2.576715
280 0.168565 2.575812
281 0.168449 2.574914
282 0.168333 2.574020
283 0.168219 2.573131
284 0.168105 2.572247
285 0.167992 2.571366
286 0.167880 2.570491
287 0.167769 2.569620
288 0.167658 2.568753
289 0.167549 2.567891
290 0.167440 2.567033
291 0.167332 2.566180
292 0.167225 2.565331
293 0.167118 2.564486
294 0.167013 2.563646
295 0.166908 2.562810
296 0.166804 2.561979
297 0.166701 2.561151
298 0.166598 2.560328
299 0.166496 2.559509
300 0.166395 2.558694
301 0.166295 2.557884
302 0.166196 2.557077
303 0.166097 2.556275
304 0.165999 2.555477
305 0.165902 2.554683
306 0.165805 2.553893
307 0.165710 2.553107
308 0.165615 2.552325
309 0.165520 2.551547
310 0.165427 2.550773
311 0.165334 2.550004
312 0.165241 2.549238
313 0.165150 2.548476
314 0.165059 2.547717
315 0.164969 2.546963
316 0.164879 2.546213
317 0.164790 2.545466
318 0.164702 2.544724
319 0.164615 2.543985
320 0.164528 2.543250
321 0.164441 2.542518
322 0.164356 2.541791
323 0.164271 2.541067
324 0.164186 2.540347
325 0.164103 2.539631
326 0.164020 2.538918
327 0.163937 2.538209
328 0.163855 2.537503
329 0.163774 2.536802
330 0.163694 2.536103
331 0.163614 2.535409
332 0.163534 2.534718
333 0.163455 2.534030
334 0.163377 2.533346
335 0.163299 2.532666
336 0.163222 2.531989
337 0.163146 2.531315
338 0.163070 2.530645
339 0.162994 2.529978
340 0.162920 2.529315
341 0.162845 2.528655
342 0.162772 2.527999
343 0.162699 2.527346
344 0.162626 2.526696
345 0.162554 2.526050
346 0.162482 2.525407
347 0.162411 2.524767
348 0.162341 2.524131
349 0.162271 2.523497
350 0.162202 2.522867
351 0.162133 2.522241
352 0.162064 2.521617
353 0.161997 2.520997
354 0.161929 2.520380
355 0.161862 2.519766
356 0.161796 2.519155
357 0.161730 2.518547
358 0.161665 2.517943
359 0.161600 2.517341
360 0.161535 2.516743
361 0.161472 2.516148
362 0.161408 2.515555
363 0.161345 2.514966
364 0.161283 2.514380
365 0.161221 2.513797
366 0.161159 2.513217
367 0.161098 2.512640
368 0.161037 2.512065
369 0.160977 2.511494
370 0.160917 2.510926
371 0.160858 2.510360
372 0.160799 2.509798
373 0.160741 2.509238
374 0.160683 2.508681
375 0.160625 2.508127
376 0.160568 2.507576
377 0.160511 2.507028
378 0.160455 2.506482
379 0.160399 2.505940
380 0.160344 2.505400
381 0.160289 2.504863
382 0.160234 2.504329
383 0.160180 2.503797
384 0.160126 2.503268
385 0.160073 2.502742
386 0.160020 2.502218
387 0.159967 2.501698
388 0.159915 2.501180
389 0.159863 2.500664
390 0.159812 2.500151
391 0.159761 2.499641
392 0.159710 2.499134
393 0.159660 2.498629
394 0.159610 2.498126
395 0.159560 2.497627
396 0.159511 2.497129
397 0.159462 2.496635
398 0.159414 2.496143
399 0.159366 2.495653
400 0.159318 2.495166
401 0.159271 2.494681
402 0.159224 2.494199
403 0.159177 2.493720
404 0.159131 2.493242
405 0.159085 2.492768
406 0.159039 2.492295
407 0.158994 2.491826
408 0.158949 2.491358
409 0.158904 2.490893
410 0.158860 2.490430
411 0.158816 2.489970
412 0.158773 2.489512
413 0.158729 2.489057
414 0.158686 2.488603
415 0.158644 2.488153
416 0.158601 2.487704
417 0.158559 2.487258
418 0.158518 2.486814
419 0.158476 2.486372
420 0.158435 2.485932
421 0.158394 2.485495
422 0.158354 2.485060
423 0.158314 2.484628
424 0.158274 2.484197
425 0.158234 2.483769
426 0.158195 2.483343
427 0.158156 2.482919
428 0.158117 2.482497
429 0.158079 2.482077
430 0.158041 2.481660
431 0.158003 2.481245
432 0.157965 2.480832
433 0.157928 2.480421
434 0.157891 2.480012
435 0.157854 2.479605
436 0.157818 2.479200
437 0.157782 2.478797
438 0.157746 2.478397
439 0.157710 2.477998
440 0.157675 2.477602
441 0.157640 2.477207
442 0.157605 2.476815
443 0.157570 2.476424
444 0.157536 2.476036
445 0.157502 2.475650
446 0.157468 2.475265
447 0.157435 2.474883
448 0.157401 2.474502
449 0.157368 2.474124
450 0.157336 2.473747
451 0.157303 2.473372
452 0.157271 2.473000
453 0.157239 2.472629
454 0.157207 2.472260
455 0.157175 2.471893
456 0.157144 2.471528
457 0.157113 2.471164
458 0.157082 2.470803
459 0.157051 2.470443
460 0.157021 2.470086
461 0.156990 2.469730
462 0.156960 2.469376
463 0.156931 2.469023
464 0.156901 2.468673
465 0.156872 2.468324
466 0.156843 2.467977
467 0.156814 2.467632
468 0.156785 2.467289
469 0.156757 2.466947
470 0.156728 2.466608
471 0.156700 2.466270
472 0.156673 2.465933
473 0.156645 2.465599
474 0.156617 2.465266
475 0.156590 2.464935
476 0.156563 2.464605
477 0.156536 2.464277
478 0.156510 2.463951
479 0.156483 2.463627
480 0.156457 2.463304
481 0.156431 2.462983
482 0.156405 2.462664
483 0.156380 2.462346
484 0.156354 2.462030
485 0.156329 2.461715
486 0.156304 2.461402
487 0.156279 2.461091
488 0.156255 2.460781
489 0.156230 2.460473
490 0.156206 2.460166
491 0.156182 2.459861
492 0.156158 2.459558
493 0.156134 2.459256
494 0.156110 2.458956
495 0.156087 2.458657
496 0.156064 2.458360
497 0.156041 2.458064
498 0.156018 2.457770
499 0.155995 2.457477
500 0.155972 2.457186
