0 1.154255 11.520000
1 1.152085 11.512270
2 1.149941 11.504602
3 1.147821 11.496996
4 1.145727 11.489451
5 1.143657 11.481967
6 1.141611 11.474543
7 1.139589 11.467179
8 1.137591 11.459875
9 1.135617 11.452629
10 1.133665 11.445442
11 1.131736 11.438312
12 1.129830 11.431240
13 1.127947 11.424225
14 1.126085 11.417267
15 1.124245 11.410365
16 1.122427 11.403518
17 1.120630 11.396726
18 1.118854 11.389989
19 1.117098 11.383307
20 1.115364 11.376678
21 1.113650 11.370103
22 1.111955 11.363580
23 1.110281 11.357111
24 1.108626 11.350693
25 1.106991 11.344327
26 1.105375 11.338012
27 1.103777 11.331749
28 1.102199 11.325535
29 1.100639 11.319372
30 1.099097 11.313259
31 1.097573 11.307194
32 1.096067 11.301179
33 1.094579 11.295212
34 1.093108 11.289293
35 1.091655 11.283422
36 1.090218 11.277598
37 1.088798 11.271821
38 1.087395 11.266091
39 1.086009 11.260407
40 1.084638 11.254768
41 1.083284 11.249175
42 1.081945 11.243627
43 1.080622 11.238124
44 1.079315 11.232665
45 1.078023 11.227251
46 1.076746 11.221879
47 1.075484 11.216551
48 1.074237 11.211266
49 1.073005 11.206024
50 1.071787 11.200824
51 1.070583 11.195666
52 1.069393 11.190549
53 1.068217 11.185473
54 1.067055 11.180439
55 1.065907 11.175445
56 1.064772 11.170491
57 1.063650 11.165577
58 1.062542 11.160703
59 1.061446 11.155868
60 1.060364 11.151072
61 1.059294 11.146314
62 1.058236 11.141595
63 1.057191 11.136914
64 1.056158 11.132271
65 1.055137 11.127665
66 1.054129 11.123097
67 1.053132 11.118565
68 1.052146 11.114069
69 1.051173 11.109610
70 1.050210 11.105187
71 1.049259 11.100799
72 1.048319 11.096447
73 1.047390 11.092130
74 1.046472 11.087847
75 1.045565 11.083599
76 1.044668 11.079386
77 1.043782 11.075206
78 1.042906 11.071060
79 1.042041 11.066947
80 1.041185 11.062868
81 1.040340 11.058821
82 1.039505 11.054807
83 1.038679 11.050825
84 1.037863 11.046876
85 1.037057 11.042958
86 1.036260 11.039072
87 1.035472 11.035217
88 1.034694 11.031393
89 1.033924 11.027600
90 1.033164 11.023838
91 1.032413 11.020106
92 1.031670 11.016403
93 1.030936 11.012731
94 1.030211 11.009089
95 1.029494 11.005475
96 1.028786 11.001891
97 1.028085 10.998336
98 1.027394 10.994809
99 1.026710 10.991311
100 1.026034 10.987841
101 1.025366 10.984399
102 1.024706 10.980985
103 1.024054 10.977598
104 1.023409 10.974238
105 1.022772 10.970906
106 1.022142 10.967600
107 1.021520 10.964321
108 1.020905 10.961069
109 1.020297 10.957843
110 1.019697 10.954642
111 1.019103 10.951468
112 1.018516 10.948319
113 1.017937 10.945195
114 1.017364 10.942097
115 1.016797 10.939023
116 1.016238 10.935975
117 1.015684 10.932950
118 1.015138 10.929951
119 1.014598 10.926975
120 1.014064 10.924023
121 1.013536 10.921096
122 1.013015 10.918191
123 1.012499 10.915311
124 1.011990 10.912453
125 1.011487 10.909618
126 1.010989 10.906807
127 1.010497 10.904018
128 1.010012 10.901251
129 1.009531 10.898507
130 1.009057 10.895784
131 1.008588 10.893084
132 1.008124 10.890406
133 1.007666 10.887749
134 1.007214 10.885113
135 1.006766 10.882499
136 1.006324 10.879906
137 1.005887 10.877333
138 1.005455 10.874782
139 1.005028 10.872251
140 1.004607 10.869740
141 1.004190 10.867250
142 1.003778 10.864779
143 1.003371 10.862329
144 1.002968 10.859898
145 1.002571 10.857487
146 1.002178 10.855096
147 1.001789 10.852723
148 1.001405 10.850370
149 1.001026 10.848036
150 1.000651 10.845720
151 1.000280 10.843423
152 0.999914 10.841145
153 0.999552 10.838885
154 0.999195 10.836643
155 0.998841 10.834419
156 0.998492 10.832214
157 0.998147 10.830026
158 0.997806 10.827855
159 0.997468 10.825702
160 0.997135 10.823567
161 0.996806 10.821448
162 0.996480 10.819347
163 0.996159 10.817263
164 0.995841 10.815195
165 0.995527 10.813144
166 0.995216 10.811110
167 0.994909 10.809092
168 0.994606 10.807090
169 0.994306 10.805105
170 0.994010 10.803135
171 0.993717 10.801182
172 0.993428 10.799244
173 0.993142 10.797321
174 0.992860 10.795414
175 0.992580 10.793523
176 0.992304 10.791647
177 0.992032 10.789786
178 0.991762 10.787939
179 0.991496 10.786108
180 0.991232 10.784292
181 0.990972 10.782490
182 0.990715 10.780703
183 0.990461 10.778930
184 0.990210 10.777171
185 0.989961 10.775426
186 0.989716 10.773696
187 0.989474 10.771980
188 0.989234 10.770277
189 0.988997 10.768588
190 0.988763 10.766913
191 0.988532 10.765251
192 0.988304 10.763602
193 0.988078 10.761967
194 0.987854 10.760345
195 0.987634 10.758736
196 0.987416 10.757140
197 0.987200 10.755557
198 0.986987 10.753987
199 0.986777 10.752429
200 0.986569 10.750884
201 0.986363 10.749352
202 0.986160 10.747831
203 0.985959 10.746323
204 0.985761 10.744827
205 0.985565 10.743344
206 0.985371 10.741872
207 0.985179 10.740412
208 0.984990 10.738963
209 0.984803 10.737527
210 0.984618 10.736102
211 0.984436 10.734688
212 0.984255 10.733286
213 0.984076 10.731895
214 0.983900 10.730515
215 0.983726 10.729147
216 0.983554 10.727789
217 0.983383 10.726443
218 0.983215 10.725107
219 0.983049 10.723782
220 0.982884 10.722468
221 0.982722 10.721164
222 0.982562 10.719871
223 0.982403 10.718588
224 0.982246 10.717316
225 0.982091 10.716054
226 0.981938 10.714802
227 0.981787 10.713560
228 0.981637 10.712328
229 0.981489 10.711106
230 0.981343 10.709894
231 0.981199 10.708692
232 0.981056 10.707499
233 0.980915 10.706316
234 0.980776 10.705142
235 0.980638 10.703978
236 0.980502 10.702823
237 0.980368 10.701678
238 0.980235 10.700542
239 0.980103 10.699415
240 0.979974 10.698297
241 0.979845 10.697188
242 0.979719 10.696088
243 0.979593 10.694997
244 0.979469 10.693915
245 0.979347 10.692841
246 0.979226 10.691776
247 0.979106 10.690720
248 0.978988 10.689672
249 0.978872 10.688633
250 0.978756 10.687601
251 0.978642 10.686579
252 0.978529 10.685564
253 0.978418 10.684558
254 0.978308 10.683560
255 0.978199 10.682570
256 0.978092 10.681587
257 0.977985 10.680613
258 0.977880 10.679647
259 0.977777 10.678688
260 0.977674 10.677737
261 0.977573 10.676794
262 0.977472 10.675858
263 0.977373 10.674930
264 0.977276 10.674010
265 0.977179 10.673096
266 0.977083 10.672191
267 0.976989 10.671292
268 0.976896 10.670401
269 0.976803 10.669517
270 0.976712 10.668640
271 0.976622 10.667770
272 0.976533 10.666907
273 0.976445 10.666051
274 0.976358 10.665202
275 0.976272 10.664359
276 0.976187 10.663524
277 0.976103 10.662695
278 0.976020 10.661873
279 0.975938 10.661058
280 0.975857 10.660249
281 0.975777 10.659447
282 0.975698 10.658651
283 0.975620 10.657861
284 0.975542 10.657078
285 0.975466 10.656302
286 0.975391 10.655531
287 0.975316 10.654767
288 0.975242 10.654009
289 0.975169 10.653257
290 0.975097 10.652511
291 0.975026 10.651771
292 0.974956 10.651037
293 0.974886 10.650308
294 0.974817 10.649586
295 0.974750 10.648870
296 0.974682 10.648159
297 0.974616 10.647454
298 0.974551 10.646755
299 0.974486 10.646062
300 0.974422 10.645374
301 0.974359 10.644691
302 0.974296 10.644014
303 0.974234 10.643343
304 0.974173 10.642677
305 0.974113 10.642016
306 0.974053 10.641360
307 0.973994 10.640710
308 0.973936 10.640065
309 0.973878 10.639426
310 0.973821 10.638791
311 0.973765 10.638162
312 0.973710 10.637537
313 0.973655 10.636918
314 0.973600 10.636304
315 0.973547 10.635694
316 0.973494 10.635090
317 0.973441 10.634490
318 0.973390 10.633896
319 0.973338 10.633306
320 0.973288 10.632720
321 0.973238 10.632140
322 0.973188 10.631564
323 0.973140 10.630993
324 0.973091 10.630426
325 0.973044 10.629864
326 0.972997 10.629307
327 0.972950 10.628754
328 0.972904 10.628205
329 0.972858 10.627661
330 0.972813 10.627122
331 0.972769 10.626586
332 0.972725 10.626055
333 0.972682 10.625528
334 0.972639 10.625006
335 0.972596 10.624487
336 0.972555 10.623973
337 0.972513 10.623463
338 0.972472 10.622957
339 0.972432 10.622456
340 0.972392 10.621958
341 0.972352 10.621464
342 0.972313 10.620974
343 0.972275 10.620488
344 0.972237 10.620006
345 0.972199 10.619528
346 0.972162 10.619054
347 0.972125 10.618584
348 0.972089 10.618117
349 0.972053 10.617654
350 0.972017 10.617195
351 0.971982 10.616740
352 0.971947 10.616288
353 0.971913 10.615840
354 0.971879 10.615396
355 0.971846 10.614955
356 0.971813 10.614517
357 0.971780 10.614084
358 0.971748 10.613653
359 0.971716 10.613226
360 0.971684 10.612803
361 0.971653 10.612383
362 0.971622 10.611966
363 0.971592 10.611553
364 0.971561 10.611143
365 0.971532 10.610737
366 0.971502 10.610333
367 0.971473 10.609933
368 0.971444 10.609536
369 0.971416 10.609143
370 0.971388 10.608752
371 0.971360 10.608365
372 0.971333 10.607980
373 0.971306 10.607599
374 0.971279 10.607221
375 0.971253 10.606846
376 0.971226 10.606474
377 0.971201 10.606105
378 0.971175 10.605739
379 0.971150 10.605376
380 0.971125 10.605016
381 0.971100 10.604659
382 0.971076 10.604304
383 0.971052 10.603953
384 0.971028 10.603604
385 0.971004 10.603258
386 0.970981 10.602915
387 0.970958 10.602575
388 0.970936 10.602237
389 0.970913 10.601902
390 0.970891 10.601570
391 0.970869 10.601241
392 0.970847 10.600914
393 0.970826 10.600590
394 0.970805 10.600268
395 0.970784 10.599949
396 0.970763 10.599633
397 0.970743 10.599319
398 0.970723 10.599007
399 0.970703 10.598699
400 0.970683 10.598392
401 0.970664 10.598088
402 0.970644 10.597787
403 0.970625 10.597488
404 0.970607 10.597191
405 0.970588 10.596897
406 0.970570 10.596605
407 0.970551 10.596316
408 0.970534 10.596029
409 0.970516 10.595744
410 0.970498 10.595461
411 0.970481 10.595181
412 0.970464 10.594903
413 0.970447 10.594627
414 0.970430 10.594354
415 0.970414 10.594082
416 0.970397 10.593813
417 0.970381 10.593546
418 0.970365 10.593281
419 0.970350 10.593019
420 0.970334 10.592758
421 0.970319 10.592500
422 0.970303 10.592243
423 0.970288 10.591989
424 0.970274 10.591737
425 0.970259 10.591486
426 0.970244 10.591238
427 0.970230 10.590992
428 0.970216 10.590748
429 0.970202 10.590505
430 0.970188 10.590265
431 0.970174 10.590027
432 0.970161 10.589790
433 0.970147 10.589556
434 0.970134 10.589323
435 0.970121 10.589092
436 0.970108 10.588863
437 0.970096 10.588636
438 0.970083 10.588411
439 0.970071 10.588187
440 0.970058 10.587966
441 0.970046 10.587746
442 0.970034 10.587528
443 0.970022 10.587312
444 0.970010 10.587097
445 0.969999 10.586884
446 0.969987 10.586673
447 0.969976 10.586463
448 0.969965 10.586256
449 0.969954 10.586050
450 0.969943 10.585845
451 0.969932 10.585642
452 0.969921 10.585441
453 0.969911 10.585242
454 0.969900 10.585044
455 0.969890 10.584848
456 0.969880 10.584653
457 0.969870 10.584460
458 0.969860 10.584268
459 0.969850 10.584078
460 0.969840 10.583889
461 0.969831 10.583702
462 0.969821 10.583517
463 0.969812 10.583333
464 0.969803 10.583150
465 0.969794 10.582969
466 0.969784 10.582790
467 0.969776 10.582612
468 0.969767 10.582435
469 0.969758 10.582260
470 0.969749 10.582086
471 0.969741 10.581913
472 0.969732 10.581742
473 0.969724 10.581572
474 0.969716 10.581404
475 0.969708 10.581237
476 0.969700 10.581071
477 0.969692 10.580907
478 0.969684 10.580744
479 0.969676 10.580582
480 0.969668 10.580422
481 0.969661 10.580263
482 0.969653 10.580105
483 0.969646 10.579949
484 0.969638 10.579793
485 0.969631 10.579639
486 0.969624 10.579487
487 0.969617 10.579335
488 0.969610 10.579185
489 0.969603 10.579036
490 0.969596 10.578888
491 0.969590 10.578741
492 0.969583 10.578596
493 0.969576 10.578451
494 0.969570 10.578308
495 0.969563 10.578166
496 0.969557 10.578025
497 0.969551 10.577885
498 0.969545 10.577747
499 0.969538 10.577609
500 0.969532 10.577473
