0 0.447611 5.650000
1 0.445714 5.641425
2 0.443874 5.633031
3 0.442090 5.624813
4 0.440361 5.616767
5 0.438684 5.608891
6 0.437059 5.601180
7 0.435482 5.593631
8 0.433954 5.586240
9 0.432473 5.579005
10 0.431036 5.571922
11 0.429643 5.564987
12 0.428293 5.558198
13 0.426984 5.551552
14 0.425714 5.545045
15 0.424483 5.538675
16 0.423290 5.532439
17 0.422133 5.526334
18 0.421011 5.520357
19 0.419924 5.514505
20 0.418869 5.508777
21 0.417847 5.503168
22 0.416855 5.497678
23 0.415894 5.492303
24 0.414962 5.487041
25 0.414059 5.481889
26 0.413183 5.476845
27 0.412334 5.471908
28 0.411510 5.467074
29 0.410712 5.462342
30 0.409938 5.457709
31 0.409187 5.453173
32 0.408460 5.448733
33 0.407754 5.444386
34 0.407070 5.440130
35 0.406407 5.435964
36 0.405764 5.431885
37 0.405140 5.427892
38 0.404536 5.423982
39 0.403950 5.420155
40 0.403382 5.416408
41 0.402831 5.412740
42 0.402297 5.409149
43 0.401779 5.405633
44 0.401277 5.402192
45 0.400790 5.398822
46 0.400318 5.395523
47 0.399860 5.392294
48 0.399417 5.389132
49 0.398986 5.386037
50 0.398569 5.383007
51 0.398165 5.380040
52 0.397773 5.377136
53 0.397393 5.374293
54 0.397024 5.371509
55 0.396667 5.368784
56 0.396320 5.366116
57 0.395984 5.363505
58 0.395658 5.360948
59 0.395343 5.358445
60 0.395037 5.355994
61 0.394740 5.353595
62 0.394452 5.351246
63 0.394173 5.348947
64 0.393902 5.346695
65 0.393640 5.344492
66 0.393386 5.342334
67 0.393139 5.340222
68 0.392900 5.338154
69 0.392668 5.336129
70 0.392443 5.334148
71 0.392225 5.332207
72 0.392014 5.330308
73 0.391809 5.328448
74 0.391611 5.326627
75 0.391418 5.324845
76 0.391231 5.323100
77 0.391050 5.321392
78 0.390875 5.319720
79 0.390705 5.318082
80 0.390540 5.316479
81 0.390380 5.314910
82 0.390225 5.313374
83 0.390074 5.311870
84 0.389929 5.310398
85 0.389787 5.308956
86 0.389650 5.307545
87 0.389517 5.306164
88 0.389388 5.304811
89 0.389264 5.303487
90 0.389142 5.302191
91 0.389025 5.300922
92 0.388911 5.299679
93 0.388801 5.298463
94 0.388694 5.297272
95 0.388590 5.296106
96 0.388489 5.294965
97 0.388392 5.293848
98 0.388297 5.292754
99 0.388206 5.291683
100 0.388117 5.290635
101 0.388031 5.289608
102 0.387947 5.288604
103 0.387866 5.287620
104 0.387787 5.286657
105 0.387711 5.285714
106 0.387637 5.284791
107 0.387566 5.283888
108 0.387496 5.283003
109 0.387429 5.282137
110 0.387364 5.281289
111 0.387301 5.280459
112 0.387239 5.279646
113 0.387180 5.278851
114 0.387122 5.278072
115 0.387066 5.277310
116 0.387012 5.276563
117 0.386959 5.275832
118 0.386908 5.275117
119 0.386859 5.274416
120 0.386811 5.273731
121 0.386765 5.273059
122 0.386720 5.272402
123 0.386676 5.271759
124 0.386634 5.271129
125 0.386593 5.270512
126 0.386553 5.269909
127 0.386514 5.269318
128 0.386477 5.268739
129 0.386441 5.268173
130 0.386405 5.267618
131 0.386371 5.267075
132 0.386338 5.266544
133 0.386306 5.266023
134 0.386275 5.265514
135 0.386245 5.265015
136 0.386216 5.264527
137 0.386188 5.264049
138 0.386160 5.263581
139 0.386133 5.263123
140 0.386108 5.262675
141 0.386083 5.262236
142 0.386058 5.261806
143 0.386035 5.261385
144 0.386012 5.260973
145 0.385990 5.260570
146 0.385968 5.260175
147 0.385948 5.259788
148 0.385927 5.259410
149 0.385908 5.259039
150 0.385889 5.258677
151 0.385871 5.258321
152 0.385853 5.257974
153 0.385836 5.257634
154 0.385819 5.257300
155 0.385803 5.256974
156 0.385787 5.256655
157 0.385772 5.256342
158 0.385757 5.256036
159 0.385742 5.255737
160 0.385729 5.255443
161 0.385715 5.255156
162 0.385702 5.254875
163 0.385689 5.254600
164 0.385677 5.254330
165 0.385665 5.254066
166 0.385654 5.253808
167 0.385642 5.253555
168 0.385631 5.253308
169 0.385621 5.253065
170 0.385611 5.252828
171 0.385601 5.252596
172 0.385591 5.252369
173 0.385582 5.252146
174 0.385573 5.251928
175 0.385564 5.251715
176 0.385556 5.251506
177 0.385547 5.251301
178 0.385539 5.251101
179 0.385532 5.250905
180 0.385524 5.250713
181 0.385517 5.250526
182 0.385510 5.250342
183 0.385503 5.250162
184 0.385497 5.249985
185 0.385490 5.249813
186 0.385484 5.249644
187 0.385478 5.249479
188 0.385472 5.249317
189 0.385466 5.249158
190 0.385461 5.249003
191 0.385455 5.248851
192 0.385450 5.248703
193 0.385445 5.248557
194 0.385440 5.248414
195 0.385436 5.248275
196 0.385431 5.248138
197 0.385427 5.248005
198 0.385422 5.247874
199 0.385418 5.247745
200 0.385414 5.247620
201 0.385410 5.247497
202 0.385406 5.247377
203 0.385403 5.247259
204 0.385399 5.247144
205 0.385396 5.247031
206 0.385392 5.246920
207 0.385389 5.246812
208 0.385386 5.246706
209 0.385383 5.246603
210 0.385380 5.246501
211 0.385377 5.246402
212 0.385374 5.246305
213 0.385372 5.246209
214 0.385369 5.246116
215 0.385366 5.246025
216 0.385364 5.245936
217 0.385362 5.245848
218 0.385359 5.245762
219 0.385357 5.245679
220 0.385355 5.245597
221 0.385353 5.245516
222 0.385351 5.245438
223 0.385349 5.245361
224 0.385347 5.245285
225 0.385345 5.245211
226 0.385343 5.245139
227 0.385341 5.245068
228 0.385340 5.244999
229 0.385338 5.244931
230 0.385336 5.244865
231 0.385335 5.244800
232 0.385333 5.244736
233 0.385332 5.244674
234 0.385331 5.244613
235 0.385329 5.244553
236 0.385328 5.244495
237 0.385327 5.244438
238 0.385325 5.244382
239 0.385324 5.244327
240 0.385323 5.244273
241 0.385322 5.244221
242 0.385321 5.244169
243 0.385320 5.244119
244 0.385319 5.244069
245 0.385318 5.244021
246 0.385317 5.243974
247 0.385316 5.243928
248 0.385315 5.243882
249 0.385314 5.243838
250 0.385313 5.243795
251 0.385312 5.243752
252 0.385311 5.243711
253 0.385311 5.243670
254 0.385310 5.243630
255 0.385309 5.243591
256 0.385308 5.243553
257 0.385308 5.243515
258 0.385307 5.243479
259 0.385306 5.243443
260 0.385306 5.243408
261 0.385305 5.243373
262 0.385305 5.243340
263 0.385304 5.243307
264 0.385303 5.243274
265 0.385303 5.243243
266 0.385302 5.243212
267 0.385302 5.243182
268 0.385301 5.243152
269 0.385301 5.243123
270 0.385300 5.243095
271 0.385300 5.243067
272 0.385299 5.243040
273 0.385299 5.243013
274 0.385299 5.242987
275 0.385298 5.242961
276 0.385298 5.242936
277 0.385297 5.242912
278 0.385297 5.242888
279 0.385297 5.242864
280 0.385296 5.242841
281 0.385296 5.242819
282 0.385296 5.242797
283 0.385295 5.242775
284 0.385295 5.242754
285 0.385295 5.242734
286 0.385295 5.242713
287 0.385294 5.242694
288 0.385294 5.242674
289 0.385294 5.242655
290 0.385294 5.242637
291 0.385293 5.242619
292 0.385293 5.242601
293 0.385293 5.242583
294 0.385293 5.242566
295 0.385292 5.242550
296 0.385292 5.242533
297 0.385292 5.242517
298 0.385292 5.242502
299 0.385292 5.242486
300 0.385291 5.242471
301 0.385291 5.242456
302 0.385291 5.242442
303 0.385291 5.242428
304 0.385291 5.242414
305 0.385291 5.242401
306 0.385290 5.242387
307 0.385290 5.242375
308 0.385290 5.242362
309 0.385290 5.242349
310 0.385290 5.242337
311 0.385290 5.242325
312 0.385290 5.242314
313 0.385289 5.242302
314 0.385289 5.242291
315 0.385289 5.242280
316 0.385289 5.242270
317 0.385289 5.242259
318 0.385289 5.242249
319 0.385289 5.242239
320 0.385289 5.242229
321 0.385289 5.242219
322 0.385289 5.242210
323 0.385288 5.242201
324 0.385288 5.242192
325 0.385288 5.242183
326 0.385288 5.242174
327 0.385288 5.242166
328 0.385288 5.242157
329 0.385288 5.242149
330 0.385288 5.242141
331 0.385288 5.242134
332 0.385288 5.242126
333 0.385288 5.242119
334 0.385288 5.242111
335 0.385288 5.242104
336 0.385288 5.242097
337 0.385287 5.242090
338 0.385287 5.242084
339 0.385287 5.242077
340 0.385287 5.242071
341 0.385287 5.242064
342 0.385287 5.242058
343 0.385287 5.242052
344 0.385287 5.242046
345 0.385287 5.242040
346 0.385287 5.242035
347 0.385287 5.242029
348 0.385287 5.242024
349 0.385287 5.242019
350 0.385287 5.242013
351 0.385287 5.242008
352 0.385287 5.242003
353 0.385287 5.241998
354 0.385287 5.241994
355 0.385287 5.241989
356 0.385287 5.241984
357 0.385287 5.241980
358 0.385287 5.241975
359 0.385287 5.241971
360 0.385287 5.241967
361 0.385286 5.241963
362 0.385286 5.241959
363 0.385286 5.241955
364 0.385286 5.241951
365 0.385286 5.241947
366 0.385286 5.241944
367 0.385286 5.241940
368 0.385286 5.241936
369 0.385286 5.241933
370 0.385286 5.241930
371 0.385286 5.241926
372 0.385286 5.241923
373 0.385286 5.241920
374 0.385286 5.241917
375 0.385286 5.241914
376 0.385286 5.241911
377 0.385286 5.241908
378 0.385286 5.241905
379 0.385286 5.241902
380 0.385286 5.241899
381 0.385286 5.241897
382 0.385286 5.241894
383 0.385286 5.241891
384 0.385286 5.241889
385 0.385286 5.241886
386 0.385286 5.241884
387 0.385286 5.241882
388 0.385286 5.241879
389 0.385286 5.241877
390 0.385286 5.241875
391 0.385286 5.241873
392 0.385286 5.241870
393 0.385286 5.241868
394 0.385286 5.241866
395 0.385286 5.241864
396 0.385286 5.241862
397 0.385286 5.241860
398 0.385286 5.241859
399 0.385286 5.241857
400 0.385286 5.241855
401 0.385286 5.241853
402 0.385286 5.241851
403 0.385286 5.241850
404 0.385286 5.241848
405 0.385286 5.241846
406 0.385286 5.241845
407 0.385286 5.241843
408 0.385286 5.241842
409 0.385286 5.241840
410 0.385286 5.241839
411 0.385286 5.241837
412 0.385286 5.241836
413 0.385286 5.241835
414 0.385286 5.241833
415 0.385286 5.241832
416 0.385286 5.241831
417 0.385286 5.241830
418 0.385286 5.241828
419 0.385286 5.241827
420 0.385286 5.241826
421 0.385286 5.241825
422 0.385286 5.241824
423 0.385286 5.241823
424 0.385286 5.241821
425 0.385286 5.241820
426 0.385286 5.241819
427 0.385286 5.241818
428 0.385286 5.241817
429 0.385286 5.241816
430 0.385286 5.241815
431 0.385286 5.241815
432 0.385286 5.241814
433 0.385286 5.241813
434 0.385286 5.241812
435 0.385286 5.241811
436 0.385286 5.241810
437 0.385286 5.241809
438 0.385286 5.241809
439 0.385286 5.241808
440 0.385286 5.241807
441 0.385286 5.241806
442 0.385286 5.241805
443 0.385286 5.241805
444 0.385286 5.241804
445 0.385286 5.241803
446 0.385286 5.241803
447 0.385286 5.241802
448 0.385286 5.241801
449 0.385286 5.241801
450 0.385286 5.241800
451 0.385286 5.241799
452 0.385286 5.241799
453 0.385286 5.241798
454 0.385286 5.241798
455 0.385286 5.241797
456 0.385286 5.241797
457 0.385286 5.241796
458 0.385286 5.241796
459 0.385286 5.241795
460 0.385286 5.241795
461 0.385286 5.241794
462 0.385286 5.241794
463 0.385286 5.241793
464 0.385286 5.241793
465 0.385286 5.241792
466 0.385286 5.241792
467 0.385286 5.241791
468 0.385286 5.241791
469 0.385286 5.241790
470 0.385286 5.241790
471 0.385286 5.241790
472 0.385286 5.241789
473 0.385286 5.241789
474 0.385286 5.241789
475 0.385286 5.241788
476 0.385286 5.241788
477 0.385286 5.241787
478 0.385286 5.241787
479 0.385286 5.241787
480 0.385286 5.241786
481 0.385286 5.241786
482 0.385286 5.241786
483 0.385286 5.241785
484 0.385286 5.241785
485 0.385286 5.241785
486 0.385286 5.241785
487 0.385286 5.241784
488 0.385286 5.241784
489 0.385286 5.241784
490 0.385286 5.241784
491 0.385286 5.241783
492 0.385286 5.241783
493 0.385286 5.241783
494 0.385286 5.241783
495 0.385286 5.241782
496 0.385286 5.241782
497 0.385286 5.241782
498 0.385286 5.241782
499 0.385286 5.241781
500 0.385286 5.241781
