0 2.444132 15.280000
1 2.440095 15.270996
2 2.436089 15.262040
3 2.432113 15.253132
4 2.428169 15.244271
5 2.424256 15.235457
6 2.420372 15.226691
7 2.416519 15.217971
8 2.412696 15.209297
9 2.408902 15.200670
10 2.405137 15.192089
11 2.401402 15.183553
12 2.397696 15.175063
13 2.394018 15.166618
14 2.390369 15.158218
15 2.386749 15.149863
16 2.383156 15.141552
17 2.379591 15.133286
18 2.376054 15.125064
19 2.372544 15.116885
20 2.369062 15.108750
21 2.365606 15.100659
22 2.362177 15.092610
23 2.358775 15.084605
24 2.355399 15.076642
25 2.352049 15.068721
26 2.348726 15.060843
27 2.345428 15.053007
28 2.342155 15.045212
29 2.338908 15.037459
30 2.335686 15.029747
31 2.332489 15.022077
32 2.329317 15.014447
33 2.326170 15.006858
34 2.323046 14.999309
35 2.319947 14.991800
36 2.316872 14.984332
37 2.313821 14.976903
38 2.310794 14.969514
39 2.307790 14.962164
40 2.304809 14.954854
41 2.301851 14.947582
42 2.298917 14.940349
43 2.296005 14.933155
44 2.293115 14.925999
45 2.290248 14.918881
46 2.287404 14.911801
47 2.284581 14.904758
48 2.281780 14.897754
49 2.279001 14.890786
50 2.276243 14.883856
51 2.273507 14.876963
52 2.270792 14.870106
53 2.268098 14.863286
54 2.265425 14.856502
55 2.262772 14.849754
56 2.260140 14.843043
57 2.257529 14.836367
58 2.254938 14.829726
59 2.252367 14.823121
60 2.249815 14.816551
61 2.247284 14.810017
62 2.244772 14.803517
63 2.242280 14.797051
64 2.239807 14.790620
65 2.237353 14.784224
66 2.234918 14.777861
67 2.232502 14.771532
68 2.230105 14.765237
69 2.227726 14.758976
70 2.225366 14.752748
71 2.223024 14.746553
72 2.220700 14.740391
73 2.218394 14.734262
74 2.216106 14.728166
75 2.213836 14.722102
76 2.211584 14.716070
77 2.209349 14.710071
78 2.207131 14.704103
79 2.204930 14.698168
80 2.202746 14.692263
81 2.200580 14.686391
82 2.198430 14.680549
83 2.196297 14.674739
84 2.194180 14.668960
85 2.192080 14.663211
86 2.189996 14.657494
87 2.187928 14.651806
88 2.185876 14.646149
89 2.183840 14.640522
90 2.181820 14.634925
91 2.179816 14.629358
92 2.177827 14.623821
93 2.175853 14.618313
94 2.173895 14.612834
95 2.171952 14.607385
96 2.170024 14.601964
97 2.168111 14.596573
98 2.166213 14.591210
99 2.164329 14.585876
100 2.162460 14.580570
101 2.160606 14.575292
102 2.158766 14.570043
103 2.156940 14.564821
104 2.155128 14.559628
105 2.153331 14.554462
106 2.151547 14.549323
107 2.149777 14.544212
108 2.148021 14.539128
109 2.146279 14.534071
110 2.144550 14.529042
111 2.142834 14.524039
112 2.141132 14.519062
113 2.139442 14.514112
114 2.137766 14.509189
115 2.136103 14.504292
116 2.134453 14.499421
117 2.132816 14.494575
118 2.131191 14.489756
119 2.129579 14.484962
120 2.127979 14.480194
121 2.126392 14.475451
122 2.124817 14.470734
123 2.123255 14.466041
124 2.121704 14.461374
125 2.120165 14.456731
126 2.118639 14.452114
127 2.117124 14.447521
128 2.115621 14.442952
129 2.114129 14.438407
130 2.112650 14.433887
131 2.111181 14.429391
132 2.109724 14.424919
133 2.108278 14.420471
134 2.106844 14.416046
135 2.105421 14.411645
136 2.104008 14.407268
137 2.102607 14.402913
138 2.101216 14.398582
139 2.099836 14.394274
140 2.098467 14.389989
141 2.097109 14.385727
142 2.095761 14.381488
143 2.094423 14.377271
144 2.093096 14.373076
145 2.091779 14.368904
146 2.090473 14.364755
147 2.089176 14.360627
148 2.087890 14.356521
149 2.086613 14.352437
150 2.085347 14.348375
151 2.084090 14.344335
152 2.082843 14.340316
153 2.081605 14.336318
154 2.080378 14.332342
155 2.079159 14.328387
156 2.077950 14.324453
157 2.076751 14.320540
158 2.075561 14.316648
159 2.074380 14.312776
160 2.073208 14.308925
161 2.072045 14.305095
162 2.070892 14.301285
163 2.069747 14.297496
164 2.068611 14.293726
165 2.067484 14.289977
166 2.066365 14.286248
167 2.065256 14.282538
168 2.064155 14.278848
169 2.063062 14.275178
170 2.061978 14.271528
171 2.060902 14.267897
172 2.059835 14.264285
173 2.058776 14.260693
174 2.057725 14.257119
175 2.056682 14.253565
176 2.055648 14.250030
177 2.054621 14.246513
178 2.053602 14.243015
179 2.052592 14.239536
180 2.051589 14.236076
181 2.050593 14.232634
182 2.049606 14.229210
183 2.048626 14.225804
184 2.047654 14.222417
185 2.046689 14.219047
186 2.045732 14.215696
187 2.044782 14.212362
188 2.043840 14.209046
189 2.042905 14.205748
190 2.041977 14.202468
191 2.041056 14.199205
192 2.040143 14.195959
193 2.039236 14.192730
194 2.038337 14.189519
195 2.037444 14.186325
196 2.036559 14.183148
197 2.035680 14.179988
198 2.034808 14.176844
199 2.033943 14.173718
200 2.033085 14.170608
201 2.032233 14.167514
202 2.031388 14.164438
203 2.030549 14.161377
204 2.029717 14.158333
205 2.028891 14.155305
206 2.028072 14.152293
207 2.027259 14.149297
208 2.026452 14.146317
209 2.025652 14.143354
210 2.024858 14.140405
211 2.024070 14.137473
212 2.023288 14.134556
213 2.022512 14.131655
214 2.021742 14.128769
215 2.020978 14.125898
216 2.020220 14.123043
217 2.019468 14.120203
218 2.018722 14.117379
219 2.017982 14.114569
220 2.017247 14.111774
221 2.016518 14.108994
222 2.015795 14.106229
223 2.015077 14.103479
224 2.014365 14.100743
225 2.013658 14.098022
226 2.012957 14.095315
227 2.012261 14.092623
228 2.011571 14.089945
229 2.010886 14.087281
230 2.010206 14.084632
231 2.009531 14.081997
232 2.008862 14.079375
233 2.008198 14.076768
234 2.007539 14.074175
235 2.006885 14.071595
236 2.006237 14.069029
237 2.005593 14.066477
238 2.004954 14.063938
239 2.004321 14.061413
240 2.003692 14.058902
241 2.003068 14.056404
242 2.002449 14.053919
243 2.001834 14.051447
244 2.001225 14.048988
245 2.000620 14.046543
246 2.000020 14.044111
247 1.999424 14.041691
248 1.998833 14.039285
249 1.998247 14.036891
250 1.997665 14.034510
251 1.997088 14.032142
252 1.996515 14.029786
253 1.995947 14.027443
254 1.995383 14.025112
255 1.994823 14.022794
256 1.994268 14.020488
257 1.993717 14.018195
258 1.993170 14.015913
259 1.992628 14.013644
260 1.992090 14.011387
261 1.991556 14.009142
262 1.991026 14.006909
263 1.990500 14.004688
264 1.989978 14.002478
265 1.989461 14.000281
266 1.988947 13.998095
267 1.988437 13.995921
268 1.987931 13.993758
269 1.987430 13.991607
270 1.986932 13.989467
271 1.986438 13.987339
272 1.985947 13.985222
273 1.985461 13.983116
274 1.984978 13.981022
275 1.984499 13.978938
276 1.984024 13.976866
277 1.983552 13.974805
278 1.983085 13.972755
279 1.982620 13.970716
280 1.982160 13.968687
281 1.981703 13.966670
282 1.981249 13.964663
283 1.980799 13.962667
284 1.980352 13.960681
285 1.979909 13.958706
286 1.979470 13.956742
287 1.979033 13.954788
288 1.978601 13.952844
289 1.978171 13.950911
290 1.977745 13.948988
291 1.977322 13.947076
292 1.976902 13.945173
293 1.976486 13.943281
294 1.976073 13.941399
295 1.975663 13.939527
296 1.975256 13.937664
297 1.974853 13.935812
298 1.974452 13.933970
299 1.974055 13.932137
300 1.973660 13.930314
301 1.973269 13.928501
302 1.972881 13.926698
303 1.972496 13.924904
304 1.972114 13.923119
305 1.971734 13.921345
306 1.971358 13.919579
307 1.970985 13.917823
308 1.970614 13.916077
309 1.970247 13.914339
310 1.969882 13.912611
311 1.969520 13.910893
312 1.969161 13.909183
313 1.968804 13.907482
314 1.968451 13.905791
315 1.968100 13.904108
316 1.967752 13.902435
317 1.967406 13.900770
318 1.967064 13.899114
319 1.966724 13.897468
320 1.966386 13.895829
321 1.966051 13.894200
322 1.965719 13.892579
323 1.965389 13.890967
324 1.965062 13.889364
325 1.964738 13.887769
326 1.964415 13.886182
327 1.964096 13.884604
328 1.963779 13.883035
329 1.963464 13.881473
330 1.963152 13.879920
331 1.962842 13.878376
332 1.962535 13.876839
333 1.962230 13.875311
334 1.961927 13.873791
335 1.961627 13.872279
336 1.961329 13.870775
337 1.961033 13.869279
338 1.960740 13.867791
339 1.960449 13.866311
340 1.960160 13.864839
341 1.959873 13.863375
342 1.959589 13.861918
343 1.959307 13.860470
344 1.959027 13.859029
345 1.958749 13.857595
346 1.958473 13.856169
347 1.958200 13.854751
348 1.957928 13.853341
349 1.957659 13.851938
350 1.957392 13.850542
351 1.957127 13.849154
352 1.956864 13.847773
353 1.956603 13.846400
354 1.956344 13.845034
355 1.956087 13.843675
356 1.955831 13.842324
357 1.955578 13.840979
358 1.955327 13.839642
359 1.955078 13.838312
360 1.954831 13.836989
361 1.954586 13.835673
362 1.954342 13.834364
363 1.954101 13.833062
364 1.953861 13.831767
365 1.953623 13.830479
366 1.953387 13.829198
367 1.953153 13.827923
368 1.952921 13.826656
369 1.952690 13.825395
370 1.952462 13.824141
371 1.952235 13.822893
372 1.952010 13.821653
373 1.951786 13.820418
374 1.951565 13.819191
375 1.951345 13.817970
376 1.951126 13.816755
377 1.950910 13.815547
378 1.950695 13.814345
379 1.950482 13.813150
380 1.950270 13.811961
381 1.950060 13.810778
382 1.949852 13.809602
383 1.949645 13.808432
384 1.949440 13.807268
385 1.949236 13.806111
386 1.949034 13.804959
387 1.948834 13.803814
388 1.948635 13.802675
389 1.948438 13.801542
390 1.948242 13.800415
391 1.948048 13.799294
392 1.947855 13.798179
393 1.947664 13.797069
394 1.947474 13.795966
395 1.947286 13.794869
396 1.947099 13.793777
397 1.946914 13.792692
398 1.946730 13.791612
399 1.946547 13.790538
400 1.946366 13.789469
401 1.946186 13.788406
402 1.946008 13.787349
403 1.945831 13.786298
404 1.945656 13.785252
405 1.945481 13.784212
406 1.945309 13.783177
407 1.945137 13.782148
408 1.944967 13.781124
409 1.944798 13.780106
410 1.944631 13.779093
411 1.944464 13.778085
412 1.944299 13.777083
413 1.944136 13.776087
414 1.943973 13.775095
415 1.943812 13.774109
416 1.943652 13.773128
417 1.943494 13.772152
418 1.943336 13.771182
419 1.943180 13.770217
420 1.943025 13.769256
421 1.942871 13.768301
422 1.942719 13.767351
423 1.942567 13.766406
424 1.942417 13.765467
425 1.942268 13.764532
426 1.942120 13.763602
427 1.941973 13.762677
428 1.941827 13.761757
429 1.941683 13.760842
430 1.941539 13.759932
431 1.941397 13.759026
432 1.941256 13.758126
433 1.941116 13.757230
434 1.940977 13.756339
435 1.940839 13.755453
436 1.940702 13.754571
437 1.940566 13.753694
438 1.940432 13.752822
439 1.940298 13.751955
440 1.940165 13.751092
441 1.940034 13.750234
442 1.939903 13.749380
443 1.939773 13.748531
444 1.939645 13.747686
445 1.939517 13.746846
446 1.939390 13.746010
447 1.939265 13.745179
448 1.939140 13.744352
449 1.939016 13.743530
450 1.938894 13.742712
451 1.938772 13.741898
452 1.938651 13.741089
453 1.938531 13.740284
454 1.938412 13.739483
455 1.938294 13.738687
456 1.938177 13.737895
457 1.938061 13.737107
458 1.937945 13.736323
459 1.937831 13.735543
460 1.937718 13.734768
461 1.937605 13.733997
462 1.937493 13.733229
463 1.937382 13.732466
464 1.937272 13.731707
465 1.937163 13.730952
466 1.937054 13.730201
467 1.936947 13.729454
468 1.936840 13.728711
469 1.936734 13.727972
470 1.936629 13.727237
471 1.936525 13.726506
472 1.936422 13.725779
473 1.936319 13.725055
474 1.936217 13.724336
475 1.936116 13.723620
476 1.936016 13.722908
477 1.935916 13.722200
478 1.935818 13.721495
479 1.935720 13.720795
480 1.935623 13.720098
481 1.935526 13.719405
482 1.935430 13.718715
483 1.935335 13.718030
484 1.935241 13.717347
485 1.935148 13.716669
486 1.935055 13.715994
487 1.934963 13.715323
488 1.934872 13.714655
489 1.934781 13.713991
490 1.934691 13.713330
491 1.934602 13.712673
492 1.934513 13.712020
493 1.934426 13.711370
494 1.934338 13.710723
495 1.934252 13.710080
496 1.934166 13.709440
497 1.934081 13.708804
498 1.933997 13.708171
499 1.933913 13.707541
500 1.933829 13.706915
