0 0.940852 9.060000
1 0.938803 9.052958
2 0.936776 9.045968
3 0.934770 9.039028
4 0.932785 9.032138
5 0.930821 9.025298
6 0.928877 9.018508
7 0.926955 9.011767
8 0.925052 9.005075
9 0.923170 8.998432
10 0.921307 8.991837
11 0.919464 8.985289
12 0.917641 8.978789
13 0.915836 8.972336
14 0.914051 8.965930
15 0.912285 8.959571
16 0.910537 8.953257
17 0.908807 8.946990
18 0.907096 8.940768
19 0.905403 8.934590
20 0.903728 8.928458
21 0.902070 8.922370
22 0.900430 8.916327
23 0.898807 8.910327
24 0.897202 8.904370
25 0.895613 8.898457
26 0.894041 8.892587
27 0.892485 8.886759
28 0.890946 8.880974
29 0.889424 8.875230
30 0.887917 8.869529
31 0.886426 8.863868
32 0.884951 8.858249
33 0.883491 8.852670
34 0.882047 8.847132
35 0.880618 8.841634
36 0.879204 8.836175
37 0.877805 8.830757
38 0.876421 8.825377
39 0.875051 8.820037
40 0.873696 8.814736
41 0.872355 8.809472
42 0.871028 8.804247
43 0.869715 8.799060
44 0.868417 8.793911
45 0.867131 8.788799
46 0.865860 8.783724
47 0.864601 8.778685
48 0.863356 8.773684
49 0.862124 8.768718
50 0.860905 8.763789
51 0.859699 8.758895
52 0.858506 8.754037
53 0.857325 8.749214
54 0.856157 8.744426
55 0.855001 8.739673
56 0.853857 8.734954
57 0.852725 8.730269
58 0.851606 8.725619
59 0.850498 8.721002
60 0.849401 8.716418
61 0.848316 8.711868
62 0.847243 8.707351
63 0.846181 8.702867
64 0.845130 8.698415
65 0.844091 8.693995
66 0.843062 8.689608
67 0.842044 8.685252
68 0.841037 8.680928
69 0.840040 8.676635
70 0.839054 8.672373
71 0.838078 8.668142
72 0.837113 8.663942
73 0.836158 8.659773
74 0.835213 8.655633
75 0.834278 8.651524
76 0.833352 8.647444
77 0.832437 8.643394
78 0.831531 8.639374
79 0.830634 8.635382
80 0.829748 8.631420
81 0.828870 8.627486
82 0.828002 8.623581
83 0.827143 8.619704
84 0.826293 8.615855
85 0.825451 8.612034
86 0.824619 8.608241
87 0.823796 8.604475
88 0.822981 8.600737
89 0.822175 8.597026
90 0.821377 8.593341
91 0.820588 8.589684
92 0.819807 8.586052
93 0.819034 8.582448
94 0.818270 8.578869
95 0.817513 8.575316
96 0.816765 8.571789
97 0.816024 8.568288
98 0.815291 8.564812
99 0.814566 8.561361
100 0.813849 8.557936
101 0.813139 8.554535
102 0.812436 8.551158
103 0.811741 8.547807
104 0.811054 8.544479
105 0.810373 8.541176
106 0.809700 8.537897
107 0.809034 8.534641
108 0.808375 8.531409
109 0.807722 8.528201
110 0.807077 8.525015
111 0.806439 8.521853
112 0.805807 8.518714
113 0.805182 8.515597
114 0.804563 8.512504
115 0.803951 8.509432
116 0.803346 8.506383
117 0.802747 8.503356
118 0.802154 8.500351
119 0.801567 8.497368
120 0.800987 8.494406
121 0.800413 8.491466
122 0.799844 8.488547
123 0.799282 8.485649
124 0.798726 8.482772
125 0.798175 8.479917
126 0.797631 8.477082
127 0.797092 8.474267
128 0.796559 8.471473
129 0.796031 8.468699
130 0.795509 8.465945
131 0.794992 8.463211
132 0.794481 8.460497
133 0.793976 8.457803
134 0.793475 8.455128
135 0.792980 8.452473
136 0.792490 8.449837
137 0.792006 8.447220
138 0.791526 8.444622
139 0.791052 8.442043
140 0.790582 8.439482
141 0.790118 8.436940
142 0.789658 8.434417
143 0.789203 8.431912
144 0.788753 8.429425
145 0.788308 8.426956
146 0.787867 8.424505
147 0.787431 8.422071
148 0.787000 8.419656
149 0.786573 8.417258
150 0.786151 8.414877
151 0.785733 8.412514
152 0.785319 8.410167
153 0.784910 8.407838
154 0.784506 8.405525
155 0.784105 8.403230
156 0.783709 8.400951
157 0.783317 8.398688
158 0.782929 8.396442
159 0.782545 8.394212
160 0.782165 8.391999
161 0.781789 8.389801
162 0.781417 8.387620
163 0.781049 8.385454
164 0.780685 8.383304
165 0.780325 8.381169
166 0.779969 8.379050
167 0.779616 8.376947
168 0.779267 8.374858
169 0.778922 8.372785
170 0.778580 8.370727
171 0.778242 8.368683
172 0.777908 8.366655
173 0.777577 8.364641
174 0.777249 8.362642
175 0.776925 8.360657
176 0.776605 8.358687
177 0.776288 8.356731
178 0.775974 8.354789
179 0.775663 8.352862
180 0.775356 8.350948
181 0.775052 8.349048
182 0.774751 8.347162
183 0.774454 8.345289
184 0.774159 8.343431
185 0.773868 8.341585
186 0.773579 8.339753
187 0.773294 8.337935
188 0.773012 8.336129
189 0.772732 8.334337
190 0.772456 8.332557
191 0.772183 8.330791
192 0.771912 8.329037
193 0.771644 8.327296
194 0.771379 8.325568
195 0.771117 8.323852
196 0.770858 8.322149
197 0.770601 8.320458
198 0.770348 8.318779
199 0.770096 8.317112
200 0.769848 8.315458
201 0.769602 8.313815
202 0.769358 8.312185
203 0.769118 8.310566
204 0.768879 8.308959
205 0.768644 8.307363
206 0.768410 8.305780
207 0.768180 8.304207
208 0.767951 8.302646
209 0.767725 8.301097
210 0.767502 8.299558
211 0.767281 8.298031
212 0.767062 8.296515
213 0.766845 8.295010
214 0.766631 8.293516
215 0.766419 8.292032
216 0.766209 8.290560
217 0.766001 8.289098
218 0.765796 8.287647
219 0.765593 8.286206
220 0.765392 8.284775
221 0.765193 8.283355
222 0.764996 8.281946
223 0.764801 8.280546
224 0.764608 8.279157
225 0.764418 8.277778
226 0.764229 8.276408
227 0.764042 8.275049
228 0.763858 8.273700
229 0.763675 8.272360
230 0.763494 8.271030
231 0.763315 8.269710
232 0.763138 8.268399
233 0.762963 8.267098
234 0.762789 8.265806
235 0.762618 8.264523
236 0.762448 8.263250
237 0.762280 8.261986
238 0.762114 8.260732
239 0.761950 8.259486
240 0.761787 8.258249
241 0.761626 8.257022
242 0.761467 8.255803
243 0.761309 8.254593
244 0.761153 8.253392
245 0.760999 8.252199
246 0.760846 8.251016
247 0.760695 8.249841
248 0.760546 8.248674
249 0.760398 8.247516
250 0.760252 8.246366
251 0.760107 8.245224
252 0.759964 8.244091
253 0.759822 8.242966
254 0.759682 8.241849
255 0.759543 8.240741
256 0.759406 8.239640
257 0.759270 8.238547
258 0.759136 8.237463
259 0.759003 8.236386
260 0.758871 8.235317
261 0.758741 8.234255
262 0.758612 8.233202
263 0.758484 8.232156
264 0.758358 8.231117
265 0.758234 8.230086
266 0.758110 8.229063
267 0.757988 8.228047
268 0.757867 8.227038
269 0.757747 8.226037
270 0.757629 8.225043
271 0.757512 8.224056
272 0.757396 8.223076
273 0.757281 8.222104
274 0.757168 8.221138
275 0.757056 8.220180
276 0.756945 8.219228
277 0.756835 8.218284
278 0.756726 8.217346
279 0.756618 8.216415
280 0.756512 8.215491
281 0.756407 8.214573
282 0.756302 8.213662
283 0.756199 8.212758
284 0.756097 8.211860
285 0.755996 8.210969
286 0.755896 8.210084
287 0.755798 8.209206
288 0.755700 8.208334
289 0.755603 8.207468
290 0.755507 8.206609
291 0.755412 8.205755
292 0.755319 8.204908
293 0.755226 8.204068
294 0.755134 8.203233
295 0.755043 8.202404
296 0.754954 8.201582
297 0.754865 8.200765
298 0.754777 8.199954
299 0.754690 8.199149
300 0.754604 8.198350
301 0.754518 8.197557
302 0.754434 8.196769
303 0.754351 8.195988
304 0.754268 8.195211
305 0.754186 8.194441
306 0.754106 8.193676
307 0.754026 8.192917
308 0.753947 8.192163
309 0.753868 8.191414
310 0.753791 8.190671
311 0.753714 8.189934
312 0.753638 8.189202
313 0.753563 8.188475
314 0.753489 8.187753
315 0.753416 8.187037
316 0.753343 8.186325
317 0.753271 8.185619
318 0.753200 8.184918
319 0.753129 8.184223
320 0.753060 8.183532
321 0.752991 8.182846
322 0.752923 8.182165
323 0.752855 8.181489
324 0.752788 8.180818
325 0.752722 8.180152
326 0.752657 8.179491
327 0.752592 8.178834
328 0.752528 8.178183
329 0.752465 8.177536
330 0.752402 8.176893
331 0.752340 8.176256
332 0.752279 8.175623
333 0.752218 8.174994
334 0.752158 8.174370
335 0.752099 8.173751
336 0.752040 8.173136
337 0.751982 8.172526
338 0.751924 8.171920
339 0.751867 8.171318
340 0.751811 8.170721
341 0.751755 8.170128
342 0.751700 8.169539
343 0.751645 8.168955
344 0.751591 8.168375
345 0.751538 8.167799
346 0.751485 8.167227
347 0.751433 8.166660
348 0.751381 8.166096
349 0.751330 8.165537
350 0.751279 8.164981
351 0.751229 8.164430
352 0.751179 8.163883
353 0.751130 8.163340
354 0.751082 8.162800
355 0.751033 8.162265
356 0.750986 8.161733
357 0.750939 8.161205
358 0.750892 8.160682
359 0.750846 8.160161
360 0.750801 8.159645
361 0.750755 8.159133
362 0.750711 8.158624
363 0.750667 8.158118
364 0.750623 8.157617
365 0.750580 8.157119
366 0.750537 8.156625
367 0.750495 8.156134
368 0.750453 8.155647
369 0.750411 8.155163
370 0.750370 8.154683
371 0.750330 8.154207
372 0.750290 8.153734
373 0.750250 8.153264
374 0.750211 8.152798
375 0.750172 8.152335
376 0.750133 8.151875
377 0.750095 8.151419
378 0.750057 8.150966
379 0.750020 8.150516
380 0.749983 8.150070
381 0.749947 8.149627
382 0.749911 8.149187
383 0.749875 8.148750
384 0.749840 8.148316
385 0.749805 8.147886
386 0.749770 8.147459
387 0.749736 8.147034
388 0.749702 8.146613
389 0.749668 8.146195
390 0.749635 8.145780
391 0.749602 8.145368
392 0.749570 8.144959
393 0.749538 8.144553
394 0.749506 8.144150
395 0.749475 8.143750
396 0.749443 8.143352
397 0.749413 8.142958
398 0.749382 8.142566
399 0.749352 8.142178
400 0.749322 8.141792
401 0.749293 8.141409
402 0.749263 8.141028
403 0.749235 8.140651
404 0.749206 8.140276
405 0.749178 8.139904
406 0.749150 8.139534
407 0.749122 8.139168
408 0.749095 8.138803
409 0.749067 8.138442
410 0.749041 8.138083
411 0.749014 8.137727
412 0.748988 8.137373
413 0.748962 8.137022
414 0.748936 8.136674
415 0.748911 8.136328
416 0.748885 8.135984
417 0.748860 8.135643
418 0.748836 8.135305
419 0.748811 8.134969
420 0.748787 8.134635
421 0.748763 8.134304
422 0.748740 8.133975
423 0.748716 8.133649
424 0.748693 8.133324
425 0.748670 8.133003
426 0.748648 8.132683
427 0.748625 8.132366
428 0.748603 8.132052
429 0.748581 8.131739
430 0.748559 8.131429
431 0.748538 8.131121
432 0.748517 8.130815
433 0.748496 8.130512
434 0.748475 8.130210
435 0.748454 8.129911
436 0.748434 8.129614
437 0.748414 8.129319
438 0.748394 8.129027
439 0.748374 8.128736
440 0.748355 8.128448
441 0.748335 8.128161
442 0.748316 8.127877
443 0.748297 8.127595
444 0.748279 8.127315
445 0.748260 8.127037
446 0.748242 8.126760
447 0.748224 8.126486
448 0.748206 8.126214
449 0.748188 8.125944
450 0.748170 8.125676
451 0.748153 8.125410
452 0.748136 8.125145
453 0.748119 8.124883
454 0.748102 8.124622
455 0.748085 8.124364
456 0.748069 8.124107
457 0.748052 8.123852
458 0.748036 8.123599
459 0.748020 8.123348
460 0.748005 8.123099
461 0.747989 8.122851
462 0.747973 8.122605
463 0.747958 8.122361
464 0.747943 8.122119
465 0.747928 8.121879
466 0.747913 8.121640
467 0.747899 8.121403
468 0.747884 8.121168
469 0.747870 8.120934
470 0.747856 8.120702
471 0.747841 8.120472
472 0.747828 8.120244
473 0.747814 8.120017
474 0.747800 8.119792
475 0.747787 8.119568
476 0.747773 8.119346
477 0.747760 8.119126
478 0.747747 8.118907
479 0.747734 8.118690
480 0.747721 8.118474
481 0.747709 8.118260
482 0.747696 8.118048
483 0.747684 8.117837
484 0.747672 8.117627
485 0.747660 8.117419
486 0.747648 8.117213
487 0.747636 8.117008
488 0.747624 8.116805
489 0.747612 8.116603
490 0.747601 8.116402
491 0.747589 8.116203
492 0.747578 8.116006
493 0.747567 8.115810
494 0.747556 8.115615
495 0.747545 8.115422
496 0.747534 8.115230
497 0.747524 8.115039
498 0.747513 8.114850
499 0.747503 8.114663
500 0.747492 8.114476
