0 0.492572 5.170000
1 0.490624 5.162703
2 0.488700 5.155465
3 0.486797 5.148286
4 0.484917 5.141164
5 0.483059 5.134100
6 0.481223 5.127092
7 0.479409 5.120141
8 0.477615 5.113246
9 0.475843 5.106407
10 0.474091 5.099623
11 0.472360 5.092893
12 0.470649 5.086218
13 0.468959 5.079597
14 0.467288 5.073028
15 0.465636 5.066513
16 0.464004 5.060050
17 0.462391 5.053640
18 0.460797 5.047281
19 0.459222 5.040973
20 0.457665 5.034716
21 0.456127 5.028510
22 0.454606 5.022353
23 0.453103 5.016247
24 0.451618 5.010189
25 0.450150 5.004180
26 0.448700 4.998220
27 0.447266 4.992308
28 0.445849 4.986443
29 0.444449 4.980626
30 0.443065 4.974855
31 0.441698 4.969131
32 0.440346 4.963453
33 0.439010 4.957821
34 0.437690 4.952234
35 0.436386 4.946693
36 0.435096 4.941196
37 0.433822 4.935743
38 0.432563 4.930334
39 0.431318 4.924969
40 0.430088 4.919647
41 0.428873 4.914368
42 0.427671 4.909132
43 0.426484 4.903937
44 0.425311 4.898785
45 0.424151 4.893674
46 0.423005 4.888604
47 0.421873 4.883575
48 0.420753 4.878587
49 0.419647 4.873639
50 0.418554 4.868730
51 0.417474 4.863862
52 0.416406 4.859032
53 0.415351 4.854242
54 0.414308 4.849490
55 0.413277 4.844776
56 0.412259 4.840101
57 0.411252 4.835463
58 0.410257 4.830862
59 0.409274 4.826298
60 0.408302 4.821772
61 0.407342 4.817282
62 0.406393 4.812827
63 0.405455 4.808409
64 0.404528 4.804027
65 0.403612 4.799679
66 0.402707 4.795367
67 0.401812 4.791090
68 0.400928 4.786847
69 0.400054 4.782638
70 0.399190 4.778463
71 0.398337 4.774322
72 0.397493 4.770214
73 0.396659 4.766139
74 0.395835 4.762098
75 0.395021 4.758088
76 0.394217 4.754111
77 0.393421 4.750166
78 0.392635 4.746253
79 0.391859 4.742372
80 0.391091 4.738521
81 0.390332 4.734702
82 0.389583 4.730913
83 0.388842 4.727155
84 0.388109 4.723428
85 0.387386 4.719730
86 0.386670 4.716062
87 0.385963 4.712424
88 0.385265 4.708815
89 0.384574 4.705235
90 0.383892 4.701684
91 0.383218 4.698161
92 0.382551 4.694667
93 0.381893 4.691202
94 0.381242 4.687764
95 0.380599 4.684353
96 0.379963 4.680971
97 0.379335 4.677615
98 0.378714 4.674287
99 0.378100 4.670985
100 0.377494 4.667710
101 0.376894 4.664461
102 0.376302 4.661239
103 0.375717 4.658043
104 0.375138 4.654872
105 0.374566 4.651727
106 0.374001 4.648607
107 0.373443 4.645512
108 0.372891 4.642443
109 0.372346 4.639398
110 0.371807 4.636377
111 0.371274 4.633381
112 0.370748 4.630409
113 0.370227 4.627461
114 0.369713 4.624537
115 0.369205 4.621636
116 0.368703 4.618759
117 0.368206 4.615905
118 0.367716 4.613074
119 0.367231 4.610265
120 0.366752 4.607480
121 0.366278 4.604717
122 0.365810 4.601976
123 0.365348 4.599257
124 0.364891 4.596560
125 0.364439 4.593885
126 0.363993 4.591231
127 0.363552 4.588599
128 0.363116 4.585988
129 0.362685 4.583398
130 0.362259 4.580829
131 0.361838 4.578280
132 0.361422 4.575752
133 0.361011 4.573245
134 0.360605 4.570758
135 0.360203 4.568290
136 0.359807 4.565843
137 0.359415 4.563415
138 0.359027 4.561007
139 0.358644 4.558619
140 0.358266 4.556249
141 0.357892 4.553899
142 0.357522 4.551567
143 0.357157 4.549255
144 0.356795 4.546961
145 0.356439 4.544685
146 0.356086 4.542428
147 0.355737 4.540189
148 0.355393 4.537969
149 0.355053 4.535766
150 0.354716 4.533580
151 0.354384 4.531413
152 0.354055 4.529263
153 0.353730 4.527130
154 0.353409 4.525014
155 0.353092 4.522915
156 0.352779 4.520834
157 0.352469 4.518769
158 0.352163 4.516721
159 0.351860 4.514689
160 0.351561 4.512674
161 0.351266 4.510674
162 0.350974 4.508691
163 0.350685 4.506724
164 0.350400 4.504773
165 0.350118 4.502838
166 0.349839 4.500918
167 0.349564 4.499014
168 0.349292 4.497124
169 0.349023 4.495251
170 0.348757 4.493392
171 0.348495 4.491548
172 0.348235 4.489719
173 0.347978 4.487905
174 0.347725 4.486106
175 0.347474 4.484321
176 0.347227 4.482550
177 0.346982 4.480794
178 0.346740 4.479052
179 0.346501 4.477323
180 0.346265 4.475609
181 0.346031 4.473909
182 0.345801 4.472222
183 0.345573 4.470549
184 0.345347 4.468889
185 0.345125 4.467243
186 0.344905 4.465610
187 0.344687 4.463990
188 0.344472 4.462383
189 0.344260 4.460790
190 0.344050 4.459209
191 0.343842 4.457640
192 0.343637 4.456085
193 0.343434 4.454542
194 0.343234 4.453011
195 0.343036 4.451493
196 0.342841 4.449987
197 0.342647 4.448493
198 0.342456 4.447011
199 0.342267 4.445541
200 0.342081 4.444083
201 0.341896 4.442637
202 0.341714 4.441202
203 0.341534 4.439779
204 0.341356 4.438367
205 0.341180 4.436967
206 0.341006 4.435578
207 0.340834 4.434200
208 0.340664 4.432833
209 0.340496 4.431478
210 0.340331 4.430133
211 0.340167 4.428799
212 0.340005 4.427476
213 0.339845 4.426164
214 0.339686 4.424862
215 0.339530 4.423570
216 0.339375 4.422289
217 0.339223 4.421018
218 0.339072 4.419758
219 0.338922 4.418508
220 0.338775 4.417268
221 0.338629 4.416037
222 0.338485 4.414817
223 0.338343 4.413607
224 0.338202 4.412406
225 0.338063 4.411215
226 0.337926 4.410033
227 0.337790 4.408861
228 0.337656 4.407699
229 0.337523 4.406546
230 0.337392 4.405402
231 0.337263 4.404267
232 0.337135 4.403142
233 0.337008 4.402026
234 0.336883 4.400918
235 0.336760 4.399820
236 0.336638 4.398730
237 0.336517 4.397649
238 0.336398 4.396577
239 0.336280 4.395514
240 0.336164 4.394459
241 0.336048 4.393412
242 0.335935 4.392375
243 0.335822 4.391345
244 0.335711 4.390324
245 0.335601 4.389311
246 0.335493 4.388306
247 0.335386 4.387309
248 0.335280 4.386320
249 0.335175 4.385339
250 0.335071 4.384366
251 0.334969 4.383401
252 0.334868 4.382444
253 0.334768 4.381494
254 0.334669 4.380553
255 0.334572 4.379618
256 0.334475 4.378691
257 0.334380 4.377772
258 0.334286 4.376860
259 0.334192 4.375956
260 0.334100 4.375058
261 0.334010 4.374168
262 0.333920 4.373285
263 0.333831 4.372410
264 0.333743 4.371541
265 0.333656 4.370679
266 0.333571 4.369825
267 0.333486 4.368977
268 0.333402 4.368136
269 0.333319 4.367301
270 0.333238 4.366474
271 0.333157 4.365653
272 0.333077 4.364839
273 0.332998 4.364031
274 0.332920 4.363230
275 0.332843 4.362435
276 0.332767 4.361647
277 0.332691 4.360865
278 0.332617 4.360089
279 0.332543 4.359320
280 0.332471 4.358557
281 0.332399 4.357800
282 0.332328 4.357049
283 0.332258 4.356304
284 0.332188 4.355565
285 0.332120 4.354832
286 0.332052 4.354105
287 0.331985 4.353384
288 0.331919 4.352668
289 0.331853 4.351959
290 0.331789 4.351255
291 0.331725 4.350557
292 0.331662 4.349864
293 0.331600 4.349177
294 0.331538 4.348496
295 0.331477 4.347820
296 0.331417 4.347149
297 0.331357 4.346484
298 0.331298 4.345824
299 0.331240 4.345170
300 0.331183 4.344521
301 0.331126 4.343877
302 0.331070 4.343238
303 0.331015 4.342605
304 0.330960 4.341976
305 0.330906 4.341353
306 0.330852 4.340734
307 0.330799 4.340121
308 0.330747 4.339512
309 0.330695 4.338909
310 0.330644 4.338310
311 0.330594 4.337716
312 0.330544 4.337127
313 0.330495 4.336543
314 0.330446 4.335963
315 0.330398 4.335388
316 0.330350 4.334818
317 0.330303 4.334252
318 0.330257 4.333691
319 0.330211 4.333134
320 0.330166 4.332582
321 0.330121 4.332034
322 0.330077 4.331491
323 0.330033 4.330952
324 0.329989 4.330418
325 0.329947 4.329887
326 0.329904 4.329361
327 0.329863 4.328840
328 0.329821 4.328322
329 0.329781 4.327809
330 0.329740 4.327299
331 0.329700 4.326794
332 0.329661 4.326293
333 0.329622 4.325796
334 0.329584 4.325303
335 0.329546 4.324814
336 0.329508 4.324329
337 0.329471 4.323848
338 0.329434 4.323371
339 0.329398 4.322897
340 0.329362 4.322427
341 0.329327 4.321962
342 0.329292 4.321499
343 0.329257 4.321041
344 0.329223 4.320586
345 0.329189 4.320135
346 0.329156 4.319688
347 0.329123 4.319244
348 0.329090 4.318804
349 0.329058 4.318367
350 0.329026 4.317934
351 0.328994 4.317504
352 0.328963 4.317078
353 0.328933 4.316655
354 0.328902 4.316236
355 0.328872 4.315820
356 0.328842 4.315407
357 0.328813 4.314998
358 0.328784 4.314592
359 0.328755 4.314189
360 0.328727 4.313790
361 0.328699 4.313394
362 0.328672 4.313001
363 0.328644 4.312611
364 0.328617 4.312224
365 0.328590 4.311840
366 0.328564 4.311460
367 0.328538 4.311082
368 0.328512 4.310708
369 0.328487 4.310336
370 0.328462 4.309968
371 0.328437 4.309603
372 0.328412 4.309240
373 0.328388 4.308880
374 0.328364 4.308524
375 0.328340 4.308170
376 0.328317 4.307819
377 0.328294 4.307471
378 0.328271 4.307126
379 0.328248 4.306783
380 0.328226 4.306443
381 0.328204 4.306106
382 0.328182 4.305772
383 0.328160 4.305440
384 0.328139 4.305111
385 0.328118 4.304785
386 0.328097 4.304461
387 0.328076 4.304140
388 0.328056 4.303822
389 0.328036 4.303506
390 0.328016 4.303192
391 0.327996 4.302881
392 0.327977 4.302573
393 0.327958 4.302267
394 0.327939 4.301964
395 0.327920 4.301663
396 0.327901 4.301364
397 0.327883 4.301068
398 0.327865 4.300775
399 0.327847 4.300483
400 0.327829 4.300194
401 0.327812 4.299907
402 0.327795 4.299623
403 0.327778 4.299341
404 0.327761 4.299061
405 0.327744 4.298784
406 0.327728 4.298508
407 0.327711 4.298235
408 0.327695 4.297964
409 0.327679 4.297696
410 0.327664 4.297429
411 0.327648 4.297165
412 0.327633 4.296902
413 0.327618 4.296642
414 0.327603 4.296384
415 0.327588 4.296128
416 0.327573 4.295874
417 0.327559 4.295622
418 0.327544 4.295373
419 0.327530 4.295125
420 0.327516 4.294879
421 0.327503 4.294635
422 0.327489 4.294393
423 0.327475 4.294153
424 0.327462 4.293915
425 0.327449 4.293679
426 0.327436 4.293445
427 0.327423 4.293213
428 0.327410 4.292982
429 0.327398 4.292754
430 0.327385 4.292527
431 0.327373 4.292302
432 0.327361 4.292079
433 0.327349 4.291858
434 0.327337 4.291638
435 0.327326 4.291420
436 0.327314 4.291205
437 0.327303 4.290990
438 0.327291 4.290778
439 0.327280 4.290567
440 0.327269 4.290358
441 0.327258 4.290150
442 0.327247 4.289945
443 0.327237 4.289741
444 0.327226 4.289538
445 0.327216 4.289337
446 0.327206 4.289138
447 0.327195 4.288941
448 0.327185 4.288745
449 0.327175 4.288550
450 0.327166 4.288357
451 0.327156 4.288166
452 0.327146 4.287976
453 0.327137 4.287788
454 0.327128 4.287601
455 0.327118 4.287416
456 0.327109 4.287232
457 0.327100 4.287050
458 0.327091 4.286870
459 0.327082 4.286690
460 0.327074 4.286512
461 0.327065 4.286336
462 0.327057 4.286161
463 0.327048 4.285987
464 0.327040 4.285815
465 0.327032 4.285644
466 0.327023 4.285475
467 0.327015 4.285307
468 0.327008 4.285140
469 0.327000 4.284975
470 0.326992 4.284811
471 0.326984 4.284648
472 0.326977 4.284487
473 0.326969 4.284327
474 0.326962 4.284168
475 0.326955 4.284010
476 0.326947 4.283854
477 0.326940 4.283699
478 0.326933 4.283545
479 0.326926 4.283393
480 0.326919 4.283241
481 0.326913 4.283091
482 0.326906 4.282943
483 0.326899 4.282795
484 0.326893 4.282648
485 0.326886 4.282503
486 0.326880 4.282359
487 0.326873 4.282216
488 0.326867 4.282074
489 0.326861 4.281934
490 0.326855 4.281794
491 0.326849 4.281656
492 0.326843 4.281518
493 0.326837 4.281382
494 0.326831 4.281247
495 0.326825 4.281113
496 0.326820 4.280980
497 0.326814 4.280848
498 0.326808 4.280718
499 0.326803 4.280588
500 0.326797 4.280459
