0 0.193557 2.820000
1 0.192603 2.815037
2 0.191666 2.810131
3 0.190744 2.805282
4 0.189838 2.800489
5 0.188947 2.795751
6 0.188071 2.791069
7 0.187209 2.786441
8 0.186362 2.781866
9 0.185530 2.777344
10 0.184711 2.772875
11 0.183906 2.768457
12 0.183115 2.764091
13 0.182337 2.759775
14 0.181572 2.755509
15 0.180820 2.751293
16 0.180081 2.747125
17 0.179354 2.743006
18 0.178639 2.738934
19 0.177937 2.734910
20 0.177246 2.730932
21 0.176567 2.727000
22 0.175899 2.723114
23 0.175242 2.719273
24 0.174597 2.715476
25 0.173962 2.711723
26 0.173338 2.708014
27 0.172725 2.704348
28 0.172122 2.700724
29 0.171529 2.697142
30 0.170946 2.693601
31 0.170372 2.690102
32 0.169809 2.686643
33 0.169255 2.683224
34 0.168710 2.679845
35 0.168174 2.676505
36 0.167648 2.673204
37 0.167130 2.669941
38 0.166621 2.666715
39 0.166120 2.663527
40 0.165628 2.660376
41 0.165145 2.657262
42 0.164669 2.654183
43 0.164201 2.651140
44 0.163742 2.648133
45 0.163290 2.645160
46 0.162845 2.642221
47 0.162408 2.639317
48 0.161979 2.636447
49 0.161556 2.633609
50 0.161141 2.630805
51 0.160733 2.628032
52 0.160331 2.625293
53 0.159937 2.622584
54 0.159549 2.619907
55 0.159167 2.617262
56 0.158792 2.614646
57 0.158423 2.612061
58 0.158061 2.609506
59 0.157704 2.606981
60 0.157354 2.604485
61 0.157009 2.602018
62 0.156671 2.599579
63 0.156338 2.597169
64 0.156010 2.594786
65 0.155688 2.592431
66 0.155372 2.590104
67 0.155061 2.587803
68 0.154755 2.585529
69 0.154454 2.583281
70 0.154158 2.581060
71 0.153867 2.578864
72 0.153581 2.576693
73 0.153300 2.574548
74 0.153024 2.572427
75 0.152752 2.570332
76 0.152485 2.568260
77 0.152222 2.566212
78 0.151964 2.564188
79 0.151710 2.562188
80 0.151461 2.560210
81 0.151215 2.558256
82 0.150974 2.556324
83 0.150737 2.554415
84 0.150504 2.552528
85 0.150274 2.550662
86 0.150049 2.548818
87 0.149827 2.546996
88 0.149609 2.545194
89 0.149395 2.543414
90 0.149184 2.541654
91 0.148977 2.539914
92 0.148774 2.538195
93 0.148573 2.536496
94 0.148377 2.534816
95 0.148183 2.533156
96 0.147993 2.531515
97 0.147806 2.529892
98 0.147622 2.528289
99 0.147441 2.526704
100 0.147263 2.525138
101 0.147088 2.523590
102 0.146917 2.522060
103 0.146748 2.520547
104 0.146581 2.519052
105 0.146418 2.517574
106 0.146258 2.516114
107 0.146100 2.514670
108 0.145945 2.513243
109 0.145792 2.511833
110 0.145642 2.510439
111 0.145494 2.509061
112 0.145349 2.507699
113 0.145207 2.506352
114 0.145067 2.505022
115 0.144929 2.503707
116 0.144793 2.502407
117 0.144660 2.501122
118 0.144529 2.499852
119 0.144400 2.498596
120 0.144274 2.497355
121 0.144149 2.496129
122 0.144027 2.494917
123 0.143906 2.493719
124 0.143788 2.492534
125 0.143672 2.491364
126 0.143557 2.490207
127 0.143445 2.489063
128 0.143334 2.487933
129 0.143226 2.486815
130 0.143119 2.485711
131 0.143014 2.484619
132 0.142910 2.483541
133 0.142809 2.482474
134 0.142709 2.481420
135 0.142611 2.480378
136 0.142514 2.479348
137 0.142419 2.478331
138 0.142326 2.477324
139 0.142234 2.476330
140 0.142144 2.475347
141 0.142056 2.474376
142 0.141968 2.473415
143 0.141883 2.472466
144 0.141798 2.471528
145 0.141716 2.470601
146 0.141634 2.469684
147 0.141554 2.468778
148 0.141475 2.467883
149 0.141398 2.466998
150 0.141322 2.466123
151 0.141247 2.465258
152 0.141173 2.464404
153 0.141101 2.463559
154 0.141030 2.462724
155 0.140960 2.461899
156 0.140891 2.461083
157 0.140824 2.460277
158 0.140757 2.459480
159 0.140692 2.458692
160 0.140628 2.457913
161 0.140565 2.457144
162 0.140502 2.456383
163 0.140441 2.455631
164 0.140381 2.454888
165 0.140322 2.454153
166 0.140264 2.453427
167 0.140207 2.452710
168 0.140151 2.452000
169 0.140096 2.451299
170 0.140042 2.450606
171 0.139989 2.449921
172 0.139936 2.449244
173 0.139885 2.448575
174 0.139834 2.447914
175 0.139784 2.447260
176 0.139735 2.446614
177 0.139687 2.445975
178 0.139640 2.445344
179 0.139593 2.444720
180 0.139548 2.444103
181 0.139503 2.443493
182 0.139458 2.442891
183 0.139415 2.442295
184 0.139372 2.441706
185 0.139330 2.441124
186 0.139289 2.440549
187 0.139248 2.439981
188 0.139208 2.439419
189 0.139169 2.438864
190 0.139130 2.438315
191 0.139092 2.437772
192 0.139055 2.437236
193 0.139018 2.436706
194 0.138982 2.436182
195 0.138947 2.435664
196 0.138912 2.435152
197 0.138878 2.434646
198 0.138844 2.434146
199 0.138811 2.433651
200 0.138778 2.433163
201 0.138746 2.432680
202 0.138715 2.432203
203 0.138684 2.431731
204 0.138653 2.431264
205 0.138623 2.430803
206 0.138594 2.430348
207 0.138565 2.429898
208 0.138536 2.429452
209 0.138509 2.429012
210 0.138481 2.428578
211 0.138454 2.428148
212 0.138427 2.427723
213 0.138401 2.427303
214 0.138376 2.426888
215 0.138350 2.426478
216 0.138325 2.426072
217 0.138301 2.425671
218 0.138277 2.425275
219 0.138253 2.424884
220 0.138230 2.424497
221 0.138207 2.424114
222 0.138185 2.423736
223 0.138163 2.423362
224 0.138141 2.422993
225 0.138120 2.422628
226 0.138099 2.422267
227 0.138078 2.421910
228 0.138058 2.421557
229 0.138038 2.421209
230 0.138019 2.420864
231 0.137999 2.420524
232 0.137980 2.420187
233 0.137962 2.419855
234 0.137943 2.419526
235 0.137925 2.419201
236 0.137908 2.418880
237 0.137890 2.418562
238 0.137873 2.418248
239 0.137856 2.417938
240 0.137840 2.417632
241 0.137824 2.417329
242 0.137808 2.417029
243 0.137792 2.416733
244 0.137777 2.416440
245 0.137761 2.416151
246 0.137746 2.415865
247 0.137732 2.415583
248 0.137717 2.415303
249 0.137703 2.415027
250 0.137689 2.414754
251 0.137676 2.414485
252 0.137662 2.414218
253 0.137649 2.413955
254 0.137636 2.413694
255 0.137623 2.413437
256 0.137610 2.413182
257 0.137598 2.412931
258 0.137586 2.412682
259 0.137574 2.412436
260 0.137562 2.412194
261 0.137550 2.411954
262 0.137539 2.411716
263 0.137528 2.411482
264 0.137517 2.411250
265 0.137506 2.411021
266 0.137495 2.410794
267 0.137485 2.410570
268 0.137475 2.410349
269 0.137465 2.410130
270 0.137455 2.409914
271 0.137445 2.409701
272 0.137435 2.409489
273 0.137426 2.409281
274 0.137417 2.409074
275 0.137407 2.408870
276 0.137398 2.408669
277 0.137390 2.408470
278 0.137381 2.408273
279 0.137372 2.408078
280 0.137364 2.407886
281 0.137356 2.407696
282 0.137348 2.407508
283 0.137340 2.407322
284 0.137332 2.407138
285 0.137324 2.406957
286 0.137317 2.406777
287 0.137309 2.406600
288 0.137302 2.406425
289 0.137295 2.406251
290 0.137288 2.406080
291 0.137281 2.405911
292 0.137274 2.405744
293 0.137267 2.405578
294 0.137260 2.405415
295 0.137254 2.405253
296 0.137248 2.405094
297 0.137241 2.404936
298 0.137235 2.404780
299 0.137229 2.404626
300 0.137223 2.404473
301 0.137217 2.404323
302 0.137211 2.404174
303 0.137206 2.404027
304 0.137200 2.403881
305 0.137195 2.403737
306 0.137189 2.403595
307 0.137184 2.403455
308 0.137179 2.403316
309 0.137174 2.403179
310 0.137169 2.403043
311 0.137164 2.402909
312 0.137159 2.402776
313 0.137154 2.402645
314 0.137149 2.402516
315 0.137145 2.402388
316 0.137140 2.402262
317 0.137136 2.402136
318 0.137131 2.402013
319 0.137127 2.401891
320 0.137123 2.401770
321 0.137118 2.401651
322 0.137114 2.401533
323 0.137110 2.401416
324 0.137106 2.401301
325 0.137102 2.401187
326 0.137099 2.401074
327 0.137095 2.400963
328 0.137091 2.400853
329 0.137087 2.400745
330 0.137084 2.400637
331 0.137080 2.400531
332 0.137077 2.400426
333 0.137073 2.400322
334 0.137070 2.400220
335 0.137067 2.400118
336 0.137063 2.400018
337 0.137060 2.399919
338 0.137057 2.399821
339 0.137054 2.399724
340 0.137051 2.399629
341 0.137048 2.399534
342 0.137045 2.399441
343 0.137042 2.399348
344 0.137039 2.399257
345 0.137037 2.399167
346 0.137034 2.399078
347 0.137031 2.398990
348 0.137029 2.398902
349 0.137026 2.398816
350 0.137023 2.398731
351 0.137021 2.398647
352 0.137018 2.398564
353 0.137016 2.398482
354 0.137014 2.398400
355 0.137011 2.398320
356 0.137009 2.398241
357 0.137007 2.398162
358 0.137004 2.398085
359 0.137002 2.398008
360 0.137000 2.397932
361 0.136998 2.397858
362 0.136996 2.397783
363 0.136994 2.397710
364 0.136992 2.397638
365 0.136990 2.397567
366 0.136988 2.397496
367 0.136986 2.397426
368 0.136984 2.397357
369 0.136982 2.397289
370 0.136980 2.397221
371 0.136979 2.397155
372 0.136977 2.397089
373 0.136975 2.397024
374 0.136973 2.396959
375 0.136972 2.396896
376 0.136970 2.396833
377 0.136969 2.396771
378 0.136967 2.396709
379 0.136965 2.396649
380 0.136964 2.396589
381 0.136962 2.396529
382 0.136961 2.396471
383 0.136959 2.396413
384 0.136958 2.396355
385 0.136957 2.396299
386 0.136955 2.396243
387 0.136954 2.396188
388 0.136952 2.396133
389 0.136951 2.396079
390 0.136950 2.396025
391 0.136949 2.395973
392 0.136947 2.395920
393 0.136946 2.395869
394 0.136945 2.395818
395 0.136944 2.395768
396 0.136942 2.395718
397 0.136941 2.395669
398 0.136940 2.395620
399 0.136939 2.395572
400 0.136938 2.395524
401 0.136937 2.395477
402 0.136936 2.395431
403 0.136935 2.395385
404 0.136934 2.395339
405 0.136933 2.395295
406 0.136932 2.395250
407 0.136931 2.395207
408 0.136930 2.395163
409 0.136929 2.395120
410 0.136928 2.395078
411 0.136927 2.395036
412 0.136926 2.394995
413 0.136925 2.394954
414 0.136924 2.394914
415 0.136924 2.394874
416 0.136923 2.394834
417 0.136922 2.394795
418 0.136921 2.394757
419 0.136920 2.394719
420 0.136920 2.394681
421 0.136919 2.394644
422 0.136918 2.394607
423 0.136917 2.394571
424 0.136917 2.394535
425 0.136916 2.394499
426 0.136915 2.394464
427 0.136914 2.394429
428 0.136914 2.394395
429 0.136913 2.394361
430 0.136912 2.394328
431 0.136912 2.394294
432 0.136911 2.394262
433 0.136911 2.394229
434 0.136910 2.394197
435 0.136909 2.394166
436 0.136909 2.394134
437 0.136908 2.394104
438 0.136908 2.394073
439 0.136907 2.394043
440 0.136906 2.394013
441 0.136906 2.393984
442 0.136905 2.393954
443 0.136905 2.393926
444 0.136904 2.393897
445 0.136904 2.393869
446 0.136903 2.393841
447 0.136903 2.393814
448 0.136902 2.393787
449 0.136902 2.393760
450 0.136901 2.393733
451 0.136901 2.393707
452 0.136900 2.393681
453 0.136900 2.393655
454 0.136900 2.393630
455 0.136899 2.393605
456 0.136899 2.393580
457 0.136898 2.393556
458 0.136898 2.393531
459 0.136898 2.393508
460 0.136897 2.393484
461 0.136897 2.393461
462 0.136896 2.393437
463 0.136896 2.393415
464 0.136896 2.393392
465 0.136895 2.393370
466 0.136895 2.393348
467 0.136895 2.393326
468 0.136894 2.393304
469 0.136894 2.393283
470 0.136894 2.393262
471 0.136893 2.393241
472 0.136893 2.393221
473 0.136893 2.393201
474 0.136892 2.393180
475 0.136892 2.393161
476 0.136892 2.393141
477 0.136891 2.393122
478 0.136891 2.393102
479 0.136891 2.393084
480 0.136890 2.393065
481 0.136890 2.393046
482 0.136890 2.393028
483 0.136890 2.393010
484 0.136889 2.392992
485 0.136889 2.392974
486 0.136889 2.392957
487 0.136889 2.392940
488 0.136888 2.392923
489 0.136888 2.392906
490 0.136888 2.392889
491 0.136888 2.392873
492 0.136887 2.392856
493 0.136887 2.392840
494 0.136887 2.392824
495 0.136887 2.392809
496 0.136887 2.392793
497 0.136886 2.392778
498 0.136886 2.392763
499 0.136886 2.392748
500 0.136886 2.392733
