0 3.656652 27.300000
1 3.650483 27.283559
2 3.644389 27.267255
3 3.638370 27.251089
4 3.632424 27.235058
5 3.626550 27.219162
6 3.620749 27.203399
7 3.615018 27.187769
8 3.609357 27.172270
9 3.603765 27.156901
10 3.598241 27.141661
11 3.592785 27.126548
12 3.587395 27.111563
13 3.582071 27.096704
14 3.576812 27.081969
15 3.571617 27.067358
16 3.566486 27.052870
17 3.561417 27.038503
18 3.556410 27.024257
19 3.551464 27.010130
20 3.546579 26.996122
21 3.541753 26.982232
22 3.536986 26.968458
23 3.532277 26.954800
24 3.527626 26.941256
25 3.523031 26.927826
26 3.518493 26.914509
27 3.514009 26.901304
28 3.509581 26.888210
29 3.505207 26.875225
30 3.500886 26.862350
31 3.496617 26.849582
32 3.492401 26.836922
33 3.488236 26.824368
34 3.484122 26.811919
35 3.480059 26.799575
36 3.476044 26.787335
37 3.472079 26.775197
38 3.468162 26.763161
39 3.464293 26.751226
40 3.460472 26.739392
41 3.456696 26.727657
42 3.452967 26.716020
43 3.449284 26.704481
44 3.445645 26.693039
45 3.442051 26.681692
46 3.438501 26.670442
47 3.434993 26.659285
48 3.431529 26.648222
49 3.428107 26.637252
50 3.424727 26.626375
51 3.421388 26.615588
52 3.418090 26.604892
53 3.414832 26.594286
54 3.411614 26.583769
55 3.408435 26.573340
56 3.405294 26.562999
57 3.402193 26.552744
58 3.399129 26.542576
59 3.396102 26.532493
60 3.393112 26.522494
61 3.390159 26.512580
62 3.387242 26.502748
63 3.384360 26.493000
64 3.381514 26.483333
65 3.378702 26.473747
66 3.375925 26.464242
67 3.373182 26.454816
68 3.370472 26.445470
69 3.367795 26.436202
70 3.365150 26.427012
71 3.362538 26.417899
72 3.359958 26.408863
73 3.357410 26.399902
74 3.354892 26.391017
75 3.352405 26.382206
76 3.349949 26.373469
77 3.347522 26.364805
78 3.345125 26.356215
79 3.342758 26.347696
80 3.340419 26.339249
81 3.338109 26.330873
82 3.335827 26.322567
83 3.333573 26.314331
84 3.331346 26.306164
85 3.329146 26.298065
86 3.326974 26.290035
87 3.324828 26.282072
88 3.322708 26.274175
89 3.320614 26.266345
90 3.318545 26.258581
91 3.316502 26.250882
92 3.314484 26.243248
93 3.312490 26.235677
94 3.310520 26.228171
95 3.308575 26.220727
96 3.306653 26.213346
97 3.304755 26.206026
98 3.302880 26.198768
99 3.301028 26.191571
100 3.299199 26.184435
101 3.297391 26.177358
102 3.295606 26.170341
103 3.293843 26.163383
104 3.292101 26.156483
105 3.290380 26.149641
106 3.288681 26.142856
107 3.287002 26.136129
108 3.285343 26.129458
109 3.283705 26.122843
110 3.282087 26.116283
111 3.280489 26.109778
112 3.278910 26.103329
113 3.277350 26.096933
114 3.275810 26.090591
115 3.274288 26.084302
116 3.272785 26.078066
117 3.271300 26.071882
118 3.269833 26.065750
119 3.268384 26.059670
120 3.266953 26.053641
121 3.265539 26.047662
122 3.264143 26.041734
123 3.262763 26.035855
124 3.261401 26.030026
125 3.260055 26.024245
126 3.258725 26.018513
127 3.257412 26.012829
128 3.256114 26.007193
129 3.254833 26.001605
130 3.253567 25.996063
131 3.252317 25.990568
132 3.251082 25.985118
133 3.249862 25.979715
134 3.248656 25.974357
135 3.247466 25.969044
136 3.246290 25.963775
137 3.245128 25.958551
138 3.243981 25.953371
139 3.242848 25.948234
140 3.241728 25.943140
141 3.240622 25.938089
142 3.239530 25.933080
143 3.238451 25.928113
144 3.237385 25.923189
145 3.236332 25.918305
146 3.235292 25.913462
147 3.234264 25.908661
148 3.233249 25.903899
149 3.232247 25.899177
150 3.231257 25.894495
151 3.230279 25.889853
152 3.229312 25.885249
153 3.228358 25.880684
154 3.227415 25.876157
155 3.226484 25.871668
156 3.225564 25.867217
157 3.224655 25.862803
158 3.223758 25.858427
159 3.222871 25.854087
160 3.221995 25.849783
161 3.221130 25.845516
162 3.220276 25.841285
163 3.219431 25.837088
164 3.218598 25.832928
165 3.217774 25.828802
166 3.216960 25.824711
167 3.216157 25.820654
168 3.215363 25.816631
169 3.214579 25.812642
170 3.213804 25.808686
171 3.213039 25.804764
172 3.212283 25.800874
173 3.211536 25.797018
174 3.210799 25.793193
175 3.210070 25.789401
176 3.209351 25.785640
177 3.208640 25.781912
178 3.207938 25.778214
179 3.207244 25.774547
180 3.206559 25.770912
181 3.205882 25.767306
182 3.205214 25.763731
183 3.204553 25.760186
184 3.203901 25.756671
185 3.203257 25.753185
186 3.202620 25.749729
187 3.201991 25.746301
188 3.201370 25.742903
189 3.200757 25.739533
190 3.200151 25.736191
191 3.199552 25.732877
192 3.198961 25.729591
193 3.198377 25.726333
194 3.197800 25.723102
195 3.197230 25.719898
196 3.196667 25.716721
197 3.196111 25.713570
198 3.195562 25.710446
199 3.195019 25.707349
200 3.194483 25.704277
201 3.193954 25.701231
202 3.193431 25.698211
203 3.192915 25.695216
204 3.192404 25.692246
205 3.191900 25.689301
206 3.191402 25.686381
207 3.190910 25.683485
208 3.190425 25.680614
209 3.189945 25.677767
210 3.189471 25.674943
211 3.189003 25.672144
212 3.188540 25.669368
213 3.188083 25.666615
214 3.187632 25.663885
215 3.187186 25.661178
216 3.186746 25.658494
217 3.186311 25.655832
218 3.185881 25.653193
219 3.185456 25.650576
220 3.185037 25.647981
221 3.184623 25.645408
222 3.184214 25.642856
223 3.183810 25.640326
224 3.183411 25.637817
225 3.183016 25.635329
226 3.182627 25.632862
227 3.182242 25.630415
228 3.181862 25.627989
229 3.181487 25.625584
230 3.181116 25.623199
231 3.180750 25.620833
232 3.180388 25.618488
233 3.180030 25.616162
234 3.179677 25.613856
235 3.179329 25.611569
236 3.178984 25.609301
237 3.178644 25.607053
238 3.178308 25.604823
239 3.177976 25.602612
240 3.177648 25.600420
241 3.177324 25.598246
242 3.177004 25.596090
243 3.176688 25.593952
244 3.176375 25.591832
245 3.176067 25.589730
246 3.175762 25.587646
247 3.175461 25.585579
248 3.175164 25.583530
249 3.174870 25.581497
250 3.174580 25.579482
251 3.174294 25.577484
252 3.174011 25.575502
253 3.173731 25.573537
254 3.173455 25.571589
255 3.173182 25.569657
256 3.172912 25.567741
257 3.172646 25.565842
258 3.172383 25.563958
259 3.172124 25.562090
260 3.171867 25.560237
261 3.171614 25.558401
262 3.171363 25.556579
263 3.171116 25.554773
264 3.170872 25.552982
265 3.170630 25.551207
266 3.170392 25.549446
267 3.170157 25.547700
268 3.169924 25.545968
269 3.169694 25.544251
270 3.169467 25.542549
271 3.169243 25.540860
272 3.169022 25.539186
273 3.168803 25.537526
274 3.168587 25.535880
275 3.168374 25.534248
276 3.168163 25.532629
277 3.167955 25.531024
278 3.167749 25.529433
279 3.167546 25.527855
280 3.167345 25.526290
281 3.167147 25.524738
282 3.166951 25.523199
283 3.166757 25.521673
284 3.166566 25.520160
285 3.166378 25.518660
286 3.166191 25.517172
287 3.166007 25.515697
288 3.165825 25.514234
289 3.165645 25.512784
290 3.165468 25.511345
291 3.165292 25.509919
292 3.165119 25.508505
293 3.164948 25.507102
294 3.164779 25.505711
295 3.164612 25.504332
296 3.164447 25.502965
297 3.164284 25.501609
298 3.164123 25.500264
299 3.163964 25.498931
300 3.163807 25.497609
301 3.163652 25.496298
302 3.163499 25.494998
303 3.163348 25.493709
304 3.163198 25.492431
305 3.163051 25.491163
306 3.162905 25.489906
307 3.162761 25.488660
308 3.162618 25.487424
309 3.162478 25.486199
310 3.162339 25.484983
311 3.162202 25.483778
312 3.162066 25.482583
313 3.161932 25.481399
314 3.161800 25.480224
315 3.161670 25.479059
316 3.161541 25.477903
317 3.161413 25.476758
318 3.161287 25.475622
319 3.161163 25.474495
320 3.161040 25.473378
321 3.160919 25.472271
322 3.160799 25.471172
323 3.160681 25.470083
324 3.160564 25.469003
325 3.160448 25.467933
326 3.160334 25.466871
327 3.160221 25.465818
328 3.160110 25.464774
329 3.160000 25.463738
330 3.159891 25.462712
331 3.159784 25.461693
332 3.159678 25.460684
333 3.159573 25.459683
334 3.159470 25.458690
335 3.159368 25.457706
336 3.159267 25.456730
337 3.159167 25.455762
338 3.159069 25.454802
339 3.158972 25.453851
340 3.158875 25.452907
341 3.158781 25.451971
342 3.158687 25.451043
343 3.158594 25.450123
344 3.158503 25.449211
345 3.158412 25.448306
346 3.158323 25.447409
347 3.158235 25.446520
348 3.158148 25.445637
349 3.158062 25.444763
350 3.157977 25.443895
351 3.157893 25.443035
352 3.157810 25.442182
353 3.157728 25.441337
354 3.157647 25.440498
355 3.157567 25.439666
356 3.157488 25.438842
357 3.157410 25.438024
358 3.157333 25.437213
359 3.157257 25.436409
360 3.157182 25.435612
361 3.157108 25.434821
362 3.157034 25.434038
363 3.156962 25.433260
364 3.156890 25.432489
365 3.156820 25.431725
366 3.156750 25.430967
367 3.156681 25.430216
368 3.156613 25.429470
369 3.156546 25.428731
370 3.156479 25.427998
371 3.156413 25.427272
372 3.156349 25.426551
373 3.156284 25.425837
374 3.156221 25.425128
375 3.156159 25.424426
376 3.156097 25.423729
377 3.156036 25.423038
378 3.155976 25.422353
379 3.155916 25.421674
380 3.155857 25.421000
381 3.155799 25.420332
382 3.155742 25.419670
383 3.155685 25.419013
384 3.155629 25.418362
385 3.155574 25.417716
386 3.155519 25.417076
387 3.155465 25.416441
388 3.155412 25.415811
389 3.155359 25.415187
390 3.155307 25.414568
391 3.155256 25.413954
392 3.155205 25.413345
393 3.155155 25.412742
394 3.155106 25.412143
395 3.155057 25.411550
396 3.155008 25.410961
397 3.154961 25.410377
398 3.154914 25.409799
399 3.154867 25.409225
400 3.154821 25.408656
401 3.154776 25.408091
402 3.154731 25.407532
403 3.154686 25.406977
404 3.154643 25.406427
405 3.154599 25.405881
406 3.154557 25.405340
407 3.154514 25.404804
408 3.154473 25.404272
409 3.154432 25.403744
410 3.154391 25.403221
411 3.154351 25.402703
412 3.154311 25.402188
413 3.154272 25.401678
414 3.154233 25.401173
415 3.154195 25.400671
416 3.154157 25.400174
417 3.154120 25.399681
418 3.154083 25.399192
419 3.154046 25.398707
420 3.154010 25.398226
421 3.153975 25.397750
422 3.153940 25.397277
423 3.153905 25.396808
424 3.153871 25.396343
425 3.153837 25.395882
426 3.153804 25.395425
427 3.153770 25.394972
428 3.153738 25.394523
429 3.153706 25.394077
430 3.153674 25.393635
431 3.153642 25.393197
432 3.153611 25.392763
433 3.153581 25.392332
434 3.153550 25.391904
435 3.153520 25.391481
436 3.153491 25.391061
437 3.153462 25.390644
438 3.153433 25.390231
439 3.153404 25.389821
440 3.153376 25.389415
441 3.153348 25.389012
442 3.153321 25.388613
443 3.153294 25.388217
444 3.153267 25.387824
445 3.153241 25.387435
446 3.153214 25.387049
447 3.153189 25.386666
448 3.153163 25.386286
449 3.153138 25.385910
450 3.153113 25.385536
451 3.153088 25.385166
452 3.153064 25.384799
453 3.153040 25.384435
454 3.153016 25.384074
455 3.152993 25.383716
456 3.152970 25.383361
457 3.152947 25.383009
458 3.152924 25.382660
459 3.152902 25.382314
460 3.152880 25.381971
461 3.152858 25.381631
462 3.152837 25.381293
463 3.152816 25.380959
464 3.152795 25.380627
465 3.152774 25.380298
466 3.152754 25.379972
467 3.152733 25.379648
468 3.152713 25.379328
469 3.152694 25.379010
470 3.152674 25.378694
471 3.152655 25.378381
472 3.152636 25.378071
473 3.152617 25.377764
474 3.152599 25.377459
475 3.152580 25.377156
476 3.152562 25.376857
477 3.152544 25.376559
478 3.152527 25.376264
479 3.152509 25.375972
480 3.152492 25.375682
481 3.152475 25.375395
482 3.152458 25.375110
483 3.152442 25.374827
484 3.152425 25.374547
485 3.152409 25.374269
486 3.152393 25.373993
487 3.152377 25.373720
488 3.152362 25.373449
489 3.152346 25.373180
490 3.152331 25.372913
491 3.152316 25.372649
492 3.152301 25.372387
493 3.152286 25.372127
494 3.152272 25.371870
495 3.152258 25.371614
496 3.152243 25.371361
497 3.152229 25.371110
498 3.152216 25.370861
499 3.152202 25.370614
500 3.152188 25.370369
