0 0.399759 4.170000
1 0.398345 4.164735
2 0.396947 4.159512
3 0.395566 4.154331
4 0.394200 4.149190
5 0.392850 4.144090
6 0.391515 4.139030
7 0.390196 4.134011
8 0.388892 4.129031
9 0.387603 4.124090
10 0.386329 4.119188
11 0.385069 4.114326
12 0.383824 4.109501
13 0.382593 4.104715
14 0.381377 4.099967
15 0.380174 4.095256
16 0.378985 4.090582
17 0.377810 4.085946
18 0.376649 4.081346
19 0.375500 4.076782
20 0.374365 4.072255
21 0.373243 4.067763
22 0.372134 4.063307
23 0.371038 4.058886
24 0.369954 4.054500
25 0.368883 4.050149
26 0.367824 4.045832
27 0.366777 4.041550
28 0.365742 4.037301
29 0.364719 4.033086
30 0.363708 4.028904
31 0.362709 4.024755
32 0.361721 4.020639
33 0.360744 4.016555
34 0.359779 4.012504
35 0.358824 4.008485
36 0.357881 4.004498
37 0.356948 4.000542
38 0.356027 3.996617
39 0.355115 3.992724
40 0.354215 3.988861
41 0.353324 3.985029
42 0.352444 3.981227
43 0.351574 3.977455
44 0.350714 3.973713
45 0.349864 3.970001
46 0.349024 3.966318
47 0.348193 3.962664
48 0.347372 3.959039
49 0.346560 3.955443
50 0.345758 3.951875
51 0.344965 3.948335
52 0.344181 3.944823
53 0.343406 3.941340
54 0.342640 3.937883
55 0.341882 3.934454
56 0.341134 3.931052
57 0.340394 3.927677
58 0.339662 3.924329
59 0.338939 3.921007
60 0.338224 3.917711
61 0.337518 3.914442
62 0.336820 3.911198
63 0.336129 3.907980
64 0.335447 3.904788
65 0.334772 3.901620
66 0.334105 3.898478
67 0.333446 3.895361
68 0.332795 3.892268
69 0.332150 3.889200
70 0.331514 3.886156
71 0.330884 3.883136
72 0.330262 3.880140
73 0.329647 3.877167
74 0.329039 3.874218
75 0.328438 3.871293
76 0.327844 3.868390
77 0.327257 3.865511
78 0.326677 3.862654
79 0.326103 3.859820
80 0.325536 3.857008
81 0.324975 3.854219
82 0.324421 3.851451
83 0.323873 3.848706
84 0.323332 3.845982
85 0.322796 3.843280
86 0.322267 3.840599
87 0.321744 3.837939
88 0.321227 3.835301
89 0.320716 3.832683
90 0.320211 3.830086
91 0.319711 3.827509
92 0.319217 3.824953
93 0.318729 3.822417
94 0.318247 3.819901
95 0.317770 3.817405
96 0.317299 3.814929
97 0.316833 3.812472
98 0.316372 3.810035
99 0.315917 3.807617
100 0.315467 3.805218
101 0.315022 3.802838
102 0.314582 3.800477
103 0.314148 3.798134
104 0.313718 3.795811
105 0.313293 3.793505
106 0.312873 3.791218
107 0.312458 3.788949
108 0.312048 3.786697
109 0.311642 3.784464
110 0.311241 3.782248
111 0.310845 3.780050
112 0.310453 3.777869
113 0.310066 3.775705
114 0.309683 3.773559
115 0.309305 3.771429
116 0.308931 3.769317
117 0.308561 3.767221
118 0.308195 3.765141
119 0.307834 3.763078
120 0.307477 3.761031
121 0.307124 3.759001
122 0.306775 3.756987
123 0.306430 3.754988
124 0.306089 3.753005
125 0.305752 3.751038
126 0.305419 3.749087
127 0.305089 3.747151
128 0.304764 3.745230
129 0.304442 3.743325
130 0.304124 3.741434
131 0.303809 3.739559
132 0.303498 3.737698
133 0.303191 3.735852
134 0.302887 3.734021
135 0.302587 3.732204
136 0.302290 3.730401
137 0.301997 3.728613
138 0.301707 3.726839
139 0.301420 3.725079
140 0.301137 3.723333
141 0.300857 3.721600
142 0.300580 3.719882
143 0.300306 3.718177
144 0.300035 3.716485
145 0.299768 3.714807
146 0.299503 3.713142
147 0.299242 3.711490
148 0.298984 3.709851
149 0.298728 3.708226
150 0.298476 3.706613
151 0.298226 3.705013
152 0.297980 3.703425
153 0.297736 3.701850
154 0.297495 3.700288
155 0.297256 3.698738
156 0.297021 3.697200
157 0.296788 3.695674
158 0.296558 3.694160
159 0.296330 3.692659
160 0.296106 3.691169
161 0.295883 3.689691
162 0.295663 3.688225
163 0.295446 3.686770
164 0.295232 3.685327
165 0.295019 3.683895
166 0.294809 3.682474
167 0.294602 3.681065
168 0.294397 3.679667
169 0.294194 3.678280
170 0.293994 3.676904
171 0.293796 3.675539
172 0.293600 3.674184
173 0.293407 3.672841
174 0.293215 3.671508
175 0.293026 3.670185
176 0.292839 3.668873
177 0.292655 3.667571
178 0.292472 3.666280
179 0.292292 3.664999
180 0.292113 3.663728
181 0.291937 3.662467
182 0.291762 3.661216
183 0.291590 3.659974
184 0.291420 3.658743
185 0.291251 3.657522
186 0.291085 3.656310
187 0.290920 3.655107
188 0.290757 3.653914
189 0.290597 3.652731
190 0.290438 3.651557
191 0.290280 3.650392
192 0.290125 3.649237
193 0.289972 3.648090
194 0.289820 3.646953
195 0.289670 3.645825
196 0.289521 3.644705
197 0.289375 3.643595
198 0.289230 3.642493
199 0.289087 3.641400
200 0.288945 3.640315
201 0.288805 3.639239
202 0.288667 3.638172
203 0.288530 3.637113
204 0.288395 3.636063
205 0.288261 3.635020
206 0.288129 3.633986
207 0.287998 3.632961
208 0.287869 3.631943
209 0.287742 3.630933
210 0.287615 3.629932
211 0.287491 3.628938
212 0.287367 3.627952
213 0.287246 3.626974
214 0.287125 3.626004
215 0.287006 3.625041
216 0.286888 3.624086
217 0.286772 3.623138
218 0.286657 3.622198
219 0.286543 3.621266
220 0.286431 3.620341
221 0.286320 3.619423
222 0.286210 3.618512
223 0.286102 3.617609
224 0.285994 3.616712
225 0.285888 3.615823
226 0.285783 3.614941
227 0.285680 3.614066
228 0.285577 3.613197
229 0.285476 3.612336
230 0.285376 3.611481
231 0.285277 3.610634
232 0.285179 3.609792
233 0.285082 3.608958
234 0.284987 3.608130
235 0.284892 3.607309
236 0.284799 3.606494
237 0.284707 3.605686
238 0.284615 3.604884
239 0.284525 3.604088
240 0.284436 3.603299
241 0.284348 3.602515
242 0.284261 3.601738
243 0.284175 3.600968
244 0.284090 3.600203
245 0.284005 3.599444
246 0.283922 3.598692
247 0.283840 3.597945
248 0.283759 3.597204
249 0.283678 3.596469
250 0.283599 3.595740
251 0.283520 3.595017
252 0.283443 3.594299
253 0.283366 3.593587
254 0.283290 3.592881
255 0.283215 3.592180
256 0.283141 3.591485
257 0.283068 3.590795
258 0.282995 3.590111
259 0.282924 3.589432
260 0.282853 3.588759
261 0.282783 3.588091
262 0.282714 3.587428
263 0.282646 3.586770
264 0.282578 3.586118
265 0.282511 3.585470
266 0.282445 3.584828
267 0.282380 3.584191
268 0.282316 3.583559
269 0.282252 3.582932
270 0.282189 3.582310
271 0.282126 3.581693
272 0.282065 3.581081
273 0.282004 3.580473
274 0.281944 3.579871
275 0.281884 3.579273
276 0.281825 3.578680
277 0.281767 3.578091
278 0.281710 3.577507
279 0.281653 3.576928
280 0.281597 3.576354
281 0.281541 3.575784
282 0.281487 3.575218
283 0.281432 3.574657
284 0.281379 3.574100
285 0.281326 3.573548
286 0.281273 3.573000
287 0.281221 3.572457
288 0.281170 3.571917
289 0.281120 3.571383
290 0.281070 3.570852
291 0.281020 3.570325
292 0.280971 3.569803
293 0.280923 3.569285
294 0.280875 3.568770
295 0.280828 3.568260
296 0.280781 3.567754
297 0.280735 3.567252
298 0.280690 3.566754
299 0.280645 3.566260
300 0.280600 3.565770
301 0.280556 3.565284
302 0.280512 3.564801
303 0.280469 3.564322
304 0.280427 3.563847
305 0.280385 3.563376
306 0.280343 3.562909
307 0.280302 3.562445
308 0.280262 3.561985
309 0.280221 3.561529
310 0.280182 3.561076
311 0.280142 3.560627
312 0.280104 3.560181
313 0.280065 3.559739
314 0.280027 3.559300
315 0.279990 3.558865
316 0.279953 3.558433
317 0.279916 3.558005
318 0.279880 3.557580
319 0.279844 3.557158
320 0.279809 3.556740
321 0.279774 3.556325
322 0.279740 3.555914
323 0.279705 3.555505
324 0.279672 3.555100
325 0.279638 3.554698
326 0.279605 3.554299
327 0.279573 3.553904
328 0.279540 3.553511
329 0.279509 3.553122
330 0.279477 3.552735
331 0.279446 3.552352
332 0.279415 3.551972
333 0.279385 3.551595
334 0.279355 3.551220
335 0.279325 3.550849
336 0.279296 3.550481
337 0.279267 3.550115
338 0.279238 3.549753
339 0.279209 3.549393
340 0.279181 3.549036
341 0.279154 3.548682
342 0.279126 3.548331
343 0.279099 3.547982
344 0.279072 3.547637
345 0.279046 3.547294
346 0.279020 3.546954
347 0.278994 3.546616
348 0.278968 3.546281
349 0.278943 3.545949
350 0.278918 3.545619
351 0.278893 3.545292
352 0.278869 3.544968
353 0.278845 3.544646
354 0.278821 3.544327
355 0.278797 3.544010
356 0.278774 3.543696
357 0.278751 3.543384
358 0.278728 3.543075
359 0.278706 3.542768
360 0.278683 3.542463
361 0.278661 3.542161
362 0.278640 3.541862
363 0.278618 3.541564
364 0.278597 3.541269
365 0.278576 3.540977
366 0.278555 3.540687
367 0.278534 3.540399
368 0.278514 3.540113
369 0.278494 3.539829
370 0.278474 3.539548
371 0.278455 3.539269
372 0.278435 3.538992
373 0.278416 3.538718
374 0.278397 3.538445
375 0.278378 3.538175
376 0.278360 3.537907
377 0.278342 3.537641
378 0.278324 3.537377
379 0.278306 3.537115
380 0.278288 3.536856
381 0.278271 3.536598
382 0.278253 3.536342
383 0.278236 3.536089
384 0.278219 3.535837
385 0.278203 3.535587
386 0.278186 3.535340
387 0.278170 3.535094
388 0.278154 3.534850
389 0.278138 3.534608
390 0.278122 3.534368
391 0.278107 3.534130
392 0.278091 3.533894
393 0.278076 3.533660
394 0.278061 3.533428
395 0.278046 3.533197
396 0.278031 3.532968
397 0.278017 3.532741
398 0.278003 3.532516
399 0.277988 3.532293
400 0.277974 3.532071
401 0.277961 3.531851
402 0.277947 3.531633
403 0.277933 3.531417
404 0.277920 3.531202
405 0.277907 3.530989
406 0.277894 3.530778
407 0.277881 3.530568
408 0.277868 3.530360
409 0.277855 3.530154
410 0.277843 3.529949
411 0.277830 3.529746
412 0.277818 3.529545
413 0.277806 3.529345
414 0.277794 3.529146
415 0.277782 3.528950
416 0.277771 3.528754
417 0.277759 3.528561
418 0.277748 3.528369
419 0.277737 3.528178
420 0.277726 3.527989
421 0.277715 3.527802
422 0.277704 3.527615
423 0.277693 3.527431
424 0.277682 3.527248
425 0.277672 3.527066
426 0.277661 3.526886
427 0.277651 3.526707
428 0.277641 3.526529
429 0.277631 3.526353
430 0.277621 3.526179
431 0.277611 3.526005
432 0.277602 3.525834
433 0.277592 3.525663
434 0.277583 3.525494
435 0.277573 3.525326
436 0.277564 3.525159
437 0.277555 3.524994
438 0.277546 3.524830
439 0.277537 3.524668
440 0.277528 3.524506
441 0.277519 3.524346
442 0.277511 3.524188
443 0.277502 3.524030
444 0.277494 3.523874
445 0.277485 3.523719
446 0.277477 3.523565
447 0.277469 3.523412
448 0.277461 3.523261
449 0.277453 3.523111
450 0.277445 3.522962
451 0.277437 3.522814
452 0.277430 3.522667
453 0.277422 3.522522
454 0.277415 3.522378
455 0.277407 3.522234
456 0.277400 3.522092
457 0.277393 3.521951
458 0.277385 3.521812
459 0.277378 3.521673
460 0.277371 3.521535
461 0.277364 3.521399
462 0.277358 3.521263
463 0.277351 3.521129
464 0.277344 3.520995
465 0.277337 3.520863
466 0.277331 3.520732
467 0.277324 3.520602
468 0.277318 3.520473
469 0.277312 3.520344
470 0.277306 3.520217
471 0.277299 3.520091
472 0.277293 3.519966
473 0.277287 3.519842
474 0.277281 3.519719
475 0.277275 3.519597
476 0.277270 3.519475
477 0.277264 3.519355
478 0.277258 3.519236
479 0.277252 3.519118
480 0.277247 3.519000
481 0.277241 3.518884
482 0.277236 3.518768
483 0.277231 3.518653
484 0.277225 3.518540
485 0.277220 3.518427
486 0.277215 3.518315
487 0.277210 3.518204
488 0.277205 3.518094
489 0.277200 3.517984
490 0.277195 3.517876
491 0.277190 3.517768
492 0.277185 3.517661
493 0.277180 3.517556
494 0.277175 3.517450
495 0.277171 3.517346
496 0.277166 3.517243
497 0.277162 3.517140
498 0.277157 3.517038
499 0.277153 3.516937
500 0.277148 3.516837
