0 0.951290 9.140000
1 0.949226 9.132919
2 0.947190 9.125905
3 0.945182 9.118956
4 0.943200 9.112071
5 0.941246 9.105251
6 0.939318 9.098495
7 0.937417 9.091802
8 0.935541 9.085171
9 0.933690 9.078601
10 0.931865 9.072094
11 0.930064 9.065647
12 0.928288 9.059260
13 0.926536 9.052932
14 0.924808 9.046664
15 0.923103 9.040454
16 0.921421 9.034302
17 0.919762 9.028207
18 0.918125 9.022170
19 0.916511 9.016188
20 0.914919 9.010263
21 0.913348 9.004392
22 0.911798 8.998577
23 0.910270 8.992815
24 0.908762 8.987108
25 0.907274 8.981454
26 0.905807 8.975852
27 0.904360 8.970303
28 0.902932 8.964805
29 0.901524 8.959359
30 0.900134 8.953963
31 0.898764 8.948618
32 0.897412 8.943323
33 0.896079 8.938077
34 0.894763 8.932880
35 0.893466 8.927732
36 0.892185 8.922631
37 0.890923 8.917579
38 0.889677 8.912573
39 0.888449 8.907614
40 0.887237 8.902701
41 0.886041 8.897834
42 0.884862 8.893013
43 0.883698 8.888236
44 0.882551 8.883504
45 0.881419 8.878817
46 0.880302 8.874172
47 0.879200 8.869572
48 0.878114 8.865014
49 0.877042 8.860499
50 0.875985 8.856025
51 0.874942 8.851594
52 0.873913 8.847204
53 0.872898 8.842855
54 0.871897 8.838546
55 0.870909 8.834277
56 0.869935 8.830049
57 0.868974 8.825860
58 0.868026 8.821710
59 0.867091 8.817598
60 0.866168 8.813525
61 0.865258 8.809490
62 0.864361 8.805493
63 0.863475 8.801533
64 0.862602 8.797610
65 0.861740 8.793723
66 0.860890 8.789873
67 0.860052 8.786059
68 0.859225 8.782280
69 0.858409 8.778536
70 0.857604 8.774828
71 0.856811 8.771154
72 0.856028 8.767514
73 0.855255 8.763908
74 0.854493 8.760336
75 0.853742 8.756797
76 0.853000 8.753291
77 0.852269 8.749818
78 0.851547 8.746378
79 0.850835 8.742969
80 0.850133 8.739592
81 0.849441 8.736247
82 0.848758 8.732933
83 0.848084 8.729650
84 0.847419 8.726397
85 0.846763 8.723175
86 0.846116 8.719983
87 0.845478 8.716820
88 0.844849 8.713688
89 0.844228 8.710584
90 0.843616 8.707509
91 0.843011 8.704463
92 0.842415 8.701446
93 0.841828 8.698456
94 0.841248 8.695495
95 0.840676 8.692561
96 0.840111 8.689654
97 0.839555 8.686775
98 0.839005 8.683922
99 0.838464 8.681096
100 0.837929 8.678297
101 0.837402 8.675523
102 0.836882 8.672775
103 0.836370 8.670053
104 0.835864 8.667357
105 0.835365 8.664685
106 0.834872 8.662039
107 0.834387 8.659417
108 0.833908 8.656820
109 0.833435 8.654247
110 0.832969 8.651697
111 0.832509 8.649172
112 0.832055 8.646670
113 0.831608 8.644192
114 0.831167 8.641736
115 0.830731 8.639304
116 0.830302 8.636894
117 0.829878 8.634507
118 0.829460 8.632142
119 0.829048 8.629799
120 0.828641 8.627478
121 0.828240 8.625179
122 0.827844 8.622901
123 0.827454 8.620644
124 0.827069 8.618408
125 0.826689 8.616193
126 0.826314 8.613999
127 0.825945 8.611826
128 0.825580 8.609672
129 0.825220 8.607539
130 0.824866 8.605426
131 0.824516 8.603332
132 0.824171 8.601258
133 0.823830 8.599203
134 0.823494 8.597167
135 0.823163 8.595151
136 0.822836 8.593153
137 0.822513 8.591174
138 0.822195 8.589213
139 0.821881 8.587270
140 0.821572 8.585346
141 0.821267 8.583440
142 0.820965 8.581551
143 0.820668 8.579680
144 0.820375 8.577827
145 0.820086 8.575990
146 0.819801 8.574171
147 0.819520 8.572369
148 0.819242 8.570584
149 0.818969 8.568815
150 0.818699 8.567063
151 0.818432 8.565327
152 0.818169 8.563607
153 0.817910 8.561904
154 0.817655 8.560216
155 0.817402 8.558544
156 0.817154 8.556888
157 0.816908 8.555247
158 0.816666 8.553621
159 0.816427 8.552011
160 0.816192 8.550416
161 0.815959 8.548835
162 0.815730 8.547269
163 0.815504 8.545718
164 0.815281 8.544181
165 0.815061 8.542659
166 0.814844 8.541151
167 0.814630 8.539657
168 0.814419 8.538177
169 0.814210 8.536710
170 0.814005 8.535258
171 0.813802 8.533818
172 0.813602 8.532393
173 0.813405 8.530980
174 0.813210 8.529581
175 0.813018 8.528195
176 0.812829 8.526822
177 0.812642 8.525461
178 0.812458 8.524114
179 0.812276 8.522778
180 0.812097 8.521456
181 0.811920 8.520145
182 0.811746 8.518847
183 0.811573 8.517561
184 0.811404 8.516287
185 0.811236 8.515025
186 0.811071 8.513775
187 0.810908 8.512536
188 0.810747 8.511309
189 0.810589 8.510093
190 0.810432 8.508889
191 0.810278 8.507696
192 0.810126 8.506514
193 0.809976 8.505343
194 0.809828 8.504183
195 0.809682 8.503033
196 0.809537 8.501895
197 0.809395 8.500767
198 0.809255 8.499650
199 0.809117 8.498543
200 0.808980 8.497446
201 0.808846 8.496360
202 0.808713 8.495283
203 0.808582 8.494217
204 0.808453 8.493161
205 0.808325 8.492115
206 0.808200 8.491078
207 0.808076 8.490051
208 0.807953 8.489034
209 0.807832 8.488026
210 0.807713 8.487027
211 0.807596 8.486038
212 0.807480 8.485058
213 0.807366 8.484087
214 0.807253 8.483125
215 0.807142 8.482173
216 0.807032 8.481229
217 0.806924 8.480294
218 0.806817 8.479367
219 0.806712 8.478450
220 0.806608 8.477540
221 0.806506 8.476640
222 0.806405 8.475747
223 0.806305 8.474863
224 0.806207 8.473988
225 0.806110 8.473120
226 0.806014 8.472261
227 0.805920 8.471409
228 0.805827 8.470566
229 0.805735 8.469730
230 0.805644 8.468902
231 0.805555 8.468082
232 0.805467 8.467270
233 0.805380 8.466465
234 0.805294 8.465668
235 0.805209 8.464878
236 0.805126 8.464095
237 0.805043 8.463320
238 0.804962 8.462552
239 0.804882 8.461791
240 0.804803 8.461037
241 0.804725 8.460290
242 0.804648 8.459551
243 0.804572 8.458818
244 0.804497 8.458092
245 0.804424 8.457372
246 0.804351 8.456660
247 0.804279 8.455954
248 0.804208 8.455255
249 0.804138 8.454562
250 0.804069 8.453876
251 0.804001 8.453196
252 0.803934 8.452522
253 0.803868 8.451855
254 0.803803 8.451194
255 0.803738 8.450539
256 0.803675 8.449890
257 0.803612 8.449247
258 0.803550 8.448611
259 0.803489 8.447980
260 0.803429 8.447355
261 0.803370 8.446736
262 0.803311 8.446122
263 0.803253 8.445515
264 0.803196 8.444913
265 0.803140 8.444317
266 0.803085 8.443726
267 0.803030 8.443141
268 0.802976 8.442561
269 0.802923 8.441986
270 0.802871 8.441417
271 0.802819 8.440854
272 0.802768 8.440295
273 0.802717 8.439742
274 0.802668 8.439194
275 0.802619 8.438651
276 0.802570 8.438113
277 0.802523 8.437580
278 0.802476 8.437052
279 0.802429 8.436529
280 0.802383 8.436011
281 0.802338 8.435498
282 0.802294 8.434989
283 0.802250 8.434486
284 0.802206 8.433987
285 0.802164 8.433492
286 0.802121 8.433002
287 0.802080 8.432517
288 0.802039 8.432037
289 0.801998 8.431560
290 0.801958 8.431089
291 0.801919 8.430621
292 0.801880 8.430158
293 0.801842 8.429700
294 0.801804 8.429245
295 0.801767 8.428795
296 0.801730 8.428349
297 0.801693 8.427907
298 0.801658 8.427470
299 0.801622 8.427036
300 0.801587 8.426607
301 0.801553 8.426181
302 0.801519 8.425759
303 0.801486 8.425342
304 0.801453 8.424928
305 0.801420 8.424518
306 0.801388 8.424112
307 0.801356 8.423710
308 0.801325 8.423311
309 0.801294 8.422917
310 0.801264 8.422525
311 0.801234 8.422138
312 0.801204 8.421754
313 0.801175 8.421374
314 0.801146 8.420997
315 0.801118 8.420624
316 0.801090 8.420254
317 0.801062 8.419888
318 0.801035 8.419525
319 0.801008 8.419166
320 0.800982 8.418809
321 0.800956 8.418457
322 0.800930 8.418107
323 0.800904 8.417761
324 0.800879 8.417418
325 0.800854 8.417078
326 0.800830 8.416741
327 0.800806 8.416408
328 0.800782 8.416077
329 0.800759 8.415750
330 0.800735 8.415426
331 0.800713 8.415105
332 0.800690 8.414786
333 0.800668 8.414471
334 0.800646 8.414159
335 0.800624 8.413849
336 0.800603 8.413543
337 0.800582 8.413239
338 0.800561 8.412938
339 0.800541 8.412640
340 0.800521 8.412345
341 0.800501 8.412053
342 0.800481 8.411763
343 0.800462 8.411476
344 0.800443 8.411191
345 0.800424 8.410910
346 0.800405 8.410630
347 0.800387 8.410354
348 0.800369 8.410080
349 0.800351 8.409809
350 0.800333 8.409540
351 0.800316 8.409274
352 0.800299 8.409010
353 0.800282 8.408748
354 0.800265 8.408489
355 0.800249 8.408233
356 0.800233 8.407979
357 0.800217 8.407727
358 0.800201 8.407478
359 0.800185 8.407230
360 0.800170 8.406986
361 0.800155 8.406743
362 0.800140 8.406503
363 0.800125 8.406265
364 0.800110 8.406029
365 0.800096 8.405796
366 0.800082 8.405564
367 0.800068 8.405335
368 0.800054 8.405108
369 0.800041 8.404883
370 0.800027 8.404660
371 0.800014 8.404439
372 0.800001 8.404220
373 0.799988 8.404004
374 0.799975 8.403789
375 0.799963 8.403576
376 0.799950 8.403366
377 0.799938 8.403157
378 0.799926 8.402950
379 0.799914 8.402745
380 0.799903 8.402542
381 0.799891 8.402341
382 0.799880 8.402142
383 0.799869 8.401945
384 0.799858 8.401749
385 0.799847 8.401556
386 0.799836 8.401364
387 0.799825 8.401174
388 0.799815 8.400985
389 0.799804 8.400799
390 0.799794 8.400614
391 0.799784 8.400431
392 0.799774 8.400250
393 0.799764 8.400070
394 0.799755 8.399892
395 0.799745 8.399716
396 0.799736 8.399541
397 0.799727 8.399368
398 0.799717 8.399197
399 0.799708 8.399027
400 0.799700 8.398858
401 0.799691 8.398692
402 0.799682 8.398527
403 0.799674 8.398363
404 0.799665 8.398201
405 0.799657 8.398040
406 0.799649 8.397881
407 0.799640 8.397724
408 0.799633 8.397568
409 0.799625 8.397413
410 0.799617 8.397260
411 0.799609 8.397108
412 0.799602 8.396958
413 0.799594 8.396809
414 0.799587 8.396661
415 0.799580 8.396515
416 0.799572 8.396370
417 0.799565 8.396227
418 0.799558 8.396085
419 0.799552 8.395944
420 0.799545 8.395804
421 0.799538 8.395666
422 0.799532 8.395529
423 0.799525 8.395394
424 0.799519 8.395259
425 0.799512 8.395126
426 0.799506 8.394994
427 0.799500 8.394864
428 0.799494 8.394734
429 0.799488 8.394606
430 0.799482 8.394479
431 0.799476 8.394353
432 0.799470 8.394229
433 0.799465 8.394105
434 0.799459 8.393983
435 0.799454 8.393861
436 0.799448 8.393741
437 0.799443 8.393622
438 0.799437 8.393505
439 0.799432 8.393388
440 0.799427 8.393272
441 0.799422 8.393158
442 0.799417 8.393044
443 0.799412 8.392932
444 0.799407 8.392820
445 0.799402 8.392710
446 0.799398 8.392601
447 0.799393 8.392492
448 0.799388 8.392385
449 0.799384 8.392279
450 0.799379 8.392173
451 0.799375 8.392069
452 0.799370 8.391966
453 0.799366 8.391863
454 0.799362 8.391762
455 0.799358 8.391661
456 0.799353 8.391562
457 0.799349 8.391463
458 0.799345 8.391366
459 0.799341 8.391269
460 0.799337 8.391173
461 0.799334 8.391078
462 0.799330 8.390984
463 0.799326 8.390891
464 0.799322 8.390798
465 0.799319 8.390707
466 0.799315 8.390616
467 0.799311 8.390526
468 0.799308 8.390437
469 0.799304 8.390349
470 0.799301 8.390262
471 0.799298 8.390175
472 0.799294 8.390090
473 0.799291 8.390005
474 0.799288 8.389921
475 0.799285 8.389838
476 0.799281 8.389755
477 0.799278 8.389673
478 0.799275 8.389592
479 0.799272 8.389512
480 0.799269 8.389432
481 0.799266 8.389354
482 0.799263 8.389276
483 0.799261 8.389198
484 0.799258 8.389122
485 0.799255 8.389046
486 0.799252 8.388971
487 0.799249 8.388896
488 0.799247 8.388823
489 0.799244 8.388750
490 0.799242 8.388677
491 0.799239 8.388606
492 0.799236 8.388534
493 0.799234 8.388464
494 0.799231 8.388394
495 0.799229 8.388325
496 0.799227 8.388257
497 0.799224 8.388189
498 0.799222 8.388122
499 0.799220 8.388055
500 0.799217 8.387990
