0 0.339027 3.990000
1 0.338276 3.986845
2 0.337535 3.983719
3 0.336805 3.980622
4 0.336084 3.977554
5 0.335373 3.974515
6 0.334671 3.971504
7 0.333979 3.968520
8 0.333297 3.965565
9 0.332623 3.962637
10 0.331959 3.959736
11 0.331304 3.956863
12 0.330657 3.954016
13 0.330020 3.951195
14 0.329390 3.948401
15 0.328770 3.945633
16 0.328158 3.942890
17 0.327554 3.940173
18 0.326958 3.937481
19 0.326370 3.934814
20 0.325790 3.932173
21 0.325218 3.929555
22 0.324654 3.926962
23 0.324098 3.924393
24 0.323549 3.921848
25 0.323007 3.919327
26 0.322473 3.916829
27 0.321946 3.914354
28 0.321426 3.911903
29 0.320913 3.909474
30 0.320407 3.907068
31 0.319908 3.904684
32 0.319415 3.902322
33 0.318929 3.899983
34 0.318450 3.897665
35 0.317977 3.895368
36 0.317511 3.893093
37 0.317051 3.890839
38 0.316597 3.888606
39 0.316150 3.886394
40 0.315708 3.884203
41 0.315272 3.882031
42 0.314843 3.879880
43 0.314419 3.877749
44 0.314000 3.875638
45 0.313588 3.873547
46 0.313181 3.871475
47 0.312779 3.869422
48 0.312383 3.867388
49 0.311993 3.865373
50 0.311607 3.863377
51 0.311227 3.861400
52 0.310852 3.859441
53 0.310482 3.857500
54 0.310117 3.855577
55 0.309757 3.853672
56 0.309402 3.851785
57 0.309051 3.849915
58 0.308705 3.848063
59 0.308364 3.846228
60 0.308028 3.844410
61 0.307696 3.842609
62 0.307369 3.840824
63 0.307046 3.839057
64 0.306727 3.837305
65 0.306413 3.835570
66 0.306103 3.833852
67 0.305797 3.832149
68 0.305496 3.830462
69 0.305198 3.828790
70 0.304904 3.827135
71 0.304615 3.825494
72 0.304329 3.823869
73 0.304047 3.822259
74 0.303769 3.820664
75 0.303495 3.819084
76 0.303224 3.817518
77 0.302957 3.815967
78 0.302694 3.814431
79 0.302434 3.812908
80 0.302178 3.811400
81 0.301925 3.809906
82 0.301676 3.808426
83 0.301430 3.806960
84 0.301187 3.805507
85 0.300948 3.804068
86 0.300712 3.802642
87 0.300479 3.801229
88 0.300249 3.799830
89 0.300023 3.798443
90 0.299799 3.797070
91 0.299578 3.795709
92 0.299361 3.794361
93 0.299146 3.793025
94 0.298934 3.791702
95 0.298725 3.790391
96 0.298519 3.789093
97 0.298316 3.787806
98 0.298115 3.786532
99 0.297917 3.785269
100 0.297722 3.784018
101 0.297530 3.782778
102 0.297340 3.781551
103 0.297152 3.780334
104 0.296968 3.779129
105 0.296785 3.777935
106 0.296605 3.776752
107 0.296428 3.775581
108 0.296253 3.774420
109 0.296080 3.773270
110 0.295910 3.772130
111 0.295742 3.771001
112 0.295576 3.769883
113 0.295413 3.768775
114 0.295251 3.767678
115 0.295092 3.766590
116 0.294935 3.765513
117 0.294780 3.764446
118 0.294628 3.763388
119 0.294477 3.762341
120 0.294328 3.761303
121 0.294182 3.760275
122 0.294037 3.759256
123 0.293894 3.758247
124 0.293753 3.757248
125 0.293614 3.756257
126 0.293477 3.755276
127 0.293342 3.754304
128 0.293209 3.753341
129 0.293077 3.752387
130 0.292948 3.751442
131 0.292820 3.750505
132 0.292693 3.749578
133 0.292569 3.748659
134 0.292446 3.747748
135 0.292325 3.746846
136 0.292205 3.745952
137 0.292087 3.745067
138 0.291971 3.744190
139 0.291856 3.743321
140 0.291743 3.742460
141 0.291631 3.741607
142 0.291521 3.740762
143 0.291412 3.739925
144 0.291305 3.739096
145 0.291199 3.738275
146 0.291095 3.737461
147 0.290992 3.736654
148 0.290890 3.735855
149 0.290790 3.735064
150 0.290691 3.734280
151 0.290594 3.733503
152 0.290498 3.732734
153 0.290403 3.731971
154 0.290309 3.731216
155 0.290217 3.730468
156 0.290126 3.729726
157 0.290036 3.728992
158 0.289947 3.728264
159 0.289860 3.727544
160 0.289774 3.726830
161 0.289689 3.726122
162 0.289605 3.725421
163 0.289522 3.724727
164 0.289440 3.724039
165 0.289360 3.723357
166 0.289280 3.722682
167 0.289202 3.722013
168 0.289124 3.721351
169 0.289048 3.720694
170 0.288973 3.720044
171 0.288898 3.719399
172 0.288825 3.718761
173 0.288753 3.718129
174 0.288682 3.717502
175 0.288611 3.716881
176 0.288542 3.716266
177 0.288473 3.715657
178 0.288406 3.715054
179 0.288339 3.714456
180 0.288274 3.713863
181 0.288209 3.713276
182 0.288145 3.712695
183 0.288082 3.712119
184 0.288020 3.711548
185 0.287958 3.710983
186 0.287898 3.710423
187 0.287838 3.709868
188 0.287779 3.709318
189 0.287721 3.708774
190 0.287663 3.708234
191 0.287607 3.707700
192 0.287551 3.707170
193 0.287496 3.706646
194 0.287442 3.706126
195 0.287388 3.705611
196 0.287335 3.705101
197 0.287283 3.704595
198 0.287232 3.704095
199 0.287181 3.703599
200 0.287131 3.703107
201 0.287082 3.702620
202 0.287033 3.702138
203 0.286985 3.701660
204 0.286938 3.701187
205 0.286891 3.700718
206 0.286845 3.700253
207 0.286799 3.699793
208 0.286754 3.699337
209 0.286710 3.698885
210 0.286666 3.698438
211 0.286623 3.697994
212 0.286581 3.697555
213 0.286539 3.697120
214 0.286497 3.696689
215 0.286457 3.696262
216 0.286416 3.695838
217 0.286377 3.695419
218 0.286337 3.695004
219 0.286299 3.694592
220 0.286261 3.694185
221 0.286223 3.693781
222 0.286186 3.693381
223 0.286149 3.692985
224 0.286113 3.692592
225 0.286078 3.692203
226 0.286043 3.691817
227 0.286008 3.691436
228 0.285974 3.691057
229 0.285940 3.690683
230 0.285907 3.690311
231 0.285874 3.689944
232 0.285842 3.689579
233 0.285810 3.689218
234 0.285778 3.688860
235 0.285747 3.688506
236 0.285716 3.688155
237 0.285686 3.687807
238 0.285656 3.687463
239 0.285627 3.687121
240 0.285598 3.686783
241 0.285569 3.686448
242 0.285541 3.686116
243 0.285513 3.685788
244 0.285486 3.685462
245 0.285458 3.685139
246 0.285432 3.684820
247 0.285405 3.684503
248 0.285379 3.684189
249 0.285353 3.683878
250 0.285328 3.683570
251 0.285303 3.683265
252 0.285278 3.682963
253 0.285254 3.682663
254 0.285230 3.682367
255 0.285206 3.682073
256 0.285183 3.681781
257 0.285160 3.681493
258 0.285137 3.681207
259 0.285115 3.680924
260 0.285093 3.680644
261 0.285071 3.680366
262 0.285049 3.680090
263 0.285028 3.679818
264 0.285007 3.679547
265 0.284987 3.679280
266 0.284966 3.679014
267 0.284946 3.678752
268 0.284926 3.678491
269 0.284907 3.678234
270 0.284887 3.677978
271 0.284868 3.677725
272 0.284850 3.677474
273 0.284831 3.677226
274 0.284813 3.676980
275 0.284795 3.676736
276 0.284777 3.676494
277 0.284759 3.676255
278 0.284742 3.676018
279 0.284725 3.675783
280 0.284708 3.675550
281 0.284692 3.675320
282 0.284675 3.675091
283 0.284659 3.674865
284 0.284643 3.674641
285 0.284627 3.674419
286 0.284612 3.674199
287 0.284596 3.673981
288 0.284581 3.673765
289 0.284566 3.673551
290 0.284552 3.673339
291 0.284537 3.673129
292 0.284523 3.672921
293 0.284509 3.672715
294 0.284495 3.672511
295 0.284481 3.672309
296 0.284468 3.672108
297 0.284454 3.671910
298 0.284441 3.671713
299 0.284428 3.671518
300 0.284415 3.671325
301 0.284403 3.671134
302 0.284390 3.670945
303 0.284378 3.670757
304 0.284366 3.670571
305 0.284354 3.670387
306 0.284342 3.670204
307 0.284330 3.670024
308 0.284319 3.669844
309 0.284307 3.669667
310 0.284296 3.669491
311 0.284285 3.669317
312 0.284274 3.669144
313 0.284263 3.668974
314 0.284253 3.668804
315 0.284242 3.668636
316 0.284232 3.668470
317 0.284222 3.668305
318 0.284212 3.668142
319 0.284202 3.667981
320 0.284192 3.667821
321 0.284182 3.667662
322 0.284173 3.667505
323 0.284164 3.667349
324 0.284154 3.667195
325 0.284145 3.667042
326 0.284136 3.666891
327 0.284127 3.666741
328 0.284118 3.666592
329 0.284110 3.666445
330 0.284101 3.666299
331 0.284093 3.666155
332 0.284085 3.666011
333 0.284076 3.665870
334 0.284068 3.665729
335 0.284060 3.665590
336 0.284052 3.665452
337 0.284045 3.665316
338 0.284037 3.665180
339 0.284030 3.665046
340 0.284022 3.664913
341 0.284015 3.664782
342 0.284007 3.664651
343 0.284000 3.664522
344 0.283993 3.664394
345 0.283986 3.664267
346 0.283979 3.664142
347 0.283973 3.664017
348 0.283966 3.663894
349 0.283959 3.663772
350 0.283953 3.663651
351 0.283947 3.663531
352 0.283940 3.663413
353 0.283934 3.663295
354 0.283928 3.663178
355 0.283922 3.663063
356 0.283916 3.662949
357 0.283910 3.662835
358 0.283904 3.662723
359 0.283898 3.662612
360 0.283893 3.662502
361 0.283887 3.662392
362 0.283881 3.662284
363 0.283876 3.662177
364 0.283871 3.662071
365 0.283865 3.661966
366 0.283860 3.661862
367 0.283855 3.661758
368 0.283850 3.661656
369 0.283845 3.661555
370 0.283840 3.661455
371 0.283835 3.661355
372 0.283830 3.661257
373 0.283825 3.661159
374 0.283821 3.661062
375 0.283816 3.660967
376 0.283812 3.660872
377 0.283807 3.660778
378 0.283803 3.660685
379 0.283798 3.660592
380 0.283794 3.660501
381 0.283790 3.660410
382 0.283785 3.660321
383 0.283781 3.660232
384 0.283777 3.660144
385 0.283773 3.660057
386 0.283769 3.659970
387 0.283765 3.659884
388 0.283761 3.659800
389 0.283758 3.659716
390 0.283754 3.659632
391 0.283750 3.659550
392 0.283746 3.659468
393 0.283743 3.659387
394 0.283739 3.659307
395 0.283736 3.659228
396 0.283732 3.659149
397 0.283729 3.659071
398 0.283725 3.658994
399 0.283722 3.658917
400 0.283719 3.658841
401 0.283716 3.658766
402 0.283712 3.658692
403 0.283709 3.658618
404 0.283706 3.658545
405 0.283703 3.658473
406 0.283700 3.658401
407 0.283697 3.658330
408 0.283694 3.658260
409 0.283691 3.658190
410 0.283688 3.658121
411 0.283685 3.658052
412 0.283683 3.657985
413 0.283680 3.657918
414 0.283677 3.657851
415 0.283674 3.657785
416 0.283672 3.657720
417 0.283669 3.657655
418 0.283667 3.657591
419 0.283664 3.657528
420 0.283662 3.657465
421 0.283659 3.657402
422 0.283657 3.657341
423 0.283654 3.657279
424 0.283652 3.657219
425 0.283650 3.657159
426 0.283647 3.657099
427 0.283645 3.657040
428 0.283643 3.656982
429 0.283641 3.656924
430 0.283638 3.656867
431 0.283636 3.656810
432 0.283634 3.656754
433 0.283632 3.656698
434 0.283630 3.656643
435 0.283628 3.656588
436 0.283626 3.656534
437 0.283624 3.656481
438 0.283622 3.656427
439 0.283620 3.656375
440 0.283618 3.656323
441 0.283616 3.656271
442 0.283614 3.656220
443 0.283612 3.656169
444 0.283611 3.656119
445 0.283609 3.656069
446 0.283607 3.656020
447 0.283605 3.655971
448 0.283604 3.655922
449 0.283602 3.655874
450 0.283600 3.655827
451 0.283599 3.655780
452 0.283597 3.655733
453 0.283595 3.655687
454 0.283594 3.655641
455 0.283592 3.655596
456 0.283591 3.655551
457 0.283589 3.655506
458 0.283588 3.655462
459 0.283586 3.655419
460 0.283585 3.655375
461 0.283583 3.655332
462 0.283582 3.655290
463 0.283581 3.655248
464 0.283579 3.655206
465 0.283578 3.655165
466 0.283576 3.655124
467 0.283575 3.655083
468 0.283574 3.655043
469 0.283573 3.655003
470 0.283571 3.654964
471 0.283570 3.654925
472 0.283569 3.654886
473 0.283568 3.654848
474 0.283566 3.654810
475 0.283565 3.654772
476 0.283564 3.654735
477 0.283563 3.654698
478 0.283562 3.654662
479 0.283561 3.654625
480 0.283560 3.654589
481 0.283558 3.654554
482 0.283557 3.654519
483 0.283556 3.654484
484 0.283555 3.654449
485 0.283554 3.654415
486 0.283553 3.654381
487 0.283552 3.654347
488 0.283551 3.654314
489 0.283550 3.654281
490 0.283549 3.654248
491 0.283548 3.654216
492 0.283547 3.654184
493 0.283546 3.654152
494 0.283546 3.654121
495 0.283545 3.654089
496 0.283544 3.654058
497 0.283543 3.654028
498 0.283542 3.653997
499 0.283541 3.653967
500 0.283540 3.653938
