0 2.943761 20.240000
1 2.936911 20.223178
2 2.930164 20.206532
3 2.923519 20.190059
4 2.916974 20.173757
5 2.910529 20.157624
6 2.904181 20.141660
7 2.897928 20.125861
8 2.891771 20.110227
9 2.885706 20.094756
10 2.879733 20.079445
11 2.873851 20.064294
12 2.868057 20.049300
13 2.862351 20.034462
14 2.856731 20.019779
15 2.851196 20.005249
16 2.845745 19.990869
17 2.840376 19.976639
18 2.835088 19.962558
19 2.829880 19.948622
20 2.824751 19.934832
21 2.819699 19.921185
22 2.814724 19.907680
23 2.809824 19.894316
24 2.804998 19.881091
25 2.800245 19.868003
26 2.795564 19.855051
27 2.790954 19.842234
28 2.786413 19.829551
29 2.781941 19.816999
30 2.777536 19.804578
31 2.773198 19.792286
32 2.768926 19.780122
33 2.764718 19.768085
34 2.760574 19.756173
35 2.756492 19.744385
36 2.752473 19.732719
37 2.748514 19.721175
38 2.744614 19.709751
39 2.740774 19.698445
40 2.736992 19.687258
41 2.733267 19.676186
42 2.729598 19.665230
43 2.725985 19.654388
44 2.722426 19.643659
45 2.718921 19.633041
46 2.715469 19.622534
47 2.712069 19.612136
48 2.708721 19.601846
49 2.705423 19.591663
50 2.702175 19.581586
51 2.698976 19.571614
52 2.695826 19.561746
53 2.692723 19.551980
54 2.689667 19.542316
55 2.686657 19.532753
56 2.683693 19.523289
57 2.680774 19.513923
58 2.677898 19.504655
59 2.675066 19.495483
60 2.672277 19.486407
61 2.669530 19.477425
62 2.666825 19.468537
63 2.664160 19.459741
64 2.661536 19.451037
65 2.658952 19.442423
66 2.656406 19.433898
67 2.653899 19.425463
68 2.651430 19.417115
69 2.648998 19.408854
70 2.646603 19.400679
71 2.644244 19.392589
72 2.641921 19.384583
73 2.639633 19.376660
74 2.637379 19.368820
75 2.635160 19.361062
76 2.632974 19.353384
77 2.630821 19.345786
78 2.628701 19.338267
79 2.626613 19.330826
80 2.624556 19.323463
81 2.622530 19.316176
82 2.620535 19.308965
83 2.618571 19.301829
84 2.616635 19.294767
85 2.614730 19.287779
86 2.612853 19.280864
87 2.611004 19.274020
88 2.609183 19.267248
89 2.607390 19.260546
90 2.605624 19.253914
91 2.603884 19.247350
92 2.602171 19.240855
93 2.600484 19.234428
94 2.598822 19.228068
95 2.597185 19.221773
96 2.595574 19.215544
97 2.593986 19.209380
98 2.592423 19.203280
99 2.590883 19.197244
100 2.589366 19.191270
101 2.587872 19.185359
102 2.586401 19.179509
103 2.584952 19.173719
104 2.583525 19.167990
105 2.582120 19.162321
106 2.580736 19.156711
107 2.579372 19.151159
108 2.578030 19.145664
109 2.576707 19.140227
110 2.575405 19.134847
111 2.574122 19.129522
112 2.572859 19.124253
113 2.571615 19.119039
114 2.570389 19.113879
115 2.569183 19.108772
116 2.567994 19.103719
117 2.566823 19.098718
118 2.565670 19.093770
119 2.564535 19.088872
120 2.563416 19.084026
121 2.562315 19.079230
122 2.561230 19.074484
123 2.560162 19.069788
124 2.559109 19.065140
125 2.558073 19.060540
126 2.557052 19.055989
127 2.556047 19.051485
128 2.555057 19.047027
129 2.554082 19.042616
130 2.553122 19.038251
131 2.552176 19.033932
132 2.551244 19.029657
133 2.550327 19.025427
134 2.549423 19.021240
135 2.548533 19.017098
136 2.547657 19.012998
137 2.546793 19.008941
138 2.545943 19.004926
139 2.545106 19.000953
140 2.544281 18.997022
141 2.543469 18.993131
142 2.542669 18.989281
143 2.541881 18.985470
144 2.541105 18.981700
145 2.540341 18.977968
146 2.539588 18.974276
147 2.538847 18.970622
148 2.538117 18.967006
149 2.537398 18.963427
150 2.536689 18.959886
151 2.535992 18.956381
152 2.535305 18.952914
153 2.534628 18.949482
154 2.533962 18.946085
155 2.533306 18.942725
156 2.532659 18.939399
157 2.532023 18.936107
158 2.531396 18.932850
159 2.530778 18.929627
160 2.530170 18.926437
161 2.529571 18.923281
162 2.528981 18.920157
163 2.528401 18.917066
164 2.527828 18.914007
165 2.527265 18.910980
166 2.526710 18.907984
167 2.526163 18.905020
168 2.525625 18.902086
169 2.525094 18.899183
170 2.524572 18.896310
171 2.524058 18.893467
172 2.523551 18.890654
173 2.523052 18.887869
174 2.522561 18.885114
175 2.522077 18.882388
176 2.521601 18.879689
177 2.521131 18.877019
178 2.520669 18.874377
179 2.520213 18.871762
180 2.519765 18.869174
181 2.519323 18.866614
182 2.518888 18.864080
183 2.518460 18.861572
184 2.518038 18.859090
185 2.517622 18.856634
186 2.517213 18.854204
187 2.516810 18.851799
188 2.516413 18.849419
189 2.516022 18.847064
190 2.515637 18.844733
191 2.515258 18.842426
192 2.514884 18.840144
193 2.514516 18.837885
194 2.514154 18.835650
195 2.513797 18.833438
196 2.513445 18.831249
197 2.513099 18.829083
198 2.512758 18.826939
199 2.512423 18.824818
200 2.512092 18.822718
201 2.511766 18.820641
202 2.511445 18.818585
203 2.511130 18.816551
204 2.510818 18.814537
205 2.510512 18.812545
206 2.510210 18.810573
207 2.509913 18.808622
208 2.509620 18.806691
209 2.509332 18.804781
210 2.509048 18.802890
211 2.508768 18.801019
212 2.508493 18.799167
213 2.508221 18.797334
214 2.507954 18.795521
215 2.507691 18.793726
216 2.507432 18.791951
217 2.507177 18.790193
218 2.506925 18.788454
219 2.506678 18.786733
220 2.506434 18.785030
221 2.506194 18.783345
222 2.505957 18.781677
223 2.505724 18.780026
224 2.505495 18.778393
225 2.505269 18.776776
226 2.505046 18.775177
227 2.504827 18.773594
228 2.504611 18.772028
229 2.504398 18.770477
230 2.504189 18.768943
231 2.503983 18.767425
232 2.503780 18.765923
233 2.503580 18.764437
234 2.503383 18.762965
235 2.503189 18.761510
236 2.502997 18.760069
237 2.502809 18.758643
238 2.502624 18.757232
239 2.502441 18.755836
240 2.502261 18.754454
241 2.502084 18.753087
242 2.501910 18.751734
243 2.501738 18.750395
244 2.501569 18.749070
245 2.501402 18.747758
246 2.501238 18.746461
247 2.501077 18.745177
248 2.500917 18.743906
249 2.500761 18.742648
250 2.500606 18.741404
251 2.500454 18.740172
252 2.500304 18.738953
253 2.500157 18.737747
254 2.500011 18.736554
255 2.499868 18.735373
256 2.499727 18.734204
257 2.499589 18.733047
258 2.499452 18.731903
259 2.499317 18.730770
260 2.499185 18.729649
261 2.499054 18.728540
262 2.498925 18.727442
263 2.498799 18.726356
264 2.498674 18.725281
265 2.498551 18.724217
266 2.498430 18.723164
267 2.498311 18.722122
268 2.498194 18.721091
269 2.498078 18.720071
270 2.497964 18.719062
271 2.497852 18.718062
272 2.497741 18.717074
273 2.497633 18.716095
274 2.497525 18.715127
275 2.497420 18.714169
276 2.497316 18.713221
277 2.497214 18.712282
278 2.497113 18.711354
279 2.497014 18.710435
280 2.496916 18.709525
281 2.496820 18.708625
282 2.496725 18.707735
283 2.496631 18.706854
284 2.496539 18.705981
285 2.496449 18.705118
286 2.496359 18.704264
287 2.496271 18.703419
288 2.496185 18.702583
289 2.496100 18.701755
290 2.496016 18.700936
291 2.495933 18.700125
292 2.495852 18.699323
293 2.495771 18.698529
294 2.495692 18.697744
295 2.495615 18.696967
296 2.495538 18.696197
297 2.495462 18.695436
298 2.495388 18.694683
299 2.495315 18.693937
300 2.495243 18.693199
301 2.495172 18.692469
302 2.495102 18.691747
303 2.495033 18.691032
304 2.494965 18.690324
305 2.494898 18.689624
306 2.494832 18.688931
307 2.494768 18.688246
308 2.494704 18.687567
309 2.494641 18.686896
310 2.494579 18.686231
311 2.494518 18.685574
312 2.494458 18.684923
313 2.494399 18.684279
314 2.494341 18.683642
315 2.494283 18.683011
316 2.494227 18.682387
317 2.494171 18.681769
318 2.494116 18.681158
319 2.494062 18.680553
320 2.494009 18.679955
321 2.493957 18.679362
322 2.493905 18.678776
323 2.493854 18.678196
324 2.493804 18.677622
325 2.493755 18.677054
326 2.493706 18.676492
327 2.493659 18.675936
328 2.493612 18.675385
329 2.493565 18.674841
330 2.493520 18.674301
331 2.493475 18.673768
332 2.493430 18.673240
333 2.493387 18.672718
334 2.493344 18.672201
335 2.493301 18.671689
336 2.493260 18.671183
337 2.493219 18.670682
338 2.493178 18.670186
339 2.493138 18.669695
340 2.493099 18.669210
341 2.493061 18.668729
342 2.493023 18.668254
343 2.492985 18.667783
344 2.492948 18.667317
345 2.492912 18.666856
346 2.492876 18.666400
347 2.492841 18.665949
348 2.492806 18.665503
349 2.492772 18.665061
350 2.492738 18.664623
351 2.492705 18.664190
352 2.492673 18.663762
353 2.492640 18.663338
354 2.492609 18.662919
355 2.492577 18.662504
356 2.492547 18.662093
357 2.492516 18.661687
358 2.492487 18.661284
359 2.492457 18.660886
360 2.492428 18.660492
361 2.492400 18.660103
362 2.492372 18.659717
363 2.492344 18.659335
364 2.492317 18.658957
365 2.492290 18.658583
366 2.492264 18.658213
367 2.492238 18.657847
368 2.492212 18.657485
369 2.492187 18.657126
370 2.492162 18.656772
371 2.492138 18.656421
372 2.492114 18.656073
373 2.492090 18.655729
374 2.492067 18.655389
375 2.492044 18.655052
376 2.492021 18.654719
377 2.491999 18.654389
378 2.491977 18.654063
379 2.491955 18.653740
380 2.491934 18.653420
381 2.491913 18.653104
382 2.491892 18.652791
383 2.491872 18.652481
384 2.491852 18.652175
385 2.491832 18.651872
386 2.491812 18.651571
387 2.491793 18.651274
388 2.491774 18.650981
389 2.491756 18.650690
390 2.491737 18.650402
391 2.491719 18.650117
392 2.491702 18.649835
393 2.491684 18.649556
394 2.491667 18.649280
395 2.491650 18.649007
396 2.491633 18.648737
397 2.491617 18.648469
398 2.491601 18.648204
399 2.491585 18.647942
400 2.491569 18.647683
401 2.491553 18.647426
402 2.491538 18.647173
403 2.491523 18.646921
404 2.491508 18.646673
405 2.491494 18.646427
406 2.491479 18.646183
407 2.491465 18.645942
408 2.491451 18.645704
409 2.491438 18.645468
410 2.491424 18.645234
411 2.491411 18.645003
412 2.491398 18.644774
413 2.491385 18.644548
414 2.491372 18.644324
415 2.491360 18.644102
416 2.491347 18.643883
417 2.491335 18.643666
418 2.491323 18.643451
419 2.491311 18.643239
420 2.491300 18.643028
421 2.491288 18.642820
422 2.491277 18.642614
423 2.491266 18.642410
424 2.491255 18.642209
425 2.491244 18.642009
426 2.491234 18.641812
427 2.491223 18.641616
428 2.491213 18.641423
429 2.491203 18.641231
430 2.491193 18.641042
431 2.491183 18.640854
432 2.491174 18.640669
433 2.491164 18.640485
434 2.491155 18.640303
435 2.491146 18.640124
436 2.491136 18.639946
437 2.491128 18.639770
438 2.491119 18.639595
439 2.491110 18.639423
440 2.491101 18.639252
441 2.491093 18.639083
442 2.491085 18.638916
443 2.491077 18.638751
444 2.491069 18.638587
445 2.491061 18.638425
446 2.491053 18.638265
447 2.491045 18.638107
448 2.491038 18.637950
449 2.491030 18.637794
450 2.491023 18.637641
451 2.491016 18.637488
452 2.491008 18.637338
453 2.491001 18.637189
454 2.490995 18.637042
455 2.490988 18.636896
456 2.490981 18.636751
457 2.490974 18.636609
458 2.490968 18.636467
459 2.490962 18.636327
460 2.490955 18.636189
461 2.490949 18.636052
462 2.490943 18.635916
463 2.490937 18.635782
464 2.490931 18.635649
465 2.490925 18.635518
466 2.490919 18.635388
467 2.490914 18.635259
468 2.490908 18.635132
469 2.490903 18.635006
470 2.490897 18.634881
471 2.490892 18.634758
472 2.490887 18.634636
473 2.490881 18.634515
474 2.490876 18.634395
475 2.490871 18.634277
476 2.490866 18.634160
477 2.490862 18.634044
478 2.490857 18.633929
479 2.490852 18.633816
480 2.490847 18.633704
481 2.490843 18.633592
482 2.490838 18.633482
483 2.490834 18.633374
484 2.490829 18.633266
485 2.490825 18.633159
486 2.490821 18.633054
487 2.490817 18.632949
488 2.490813 18.632846
489 2.490809 18.632744
490 2.490805 18.632643
491 2.490801 18.632543
492 2.490797 18.632444
493 2.490793 18.632346
494 2.490789 18.632249
495 2.490785 18.632153
496 2.490782 18.632058
497 2.490778 18.631964
498 2.490775 18.631870
499 2.490771 18.631778
500 2.490768 18.631687
