0 6.272085 31.690000
1 6.266095 31.679209
2 6.260135 31.668455
3 6.254205 31.657738
4 6.248303 31.647056
5 6.242430 31.636410
6 6.236586 31.625801
7 6.230771 31.615227
8 6.224985 31.604689
9 6.219226 31.594186
10 6.213496 31.583719
11 6.207795 31.573287
12 6.202121 31.562891
13 6.196475 31.552529
14 6.190857 31.542203
15 6.185266 31.531911
16 6.179703 31.521654
17 6.174168 31.511432
18 6.168659 31.501244
19 6.163177 31.491090
20 6.157723 31.480971
21 6.152295 31.470886
22 6.146894 31.460835
23 6.141519 31.450818
24 6.136171 31.440835
25 6.130849 31.430885
26 6.125553 31.420969
27 6.120283 31.411087
28 6.115040 31.401238
29 6.109821 31.391422
30 6.104629 31.381639
31 6.099462 31.371889
32 6.094320 31.362172
33 6.089204 31.352488
34 6.084112 31.342837
35 6.079046 31.333218
36 6.074005 31.323631
37 6.068988 31.314077
38 6.063996 31.304556
39 6.059029 31.295066
40 6.054086 31.285608
41 6.049167 31.276183
42 6.044272 31.266789
43 6.039402 31.257427
44 6.034555 31.248096
45 6.029732 31.238797
46 6.024933 31.229529
47 6.020157 31.220293
48 6.015405 31.211088
49 6.010676 31.201914
50 6.005971 31.192770
51 6.001288 31.183658
52 5.996629 31.174576
53 5.991992 31.165525
54 5.987379 31.156505
55 5.982787 31.147515
56 5.978219 31.138555
57 5.973673 31.129626
58 5.969149 31.120727
59 5.964647 31.111858
60 5.960168 31.103018
61 5.955710 31.094209
62 5.951275 31.085429
63 5.946861 31.076679
64 5.942469 31.067959
65 5.938098 31.059267
66 5.933749 31.050606
67 5.929421 31.041973
68 5.925115 31.033370
69 5.920829 31.024795
70 5.916565 31.016250
71 5.912322 31.007733
72 5.908099 30.999245
73 5.903898 30.990786
74 5.899716 30.982356
75 5.895556 30.973953
76 5.891416 30.965580
77 5.887296 30.957234
78 5.883196 30.948917
79 5.879117 30.940627
80 5.875058 30.932366
81 5.871018 30.924132
82 5.866998 30.915927
83 5.862999 30.907749
84 5.859018 30.899598
85 5.855058 30.891475
86 5.851116 30.883380
87 5.847194 30.875312
88 5.843292 30.867271
89 5.839408 30.859257
90 5.835544 30.851270
91 5.831699 30.843310
92 5.827872 30.835377
93 5.824064 30.827471
94 5.820275 30.819592
95 5.816505 30.811739
96 5.812753 30.803913
97 5.809020 30.796113
98 5.805305 30.788339
99 5.801608 30.780592
100 5.797929 30.772870
101 5.794268 30.765175
102 5.790626 30.757506
103 5.787001 30.749863
104 5.783394 30.742245
105 5.779805 30.734653
106 5.776233 30.727087
107 5.772679 30.719546
108 5.769142 30.712031
109 5.765623 30.704541
110 5.762121 30.697077
111 5.758636 30.689637
112 5.755169 30.682223
113 5.751718 30.674834
114 5.748284 30.667469
115 5.744868 30.660130
116 5.741468 30.652815
117 5.738084 30.645525
118 5.734718 30.638260
119 5.731367 30.631019
120 5.728034 30.623803
121 5.724716 30.616610
122 5.721415 30.609443
123 5.718131 30.602299
124 5.714862 30.595180
125 5.711609 30.588084
126 5.708373 30.581013
127 5.705152 30.573965
128 5.701947 30.566941
129 5.698758 30.559941
130 5.695584 30.552964
131 5.692426 30.546011
132 5.689284 30.539082
133 5.686157 30.532176
134 5.683045 30.525293
135 5.679949 30.518433
136 5.676867 30.511597
137 5.673801 30.504783
138 5.670750 30.497993
139 5.667714 30.491225
140 5.664693 30.484481
141 5.661687 30.477759
142 5.658696 30.471060
143 5.655719 30.464383
144 5.652757 30.457729
145 5.649809 30.451097
146 5.646876 30.444488
147 5.643957 30.437901
148 5.641053 30.431337
149 5.638163 30.424794
150 5.635287 30.418274
151 5.632425 30.411775
152 5.629577 30.405299
153 5.626743 30.398844
154 5.623924 30.392411
155 5.621118 30.386000
156 5.618325 30.379611
157 5.615547 30.373243
158 5.612782 30.366896
159 5.610031 30.360571
160 5.607293 30.354267
161 5.604569 30.347985
162 5.601858 30.341724
163 5.599160 30.335484
164 5.596476 30.329265
165 5.593805 30.323067
166 5.591147 30.316890
167 5.588502 30.310733
168 5.585870 30.304598
169 5.583250 30.298483
170 5.580644 30.292389
171 5.578051 30.286315
172 5.575470 30.280262
173 5.572902 30.274230
174 5.570347 30.268217
175 5.567804 30.262225
176 5.565274 30.256254
177 5.562756 30.250302
178 5.560250 30.244371
179 5.557757 30.238459
180 5.555276 30.232568
181 5.552807 30.226696
182 5.550350 30.220844
183 5.547906 30.215012
184 5.545473 30.209199
185 5.543052 30.203407
186 5.540644 30.197633
187 5.538247 30.191880
188 5.535861 30.186145
189 5.533488 30.180430
190 5.531126 30.174735
191 5.528776 30.169058
192 5.526437 30.163401
193 5.524110 30.157763
194 5.521794 30.152143
195 5.519490 30.146543
196 5.517197 30.140962
197 5.514915 30.135399
198 5.512645 30.129856
199 5.510385 30.124331
200 5.508137 30.118824
201 5.505900 30.113336
202 5.503673 30.107867
203 5.501458 30.102416
204 5.499253 30.096984
205 5.497060 30.091570
206 5.494877 30.086174
207 5.492705 30.080796
208 5.490543 30.075437
209 5.488392 30.070096
210 5.486252 30.064772
211 5.484122 30.059467
212 5.482003 30.054179
213 5.479894 30.048910
214 5.477795 30.043658
215 5.475707 30.038424
216 5.473629 30.033208
217 5.471561 30.028009
218 5.469504 30.022827
219 5.467456 30.017664
220 5.465419 30.012517
221 5.463391 30.007388
222 5.461374 30.002277
223 5.459366 29.997182
224 5.457368 29.992105
225 5.455380 29.987045
226 5.453402 29.982002
227 5.451434 29.976976
228 5.449475 29.971967
229 5.447526 29.966975
230 5.445586 29.961999
231 5.443656 29.957041
232 5.441736 29.952099
233 5.439824 29.947174
234 5.437923 29.942265
235 5.436030 29.937373
236 5.434147 29.932498
237 5.432273 29.927639
238 5.430408 29.922797
239 5.428553 29.917970
240 5.426707 29.913161
241 5.424869 29.908367
242 5.423041 29.903589
243 5.421222 29.898828
244 5.419411 29.894083
245 5.417610 29.889353
246 5.415817 29.884640
247 5.414033 29.879943
248 5.412258 29.875261
249 5.410492 29.870595
250 5.408734 29.865945
251 5.406985 29.861311
252 5.405244 29.856692
253 5.403513 29.852089
254 5.401789 29.847502
255 5.400074 29.842930
256 5.398368 29.838373
257 5.396669 29.833832
258 5.394980 29.829306
259 5.393298 29.824795
260 5.391625 29.820300
261 5.389960 29.815819
262 5.388303 29.811354
263 5.386654 29.806904
264 5.385014 29.802469
265 5.383381 29.798049
266 5.381757 29.793644
267 5.380140 29.789254
268 5.378531 29.784878
269 5.376931 29.780517
270 5.375338 29.776171
271 5.373753 29.771840
272 5.372176 29.767523
273 5.370606 29.763221
274 5.369044 29.758934
275 5.367490 29.754660
276 5.365944 29.750402
277 5.364405 29.746157
278 5.362873 29.741927
279 5.361350 29.737712
280 5.359833 29.733510
281 5.358324 29.729323
282 5.356823 29.725149
283 5.355329 29.720990
284 5.353842 29.716845
285 5.352363 29.712714
286 5.350890 29.708597
287 5.349426 29.704494
288 5.347968 29.700404
289 5.346517 29.696329
290 5.345074 29.692267
291 5.343637 29.688219
292 5.342208 29.684184
293 5.340786 29.680163
294 5.339370 29.676156
295 5.337962 29.672162
296 5.336560 29.668182
297 5.335166 29.664215
298 5.333778 29.660261
299 5.332397 29.656321
300 5.331023 29.652394
301 5.329656 29.648481
302 5.328295 29.644581
303 5.326941 29.640693
304 5.325594 29.636819
305 5.324253 29.632958
306 5.322919 29.629110
307 5.321591 29.625275
308 5.320270 29.621453
309 5.318956 29.617644
310 5.317648 29.613848
311 5.316346 29.610064
312 5.315051 29.606293
313 5.313762 29.602535
314 5.312479 29.598790
315 5.311203 29.595057
316 5.309933 29.591337
317 5.308669 29.587630
318 5.307412 29.583935
319 5.306160 29.580252
320 5.304915 29.576582
321 5.303676 29.572925
322 5.302443 29.569279
323 5.301216 29.565646
324 5.299995 29.562025
325 5.298780 29.558417
326 5.297571 29.554820
327 5.296368 29.551236
328 5.295170 29.547664
329 5.293979 29.544104
330 5.292794 29.540556
331 5.291614 29.537019
332 5.290440 29.533495
333 5.289272 29.529983
334 5.288110 29.526483
335 5.286953 29.522994
336 5.285802 29.519517
337 5.284657 29.516052
338 5.283518 29.512598
339 5.282383 29.509157
340 5.281255 29.505727
341 5.280132 29.502308
342 5.279015 29.498901
343 5.277903 29.495505
344 5.276796 29.492121
345 5.275695 29.488749
346 5.274600 29.485387
347 5.273509 29.482037
348 5.272424 29.478699
349 5.271345 29.475371
350 5.270271 29.472055
351 5.269202 29.468750
352 5.268138 29.465457
353 5.267079 29.462174
354 5.266026 29.458902
355 5.264978 29.455642
356 5.263935 29.452392
357 5.262897 29.449154
358 5.261864 29.445926
359 5.260837 29.442709
360 5.259814 29.439503
361 5.258796 29.436308
362 5.257784 29.433124
363 5.256776 29.429950
364 5.255773 29.426788
365 5.254776 29.423635
366 5.253783 29.420494
367 5.252795 29.417363
368 5.251812 29.414243
369 5.250833 29.411133
370 5.249860 29.408033
371 5.248891 29.404945
372 5.247927 29.401866
373 5.246968 29.398798
374 5.246013 29.395740
375 5.245063 29.392693
376 5.244118 29.389656
377 5.243178 29.386629
378 5.242242 29.383612
379 5.241311 29.380606
380 5.240384 29.377610
381 5.239462 29.374623
382 5.238544 29.371647
383 5.237631 29.368681
384 5.236722 29.365725
385 5.235818 29.362779
386 5.234918 29.359843
387 5.234023 29.356917
388 5.233132 29.354000
389 5.232245 29.351094
390 5.231363 29.348197
391 5.230485 29.345310
392 5.229612 29.342433
393 5.228742 29.339566
394 5.227877 29.336708
395 5.227017 29.333860
396 5.226160 29.331021
397 5.225308 29.328192
398 5.224460 29.325373
399 5.223616 29.322563
400 5.222776 29.319763
401 5.221940 29.316972
402 5.221108 29.314190
403 5.220281 29.311418
404 5.219457 29.308655
405 5.218638 29.305902
406 5.217823 29.303158
407 5.217011 29.300423
408 5.216204 29.297697
409 5.215400 29.294980
410 5.214601 29.292273
411 5.213805 29.289575
412 5.213014 29.286886
413 5.212226 29.284206
414 5.211442 29.281535
415 5.210662 29.278873
416 5.209886 29.276220
417 5.209114 29.273576
418 5.208345 29.270941
419 5.207580 29.268315
420 5.206819 29.265697
421 5.206062 29.263089
422 5.205308 29.260489
423 5.204558 29.257898
424 5.203812 29.255316
425 5.203069 29.252743
426 5.202330 29.250178
427 5.201595 29.247622
428 5.200863 29.245074
429 5.200135 29.242536
430 5.199411 29.240005
431 5.198690 29.237483
432 5.197973 29.234970
433 5.197259 29.232465
434 5.196548 29.229969
435 5.195841 29.227481
436 5.195138 29.225002
437 5.194438 29.222531
438 5.193742 29.220068
439 5.193048 29.217613
440 5.192359 29.215167
441 5.191672 29.212729
442 5.190989 29.210299
443 5.190310 29.207878
444 5.189634 29.205465
445 5.188961 29.203059
446 5.188291 29.200662
447 5.187625 29.198273
448 5.186962 29.195892
449 5.186302 29.193519
450 5.185645 29.191155
451 5.184992 29.188798
452 5.184342 29.186449
453 5.183695 29.184108
454 5.183051 29.181775
455 5.182411 29.179449
456 5.181773 29.177132
457 5.181139 29.174822
458 5.180508 29.172521
459 5.179880 29.170227
460 5.179255 29.167940
461 5.178633 29.165662
462 5.178014 29.163391
463 5.177398 29.161128
464 5.176785 29.158872
465 5.176175 29.156624
466 5.175568 29.154384
467 5.174965 29.152151
468 5.174364 29.149926
469 5.173766 29.147708
470 5.173171 29.145498
471 5.172579 29.143295
472 5.171990 29.141100
473 5.171403 29.138912
474 5.170820 29.136731
475 5.170239 29.134558
476 5.169662 29.132392
477 5.169087 29.130233
478 5.168515 29.128082
479 5.167946 29.125938
480 5.167379 29.123801
481 5.166816 29.121672
482 5.166255 29.119549
483 5.165697 29.117434
484 5.165141 29.115326
485 5.164589 29.113225
486 5.164039 29.111131
487 5.163492 29.109044
488 5.162947 29.106964
489 5.162405 29.104892
490 5.161866 29.102826
491 5.161329 29.100767
492 5.160796 29.098715
493 5.160264 29.096670
494 5.159736 29.094632
495 5.159210 29.092601
496 5.158686 29.090577
497 5.158165 29.088559
498 5.157647 29.086549
499 5.157131 29.084545
500 5.156618 29.082548
