0 0.291179 4.280000
1 0.290375 4.275778
2 0.289584 4.271604
3 0.288807 4.267479
4 0.288043 4.263401
5 0.287291 4.259370
6 0.286552 4.255386
7 0.285826 4.251448
8 0.285111 4.247555
9 0.284409 4.243707
10 0.283718 4.239904
11 0.283039 4.236144
12 0.282372 4.232428
13 0.281715 4.228755
14 0.281070 4.225124
15 0.280435 4.221535
16 0.279811 4.217987
17 0.279198 4.214481
18 0.278594 4.211015
19 0.278001 4.207589
20 0.277418 4.204202
21 0.276845 4.200855
22 0.276281 4.197546
23 0.275727 4.194275
24 0.275181 4.191042
25 0.274646 4.187847
26 0.274119 4.184688
27 0.273601 4.181566
28 0.273091 4.178480
29 0.272590 4.175429
30 0.272098 4.172414
31 0.271614 4.169433
32 0.271138 4.166487
33 0.270669 4.163575
34 0.270209 4.160696
35 0.269757 4.157851
36 0.269312 4.155038
37 0.268874 4.152258
38 0.268444 4.149511
39 0.268021 4.146794
40 0.267605 4.144109
41 0.267196 4.141456
42 0.266794 4.138832
43 0.266399 4.136239
44 0.266010 4.133676
45 0.265628 4.131143
46 0.265253 4.128639
47 0.264883 4.126163
48 0.264520 4.123717
49 0.264163 4.121298
50 0.263812 4.118908
51 0.263466 4.116545
52 0.263127 4.114209
53 0.262793 4.111900
54 0.262465 4.109618
55 0.262142 4.107362
56 0.261825 4.105133
57 0.261513 4.102929
58 0.261206 4.100750
59 0.260905 4.098597
60 0.260608 4.096468
61 0.260316 4.094364
62 0.260030 4.092284
63 0.259748 4.090229
64 0.259471 4.088197
65 0.259198 4.086188
66 0.258930 4.084203
67 0.258667 4.082240
68 0.258408 4.080301
69 0.258153 4.078383
70 0.257903 4.076488
71 0.257657 4.074615
72 0.257415 4.072763
73 0.257176 4.070932
74 0.256942 4.069123
75 0.256712 4.067335
76 0.256486 4.065567
77 0.256264 4.063820
78 0.256045 4.062093
79 0.255830 4.060385
80 0.255618 4.058698
81 0.255410 4.057030
82 0.255206 4.055381
83 0.255005 4.053751
84 0.254807 4.052140
85 0.254613 4.050548
86 0.254422 4.048974
87 0.254234 4.047418
88 0.254049 4.045880
89 0.253868 4.044360
90 0.253689 4.042858
91 0.253514 4.041373
92 0.253341 4.039904
93 0.253171 4.038453
94 0.253005 4.037019
95 0.252840 4.035601
96 0.252679 4.034200
97 0.252520 4.032814
98 0.252364 4.031445
99 0.252211 4.030092
100 0.252060 4.028754
101 0.251912 4.027431
102 0.251766 4.026124
103 0.251623 4.024832
104 0.251482 4.023555
105 0.251344 4.022293
106 0.251207 4.021045
107 0.251073 4.019811
108 0.250942 4.018592
109 0.250812 4.017387
110 0.250685 4.016196
111 0.250560 4.015018
112 0.250436 4.013854
113 0.250315 4.012704
114 0.250196 4.011567
115 0.250079 4.010443
116 0.249964 4.009332
117 0.249851 4.008233
118 0.249740 4.007148
119 0.249631 4.006075
120 0.249523 4.005014
121 0.249417 4.003966
122 0.249314 4.002929
123 0.249211 4.001905
124 0.249111 4.000892
125 0.249012 3.999892
126 0.248915 3.998902
127 0.248819 3.997924
128 0.248725 3.996958
129 0.248633 3.996002
130 0.248542 3.995058
131 0.248453 3.994125
132 0.248365 3.993202
133 0.248279 3.992290
134 0.248194 3.991388
135 0.248111 3.990497
136 0.248029 3.989616
137 0.247948 3.988745
138 0.247869 3.987885
139 0.247791 3.987034
140 0.247714 3.986193
141 0.247639 3.985362
142 0.247564 3.984540
143 0.247492 3.983728
144 0.247420 3.982926
145 0.247349 3.982132
146 0.247280 3.981348
147 0.247212 3.980573
148 0.247145 3.979806
149 0.247079 3.979049
150 0.247015 3.978300
151 0.246951 3.977560
152 0.246888 3.976828
153 0.246827 3.976105
154 0.246766 3.975391
155 0.246707 3.974684
156 0.246648 3.973986
157 0.246591 3.973296
158 0.246534 3.972613
159 0.246479 3.971939
160 0.246424 3.971272
161 0.246370 3.970613
162 0.246317 3.969962
163 0.246265 3.969318
164 0.246214 3.968682
165 0.246164 3.968052
166 0.246115 3.967431
167 0.246066 3.966816
168 0.246018 3.966209
169 0.245971 3.965608
170 0.245925 3.965014
171 0.245880 3.964428
172 0.245835 3.963848
173 0.245791 3.963274
174 0.245748 3.962708
175 0.245706 3.962148
176 0.245664 3.961594
177 0.245623 3.961047
178 0.245583 3.960506
179 0.245543 3.959971
180 0.245504 3.959443
181 0.245466 3.958920
182 0.245428 3.958404
183 0.245391 3.957893
184 0.245354 3.957389
185 0.245319 3.956890
186 0.245283 3.956397
187 0.245249 3.955910
188 0.245215 3.955428
189 0.245181 3.954952
190 0.245148 3.954481
191 0.245116 3.954016
192 0.245084 3.953557
193 0.245053 3.953102
194 0.245022 3.952653
195 0.244992 3.952209
196 0.244962 3.951770
197 0.244933 3.951336
198 0.244904 3.950907
199 0.244876 3.950483
200 0.244848 3.950064
201 0.244821 3.949650
202 0.244794 3.949241
203 0.244767 3.948836
204 0.244741 3.948436
205 0.244716 3.948041
206 0.244691 3.947650
207 0.244666 3.947263
208 0.244642 3.946882
209 0.244618 3.946504
210 0.244594 3.946131
211 0.244571 3.945762
212 0.244548 3.945398
213 0.244526 3.945037
214 0.244504 3.944681
215 0.244483 3.944329
216 0.244461 3.943981
217 0.244441 3.943637
218 0.244420 3.943297
219 0.244400 3.942961
220 0.244380 3.942629
221 0.244361 3.942301
222 0.244341 3.941976
223 0.244323 3.941655
224 0.244304 3.941338
225 0.244286 3.941025
226 0.244268 3.940715
227 0.244250 3.940409
228 0.244233 3.940106
229 0.244216 3.939807
230 0.244199 3.939511
231 0.244183 3.939218
232 0.244167 3.938929
233 0.244151 3.938644
234 0.244135 3.938361
235 0.244120 3.938082
236 0.244105 3.937806
237 0.244090 3.937534
238 0.244075 3.937264
239 0.244061 3.936998
240 0.244047 3.936734
241 0.244033 3.936474
242 0.244019 3.936217
243 0.244006 3.935962
244 0.243992 3.935711
245 0.243979 3.935462
246 0.243967 3.935217
247 0.243954 3.934974
248 0.243942 3.934734
249 0.243929 3.934497
250 0.243918 3.934262
251 0.243906 3.934030
252 0.243894 3.933801
253 0.243883 3.933575
254 0.243872 3.933351
255 0.243861 3.933130
256 0.243850 3.932911
257 0.243839 3.932695
258 0.243829 3.932481
259 0.243819 3.932270
260 0.243809 3.932061
261 0.243799 3.931855
262 0.243789 3.931651
263 0.243779 3.931449
264 0.243770 3.931250
265 0.243761 3.931053
266 0.243752 3.930858
267 0.243743 3.930665
268 0.243734 3.930475
269 0.243725 3.930287
270 0.243717 3.930101
271 0.243708 3.929917
272 0.243700 3.929736
273 0.243692 3.929556
274 0.243684 3.929379
275 0.243676 3.929203
276 0.243669 3.929030
277 0.243661 3.928859
278 0.243654 3.928689
279 0.243646 3.928522
280 0.243639 3.928356
281 0.243632 3.928192
282 0.243625 3.928031
283 0.243618 3.927871
284 0.243611 3.927713
285 0.243605 3.927557
286 0.243598 3.927402
287 0.243592 3.927250
288 0.243586 3.927099
289 0.243580 3.926950
290 0.243573 3.926802
291 0.243567 3.926657
292 0.243562 3.926513
293 0.243556 3.926370
294 0.243550 3.926230
295 0.243545 3.926090
296 0.243539 3.925953
297 0.243534 3.925817
298 0.243528 3.925683
299 0.243523 3.925550
300 0.243518 3.925419
301 0.243513 3.925289
302 0.243508 3.925161
303 0.243503 3.925034
304 0.243498 3.924909
305 0.243494 3.924785
306 0.243489 3.924663
307 0.243485 3.924542
308 0.243480 3.924422
309 0.243476 3.924304
310 0.243471 3.924187
311 0.243467 3.924071
312 0.243463 3.923957
313 0.243459 3.923844
314 0.243455 3.923733
315 0.243451 3.923623
316 0.243447 3.923514
317 0.243443 3.923406
318 0.243439 3.923299
319 0.243435 3.923194
320 0.243432 3.923090
321 0.243428 3.922987
322 0.243425 3.922886
323 0.243421 3.922785
324 0.243418 3.922686
325 0.243414 3.922588
326 0.243411 3.922491
327 0.243408 3.922395
328 0.243405 3.922300
329 0.243402 3.922206
330 0.243398 3.922114
331 0.243395 3.922022
332 0.243392 3.921931
333 0.243390 3.921842
334 0.243387 3.921754
335 0.243384 3.921666
336 0.243381 3.921580
337 0.243378 3.921494
338 0.243376 3.921410
339 0.243373 3.921326
340 0.243370 3.921244
341 0.243368 3.921162
342 0.243365 3.921082
343 0.243363 3.921002
344 0.243360 3.920923
345 0.243358 3.920846
346 0.243356 3.920769
347 0.243353 3.920693
348 0.243351 3.920617
349 0.243349 3.920543
350 0.243347 3.920470
351 0.243344 3.920397
352 0.243342 3.920325
353 0.243340 3.920254
354 0.243338 3.920184
355 0.243336 3.920115
356 0.243334 3.920046
357 0.243332 3.919979
358 0.243330 3.919912
359 0.243328 3.919846
360 0.243326 3.919780
361 0.243325 3.919716
362 0.243323 3.919652
363 0.243321 3.919589
364 0.243319 3.919526
365 0.243318 3.919464
366 0.243316 3.919403
367 0.243314 3.919343
368 0.243313 3.919284
369 0.243311 3.919225
370 0.243310 3.919166
371 0.243308 3.919109
372 0.243306 3.919052
373 0.243305 3.918996
374 0.243304 3.918940
375 0.243302 3.918885
376 0.243301 3.918831
377 0.243299 3.918777
378 0.243298 3.918724
379 0.243297 3.918672
380 0.243295 3.918620
381 0.243294 3.918569
382 0.243293 3.918518
383 0.243291 3.918468
384 0.243290 3.918418
385 0.243289 3.918370
386 0.243288 3.918321
387 0.243287 3.918273
388 0.243285 3.918226
389 0.243284 3.918179
390 0.243283 3.918133
391 0.243282 3.918088
392 0.243281 3.918043
393 0.243280 3.917998
394 0.243279 3.917954
395 0.243278 3.917910
396 0.243277 3.917867
397 0.243276 3.917825
398 0.243275 3.917783
399 0.243274 3.917741
400 0.243273 3.917700
401 0.243272 3.917659
402 0.243271 3.917619
403 0.243270 3.917579
404 0.243269 3.917540
405 0.243268 3.917501
406 0.243268 3.917463
407 0.243267 3.917425
408 0.243266 3.917388
409 0.243265 3.917351
410 0.243264 3.917314
411 0.243264 3.917278
412 0.243263 3.917242
413 0.243262 3.917207
414 0.243261 3.917172
415 0.243260 3.917137
416 0.243260 3.917103
417 0.243259 3.917070
418 0.243258 3.917036
419 0.243258 3.917003
420 0.243257 3.916971
421 0.243256 3.916938
422 0.243256 3.916907
423 0.243255 3.916875
424 0.243254 3.916844
425 0.243254 3.916813
426 0.243253 3.916783
427 0.243253 3.916753
428 0.243252 3.916723
429 0.243251 3.916694
430 0.243251 3.916665
431 0.243250 3.916636
432 0.243250 3.916608
433 0.243249 3.916580
434 0.243249 3.916552
435 0.243248 3.916525
436 0.243248 3.916498
437 0.243247 3.916471
438 0.243247 3.916444
439 0.243246 3.916418
440 0.243246 3.916392
441 0.243245 3.916367
442 0.243245 3.916342
443 0.243244 3.916317
444 0.243244 3.916292
445 0.243243 3.916268
446 0.243243 3.916244
447 0.243243 3.916220
448 0.243242 3.916196
449 0.243242 3.916173
450 0.243241 3.916150
451 0.243241 3.916127
452 0.243240 3.916105
453 0.243240 3.916082
454 0.243240 3.916061
455 0.243239 3.916039
456 0.243239 3.916017
457 0.243239 3.915996
458 0.243238 3.915975
459 0.243238 3.915954
460 0.243238 3.915934
461 0.243237 3.915914
462 0.243237 3.915894
463 0.243237 3.915874
464 0.243236 3.915854
465 0.243236 3.915835
466 0.243236 3.915816
467 0.243235 3.915797
468 0.243235 3.915778
469 0.243235 3.915760
470 0.243234 3.915742
471 0.243234 3.915724
472 0.243234 3.915706
473 0.243234 3.915688
474 0.243233 3.915671
475 0.243233 3.915654
476 0.243233 3.915637
477 0.243233 3.915620
478 0.243232 3.915603
479 0.243232 3.915587
480 0.243232 3.915571
481 0.243232 3.915554
482 0.243231 3.915539
483 0.243231 3.915523
484 0.243231 3.915507
485 0.243231 3.915492
486 0.243230 3.915477
487 0.243230 3.915462
488 0.243230 3.915447
489 0.243230 3.915433
490 0.243230 3.915418
491 0.243229 3.915404
492 0.243229 3.915390
493 0.243229 3.915376
494 0.243229 3.915362
495 0.243229 3.915348
496 0.243228 3.915335
497 0.243228 3.915321
498 0.243228 3.915308
499 0.243228 3.915295
500 0.243228 3.915282
