0 0.388839 4.820000
1 0.387037 4.812008
2 0.385283 4.804162
3 0.383576 4.796461
4 0.381914 4.788902
5 0.380297 4.781481
6 0.378723 4.774197
7 0.377190 4.767047
8 0.375699 4.760029
9 0.374248 4.753139
10 0.372835 4.746376
11 0.371459 4.739738
12 0.370121 4.733222
13 0.368818 4.726825
14 0.367550 4.720546
15 0.366316 4.714383
16 0.365115 4.708333
17 0.363945 4.702394
18 0.362807 4.696564
19 0.361699 4.690842
20 0.360621 4.685225
21 0.359572 4.679711
22 0.358550 4.674298
23 0.357556 4.668985
24 0.356588 4.663770
25 0.355646 4.658651
26 0.354730 4.653626
27 0.353837 4.648693
28 0.352969 4.643851
29 0.352123 4.639098
30 0.351301 4.634432
31 0.350500 4.629852
32 0.349720 4.625357
33 0.348962 4.620944
34 0.348223 4.616612
35 0.347504 4.612360
36 0.346805 4.608186
37 0.346124 4.604089
38 0.345461 4.600067
39 0.344816 4.596119
40 0.344188 4.592244
41 0.343577 4.588440
42 0.342982 4.584705
43 0.342403 4.581040
44 0.341839 4.577442
45 0.341291 4.573910
46 0.340757 4.570443
47 0.340237 4.567040
48 0.339731 4.563700
49 0.339239 4.560421
50 0.338760 4.557202
51 0.338293 4.554042
52 0.337839 4.550941
53 0.337398 4.547896
54 0.336967 4.544908
55 0.336549 4.541974
56 0.336141 4.539095
57 0.335745 4.536268
58 0.335359 4.533493
59 0.334983 4.530770
60 0.334617 4.528096
61 0.334262 4.525472
62 0.333915 4.522896
63 0.333578 4.520367
64 0.333250 4.517885
65 0.332930 4.515448
66 0.332619 4.513056
67 0.332317 4.510708
68 0.332022 4.508404
69 0.331735 4.506142
70 0.331456 4.503921
71 0.331185 4.501741
72 0.330920 4.499601
73 0.330663 4.497501
74 0.330413 4.495439
75 0.330169 4.493415
76 0.329931 4.491429
77 0.329700 4.489479
78 0.329476 4.487564
79 0.329257 4.485685
80 0.329044 4.483841
81 0.328837 4.482030
82 0.328635 4.480253
83 0.328439 4.478509
84 0.328247 4.476796
85 0.328061 4.475115
86 0.327880 4.473465
87 0.327704 4.471845
88 0.327532 4.470255
89 0.327365 4.468695
90 0.327203 4.467162
91 0.327045 4.465659
92 0.326891 4.464182
93 0.326741 4.462733
94 0.326595 4.461311
95 0.326453 4.459915
96 0.326315 4.458544
97 0.326180 4.457199
98 0.326049 4.455878
99 0.325922 4.454582
100 0.325798 4.453309
101 0.325677 4.452060
102 0.325560 4.450834
103 0.325445 4.449631
104 0.325334 4.448449
105 0.325226 4.447289
106 0.325120 4.446151
107 0.325018 4.445034
108 0.324918 4.443937
109 0.324821 4.442860
110 0.324726 4.441803
111 0.324634 4.440765
112 0.324544 4.439747
113 0.324457 4.438747
114 0.324372 4.437766
115 0.324289 4.436803
116 0.324209 4.435857
117 0.324130 4.434929
118 0.324054 4.434018
119 0.323980 4.433124
120 0.323908 4.432246
121 0.323837 4.431384
122 0.323769 4.430538
123 0.323702 4.429708
124 0.323638 4.428893
125 0.323574 4.428093
126 0.323513 4.427307
127 0.323453 4.426536
128 0.323395 4.425780
129 0.323338 4.425037
130 0.323283 4.424308
131 0.323230 4.423592
132 0.323177 4.422889
133 0.323127 4.422199
134 0.323077 4.421522
135 0.323029 4.420858
136 0.322982 4.420206
137 0.322936 4.419565
138 0.322892 4.418937
139 0.322849 4.418320
140 0.322807 4.417714
141 0.322766 4.417119
142 0.322726 4.416536
143 0.322687 4.415963
144 0.322649 4.415401
145 0.322613 4.414849
146 0.322577 4.414307
147 0.322542 4.413775
148 0.322508 4.413253
149 0.322475 4.412741
150 0.322443 4.412237
151 0.322412 4.411744
152 0.322382 4.411259
153 0.322352 4.410783
154 0.322323 4.410316
155 0.322295 4.409858
156 0.322268 4.409408
157 0.322241 4.408966
158 0.322215 4.408532
159 0.322190 4.408106
160 0.322166 4.407689
161 0.322142 4.407278
162 0.322119 4.406876
163 0.322096 4.406481
164 0.322074 4.406093
165 0.322053 4.405712
166 0.322032 4.405338
167 0.322012 4.404971
168 0.321992 4.404611
169 0.321973 4.404257
170 0.321954 4.403910
171 0.321936 4.403570
172 0.321918 4.403235
173 0.321901 4.402907
174 0.321884 4.402585
175 0.321868 4.402268
176 0.321852 4.401958
177 0.321836 4.401653
178 0.321821 4.401354
179 0.321807 4.401060
180 0.321792 4.400772
181 0.321778 4.400489
182 0.321765 4.400211
183 0.321752 4.399939
184 0.321739 4.399671
185 0.321726 4.399408
186 0.321714 4.399150
187 0.321703 4.398897
188 0.321691 4.398649
189 0.321680 4.398405
190 0.321669 4.398165
191 0.321658 4.397930
192 0.321648 4.397700
193 0.321638 4.397473
194 0.321628 4.397251
195 0.321619 4.397033
196 0.321609 4.396819
197 0.321600 4.396608
198 0.321592 4.396402
199 0.321583 4.396199
200 0.321575 4.396000
201 0.321567 4.395805
202 0.321559 4.395614
203 0.321551 4.395425
204 0.321544 4.395241
205 0.321537 4.395060
206 0.321529 4.394882
207 0.321523 4.394707
208 0.321516 4.394536
209 0.321509 4.394367
210 0.321503 4.394202
211 0.321497 4.394040
212 0.321491 4.393881
213 0.321485 4.393725
214 0.321479 4.393571
215 0.321474 4.393421
216 0.321468 4.393273
217 0.321463 4.393128
218 0.321458 4.392985
219 0.321453 4.392846
220 0.321448 4.392708
221 0.321444 4.392574
222 0.321439 4.392442
223 0.321434 4.392312
224 0.321430 4.392184
225 0.321426 4.392059
226 0.321422 4.391937
227 0.321418 4.391816
228 0.321414 4.391698
229 0.321410 4.391582
230 0.321406 4.391468
231 0.321403 4.391356
232 0.321399 4.391246
233 0.321396 4.391138
234 0.321393 4.391033
235 0.321389 4.390929
236 0.321386 4.390827
237 0.321383 4.390727
238 0.321380 4.390628
239 0.321377 4.390532
240 0.321374 4.390437
241 0.321372 4.390344
242 0.321369 4.390253
243 0.321366 4.390164
244 0.321364 4.390076
245 0.321361 4.389990
246 0.321359 4.389905
247 0.321357 4.389822
248 0.321354 4.389740
249 0.321352 4.389660
250 0.321350 4.389581
251 0.321348 4.389504
252 0.321346 4.389428
253 0.321344 4.389354
254 0.321342 4.389281
255 0.321340 4.389209
256 0.321338 4.389139
257 0.321337 4.389070
258 0.321335 4.389002
259 0.321333 4.388936
260 0.321332 4.388870
261 0.321330 4.388806
262 0.321328 4.388743
263 0.321327 4.388682
264 0.321325 4.388621
265 0.321324 4.388562
266 0.321323 4.388503
267 0.321321 4.388446
268 0.321320 4.388389
269 0.321319 4.388334
270 0.321317 4.388280
271 0.321316 4.388227
272 0.321315 4.388174
273 0.321314 4.388123
274 0.321313 4.388073
275 0.321312 4.388023
276 0.321311 4.387975
277 0.321309 4.387927
278 0.321308 4.387880
279 0.321307 4.387835
280 0.321307 4.387790
281 0.321306 4.387745
282 0.321305 4.387702
283 0.321304 4.387659
284 0.321303 4.387617
285 0.321302 4.387576
286 0.321301 4.387536
287 0.321301 4.387497
288 0.321300 4.387458
289 0.321299 4.387420
290 0.321298 4.387382
291 0.321298 4.387345
292 0.321297 4.387309
293 0.321296 4.387274
294 0.321296 4.387239
295 0.321295 4.387205
296 0.321294 4.387172
297 0.321294 4.387139
298 0.321293 4.387107
299 0.321293 4.387075
300 0.321292 4.387044
301 0.321291 4.387013
302 0.321291 4.386983
303 0.321290 4.386954
304 0.321290 4.386925
305 0.321289 4.386897
306 0.321289 4.386869
307 0.321288 4.386842
308 0.321288 4.386815
309 0.321288 4.386789
310 0.321287 4.386763
311 0.321287 4.386737
312 0.321286 4.386712
313 0.321286 4.386688
314 0.321286 4.386664
315 0.321285 4.386641
316 0.321285 4.386617
317 0.321284 4.386595
318 0.321284 4.386573
319 0.321284 4.386551
320 0.321283 4.386529
321 0.321283 4.386508
322 0.321283 4.386488
323 0.321283 4.386467
324 0.321282 4.386447
325 0.321282 4.386428
326 0.321282 4.386409
327 0.321281 4.386390
328 0.321281 4.386371
329 0.321281 4.386353
330 0.321281 4.386335
331 0.321280 4.386318
332 0.321280 4.386301
333 0.321280 4.386284
334 0.321280 4.386267
335 0.321280 4.386251
336 0.321279 4.386235
337 0.321279 4.386220
338 0.321279 4.386204
339 0.321279 4.386189
340 0.321279 4.386174
341 0.321278 4.386160
342 0.321278 4.386146
343 0.321278 4.386132
344 0.321278 4.386118
345 0.321278 4.386104
346 0.321277 4.386091
347 0.321277 4.386078
348 0.321277 4.386065
349 0.321277 4.386053
350 0.321277 4.386041
351 0.321277 4.386028
352 0.321277 4.386017
353 0.321276 4.386005
354 0.321276 4.385994
355 0.321276 4.385982
356 0.321276 4.385971
357 0.321276 4.385961
358 0.321276 4.385950
359 0.321276 4.385940
360 0.321276 4.385929
361 0.321276 4.385919
362 0.321275 4.385910
363 0.321275 4.385900
364 0.321275 4.385890
365 0.321275 4.385881
366 0.321275 4.385872
367 0.321275 4.385863
368 0.321275 4.385854
369 0.321275 4.385846
370 0.321275 4.385837
371 0.321275 4.385829
372 0.321275 4.385821
373 0.321274 4.385813
374 0.321274 4.385805
375 0.321274 4.385797
376 0.321274 4.385789
377 0.321274 4.385782
378 0.321274 4.385775
379 0.321274 4.385768
380 0.321274 4.385761
381 0.321274 4.385754
382 0.321274 4.385747
383 0.321274 4.385740
384 0.321274 4.385734
385 0.321274 4.385727
386 0.321274 4.385721
387 0.321274 4.385715
388 0.321274 4.385709
389 0.321273 4.385703
390 0.321273 4.385697
391 0.321273 4.385691
392 0.321273 4.385685
393 0.321273 4.385680
394 0.321273 4.385675
395 0.321273 4.385669
396 0.321273 4.385664
397 0.321273 4.385659
398 0.321273 4.385654
399 0.321273 4.385649
400 0.321273 4.385644
401 0.321273 4.385639
402 0.321273 4.385635
403 0.321273 4.385630
404 0.321273 4.385625
405 0.321273 4.385621
406 0.321273 4.385617
407 0.321273 4.385612
408 0.321273 4.385608
409 0.321273 4.385604
410 0.321273 4.385600
411 0.321273 4.385596
412 0.321273 4.385592
413 0.321273 4.385588
414 0.321273 4.385585
415 0.321273 4.385581
416 0.321273 4.385577
417 0.321273 4.385574
418 0.321272 4.385570
419 0.321272 4.385567
420 0.321272 4.385564
421 0.321272 4.385560
422 0.321272 4.385557
423 0.321272 4.385554
424 0.321272 4.385551
425 0.321272 4.385548
426 0.321272 4.385545
427 0.321272 4.385542
428 0.321272 4.385539
429 0.321272 4.385536
430 0.321272 4.385533
431 0.321272 4.385531
432 0.321272 4.385528
433 0.321272 4.385525
434 0.321272 4.385523
435 0.321272 4.385520
436 0.321272 4.385518
437 0.321272 4.385515
438 0.321272 4.385513
439 0.321272 4.385510
440 0.321272 4.385508
441 0.321272 4.385506
442 0.321272 4.385504
443 0.321272 4.385501
444 0.321272 4.385499
445 0.321272 4.385497
446 0.321272 4.385495
447 0.321272 4.385493
448 0.321272 4.385491
449 0.321272 4.385489
450 0.321272 4.385487
451 0.321272 4.385485
452 0.321272 4.385483
453 0.321272 4.385482
454 0.321272 4.385480
455 0.321272 4.385478
456 0.321272 4.385476
457 0.321272 4.385475
458 0.321272 4.385473
459 0.321272 4.385471
460 0.321272 4.385470
461 0.321272 4.385468
462 0.321272 4.385467
463 0.321272 4.385465
464 0.321272 4.385464
465 0.321272 4.385462
466 0.321272 4.385461
467 0.321272 4.385459
468 0.321272 4.385458
469 0.321272 4.385457
470 0.321272 4.385455
471 0.321272 4.385454
472 0.321272 4.385453
473 0.321272 4.385452
474 0.321272 4.385450
475 0.321272 4.385449
476 0.321272 4.385448
477 0.321272 4.385447
478 0.321272 4.385446
479 0.321272 4.385445
480 0.321272 4.385443
481 0.321272 4.385442
482 0.321272 4.385441
483 0.321272 4.385440
484 0.321272 4.385439
485 0.321272 4.385438
486 0.321272 4.385437
487 0.321272 4.385436
488 0.321272 4.385435
489 0.321272 4.385434
490 0.321272 4.385433
491 0.321272 4.385433
492 0.321272 4.385432
493 0.321272 4.385431
494 0.321272 4.385430
495 0.321272 4.385429
496 0.321272 4.385428
497 0.321272 4.385428
498 0.321272 4.385427
499 0.321272 4.385426
500 0.321272 4.385425
