0.00 0.272795 3.90
1.00 0.271794 3.90
2.00 0.270795 3.90
3.00 0.269797 3.90
4.00 0.268801 3.90
5.00 0.267807 3.90
6.00 0.266813 3.90
7.00 0.265829 3.89
8.00 0.264849 3.89
9.00 0.263872 3.89
10.00 0.262896 3.89
11.00 0.261921 3.89
12.00 0.260961 3.88
13.00 0.260012 3.88
14.00 0.259064 3.88
15.00 0.258121 3.87
16.00 0.257196 3.87
17.00 0.256271 3.87
18.00 0.255360 3.86
19.00 0.254458 3.85
20.00 0.253592 3.85
21.00 0.252726 3.85
22.00 0.251858 3.85
23.00 0.250988 3.85
24.00 0.250116 3.84
25.00 0.249244 3.84
26.00 0.248375 3.83
27.00 0.247507 3.83
28.00 0.246634 3.83
29.00 0.245755 3.83
30.00 0.244892 3.82
31.00 0.244044 3.81
32.00 0.243219 3.80
33.00 0.242417 3.79
34.00 0.241633 3.78
35.00 0.240863 3.78
36.00 0.240122 3.76
37.00 0.239401 3.76
38.00 0.238680 3.76
39.00 0.237959 3.76
40.00 0.237237 3.76
41.00 0.236512 3.76
42.00 0.235785 3.75
43.00 0.235090 3.75
44.00 0.234392 3.75
45.00 0.233726 3.73
46.00 0.233070 3.73
47.00 0.232413 3.73
48.00 0.231753 3.73
49.00 0.231098 3.72
50.00 0.230443 3.72
51.00 0.229787 3.71
52.00 0.229150 3.70
53.00 0.228522 3.70
54.00 0.227903 3.69
55.00 0.227303 3.68
56.00 0.226712 3.68
57.00 0.226137 3.66
58.00 0.225584 3.66
59.00 0.225036 3.66
60.00 0.224498 3.65
61.00 0.224027 3.62
62.00 0.223600 3.62
63.00 0.223184 3.62
64.00 0.222776 3.62
65.00 0.222374 3.62
66.00 0.221978 3.62
67.00 0.221586 3.62
68.00 0.221198 3.62
69.00 0.220820 3.61
70.00 0.220451 3.61
71.00 0.220086 3.61
72.00 0.219725 3.61
73.00 0.219366 3.61
74.00 0.219009 3.61
75.00 0.218653 3.61
76.00 0.218299 3.61
77.00 0.217946 3.61
78.00 0.217593 3.61
79.00 0.217241 3.61
80.00 0.216889 3.61
81.00 0.216539 3.60
82.00 0.216189 3.60
83.00 0.215840 3.60
84.00 0.215513 3.59
85.00 0.215203 3.57
86.00 0.214906 3.57
87.00 0.214613 3.57
88.00 0.214323 3.57
89.00 0.214037 3.57
90.00 0.213754 3.57
91.00 0.213472 3.57
92.00 0.213193 3.57
93.00 0.212916 3.57
94.00 0.212640 3.57
95.00 0.212365 3.57
96.00 0.212091 3.57
97.00 0.211817 3.57
98.00 0.211544 3.57
99.00 0.211272 3.57
100.00 0.210999 3.57
101.00 0.210727 3.57
102.00 0.210454 3.57
103.00 0.210181 3.57
104.00 0.209925 3.56
105.00 0.209687 3.55
106.00 0.209456 3.55
107.00 0.209228 3.55
108.00 0.209002 3.55
109.00 0.208778 3.55
110.00 0.208556 3.55
111.00 0.208334 3.55
112.00 0.208113 3.55
113.00 0.207893 3.55
114.00 0.207674 3.55
115.00 0.207454 3.55
116.00 0.207235 3.55
117.00 0.207015 3.55
118.00 0.206799 3.54
119.00 0.206602 3.54
120.00 0.206407 3.54
121.00 0.206222 3.53
122.00 0.206040 3.53
123.00 0.205860 3.53
124.00 0.205683 3.53
125.00 0.205507 3.53
126.00 0.205334 3.53
127.00 0.205161 3.53
128.00 0.204990 3.53
129.00 0.204820 3.53
130.00 0.204650 3.53
131.00 0.204481 3.53
132.00 0.204312 3.53
133.00 0.204144 3.53
134.00 0.203976 3.53
135.00 0.203807 3.53
136.00 0.203639 3.53
137.00 0.203470 3.53
138.00 0.203301 3.53
139.00 0.203132 3.53
140.00 0.202964 3.52
141.00 0.202798 3.52
142.00 0.202632 3.52
143.00 0.202466 3.52
144.00 0.202299 3.52
145.00 0.202132 3.52
146.00 0.201964 3.52
147.00 0.201796 3.52
148.00 0.201627 3.52
149.00 0.201457 3.52
150.00 0.201286 3.52
151.00 0.201114 3.52
152.00 0.200942 3.52
153.00 0.200768 3.52
154.00 0.200593 3.52
155.00 0.200417 3.52
156.00 0.200240 3.52
157.00 0.200062 3.52
158.00 0.199883 3.52
159.00 0.199705 3.51
160.00 0.199541 3.51
161.00 0.199378 3.51
162.00 0.199216 3.51
163.00 0.199054 3.51
164.00 0.198891 3.51
165.00 0.198729 3.51
166.00 0.198567 3.51
167.00 0.198405 3.51
168.00 0.198256 3.50
169.00 0.198115 3.50
170.00 0.197977 3.50
171.00 0.197844 3.49
172.00 0.197716 3.49
173.00 0.197601 3.48
174.00 0.197494 3.48
175.00 0.197389 3.48
176.00 0.197288 3.48
177.00 0.197188 3.48
178.00 0.197092 3.48
179.00 0.196997 3.48
180.00 0.196904 3.48
181.00 0.196814 3.48
182.00 0.196725 3.48
183.00 0.196637 3.48
184.00 0.196551 3.48
185.00 0.196467 3.48
186.00 0.196383 3.48
187.00 0.196301 3.48
188.00 0.196220 3.48
189.00 0.196140 3.48
190.00 0.196061 3.48
191.00 0.195983 3.48
192.00 0.195905 3.48
193.00 0.195828 3.48
194.00 0.195752 3.48
195.00 0.195677 3.48
196.00 0.195602 3.48
197.00 0.195527 3.48
198.00 0.195453 3.48
199.00 0.195379 3.48
200.00 0.195306 3.48
201.00 0.195233 3.47
202.00 0.195169 3.47
203.00 0.195106 3.47
204.00 0.195044 3.47
205.00 0.194984 3.47
206.00 0.194924 3.47
207.00 0.194866 3.47
208.00 0.194808 3.47
209.00 0.194752 3.47
210.00 0.194696 3.47
211.00 0.194641 3.47
212.00 0.194586 3.47
213.00 0.194532 3.47
214.00 0.194479 3.47
215.00 0.194427 3.47
216.00 0.194375 3.47
217.00 0.194323 3.47
218.00 0.194272 3.47
219.00 0.194222 3.47
220.00 0.194172 3.47
221.00 0.194122 3.47
222.00 0.194073 3.47
223.00 0.194025 3.47
224.00 0.193976 3.47
225.00 0.193928 3.47
226.00 0.193881 3.47
227.00 0.193834 3.47
228.00 0.193787 3.47
229.00 0.193740 3.47
230.00 0.193694 3.47
231.00 0.193648 3.47
232.00 0.193602 3.47
233.00 0.193557 3.47
234.00 0.193512 3.47
235.00 0.193467 3.47
236.00 0.193422 3.47
237.00 0.193378 3.47
238.00 0.193334 3.47
239.00 0.193290 3.47
240.00 0.193246 3.47
241.00 0.193202 3.47
242.00 0.193159 3.47
243.00 0.193116 3.47
244.00 0.193073 3.47
245.00 0.193030 3.47
246.00 0.192988 3.47
247.00 0.192945 3.47
248.00 0.192903 3.47
249.00 0.192861 3.47
250.00 0.192819 3.47
251.00 0.192777 3.47
252.00 0.192735 3.47
253.00 0.192694 3.47
254.00 0.192652 3.47
255.00 0.192611 3.47
256.00 0.192570 3.47
257.00 0.192529 3.47
258.00 0.192488 3.47
259.00 0.192447 3.47
260.00 0.192406 3.47
261.00 0.192365 3.46
262.00 0.192328 3.46
263.00 0.192292 3.46
264.00 0.192256 3.46
265.00 0.192221 3.46
266.00 0.192187 3.46
267.00 0.192153 3.46
268.00 0.192120 3.46
269.00 0.192087 3.46
270.00 0.192055 3.46
271.00 0.192023 3.46
272.00 0.191992 3.46
273.00 0.191962 3.46
274.00 0.191932 3.46
275.00 0.191902 3.46
276.00 0.191873 3.46
277.00 0.191844 3.46
278.00 0.191816 3.46
279.00 0.191788 3.46
280.00 0.191760 3.46
281.00 0.191733 3.46
282.00 0.191707 3.45
283.00 0.191687 3.45
284.00 0.191668 3.45
285.00 0.191650 3.45
286.00 0.191633 3.45
287.00 0.191616 3.45
288.00 0.191600 3.45
289.00 0.191585 3.45
290.00 0.191570 3.45
291.00 0.191555 3.45
292.00 0.191542 3.45
293.00 0.191528 3.45
294.00 0.191516 3.45
295.00 0.191503 3.45
296.00 0.191491 3.45
297.00 0.191480 3.45
298.00 0.191468 3.45
299.00 0.191458 3.45
300.00 0.191447 3.45
301.00 0.191437 3.45
302.00 0.191427 3.45
303.00 0.191418 3.45
304.00 0.191409 3.45
305.00 0.191400 3.45
306.00 0.191391 3.45
307.00 0.191383 3.45
308.00 0.191375 3.45
309.00 0.191367 3.45
310.00 0.191359 3.45
311.00 0.191352 3.45
312.00 0.191345 3.45
313.00 0.191338 3.45
314.00 0.191331 3.45
315.00 0.191325 3.45
316.00 0.191318 3.45
317.00 0.191312 3.45
318.00 0.191306 3.45
319.00 0.191301 3.45
320.00 0.191295 3.45
321.00 0.191290 3.45
322.00 0.191284 3.45
323.00 0.191279 3.45
324.00 0.191274 3.45
325.00 0.191269 3.45
326.00 0.191265 3.45
327.00 0.191260 3.45
328.00 0.191256 3.45
329.00 0.191252 3.45
330.00 0.191247 3.45
331.00 0.191243 3.45
332.00 0.191240 3.45
333.00 0.191236 3.45
334.00 0.191232 3.45
335.00 0.191228 3.45
336.00 0.191225 3.45
337.00 0.191222 3.45
338.00 0.191218 3.45
339.00 0.191215 3.45
340.00 0.191212 3.45
341.00 0.191209 3.45
342.00 0.191206 3.45
343.00 0.191203 3.45
344.00 0.191201 3.45
345.00 0.191198 3.45
346.00 0.191195 3.45
347.00 0.191193 3.45
348.00 0.191190 3.45
349.00 0.191188 3.45
350.00 0.191186 3.45
351.00 0.191183 3.45
352.00 0.191181 3.45
353.00 0.191179 3.45
354.00 0.191177 3.45
355.00 0.191175 3.45
356.00 0.191173 3.45
357.00 0.191171 3.45
358.00 0.191169 3.45
359.00 0.191167 3.45
360.00 0.191166 3.45
361.00 0.191164 3.45
362.00 0.191162 3.45
363.00 0.191161 3.45
364.00 0.191159 3.45
365.00 0.191158 3.45
366.00 0.191156 3.45
367.00 0.191155 3.45
368.00 0.191153 3.45
369.00 0.191152 3.45
370.00 0.191151 3.45
371.00 0.191149 3.45
372.00 0.191148 3.45
373.00 0.191147 3.45
374.00 0.191146 3.45
375.00 0.191145 3.45
376.00 0.191143 3.45
377.00 0.191142 3.45
378.00 0.191141 3.45
379.00 0.191140 3.45
380.00 0.191139 3.45
381.00 0.191138 3.45
382.00 0.191137 3.45
383.00 0.191136 3.45
384.00 0.191136 3.45
385.00 0.191135 3.45
386.00 0.191134 3.45
387.00 0.191133 3.45
388.00 0.191132 3.45
389.00 0.191131 3.45
390.00 0.191131 3.45
391.00 0.191130 3.45
392.00 0.191129 3.45
393.00 0.191129 3.45
394.00 0.191128 3.45
395.00 0.191127 3.45
396.00 0.191127 3.45
397.00 0.191126 3.45
398.00 0.191125 3.45
399.00 0.191125 3.45
400.00 0.191124 3.45
401.00 0.191124 3.45
402.00 0.191123 3.45
403.00 0.191123 3.45
404.00 0.191122 3.45
405.00 0.191122 3.45
406.00 0.191121 3.45
407.00 0.191121 3.45
408.00 0.191120 3.45
409.00 0.191120 3.45
410.00 0.191119 3.45
411.00 0.191119 3.45
412.00 0.191118 3.45
413.00 0.191118 3.45
414.00 0.191118 3.45
415.00 0.191117 3.45
416.00 0.191117 3.45
417.00 0.191117 3.45
418.00 0.191116 3.45
419.00 0.191116 3.45
420.00 0.191116 3.45
421.00 0.191115 3.45
422.00 0.191115 3.45
423.00 0.191115 3.45
424.00 0.191114 3.45
425.00 0.191114 3.45
426.00 0.191114 3.45
427.00 0.191114 3.45
428.00 0.191113 3.45
429.00 0.191113 3.45
430.00 0.191113 3.45
431.00 0.191113 3.45
432.00 0.191112 3.45
433.00 0.191112 3.45
434.00 0.191112 3.45
435.00 0.191112 3.45
436.00 0.191111 3.45
437.00 0.191111 3.45
438.00 0.191111 3.45
439.00 0.191111 3.45
440.00 0.191111 3.45
441.00 0.191110 3.45
442.00 0.191110 3.45
443.00 0.191110 3.45
444.00 0.191110 3.45
445.00 0.191110 3.45
446.00 0.191110 3.45
447.00 0.191109 3.45
448.00 0.191109 3.45
449.00 0.191109 3.45
450.00 0.191109 3.45
451.00 0.191109 3.45
452.00 0.191109 3.45
453.00 0.191109 3.45
454.00 0.191108 3.45
455.00 0.191108 3.45
456.00 0.191108 3.45
457.00 0.191108 3.45
458.00 0.191108 3.45
459.00 0.191108 3.45
460.00 0.191108 3.45
461.00 0.191108 3.45
462.00 0.191108 3.45
463.00 0.191107 3.45
464.00 0.191107 3.45
465.00 0.191107 3.45
466.00 0.191107 3.45
467.00 0.191107 3.45
468.00 0.191107 3.45
469.00 0.191107 3.45
470.00 0.191107 3.45
471.00 0.191107 3.45
472.00 0.191107 3.45
473.00 0.191107 3.45
474.00 0.191106 3.45
475.00 0.191106 3.45
476.00 0.191106 3.45
477.00 0.191106 3.45
478.00 0.191106 3.45
479.00 0.191106 3.45
480.00 0.191106 3.45
481.00 0.191106 3.45
482.00 0.191106 3.45
483.00 0.191106 3.45
484.00 0.191106 3.45
485.00 0.191106 3.45
486.00 0.191106 3.45
487.00 0.191106 3.45
488.00 0.191106 3.45
489.00 0.191106 3.45
490.00 0.191106 3.45
491.00 0.191105 3.45
492.00 0.191105 3.45
493.00 0.191105 3.45
494.00 0.191105 3.45
495.00 0.191105 3.45
496.00 0.191105 3.45
497.00 0.191105 3.45
498.00 0.191105 3.45
499.00 0.191105 3.45
500.00 0.191105 3.45
501.00 0.191105 3.45
502.00 0.191105 3.45
503.00 0.191105 3.45
504.00 0.191105 3.45
505.00 0.191105 3.45
506.00 0.191105 3.45
507.00 0.191105 3.45
508.00 0.191105 3.45
509.00 0.191105 3.45
510.00 0.191105 3.45
511.00 0.191105 3.45
512.00 0.191105 3.45
513.00 0.191105 3.45
514.00 0.191105 3.45
515.00 0.191105 3.45
516.00 0.191105 3.45
517.00 0.191105 3.45
518.00 0.191105 3.45
519.00 0.191105 3.45
520.00 0.191105 3.45
521.00 0.191105 3.45
522.00 0.191105 3.45
523.00 0.191105 3.45
524.00 0.191104 3.45
525.00 0.191104 3.45
526.00 0.191104 3.45
527.00 0.191104 3.45
528.00 0.191104 3.45
529.00 0.191104 3.45
530.00 0.191104 3.45
531.00 0.191104 3.45
532.00 0.191104 3.45
533.00 0.191104 3.45
534.00 0.191104 3.45
535.00 0.191104 3.45
536.00 0.191104 3.45
537.00 0.191104 3.45
538.00 0.191104 3.45
539.00 0.191104 3.45
540.00 0.191104 3.45
541.00 0.191104 3.45
542.00 0.191104 3.45
543.00 0.191104 3.45
544.00 0.191104 3.45
545.00 0.191104 3.45
546.00 0.191104 3.45
547.00 0.191104 3.45
548.00 0.191104 3.45
549.00 0.191104 3.45
550.00 0.191104 3.45
551.00 0.191104 3.45
552.00 0.191104 3.45
553.00 0.191104 3.45
554.00 0.191104 3.45
555.00 0.191104 3.45
556.00 0.191104 3.45
557.00 0.191104 3.45
558.00 0.191104 3.45
559.00 0.191104 3.45
560.00 0.191104 3.45
561.00 0.191104 3.45
562.00 0.191104 3.45
563.00 0.191104 3.45
564.00 0.191104 3.45
565.00 0.191104 3.45
566.00 0.191104 3.45
567.00 0.191104 3.45
568.00 0.191104 3.45
569.00 0.191104 3.45
570.00 0.191104 3.45
571.00 0.191104 3.45
572.00 0.191104 3.45
573.00 0.191104 3.45
574.00 0.191104 3.45
575.00 0.191104 3.45
576.00 0.191104 3.45
577.00 0.191104 3.45
578.00 0.191104 3.45
579.00 0.191104 3.45
580.00 0.191104 3.45
581.00 0.191104 3.45
582.00 0.191104 3.45
583.00 0.191104 3.45
584.00 0.191104 3.45
585.00 0.191104 3.45
586.00 0.191104 3.45
587.00 0.191104 3.45
588.00 0.191104 3.45
589.00 0.191104 3.45
590.00 0.191104 3.45
591.00 0.191104 3.45
592.00 0.191104 3.45
593.00 0.191104 3.45
594.00 0.191104 3.45
595.00 0.191104 3.45
596.00 0.191104 3.45
597.00 0.191104 3.45
598.00 0.191104 3.45
599.00 0.191104 3.45
600.00 0.191104 3.45
601.00 0.191104 3.45
602.00 0.191104 3.45
603.00 0.191104 3.45
604.00 0.191104 3.45
605.00 0.191104 3.45
606.00 0.191104 3.45
607.00 0.191104 3.45
608.00 0.191104 3.45
609.00 0.191104 3.45
610.00 0.191104 3.45
611.00 0.191104 3.45
612.00 0.191104 3.45
613.00 0.191104 3.45
614.00 0.191104 3.45
615.00 0.191104 3.45
616.00 0.191104 3.45
617.00 0.191104 3.45
618.00 0.191104 3.45
619.00 0.191104 3.45
620.00 0.191104 3.45
621.00 0.191104 3.45
622.00 0.191104 3.45
623.00 0.191104 3.45
624.00 0.191104 3.45
625.00 0.191104 3.45
626.00 0.191104 3.45
627.00 0.191104 3.45
628.00 0.191104 3.45
629.00 0.191104 3.45
630.00 0.191104 3.45
631.00 0.191104 3.45
632.00 0.191104 3.45
633.00 0.191104 3.45
634.00 0.191104 3.45
635.00 0.191104 3.45
636.00 0.191104 3.45
637.00 0.191104 3.45
638.00 0.191104 3.45
639.00 0.191104 3.45
640.00 0.191104 3.45
641.00 0.191104 3.45
642.00 0.191104 3.45
643.00 0.191104 3.45
644.00 0.191104 3.45
645.00 0.191104 3.45
646.00 0.191104 3.45
647.00 0.191104 3.45
648.00 0.191104 3.45
649.00 0.191104 3.45
650.00 0.191104 3.45
651.00 0.191104 3.45
652.00 0.191104 3.45
653.00 0.191104 3.45
654.00 0.191104 3.45
655.00 0.191104 3.45
656.00 0.191104 3.45
657.00 0.191104 3.45
658.00 0.191104 3.45
659.00 0.191104 3.45
660.00 0.191104 3.45
661.00 0.191104 3.45
662.00 0.191104 3.45
663.00 0.191104 3.45
664.00 0.191104 3.45
665.00 0.191104 3.45
666.00 0.191104 3.45
667.00 0.191104 3.45
668.00 0.191104 3.45
669.00 0.191104 3.45
670.00 0.191104 3.45
671.00 0.191104 3.45
672.00 0.191104 3.45
673.00 0.191104 3.45
674.00 0.191104 3.45
675.00 0.191104 3.45
676.00 0.191104 3.45
677.00 0.191104 3.45
678.00 0.191104 3.45
679.00 0.191104 3.45
680.00 0.191104 3.45
681.00 0.191104 3.45
682.00 0.191104 3.45
683.00 0.191104 3.45
684.00 0.191104 3.45
685.00 0.191104 3.45
686.00 0.191104 3.45
687.00 0.191104 3.45
688.00 0.191104 3.45
689.00 0.191104 3.45
690.00 0.191104 3.45
691.00 0.191104 3.45
692.00 0.191104 3.45
693.00 0.191104 3.45
694.00 0.191104 3.45
695.00 0.191104 3.45
696.00 0.191104 3.45
697.00 0.191104 3.45
698.00 0.191104 3.45
699.00 0.191104 3.45
700.00 0.191104 3.45
701.00 0.191104 3.45
702.00 0.191104 3.45
703.00 0.191104 3.45
704.00 0.191104 3.45
705.00 0.191104 3.45
706.00 0.191104 3.45
707.00 0.191104 3.45
708.00 0.191104 3.45
709.00 0.191104 3.45
710.00 0.191104 3.45
711.00 0.191104 3.45
712.00 0.191104 3.45
713.00 0.191104 3.45
714.00 0.191104 3.45
715.00 0.191104 3.45
716.00 0.191104 3.45
717.00 0.191104 3.45
718.00 0.191104 3.45
719.00 0.191104 3.45
720.00 0.191104 3.45
721.00 0.191104 3.45
722.00 0.191104 3.45
723.00 0.191104 3.45
724.00 0.191104 3.45
725.00 0.191104 3.45
726.00 0.191104 3.45
727.00 0.191104 3.45
728.00 0.191104 3.45
729.00 0.191104 3.45
730.00 0.191104 3.45
731.00 0.191104 3.45
732.00 0.191104 3.45
733.00 0.191104 3.45
734.00 0.191104 3.45
735.00 0.191104 3.45
736.00 0.191104 3.45
737.00 0.191104 3.45
738.00 0.191104 3.45
739.00 0.191104 3.45
740.00 0.191104 3.45
741.00 0.191104 3.45
742.00 0.191104 3.45
743.00 0.191104 3.45
744.00 0.191104 3.45
745.00 0.191104 3.45
746.00 0.191104 3.45
747.00 0.191104 3.45
748.00 0.191104 3.45
749.00 0.191104 3.45
750.00 0.191104 3.45
751.00 0.191104 3.45
752.00 0.191104 3.45
753.00 0.191104 3.45
754.00 0.191104 3.45
755.00 0.191104 3.45
756.00 0.191104 3.45
757.00 0.191104 3.45
758.00 0.191104 3.45
759.00 0.191104 3.45
760.00 0.191104 3.45
761.00 0.191104 3.45
762.00 0.191104 3.45
763.00 0.191104 3.45
764.00 0.191104 3.45
765.00 0.191104 3.45
766.00 0.191104 3.45
767.00 0.191104 3.45
768.00 0.191104 3.45
769.00 0.191104 3.45
770.00 0.191104 3.45
771.00 0.191104 3.45
772.00 0.191104 3.45
773.00 0.191104 3.45
774.00 0.191104 3.45
775.00 0.191104 3.45
776.00 0.191104 3.45
777.00 0.191104 3.45
778.00 0.191104 3.45
779.00 0.191104 3.45
780.00 0.191104 3.45
781.00 0.191104 3.45
782.00 0.191104 3.45
783.00 0.191104 3.45
784.00 0.191104 3.45
785.00 0.191104 3.45
786.00 0.191104 3.45
787.00 0.191104 3.45
788.00 0.191104 3.45
789.00 0.191104 3.45
790.00 0.191104 3.45
791.00 0.191104 3.45
792.00 0.191104 3.45
793.00 0.191104 3.45
794.00 0.191104 3.45
795.00 0.191104 3.45
796.00 0.191104 3.45
797.00 0.191104 3.45
798.00 0.191104 3.45
799.00 0.191104 3.45
800.00 0.191104 3.45
801.00 0.191104 3.45
802.00 0.191104 3.45
803.00 0.191104 3.45
804.00 0.191104 3.45
805.00 0.191104 3.45
806.00 0.191104 3.45
807.00 0.191104 3.45
808.00 0.191104 3.45
809.00 0.191104 3.45
810.00 0.191104 3.45
811.00 0.191104 3.45
812.00 0.191104 3.45
813.00 0.191104 3.45
814.00 0.191104 3.45
815.00 0.191104 3.45
816.00 0.191104 3.45
817.00 0.191104 3.45
818.00 0.191104 3.45
819.00 0.191104 3.45
820.00 0.191104 3.45
821.00 0.191104 3.45
822.00 0.191104 3.45
823.00 0.191104 3.45
824.00 0.191104 3.45
825.00 0.191104 3.45
826.00 0.191104 3.45
827.00 0.191104 3.45
828.00 0.191104 3.45
829.00 0.191104 3.45
830.00 0.191104 3.45
831.00 0.191104 3.45
832.00 0.191104 3.45
833.00 0.191104 3.45
834.00 0.191104 3.45
835.00 0.191104 3.45
836.00 0.191104 3.45
837.00 0.191104 3.45
838.00 0.191104 3.45
839.00 0.191104 3.45
840.00 0.191104 3.45
841.00 0.191104 3.45
842.00 0.191104 3.45
843.00 0.191104 3.45
844.00 0.191104 3.45
845.00 0.191104 3.45
846.00 0.191104 3.45
847.00 0.191104 3.45
848.00 0.191104 3.45
849.00 0.191104 3.45
850.00 0.191104 3.45
851.00 0.191104 3.45
852.00 0.191104 3.45
853.00 0.191104 3.45
854.00 0.191104 3.45
855.00 0.191104 3.45
856.00 0.191104 3.45
857.00 0.191104 3.45
858.00 0.191104 3.45
859.00 0.191104 3.45
860.00 0.191104 3.45
861.00 0.191104 3.45
862.00 0.191104 3.45
863.00 0.191104 3.45
864.00 0.191104 3.45
865.00 0.191104 3.45
866.00 0.191104 3.45
867.00 0.191104 3.45
868.00 0.191104 3.45
869.00 0.191104 3.45
870.00 0.191104 3.45
871.00 0.191104 3.45
872.00 0.191104 3.45
873.00 0.191104 3.45
874.00 0.191104 3.45
875.00 0.191104 3.45
876.00 0.191104 3.45
877.00 0.191104 3.45
878.00 0.191104 3.45
879.00 0.191104 3.45
880.00 0.191104 3.45
881.00 0.191104 3.45
882.00 0.191104 3.45
883.00 0.191104 3.45
884.00 0.191104 3.45
885.00 0.191104 3.45
886.00 0.191104 3.45
887.00 0.191104 3.45
888.00 0.191104 3.45
889.00 0.191104 3.45
890.00 0.191104 3.45
891.00 0.191104 3.45
892.00 0.191104 3.45
893.00 0.191104 3.45
894.00 0.191104 3.45
895.00 0.191104 3.45
896.00 0.191104 3.45
897.00 0.191104 3.45
898.00 0.191104 3.45
899.00 0.191104 3.45
900.00 0.191104 3.45
901.00 0.191104 3.45
902.00 0.191104 3.45
903.00 0.191104 3.45
904.00 0.191104 3.45
905.00 0.191104 3.45
906.00 0.191104 3.45
907.00 0.191104 3.45
908.00 0.191104 3.45
909.00 0.191104 3.45
910.00 0.191104 3.45
911.00 0.191104 3.45
912.00 0.191104 3.45
913.00 0.191104 3.45
914.00 0.191104 3.45
915.00 0.191104 3.45
916.00 0.191104 3.45
917.00 0.191104 3.45
918.00 0.191104 3.45
919.00 0.191104 3.45
920.00 0.191104 3.45
921.00 0.191104 3.45
922.00 0.191104 3.45
923.00 0.191104 3.45
924.00 0.191104 3.45
925.00 0.191104 3.45
926.00 0.191104 3.45
927.00 0.191104 3.45
928.00 0.191104 3.45
929.00 0.191104 3.45
930.00 0.191104 3.45
931.00 0.191104 3.45
932.00 0.191104 3.45
933.00 0.191104 3.45
934.00 0.191104 3.45
935.00 0.191104 3.45
936.00 0.191104 3.45
937.00 0.191104 3.45
938.00 0.191104 3.45
939.00 0.191104 3.45
940.00 0.191104 3.45
941.00 0.191104 3.45
942.00 0.191104 3.45
943.00 0.191104 3.45
944.00 0.191104 3.45
945.00 0.191104 3.45
946.00 0.191104 3.45
947.00 0.191104 3.45
948.00 0.191104 3.45
949.00 0.191104 3.45
950.00 0.191104 3.45
951.00 0.191104 3.45
952.00 0.191104 3.45
953.00 0.191104 3.45
954.00 0.191104 3.45
955.00 0.191104 3.45
956.00 0.191104 3.45
957.00 0.191104 3.45
958.00 0.191104 3.45
959.00 0.191104 3.45
960.00 0.191104 3.45
961.00 0.191104 3.45
962.00 0.191104 3.45
963.00 0.191104 3.45
964.00 0.191104 3.45
965.00 0.191104 3.45
966.00 0.191104 3.45
967.00 0.191104 3.45
968.00 0.191104 3.45
969.00 0.191104 3.45
970.00 0.191104 3.45
971.00 0.191104 3.45
972.00 0.191104 3.45
973.00 0.191104 3.45
974.00 0.191104 3.45
975.00 0.191104 3.45
976.00 0.191104 3.45
977.00 0.191104 3.45
978.00 0.191104 3.45
979.00 0.191104 3.45
980.00 0.191104 3.45
981.00 0.191104 3.45
982.00 0.191104 3.45
983.00 0.191104 3.45
984.00 0.191104 3.45
985.00 0.191104 3.45
986.00 0.191104 3.45
987.00 0.191104 3.45
988.00 0.191104 3.45
989.00 0.191104 3.45
990.00 0.191104 3.45
991.00 0.191104 3.45
992.00 0.191104 3.45
993.00 0.191104 3.45
994.00 0.191104 3.45
995.00 0.191104 3.45
996.00 0.191104 3.45
997.00 0.191104 3.45
998.00 0.191104 3.45
999.00 0.191104 3.45
1000.00 0.191104 3.45
1001.00 0.191104 3.45
1002.00 0.191104 3.45
1003.00 0.191104 3.45
1004.00 0.191104 3.45
1005.00 0.191104 3.45
1006.00 0.191104 3.45
1007.00 0.191104 3.45
1008.00 0.191104 3.45
1009.00 0.191104 3.45
1010.00 0.191104 3.45
1011.00 0.191104 3.45
1012.00 0.191104 3.45
1013.00 0.191104 3.45
1014.00 0.191104 3.45
1015.00 0.191104 3.45
1016.00 0.191104 3.45
1017.00 0.191104 3.45
1018.00 0.191104 3.45
1019.00 0.191104 3.45
1020.00 0.191104 3.45
1021.00 0.191104 3.45
1022.00 0.191104 3.45
1023.00 0.191104 3.45
1024.00 0.191104 3.45
1025.00 0.191104 3.45
1026.00 0.191104 3.45
1027.00 0.191104 3.45
1028.00 0.191104 3.45
1029.00 0.191104 3.45
1030.00 0.191104 3.45
1031.00 0.191104 3.45
1032.00 0.191104 3.45
1033.00 0.191104 3.45
1034.00 0.191104 3.45
1035.00 0.191104 3.45
1036.00 0.191104 3.45
1037.00 0.191104 3.45
1038.00 0.191104 3.45
1039.00 0.191104 3.45
1040.00 0.191104 3.45
1041.00 0.191104 3.45
1042.00 0.191104 3.45
1043.00 0.191104 3.45
1044.00 0.191104 3.45
1045.00 0.191104 3.45
1046.00 0.191104 3.45
1047.00 0.191104 3.45
1048.00 0.191104 3.45
1049.00 0.191104 3.45
1050.00 0.191104 3.45
1051.00 0.191104 3.45
1052.00 0.191104 3.45
1053.00 0.191104 3.45
1054.00 0.191104 3.45
1055.00 0.191104 3.45
1056.00 0.191104 3.45
1057.00 0.191104 3.45
1058.00 0.191104 3.45
1059.00 0.191104 3.45
1060.00 0.191104 3.45
1061.00 0.191104 3.45
1062.00 0.191104 3.45
1063.00 0.191104 3.45
1064.00 0.191104 3.45
1065.00 0.191104 3.45
1066.00 0.191104 3.45
1067.00 0.191104 3.45
1068.00 0.191104 3.45
1069.00 0.191104 3.45
1070.00 0.191104 3.45
1071.00 0.191104 3.45
1072.00 0.191104 3.45
1073.00 0.191104 3.45
1074.00 0.191104 3.45
1075.00 0.191104 3.45
1076.00 0.191104 3.45
1077.00 0.191104 3.45
1078.00 0.191104 3.45
1079.00 0.191104 3.45
1080.00 0.191104 3.45
1081.00 0.191104 3.45
1082.00 0.191104 3.45
1083.00 0.191104 3.45
1084.00 0.191104 3.45
1085.00 0.191104 3.45
1086.00 0.191104 3.45
1087.00 0.191104 3.45
1088.00 0.191104 3.45
1089.00 0.191104 3.45
1090.00 0.191104 3.45
1091.00 0.191104 3.45
1092.00 0.191104 3.45
1093.00 0.191104 3.45
1094.00 0.191104 3.45
1095.00 0.191104 3.45
1096.00 0.191104 3.45
1097.00 0.191104 3.45
1098.00 0.191104 3.45
1099.00 0.191104 3.45
1100.00 0.191104 3.45
1101.00 0.191104 3.45
1102.00 0.191104 3.45
1103.00 0.191104 3.45
1104.00 0.191104 3.45
1105.00 0.191104 3.45
1106.00 0.191104 3.45
1107.00 0.191104 3.45
1108.00 0.191104 3.45
1109.00 0.191104 3.45
1110.00 0.191104 3.45
1111.00 0.191104 3.45
1112.00 0.191104 3.45
1113.00 0.191104 3.45
1114.00 0.191104 3.45
1115.00 0.191104 3.45
1116.00 0.191104 3.45
1117.00 0.191104 3.45
1118.00 0.191104 3.45
1119.00 0.191104 3.45
1120.00 0.191104 3.45
1121.00 0.191104 3.45
1122.00 0.191104 3.45
1123.00 0.191104 3.45
1124.00 0.191104 3.45
1125.00 0.191104 3.45
1126.00 0.191104 3.45
1127.00 0.191104 3.45
1128.00 0.191104 3.45
1129.00 0.191104 3.45
1130.00 0.191104 3.45
1131.00 0.191104 3.45
1132.00 0.191104 3.45
1133.00 0.191104 3.45
1134.00 0.191104 3.45
1135.00 0.191104 3.45
1136.00 0.191104 3.45
1137.00 0.191104 3.45
1138.00 0.191104 3.45
1139.00 0.191104 3.45
1140.00 0.191104 3.45
1141.00 0.191104 3.45
1142.00 0.191104 3.45
1143.00 0.191104 3.45
1144.00 0.191104 3.45
1145.00 0.191104 3.45
1146.00 0.191104 3.45
1147.00 0.191104 3.45
1148.00 0.191104 3.45
1149.00 0.191104 3.45
1150.00 0.191104 3.45
1151.00 0.191104 3.45
1152.00 0.191104 3.45
1153.00 0.191104 3.45
1154.00 0.191104 3.45
1155.00 0.191104 3.45
1156.00 0.191104 3.45
1157.00 0.191104 3.45
1158.00 0.191104 3.45
1159.00 0.191104 3.45
1160.00 0.191104 3.45
1161.00 0.191104 3.45
1162.00 0.191104 3.45
1163.00 0.191104 3.45
1164.00 0.191104 3.45
1165.00 0.191104 3.45
1166.00 0.191104 3.45
1167.00 0.191104 3.45
1168.00 0.191104 3.45
1169.00 0.191104 3.45
1170.00 0.191104 3.45
1171.00 0.191104 3.45
1172.00 0.191104 3.45
1173.00 0.191104 3.45
1174.00 0.191104 3.45
1175.00 0.191104 3.45
1176.00 0.191104 3.45
1177.00 0.191104 3.45
1178.00 0.191104 3.45
1179.00 0.191104 3.45
1180.00 0.191104 3.45
1181.00 0.191104 3.45
1182.00 0.191104 3.45
1183.00 0.191104 3.45
1184.00 0.191104 3.45
1185.00 0.191104 3.45
1186.00 0.191104 3.45
1187.00 0.191104 3.45
1188.00 0.191104 3.45
1189.00 0.191104 3.45
1190.00 0.191104 3.45
1191.00 0.191104 3.45
1192.00 0.191104 3.45
1193.00 0.191104 3.45
1194.00 0.191104 3.45
1195.00 0.191104 3.45
1196.00 0.191104 3.45
1197.00 0.191104 3.45
1198.00 0.191104 3.45
1199.00 0.191104 3.45
1200.00 0.191104 3.45
1201.00 0.191104 3.45
1202.00 0.191104 3.45
1203.00 0.191104 3.45
1204.00 0.191104 3.45
1205.00 0.191104 3.45
1206.00 0.191104 3.45
1207.00 0.191104 3.45
1208.00 0.191104 3.45
1209.00 0.191104 3.45
1210.00 0.191104 3.45
1211.00 0.191104 3.45
1212.00 0.191104 3.45
1213.00 0.191104 3.45
1214.00 0.191104 3.45
1215.00 0.191104 3.45
1216.00 0.191104 3.45
1217.00 0.191104 3.45
1218.00 0.191104 3.45
1219.00 0.191104 3.45
1220.00 0.191104 3.45
1221.00 0.191104 3.45
1222.00 0.191104 3.45
1223.00 0.191104 3.45
1224.00 0.191104 3.45
1225.00 0.191104 3.45
1226.00 0.191104 3.45
1227.00 0.191104 3.45
1228.00 0.191104 3.45
1229.00 0.191104 3.45
1230.00 0.191104 3.45
1231.00 0.191104 3.45
1232.00 0.191104 3.45
1233.00 0.191104 3.45
1234.00 0.191104 3.45
1235.00 0.191104 3.45
1236.00 0.191104 3.45
1237.00 0.191104 3.45
1238.00 0.191104 3.45
1239.00 0.191104 3.45
1240.00 0.191104 3.45
1241.00 0.191104 3.45
1242.00 0.191104 3.45
1243.00 0.191104 3.45
1244.00 0.191104 3.45
1245.00 0.191104 3.45
1246.00 0.191104 3.45
1247.00 0.191104 3.45
1248.00 0.191104 3.45
1249.00 0.191104 3.45
1250.00 0.191104 3.45
1251.00 0.191104 3.45
1252.00 0.191104 3.45
1253.00 0.191104 3.45
1254.00 0.191104 3.45
1255.00 0.191104 3.45
1256.00 0.191104 3.45
1257.00 0.191104 3.45
1258.00 0.191104 3.45
1259.00 0.191104 3.45
1260.00 0.191104 3.45
1261.00 0.191104 3.45
1262.00 0.191104 3.45
1263.00 0.191104 3.45
1264.00 0.191104 3.45
1265.00 0.191104 3.45
1266.00 0.191104 3.45
1267.00 0.191104 3.45
1268.00 0.191104 3.45
1269.00 0.191104 3.45
1270.00 0.191104 3.45
1271.00 0.191104 3.45
1272.00 0.191104 3.45
1273.00 0.191104 3.45
1274.00 0.191104 3.45
1275.00 0.191104 3.45
1276.00 0.191104 3.45
1277.00 0.191104 3.45
1278.00 0.191104 3.45
1279.00 0.191104 3.45
1280.00 0.191104 3.45
1281.00 0.191104 3.45
1282.00 0.191104 3.45
1283.00 0.191104 3.45
1284.00 0.191104 3.45
1285.00 0.191104 3.45
1286.00 0.191104 3.45
1287.00 0.191104 3.45
1288.00 0.191104 3.45
1289.00 0.191104 3.45
1290.00 0.191104 3.45
1291.00 0.191104 3.45
1292.00 0.191104 3.45
1293.00 0.191104 3.45
1294.00 0.191104 3.45
1295.00 0.191104 3.45
1296.00 0.191104 3.45
1297.00 0.191104 3.45
1298.00 0.191104 3.45
1299.00 0.191104 3.45
1300.00 0.191104 3.45
1301.00 0.191104 3.45
1302.00 0.191104 3.45
1303.00 0.191104 3.45
1304.00 0.191104 3.45
1305.00 0.191104 3.45
1306.00 0.191104 3.45
1307.00 0.191104 3.45
1308.00 0.191104 3.45
1309.00 0.191104 3.45
1310.00 0.191104 3.45
1311.00 0.191104 3.45
1312.00 0.191104 3.45
1313.00 0.191104 3.45
1314.00 0.191104 3.45
1315.00 0.191104 3.45
1316.00 0.191104 3.45
1317.00 0.191104 3.45
1318.00 0.191104 3.45
1319.00 0.191104 3.45
1320.00 0.191104 3.45
1321.00 0.191104 3.45
1322.00 0.191104 3.45
1323.00 0.191104 3.45
1324.00 0.191104 3.45
1325.00 0.191104 3.45
1326.00 0.191104 3.45
1327.00 0.191104 3.45
1328.00 0.191104 3.45
1329.00 0.191104 3.45
1330.00 0.191104 3.45
1331.00 0.191104 3.45
1332.00 0.191104 3.45
1333.00 0.191104 3.45
1334.00 0.191104 3.45
1335.00 0.191104 3.45
1336.00 0.191104 3.45
1337.00 0.191104 3.45
1338.00 0.191104 3.45
1339.00 0.191104 3.45
1340.00 0.191104 3.45
1341.00 0.191104 3.45
1342.00 0.191104 3.45
1343.00 0.191104 3.45
1344.00 0.191104 3.45
1345.00 0.191104 3.45
1346.00 0.191104 3.45
1347.00 0.191104 3.45
1348.00 0.191104 3.45
1349.00 0.191104 3.45
1350.00 0.191104 3.45
1351.00 0.191104 3.45
1352.00 0.191104 3.45
1353.00 0.191104 3.45
1354.00 0.191104 3.45
1355.00 0.191104 3.45
1356.00 0.191104 3.45
1357.00 0.191104 3.45
1358.00 0.191104 3.45
1359.00 0.191104 3.45
1360.00 0.191104 3.45
1361.00 0.191104 3.45
1362.00 0.191104 3.45
1363.00 0.191104 3.45
1364.00 0.191104 3.45
1365.00 0.191104 3.45
1366.00 0.191104 3.45
1367.00 0.191104 3.45
1368.00 0.191104 3.45
1369.00 0.191104 3.45
1370.00 0.191104 3.45
1371.00 0.191104 3.45
1372.00 0.191104 3.45
1373.00 0.191104 3.45
1374.00 0.191104 3.45
1375.00 0.191104 3.45
1376.00 0.191104 3.45
1377.00 0.191104 3.45
1378.00 0.191104 3.45
1379.00 0.191104 3.45
1380.00 0.191104 3.45
1381.00 0.191104 3.45
1382.00 0.191104 3.45
1383.00 0.191104 3.45
1384.00 0.191104 3.45
1385.00 0.191104 3.45
1386.00 0.191104 3.45
1387.00 0.191104 3.45
1388.00 0.191104 3.45
1389.00 0.191104 3.45
1390.00 0.191104 3.45
1391.00 0.191104 3.45
1392.00 0.191104 3.45
1393.00 0.191104 3.45
1394.00 0.191104 3.45
1395.00 0.191104 3.45
1396.00 0.191104 3.45
1397.00 0.191104 3.45
1398.00 0.191104 3.45
1399.00 0.191104 3.45
1400.00 0.191104 3.45
1401.00 0.191104 3.45
1402.00 0.191104 3.45
1403.00 0.191104 3.45
1404.00 0.191104 3.45
1405.00 0.191104 3.45
1406.00 0.191104 3.45
1407.00 0.191104 3.45
1408.00 0.191104 3.45
1409.00 0.191104 3.45
1410.00 0.191104 3.45
1411.00 0.191104 3.45
1412.00 0.191104 3.45
1413.00 0.191104 3.45
1414.00 0.191104 3.45
1415.00 0.191104 3.45
1416.00 0.191104 3.45
1417.00 0.191104 3.45
1418.00 0.191104 3.45
1419.00 0.191104 3.45
1420.00 0.191104 3.45
1421.00 0.191104 3.45
1422.00 0.191104 3.45
1423.00 0.191104 3.45
1424.00 0.191104 3.45
1425.00 0.191104 3.45
1426.00 0.191104 3.45
1427.00 0.191104 3.45
1428.00 0.191104 3.45
1429.00 0.191104 3.45
1430.00 0.191104 3.45
1431.00 0.191104 3.45
1432.00 0.191104 3.45
1433.00 0.191104 3.45
1434.00 0.191104 3.45
1435.00 0.191104 3.45
1436.00 0.191104 3.45
1437.00 0.191104 3.45
1438.00 0.191104 3.45
1439.00 0.191104 3.45
1440.00 0.191104 3.45
1441.00 0.191104 3.45
1442.00 0.191104 3.45
1443.00 0.191104 3.45
1444.00 0.191104 3.45
1445.00 0.191104 3.45
1446.00 0.191104 3.45
1447.00 0.191104 3.45
1448.00 0.191104 3.45
1449.00 0.191104 3.45
1450.00 0.191104 3.45
1451.00 0.191104 3.45
1452.00 0.191104 3.45
1453.00 0.191104 3.45
1454.00 0.191104 3.45
1455.00 0.191104 3.45
1456.00 0.191104 3.45
1457.00 0.191104 3.45
1458.00 0.191104 3.45
1459.00 0.191104 3.45
1460.00 0.191104 3.45
1461.00 0.191104 3.45
1462.00 0.191104 3.45
1463.00 0.191104 3.45
1464.00 0.191104 3.45
1465.00 0.191104 3.45
1466.00 0.191104 3.45
1467.00 0.191104 3.45
1468.00 0.191104 3.45
1469.00 0.191104 3.45
1470.00 0.191104 3.45
1471.00 0.191104 3.45
1472.00 0.191104 3.45
1473.00 0.191104 3.45
1474.00 0.191104 3.45
1475.00 0.191104 3.45
1476.00 0.191104 3.45
1477.00 0.191104 3.45
1478.00 0.191104 3.45
1479.00 0.191104 3.45
1480.00 0.191104 3.45
1481.00 0.191104 3.45
1482.00 0.191104 3.45
1483.00 0.191104 3.45
1484.00 0.191104 3.45
1485.00 0.191104 3.45
1486.00 0.191104 3.45
1487.00 0.191104 3.45
1488.00 0.191104 3.45
1489.00 0.191104 3.45
1490.00 0.191104 3.45
1491.00 0.191104 3.45
1492.00 0.191104 3.45
1493.00 0.191104 3.45
1494.00 0.191104 3.45
1495.00 0.191104 3.45
1496.00 0.191104 3.45
1497.00 0.191104 3.45
1498.00 0.191104 3.45
1499.00 0.191104 3.45
1500.00 0.191104 3.45
1501.00 0.191104 3.45
1502.00 0.191104 3.45
1503.00 0.191104 3.45
1504.00 0.191104 3.45
1505.00 0.191104 3.45
1506.00 0.191104 3.45
1507.00 0.191104 3.45
1508.00 0.191104 3.45
1509.00 0.191104 3.45
1510.00 0.191104 3.45
1511.00 0.191104 3.45
1512.00 0.191104 3.45
1513.00 0.191104 3.45
1514.00 0.191104 3.45
1515.00 0.191104 3.45
1516.00 0.191104 3.45
1517.00 0.191104 3.45
1518.00 0.191104 3.45
1519.00 0.191104 3.45
1520.00 0.191104 3.45
1521.00 0.191104 3.45
1522.00 0.191104 3.45
1523.00 0.191104 3.45
1524.00 0.191104 3.45
1525.00 0.191104 3.45
1526.00 0.191104 3.45
1527.00 0.191104 3.45
1528.00 0.191104 3.45
1529.00 0.191104 3.45
1530.00 0.191104 3.45
1531.00 0.191104 3.45
1532.00 0.191104 3.45
1533.00 0.191104 3.45
1534.00 0.191104 3.45
1535.00 0.191104 3.45
1536.00 0.191104 3.45
1537.00 0.191104 3.45
1538.00 0.191104 3.45
1539.00 0.191104 3.45
1540.00 0.191104 3.45
1541.00 0.191104 3.45
1542.00 0.191104 3.45
1543.00 0.191104 3.45
1544.00 0.191104 3.45
1545.00 0.191104 3.45
1546.00 0.191104 3.45
1547.00 0.191104 3.45
1548.00 0.191104 3.45
1549.00 0.191104 3.45
1550.00 0.191104 3.45
1551.00 0.191104 3.45
1552.00 0.191104 3.45
1553.00 0.191104 3.45
1554.00 0.191104 3.45
1555.00 0.191104 3.45
1556.00 0.191104 3.45
1557.00 0.191104 3.45
1558.00 0.191104 3.45
1559.00 0.191104 3.45
1560.00 0.191104 3.45
1561.00 0.191104 3.45
1562.00 0.191104 3.45
1563.00 0.191104 3.45
1564.00 0.191104 3.45
1565.00 0.191104 3.45
1566.00 0.191104 3.45
1567.00 0.191104 3.45
1568.00 0.191104 3.45
1569.00 0.191104 3.45
1570.00 0.191104 3.45
1571.00 0.191104 3.45
1572.00 0.191104 3.45
1573.00 0.191104 3.45
1574.00 0.191104 3.45
1575.00 0.191104 3.45
1576.00 0.191104 3.45
1577.00 0.191104 3.45
1578.00 0.191104 3.45
1579.00 0.191104 3.45
1580.00 0.191104 3.45
1581.00 0.191104 3.45
1582.00 0.191104 3.45
1583.00 0.191104 3.45
1584.00 0.191104 3.45
1585.00 0.191104 3.45
1586.00 0.191104 3.45
1587.00 0.191104 3.45
1588.00 0.191104 3.45
1589.00 0.191104 3.45
1590.00 0.191104 3.45
1591.00 0.191104 3.45
1592.00 0.191104 3.45
1593.00 0.191104 3.45
1594.00 0.191104 3.45
1595.00 0.191104 3.45
1596.00 0.191104 3.45
1597.00 0.191104 3.45
1598.00 0.191104 3.45
1599.00 0.191104 3.45
1600.00 0.191104 3.45
1601.00 0.191104 3.45
1602.00 0.191104 3.45
1603.00 0.191104 3.45
1604.00 0.191104 3.45
1605.00 0.191104 3.45
1606.00 0.191104 3.45
1607.00 0.191104 3.45
1608.00 0.191104 3.45
1609.00 0.191104 3.45
1610.00 0.191104 3.45
1611.00 0.191104 3.45
1612.00 0.191104 3.45
1613.00 0.191104 3.45
1614.00 0.191104 3.45
1615.00 0.191104 3.45
1616.00 0.191104 3.45
1617.00 0.191104 3.45
1618.00 0.191104 3.45
1619.00 0.191104 3.45
1620.00 0.191104 3.45
1621.00 0.191104 3.45
1622.00 0.191104 3.45
1623.00 0.191104 3.45
1624.00 0.191104 3.45
1625.00 0.191104 3.45
1626.00 0.191104 3.45
1627.00 0.191104 3.45
1628.00 0.191104 3.45
1629.00 0.191104 3.45
1630.00 0.191104 3.45
1631.00 0.191104 3.45
1632.00 0.191104 3.45
1633.00 0.191104 3.45
1634.00 0.191104 3.45
1635.00 0.191104 3.45
1636.00 0.191104 3.45
1637.00 0.191104 3.45
1638.00 0.191104 3.45
1639.00 0.191104 3.45
1640.00 0.191104 3.45
1641.00 0.191104 3.45
1642.00 0.191104 3.45
1643.00 0.191104 3.45
1644.00 0.191104 3.45
1645.00 0.191104 3.45
1646.00 0.191104 3.45
1647.00 0.191104 3.45
1648.00 0.191104 3.45
1649.00 0.191104 3.45
1650.00 0.191104 3.45
1651.00 0.191104 3.45
1652.00 0.191104 3.45
1653.00 0.191104 3.45
1654.00 0.191104 3.45
1655.00 0.191104 3.45
1656.00 0.191104 3.45
1657.00 0.191104 3.45
1658.00 0.191104 3.45
1659.00 0.191104 3.45
1660.00 0.191104 3.45
1661.00 0.191104 3.45
1662.00 0.191104 3.45
1663.00 0.191104 3.45
1664.00 0.191104 3.45
1665.00 0.191104 3.45
1666.00 0.191104 3.45
1667.00 0.191104 3.45
1668.00 0.191104 3.45
1669.00 0.191104 3.45
1670.00 0.191104 3.45
1671.00 0.191104 3.45
1672.00 0.191104 3.45
1673.00 0.191104 3.45
1674.00 0.191104 3.45
1675.00 0.191104 3.45
1676.00 0.191104 3.45
1677.00 0.191104 3.45
1678.00 0.191104 3.45
1679.00 0.191104 3.45
1680.00 0.191104 3.45
1681.00 0.191104 3.45
1682.00 0.191104 3.45
1683.00 0.191104 3.45
1684.00 0.191104 3.45
1685.00 0.191104 3.45
1686.00 0.191104 3.45
1687.00 0.191104 3.45
1688.00 0.191104 3.45
1689.00 0.191104 3.45
1690.00 0.191104 3.45
1691.00 0.191104 3.45
1692.00 0.191104 3.45
1693.00 0.191104 3.45
1694.00 0.191104 3.45
1695.00 0.191104 3.45
1696.00 0.191104 3.45
1697.00 0.191104 3.45
1698.00 0.191104 3.45
1699.00 0.191104 3.45
1700.00 0.191104 3.45
1701.00 0.191104 3.45
1702.00 0.191104 3.45
1703.00 0.191104 3.45
1704.00 0.191104 3.45
1705.00 0.191104 3.45
1706.00 0.191104 3.45
1707.00 0.191104 3.45
1708.00 0.191104 3.45
1709.00 0.191104 3.45
1710.00 0.191104 3.45
1711.00 0.191104 3.45
1712.00 0.191104 3.45
1713.00 0.191104 3.45
1714.00 0.191104 3.45
1715.00 0.191104 3.45
1716.00 0.191104 3.45
1717.00 0.191104 3.45
1718.00 0.191104 3.45
1719.00 0.191104 3.45
1720.00 0.191104 3.45
1721.00 0.191104 3.45
1722.00 0.191104 3.45
1723.00 0.191104 3.45
1724.00 0.191104 3.45
1725.00 0.191104 3.45
1726.00 0.191104 3.45
1727.00 0.191104 3.45
1728.00 0.191104 3.45
1729.00 0.191104 3.45
1730.00 0.191104 3.45
1731.00 0.191104 3.45
1732.00 0.191104 3.45
1733.00 0.191104 3.45
1734.00 0.191104 3.45
1735.00 0.191104 3.45
1736.00 0.191104 3.45
1737.00 0.191104 3.45
1738.00 0.191104 3.45
1739.00 0.191104 3.45
1740.00 0.191104 3.45
1741.00 0.191104 3.45
1742.00 0.191104 3.45
1743.00 0.191104 3.45
1744.00 0.191104 3.45
1745.00 0.191104 3.45
1746.00 0.191104 3.45
1747.00 0.191104 3.45
1748.00 0.191104 3.45
1749.00 0.191104 3.45
1750.00 0.191104 3.45
1751.00 0.191104 3.45
1752.00 0.191104 3.45
1753.00 0.191104 3.45
1754.00 0.191104 3.45
1755.00 0.191104 3.45
1756.00 0.191104 3.45
1757.00 0.191104 3.45
1758.00 0.191104 3.45
1759.00 0.191104 3.45
1760.00 0.191104 3.45
1761.00 0.191104 3.45
1762.00 0.191104 3.45
1763.00 0.191104 3.45
1764.00 0.191104 3.45
1765.00 0.191104 3.45
1766.00 0.191104 3.45
1767.00 0.191104 3.45
1768.00 0.191104 3.45
1769.00 0.191104 3.45
1770.00 0.191104 3.45
1771.00 0.191104 3.45
1772.00 0.191104 3.45
1773.00 0.191104 3.45
1774.00 0.191104 3.45
1775.00 0.191104 3.45
1776.00 0.191104 3.45
1777.00 0.191104 3.45
1778.00 0.191104 3.45
1779.00 0.191104 3.45
1780.00 0.191104 3.45
1781.00 0.191104 3.45
1782.00 0.191104 3.45
1783.00 0.191104 3.45
1784.00 0.191104 3.45
1785.00 0.191104 3.45
1786.00 0.191104 3.45
1787.00 0.191104 3.45
1788.00 0.191104 3.45
1789.00 0.191104 3.45
1790.00 0.191104 3.45
1791.00 0.191104 3.45
1792.00 0.191104 3.45
1793.00 0.191104 3.45
1794.00 0.191104 3.45
1795.00 0.191104 3.45
1796.00 0.191104 3.45
1797.00 0.191104 3.45
1798.00 0.191104 3.45
1799.00 0.191104 3.45
1800.00 0.191104 3.45
1801.00 0.191104 3.45
1802.00 0.191104 3.45
1803.00 0.191104 3.45
1804.00 0.191104 3.45
1805.00 0.191104 3.45
1806.00 0.191104 3.45
1807.00 0.191104 3.45
1808.00 0.191104 3.45
1809.00 0.191104 3.45
1810.00 0.191104 3.45
1811.00 0.191104 3.45
1812.00 0.191104 3.45
1813.00 0.191104 3.45
1814.00 0.191104 3.45
1815.00 0.191104 3.45
1816.00 0.191104 3.45
1817.00 0.191104 3.45
1818.00 0.191104 3.45
1819.00 0.191104 3.45
1820.00 0.191104 3.45
1821.00 0.191104 3.45
1822.00 0.191104 3.45
1823.00 0.191104 3.45
1824.00 0.191104 3.45
1825.00 0.191104 3.45
1826.00 0.191104 3.45
1827.00 0.191104 3.45
1828.00 0.191104 3.45
1829.00 0.191104 3.45
1830.00 0.191104 3.45
1831.00 0.191104 3.45
1832.00 0.191104 3.45
1833.00 0.191104 3.45
1834.00 0.191104 3.45
1835.00 0.191104 3.45
1836.00 0.191104 3.45
1837.00 0.191104 3.45
1838.00 0.191104 3.45
1839.00 0.191104 3.45
1840.00 0.191104 3.45
1841.00 0.191104 3.45
1842.00 0.191104 3.45
1843.00 0.191104 3.45
1844.00 0.191104 3.45
1845.00 0.191104 3.45
1846.00 0.191104 3.45
1847.00 0.191104 3.45
1848.00 0.191104 3.45
1849.00 0.191104 3.45
1850.00 0.191104 3.45
1851.00 0.191104 3.45
1852.00 0.191104 3.45
1853.00 0.191104 3.45
1854.00 0.191104 3.45
1855.00 0.191104 3.45
1856.00 0.191104 3.45
1857.00 0.191104 3.45
1858.00 0.191104 3.45
1859.00 0.191104 3.45
1860.00 0.191104 3.45
1861.00 0.191104 3.45
1862.00 0.191104 3.45
1863.00 0.191104 3.45
1864.00 0.191104 3.45
1865.00 0.191104 3.45
1866.00 0.191104 3.45
1867.00 0.191104 3.45
1868.00 0.191104 3.45
1869.00 0.191104 3.45
1870.00 0.191104 3.45
1871.00 0.191104 3.45
1872.00 0.191104 3.45
1873.00 0.191104 3.45
1874.00 0.191104 3.45
1875.00 0.191104 3.45
1876.00 0.191104 3.45
1877.00 0.191104 3.45
1878.00 0.191104 3.45
1879.00 0.191104 3.45
1880.00 0.191104 3.45
1881.00 0.191104 3.45
1882.00 0.191104 3.45
1883.00 0.191104 3.45
1884.00 0.191104 3.45
1885.00 0.191104 3.45
1886.00 0.191104 3.45
1887.00 0.191104 3.45
1888.00 0.191104 3.45
1889.00 0.191104 3.45
1890.00 0.191104 3.45
1891.00 0.191104 3.45
1892.00 0.191104 3.45
1893.00 0.191104 3.45
1894.00 0.191104 3.45
1895.00 0.191104 3.45
1896.00 0.191104 3.45
1897.00 0.191104 3.45
1898.00 0.191104 3.45
1899.00 0.191104 3.45
1900.00 0.191104 3.45
1901.00 0.191104 3.45
1902.00 0.191104 3.45
1903.00 0.191104 3.45
1904.00 0.191104 3.45
1905.00 0.191104 3.45
1906.00 0.191104 3.45
1907.00 0.191104 3.45
1908.00 0.191104 3.45
1909.00 0.191104 3.45
1910.00 0.191104 3.45
1911.00 0.191104 3.45
1912.00 0.191104 3.45
1913.00 0.191104 3.45
1914.00 0.191104 3.45
1915.00 0.191104 3.45
1916.00 0.191104 3.45
1917.00 0.191104 3.45
1918.00 0.191104 3.45
1919.00 0.191104 3.45
1920.00 0.191104 3.45
1921.00 0.191104 3.45
1922.00 0.191104 3.45
1923.00 0.191104 3.45
1924.00 0.191104 3.45
1925.00 0.191104 3.45
1926.00 0.191104 3.45
1927.00 0.191104 3.45
1928.00 0.191104 3.45
1929.00 0.191104 3.45
1930.00 0.191104 3.45
1931.00 0.191104 3.45
1932.00 0.191104 3.45
1933.00 0.191104 3.45
1934.00 0.191104 3.45
1935.00 0.191104 3.45
1936.00 0.191104 3.45
1937.00 0.191104 3.45
1938.00 0.191104 3.45
1939.00 0.191104 3.45
1940.00 0.191104 3.45
1941.00 0.191104 3.45
1942.00 0.191104 3.45
1943.00 0.191104 3.45
1944.00 0.191104 3.45
1945.00 0.191104 3.45
1946.00 0.191104 3.45
1947.00 0.191104 3.45
1948.00 0.191104 3.45
1949.00 0.191104 3.45
1950.00 0.191104 3.45
1951.00 0.191104 3.45
1952.00 0.191104 3.45
1953.00 0.191104 3.45
1954.00 0.191104 3.45
1955.00 0.191104 3.45
1956.00 0.191104 3.45
1957.00 0.191104 3.45
1958.00 0.191104 3.45
1959.00 0.191104 3.45
1960.00 0.191104 3.45
1961.00 0.191104 3.45
1962.00 0.191104 3.45
1963.00 0.191104 3.45
1964.00 0.191104 3.45
1965.00 0.191104 3.45
1966.00 0.191104 3.45
1967.00 0.191104 3.45
1968.00 0.191104 3.45
1969.00 0.191104 3.45
1970.00 0.191104 3.45
1971.00 0.191104 3.45
1972.00 0.191104 3.45
1973.00 0.191104 3.45
1974.00 0.191104 3.45
1975.00 0.191104 3.45
1976.00 0.191104 3.45
1977.00 0.191104 3.45
1978.00 0.191104 3.45
1979.00 0.191104 3.45
1980.00 0.191104 3.45
1981.00 0.191104 3.45
1982.00 0.191104 3.45
1983.00 0.191104 3.45
1984.00 0.191104 3.45
1985.00 0.191104 3.45
1986.00 0.191104 3.45
1987.00 0.191104 3.45
1988.00 0.191104 3.45
1989.00 0.191104 3.45
1990.00 0.191104 3.45
1991.00 0.191104 3.45
1992.00 0.191104 3.45
1993.00 0.191104 3.45
1994.00 0.191104 3.45
1995.00 0.191104 3.45
1996.00 0.191104 3.45
1997.00 0.191104 3.45
1998.00 0.191104 3.45
1999.00 0.191104 3.45
2000.00 0.191104 3.45
