0.00 0.786460 7.29
1.00 0.784709 7.28
2.00 0.782956 7.28
3.00 0.781198 7.28
4.00 0.779435 7.28
5.00 0.777668 7.28
6.00 0.775895 7.28
7.00 0.774116 7.28
8.00 0.772332 7.28
9.00 0.770542 7.28
10.00 0.768745 7.28
11.00 0.766942 7.28
12.00 0.765141 7.27
13.00 0.763336 7.27
14.00 0.761528 7.26
15.00 0.759717 7.26
16.00 0.757900 7.26
17.00 0.756076 7.26
18.00 0.754252 7.25
19.00 0.752426 7.25
20.00 0.750594 7.25
21.00 0.748754 7.25
22.00 0.746906 7.26
23.00 0.745050 7.26
24.00 0.743185 7.26
25.00 0.741312 7.26
26.00 0.739429 7.26
27.00 0.737536 7.26
28.00 0.735649 7.25
29.00 0.733768 7.24
30.00 0.731905 7.23
31.00 0.730044 7.22
32.00 0.728182 7.22
33.00 0.726313 7.22
34.00 0.724435 7.22
35.00 0.722550 7.22
36.00 0.720665 7.21
37.00 0.718792 7.21
38.00 0.716911 7.21
39.00 0.715043 7.18
40.00 0.713211 7.16
41.00 0.711393 7.16
42.00 0.709569 7.16
43.00 0.707743 7.15
44.00 0.705914 7.15
45.00 0.704092 7.14
46.00 0.702273 7.14
47.00 0.700446 7.14
48.00 0.698610 7.14
49.00 0.696765 7.14
50.00 0.694910 7.14
51.00 0.693078 7.11
52.00 0.691280 7.09
53.00 0.689527 7.07
54.00 0.687805 7.06
55.00 0.686082 7.06
56.00 0.684353 7.06
57.00 0.682617 7.05
58.00 0.680900 7.04
59.00 0.679201 7.04
60.00 0.677496 7.04
61.00 0.675793 7.01
62.00 0.674133 7.01
63.00 0.672470 7.00
64.00 0.670814 6.97
65.00 0.669199 6.97
66.00 0.667579 6.97
67.00 0.665951 6.97
68.00 0.664316 6.97
69.00 0.662684 6.94
70.00 0.661118 6.93
71.00 0.659558 6.92
72.00 0.658009 6.90
73.00 0.656486 6.90
74.00 0.654958 6.89
75.00 0.653450 6.87
76.00 0.651967 6.87
77.00 0.650507 6.86
78.00 0.649044 6.86
79.00 0.647608 6.85
80.00 0.646178 6.84
81.00 0.644759 6.83
82.00 0.643336 6.83
83.00 0.641939 6.82
84.00 0.640541 6.82
85.00 0.639141 6.81
86.00 0.637760 6.79
87.00 0.636423 6.78
88.00 0.635082 6.78
89.00 0.633736 6.78
90.00 0.632385 6.78
91.00 0.631028 6.78
92.00 0.629664 6.78
93.00 0.628319 6.77
94.00 0.626994 6.76
95.00 0.625716 6.72
96.00 0.624487 6.72
97.00 0.623277 6.71
98.00 0.622072 6.71
99.00 0.620871 6.70
100.00 0.619685 6.70
101.00 0.618494 6.70
102.00 0.617298 6.70
103.00 0.616096 6.70
104.00 0.614888 6.70
105.00 0.613672 6.70
106.00 0.612465 6.69
107.00 0.611298 6.67
108.00 0.610142 6.66
109.00 0.609002 6.65
110.00 0.607869 6.65
111.00 0.606733 6.64
112.00 0.605624 6.63
113.00 0.604539 6.61
114.00 0.603479 6.61
115.00 0.602437 6.58
116.00 0.601446 6.55
117.00 0.600496 6.54
118.00 0.599549 6.54
119.00 0.598600 6.54
120.00 0.597658 6.53
121.00 0.596724 6.53
122.00 0.595787 6.53
123.00 0.594855 6.52
124.00 0.593944 6.52
125.00 0.593029 6.52
126.00 0.592111 6.52
127.00 0.591188 6.52
128.00 0.590266 6.51
129.00 0.589391 6.50
130.00 0.588518 6.50
131.00 0.587642 6.50
132.00 0.586761 6.50
133.00 0.585876 6.49
134.00 0.585025 6.46
135.00 0.584195 6.46
136.00 0.583374 6.44
137.00 0.582591 6.43
138.00 0.581830 6.43
139.00 0.581079 6.42
140.00 0.580338 6.41
141.00 0.579622 6.40
142.00 0.578905 6.40
143.00 0.578187 6.40
144.00 0.577466 6.40
145.00 0.576761 6.39
146.00 0.576067 6.39
147.00 0.575383 6.38
148.00 0.574717 6.38
149.00 0.574049 6.38
150.00 0.573377 6.38
151.00 0.572703 6.37
152.00 0.572034 6.37
153.00 0.571362 6.37
154.00 0.570686 6.36
155.00 0.570009 6.36
156.00 0.569332 6.35
157.00 0.568658 6.35
158.00 0.567993 6.34
159.00 0.567336 6.33
160.00 0.566704 6.32
161.00 0.566102 6.31
162.00 0.565526 6.31
163.00 0.564950 6.31
164.00 0.564374 6.31
165.00 0.563800 6.30
166.00 0.563243 6.30
167.00 0.562685 6.30
168.00 0.562126 6.30
169.00 0.561565 6.30
170.00 0.561010 6.29
171.00 0.560455 6.29
172.00 0.559924 6.28
173.00 0.559392 6.28
174.00 0.558859 6.28
175.00 0.558325 6.28
176.00 0.557788 6.28
177.00 0.557262 6.27
178.00 0.556751 6.26
179.00 0.556256 6.26
180.00 0.555766 6.25
181.00 0.555289 6.25
182.00 0.554812 6.25
183.00 0.554334 6.25
184.00 0.553857 6.24
185.00 0.553386 6.23
186.00 0.552933 6.23
187.00 0.552478 6.23
188.00 0.552023 6.22
189.00 0.551572 6.22
190.00 0.551119 6.22
191.00 0.550666 6.22
192.00 0.550212 6.21
193.00 0.549757 6.21
194.00 0.549302 6.21
195.00 0.548852 6.20
196.00 0.548405 6.20
197.00 0.547976 6.19
198.00 0.547557 6.19
199.00 0.547137 6.18
200.00 0.546718 6.18
201.00 0.546298 6.18
202.00 0.545877 6.17
203.00 0.545457 6.17
204.00 0.545036 6.17
205.00 0.544612 6.16
206.00 0.544200 6.15
207.00 0.543794 6.15
208.00 0.543387 6.15
209.00 0.542979 6.15
210.00 0.542569 6.15
211.00 0.542158 6.15
212.00 0.541745 6.15
213.00 0.541329 6.15
214.00 0.540922 6.13
215.00 0.540547 6.12
216.00 0.540178 6.12
217.00 0.539809 6.12
218.00 0.539453 6.11
219.00 0.539112 6.11
220.00 0.538772 6.11
221.00 0.538433 6.11
222.00 0.538094 6.11
223.00 0.537754 6.11
224.00 0.537414 6.11
225.00 0.537074 6.12
226.00 0.536733 6.12
227.00 0.536391 6.12
228.00 0.536047 6.12
229.00 0.535703 6.12
230.00 0.535356 6.12
231.00 0.535009 6.12
232.00 0.534659 6.12
233.00 0.534308 6.12
234.00 0.533954 6.12
235.00 0.533598 6.12
236.00 0.533241 6.12
237.00 0.532881 6.12
238.00 0.532518 6.12
239.00 0.532162 6.11
240.00 0.531817 6.11
241.00 0.531470 6.11
242.00 0.531122 6.11
243.00 0.530772 6.11
244.00 0.530421 6.11
245.00 0.530085 6.10
246.00 0.529756 6.10
247.00 0.529426 6.10
248.00 0.529095 6.10
249.00 0.528763 6.10
250.00 0.528429 6.10
251.00 0.528094 6.10
252.00 0.527761 6.09
253.00 0.527430 6.09
254.00 0.527112 6.08
255.00 0.526800 6.08
256.00 0.526497 6.07
257.00 0.526201 6.07
258.00 0.525904 6.07
259.00 0.525608 6.06
260.00 0.525319 6.06
261.00 0.525030 6.06
262.00 0.524742 6.06
263.00 0.524453 6.06
264.00 0.524164 6.06
265.00 0.523875 6.06
266.00 0.523588 6.05
267.00 0.523312 6.04
268.00 0.523045 6.04
269.00 0.522779 6.04
270.00 0.522513 6.04
271.00 0.522249 6.04
272.00 0.521984 6.04
273.00 0.521720 6.04
274.00 0.521456 6.04
275.00 0.521200 6.03
276.00 0.520959 6.03
277.00 0.520720 6.03
278.00 0.520481 6.03
279.00 0.520243 6.03
280.00 0.520009 6.02
281.00 0.519787 6.02
282.00 0.519566 6.02
283.00 0.519346 6.02
284.00 0.519126 6.02
285.00 0.518908 6.02
286.00 0.518689 6.02
287.00 0.518471 6.02
288.00 0.518253 6.02
289.00 0.518035 6.02
290.00 0.517817 6.02
291.00 0.517599 6.02
292.00 0.517381 6.02
293.00 0.517162 6.02
294.00 0.516943 6.02
295.00 0.516723 6.02
296.00 0.516503 6.02
297.00 0.516282 6.02
298.00 0.516061 6.02
299.00 0.515838 6.02
300.00 0.515615 6.02
301.00 0.515391 6.02
302.00 0.515167 6.02
303.00 0.514941 6.02
304.00 0.514715 6.01
305.00 0.514503 6.01
306.00 0.514292 6.01
307.00 0.514080 6.01
308.00 0.513869 6.01
309.00 0.513657 6.01
310.00 0.513444 6.01
311.00 0.513231 6.01
312.00 0.513018 6.01
313.00 0.512803 6.01
314.00 0.512588 6.01
315.00 0.512378 6.00
316.00 0.512179 5.99
317.00 0.511989 5.99
318.00 0.511800 5.99
319.00 0.511612 5.99
320.00 0.511424 5.99
321.00 0.511237 5.99
322.00 0.511050 5.99
323.00 0.510864 5.98
324.00 0.510679 5.98
325.00 0.510495 5.98
326.00 0.510311 5.98
327.00 0.510127 5.98
328.00 0.509944 5.98
329.00 0.509760 5.98
330.00 0.509576 5.98
331.00 0.509392 5.98
332.00 0.509208 5.98
333.00 0.509023 5.98
334.00 0.508838 5.98
335.00 0.508653 5.98
336.00 0.508467 5.98
337.00 0.508280 5.98
338.00 0.508093 5.98
339.00 0.507905 5.98
340.00 0.507716 5.98
341.00 0.507527 5.98
342.00 0.507337 5.98
343.00 0.507145 5.97
344.00 0.506954 5.97
345.00 0.506762 5.97
346.00 0.506570 5.97
347.00 0.506380 5.96
348.00 0.506190 5.96
349.00 0.506000 5.96
350.00 0.505809 5.96
351.00 0.505618 5.96
352.00 0.505426 5.95
353.00 0.505235 5.95
354.00 0.505043 5.95
355.00 0.504851 5.95
356.00 0.504659 5.95
357.00 0.504467 5.94
358.00 0.504278 5.93
359.00 0.504100 5.93
360.00 0.503922 5.93
361.00 0.503753 5.92
362.00 0.503600 5.91
363.00 0.503451 5.91
364.00 0.503313 5.90
365.00 0.503186 5.90
366.00 0.503061 5.90
367.00 0.502939 5.90
368.00 0.502818 5.90
369.00 0.502700 5.90
370.00 0.502583 5.90
371.00 0.502467 5.90
372.00 0.502353 5.90
373.00 0.502240 5.90
374.00 0.502129 5.90
375.00 0.502019 5.90
376.00 0.501909 5.90
377.00 0.501801 5.90
378.00 0.501694 5.90
379.00 0.501587 5.90
380.00 0.501482 5.90
381.00 0.501377 5.90
382.00 0.501273 5.90
383.00 0.501170 5.90
384.00 0.501068 5.90
385.00 0.500967 5.90
386.00 0.500866 5.90
387.00 0.500765 5.90
388.00 0.500666 5.90
389.00 0.500567 5.90
390.00 0.500468 5.90
391.00 0.500370 5.90
392.00 0.500273 5.90
393.00 0.500176 5.90
394.00 0.500079 5.90
395.00 0.499983 5.90
396.00 0.499887 5.90
397.00 0.499792 5.90
398.00 0.499697 5.90
399.00 0.499602 5.90
400.00 0.499508 5.90
401.00 0.499414 5.90
402.00 0.499321 5.90
403.00 0.499227 5.90
404.00 0.499134 5.90
405.00 0.499041 5.90
406.00 0.498948 5.90
407.00 0.498856 5.90
408.00 0.498763 5.90
409.00 0.498671 5.89
410.00 0.498580 5.89
411.00 0.498488 5.89
412.00 0.498397 5.89
413.00 0.498306 5.89
414.00 0.498215 5.89
415.00 0.498124 5.89
416.00 0.498033 5.89
417.00 0.497943 5.89
418.00 0.497852 5.89
419.00 0.497761 5.89
420.00 0.497671 5.89
421.00 0.497580 5.89
422.00 0.497489 5.89
423.00 0.497399 5.89
424.00 0.497308 5.89
425.00 0.497222 5.88
426.00 0.497139 5.88
427.00 0.497056 5.88
428.00 0.496974 5.88
429.00 0.496892 5.88
430.00 0.496811 5.88
431.00 0.496729 5.88
432.00 0.496648 5.88
433.00 0.496567 5.88
434.00 0.496487 5.88
435.00 0.496408 5.87
436.00 0.496329 5.87
437.00 0.496251 5.87
438.00 0.496173 5.87
439.00 0.496095 5.87
440.00 0.496018 5.87
441.00 0.495941 5.87
442.00 0.495865 5.87
443.00 0.495788 5.87
444.00 0.495712 5.87
445.00 0.495636 5.87
446.00 0.495561 5.87
447.00 0.495485 5.87
448.00 0.495410 5.87
449.00 0.495335 5.87
450.00 0.495261 5.87
451.00 0.495186 5.87
452.00 0.495112 5.87
453.00 0.495038 5.87
454.00 0.494964 5.87
455.00 0.494890 5.87
456.00 0.494816 5.87
457.00 0.494749 5.86
458.00 0.494686 5.86
459.00 0.494624 5.86
460.00 0.494562 5.86
461.00 0.494501 5.86
462.00 0.494441 5.86
463.00 0.494381 5.86
464.00 0.494322 5.86
465.00 0.494263 5.86
466.00 0.494205 5.86
467.00 0.494147 5.86
468.00 0.494089 5.86
469.00 0.494032 5.86
470.00 0.493975 5.86
471.00 0.493919 5.86
472.00 0.493863 5.86
473.00 0.493807 5.86
474.00 0.493752 5.86
475.00 0.493697 5.86
476.00 0.493642 5.86
477.00 0.493588 5.86
478.00 0.493534 5.86
479.00 0.493480 5.86
480.00 0.493427 5.86
481.00 0.493374 5.86
482.00 0.493321 5.86
483.00 0.493268 5.86
484.00 0.493216 5.86
485.00 0.493164 5.86
486.00 0.493113 5.86
487.00 0.493061 5.86
488.00 0.493010 5.86
489.00 0.492959 5.86
490.00 0.492909 5.86
491.00 0.492858 5.86
492.00 0.492808 5.86
493.00 0.492758 5.86
494.00 0.492708 5.86
495.00 0.492659 5.86
496.00 0.492610 5.86
497.00 0.492561 5.86
498.00 0.492512 5.86
499.00 0.492463 5.86
500.00 0.492414 5.86
501.00 0.492366 5.86
502.00 0.492318 5.86
503.00 0.492272 5.85
504.00 0.492230 5.85
505.00 0.492188 5.85
506.00 0.492147 5.85
507.00 0.492107 5.85
508.00 0.492066 5.85
509.00 0.492027 5.85
510.00 0.491987 5.85
511.00 0.491948 5.85
512.00 0.491910 5.85
513.00 0.491872 5.84
514.00 0.491837 5.84
515.00 0.491802 5.84
516.00 0.491768 5.84
517.00 0.491734 5.84
518.00 0.491701 5.84
519.00 0.491668 5.84
520.00 0.491636 5.84
521.00 0.491604 5.84
522.00 0.491573 5.83
523.00 0.491544 5.83
524.00 0.491515 5.83
525.00 0.491487 5.83
526.00 0.491459 5.83
527.00 0.491432 5.83
528.00 0.491405 5.83
529.00 0.491379 5.83
530.00 0.491353 5.83
531.00 0.491328 5.82
532.00 0.491304 5.82
533.00 0.491280 5.82
534.00 0.491257 5.82
535.00 0.491234 5.82
536.00 0.491212 5.82
537.00 0.491190 5.82
538.00 0.491168 5.82
539.00 0.491147 5.82
540.00 0.491126 5.82
541.00 0.491106 5.82
542.00 0.491086 5.82
543.00 0.491066 5.82
544.00 0.491046 5.82
545.00 0.491027 5.82
546.00 0.491008 5.82
547.00 0.490989 5.82
548.00 0.490971 5.82
549.00 0.490953 5.82
550.00 0.490935 5.82
551.00 0.490918 5.82
552.00 0.490900 5.82
553.00 0.490883 5.82
554.00 0.490866 5.82
555.00 0.490850 5.82
556.00 0.490834 5.82
557.00 0.490817 5.82
558.00 0.490802 5.82
559.00 0.490786 5.82
560.00 0.490771 5.82
561.00 0.490755 5.82
562.00 0.490741 5.82
563.00 0.490726 5.82
564.00 0.490711 5.82
565.00 0.490697 5.82
566.00 0.490683 5.81
567.00 0.490670 5.81
568.00 0.490656 5.81
569.00 0.490643 5.81
570.00 0.490631 5.81
571.00 0.490618 5.81
572.00 0.490606 5.81
573.00 0.490593 5.81
574.00 0.490581 5.81
575.00 0.490570 5.81
576.00 0.490558 5.81
577.00 0.490547 5.81
578.00 0.490535 5.81
579.00 0.490524 5.81
580.00 0.490513 5.81
581.00 0.490503 5.81
582.00 0.490492 5.81
583.00 0.490482 5.81
584.00 0.490471 5.81
585.00 0.490461 5.81
586.00 0.490451 5.81
587.00 0.490441 5.81
588.00 0.490432 5.81
589.00 0.490422 5.81
590.00 0.490413 5.81
591.00 0.490403 5.81
592.00 0.490394 5.81
593.00 0.490385 5.81
594.00 0.490376 5.81
595.00 0.490368 5.81
596.00 0.490359 5.81
597.00 0.490351 5.81
598.00 0.490342 5.81
599.00 0.490334 5.81
600.00 0.490326 5.81
601.00 0.490318 5.81
602.00 0.490310 5.81
603.00 0.490302 5.81
604.00 0.490294 5.81
605.00 0.490287 5.81
606.00 0.490279 5.81
607.00 0.490272 5.81
608.00 0.490265 5.81
609.00 0.490258 5.81
610.00 0.490250 5.81
611.00 0.490243 5.81
612.00 0.490237 5.81
613.00 0.490230 5.81
614.00 0.490223 5.81
615.00 0.490217 5.81
616.00 0.490210 5.81
617.00 0.490204 5.81
618.00 0.490197 5.81
619.00 0.490191 5.81
620.00 0.490185 5.81
621.00 0.490179 5.81
622.00 0.490173 5.81
623.00 0.490167 5.81
624.00 0.490161 5.81
625.00 0.490155 5.81
626.00 0.490150 5.81
627.00 0.490144 5.81
628.00 0.490139 5.81
629.00 0.490133 5.81
630.00 0.490128 5.81
631.00 0.490123 5.81
632.00 0.490117 5.81
633.00 0.490112 5.81
634.00 0.490107 5.81
635.00 0.490102 5.81
636.00 0.490097 5.81
637.00 0.490092 5.81
638.00 0.490088 5.81
639.00 0.490083 5.81
640.00 0.490078 5.81
641.00 0.490074 5.81
642.00 0.490069 5.81
643.00 0.490065 5.81
644.00 0.490060 5.81
645.00 0.490056 5.81
646.00 0.490051 5.81
647.00 0.490047 5.81
648.00 0.490043 5.81
649.00 0.490039 5.81
650.00 0.490035 5.81
651.00 0.490031 5.81
652.00 0.490027 5.81
653.00 0.490023 5.81
654.00 0.490019 5.81
655.00 0.490015 5.81
656.00 0.490012 5.81
657.00 0.490008 5.81
658.00 0.490004 5.81
659.00 0.490001 5.81
660.00 0.489997 5.81
661.00 0.489994 5.81
662.00 0.489990 5.81
663.00 0.489987 5.81
664.00 0.489983 5.81
665.00 0.489980 5.81
666.00 0.489977 5.81
667.00 0.489973 5.81
668.00 0.489970 5.81
669.00 0.489967 5.81
670.00 0.489964 5.81
671.00 0.489961 5.81
672.00 0.489958 5.81
673.00 0.489955 5.81
674.00 0.489952 5.81
675.00 0.489949 5.81
676.00 0.489946 5.81
677.00 0.489943 5.81
678.00 0.489941 5.81
679.00 0.489938 5.81
680.00 0.489935 5.81
681.00 0.489933 5.81
682.00 0.489930 5.81
683.00 0.489927 5.81
684.00 0.489925 5.81
685.00 0.489922 5.81
686.00 0.489920 5.81
687.00 0.489917 5.81
688.00 0.489915 5.81
689.00 0.489912 5.81
690.00 0.489910 5.81
691.00 0.489908 5.81
692.00 0.489905 5.81
693.00 0.489903 5.81
694.00 0.489901 5.81
695.00 0.489899 5.81
696.00 0.489897 5.81
697.00 0.489894 5.81
698.00 0.489892 5.81
699.00 0.489890 5.81
700.00 0.489888 5.81
701.00 0.489886 5.81
702.00 0.489884 5.81
703.00 0.489882 5.81
704.00 0.489880 5.81
705.00 0.489878 5.81
706.00 0.489876 5.81
707.00 0.489874 5.81
708.00 0.489873 5.81
709.00 0.489871 5.81
710.00 0.489869 5.81
711.00 0.489867 5.81
712.00 0.489865 5.81
713.00 0.489864 5.81
714.00 0.489862 5.81
715.00 0.489860 5.81
716.00 0.489859 5.81
717.00 0.489857 5.81
718.00 0.489855 5.81
719.00 0.489854 5.81
720.00 0.489852 5.81
721.00 0.489851 5.81
722.00 0.489849 5.81
723.00 0.489848 5.81
724.00 0.489846 5.81
725.00 0.489845 5.81
726.00 0.489843 5.81
727.00 0.489842 5.81
728.00 0.489840 5.81
729.00 0.489839 5.81
730.00 0.489837 5.81
731.00 0.489836 5.81
732.00 0.489835 5.81
733.00 0.489833 5.81
734.00 0.489832 5.81
735.00 0.489831 5.81
736.00 0.489830 5.81
737.00 0.489828 5.81
738.00 0.489827 5.81
739.00 0.489826 5.81
740.00 0.489825 5.81
741.00 0.489824 5.81
742.00 0.489822 5.81
743.00 0.489821 5.81
744.00 0.489820 5.81
745.00 0.489819 5.81
746.00 0.489818 5.81
747.00 0.489817 5.81
748.00 0.489816 5.81
749.00 0.489815 5.81
750.00 0.489814 5.81
751.00 0.489812 5.81
752.00 0.489811 5.81
753.00 0.489810 5.81
754.00 0.489809 5.81
755.00 0.489808 5.81
756.00 0.489807 5.81
757.00 0.489807 5.81
758.00 0.489806 5.81
759.00 0.489805 5.81
760.00 0.489804 5.81
761.00 0.489803 5.81
762.00 0.489802 5.81
763.00 0.489801 5.81
764.00 0.489800 5.81
765.00 0.489799 5.81
766.00 0.489798 5.81
767.00 0.489798 5.81
768.00 0.489797 5.81
769.00 0.489796 5.81
770.00 0.489795 5.81
771.00 0.489794 5.81
772.00 0.489794 5.81
773.00 0.489793 5.81
774.00 0.489792 5.81
775.00 0.489791 5.81
776.00 0.489791 5.81
777.00 0.489790 5.81
778.00 0.489789 5.81
779.00 0.489788 5.81
780.00 0.489788 5.81
781.00 0.489787 5.81
782.00 0.489786 5.81
783.00 0.489786 5.81
784.00 0.489785 5.81
785.00 0.489784 5.81
786.00 0.489784 5.81
787.00 0.489783 5.81
788.00 0.489782 5.81
789.00 0.489782 5.81
790.00 0.489781 5.81
791.00 0.489781 5.81
792.00 0.489780 5.81
793.00 0.489779 5.81
794.00 0.489779 5.81
795.00 0.489778 5.81
796.00 0.489778 5.81
797.00 0.489777 5.81
798.00 0.489777 5.81
799.00 0.489776 5.81
800.00 0.489776 5.81
801.00 0.489775 5.81
802.00 0.489774 5.81
803.00 0.489774 5.81
804.00 0.489773 5.81
805.00 0.489773 5.81
806.00 0.489772 5.81
807.00 0.489772 5.81
808.00 0.489771 5.81
809.00 0.489771 5.81
810.00 0.489771 5.81
811.00 0.489770 5.81
812.00 0.489770 5.81
813.00 0.489769 5.81
814.00 0.489769 5.81
815.00 0.489768 5.81
816.00 0.489768 5.81
817.00 0.489767 5.81
818.00 0.489767 5.81
819.00 0.489767 5.81
820.00 0.489766 5.81
821.00 0.489766 5.81
822.00 0.489765 5.81
823.00 0.489765 5.81
824.00 0.489765 5.81
825.00 0.489764 5.81
826.00 0.489764 5.81
827.00 0.489763 5.81
828.00 0.489763 5.81
829.00 0.489763 5.81
830.00 0.489762 5.81
831.00 0.489762 5.81
832.00 0.489762 5.81
833.00 0.489761 5.81
834.00 0.489761 5.81
835.00 0.489761 5.81
836.00 0.489760 5.81
837.00 0.489760 5.81
838.00 0.489760 5.81
839.00 0.489759 5.81
840.00 0.489759 5.81
841.00 0.489759 5.81
842.00 0.489758 5.81
843.00 0.489758 5.81
844.00 0.489758 5.81
845.00 0.489758 5.81
846.00 0.489757 5.81
847.00 0.489757 5.81
848.00 0.489757 5.81
849.00 0.489756 5.81
850.00 0.489756 5.81
851.00 0.489756 5.81
852.00 0.489756 5.81
853.00 0.489755 5.81
854.00 0.489755 5.81
855.00 0.489755 5.81
856.00 0.489755 5.81
857.00 0.489754 5.81
858.00 0.489754 5.81
859.00 0.489754 5.81
860.00 0.489754 5.81
861.00 0.489753 5.81
862.00 0.489753 5.81
863.00 0.489753 5.81
864.00 0.489753 5.81
865.00 0.489753 5.81
866.00 0.489752 5.81
867.00 0.489752 5.81
868.00 0.489752 5.81
869.00 0.489752 5.81
870.00 0.489751 5.81
871.00 0.489751 5.81
872.00 0.489751 5.81
873.00 0.489751 5.81
874.00 0.489751 5.81
875.00 0.489750 5.81
876.00 0.489750 5.81
877.00 0.489750 5.81
878.00 0.489750 5.81
879.00 0.489750 5.81
880.00 0.489750 5.81
881.00 0.489749 5.81
882.00 0.489749 5.81
883.00 0.489749 5.81
884.00 0.489749 5.81
885.00 0.489749 5.81
886.00 0.489748 5.81
887.00 0.489748 5.81
888.00 0.489748 5.81
889.00 0.489748 5.81
890.00 0.489748 5.81
891.00 0.489748 5.81
892.00 0.489748 5.81
893.00 0.489747 5.81
894.00 0.489747 5.81
895.00 0.489747 5.81
896.00 0.489747 5.81
897.00 0.489747 5.81
898.00 0.489747 5.81
899.00 0.489746 5.81
900.00 0.489746 5.81
901.00 0.489746 5.81
902.00 0.489746 5.81
903.00 0.489746 5.81
904.00 0.489746 5.81
905.00 0.489746 5.81
906.00 0.489746 5.81
907.00 0.489745 5.81
908.00 0.489745 5.81
909.00 0.489745 5.81
910.00 0.489745 5.81
911.00 0.489745 5.81
912.00 0.489745 5.81
913.00 0.489745 5.81
914.00 0.489745 5.81
915.00 0.489744 5.81
916.00 0.489744 5.81
917.00 0.489744 5.81
918.00 0.489744 5.81
919.00 0.489744 5.81
920.00 0.489744 5.81
921.00 0.489744 5.81
922.00 0.489744 5.81
923.00 0.489744 5.81
924.00 0.489744 5.81
925.00 0.489743 5.81
926.00 0.489743 5.81
927.00 0.489743 5.81
928.00 0.489743 5.81
929.00 0.489743 5.81
930.00 0.489743 5.81
931.00 0.489743 5.81
932.00 0.489743 5.81
933.00 0.489743 5.81
934.00 0.489743 5.81
935.00 0.489742 5.81
936.00 0.489742 5.81
937.00 0.489742 5.81
938.00 0.489742 5.81
939.00 0.489742 5.81
940.00 0.489742 5.81
941.00 0.489742 5.81
942.00 0.489742 5.81
943.00 0.489742 5.81
944.00 0.489742 5.81
945.00 0.489742 5.81
946.00 0.489742 5.81
947.00 0.489742 5.81
948.00 0.489741 5.81
949.00 0.489741 5.81
950.00 0.489741 5.81
951.00 0.489741 5.81
952.00 0.489741 5.81
953.00 0.489741 5.81
954.00 0.489741 5.81
955.00 0.489741 5.81
956.00 0.489741 5.81
957.00 0.489741 5.81
958.00 0.489741 5.81
959.00 0.489741 5.81
960.00 0.489741 5.81
961.00 0.489741 5.81
962.00 0.489741 5.81
963.00 0.489740 5.81
964.00 0.489740 5.81
965.00 0.489740 5.81
966.00 0.489740 5.81
967.00 0.489740 5.81
968.00 0.489740 5.81
969.00 0.489740 5.81
970.00 0.489740 5.81
971.00 0.489740 5.81
972.00 0.489740 5.81
973.00 0.489740 5.81
974.00 0.489740 5.81
975.00 0.489740 5.81
976.00 0.489740 5.81
977.00 0.489740 5.81
978.00 0.489740 5.81
979.00 0.489740 5.81
980.00 0.489740 5.81
981.00 0.489740 5.81
982.00 0.489739 5.81
983.00 0.489739 5.81
984.00 0.489739 5.81
985.00 0.489739 5.81
986.00 0.489739 5.81
987.00 0.489739 5.81
988.00 0.489739 5.81
989.00 0.489739 5.81
990.00 0.489739 5.81
991.00 0.489739 5.81
992.00 0.489739 5.81
993.00 0.489739 5.81
994.00 0.489739 5.81
995.00 0.489739 5.81
996.00 0.489739 5.81
997.00 0.489739 5.81
998.00 0.489739 5.81
999.00 0.489739 5.81
1000.00 0.489739 5.81
1001.00 0.489739 5.81
1002.00 0.489739 5.81
1003.00 0.489739 5.81
1004.00 0.489739 5.81
1005.00 0.489739 5.81
1006.00 0.489739 5.81
1007.00 0.489739 5.81
1008.00 0.489738 5.81
1009.00 0.489738 5.81
1010.00 0.489738 5.81
1011.00 0.489738 5.81
1012.00 0.489738 5.81
1013.00 0.489738 5.81
1014.00 0.489738 5.81
1015.00 0.489738 5.81
1016.00 0.489738 5.81
1017.00 0.489738 5.81
1018.00 0.489738 5.81
1019.00 0.489738 5.81
1020.00 0.489738 5.81
1021.00 0.489738 5.81
1022.00 0.489738 5.81
1023.00 0.489738 5.81
1024.00 0.489738 5.81
1025.00 0.489738 5.81
1026.00 0.489738 5.81
1027.00 0.489738 5.81
1028.00 0.489738 5.81
1029.00 0.489738 5.81
1030.00 0.489738 5.81
1031.00 0.489738 5.81
1032.00 0.489738 5.81
1033.00 0.489738 5.81
1034.00 0.489738 5.81
1035.00 0.489738 5.81
1036.00 0.489738 5.81
1037.00 0.489738 5.81
1038.00 0.489738 5.81
1039.00 0.489738 5.81
1040.00 0.489738 5.81
1041.00 0.489738 5.81
1042.00 0.489738 5.81
1043.00 0.489738 5.81
1044.00 0.489738 5.81
1045.00 0.489738 5.81
1046.00 0.489738 5.81
1047.00 0.489738 5.81
1048.00 0.489737 5.81
1049.00 0.489737 5.81
1050.00 0.489737 5.81
1051.00 0.489737 5.81
1052.00 0.489737 5.81
1053.00 0.489737 5.81
1054.00 0.489737 5.81
1055.00 0.489737 5.81
1056.00 0.489737 5.81
1057.00 0.489737 5.81
1058.00 0.489737 5.81
1059.00 0.489737 5.81
1060.00 0.489737 5.81
1061.00 0.489737 5.81
1062.00 0.489737 5.81
1063.00 0.489737 5.81
1064.00 0.489737 5.81
1065.00 0.489737 5.81
1066.00 0.489737 5.81
1067.00 0.489737 5.81
1068.00 0.489737 5.81
1069.00 0.489737 5.81
1070.00 0.489737 5.81
1071.00 0.489737 5.81
1072.00 0.489737 5.81
1073.00 0.489737 5.81
1074.00 0.489737 5.81
1075.00 0.489737 5.81
1076.00 0.489737 5.81
1077.00 0.489737 5.81
1078.00 0.489737 5.81
1079.00 0.489737 5.81
1080.00 0.489737 5.81
1081.00 0.489737 5.81
1082.00 0.489737 5.81
1083.00 0.489737 5.81
1084.00 0.489737 5.81
1085.00 0.489737 5.81
1086.00 0.489737 5.81
1087.00 0.489737 5.81
1088.00 0.489737 5.81
1089.00 0.489737 5.81
1090.00 0.489737 5.81
1091.00 0.489737 5.81
1092.00 0.489737 5.81
1093.00 0.489737 5.81
1094.00 0.489737 5.81
1095.00 0.489737 5.81
1096.00 0.489737 5.81
1097.00 0.489737 5.81
1098.00 0.489737 5.81
1099.00 0.489737 5.81
1100.00 0.489737 5.81
1101.00 0.489737 5.81
1102.00 0.489737 5.81
1103.00 0.489737 5.81
1104.00 0.489737 5.81
1105.00 0.489737 5.81
1106.00 0.489737 5.81
1107.00 0.489737 5.81
1108.00 0.489737 5.81
1109.00 0.489737 5.81
1110.00 0.489737 5.81
1111.00 0.489737 5.81
1112.00 0.489737 5.81
1113.00 0.489737 5.81
1114.00 0.489737 5.81
1115.00 0.489737 5.81
1116.00 0.489737 5.81
1117.00 0.489737 5.81
1118.00 0.489737 5.81
1119.00 0.489737 5.81
1120.00 0.489737 5.81
1121.00 0.489737 5.81
1122.00 0.489737 5.81
1123.00 0.489737 5.81
1124.00 0.489737 5.81
1125.00 0.489737 5.81
1126.00 0.489737 5.81
1127.00 0.489737 5.81
1128.00 0.489737 5.81
1129.00 0.489737 5.81
1130.00 0.489737 5.81
1131.00 0.489737 5.81
1132.00 0.489737 5.81
1133.00 0.489737 5.81
1134.00 0.489737 5.81
1135.00 0.489737 5.81
1136.00 0.489737 5.81
1137.00 0.489737 5.81
1138.00 0.489737 5.81
1139.00 0.489737 5.81
1140.00 0.489737 5.81
1141.00 0.489736 5.81
1142.00 0.489736 5.81
1143.00 0.489736 5.81
1144.00 0.489736 5.81
1145.00 0.489736 5.81
1146.00 0.489736 5.81
1147.00 0.489736 5.81
1148.00 0.489736 5.81
1149.00 0.489736 5.81
1150.00 0.489736 5.81
1151.00 0.489736 5.81
1152.00 0.489736 5.81
1153.00 0.489736 5.81
1154.00 0.489736 5.81
1155.00 0.489736 5.81
1156.00 0.489736 5.81
1157.00 0.489736 5.81
1158.00 0.489736 5.81
1159.00 0.489736 5.81
1160.00 0.489736 5.81
1161.00 0.489736 5.81
1162.00 0.489736 5.81
1163.00 0.489736 5.81
1164.00 0.489736 5.81
1165.00 0.489736 5.81
1166.00 0.489736 5.81
1167.00 0.489736 5.81
1168.00 0.489736 5.81
1169.00 0.489736 5.81
1170.00 0.489736 5.81
1171.00 0.489736 5.81
1172.00 0.489736 5.81
1173.00 0.489736 5.81
1174.00 0.489736 5.81
1175.00 0.489736 5.81
1176.00 0.489736 5.81
1177.00 0.489736 5.81
1178.00 0.489736 5.81
1179.00 0.489736 5.81
1180.00 0.489736 5.81
1181.00 0.489736 5.81
1182.00 0.489736 5.81
1183.00 0.489736 5.81
1184.00 0.489736 5.81
1185.00 0.489736 5.81
1186.00 0.489736 5.81
1187.00 0.489736 5.81
1188.00 0.489736 5.81
1189.00 0.489736 5.81
1190.00 0.489736 5.81
1191.00 0.489736 5.81
1192.00 0.489736 5.81
1193.00 0.489736 5.81
1194.00 0.489736 5.81
1195.00 0.489736 5.81
1196.00 0.489736 5.81
1197.00 0.489736 5.81
1198.00 0.489736 5.81
1199.00 0.489736 5.81
1200.00 0.489736 5.81
1201.00 0.489736 5.81
1202.00 0.489736 5.81
1203.00 0.489736 5.81
1204.00 0.489736 5.81
1205.00 0.489736 5.81
1206.00 0.489736 5.81
1207.00 0.489736 5.81
1208.00 0.489736 5.81
1209.00 0.489736 5.81
1210.00 0.489736 5.81
1211.00 0.489736 5.81
1212.00 0.489736 5.81
1213.00 0.489736 5.81
1214.00 0.489736 5.81
1215.00 0.489736 5.81
1216.00 0.489736 5.81
1217.00 0.489736 5.81
1218.00 0.489736 5.81
1219.00 0.489736 5.81
1220.00 0.489736 5.81
1221.00 0.489736 5.81
1222.00 0.489736 5.81
1223.00 0.489736 5.81
1224.00 0.489736 5.81
1225.00 0.489736 5.81
1226.00 0.489736 5.81
1227.00 0.489736 5.81
1228.00 0.489736 5.81
1229.00 0.489736 5.81
1230.00 0.489736 5.81
1231.00 0.489736 5.81
1232.00 0.489736 5.81
1233.00 0.489736 5.81
1234.00 0.489736 5.81
1235.00 0.489736 5.81
1236.00 0.489736 5.81
1237.00 0.489736 5.81
1238.00 0.489736 5.81
1239.00 0.489736 5.81
1240.00 0.489736 5.81
1241.00 0.489736 5.81
1242.00 0.489736 5.81
1243.00 0.489736 5.81
1244.00 0.489736 5.81
1245.00 0.489736 5.81
1246.00 0.489736 5.81
1247.00 0.489736 5.81
1248.00 0.489736 5.81
1249.00 0.489736 5.81
1250.00 0.489736 5.81
1251.00 0.489736 5.81
1252.00 0.489736 5.81
1253.00 0.489736 5.81
1254.00 0.489736 5.81
1255.00 0.489736 5.81
1256.00 0.489736 5.81
1257.00 0.489736 5.81
1258.00 0.489736 5.81
1259.00 0.489736 5.81
1260.00 0.489736 5.81
1261.00 0.489736 5.81
1262.00 0.489736 5.81
1263.00 0.489736 5.81
1264.00 0.489736 5.81
1265.00 0.489736 5.81
1266.00 0.489736 5.81
1267.00 0.489736 5.81
1268.00 0.489736 5.81
1269.00 0.489736 5.81
1270.00 0.489736 5.81
1271.00 0.489736 5.81
1272.00 0.489736 5.81
1273.00 0.489736 5.81
1274.00 0.489736 5.81
1275.00 0.489736 5.81
1276.00 0.489736 5.81
1277.00 0.489736 5.81
1278.00 0.489736 5.81
1279.00 0.489736 5.81
1280.00 0.489736 5.81
1281.00 0.489736 5.81
1282.00 0.489736 5.81
1283.00 0.489736 5.81
1284.00 0.489736 5.81
1285.00 0.489736 5.81
1286.00 0.489736 5.81
1287.00 0.489736 5.81
1288.00 0.489736 5.81
1289.00 0.489736 5.81
1290.00 0.489736 5.81
1291.00 0.489736 5.81
1292.00 0.489736 5.81
1293.00 0.489736 5.81
1294.00 0.489736 5.81
1295.00 0.489736 5.81
1296.00 0.489736 5.81
1297.00 0.489736 5.81
1298.00 0.489736 5.81
1299.00 0.489736 5.81
1300.00 0.489736 5.81
1301.00 0.489736 5.81
1302.00 0.489736 5.81
1303.00 0.489736 5.81
1304.00 0.489736 5.81
1305.00 0.489736 5.81
1306.00 0.489736 5.81
1307.00 0.489736 5.81
1308.00 0.489736 5.81
1309.00 0.489736 5.81
1310.00 0.489736 5.81
1311.00 0.489736 5.81
1312.00 0.489736 5.81
1313.00 0.489736 5.81
1314.00 0.489736 5.81
1315.00 0.489736 5.81
1316.00 0.489736 5.81
1317.00 0.489736 5.81
1318.00 0.489736 5.81
1319.00 0.489736 5.81
1320.00 0.489736 5.81
1321.00 0.489736 5.81
1322.00 0.489736 5.81
1323.00 0.489736 5.81
1324.00 0.489736 5.81
1325.00 0.489736 5.81
1326.00 0.489736 5.81
1327.00 0.489736 5.81
1328.00 0.489736 5.81
1329.00 0.489736 5.81
1330.00 0.489736 5.81
1331.00 0.489736 5.81
1332.00 0.489736 5.81
1333.00 0.489736 5.81
1334.00 0.489736 5.81
1335.00 0.489736 5.81
1336.00 0.489736 5.81
1337.00 0.489736 5.81
1338.00 0.489736 5.81
1339.00 0.489736 5.81
1340.00 0.489736 5.81
1341.00 0.489736 5.81
1342.00 0.489736 5.81
1343.00 0.489736 5.81
1344.00 0.489736 5.81
1345.00 0.489736 5.81
1346.00 0.489736 5.81
1347.00 0.489736 5.81
1348.00 0.489736 5.81
1349.00 0.489736 5.81
1350.00 0.489736 5.81
1351.00 0.489736 5.81
1352.00 0.489736 5.81
1353.00 0.489736 5.81
1354.00 0.489736 5.81
1355.00 0.489736 5.81
1356.00 0.489736 5.81
1357.00 0.489736 5.81
1358.00 0.489736 5.81
1359.00 0.489736 5.81
1360.00 0.489736 5.81
1361.00 0.489736 5.81
1362.00 0.489736 5.81
1363.00 0.489736 5.81
1364.00 0.489736 5.81
1365.00 0.489736 5.81
1366.00 0.489736 5.81
1367.00 0.489736 5.81
1368.00 0.489736 5.81
1369.00 0.489736 5.81
1370.00 0.489736 5.81
1371.00 0.489736 5.81
1372.00 0.489736 5.81
1373.00 0.489736 5.81
1374.00 0.489736 5.81
1375.00 0.489736 5.81
1376.00 0.489736 5.81
1377.00 0.489736 5.81
1378.00 0.489736 5.81
1379.00 0.489736 5.81
1380.00 0.489736 5.81
1381.00 0.489736 5.81
1382.00 0.489736 5.81
1383.00 0.489736 5.81
1384.00 0.489736 5.81
1385.00 0.489736 5.81
1386.00 0.489736 5.81
1387.00 0.489736 5.81
1388.00 0.489736 5.81
1389.00 0.489736 5.81
1390.00 0.489736 5.81
1391.00 0.489736 5.81
1392.00 0.489736 5.81
1393.00 0.489736 5.81
1394.00 0.489736 5.81
1395.00 0.489736 5.81
1396.00 0.489736 5.81
1397.00 0.489736 5.81
1398.00 0.489736 5.81
1399.00 0.489736 5.81
1400.00 0.489736 5.81
1401.00 0.489736 5.81
1402.00 0.489736 5.81
1403.00 0.489736 5.81
1404.00 0.489736 5.81
1405.00 0.489736 5.81
1406.00 0.489736 5.81
1407.00 0.489736 5.81
1408.00 0.489736 5.81
1409.00 0.489736 5.81
1410.00 0.489736 5.81
1411.00 0.489736 5.81
1412.00 0.489736 5.81
1413.00 0.489736 5.81
1414.00 0.489736 5.81
1415.00 0.489736 5.81
1416.00 0.489736 5.81
1417.00 0.489736 5.81
1418.00 0.489736 5.81
1419.00 0.489736 5.81
1420.00 0.489736 5.81
1421.00 0.489736 5.81
1422.00 0.489736 5.81
1423.00 0.489736 5.81
1424.00 0.489736 5.81
1425.00 0.489736 5.81
1426.00 0.489736 5.81
1427.00 0.489736 5.81
1428.00 0.489736 5.81
1429.00 0.489736 5.81
1430.00 0.489736 5.81
1431.00 0.489736 5.81
1432.00 0.489736 5.81
1433.00 0.489736 5.81
1434.00 0.489736 5.81
1435.00 0.489736 5.81
1436.00 0.489736 5.81
1437.00 0.489736 5.81
1438.00 0.489736 5.81
1439.00 0.489736 5.81
1440.00 0.489736 5.81
1441.00 0.489736 5.81
1442.00 0.489736 5.81
1443.00 0.489736 5.81
1444.00 0.489736 5.81
1445.00 0.489736 5.81
1446.00 0.489736 5.81
1447.00 0.489736 5.81
1448.00 0.489736 5.81
1449.00 0.489736 5.81
1450.00 0.489736 5.81
1451.00 0.489736 5.81
1452.00 0.489736 5.81
1453.00 0.489736 5.81
1454.00 0.489736 5.81
1455.00 0.489736 5.81
1456.00 0.489736 5.81
1457.00 0.489736 5.81
1458.00 0.489736 5.81
1459.00 0.489736 5.81
1460.00 0.489736 5.81
1461.00 0.489736 5.81
1462.00 0.489736 5.81
1463.00 0.489736 5.81
1464.00 0.489736 5.81
1465.00 0.489736 5.81
1466.00 0.489736 5.81
1467.00 0.489736 5.81
1468.00 0.489736 5.81
1469.00 0.489736 5.81
1470.00 0.489736 5.81
1471.00 0.489736 5.81
1472.00 0.489736 5.81
1473.00 0.489736 5.81
1474.00 0.489736 5.81
1475.00 0.489736 5.81
1476.00 0.489736 5.81
1477.00 0.489736 5.81
1478.00 0.489736 5.81
1479.00 0.489736 5.81
1480.00 0.489736 5.81
1481.00 0.489736 5.81
1482.00 0.489736 5.81
1483.00 0.489736 5.81
1484.00 0.489736 5.81
1485.00 0.489736 5.81
1486.00 0.489736 5.81
1487.00 0.489736 5.81
1488.00 0.489736 5.81
1489.00 0.489736 5.81
1490.00 0.489736 5.81
1491.00 0.489736 5.81
1492.00 0.489736 5.81
1493.00 0.489736 5.81
1494.00 0.489736 5.81
1495.00 0.489736 5.81
1496.00 0.489736 5.81
1497.00 0.489736 5.81
1498.00 0.489736 5.81
1499.00 0.489736 5.81
1500.00 0.489736 5.81
1501.00 0.489736 5.81
1502.00 0.489736 5.81
1503.00 0.489736 5.81
1504.00 0.489736 5.81
1505.00 0.489736 5.81
1506.00 0.489736 5.81
1507.00 0.489736 5.81
1508.00 0.489736 5.81
1509.00 0.489736 5.81
1510.00 0.489736 5.81
1511.00 0.489736 5.81
1512.00 0.489736 5.81
1513.00 0.489736 5.81
1514.00 0.489736 5.81
1515.00 0.489736 5.81
1516.00 0.489736 5.81
1517.00 0.489736 5.81
1518.00 0.489736 5.81
1519.00 0.489736 5.81
1520.00 0.489736 5.81
1521.00 0.489736 5.81
1522.00 0.489736 5.81
1523.00 0.489736 5.81
1524.00 0.489736 5.81
1525.00 0.489736 5.81
1526.00 0.489736 5.81
1527.00 0.489736 5.81
1528.00 0.489736 5.81
1529.00 0.489736 5.81
1530.00 0.489736 5.81
1531.00 0.489736 5.81
1532.00 0.489736 5.81
1533.00 0.489736 5.81
1534.00 0.489736 5.81
1535.00 0.489736 5.81
1536.00 0.489736 5.81
1537.00 0.489736 5.81
1538.00 0.489736 5.81
1539.00 0.489736 5.81
1540.00 0.489736 5.81
1541.00 0.489736 5.81
1542.00 0.489736 5.81
1543.00 0.489736 5.81
1544.00 0.489736 5.81
1545.00 0.489736 5.81
1546.00 0.489736 5.81
1547.00 0.489736 5.81
1548.00 0.489736 5.81
1549.00 0.489736 5.81
1550.00 0.489736 5.81
1551.00 0.489736 5.81
1552.00 0.489736 5.81
1553.00 0.489736 5.81
1554.00 0.489736 5.81
1555.00 0.489736 5.81
1556.00 0.489736 5.81
1557.00 0.489736 5.81
1558.00 0.489736 5.81
1559.00 0.489736 5.81
1560.00 0.489736 5.81
1561.00 0.489736 5.81
1562.00 0.489736 5.81
1563.00 0.489736 5.81
1564.00 0.489736 5.81
1565.00 0.489736 5.81
1566.00 0.489736 5.81
1567.00 0.489736 5.81
1568.00 0.489736 5.81
1569.00 0.489736 5.81
1570.00 0.489736 5.81
1571.00 0.489736 5.81
1572.00 0.489736 5.81
1573.00 0.489736 5.81
1574.00 0.489736 5.81
1575.00 0.489736 5.81
1576.00 0.489736 5.81
1577.00 0.489736 5.81
1578.00 0.489736 5.81
1579.00 0.489736 5.81
1580.00 0.489736 5.81
1581.00 0.489736 5.81
1582.00 0.489736 5.81
1583.00 0.489736 5.81
1584.00 0.489736 5.81
1585.00 0.489736 5.81
1586.00 0.489736 5.81
1587.00 0.489736 5.81
1588.00 0.489736 5.81
1589.00 0.489736 5.81
1590.00 0.489736 5.81
1591.00 0.489736 5.81
1592.00 0.489736 5.81
1593.00 0.489736 5.81
1594.00 0.489736 5.81
1595.00 0.489736 5.81
1596.00 0.489736 5.81
1597.00 0.489736 5.81
1598.00 0.489736 5.81
1599.00 0.489736 5.81
1600.00 0.489736 5.81
1601.00 0.489736 5.81
1602.00 0.489736 5.81
1603.00 0.489736 5.81
1604.00 0.489736 5.81
1605.00 0.489736 5.81
1606.00 0.489736 5.81
1607.00 0.489736 5.81
1608.00 0.489736 5.81
1609.00 0.489736 5.81
1610.00 0.489736 5.81
1611.00 0.489736 5.81
1612.00 0.489736 5.81
1613.00 0.489736 5.81
1614.00 0.489736 5.81
1615.00 0.489736 5.81
1616.00 0.489736 5.81
1617.00 0.489736 5.81
1618.00 0.489736 5.81
1619.00 0.489736 5.81
1620.00 0.489736 5.81
1621.00 0.489736 5.81
1622.00 0.489736 5.81
1623.00 0.489736 5.81
1624.00 0.489736 5.81
1625.00 0.489736 5.81
1626.00 0.489736 5.81
1627.00 0.489736 5.81
1628.00 0.489736 5.81
1629.00 0.489736 5.81
1630.00 0.489736 5.81
1631.00 0.489736 5.81
1632.00 0.489736 5.81
1633.00 0.489736 5.81
1634.00 0.489736 5.81
1635.00 0.489736 5.81
1636.00 0.489736 5.81
1637.00 0.489736 5.81
1638.00 0.489736 5.81
1639.00 0.489736 5.81
1640.00 0.489736 5.81
1641.00 0.489736 5.81
1642.00 0.489736 5.81
1643.00 0.489736 5.81
1644.00 0.489736 5.81
1645.00 0.489736 5.81
1646.00 0.489736 5.81
1647.00 0.489736 5.81
1648.00 0.489736 5.81
1649.00 0.489736 5.81
1650.00 0.489736 5.81
1651.00 0.489736 5.81
1652.00 0.489736 5.81
1653.00 0.489736 5.81
1654.00 0.489736 5.81
1655.00 0.489736 5.81
1656.00 0.489736 5.81
1657.00 0.489736 5.81
1658.00 0.489736 5.81
1659.00 0.489736 5.81
1660.00 0.489736 5.81
1661.00 0.489736 5.81
1662.00 0.489736 5.81
1663.00 0.489736 5.81
1664.00 0.489736 5.81
1665.00 0.489736 5.81
1666.00 0.489736 5.81
1667.00 0.489736 5.81
1668.00 0.489736 5.81
1669.00 0.489736 5.81
1670.00 0.489736 5.81
1671.00 0.489736 5.81
1672.00 0.489736 5.81
1673.00 0.489736 5.81
1674.00 0.489736 5.81
1675.00 0.489736 5.81
1676.00 0.489736 5.81
1677.00 0.489736 5.81
1678.00 0.489736 5.81
1679.00 0.489736 5.81
1680.00 0.489736 5.81
1681.00 0.489736 5.81
1682.00 0.489736 5.81
1683.00 0.489736 5.81
1684.00 0.489736 5.81
1685.00 0.489736 5.81
1686.00 0.489736 5.81
1687.00 0.489736 5.81
1688.00 0.489736 5.81
1689.00 0.489736 5.81
1690.00 0.489736 5.81
1691.00 0.489736 5.81
1692.00 0.489736 5.81
1693.00 0.489736 5.81
1694.00 0.489736 5.81
1695.00 0.489736 5.81
1696.00 0.489736 5.81
1697.00 0.489736 5.81
1698.00 0.489736 5.81
1699.00 0.489736 5.81
1700.00 0.489736 5.81
1701.00 0.489736 5.81
1702.00 0.489736 5.81
1703.00 0.489736 5.81
1704.00 0.489736 5.81
1705.00 0.489736 5.81
1706.00 0.489736 5.81
1707.00 0.489736 5.81
1708.00 0.489736 5.81
1709.00 0.489736 5.81
1710.00 0.489736 5.81
1711.00 0.489736 5.81
1712.00 0.489736 5.81
1713.00 0.489736 5.81
1714.00 0.489736 5.81
1715.00 0.489736 5.81
1716.00 0.489736 5.81
1717.00 0.489736 5.81
1718.00 0.489736 5.81
1719.00 0.489736 5.81
1720.00 0.489736 5.81
1721.00 0.489736 5.81
1722.00 0.489736 5.81
1723.00 0.489736 5.81
1724.00 0.489736 5.81
1725.00 0.489736 5.81
1726.00 0.489736 5.81
1727.00 0.489736 5.81
1728.00 0.489736 5.81
1729.00 0.489736 5.81
1730.00 0.489736 5.81
1731.00 0.489736 5.81
1732.00 0.489736 5.81
1733.00 0.489736 5.81
1734.00 0.489736 5.81
1735.00 0.489736 5.81
1736.00 0.489736 5.81
1737.00 0.489736 5.81
1738.00 0.489736 5.81
1739.00 0.489736 5.81
1740.00 0.489736 5.81
1741.00 0.489736 5.81
1742.00 0.489736 5.81
1743.00 0.489736 5.81
1744.00 0.489736 5.81
1745.00 0.489736 5.81
1746.00 0.489736 5.81
1747.00 0.489736 5.81
1748.00 0.489736 5.81
1749.00 0.489736 5.81
1750.00 0.489736 5.81
1751.00 0.489736 5.81
1752.00 0.489736 5.81
1753.00 0.489736 5.81
1754.00 0.489736 5.81
1755.00 0.489736 5.81
1756.00 0.489736 5.81
1757.00 0.489736 5.81
1758.00 0.489736 5.81
1759.00 0.489736 5.81
1760.00 0.489736 5.81
1761.00 0.489736 5.81
1762.00 0.489736 5.81
1763.00 0.489736 5.81
1764.00 0.489736 5.81
1765.00 0.489736 5.81
1766.00 0.489736 5.81
1767.00 0.489736 5.81
1768.00 0.489736 5.81
1769.00 0.489736 5.81
1770.00 0.489736 5.81
1771.00 0.489736 5.81
1772.00 0.489736 5.81
1773.00 0.489736 5.81
1774.00 0.489736 5.81
1775.00 0.489736 5.81
1776.00 0.489736 5.81
1777.00 0.489736 5.81
1778.00 0.489736 5.81
1779.00 0.489736 5.81
1780.00 0.489736 5.81
1781.00 0.489736 5.81
1782.00 0.489736 5.81
1783.00 0.489736 5.81
1784.00 0.489736 5.81
1785.00 0.489736 5.81
1786.00 0.489736 5.81
1787.00 0.489736 5.81
1788.00 0.489736 5.81
1789.00 0.489736 5.81
1790.00 0.489736 5.81
1791.00 0.489736 5.81
1792.00 0.489736 5.81
1793.00 0.489736 5.81
1794.00 0.489736 5.81
1795.00 0.489736 5.81
1796.00 0.489736 5.81
1797.00 0.489736 5.81
1798.00 0.489736 5.81
1799.00 0.489736 5.81
1800.00 0.489736 5.81
1801.00 0.489736 5.81
1802.00 0.489736 5.81
1803.00 0.489736 5.81
1804.00 0.489736 5.81
1805.00 0.489736 5.81
1806.00 0.489736 5.81
1807.00 0.489736 5.81
1808.00 0.489736 5.81
1809.00 0.489736 5.81
1810.00 0.489736 5.81
1811.00 0.489736 5.81
1812.00 0.489736 5.81
1813.00 0.489736 5.81
1814.00 0.489736 5.81
1815.00 0.489736 5.81
1816.00 0.489736 5.81
1817.00 0.489736 5.81
1818.00 0.489736 5.81
1819.00 0.489736 5.81
1820.00 0.489736 5.81
1821.00 0.489736 5.81
1822.00 0.489736 5.81
1823.00 0.489736 5.81
1824.00 0.489736 5.81
1825.00 0.489736 5.81
1826.00 0.489736 5.81
1827.00 0.489736 5.81
1828.00 0.489736 5.81
1829.00 0.489736 5.81
1830.00 0.489736 5.81
1831.00 0.489736 5.81
1832.00 0.489736 5.81
1833.00 0.489736 5.81
1834.00 0.489736 5.81
1835.00 0.489736 5.81
1836.00 0.489736 5.81
1837.00 0.489736 5.81
1838.00 0.489736 5.81
1839.00 0.489736 5.81
1840.00 0.489736 5.81
1841.00 0.489736 5.81
1842.00 0.489736 5.81
1843.00 0.489736 5.81
1844.00 0.489736 5.81
1845.00 0.489736 5.81
1846.00 0.489736 5.81
1847.00 0.489736 5.81
1848.00 0.489736 5.81
1849.00 0.489736 5.81
1850.00 0.489736 5.81
1851.00 0.489736 5.81
1852.00 0.489736 5.81
1853.00 0.489736 5.81
1854.00 0.489736 5.81
1855.00 0.489736 5.81
1856.00 0.489736 5.81
1857.00 0.489736 5.81
1858.00 0.489736 5.81
1859.00 0.489736 5.81
1860.00 0.489736 5.81
1861.00 0.489736 5.81
1862.00 0.489736 5.81
1863.00 0.489736 5.81
1864.00 0.489736 5.81
1865.00 0.489736 5.81
1866.00 0.489736 5.81
1867.00 0.489736 5.81
1868.00 0.489736 5.81
1869.00 0.489736 5.81
1870.00 0.489736 5.81
1871.00 0.489736 5.81
1872.00 0.489736 5.81
1873.00 0.489736 5.81
1874.00 0.489736 5.81
1875.00 0.489736 5.81
1876.00 0.489736 5.81
1877.00 0.489736 5.81
1878.00 0.489736 5.81
1879.00 0.489736 5.81
1880.00 0.489736 5.81
1881.00 0.489736 5.81
1882.00 0.489736 5.81
1883.00 0.489736 5.81
1884.00 0.489736 5.81
1885.00 0.489736 5.81
1886.00 0.489736 5.81
1887.00 0.489736 5.81
1888.00 0.489736 5.81
1889.00 0.489736 5.81
1890.00 0.489736 5.81
1891.00 0.489736 5.81
1892.00 0.489736 5.81
1893.00 0.489736 5.81
1894.00 0.489736 5.81
1895.00 0.489736 5.81
1896.00 0.489736 5.81
1897.00 0.489736 5.81
1898.00 0.489736 5.81
1899.00 0.489736 5.81
1900.00 0.489736 5.81
1901.00 0.489736 5.81
1902.00 0.489736 5.81
1903.00 0.489736 5.81
1904.00 0.489736 5.81
1905.00 0.489736 5.81
1906.00 0.489736 5.81
1907.00 0.489736 5.81
1908.00 0.489736 5.81
1909.00 0.489736 5.81
1910.00 0.489736 5.81
1911.00 0.489736 5.81
1912.00 0.489736 5.81
1913.00 0.489736 5.81
1914.00 0.489736 5.81
1915.00 0.489736 5.81
1916.00 0.489736 5.81
1917.00 0.489736 5.81
1918.00 0.489736 5.81
1919.00 0.489736 5.81
1920.00 0.489736 5.81
1921.00 0.489736 5.81
1922.00 0.489736 5.81
1923.00 0.489736 5.81
1924.00 0.489736 5.81
1925.00 0.489736 5.81
1926.00 0.489736 5.81
1927.00 0.489736 5.81
1928.00 0.489736 5.81
1929.00 0.489736 5.81
1930.00 0.489736 5.81
1931.00 0.489736 5.81
1932.00 0.489736 5.81
1933.00 0.489736 5.81
1934.00 0.489736 5.81
1935.00 0.489736 5.81
1936.00 0.489736 5.81
1937.00 0.489736 5.81
1938.00 0.489736 5.81
1939.00 0.489736 5.81
1940.00 0.489736 5.81
1941.00 0.489736 5.81
1942.00 0.489736 5.81
1943.00 0.489736 5.81
1944.00 0.489736 5.81
1945.00 0.489736 5.81
1946.00 0.489736 5.81
1947.00 0.489736 5.81
1948.00 0.489736 5.81
1949.00 0.489736 5.81
1950.00 0.489736 5.81
1951.00 0.489736 5.81
1952.00 0.489736 5.81
1953.00 0.489736 5.81
1954.00 0.489736 5.81
1955.00 0.489736 5.81
1956.00 0.489736 5.81
1957.00 0.489736 5.81
1958.00 0.489736 5.81
1959.00 0.489736 5.81
1960.00 0.489736 5.81
1961.00 0.489736 5.81
1962.00 0.489736 5.81
1963.00 0.489736 5.81
1964.00 0.489736 5.81
1965.00 0.489736 5.81
1966.00 0.489736 5.81
1967.00 0.489736 5.81
1968.00 0.489736 5.81
1969.00 0.489736 5.81
1970.00 0.489736 5.81
1971.00 0.489736 5.81
1972.00 0.489736 5.81
1973.00 0.489736 5.81
1974.00 0.489736 5.81
1975.00 0.489736 5.81
1976.00 0.489736 5.81
1977.00 0.489736 5.81
1978.00 0.489736 5.81
1979.00 0.489736 5.81
1980.00 0.489736 5.81
1981.00 0.489736 5.81
1982.00 0.489736 5.81
1983.00 0.489736 5.81
1984.00 0.489736 5.81
1985.00 0.489736 5.81
1986.00 0.489736 5.81
1987.00 0.489736 5.81
1988.00 0.489736 5.81
1989.00 0.489736 5.81
1990.00 0.489736 5.81
1991.00 0.489736 5.81
1992.00 0.489736 5.81
1993.00 0.489736 5.81
1994.00 0.489736 5.81
1995.00 0.489736 5.81
1996.00 0.489736 5.81
1997.00 0.489736 5.81
1998.00 0.489736 5.81
1999.00 0.489736 5.81
2000.00 0.489736 5.81
