0.00 0.217511 3.02
1.00 0.216903 3.02
2.00 0.216294 3.02
3.00 0.215684 3.02
4.00 0.215072 3.02
5.00 0.214459 3.02
6.00 0.213845 3.02
7.00 0.213230 3.02
8.00 0.212616 3.01
9.00 0.212005 3.01
10.00 0.211393 3.01
11.00 0.210781 3.01
12.00 0.210168 3.01
13.00 0.209555 3.01
14.00 0.208955 3.00
15.00 0.208358 3.00
16.00 0.207762 3.00
17.00 0.207166 3.00
18.00 0.206571 3.00
19.00 0.205975 3.00
20.00 0.205380 3.00
21.00 0.204784 3.00
22.00 0.204187 3.00
23.00 0.203589 3.00
24.00 0.202991 3.00
25.00 0.202390 3.00
26.00 0.201788 3.00
27.00 0.201184 3.00
28.00 0.200578 3.00
29.00 0.199969 3.00
30.00 0.199358 3.00
31.00 0.198743 3.00
32.00 0.198130 2.99
33.00 0.197520 2.99
34.00 0.196909 2.98
35.00 0.196315 2.98
36.00 0.195719 2.98
37.00 0.195140 2.97
38.00 0.194574 2.95
39.00 0.194039 2.95
40.00 0.193503 2.95
41.00 0.192967 2.95
42.00 0.192430 2.95
43.00 0.191909 2.94
44.00 0.191399 2.94
45.00 0.190887 2.94
46.00 0.190374 2.94
47.00 0.189859 2.94
48.00 0.189342 2.94
49.00 0.188823 2.94
50.00 0.188315 2.93
51.00 0.187816 2.92
52.00 0.187334 2.92
53.00 0.186856 2.91
54.00 0.186393 2.90
55.00 0.185935 2.89
56.00 0.185479 2.89
57.00 0.185023 2.89
58.00 0.184566 2.89
59.00 0.184134 2.88
60.00 0.183704 2.87
61.00 0.183278 2.87
62.00 0.182851 2.87
63.00 0.182448 2.85
64.00 0.182068 2.85
65.00 0.181688 2.85
66.00 0.181307 2.85
67.00 0.180926 2.85
68.00 0.180551 2.84
69.00 0.180180 2.84
70.00 0.179810 2.84
71.00 0.179438 2.84
72.00 0.179095 2.82
73.00 0.178783 2.81
74.00 0.178482 2.80
75.00 0.178187 2.80
76.00 0.177892 2.80
77.00 0.177598 2.80
78.00 0.177304 2.80
79.00 0.177009 2.80
80.00 0.176715 2.80
81.00 0.176440 2.79
82.00 0.176171 2.78
83.00 0.175909 2.77
84.00 0.175661 2.77
85.00 0.175414 2.77
86.00 0.175168 2.77
87.00 0.174922 2.77
88.00 0.174680 2.76
89.00 0.174438 2.76
90.00 0.174196 2.76
91.00 0.173971 2.74
92.00 0.173794 2.72
93.00 0.173632 2.72
94.00 0.173473 2.72
95.00 0.173316 2.72
96.00 0.173160 2.72
97.00 0.173006 2.72
98.00 0.172853 2.72
99.00 0.172701 2.72
100.00 0.172550 2.72
101.00 0.172402 2.71
102.00 0.172256 2.71
103.00 0.172111 2.71
104.00 0.171966 2.71
105.00 0.171822 2.71
106.00 0.171678 2.71
107.00 0.171534 2.71
108.00 0.171391 2.71
109.00 0.171247 2.71
110.00 0.171104 2.71
111.00 0.170960 2.71
112.00 0.170817 2.71
113.00 0.170673 2.71
114.00 0.170529 2.71
115.00 0.170389 2.70
116.00 0.170265 2.69
117.00 0.170156 2.69
118.00 0.170048 2.69
119.00 0.169941 2.69
120.00 0.169835 2.69
121.00 0.169730 2.69
122.00 0.169626 2.69
123.00 0.169523 2.69
124.00 0.169424 2.68
125.00 0.169332 2.68
126.00 0.169241 2.68
127.00 0.169151 2.68
128.00 0.169062 2.68
129.00 0.168974 2.68
130.00 0.168899 2.67
131.00 0.168829 2.67
132.00 0.168760 2.67
133.00 0.168693 2.66
134.00 0.168632 2.66
135.00 0.168572 2.66
136.00 0.168514 2.66
137.00 0.168456 2.66
138.00 0.168399 2.66
139.00 0.168343 2.66
140.00 0.168288 2.66
141.00 0.168233 2.66
142.00 0.168180 2.66
143.00 0.168126 2.66
144.00 0.168074 2.66
145.00 0.168022 2.66
146.00 0.167971 2.66
147.00 0.167920 2.66
148.00 0.167870 2.66
149.00 0.167820 2.66
150.00 0.167770 2.66
151.00 0.167722 2.65
152.00 0.167676 2.65
153.00 0.167631 2.65
154.00 0.167587 2.65
155.00 0.167543 2.65
156.00 0.167499 2.65
157.00 0.167456 2.65
158.00 0.167414 2.65
159.00 0.167371 2.65
160.00 0.167330 2.65
161.00 0.167288 2.65
162.00 0.167247 2.65
163.00 0.167206 2.65
164.00 0.167166 2.65
165.00 0.167126 2.65
166.00 0.167086 2.65
167.00 0.167047 2.65
168.00 0.167008 2.65
169.00 0.166969 2.65
170.00 0.166930 2.65
171.00 0.166892 2.65
172.00 0.166854 2.65
173.00 0.166816 2.65
174.00 0.166779 2.65
175.00 0.166741 2.65
176.00 0.166704 2.65
177.00 0.166674 2.64
178.00 0.166646 2.64
179.00 0.166621 2.63
180.00 0.166597 2.63
181.00 0.166574 2.63
182.00 0.166552 2.63
183.00 0.166530 2.63
184.00 0.166508 2.63
185.00 0.166487 2.63
186.00 0.166467 2.63
187.00 0.166446 2.63
188.00 0.166427 2.63
189.00 0.166407 2.63
190.00 0.166388 2.63
191.00 0.166369 2.63
192.00 0.166351 2.63
193.00 0.166332 2.63
194.00 0.166315 2.63
195.00 0.166297 2.63
196.00 0.166280 2.63
197.00 0.166263 2.63
198.00 0.166246 2.63
199.00 0.166229 2.63
200.00 0.166213 2.63
201.00 0.166197 2.63
202.00 0.166181 2.63
203.00 0.166166 2.63
204.00 0.166151 2.63
205.00 0.166136 2.63
206.00 0.166121 2.63
207.00 0.166106 2.63
208.00 0.166092 2.63
209.00 0.166077 2.63
210.00 0.166063 2.63
211.00 0.166050 2.63
212.00 0.166036 2.63
213.00 0.166022 2.63
214.00 0.166009 2.63
215.00 0.165996 2.63
216.00 0.165983 2.63
217.00 0.165970 2.63
218.00 0.165958 2.63
219.00 0.165945 2.63
220.00 0.165933 2.63
221.00 0.165921 2.63
222.00 0.165909 2.63
223.00 0.165897 2.63
224.00 0.165885 2.63
225.00 0.165873 2.63
226.00 0.165862 2.63
227.00 0.165850 2.63
228.00 0.165839 2.63
229.00 0.165828 2.63
230.00 0.165817 2.63
231.00 0.165806 2.63
232.00 0.165796 2.63
233.00 0.165785 2.63
234.00 0.165775 2.63
235.00 0.165764 2.63
236.00 0.165754 2.63
237.00 0.165744 2.63
238.00 0.165734 2.63
239.00 0.165724 2.63
240.00 0.165714 2.63
241.00 0.165704 2.63
242.00 0.165694 2.63
243.00 0.165685 2.63
244.00 0.165675 2.63
245.00 0.165666 2.63
246.00 0.165657 2.63
247.00 0.165647 2.63
248.00 0.165638 2.63
249.00 0.165629 2.63
250.00 0.165620 2.63
251.00 0.165611 2.63
252.00 0.165603 2.63
253.00 0.165594 2.63
254.00 0.165585 2.63
255.00 0.165577 2.63
256.00 0.165568 2.63
257.00 0.165560 2.63
258.00 0.165551 2.63
259.00 0.165543 2.63
260.00 0.165535 2.63
261.00 0.165527 2.63
262.00 0.165519 2.63
263.00 0.165511 2.63
264.00 0.165503 2.63
265.00 0.165495 2.63
266.00 0.165487 2.63
267.00 0.165479 2.63
268.00 0.165472 2.63
269.00 0.165464 2.63
270.00 0.165457 2.63
271.00 0.165449 2.63
272.00 0.165442 2.63
273.00 0.165434 2.63
274.00 0.165427 2.63
275.00 0.165420 2.63
276.00 0.165413 2.63
277.00 0.165405 2.63
278.00 0.165398 2.63
279.00 0.165391 2.63
280.00 0.165384 2.63
281.00 0.165377 2.63
282.00 0.165370 2.63
283.00 0.165364 2.63
284.00 0.165357 2.63
285.00 0.165350 2.63
286.00 0.165343 2.63
287.00 0.165337 2.63
288.00 0.165330 2.63
289.00 0.165324 2.63
290.00 0.165317 2.63
291.00 0.165311 2.63
292.00 0.165304 2.63
293.00 0.165298 2.63
294.00 0.165291 2.63
295.00 0.165285 2.63
296.00 0.165279 2.63
297.00 0.165273 2.63
298.00 0.165266 2.63
299.00 0.165260 2.63
300.00 0.165254 2.63
301.00 0.165248 2.63
302.00 0.165242 2.63
303.00 0.165236 2.63
304.00 0.165230 2.63
305.00 0.165224 2.63
306.00 0.165219 2.63
307.00 0.165213 2.63
308.00 0.165207 2.63
309.00 0.165201 2.63
310.00 0.165195 2.63
311.00 0.165190 2.63
312.00 0.165184 2.63
313.00 0.165179 2.63
314.00 0.165173 2.63
315.00 0.165167 2.63
316.00 0.165162 2.63
317.00 0.165156 2.63
318.00 0.165151 2.63
319.00 0.165146 2.63
320.00 0.165140 2.63
321.00 0.165135 2.63
322.00 0.165129 2.63
323.00 0.165124 2.63
324.00 0.165119 2.63
325.00 0.165114 2.63
326.00 0.165109 2.63
327.00 0.165103 2.63
328.00 0.165098 2.63
329.00 0.165093 2.63
330.00 0.165088 2.63
331.00 0.165083 2.63
332.00 0.165078 2.63
333.00 0.165073 2.63
334.00 0.165068 2.63
335.00 0.165063 2.63
336.00 0.165058 2.63
337.00 0.165053 2.63
338.00 0.165048 2.63
339.00 0.165043 2.63
340.00 0.165039 2.63
341.00 0.165034 2.63
342.00 0.165029 2.63
343.00 0.165024 2.63
344.00 0.165020 2.63
345.00 0.165015 2.63
346.00 0.165010 2.63
347.00 0.165006 2.63
348.00 0.165001 2.63
349.00 0.164996 2.63
350.00 0.164992 2.63
351.00 0.164987 2.63
352.00 0.164983 2.63
353.00 0.164978 2.63
354.00 0.164974 2.63
355.00 0.164969 2.63
356.00 0.164965 2.63
357.00 0.164960 2.63
358.00 0.164956 2.63
359.00 0.164952 2.63
360.00 0.164947 2.63
361.00 0.164943 2.63
362.00 0.164939 2.63
363.00 0.164934 2.63
364.00 0.164930 2.63
365.00 0.164926 2.63
366.00 0.164921 2.63
367.00 0.164917 2.63
368.00 0.164913 2.62
369.00 0.164909 2.62
370.00 0.164906 2.62
371.00 0.164902 2.62
372.00 0.164898 2.62
373.00 0.164895 2.62
374.00 0.164891 2.62
375.00 0.164887 2.62
376.00 0.164884 2.62
377.00 0.164880 2.62
378.00 0.164877 2.62
379.00 0.164873 2.62
380.00 0.164870 2.62
381.00 0.164867 2.62
382.00 0.164863 2.62
383.00 0.164860 2.62
384.00 0.164857 2.62
385.00 0.164854 2.62
386.00 0.164850 2.62
387.00 0.164847 2.62
388.00 0.164844 2.62
389.00 0.164841 2.62
390.00 0.164838 2.62
391.00 0.164835 2.62
392.00 0.164832 2.61
393.00 0.164831 2.61
394.00 0.164829 2.61
395.00 0.164827 2.61
396.00 0.164826 2.61
397.00 0.164824 2.61
398.00 0.164822 2.61
399.00 0.164821 2.61
400.00 0.164820 2.61
401.00 0.164818 2.61
402.00 0.164817 2.61
403.00 0.164815 2.61
404.00 0.164814 2.61
405.00 0.164813 2.61
406.00 0.164812 2.61
407.00 0.164811 2.61
408.00 0.164809 2.61
409.00 0.164808 2.61
410.00 0.164807 2.61
411.00 0.164806 2.61
412.00 0.164805 2.61
413.00 0.164804 2.61
414.00 0.164803 2.61
415.00 0.164802 2.61
416.00 0.164801 2.61
417.00 0.164801 2.61
418.00 0.164800 2.61
419.00 0.164799 2.61
420.00 0.164798 2.61
421.00 0.164797 2.61
422.00 0.164796 2.61
423.00 0.164796 2.61
424.00 0.164795 2.61
425.00 0.164794 2.61
426.00 0.164794 2.61
427.00 0.164793 2.61
428.00 0.164792 2.61
429.00 0.164792 2.61
430.00 0.164791 2.61
431.00 0.164790 2.61
432.00 0.164790 2.61
433.00 0.164789 2.61
434.00 0.164789 2.61
435.00 0.164788 2.61
436.00 0.164787 2.61
437.00 0.164787 2.61
438.00 0.164786 2.61
439.00 0.164786 2.61
440.00 0.164785 2.61
441.00 0.164785 2.61
442.00 0.164784 2.61
443.00 0.164784 2.61
444.00 0.164783 2.61
445.00 0.164783 2.61
446.00 0.164783 2.61
447.00 0.164782 2.61
448.00 0.164782 2.61
449.00 0.164781 2.61
450.00 0.164781 2.61
451.00 0.164781 2.61
452.00 0.164780 2.61
453.00 0.164780 2.61
454.00 0.164779 2.61
455.00 0.164779 2.61
456.00 0.164779 2.61
457.00 0.164778 2.61
458.00 0.164778 2.61
459.00 0.164778 2.61
460.00 0.164778 2.61
461.00 0.164777 2.61
462.00 0.164777 2.61
463.00 0.164777 2.61
464.00 0.164776 2.61
465.00 0.164776 2.61
466.00 0.164776 2.61
467.00 0.164776 2.61
468.00 0.164775 2.61
469.00 0.164775 2.61
470.00 0.164775 2.61
471.00 0.164775 2.61
472.00 0.164774 2.61
473.00 0.164774 2.61
474.00 0.164774 2.61
475.00 0.164774 2.61
476.00 0.164773 2.61
477.00 0.164773 2.61
478.00 0.164773 2.61
479.00 0.164773 2.61
480.00 0.164773 2.61
481.00 0.164772 2.61
482.00 0.164772 2.61
483.00 0.164772 2.61
484.00 0.164772 2.61
485.00 0.164772 2.61
486.00 0.164772 2.61
487.00 0.164771 2.61
488.00 0.164771 2.61
489.00 0.164771 2.61
490.00 0.164771 2.61
491.00 0.164771 2.61
492.00 0.164771 2.61
493.00 0.164770 2.61
494.00 0.164770 2.61
495.00 0.164770 2.61
496.00 0.164770 2.61
497.00 0.164770 2.61
498.00 0.164770 2.61
499.00 0.164770 2.61
500.00 0.164769 2.61
501.00 0.164769 2.61
502.00 0.164769 2.61
503.00 0.164769 2.61
504.00 0.164769 2.61
505.00 0.164769 2.61
506.00 0.164769 2.61
507.00 0.164769 2.61
508.00 0.164769 2.61
509.00 0.164768 2.61
510.00 0.164768 2.61
511.00 0.164768 2.61
512.00 0.164768 2.61
513.00 0.164768 2.61
514.00 0.164768 2.61
515.00 0.164768 2.61
516.00 0.164768 2.61
517.00 0.164768 2.61
518.00 0.164768 2.61
519.00 0.164767 2.61
520.00 0.164767 2.61
521.00 0.164767 2.61
522.00 0.164767 2.61
523.00 0.164767 2.61
524.00 0.164767 2.61
525.00 0.164767 2.61
526.00 0.164767 2.61
527.00 0.164767 2.61
528.00 0.164767 2.61
529.00 0.164767 2.61
530.00 0.164767 2.61
531.00 0.164767 2.61
532.00 0.164767 2.61
533.00 0.164766 2.61
534.00 0.164766 2.61
535.00 0.164766 2.61
536.00 0.164766 2.61
537.00 0.164766 2.61
538.00 0.164766 2.61
539.00 0.164766 2.61
540.00 0.164766 2.61
541.00 0.164766 2.61
542.00 0.164766 2.61
543.00 0.164766 2.61
544.00 0.164766 2.61
545.00 0.164766 2.61
546.00 0.164766 2.61
547.00 0.164766 2.61
548.00 0.164766 2.61
549.00 0.164766 2.61
550.00 0.164766 2.61
551.00 0.164765 2.61
552.00 0.164765 2.61
553.00 0.164765 2.61
554.00 0.164765 2.61
555.00 0.164765 2.61
556.00 0.164765 2.61
557.00 0.164765 2.61
558.00 0.164765 2.61
559.00 0.164765 2.61
560.00 0.164765 2.61
561.00 0.164765 2.61
562.00 0.164765 2.61
563.00 0.164765 2.61
564.00 0.164765 2.61
565.00 0.164765 2.61
566.00 0.164765 2.61
567.00 0.164765 2.61
568.00 0.164765 2.61
569.00 0.164765 2.61
570.00 0.164765 2.61
571.00 0.164765 2.61
572.00 0.164765 2.61
573.00 0.164765 2.61
574.00 0.164765 2.61
575.00 0.164765 2.61
576.00 0.164765 2.61
577.00 0.164765 2.61
578.00 0.164765 2.61
579.00 0.164765 2.61
580.00 0.164764 2.61
581.00 0.164764 2.61
582.00 0.164764 2.61
583.00 0.164764 2.61
584.00 0.164764 2.61
585.00 0.164764 2.61
586.00 0.164764 2.61
587.00 0.164764 2.61
588.00 0.164764 2.61
589.00 0.164764 2.61
590.00 0.164764 2.61
591.00 0.164764 2.61
592.00 0.164764 2.61
593.00 0.164764 2.61
594.00 0.164764 2.61
595.00 0.164764 2.61
596.00 0.164764 2.61
597.00 0.164764 2.61
598.00 0.164764 2.61
599.00 0.164764 2.61
600.00 0.164764 2.61
601.00 0.164764 2.61
602.00 0.164764 2.61
603.00 0.164764 2.61
604.00 0.164764 2.61
605.00 0.164764 2.61
606.00 0.164764 2.61
607.00 0.164764 2.61
608.00 0.164764 2.61
609.00 0.164764 2.61
610.00 0.164764 2.61
611.00 0.164764 2.61
612.00 0.164764 2.61
613.00 0.164764 2.61
614.00 0.164764 2.61
615.00 0.164764 2.61
616.00 0.164764 2.61
617.00 0.164764 2.61
618.00 0.164764 2.61
619.00 0.164764 2.61
620.00 0.164764 2.61
621.00 0.164764 2.61
622.00 0.164764 2.61
623.00 0.164764 2.61
624.00 0.164764 2.61
625.00 0.164764 2.61
626.00 0.164764 2.61
627.00 0.164764 2.61
628.00 0.164764 2.61
629.00 0.164764 2.61
630.00 0.164764 2.61
631.00 0.164764 2.61
632.00 0.164764 2.61
633.00 0.164764 2.61
634.00 0.164764 2.61
635.00 0.164764 2.61
636.00 0.164764 2.61
637.00 0.164764 2.61
638.00 0.164763 2.61
639.00 0.164763 2.61
640.00 0.164763 2.61
641.00 0.164763 2.61
642.00 0.164763 2.61
643.00 0.164763 2.61
644.00 0.164763 2.61
645.00 0.164763 2.61
646.00 0.164763 2.61
647.00 0.164763 2.61
648.00 0.164763 2.61
649.00 0.164763 2.61
650.00 0.164763 2.61
651.00 0.164763 2.61
652.00 0.164763 2.61
653.00 0.164763 2.61
654.00 0.164763 2.61
655.00 0.164763 2.61
656.00 0.164763 2.61
657.00 0.164763 2.61
658.00 0.164763 2.61
659.00 0.164763 2.61
660.00 0.164763 2.61
661.00 0.164763 2.61
662.00 0.164763 2.61
663.00 0.164763 2.61
664.00 0.164763 2.61
665.00 0.164763 2.61
666.00 0.164763 2.61
667.00 0.164763 2.61
668.00 0.164763 2.61
669.00 0.164763 2.61
670.00 0.164763 2.61
671.00 0.164763 2.61
672.00 0.164763 2.61
673.00 0.164763 2.61
674.00 0.164763 2.61
675.00 0.164763 2.61
676.00 0.164763 2.61
677.00 0.164763 2.61
678.00 0.164763 2.61
679.00 0.164763 2.61
680.00 0.164763 2.61
681.00 0.164763 2.61
682.00 0.164763 2.61
683.00 0.164763 2.61
684.00 0.164763 2.61
685.00 0.164763 2.61
686.00 0.164763 2.61
687.00 0.164763 2.61
688.00 0.164763 2.61
689.00 0.164763 2.61
690.00 0.164763 2.61
691.00 0.164763 2.61
692.00 0.164763 2.61
693.00 0.164763 2.61
694.00 0.164763 2.61
695.00 0.164763 2.61
696.00 0.164763 2.61
697.00 0.164763 2.61
698.00 0.164763 2.61
699.00 0.164763 2.61
700.00 0.164763 2.61
701.00 0.164763 2.61
702.00 0.164763 2.61
703.00 0.164763 2.61
704.00 0.164763 2.61
705.00 0.164763 2.61
706.00 0.164763 2.61
707.00 0.164763 2.61
708.00 0.164763 2.61
709.00 0.164763 2.61
710.00 0.164763 2.61
711.00 0.164763 2.61
712.00 0.164763 2.61
713.00 0.164763 2.61
714.00 0.164763 2.61
715.00 0.164763 2.61
716.00 0.164763 2.61
717.00 0.164763 2.61
718.00 0.164763 2.61
719.00 0.164763 2.61
720.00 0.164763 2.61
721.00 0.164763 2.61
722.00 0.164763 2.61
723.00 0.164763 2.61
724.00 0.164763 2.61
725.00 0.164763 2.61
726.00 0.164763 2.61
727.00 0.164763 2.61
728.00 0.164763 2.61
729.00 0.164763 2.61
730.00 0.164763 2.61
731.00 0.164763 2.61
732.00 0.164763 2.61
733.00 0.164763 2.61
734.00 0.164763 2.61
735.00 0.164763 2.61
736.00 0.164763 2.61
737.00 0.164763 2.61
738.00 0.164763 2.61
739.00 0.164763 2.61
740.00 0.164763 2.61
741.00 0.164763 2.61
742.00 0.164763 2.61
743.00 0.164763 2.61
744.00 0.164763 2.61
745.00 0.164763 2.61
746.00 0.164763 2.61
747.00 0.164763 2.61
748.00 0.164763 2.61
749.00 0.164763 2.61
750.00 0.164763 2.61
751.00 0.164763 2.61
752.00 0.164763 2.61
753.00 0.164763 2.61
754.00 0.164763 2.61
755.00 0.164763 2.61
756.00 0.164763 2.61
757.00 0.164763 2.61
758.00 0.164763 2.61
759.00 0.164763 2.61
760.00 0.164763 2.61
761.00 0.164763 2.61
762.00 0.164763 2.61
763.00 0.164763 2.61
764.00 0.164763 2.61
765.00 0.164763 2.61
766.00 0.164763 2.61
767.00 0.164763 2.61
768.00 0.164763 2.61
769.00 0.164763 2.61
770.00 0.164763 2.61
771.00 0.164763 2.61
772.00 0.164763 2.61
773.00 0.164763 2.61
774.00 0.164763 2.61
775.00 0.164763 2.61
776.00 0.164763 2.61
777.00 0.164763 2.61
778.00 0.164763 2.61
779.00 0.164763 2.61
780.00 0.164763 2.61
781.00 0.164763 2.61
782.00 0.164763 2.61
783.00 0.164763 2.61
784.00 0.164763 2.61
785.00 0.164763 2.61
786.00 0.164763 2.61
787.00 0.164763 2.61
788.00 0.164763 2.61
789.00 0.164763 2.61
790.00 0.164763 2.61
791.00 0.164763 2.61
792.00 0.164763 2.61
793.00 0.164763 2.61
794.00 0.164763 2.61
795.00 0.164763 2.61
796.00 0.164763 2.61
797.00 0.164763 2.61
798.00 0.164763 2.61
799.00 0.164763 2.61
800.00 0.164763 2.61
801.00 0.164763 2.61
802.00 0.164763 2.61
803.00 0.164763 2.61
804.00 0.164763 2.61
805.00 0.164763 2.61
806.00 0.164763 2.61
807.00 0.164763 2.61
808.00 0.164763 2.61
809.00 0.164763 2.61
810.00 0.164763 2.61
811.00 0.164763 2.61
812.00 0.164763 2.61
813.00 0.164763 2.61
814.00 0.164763 2.61
815.00 0.164763 2.61
816.00 0.164763 2.61
817.00 0.164763 2.61
818.00 0.164763 2.61
819.00 0.164763 2.61
820.00 0.164763 2.61
821.00 0.164763 2.61
822.00 0.164763 2.61
823.00 0.164763 2.61
824.00 0.164763 2.61
825.00 0.164763 2.61
826.00 0.164763 2.61
827.00 0.164763 2.61
828.00 0.164763 2.61
829.00 0.164763 2.61
830.00 0.164763 2.61
831.00 0.164763 2.61
832.00 0.164763 2.61
833.00 0.164763 2.61
834.00 0.164763 2.61
835.00 0.164763 2.61
836.00 0.164763 2.61
837.00 0.164763 2.61
838.00 0.164763 2.61
839.00 0.164763 2.61
840.00 0.164763 2.61
841.00 0.164763 2.61
842.00 0.164763 2.61
843.00 0.164763 2.61
844.00 0.164763 2.61
845.00 0.164763 2.61
846.00 0.164763 2.61
847.00 0.164763 2.61
848.00 0.164763 2.61
849.00 0.164763 2.61
850.00 0.164763 2.61
851.00 0.164763 2.61
852.00 0.164763 2.61
853.00 0.164763 2.61
854.00 0.164763 2.61
855.00 0.164763 2.61
856.00 0.164763 2.61
857.00 0.164763 2.61
858.00 0.164763 2.61
859.00 0.164763 2.61
860.00 0.164763 2.61
861.00 0.164763 2.61
862.00 0.164763 2.61
863.00 0.164763 2.61
864.00 0.164763 2.61
865.00 0.164763 2.61
866.00 0.164763 2.61
867.00 0.164763 2.61
868.00 0.164763 2.61
869.00 0.164763 2.61
870.00 0.164763 2.61
871.00 0.164763 2.61
872.00 0.164763 2.61
873.00 0.164763 2.61
874.00 0.164763 2.61
875.00 0.164763 2.61
876.00 0.164763 2.61
877.00 0.164763 2.61
878.00 0.164763 2.61
879.00 0.164763 2.61
880.00 0.164763 2.61
881.00 0.164763 2.61
882.00 0.164763 2.61
883.00 0.164763 2.61
884.00 0.164763 2.61
885.00 0.164763 2.61
886.00 0.164763 2.61
887.00 0.164763 2.61
888.00 0.164763 2.61
889.00 0.164763 2.61
890.00 0.164763 2.61
891.00 0.164763 2.61
892.00 0.164763 2.61
893.00 0.164763 2.61
894.00 0.164763 2.61
895.00 0.164763 2.61
896.00 0.164763 2.61
897.00 0.164763 2.61
898.00 0.164763 2.61
899.00 0.164763 2.61
900.00 0.164763 2.61
901.00 0.164763 2.61
902.00 0.164763 2.61
903.00 0.164763 2.61
904.00 0.164763 2.61
905.00 0.164763 2.61
906.00 0.164763 2.61
907.00 0.164763 2.61
908.00 0.164763 2.61
909.00 0.164763 2.61
910.00 0.164763 2.61
911.00 0.164763 2.61
912.00 0.164763 2.61
913.00 0.164763 2.61
914.00 0.164763 2.61
915.00 0.164763 2.61
916.00 0.164763 2.61
917.00 0.164763 2.61
918.00 0.164763 2.61
919.00 0.164763 2.61
920.00 0.164763 2.61
921.00 0.164763 2.61
922.00 0.164763 2.61
923.00 0.164763 2.61
924.00 0.164763 2.61
925.00 0.164763 2.61
926.00 0.164763 2.61
927.00 0.164763 2.61
928.00 0.164763 2.61
929.00 0.164763 2.61
930.00 0.164763 2.61
931.00 0.164763 2.61
932.00 0.164763 2.61
933.00 0.164763 2.61
934.00 0.164763 2.61
935.00 0.164763 2.61
936.00 0.164763 2.61
937.00 0.164763 2.61
938.00 0.164763 2.61
939.00 0.164763 2.61
940.00 0.164763 2.61
941.00 0.164763 2.61
942.00 0.164763 2.61
943.00 0.164763 2.61
944.00 0.164763 2.61
945.00 0.164763 2.61
946.00 0.164763 2.61
947.00 0.164763 2.61
948.00 0.164763 2.61
949.00 0.164763 2.61
950.00 0.164763 2.61
951.00 0.164763 2.61
952.00 0.164763 2.61
953.00 0.164763 2.61
954.00 0.164763 2.61
955.00 0.164763 2.61
956.00 0.164763 2.61
957.00 0.164763 2.61
958.00 0.164763 2.61
959.00 0.164763 2.61
960.00 0.164763 2.61
961.00 0.164763 2.61
962.00 0.164763 2.61
963.00 0.164763 2.61
964.00 0.164763 2.61
965.00 0.164763 2.61
966.00 0.164763 2.61
967.00 0.164763 2.61
968.00 0.164763 2.61
969.00 0.164763 2.61
970.00 0.164763 2.61
971.00 0.164763 2.61
972.00 0.164763 2.61
973.00 0.164763 2.61
974.00 0.164763 2.61
975.00 0.164763 2.61
976.00 0.164763 2.61
977.00 0.164763 2.61
978.00 0.164763 2.61
979.00 0.164763 2.61
980.00 0.164763 2.61
981.00 0.164763 2.61
982.00 0.164763 2.61
983.00 0.164763 2.61
984.00 0.164763 2.61
985.00 0.164763 2.61
986.00 0.164763 2.61
987.00 0.164763 2.61
988.00 0.164763 2.61
989.00 0.164763 2.61
990.00 0.164763 2.61
991.00 0.164763 2.61
992.00 0.164763 2.61
993.00 0.164763 2.61
994.00 0.164763 2.61
995.00 0.164763 2.61
996.00 0.164763 2.61
997.00 0.164763 2.61
998.00 0.164763 2.61
999.00 0.164763 2.61
1000.00 0.164763 2.61
1001.00 0.164763 2.61
1002.00 0.164763 2.61
1003.00 0.164763 2.61
1004.00 0.164763 2.61
1005.00 0.164763 2.61
1006.00 0.164763 2.61
1007.00 0.164763 2.61
1008.00 0.164763 2.61
1009.00 0.164763 2.61
1010.00 0.164763 2.61
1011.00 0.164763 2.61
1012.00 0.164763 2.61
1013.00 0.164763 2.61
1014.00 0.164763 2.61
1015.00 0.164763 2.61
1016.00 0.164763 2.61
1017.00 0.164763 2.61
1018.00 0.164763 2.61
1019.00 0.164763 2.61
1020.00 0.164763 2.61
1021.00 0.164763 2.61
1022.00 0.164763 2.61
1023.00 0.164763 2.61
1024.00 0.164763 2.61
1025.00 0.164763 2.61
1026.00 0.164763 2.61
1027.00 0.164763 2.61
1028.00 0.164763 2.61
1029.00 0.164763 2.61
1030.00 0.164763 2.61
1031.00 0.164763 2.61
1032.00 0.164763 2.61
1033.00 0.164763 2.61
1034.00 0.164763 2.61
1035.00 0.164763 2.61
1036.00 0.164763 2.61
1037.00 0.164763 2.61
1038.00 0.164763 2.61
1039.00 0.164763 2.61
1040.00 0.164763 2.61
1041.00 0.164763 2.61
1042.00 0.164763 2.61
1043.00 0.164763 2.61
1044.00 0.164763 2.61
1045.00 0.164763 2.61
1046.00 0.164763 2.61
1047.00 0.164763 2.61
1048.00 0.164763 2.61
1049.00 0.164763 2.61
1050.00 0.164763 2.61
1051.00 0.164763 2.61
1052.00 0.164763 2.61
1053.00 0.164763 2.61
1054.00 0.164763 2.61
1055.00 0.164763 2.61
1056.00 0.164763 2.61
1057.00 0.164763 2.61
1058.00 0.164763 2.61
1059.00 0.164763 2.61
1060.00 0.164763 2.61
1061.00 0.164763 2.61
1062.00 0.164763 2.61
1063.00 0.164763 2.61
1064.00 0.164763 2.61
1065.00 0.164763 2.61
1066.00 0.164763 2.61
1067.00 0.164763 2.61
1068.00 0.164763 2.61
1069.00 0.164763 2.61
1070.00 0.164763 2.61
1071.00 0.164763 2.61
1072.00 0.164763 2.61
1073.00 0.164763 2.61
1074.00 0.164763 2.61
1075.00 0.164763 2.61
1076.00 0.164763 2.61
1077.00 0.164763 2.61
1078.00 0.164763 2.61
1079.00 0.164763 2.61
1080.00 0.164763 2.61
1081.00 0.164763 2.61
1082.00 0.164763 2.61
1083.00 0.164763 2.61
1084.00 0.164763 2.61
1085.00 0.164763 2.61
1086.00 0.164763 2.61
1087.00 0.164763 2.61
1088.00 0.164763 2.61
1089.00 0.164763 2.61
1090.00 0.164763 2.61
1091.00 0.164763 2.61
1092.00 0.164763 2.61
1093.00 0.164763 2.61
1094.00 0.164763 2.61
1095.00 0.164763 2.61
1096.00 0.164763 2.61
1097.00 0.164763 2.61
1098.00 0.164763 2.61
1099.00 0.164763 2.61
1100.00 0.164763 2.61
1101.00 0.164763 2.61
1102.00 0.164763 2.61
1103.00 0.164763 2.61
1104.00 0.164763 2.61
1105.00 0.164763 2.61
1106.00 0.164763 2.61
1107.00 0.164763 2.61
1108.00 0.164763 2.61
1109.00 0.164763 2.61
1110.00 0.164763 2.61
1111.00 0.164763 2.61
1112.00 0.164763 2.61
1113.00 0.164763 2.61
1114.00 0.164763 2.61
1115.00 0.164763 2.61
1116.00 0.164763 2.61
1117.00 0.164763 2.61
1118.00 0.164763 2.61
1119.00 0.164763 2.61
1120.00 0.164763 2.61
1121.00 0.164763 2.61
1122.00 0.164763 2.61
1123.00 0.164763 2.61
1124.00 0.164763 2.61
1125.00 0.164763 2.61
1126.00 0.164763 2.61
1127.00 0.164763 2.61
1128.00 0.164763 2.61
1129.00 0.164763 2.61
1130.00 0.164763 2.61
1131.00 0.164763 2.61
1132.00 0.164763 2.61
1133.00 0.164763 2.61
1134.00 0.164763 2.61
1135.00 0.164763 2.61
1136.00 0.164763 2.61
1137.00 0.164763 2.61
1138.00 0.164763 2.61
1139.00 0.164763 2.61
1140.00 0.164763 2.61
1141.00 0.164763 2.61
1142.00 0.164763 2.61
1143.00 0.164763 2.61
1144.00 0.164763 2.61
1145.00 0.164763 2.61
1146.00 0.164763 2.61
1147.00 0.164763 2.61
1148.00 0.164763 2.61
1149.00 0.164763 2.61
1150.00 0.164763 2.61
1151.00 0.164763 2.61
1152.00 0.164763 2.61
1153.00 0.164763 2.61
1154.00 0.164763 2.61
1155.00 0.164763 2.61
1156.00 0.164763 2.61
1157.00 0.164763 2.61
1158.00 0.164763 2.61
1159.00 0.164763 2.61
1160.00 0.164763 2.61
1161.00 0.164763 2.61
1162.00 0.164763 2.61
1163.00 0.164763 2.61
1164.00 0.164763 2.61
1165.00 0.164763 2.61
1166.00 0.164763 2.61
1167.00 0.164763 2.61
1168.00 0.164763 2.61
1169.00 0.164763 2.61
1170.00 0.164763 2.61
1171.00 0.164763 2.61
1172.00 0.164763 2.61
1173.00 0.164763 2.61
1174.00 0.164763 2.61
1175.00 0.164763 2.61
1176.00 0.164763 2.61
1177.00 0.164763 2.61
1178.00 0.164763 2.61
1179.00 0.164763 2.61
1180.00 0.164763 2.61
1181.00 0.164763 2.61
1182.00 0.164763 2.61
1183.00 0.164763 2.61
1184.00 0.164763 2.61
1185.00 0.164763 2.61
1186.00 0.164763 2.61
1187.00 0.164763 2.61
1188.00 0.164763 2.61
1189.00 0.164763 2.61
1190.00 0.164763 2.61
1191.00 0.164763 2.61
1192.00 0.164763 2.61
1193.00 0.164763 2.61
1194.00 0.164763 2.61
1195.00 0.164763 2.61
1196.00 0.164763 2.61
1197.00 0.164763 2.61
1198.00 0.164763 2.61
1199.00 0.164763 2.61
1200.00 0.164763 2.61
1201.00 0.164763 2.61
1202.00 0.164763 2.61
1203.00 0.164763 2.61
1204.00 0.164763 2.61
1205.00 0.164763 2.61
1206.00 0.164763 2.61
1207.00 0.164763 2.61
1208.00 0.164763 2.61
1209.00 0.164763 2.61
1210.00 0.164763 2.61
1211.00 0.164763 2.61
1212.00 0.164763 2.61
1213.00 0.164763 2.61
1214.00 0.164763 2.61
1215.00 0.164763 2.61
1216.00 0.164763 2.61
1217.00 0.164763 2.61
1218.00 0.164763 2.61
1219.00 0.164763 2.61
1220.00 0.164763 2.61
1221.00 0.164763 2.61
1222.00 0.164763 2.61
1223.00 0.164763 2.61
1224.00 0.164763 2.61
1225.00 0.164763 2.61
1226.00 0.164763 2.61
1227.00 0.164763 2.61
1228.00 0.164763 2.61
1229.00 0.164763 2.61
1230.00 0.164763 2.61
1231.00 0.164763 2.61
1232.00 0.164763 2.61
1233.00 0.164763 2.61
1234.00 0.164763 2.61
1235.00 0.164763 2.61
1236.00 0.164763 2.61
1237.00 0.164763 2.61
1238.00 0.164763 2.61
1239.00 0.164763 2.61
1240.00 0.164763 2.61
1241.00 0.164763 2.61
1242.00 0.164763 2.61
1243.00 0.164763 2.61
1244.00 0.164763 2.61
1245.00 0.164763 2.61
1246.00 0.164763 2.61
1247.00 0.164763 2.61
1248.00 0.164763 2.61
1249.00 0.164763 2.61
1250.00 0.164763 2.61
1251.00 0.164763 2.61
1252.00 0.164763 2.61
1253.00 0.164763 2.61
1254.00 0.164763 2.61
1255.00 0.164763 2.61
1256.00 0.164763 2.61
1257.00 0.164763 2.61
1258.00 0.164763 2.61
1259.00 0.164763 2.61
1260.00 0.164763 2.61
1261.00 0.164763 2.61
1262.00 0.164763 2.61
1263.00 0.164763 2.61
1264.00 0.164763 2.61
1265.00 0.164763 2.61
1266.00 0.164763 2.61
1267.00 0.164763 2.61
1268.00 0.164763 2.61
1269.00 0.164763 2.61
1270.00 0.164763 2.61
1271.00 0.164763 2.61
1272.00 0.164763 2.61
1273.00 0.164763 2.61
1274.00 0.164763 2.61
1275.00 0.164763 2.61
1276.00 0.164763 2.61
1277.00 0.164763 2.61
1278.00 0.164763 2.61
1279.00 0.164763 2.61
1280.00 0.164763 2.61
1281.00 0.164763 2.61
1282.00 0.164763 2.61
1283.00 0.164763 2.61
1284.00 0.164763 2.61
1285.00 0.164763 2.61
1286.00 0.164763 2.61
1287.00 0.164763 2.61
1288.00 0.164763 2.61
1289.00 0.164763 2.61
1290.00 0.164763 2.61
1291.00 0.164763 2.61
1292.00 0.164763 2.61
1293.00 0.164763 2.61
1294.00 0.164763 2.61
1295.00 0.164763 2.61
1296.00 0.164763 2.61
1297.00 0.164763 2.61
1298.00 0.164763 2.61
1299.00 0.164763 2.61
1300.00 0.164763 2.61
1301.00 0.164763 2.61
1302.00 0.164763 2.61
1303.00 0.164763 2.61
1304.00 0.164763 2.61
1305.00 0.164763 2.61
1306.00 0.164763 2.61
1307.00 0.164763 2.61
1308.00 0.164763 2.61
1309.00 0.164763 2.61
1310.00 0.164763 2.61
1311.00 0.164763 2.61
1312.00 0.164763 2.61
1313.00 0.164763 2.61
1314.00 0.164763 2.61
1315.00 0.164763 2.61
1316.00 0.164763 2.61
1317.00 0.164763 2.61
1318.00 0.164763 2.61
1319.00 0.164763 2.61
1320.00 0.164763 2.61
1321.00 0.164763 2.61
1322.00 0.164763 2.61
1323.00 0.164763 2.61
1324.00 0.164763 2.61
1325.00 0.164763 2.61
1326.00 0.164763 2.61
1327.00 0.164763 2.61
1328.00 0.164763 2.61
1329.00 0.164763 2.61
1330.00 0.164763 2.61
1331.00 0.164763 2.61
1332.00 0.164763 2.61
1333.00 0.164763 2.61
1334.00 0.164763 2.61
1335.00 0.164763 2.61
1336.00 0.164763 2.61
1337.00 0.164763 2.61
1338.00 0.164763 2.61
1339.00 0.164763 2.61
1340.00 0.164763 2.61
1341.00 0.164763 2.61
1342.00 0.164763 2.61
1343.00 0.164763 2.61
1344.00 0.164763 2.61
1345.00 0.164763 2.61
1346.00 0.164763 2.61
1347.00 0.164763 2.61
1348.00 0.164763 2.61
1349.00 0.164763 2.61
1350.00 0.164763 2.61
1351.00 0.164763 2.61
1352.00 0.164763 2.61
1353.00 0.164763 2.61
1354.00 0.164763 2.61
1355.00 0.164763 2.61
1356.00 0.164763 2.61
1357.00 0.164763 2.61
1358.00 0.164763 2.61
1359.00 0.164763 2.61
1360.00 0.164763 2.61
1361.00 0.164763 2.61
1362.00 0.164763 2.61
1363.00 0.164763 2.61
1364.00 0.164763 2.61
1365.00 0.164763 2.61
1366.00 0.164763 2.61
1367.00 0.164763 2.61
1368.00 0.164763 2.61
1369.00 0.164763 2.61
1370.00 0.164763 2.61
1371.00 0.164763 2.61
1372.00 0.164763 2.61
1373.00 0.164763 2.61
1374.00 0.164763 2.61
1375.00 0.164763 2.61
1376.00 0.164763 2.61
1377.00 0.164763 2.61
1378.00 0.164763 2.61
1379.00 0.164763 2.61
1380.00 0.164763 2.61
1381.00 0.164763 2.61
1382.00 0.164763 2.61
1383.00 0.164763 2.61
1384.00 0.164763 2.61
1385.00 0.164763 2.61
1386.00 0.164763 2.61
1387.00 0.164763 2.61
1388.00 0.164763 2.61
1389.00 0.164763 2.61
1390.00 0.164763 2.61
1391.00 0.164763 2.61
1392.00 0.164763 2.61
1393.00 0.164763 2.61
1394.00 0.164763 2.61
1395.00 0.164763 2.61
1396.00 0.164763 2.61
1397.00 0.164763 2.61
1398.00 0.164763 2.61
1399.00 0.164763 2.61
1400.00 0.164763 2.61
1401.00 0.164763 2.61
1402.00 0.164763 2.61
1403.00 0.164763 2.61
1404.00 0.164763 2.61
1405.00 0.164763 2.61
1406.00 0.164763 2.61
1407.00 0.164763 2.61
1408.00 0.164763 2.61
1409.00 0.164763 2.61
1410.00 0.164763 2.61
1411.00 0.164763 2.61
1412.00 0.164763 2.61
1413.00 0.164763 2.61
1414.00 0.164763 2.61
1415.00 0.164763 2.61
1416.00 0.164763 2.61
1417.00 0.164763 2.61
1418.00 0.164763 2.61
1419.00 0.164763 2.61
1420.00 0.164763 2.61
1421.00 0.164763 2.61
1422.00 0.164763 2.61
1423.00 0.164763 2.61
1424.00 0.164763 2.61
1425.00 0.164763 2.61
1426.00 0.164763 2.61
1427.00 0.164763 2.61
1428.00 0.164763 2.61
1429.00 0.164763 2.61
1430.00 0.164763 2.61
1431.00 0.164763 2.61
1432.00 0.164763 2.61
1433.00 0.164763 2.61
1434.00 0.164763 2.61
1435.00 0.164763 2.61
1436.00 0.164763 2.61
1437.00 0.164763 2.61
1438.00 0.164763 2.61
1439.00 0.164763 2.61
1440.00 0.164763 2.61
1441.00 0.164763 2.61
1442.00 0.164763 2.61
1443.00 0.164763 2.61
1444.00 0.164763 2.61
1445.00 0.164763 2.61
1446.00 0.164763 2.61
1447.00 0.164763 2.61
1448.00 0.164763 2.61
1449.00 0.164763 2.61
1450.00 0.164763 2.61
1451.00 0.164763 2.61
1452.00 0.164763 2.61
1453.00 0.164763 2.61
1454.00 0.164763 2.61
1455.00 0.164763 2.61
1456.00 0.164763 2.61
1457.00 0.164763 2.61
1458.00 0.164763 2.61
1459.00 0.164763 2.61
1460.00 0.164763 2.61
1461.00 0.164763 2.61
1462.00 0.164763 2.61
1463.00 0.164763 2.61
1464.00 0.164763 2.61
1465.00 0.164763 2.61
1466.00 0.164763 2.61
1467.00 0.164763 2.61
1468.00 0.164763 2.61
1469.00 0.164763 2.61
1470.00 0.164763 2.61
1471.00 0.164763 2.61
1472.00 0.164763 2.61
1473.00 0.164763 2.61
1474.00 0.164763 2.61
1475.00 0.164763 2.61
1476.00 0.164763 2.61
1477.00 0.164763 2.61
1478.00 0.164763 2.61
1479.00 0.164763 2.61
1480.00 0.164763 2.61
1481.00 0.164763 2.61
1482.00 0.164763 2.61
1483.00 0.164763 2.61
1484.00 0.164763 2.61
1485.00 0.164763 2.61
1486.00 0.164763 2.61
1487.00 0.164763 2.61
1488.00 0.164763 2.61
1489.00 0.164763 2.61
1490.00 0.164763 2.61
1491.00 0.164763 2.61
1492.00 0.164763 2.61
1493.00 0.164763 2.61
1494.00 0.164763 2.61
1495.00 0.164763 2.61
1496.00 0.164763 2.61
1497.00 0.164763 2.61
1498.00 0.164763 2.61
1499.00 0.164763 2.61
1500.00 0.164763 2.61
1501.00 0.164763 2.61
1502.00 0.164763 2.61
1503.00 0.164763 2.61
1504.00 0.164763 2.61
1505.00 0.164763 2.61
1506.00 0.164763 2.61
1507.00 0.164763 2.61
1508.00 0.164763 2.61
1509.00 0.164763 2.61
1510.00 0.164763 2.61
1511.00 0.164763 2.61
1512.00 0.164763 2.61
1513.00 0.164763 2.61
1514.00 0.164763 2.61
1515.00 0.164763 2.61
1516.00 0.164763 2.61
1517.00 0.164763 2.61
1518.00 0.164763 2.61
1519.00 0.164763 2.61
1520.00 0.164763 2.61
1521.00 0.164763 2.61
1522.00 0.164763 2.61
1523.00 0.164763 2.61
1524.00 0.164763 2.61
1525.00 0.164763 2.61
1526.00 0.164763 2.61
1527.00 0.164763 2.61
1528.00 0.164763 2.61
1529.00 0.164763 2.61
1530.00 0.164763 2.61
1531.00 0.164763 2.61
1532.00 0.164763 2.61
1533.00 0.164763 2.61
1534.00 0.164763 2.61
1535.00 0.164763 2.61
1536.00 0.164763 2.61
1537.00 0.164763 2.61
1538.00 0.164763 2.61
1539.00 0.164763 2.61
1540.00 0.164763 2.61
1541.00 0.164763 2.61
1542.00 0.164763 2.61
1543.00 0.164763 2.61
1544.00 0.164763 2.61
1545.00 0.164763 2.61
1546.00 0.164763 2.61
1547.00 0.164763 2.61
1548.00 0.164763 2.61
1549.00 0.164763 2.61
1550.00 0.164763 2.61
1551.00 0.164763 2.61
1552.00 0.164763 2.61
1553.00 0.164763 2.61
1554.00 0.164763 2.61
1555.00 0.164763 2.61
1556.00 0.164763 2.61
1557.00 0.164763 2.61
1558.00 0.164763 2.61
1559.00 0.164763 2.61
1560.00 0.164763 2.61
1561.00 0.164763 2.61
1562.00 0.164763 2.61
1563.00 0.164763 2.61
1564.00 0.164763 2.61
1565.00 0.164763 2.61
1566.00 0.164763 2.61
1567.00 0.164763 2.61
1568.00 0.164763 2.61
1569.00 0.164763 2.61
1570.00 0.164763 2.61
1571.00 0.164763 2.61
1572.00 0.164763 2.61
1573.00 0.164763 2.61
1574.00 0.164763 2.61
1575.00 0.164763 2.61
1576.00 0.164763 2.61
1577.00 0.164763 2.61
1578.00 0.164763 2.61
1579.00 0.164763 2.61
1580.00 0.164763 2.61
1581.00 0.164763 2.61
1582.00 0.164763 2.61
1583.00 0.164763 2.61
1584.00 0.164763 2.61
1585.00 0.164763 2.61
1586.00 0.164763 2.61
1587.00 0.164763 2.61
1588.00 0.164763 2.61
1589.00 0.164763 2.61
1590.00 0.164763 2.61
1591.00 0.164763 2.61
1592.00 0.164763 2.61
1593.00 0.164763 2.61
1594.00 0.164763 2.61
1595.00 0.164763 2.61
1596.00 0.164763 2.61
1597.00 0.164763 2.61
1598.00 0.164763 2.61
1599.00 0.164763 2.61
1600.00 0.164763 2.61
1601.00 0.164763 2.61
1602.00 0.164763 2.61
1603.00 0.164763 2.61
1604.00 0.164763 2.61
1605.00 0.164763 2.61
1606.00 0.164763 2.61
1607.00 0.164763 2.61
1608.00 0.164763 2.61
1609.00 0.164763 2.61
1610.00 0.164763 2.61
1611.00 0.164763 2.61
1612.00 0.164763 2.61
1613.00 0.164763 2.61
1614.00 0.164763 2.61
1615.00 0.164763 2.61
1616.00 0.164763 2.61
1617.00 0.164763 2.61
1618.00 0.164763 2.61
1619.00 0.164763 2.61
1620.00 0.164763 2.61
1621.00 0.164763 2.61
1622.00 0.164763 2.61
1623.00 0.164763 2.61
1624.00 0.164763 2.61
1625.00 0.164763 2.61
1626.00 0.164763 2.61
1627.00 0.164763 2.61
1628.00 0.164763 2.61
1629.00 0.164763 2.61
1630.00 0.164763 2.61
1631.00 0.164763 2.61
1632.00 0.164763 2.61
1633.00 0.164763 2.61
1634.00 0.164763 2.61
1635.00 0.164763 2.61
1636.00 0.164763 2.61
1637.00 0.164763 2.61
1638.00 0.164763 2.61
1639.00 0.164763 2.61
1640.00 0.164763 2.61
1641.00 0.164763 2.61
1642.00 0.164763 2.61
1643.00 0.164763 2.61
1644.00 0.164763 2.61
1645.00 0.164763 2.61
1646.00 0.164763 2.61
1647.00 0.164763 2.61
1648.00 0.164763 2.61
1649.00 0.164763 2.61
1650.00 0.164763 2.61
1651.00 0.164763 2.61
1652.00 0.164763 2.61
1653.00 0.164763 2.61
1654.00 0.164763 2.61
1655.00 0.164763 2.61
1656.00 0.164763 2.61
1657.00 0.164763 2.61
1658.00 0.164763 2.61
1659.00 0.164763 2.61
1660.00 0.164763 2.61
1661.00 0.164763 2.61
1662.00 0.164763 2.61
1663.00 0.164763 2.61
1664.00 0.164763 2.61
1665.00 0.164763 2.61
1666.00 0.164763 2.61
1667.00 0.164763 2.61
1668.00 0.164763 2.61
1669.00 0.164763 2.61
1670.00 0.164763 2.61
1671.00 0.164763 2.61
1672.00 0.164763 2.61
1673.00 0.164763 2.61
1674.00 0.164763 2.61
1675.00 0.164763 2.61
1676.00 0.164763 2.61
1677.00 0.164763 2.61
1678.00 0.164763 2.61
1679.00 0.164763 2.61
1680.00 0.164763 2.61
1681.00 0.164763 2.61
1682.00 0.164763 2.61
1683.00 0.164763 2.61
1684.00 0.164763 2.61
1685.00 0.164763 2.61
1686.00 0.164763 2.61
1687.00 0.164763 2.61
1688.00 0.164763 2.61
1689.00 0.164763 2.61
1690.00 0.164763 2.61
1691.00 0.164763 2.61
1692.00 0.164763 2.61
1693.00 0.164763 2.61
1694.00 0.164763 2.61
1695.00 0.164763 2.61
1696.00 0.164763 2.61
1697.00 0.164763 2.61
1698.00 0.164763 2.61
1699.00 0.164763 2.61
1700.00 0.164763 2.61
1701.00 0.164763 2.61
1702.00 0.164763 2.61
1703.00 0.164763 2.61
1704.00 0.164763 2.61
1705.00 0.164763 2.61
1706.00 0.164763 2.61
1707.00 0.164763 2.61
1708.00 0.164763 2.61
1709.00 0.164763 2.61
1710.00 0.164763 2.61
1711.00 0.164763 2.61
1712.00 0.164763 2.61
1713.00 0.164763 2.61
1714.00 0.164763 2.61
1715.00 0.164763 2.61
1716.00 0.164763 2.61
1717.00 0.164763 2.61
1718.00 0.164763 2.61
1719.00 0.164763 2.61
1720.00 0.164763 2.61
1721.00 0.164763 2.61
1722.00 0.164763 2.61
1723.00 0.164763 2.61
1724.00 0.164763 2.61
1725.00 0.164763 2.61
1726.00 0.164763 2.61
1727.00 0.164763 2.61
1728.00 0.164763 2.61
1729.00 0.164763 2.61
1730.00 0.164763 2.61
1731.00 0.164763 2.61
1732.00 0.164763 2.61
1733.00 0.164763 2.61
1734.00 0.164763 2.61
1735.00 0.164763 2.61
1736.00 0.164763 2.61
1737.00 0.164763 2.61
1738.00 0.164763 2.61
1739.00 0.164763 2.61
1740.00 0.164763 2.61
1741.00 0.164763 2.61
1742.00 0.164763 2.61
1743.00 0.164763 2.61
1744.00 0.164763 2.61
1745.00 0.164763 2.61
1746.00 0.164763 2.61
1747.00 0.164763 2.61
1748.00 0.164763 2.61
1749.00 0.164763 2.61
1750.00 0.164763 2.61
1751.00 0.164763 2.61
1752.00 0.164763 2.61
1753.00 0.164763 2.61
1754.00 0.164763 2.61
1755.00 0.164763 2.61
1756.00 0.164763 2.61
1757.00 0.164763 2.61
1758.00 0.164763 2.61
1759.00 0.164763 2.61
1760.00 0.164763 2.61
1761.00 0.164763 2.61
1762.00 0.164763 2.61
1763.00 0.164763 2.61
1764.00 0.164763 2.61
1765.00 0.164763 2.61
1766.00 0.164763 2.61
1767.00 0.164763 2.61
1768.00 0.164763 2.61
1769.00 0.164763 2.61
1770.00 0.164763 2.61
1771.00 0.164763 2.61
1772.00 0.164763 2.61
1773.00 0.164763 2.61
1774.00 0.164763 2.61
1775.00 0.164763 2.61
1776.00 0.164763 2.61
1777.00 0.164763 2.61
1778.00 0.164763 2.61
1779.00 0.164763 2.61
1780.00 0.164763 2.61
1781.00 0.164763 2.61
1782.00 0.164763 2.61
1783.00 0.164763 2.61
1784.00 0.164763 2.61
1785.00 0.164763 2.61
1786.00 0.164763 2.61
1787.00 0.164763 2.61
1788.00 0.164763 2.61
1789.00 0.164763 2.61
1790.00 0.164763 2.61
1791.00 0.164763 2.61
1792.00 0.164763 2.61
1793.00 0.164763 2.61
1794.00 0.164763 2.61
1795.00 0.164763 2.61
1796.00 0.164763 2.61
1797.00 0.164763 2.61
1798.00 0.164763 2.61
1799.00 0.164763 2.61
1800.00 0.164763 2.61
1801.00 0.164763 2.61
1802.00 0.164763 2.61
1803.00 0.164763 2.61
1804.00 0.164763 2.61
1805.00 0.164763 2.61
1806.00 0.164763 2.61
1807.00 0.164763 2.61
1808.00 0.164763 2.61
1809.00 0.164763 2.61
1810.00 0.164763 2.61
1811.00 0.164763 2.61
1812.00 0.164763 2.61
1813.00 0.164763 2.61
1814.00 0.164763 2.61
1815.00 0.164763 2.61
1816.00 0.164763 2.61
1817.00 0.164763 2.61
1818.00 0.164763 2.61
1819.00 0.164763 2.61
1820.00 0.164763 2.61
1821.00 0.164763 2.61
1822.00 0.164763 2.61
1823.00 0.164763 2.61
1824.00 0.164763 2.61
1825.00 0.164763 2.61
1826.00 0.164763 2.61
1827.00 0.164763 2.61
1828.00 0.164763 2.61
1829.00 0.164763 2.61
1830.00 0.164763 2.61
1831.00 0.164763 2.61
1832.00 0.164763 2.61
1833.00 0.164763 2.61
1834.00 0.164763 2.61
1835.00 0.164763 2.61
1836.00 0.164763 2.61
1837.00 0.164763 2.61
1838.00 0.164763 2.61
1839.00 0.164763 2.61
1840.00 0.164763 2.61
1841.00 0.164763 2.61
1842.00 0.164763 2.61
1843.00 0.164763 2.61
1844.00 0.164763 2.61
1845.00 0.164763 2.61
1846.00 0.164763 2.61
1847.00 0.164763 2.61
1848.00 0.164763 2.61
1849.00 0.164763 2.61
1850.00 0.164763 2.61
1851.00 0.164763 2.61
1852.00 0.164763 2.61
1853.00 0.164763 2.61
1854.00 0.164763 2.61
1855.00 0.164763 2.61
1856.00 0.164763 2.61
1857.00 0.164763 2.61
1858.00 0.164763 2.61
1859.00 0.164763 2.61
1860.00 0.164763 2.61
1861.00 0.164763 2.61
1862.00 0.164763 2.61
1863.00 0.164763 2.61
1864.00 0.164763 2.61
1865.00 0.164763 2.61
1866.00 0.164763 2.61
1867.00 0.164763 2.61
1868.00 0.164763 2.61
1869.00 0.164763 2.61
1870.00 0.164763 2.61
1871.00 0.164763 2.61
1872.00 0.164763 2.61
1873.00 0.164763 2.61
1874.00 0.164763 2.61
1875.00 0.164763 2.61
1876.00 0.164763 2.61
1877.00 0.164763 2.61
1878.00 0.164763 2.61
1879.00 0.164763 2.61
1880.00 0.164763 2.61
1881.00 0.164763 2.61
1882.00 0.164763 2.61
1883.00 0.164763 2.61
1884.00 0.164763 2.61
1885.00 0.164763 2.61
1886.00 0.164763 2.61
1887.00 0.164763 2.61
1888.00 0.164763 2.61
1889.00 0.164763 2.61
1890.00 0.164763 2.61
1891.00 0.164763 2.61
1892.00 0.164763 2.61
1893.00 0.164763 2.61
1894.00 0.164763 2.61
1895.00 0.164763 2.61
1896.00 0.164763 2.61
1897.00 0.164763 2.61
1898.00 0.164763 2.61
1899.00 0.164763 2.61
1900.00 0.164763 2.61
1901.00 0.164763 2.61
1902.00 0.164763 2.61
1903.00 0.164763 2.61
1904.00 0.164763 2.61
1905.00 0.164763 2.61
1906.00 0.164763 2.61
1907.00 0.164763 2.61
1908.00 0.164763 2.61
1909.00 0.164763 2.61
1910.00 0.164763 2.61
1911.00 0.164763 2.61
1912.00 0.164763 2.61
1913.00 0.164763 2.61
1914.00 0.164763 2.61
1915.00 0.164763 2.61
1916.00 0.164763 2.61
1917.00 0.164763 2.61
1918.00 0.164763 2.61
1919.00 0.164763 2.61
1920.00 0.164763 2.61
1921.00 0.164763 2.61
1922.00 0.164763 2.61
1923.00 0.164763 2.61
1924.00 0.164763 2.61
1925.00 0.164763 2.61
1926.00 0.164763 2.61
1927.00 0.164763 2.61
1928.00 0.164763 2.61
1929.00 0.164763 2.61
1930.00 0.164763 2.61
1931.00 0.164763 2.61
1932.00 0.164763 2.61
1933.00 0.164763 2.61
1934.00 0.164763 2.61
1935.00 0.164763 2.61
1936.00 0.164763 2.61
1937.00 0.164763 2.61
1938.00 0.164763 2.61
1939.00 0.164763 2.61
1940.00 0.164763 2.61
1941.00 0.164763 2.61
1942.00 0.164763 2.61
1943.00 0.164763 2.61
1944.00 0.164763 2.61
1945.00 0.164763 2.61
1946.00 0.164763 2.61
1947.00 0.164763 2.61
1948.00 0.164763 2.61
1949.00 0.164763 2.61
1950.00 0.164763 2.61
1951.00 0.164763 2.61
1952.00 0.164763 2.61
1953.00 0.164763 2.61
1954.00 0.164763 2.61
1955.00 0.164763 2.61
1956.00 0.164763 2.61
1957.00 0.164763 2.61
1958.00 0.164763 2.61
1959.00 0.164763 2.61
1960.00 0.164763 2.61
1961.00 0.164763 2.61
1962.00 0.164763 2.61
1963.00 0.164763 2.61
1964.00 0.164763 2.61
1965.00 0.164763 2.61
1966.00 0.164763 2.61
1967.00 0.164763 2.61
1968.00 0.164763 2.61
1969.00 0.164763 2.61
1970.00 0.164763 2.61
1971.00 0.164763 2.61
1972.00 0.164763 2.61
1973.00 0.164763 2.61
1974.00 0.164763 2.61
1975.00 0.164763 2.61
1976.00 0.164763 2.61
1977.00 0.164763 2.61
1978.00 0.164763 2.61
1979.00 0.164763 2.61
1980.00 0.164763 2.61
1981.00 0.164763 2.61
1982.00 0.164763 2.61
1983.00 0.164763 2.61
1984.00 0.164763 2.61
1985.00 0.164763 2.61
1986.00 0.164763 2.61
1987.00 0.164763 2.61
1988.00 0.164763 2.61
1989.00 0.164763 2.61
1990.00 0.164763 2.61
1991.00 0.164763 2.61
1992.00 0.164763 2.61
1993.00 0.164763 2.61
1994.00 0.164763 2.61
1995.00 0.164763 2.61
1996.00 0.164763 2.61
1997.00 0.164763 2.61
1998.00 0.164763 2.61
1999.00 0.164763 2.61
2000.00 0.164763 2.61
