0.00 1.442475 14.68
1.00 1.440688 14.68
2.00 1.438897 14.68
3.00 1.437102 14.68
4.00 1.435302 14.68
5.00 1.433497 14.68
6.00 1.431689 14.67
7.00 1.429882 14.67
8.00 1.428073 14.67
9.00 1.426259 14.67
10.00 1.424443 14.67
11.00 1.422623 14.67
12.00 1.420800 14.67
13.00 1.418973 14.67
14.00 1.417143 14.67
15.00 1.415313 14.66
16.00 1.413487 14.65
17.00 1.411663 14.65
18.00 1.409852 14.63
19.00 1.408052 14.62
20.00 1.406259 14.62
21.00 1.404467 14.62
22.00 1.402675 14.62
23.00 1.400885 14.62
24.00 1.399100 14.61
25.00 1.397332 14.60
26.00 1.395574 14.60
27.00 1.393818 14.60
28.00 1.392068 14.59
29.00 1.390323 14.59
30.00 1.388578 14.59
31.00 1.386834 14.58
32.00 1.385099 14.58
33.00 1.383363 14.58
34.00 1.381627 14.58
35.00 1.379890 14.58
36.00 1.378151 14.58
37.00 1.376411 14.57
38.00 1.374670 14.57
39.00 1.372952 14.56
40.00 1.371251 14.53
41.00 1.369573 14.52
42.00 1.367930 14.49
43.00 1.366320 14.49
44.00 1.364715 14.49
45.00 1.363115 14.48
46.00 1.361518 14.48
47.00 1.359922 14.48
48.00 1.358328 14.47
49.00 1.356738 14.46
50.00 1.355151 14.46
51.00 1.353563 14.46
52.00 1.351987 14.44
53.00 1.350446 14.44
54.00 1.348942 14.43
55.00 1.347451 14.41
56.00 1.345977 14.41
57.00 1.344505 14.41
58.00 1.343034 14.41
59.00 1.341564 14.41
60.00 1.340118 14.40
61.00 1.338678 14.40
62.00 1.337255 14.39
63.00 1.335840 14.39
64.00 1.334426 14.39
65.00 1.333011 14.39
66.00 1.331604 14.38
67.00 1.330204 14.38
68.00 1.328832 14.37
69.00 1.327470 14.37
70.00 1.326111 14.36
71.00 1.324790 14.35
72.00 1.323480 14.34
73.00 1.322176 14.33
74.00 1.320874 14.32
75.00 1.319574 14.32
76.00 1.318287 14.31
77.00 1.317026 14.29
78.00 1.315772 14.29
79.00 1.314535 14.27
80.00 1.313328 14.27
81.00 1.312124 14.27
82.00 1.310920 14.26
83.00 1.309721 14.26
84.00 1.308521 14.26
85.00 1.307320 14.26
86.00 1.306118 14.26
87.00 1.304913 14.26
88.00 1.303715 14.25
89.00 1.302520 14.25
90.00 1.301323 14.25
91.00 1.300130 14.24
92.00 1.298999 14.22
93.00 1.297871 14.22
94.00 1.296744 14.22
95.00 1.295617 14.22
96.00 1.294490 14.22
97.00 1.293365 14.21
98.00 1.292251 14.21
99.00 1.291136 14.21
100.00 1.290020 14.21
101.00 1.288903 14.21
102.00 1.287784 14.21
103.00 1.286663 14.21
104.00 1.285566 14.20
105.00 1.284468 14.20
106.00 1.283369 14.20
107.00 1.282269 14.20
108.00 1.281166 14.20
109.00 1.280061 14.20
110.00 1.278963 14.19
111.00 1.277896 14.17
112.00 1.276850 14.17
113.00 1.275804 14.17
114.00 1.274759 14.17
115.00 1.273712 14.17
116.00 1.272675 14.16
117.00 1.271649 14.16
118.00 1.270622 14.16
119.00 1.269594 14.16
120.00 1.268574 14.15
121.00 1.267567 14.14
122.00 1.266572 14.14
123.00 1.265579 14.13
124.00 1.264615 14.11
125.00 1.263665 14.10
126.00 1.262719 14.10
127.00 1.261775 14.10
128.00 1.260833 14.10
129.00 1.259892 14.10
130.00 1.258971 14.09
131.00 1.258063 14.09
132.00 1.257156 14.09
133.00 1.256250 14.09
134.00 1.255347 14.07
135.00 1.254456 14.06
136.00 1.253586 14.05
137.00 1.252725 14.05
138.00 1.251866 14.05
139.00 1.251008 14.05
140.00 1.250151 14.05
141.00 1.249303 14.04
142.00 1.248481 14.00
143.00 1.247691 14.00
144.00 1.246908 14.00
145.00 1.246132 13.99
146.00 1.245372 13.98
147.00 1.244622 13.97
148.00 1.243878 13.97
149.00 1.243139 13.97
150.00 1.242403 13.97
151.00 1.241672 13.96
152.00 1.240950 13.96
153.00 1.240233 13.96
154.00 1.239519 13.96
155.00 1.238832 13.95
156.00 1.238152 13.95
157.00 1.237477 13.95
158.00 1.236805 13.95
159.00 1.236136 13.95
160.00 1.235469 13.95
161.00 1.234805 13.95
162.00 1.234145 13.94
163.00 1.233488 13.94
164.00 1.232837 13.93
165.00 1.232199 13.93
166.00 1.231573 13.91
167.00 1.230961 13.91
168.00 1.230361 13.90
169.00 1.229777 13.89
170.00 1.229208 13.89
171.00 1.228644 13.89
172.00 1.228085 13.89
173.00 1.227528 13.89
174.00 1.226976 13.89
175.00 1.226426 13.89
176.00 1.225882 13.87
177.00 1.225345 13.87
178.00 1.224816 13.86
179.00 1.224306 13.86
180.00 1.223800 13.86
181.00 1.223298 13.86
182.00 1.222799 13.86
183.00 1.222303 13.86
184.00 1.221809 13.86
185.00 1.221318 13.86
186.00 1.220829 13.86
187.00 1.220343 13.86
188.00 1.219857 13.86
189.00 1.219374 13.86
190.00 1.218904 13.85
191.00 1.218445 13.85
192.00 1.217988 13.85
193.00 1.217535 13.85
194.00 1.217083 13.85
195.00 1.216634 13.85
196.00 1.216186 13.85
197.00 1.215739 13.85
198.00 1.215294 13.85
199.00 1.214849 13.85
200.00 1.214406 13.85
201.00 1.213963 13.84
202.00 1.213527 13.84
203.00 1.213102 13.83
204.00 1.212680 13.83
205.00 1.212260 13.83
206.00 1.211842 13.83
207.00 1.211425 13.83
208.00 1.211009 13.83
209.00 1.210595 13.83
210.00 1.210181 13.83
211.00 1.209768 13.83
212.00 1.209356 13.83
213.00 1.208959 13.82
214.00 1.208565 13.82
215.00 1.208173 13.82
216.00 1.207782 13.82
217.00 1.207393 13.82
218.00 1.207004 13.82
219.00 1.206617 13.82
220.00 1.206230 13.82
221.00 1.205846 13.81
222.00 1.205464 13.81
223.00 1.205096 13.80
224.00 1.204737 13.80
225.00 1.204384 13.79
226.00 1.204033 13.79
227.00 1.203685 13.79
228.00 1.203339 13.79
229.00 1.202995 13.79
230.00 1.202655 13.78
231.00 1.202332 13.78
232.00 1.202012 13.78
233.00 1.201695 13.78
234.00 1.201380 13.78
235.00 1.201068 13.78
236.00 1.200757 13.78
237.00 1.200449 13.78
238.00 1.200142 13.78
239.00 1.199838 13.78
240.00 1.199534 13.77
241.00 1.199234 13.77
242.00 1.198945 13.76
243.00 1.198664 13.76
244.00 1.198386 13.76
245.00 1.198112 13.75
246.00 1.197841 13.75
247.00 1.197571 13.75
248.00 1.197305 13.73
249.00 1.197051 13.73
250.00 1.196799 13.73
251.00 1.196550 13.73
252.00 1.196304 13.73
253.00 1.196060 13.73
254.00 1.195818 13.73
255.00 1.195578 13.73
256.00 1.195339 13.73
257.00 1.195103 13.73
258.00 1.194868 13.73
259.00 1.194635 13.73
260.00 1.194404 13.73
261.00 1.194173 13.73
262.00 1.193944 13.73
263.00 1.193723 13.72
264.00 1.193506 13.72
265.00 1.193291 13.72
266.00 1.193079 13.71
267.00 1.192869 13.71
268.00 1.192661 13.71
269.00 1.192454 13.71
270.00 1.192249 13.71
271.00 1.192045 13.71
272.00 1.191843 13.71
273.00 1.191642 13.71
274.00 1.191443 13.71
275.00 1.191245 13.71
276.00 1.191048 13.71
277.00 1.190852 13.71
278.00 1.190657 13.71
279.00 1.190463 13.71
280.00 1.190270 13.71
281.00 1.190078 13.71
282.00 1.189887 13.71
283.00 1.189697 13.71
284.00 1.189508 13.71
285.00 1.189319 13.71
286.00 1.189132 13.71
287.00 1.188944 13.71
288.00 1.188758 13.71
289.00 1.188572 13.71
290.00 1.188387 13.71
291.00 1.188203 13.71
292.00 1.188019 13.71
293.00 1.187836 13.69
294.00 1.187657 13.69
295.00 1.187478 13.69
296.00 1.187300 13.69
297.00 1.187123 13.69
298.00 1.186953 13.68
299.00 1.186790 13.68
300.00 1.186629 13.68
301.00 1.186469 13.68
302.00 1.186311 13.68
303.00 1.186154 13.68
304.00 1.185998 13.68
305.00 1.185843 13.68
306.00 1.185690 13.68
307.00 1.185538 13.68
308.00 1.185386 13.68
309.00 1.185236 13.68
310.00 1.185087 13.68
311.00 1.184939 13.67
312.00 1.184794 13.67
313.00 1.184649 13.67
314.00 1.184505 13.67
315.00 1.184362 13.67
316.00 1.184219 13.67
317.00 1.184078 13.67
318.00 1.183937 13.67
319.00 1.183797 13.67
320.00 1.183658 13.67
321.00 1.183520 13.67
322.00 1.183386 13.66
323.00 1.183259 13.66
324.00 1.183133 13.66
325.00 1.183009 13.66
326.00 1.182886 13.66
327.00 1.182764 13.66
328.00 1.182647 13.65
329.00 1.182532 13.64
330.00 1.182419 13.64
331.00 1.182308 13.64
332.00 1.182198 13.64
333.00 1.182089 13.64
334.00 1.181981 13.64
335.00 1.181875 13.64
336.00 1.181770 13.64
337.00 1.181665 13.64
338.00 1.181562 13.64
339.00 1.181460 13.64
340.00 1.181364 13.63
341.00 1.181271 13.63
342.00 1.181180 13.63
343.00 1.181093 13.61
344.00 1.181009 13.61
345.00 1.180927 13.61
346.00 1.180846 13.61
347.00 1.180766 13.61
348.00 1.180688 13.61
349.00 1.180611 13.61
350.00 1.180535 13.61
351.00 1.180460 13.61
352.00 1.180387 13.61
353.00 1.180314 13.61
354.00 1.180243 13.61
355.00 1.180173 13.61
356.00 1.180103 13.61
357.00 1.180035 13.61
358.00 1.179968 13.61
359.00 1.179901 13.61
360.00 1.179836 13.61
361.00 1.179771 13.61
362.00 1.179707 13.61
363.00 1.179644 13.61
364.00 1.179582 13.61
365.00 1.179520 13.61
366.00 1.179459 13.61
367.00 1.179399 13.61
368.00 1.179340 13.61
369.00 1.179282 13.61
370.00 1.179224 13.61
371.00 1.179167 13.61
372.00 1.179111 13.61
373.00 1.179055 13.61
374.00 1.179000 13.61
375.00 1.178946 13.61
376.00 1.178893 13.61
377.00 1.178840 13.61
378.00 1.178787 13.61
379.00 1.178736 13.61
380.00 1.178684 13.61
381.00 1.178634 13.61
382.00 1.178584 13.61
383.00 1.178535 13.61
384.00 1.178486 13.61
385.00 1.178438 13.61
386.00 1.178390 13.61
387.00 1.178343 13.61
388.00 1.178296 13.61
389.00 1.178250 13.61
390.00 1.178205 13.61
391.00 1.178160 13.61
392.00 1.178115 13.61
393.00 1.178071 13.61
394.00 1.178027 13.61
395.00 1.177984 13.61
396.00 1.177942 13.61
397.00 1.177900 13.61
398.00 1.177858 13.61
399.00 1.177817 13.61
400.00 1.177776 13.61
401.00 1.177736 13.61
402.00 1.177696 13.61
403.00 1.177656 13.61
404.00 1.177617 13.61
405.00 1.177579 13.61
406.00 1.177540 13.61
407.00 1.177503 13.61
408.00 1.177465 13.61
409.00 1.177428 13.61
410.00 1.177391 13.61
411.00 1.177355 13.61
412.00 1.177319 13.61
413.00 1.177284 13.61
414.00 1.177249 13.61
415.00 1.177214 13.61
416.00 1.177179 13.61
417.00 1.177145 13.61
418.00 1.177112 13.61
419.00 1.177078 13.61
420.00 1.177045 13.61
421.00 1.177013 13.61
422.00 1.176981 13.60
423.00 1.176949 13.60
424.00 1.176918 13.60
425.00 1.176887 13.60
426.00 1.176857 13.60
427.00 1.176826 13.60
428.00 1.176796 13.60
429.00 1.176767 13.60
430.00 1.176738 13.60
431.00 1.176709 13.60
432.00 1.176680 13.60
433.00 1.176652 13.60
434.00 1.176623 13.60
435.00 1.176596 13.60
436.00 1.176568 13.60
437.00 1.176541 13.60
438.00 1.176514 13.60
439.00 1.176487 13.60
440.00 1.176461 13.60
441.00 1.176434 13.60
442.00 1.176408 13.60
443.00 1.176383 13.60
444.00 1.176357 13.60
445.00 1.176332 13.60
446.00 1.176307 13.60
447.00 1.176282 13.60
448.00 1.176258 13.60
449.00 1.176234 13.60
450.00 1.176210 13.59
451.00 1.176186 13.59
452.00 1.176163 13.59
453.00 1.176141 13.59
454.00 1.176118 13.59
455.00 1.176096 13.59
456.00 1.176073 13.59
457.00 1.176052 13.59
458.00 1.176030 13.59
459.00 1.176009 13.59
460.00 1.175988 13.59
461.00 1.175967 13.59
462.00 1.175946 13.59
463.00 1.175926 13.59
464.00 1.175905 13.59
465.00 1.175886 13.59
466.00 1.175866 13.59
467.00 1.175846 13.59
468.00 1.175827 13.59
469.00 1.175808 13.59
470.00 1.175789 13.59
471.00 1.175770 13.59
472.00 1.175752 13.59
473.00 1.175733 13.59
474.00 1.175715 13.59
475.00 1.175697 13.59
476.00 1.175680 13.59
477.00 1.175662 13.59
478.00 1.175645 13.59
479.00 1.175628 13.59
480.00 1.175611 13.59
481.00 1.175594 13.59
482.00 1.175577 13.59
483.00 1.175561 13.59
484.00 1.175545 13.59
485.00 1.175529 13.59
486.00 1.175513 13.59
487.00 1.175497 13.59
488.00 1.175481 13.59
489.00 1.175466 13.59
490.00 1.175451 13.59
491.00 1.175435 13.59
492.00 1.175421 13.59
493.00 1.175406 13.59
494.00 1.175391 13.59
495.00 1.175377 13.59
496.00 1.175362 13.59
497.00 1.175348 13.59
498.00 1.175334 13.59
499.00 1.175320 13.59
500.00 1.175306 13.59
501.00 1.175293 13.58
502.00 1.175279 13.58
503.00 1.175266 13.58
504.00 1.175253 13.58
505.00 1.175240 13.58
506.00 1.175227 13.58
507.00 1.175215 13.58
508.00 1.175202 13.58
509.00 1.175190 13.58
510.00 1.175178 13.58
511.00 1.175166 13.58
512.00 1.175154 13.58
513.00 1.175142 13.58
514.00 1.175131 13.58
515.00 1.175119 13.58
516.00 1.175108 13.58
517.00 1.175097 13.58
518.00 1.175085 13.58
519.00 1.175074 13.58
520.00 1.175064 13.58
521.00 1.175053 13.58
522.00 1.175042 13.58
523.00 1.175032 13.58
524.00 1.175021 13.58
525.00 1.175011 13.58
526.00 1.175001 13.58
527.00 1.174991 13.58
528.00 1.174981 13.58
529.00 1.174971 13.58
530.00 1.174962 13.58
531.00 1.174952 13.58
532.00 1.174943 13.58
533.00 1.174933 13.58
534.00 1.174924 13.58
535.00 1.174915 13.58
536.00 1.174906 13.58
537.00 1.174897 13.58
538.00 1.174888 13.58
539.00 1.174879 13.58
540.00 1.174871 13.58
541.00 1.174862 13.58
542.00 1.174853 13.58
543.00 1.174845 13.58
544.00 1.174837 13.58
545.00 1.174829 13.58
546.00 1.174820 13.58
547.00 1.174812 13.58
548.00 1.174805 13.58
549.00 1.174797 13.58
550.00 1.174789 13.58
551.00 1.174781 13.58
552.00 1.174774 13.58
553.00 1.174766 13.58
554.00 1.174759 13.58
555.00 1.174751 13.58
556.00 1.174744 13.58
557.00 1.174737 13.58
558.00 1.174730 13.58
559.00 1.174723 13.58
560.00 1.174716 13.58
561.00 1.174709 13.58
562.00 1.174702 13.58
563.00 1.174695 13.58
564.00 1.174689 13.58
565.00 1.174682 13.58
566.00 1.174675 13.58
567.00 1.174669 13.58
568.00 1.174663 13.58
569.00 1.174656 13.58
570.00 1.174650 13.58
571.00 1.174644 13.58
572.00 1.174638 13.58
573.00 1.174632 13.58
574.00 1.174626 13.58
575.00 1.174620 13.58
576.00 1.174614 13.58
577.00 1.174608 13.58
578.00 1.174602 13.58
579.00 1.174597 13.58
580.00 1.174591 13.58
581.00 1.174585 13.58
582.00 1.174580 13.58
583.00 1.174574 13.58
584.00 1.174569 13.58
585.00 1.174564 13.58
586.00 1.174558 13.58
587.00 1.174553 13.58
588.00 1.174548 13.58
589.00 1.174543 13.58
590.00 1.174538 13.58
591.00 1.174533 13.58
592.00 1.174528 13.58
593.00 1.174523 13.58
594.00 1.174518 13.58
595.00 1.174513 13.58
596.00 1.174508 13.58
597.00 1.174504 13.58
598.00 1.174499 13.58
599.00 1.174494 13.58
600.00 1.174490 13.58
601.00 1.174485 13.58
602.00 1.174481 13.58
603.00 1.174477 13.58
604.00 1.174472 13.58
605.00 1.174468 13.58
606.00 1.174463 13.58
607.00 1.174459 13.58
608.00 1.174455 13.58
609.00 1.174451 13.58
610.00 1.174447 13.58
611.00 1.174443 13.58
612.00 1.174439 13.58
613.00 1.174435 13.58
614.00 1.174431 13.58
615.00 1.174427 13.58
616.00 1.174423 13.58
617.00 1.174419 13.58
618.00 1.174415 13.58
619.00 1.174411 13.58
620.00 1.174408 13.58
621.00 1.174404 13.58
622.00 1.174400 13.58
623.00 1.174397 13.58
624.00 1.174393 13.58
625.00 1.174390 13.58
626.00 1.174386 13.58
627.00 1.174383 13.58
628.00 1.174379 13.58
629.00 1.174376 13.58
630.00 1.174372 13.58
631.00 1.174369 13.58
632.00 1.174366 13.58
633.00 1.174363 13.58
634.00 1.174359 13.58
635.00 1.174356 13.58
636.00 1.174353 13.58
637.00 1.174350 13.58
638.00 1.174347 13.58
639.00 1.174344 13.58
640.00 1.174341 13.58
641.00 1.174338 13.58
642.00 1.174335 13.58
643.00 1.174332 13.58
644.00 1.174329 13.58
645.00 1.174326 13.58
646.00 1.174323 13.58
647.00 1.174320 13.58
648.00 1.174317 13.58
649.00 1.174314 13.58
650.00 1.174312 13.58
651.00 1.174309 13.58
652.00 1.174306 13.58
653.00 1.174303 13.58
654.00 1.174301 13.58
655.00 1.174298 13.58
656.00 1.174296 13.58
657.00 1.174293 13.58
658.00 1.174290 13.58
659.00 1.174288 13.58
660.00 1.174285 13.58
661.00 1.174283 13.58
662.00 1.174280 13.58
663.00 1.174278 13.58
664.00 1.174276 13.58
665.00 1.174273 13.58
666.00 1.174271 13.58
667.00 1.174268 13.58
668.00 1.174266 13.58
669.00 1.174264 13.58
670.00 1.174262 13.58
671.00 1.174259 13.58
672.00 1.174257 13.58
673.00 1.174255 13.58
674.00 1.174253 13.58
675.00 1.174250 13.58
676.00 1.174248 13.58
677.00 1.174246 13.58
678.00 1.174244 13.58
679.00 1.174242 13.58
680.00 1.174240 13.58
681.00 1.174238 13.58
682.00 1.174236 13.58
683.00 1.174234 13.58
684.00 1.174232 13.58
685.00 1.174230 13.58
686.00 1.174228 13.58
687.00 1.174226 13.58
688.00 1.174224 13.58
689.00 1.174222 13.58
690.00 1.174220 13.58
691.00 1.174218 13.58
692.00 1.174216 13.58
693.00 1.174214 13.58
694.00 1.174213 13.58
695.00 1.174211 13.58
696.00 1.174209 13.58
697.00 1.174207 13.58
698.00 1.174205 13.58
699.00 1.174204 13.58
700.00 1.174202 13.58
701.00 1.174200 13.58
702.00 1.174198 13.58
703.00 1.174197 13.58
704.00 1.174195 13.58
705.00 1.174193 13.58
706.00 1.174192 13.58
707.00 1.174190 13.58
708.00 1.174189 13.58
709.00 1.174187 13.58
710.00 1.174185 13.58
711.00 1.174184 13.58
712.00 1.174182 13.58
713.00 1.174181 13.58
714.00 1.174179 13.58
715.00 1.174178 13.58
716.00 1.174176 13.58
717.00 1.174175 13.58
718.00 1.174173 13.58
719.00 1.174172 13.58
720.00 1.174170 13.58
721.00 1.174169 13.58
722.00 1.174167 13.58
723.00 1.174166 13.58
724.00 1.174165 13.58
725.00 1.174163 13.58
726.00 1.174162 13.58
727.00 1.174160 13.58
728.00 1.174159 13.58
729.00 1.174158 13.58
730.00 1.174156 13.58
731.00 1.174155 13.58
732.00 1.174154 13.58
733.00 1.174152 13.58
734.00 1.174151 13.58
735.00 1.174150 13.58
736.00 1.174148 13.58
737.00 1.174147 13.58
738.00 1.174146 13.58
739.00 1.174145 13.58
740.00 1.174143 13.58
741.00 1.174142 13.58
742.00 1.174141 13.58
743.00 1.174140 13.58
744.00 1.174139 13.58
745.00 1.174137 13.58
746.00 1.174136 13.58
747.00 1.174135 13.58
748.00 1.174134 13.58
749.00 1.174133 13.58
750.00 1.174132 13.58
751.00 1.174131 13.58
752.00 1.174129 13.58
753.00 1.174128 13.58
754.00 1.174127 13.58
755.00 1.174126 13.58
756.00 1.174125 13.58
757.00 1.174124 13.58
758.00 1.174123 13.58
759.00 1.174122 13.58
760.00 1.174121 13.58
761.00 1.174120 13.58
762.00 1.174119 13.58
763.00 1.174118 13.58
764.00 1.174117 13.58
765.00 1.174116 13.58
766.00 1.174115 13.58
767.00 1.174114 13.58
768.00 1.174113 13.58
769.00 1.174112 13.58
770.00 1.174111 13.58
771.00 1.174110 13.58
772.00 1.174109 13.58
773.00 1.174108 13.58
774.00 1.174107 13.58
775.00 1.174106 13.58
776.00 1.174105 13.58
777.00 1.174104 13.58
778.00 1.174103 13.58
779.00 1.174102 13.58
780.00 1.174101 13.58
781.00 1.174100 13.58
782.00 1.174099 13.58
783.00 1.174098 13.58
784.00 1.174098 13.58
785.00 1.174097 13.58
786.00 1.174096 13.58
787.00 1.174095 13.58
788.00 1.174094 13.58
789.00 1.174093 13.58
790.00 1.174092 13.58
791.00 1.174091 13.58
792.00 1.174091 13.58
793.00 1.174090 13.58
794.00 1.174089 13.58
795.00 1.174088 13.58
796.00 1.174087 13.58
797.00 1.174086 13.58
798.00 1.174086 13.58
799.00 1.174085 13.58
800.00 1.174084 13.58
801.00 1.174083 13.58
802.00 1.174082 13.58
803.00 1.174082 13.58
804.00 1.174081 13.58
805.00 1.174080 13.58
806.00 1.174079 13.58
807.00 1.174079 13.58
808.00 1.174078 13.58
809.00 1.174077 13.58
810.00 1.174076 13.58
811.00 1.174076 13.58
812.00 1.174075 13.58
813.00 1.174074 13.58
814.00 1.174073 13.58
815.00 1.174073 13.58
816.00 1.174072 13.58
817.00 1.174071 13.58
818.00 1.174070 13.58
819.00 1.174070 13.58
820.00 1.174069 13.58
821.00 1.174068 13.58
822.00 1.174068 13.58
823.00 1.174067 13.58
824.00 1.174066 13.58
825.00 1.174065 13.58
826.00 1.174065 13.58
827.00 1.174064 13.58
828.00 1.174063 13.58
829.00 1.174063 13.58
830.00 1.174062 13.58
831.00 1.174061 13.58
832.00 1.174061 13.58
833.00 1.174060 13.58
834.00 1.174059 13.58
835.00 1.174059 13.58
836.00 1.174058 13.58
837.00 1.174057 13.58
838.00 1.174057 13.58
839.00 1.174056 13.58
840.00 1.174055 13.58
841.00 1.174055 13.58
842.00 1.174054 13.58
843.00 1.174053 13.58
844.00 1.174053 13.58
845.00 1.174052 13.58
846.00 1.174052 13.58
847.00 1.174051 13.58
848.00 1.174050 13.58
849.00 1.174050 13.58
850.00 1.174049 13.58
851.00 1.174048 13.58
852.00 1.174048 13.58
853.00 1.174047 13.58
854.00 1.174047 13.58
855.00 1.174046 13.58
856.00 1.174045 13.58
857.00 1.174045 13.58
858.00 1.174044 13.58
859.00 1.174044 13.58
860.00 1.174043 13.58
861.00 1.174042 13.58
862.00 1.174042 13.58
863.00 1.174041 13.58
864.00 1.174041 13.58
865.00 1.174040 13.58
866.00 1.174040 13.58
867.00 1.174039 13.58
868.00 1.174038 13.58
869.00 1.174038 13.58
870.00 1.174037 13.58
871.00 1.174037 13.58
872.00 1.174036 13.58
873.00 1.174036 13.58
874.00 1.174035 13.58
875.00 1.174034 13.58
876.00 1.174034 13.58
877.00 1.174033 13.58
878.00 1.174033 13.58
879.00 1.174032 13.58
880.00 1.174032 13.58
881.00 1.174031 13.58
882.00 1.174030 13.58
883.00 1.174030 13.58
884.00 1.174029 13.58
885.00 1.174029 13.58
886.00 1.174028 13.58
887.00 1.174028 13.58
888.00 1.174027 13.58
889.00 1.174027 13.58
890.00 1.174026 13.58
891.00 1.174026 13.58
892.00 1.174025 13.58
893.00 1.174025 13.58
894.00 1.174024 13.58
895.00 1.174023 13.58
896.00 1.174023 13.58
897.00 1.174022 13.58
898.00 1.174022 13.58
899.00 1.174021 13.58
900.00 1.174021 13.58
901.00 1.174020 13.58
902.00 1.174020 13.58
903.00 1.174019 13.58
904.00 1.174019 13.58
905.00 1.174018 13.58
906.00 1.174018 13.58
907.00 1.174017 13.58
908.00 1.174017 13.58
909.00 1.174016 13.58
910.00 1.174016 13.58
911.00 1.174015 13.58
912.00 1.174015 13.58
913.00 1.174014 13.58
914.00 1.174013 13.58
915.00 1.174013 13.58
916.00 1.174012 13.58
917.00 1.174012 13.58
918.00 1.174011 13.58
919.00 1.174011 13.58
920.00 1.174010 13.58
921.00 1.174010 13.58
922.00 1.174009 13.58
923.00 1.174009 13.58
924.00 1.174008 13.58
925.00 1.174008 13.58
926.00 1.174007 13.58
927.00 1.174007 13.58
928.00 1.174006 13.58
929.00 1.174006 13.58
930.00 1.174005 13.58
931.00 1.174005 13.58
932.00 1.174004 13.58
933.00 1.174004 13.58
934.00 1.174003 13.58
935.00 1.174003 13.58
936.00 1.174002 13.58
937.00 1.174002 13.58
938.00 1.174001 13.58
939.00 1.174001 13.58
940.00 1.174000 13.58
941.00 1.174000 13.58
942.00 1.173999 13.58
943.00 1.173999 13.58
944.00 1.173998 13.58
945.00 1.173998 13.58
946.00 1.173997 13.58
947.00 1.173997 13.58
948.00 1.173996 13.58
949.00 1.173996 13.58
950.00 1.173995 13.58
951.00 1.173995 13.58
952.00 1.173994 13.58
953.00 1.173994 13.58
954.00 1.173993 13.58
955.00 1.173993 13.58
956.00 1.173992 13.58
957.00 1.173992 13.58
958.00 1.173991 13.58
959.00 1.173991 13.58
960.00 1.173990 13.58
961.00 1.173990 13.58
962.00 1.173989 13.58
963.00 1.173989 13.58
964.00 1.173988 13.58
965.00 1.173988 13.58
966.00 1.173987 13.58
967.00 1.173987 13.58
968.00 1.173986 13.58
969.00 1.173986 13.58
970.00 1.173985 13.58
971.00 1.173985 13.58
972.00 1.173984 13.58
973.00 1.173984 13.58
974.00 1.173983 13.58
975.00 1.173983 13.58
976.00 1.173982 13.58
977.00 1.173982 13.58
978.00 1.173981 13.58
979.00 1.173981 13.58
980.00 1.173980 13.58
981.00 1.173980 13.58
982.00 1.173979 13.58
983.00 1.173979 13.58
984.00 1.173978 13.58
985.00 1.173978 13.58
986.00 1.173977 13.58
987.00 1.173976 13.58
988.00 1.173976 13.58
989.00 1.173975 13.58
990.00 1.173975 13.58
991.00 1.173974 13.58
992.00 1.173974 13.58
993.00 1.173973 13.58
994.00 1.173973 13.58
995.00 1.173972 13.58
996.00 1.173972 13.58
997.00 1.173971 13.58
998.00 1.173971 13.58
999.00 1.173970 13.58
1000.00 1.173970 13.58
1001.00 1.173969 13.58
1002.00 1.173969 13.58
1003.00 1.173968 13.58
1004.00 1.173968 13.58
1005.00 1.173967 13.58
1006.00 1.173967 13.58
1007.00 1.173966 13.58
1008.00 1.173966 13.58
1009.00 1.173965 13.58
1010.00 1.173964 13.58
1011.00 1.173964 13.58
1012.00 1.173963 13.58
1013.00 1.173963 13.58
1014.00 1.173962 13.58
1015.00 1.173962 13.58
1016.00 1.173961 13.58
1017.00 1.173961 13.58
1018.00 1.173960 13.58
1019.00 1.173960 13.58
1020.00 1.173959 13.58
1021.00 1.173959 13.58
1022.00 1.173958 13.58
1023.00 1.173957 13.58
1024.00 1.173957 13.58
1025.00 1.173956 13.58
1026.00 1.173956 13.58
1027.00 1.173955 13.58
1028.00 1.173955 13.58
1029.00 1.173954 13.58
1030.00 1.173954 13.58
1031.00 1.173953 13.58
1032.00 1.173952 13.58
1033.00 1.173952 13.58
1034.00 1.173951 13.58
1035.00 1.173951 13.58
1036.00 1.173950 13.58
1037.00 1.173950 13.58
1038.00 1.173949 13.58
1039.00 1.173949 13.58
1040.00 1.173948 13.58
1041.00 1.173947 13.58
1042.00 1.173947 13.58
1043.00 1.173946 13.58
1044.00 1.173946 13.58
1045.00 1.173945 13.58
1046.00 1.173944 13.58
1047.00 1.173944 13.58
1048.00 1.173943 13.58
1049.00 1.173943 13.58
1050.00 1.173942 13.58
1051.00 1.173942 13.58
1052.00 1.173941 13.58
1053.00 1.173940 13.58
1054.00 1.173940 13.58
1055.00 1.173939 13.58
1056.00 1.173939 13.58
1057.00 1.173938 13.58
1058.00 1.173937 13.58
1059.00 1.173937 13.58
1060.00 1.173936 13.58
1061.00 1.173936 13.58
1062.00 1.173935 13.58
1063.00 1.173934 13.58
1064.00 1.173934 13.58
1065.00 1.173933 13.58
1066.00 1.173933 13.58
1067.00 1.173932 13.58
1068.00 1.173931 13.58
1069.00 1.173931 13.58
1070.00 1.173930 13.58
1071.00 1.173929 13.58
1072.00 1.173929 13.58
1073.00 1.173928 13.58
1074.00 1.173928 13.58
1075.00 1.173927 13.58
1076.00 1.173926 13.58
1077.00 1.173926 13.58
1078.00 1.173925 13.58
1079.00 1.173924 13.58
1080.00 1.173924 13.58
1081.00 1.173923 13.58
1082.00 1.173923 13.58
1083.00 1.173922 13.58
1084.00 1.173921 13.58
1085.00 1.173921 13.58
1086.00 1.173920 13.58
1087.00 1.173919 13.58
1088.00 1.173919 13.58
1089.00 1.173918 13.58
1090.00 1.173917 13.58
1091.00 1.173917 13.58
1092.00 1.173916 13.58
1093.00 1.173915 13.58
1094.00 1.173915 13.58
1095.00 1.173914 13.58
1096.00 1.173913 13.58
1097.00 1.173913 13.58
1098.00 1.173912 13.58
1099.00 1.173911 13.58
1100.00 1.173911 13.58
1101.00 1.173910 13.58
1102.00 1.173909 13.58
1103.00 1.173909 13.58
1104.00 1.173908 13.58
1105.00 1.173907 13.58
1106.00 1.173906 13.58
1107.00 1.173906 13.58
1108.00 1.173905 13.58
1109.00 1.173904 13.58
1110.00 1.173904 13.58
1111.00 1.173903 13.58
1112.00 1.173902 13.58
1113.00 1.173902 13.58
1114.00 1.173901 13.58
1115.00 1.173900 13.58
1116.00 1.173899 13.58
1117.00 1.173899 13.58
1118.00 1.173898 13.58
1119.00 1.173897 13.58
1120.00 1.173896 13.58
1121.00 1.173896 13.58
1122.00 1.173895 13.58
1123.00 1.173894 13.58
1124.00 1.173893 13.58
1125.00 1.173893 13.58
1126.00 1.173892 13.58
1127.00 1.173891 13.58
1128.00 1.173890 13.58
1129.00 1.173890 13.58
1130.00 1.173889 13.58
1131.00 1.173888 13.58
1132.00 1.173887 13.58
1133.00 1.173887 13.58
1134.00 1.173886 13.58
1135.00 1.173885 13.58
1136.00 1.173884 13.58
1137.00 1.173884 13.58
1138.00 1.173883 13.58
1139.00 1.173882 13.58
1140.00 1.173881 13.58
1141.00 1.173880 13.58
1142.00 1.173880 13.58
1143.00 1.173879 13.58
1144.00 1.173878 13.58
1145.00 1.173877 13.58
1146.00 1.173876 13.58
1147.00 1.173876 13.58
1148.00 1.173875 13.58
1149.00 1.173874 13.58
1150.00 1.173873 13.58
1151.00 1.173872 13.58
1152.00 1.173872 13.58
1153.00 1.173871 13.58
1154.00 1.173870 13.58
1155.00 1.173869 13.58
1156.00 1.173868 13.58
1157.00 1.173867 13.58
1158.00 1.173867 13.58
1159.00 1.173866 13.58
1160.00 1.173865 13.58
1161.00 1.173864 13.58
1162.00 1.173863 13.58
1163.00 1.173862 13.58
1164.00 1.173861 13.58
1165.00 1.173861 13.58
1166.00 1.173860 13.58
1167.00 1.173859 13.58
1168.00 1.173858 13.58
1169.00 1.173857 13.58
1170.00 1.173856 13.58
1171.00 1.173855 13.58
1172.00 1.173854 13.58
1173.00 1.173853 13.58
1174.00 1.173853 13.58
1175.00 1.173852 13.58
1176.00 1.173851 13.58
1177.00 1.173850 13.58
1178.00 1.173849 13.58
1179.00 1.173848 13.58
1180.00 1.173847 13.58
1181.00 1.173846 13.58
1182.00 1.173845 13.58
1183.00 1.173844 13.58
1184.00 1.173843 13.58
1185.00 1.173842 13.58
1186.00 1.173841 13.58
1187.00 1.173841 13.58
1188.00 1.173840 13.58
1189.00 1.173839 13.58
1190.00 1.173838 13.58
1191.00 1.173837 13.58
1192.00 1.173836 13.58
1193.00 1.173835 13.58
1194.00 1.173834 13.58
1195.00 1.173833 13.58
1196.00 1.173832 13.58
1197.00 1.173831 13.58
1198.00 1.173830 13.58
1199.00 1.173829 13.58
1200.00 1.173828 13.58
1201.00 1.173827 13.58
1202.00 1.173826 13.58
1203.00 1.173825 13.58
1204.00 1.173824 13.58
1205.00 1.173823 13.58
1206.00 1.173822 13.58
1207.00 1.173821 13.57
1208.00 1.173821 13.57
1209.00 1.173821 13.57
1210.00 1.173821 13.57
1211.00 1.173821 13.57
1212.00 1.173821 13.57
1213.00 1.173820 13.57
1214.00 1.173820 13.57
1215.00 1.173820 13.57
1216.00 1.173820 13.57
1217.00 1.173820 13.57
1218.00 1.173819 13.57
1219.00 1.173819 13.57
1220.00 1.173819 13.57
1221.00 1.173819 13.57
1222.00 1.173819 13.57
1223.00 1.173819 13.57
1224.00 1.173818 13.57
1225.00 1.173818 13.57
1226.00 1.173818 13.57
1227.00 1.173818 13.57
1228.00 1.173818 13.57
1229.00 1.173818 13.57
1230.00 1.173817 13.57
1231.00 1.173817 13.57
1232.00 1.173817 13.57
1233.00 1.173817 13.57
1234.00 1.173817 13.57
1235.00 1.173817 13.57
1236.00 1.173816 13.57
1237.00 1.173816 13.57
1238.00 1.173816 13.57
1239.00 1.173816 13.57
1240.00 1.173816 13.57
1241.00 1.173816 13.57
1242.00 1.173815 13.57
1243.00 1.173815 13.57
1244.00 1.173815 13.57
1245.00 1.173815 13.57
1246.00 1.173815 13.57
1247.00 1.173815 13.57
1248.00 1.173814 13.57
1249.00 1.173814 13.57
1250.00 1.173814 13.57
1251.00 1.173814 13.57
1252.00 1.173814 13.57
1253.00 1.173814 13.57
1254.00 1.173813 13.57
1255.00 1.173813 13.57
1256.00 1.173813 13.57
1257.00 1.173813 13.57
1258.00 1.173813 13.57
1259.00 1.173813 13.57
1260.00 1.173812 13.57
1261.00 1.173812 13.57
1262.00 1.173812 13.57
1263.00 1.173812 13.57
1264.00 1.173812 13.57
1265.00 1.173812 13.57
1266.00 1.173811 13.57
1267.00 1.173811 13.57
1268.00 1.173811 13.57
1269.00 1.173811 13.57
1270.00 1.173811 13.57
1271.00 1.173811 13.57
1272.00 1.173811 13.57
1273.00 1.173810 13.57
1274.00 1.173810 13.57
1275.00 1.173810 13.57
1276.00 1.173810 13.57
1277.00 1.173810 13.57
1278.00 1.173810 13.57
1279.00 1.173809 13.57
1280.00 1.173809 13.57
1281.00 1.173809 13.57
1282.00 1.173809 13.57
1283.00 1.173809 13.57
1284.00 1.173809 13.57
1285.00 1.173808 13.57
1286.00 1.173808 13.57
1287.00 1.173808 13.57
1288.00 1.173808 13.57
1289.00 1.173808 13.57
1290.00 1.173808 13.57
1291.00 1.173807 13.57
1292.00 1.173807 13.57
1293.00 1.173807 13.57
1294.00 1.173807 13.57
1295.00 1.173807 13.57
1296.00 1.173807 13.57
1297.00 1.173806 13.57
1298.00 1.173806 13.57
1299.00 1.173806 13.57
1300.00 1.173806 13.57
1301.00 1.173806 13.57
1302.00 1.173806 13.57
1303.00 1.173805 13.57
1304.00 1.173805 13.57
1305.00 1.173805 13.57
1306.00 1.173805 13.57
1307.00 1.173805 13.57
1308.00 1.173805 13.57
1309.00 1.173805 13.57
1310.00 1.173804 13.57
1311.00 1.173804 13.57
1312.00 1.173804 13.57
1313.00 1.173804 13.57
1314.00 1.173804 13.57
1315.00 1.173804 13.57
1316.00 1.173803 13.57
1317.00 1.173803 13.57
1318.00 1.173803 13.57
1319.00 1.173803 13.57
1320.00 1.173803 13.57
1321.00 1.173803 13.57
1322.00 1.173802 13.57
1323.00 1.173802 13.57
1324.00 1.173802 13.57
1325.00 1.173802 13.57
1326.00 1.173802 13.57
1327.00 1.173802 13.57
1328.00 1.173801 13.57
1329.00 1.173801 13.57
1330.00 1.173801 13.57
1331.00 1.173801 13.57
1332.00 1.173801 13.57
1333.00 1.173801 13.57
1334.00 1.173800 13.57
1335.00 1.173800 13.57
1336.00 1.173800 13.57
1337.00 1.173800 13.57
1338.00 1.173800 13.57
1339.00 1.173800 13.57
1340.00 1.173800 13.57
1341.00 1.173799 13.57
1342.00 1.173799 13.57
1343.00 1.173799 13.57
1344.00 1.173799 13.57
1345.00 1.173799 13.57
1346.00 1.173799 13.57
1347.00 1.173798 13.57
1348.00 1.173798 13.57
1349.00 1.173798 13.57
1350.00 1.173798 13.57
1351.00 1.173798 13.57
1352.00 1.173798 13.57
1353.00 1.173797 13.57
1354.00 1.173797 13.57
1355.00 1.173797 13.57
1356.00 1.173797 13.57
1357.00 1.173797 13.57
1358.00 1.173797 13.57
1359.00 1.173796 13.57
1360.00 1.173796 13.57
1361.00 1.173796 13.57
1362.00 1.173796 13.57
1363.00 1.173796 13.57
1364.00 1.173796 13.57
1365.00 1.173796 13.57
1366.00 1.173795 13.57
1367.00 1.173795 13.57
1368.00 1.173795 13.57
1369.00 1.173795 13.57
1370.00 1.173795 13.57
1371.00 1.173795 13.57
1372.00 1.173794 13.57
1373.00 1.173794 13.57
1374.00 1.173794 13.57
1375.00 1.173794 13.57
1376.00 1.173794 13.57
1377.00 1.173794 13.57
1378.00 1.173793 13.57
1379.00 1.173793 13.57
1380.00 1.173793 13.57
1381.00 1.173793 13.57
1382.00 1.173793 13.57
1383.00 1.173793 13.57
1384.00 1.173792 13.57
1385.00 1.173792 13.57
1386.00 1.173792 13.57
1387.00 1.173792 13.57
1388.00 1.173792 13.57
1389.00 1.173792 13.57
1390.00 1.173791 13.57
1391.00 1.173791 13.57
1392.00 1.173791 13.57
1393.00 1.173791 13.57
1394.00 1.173791 13.57
1395.00 1.173791 13.57
1396.00 1.173790 13.57
1397.00 1.173790 13.57
1398.00 1.173790 13.57
1399.00 1.173790 13.57
1400.00 1.173790 13.57
1401.00 1.173790 13.57
1402.00 1.173789 13.57
1403.00 1.173789 13.57
1404.00 1.173789 13.57
1405.00 1.173789 13.57
1406.00 1.173789 13.57
1407.00 1.173789 13.57
1408.00 1.173789 13.57
1409.00 1.173788 13.57
1410.00 1.173788 13.57
1411.00 1.173788 13.57
1412.00 1.173788 13.57
1413.00 1.173788 13.57
1414.00 1.173788 13.57
1415.00 1.173787 13.57
1416.00 1.173787 13.57
1417.00 1.173787 13.57
1418.00 1.173787 13.57
1419.00 1.173787 13.57
1420.00 1.173787 13.57
1421.00 1.173786 13.57
1422.00 1.173786 13.57
1423.00 1.173786 13.57
1424.00 1.173786 13.57
1425.00 1.173786 13.57
1426.00 1.173786 13.57
1427.00 1.173785 13.57
1428.00 1.173785 13.57
1429.00 1.173785 13.57
1430.00 1.173785 13.57
1431.00 1.173785 13.57
1432.00 1.173785 13.57
1433.00 1.173784 13.57
1434.00 1.173784 13.57
1435.00 1.173784 13.57
1436.00 1.173784 13.57
1437.00 1.173784 13.57
1438.00 1.173784 13.57
1439.00 1.173783 13.57
1440.00 1.173783 13.57
1441.00 1.173783 13.57
1442.00 1.173783 13.57
1443.00 1.173783 13.57
1444.00 1.173783 13.57
1445.00 1.173782 13.57
1446.00 1.173782 13.57
1447.00 1.173782 13.57
1448.00 1.173782 13.57
1449.00 1.173782 13.57
1450.00 1.173782 13.57
1451.00 1.173781 13.57
1452.00 1.173781 13.57
1453.00 1.173781 13.57
1454.00 1.173781 13.57
1455.00 1.173781 13.57
1456.00 1.173781 13.57
1457.00 1.173780 13.57
1458.00 1.173780 13.57
1459.00 1.173780 13.57
1460.00 1.173780 13.57
1461.00 1.173780 13.57
1462.00 1.173780 13.57
1463.00 1.173779 13.57
1464.00 1.173779 13.57
1465.00 1.173779 13.57
1466.00 1.173779 13.57
1467.00 1.173779 13.57
1468.00 1.173779 13.57
1469.00 1.173778 13.57
1470.00 1.173778 13.57
1471.00 1.173778 13.57
1472.00 1.173778 13.57
1473.00 1.173778 13.57
1474.00 1.173778 13.57
1475.00 1.173777 13.57
1476.00 1.173777 13.57
1477.00 1.173777 13.57
1478.00 1.173777 13.57
1479.00 1.173777 13.57
1480.00 1.173777 13.57
1481.00 1.173776 13.57
1482.00 1.173776 13.57
1483.00 1.173776 13.57
1484.00 1.173776 13.57
1485.00 1.173776 13.57
1486.00 1.173775 13.57
1487.00 1.173775 13.57
1488.00 1.173775 13.57
1489.00 1.173775 13.57
1490.00 1.173775 13.57
1491.00 1.173775 13.57
1492.00 1.173774 13.57
1493.00 1.173774 13.57
1494.00 1.173774 13.57
1495.00 1.173774 13.57
1496.00 1.173774 13.57
1497.00 1.173774 13.57
1498.00 1.173773 13.57
1499.00 1.173773 13.57
1500.00 1.173773 13.57
1501.00 1.173773 13.57
1502.00 1.173773 13.57
1503.00 1.173773 13.57
1504.00 1.173772 13.57
1505.00 1.173772 13.57
1506.00 1.173772 13.57
1507.00 1.173772 13.57
1508.00 1.173772 13.57
1509.00 1.173771 13.57
1510.00 1.173771 13.57
1511.00 1.173771 13.57
1512.00 1.173771 13.57
1513.00 1.173771 13.57
1514.00 1.173771 13.57
1515.00 1.173770 13.57
1516.00 1.173770 13.57
1517.00 1.173770 13.57
1518.00 1.173770 13.57
1519.00 1.173770 13.57
1520.00 1.173770 13.57
1521.00 1.173769 13.57
1522.00 1.173769 13.57
1523.00 1.173769 13.57
1524.00 1.173769 13.57
1525.00 1.173769 13.57
1526.00 1.173769 13.57
1527.00 1.173768 13.57
1528.00 1.173768 13.57
1529.00 1.173768 13.57
1530.00 1.173768 13.57
1531.00 1.173768 13.57
1532.00 1.173767 13.57
1533.00 1.173767 13.57
1534.00 1.173767 13.57
1535.00 1.173767 13.57
1536.00 1.173767 13.57
1537.00 1.173767 13.57
1538.00 1.173766 13.57
1539.00 1.173766 13.57
1540.00 1.173766 13.57
1541.00 1.173766 13.57
1542.00 1.173766 13.57
1543.00 1.173765 13.57
1544.00 1.173765 13.57
1545.00 1.173765 13.57
1546.00 1.173765 13.57
1547.00 1.173765 13.57
1548.00 1.173765 13.57
1549.00 1.173764 13.57
1550.00 1.173764 13.57
1551.00 1.173764 13.57
1552.00 1.173764 13.57
1553.00 1.173764 13.57
1554.00 1.173763 13.57
1555.00 1.173763 13.57
1556.00 1.173763 13.57
1557.00 1.173763 13.57
1558.00 1.173763 13.57
1559.00 1.173763 13.57
1560.00 1.173762 13.57
1561.00 1.173762 13.57
1562.00 1.173762 13.57
1563.00 1.173762 13.57
1564.00 1.173762 13.57
1565.00 1.173761 13.57
1566.00 1.173761 13.57
1567.00 1.173761 13.57
1568.00 1.173761 13.57
1569.00 1.173761 13.57
1570.00 1.173761 13.57
1571.00 1.173760 13.57
1572.00 1.173760 13.57
1573.00 1.173760 13.57
1574.00 1.173760 13.57
1575.00 1.173760 13.57
1576.00 1.173759 13.57
1577.00 1.173759 13.57
1578.00 1.173759 13.57
1579.00 1.173759 13.57
1580.00 1.173759 13.57
1581.00 1.173759 13.57
1582.00 1.173758 13.57
1583.00 1.173758 13.57
1584.00 1.173758 13.57
1585.00 1.173758 13.57
1586.00 1.173758 13.57
1587.00 1.173757 13.57
1588.00 1.173757 13.57
1589.00 1.173757 13.57
1590.00 1.173757 13.57
1591.00 1.173757 13.57
1592.00 1.173756 13.57
1593.00 1.173756 13.57
1594.00 1.173756 13.57
1595.00 1.173756 13.57
1596.00 1.173756 13.57
1597.00 1.173756 13.57
1598.00 1.173755 13.57
1599.00 1.173755 13.57
1600.00 1.173755 13.57
1601.00 1.173755 13.57
1602.00 1.173755 13.57
1603.00 1.173754 13.57
1604.00 1.173754 13.57
1605.00 1.173754 13.57
1606.00 1.173754 13.57
1607.00 1.173754 13.57
1608.00 1.173753 13.57
1609.00 1.173753 13.57
1610.00 1.173753 13.57
1611.00 1.173753 13.57
1612.00 1.173753 13.57
1613.00 1.173752 13.57
1614.00 1.173752 13.57
1615.00 1.173752 13.57
1616.00 1.173752 13.57
1617.00 1.173752 13.57
1618.00 1.173751 13.57
1619.00 1.173751 13.57
1620.00 1.173751 13.57
1621.00 1.173751 13.57
1622.00 1.173751 13.57
1623.00 1.173751 13.57
1624.00 1.173750 13.57
1625.00 1.173750 13.57
1626.00 1.173750 13.57
1627.00 1.173750 13.57
1628.00 1.173750 13.57
1629.00 1.173749 13.57
1630.00 1.173749 13.57
1631.00 1.173749 13.57
1632.00 1.173749 13.57
1633.00 1.173749 13.57
1634.00 1.173748 13.57
1635.00 1.173748 13.57
1636.00 1.173748 13.57
1637.00 1.173748 13.57
1638.00 1.173748 13.57
1639.00 1.173747 13.57
1640.00 1.173747 13.57
1641.00 1.173747 13.57
1642.00 1.173747 13.57
1643.00 1.173747 13.57
1644.00 1.173746 13.57
1645.00 1.173746 13.57
1646.00 1.173746 13.57
1647.00 1.173746 13.57
1648.00 1.173746 13.57
1649.00 1.173745 13.57
1650.00 1.173745 13.57
1651.00 1.173745 13.57
1652.00 1.173745 13.57
1653.00 1.173745 13.57
1654.00 1.173744 13.57
1655.00 1.173744 13.57
1656.00 1.173744 13.57
1657.00 1.173744 13.57
1658.00 1.173744 13.57
1659.00 1.173743 13.57
1660.00 1.173743 13.57
1661.00 1.173743 13.57
1662.00 1.173743 13.57
1663.00 1.173743 13.57
1664.00 1.173742 13.57
1665.00 1.173742 13.57
1666.00 1.173742 13.57
1667.00 1.173742 13.57
1668.00 1.173741 13.57
1669.00 1.173741 13.57
1670.00 1.173741 13.57
1671.00 1.173741 13.57
1672.00 1.173741 13.57
1673.00 1.173740 13.57
1674.00 1.173740 13.57
1675.00 1.173740 13.57
1676.00 1.173740 13.57
1677.00 1.173740 13.57
1678.00 1.173739 13.57
1679.00 1.173739 13.57
1680.00 1.173739 13.57
1681.00 1.173739 13.57
1682.00 1.173739 13.57
1683.00 1.173738 13.57
1684.00 1.173738 13.57
1685.00 1.173738 13.57
1686.00 1.173738 13.57
1687.00 1.173738 13.57
1688.00 1.173737 13.57
1689.00 1.173737 13.57
1690.00 1.173737 13.57
1691.00 1.173737 13.57
1692.00 1.173736 13.57
1693.00 1.173736 13.57
1694.00 1.173736 13.57
1695.00 1.173736 13.57
1696.00 1.173736 13.57
1697.00 1.173735 13.57
1698.00 1.173735 13.57
1699.00 1.173735 13.57
1700.00 1.173735 13.57
1701.00 1.173735 13.57
1702.00 1.173734 13.57
1703.00 1.173734 13.57
1704.00 1.173734 13.57
1705.00 1.173734 13.57
1706.00 1.173733 13.57
1707.00 1.173733 13.57
1708.00 1.173733 13.57
1709.00 1.173733 13.57
1710.00 1.173733 13.57
1711.00 1.173732 13.57
1712.00 1.173732 13.57
1713.00 1.173732 13.57
1714.00 1.173732 13.57
1715.00 1.173732 13.57
1716.00 1.173731 13.57
1717.00 1.173731 13.57
1718.00 1.173731 13.57
1719.00 1.173731 13.57
1720.00 1.173730 13.57
1721.00 1.173730 13.57
1722.00 1.173730 13.57
1723.00 1.173730 13.57
1724.00 1.173730 13.57
1725.00 1.173729 13.57
1726.00 1.173729 13.57
1727.00 1.173729 13.57
1728.00 1.173729 13.57
1729.00 1.173728 13.57
1730.00 1.173728 13.57
1731.00 1.173728 13.57
1732.00 1.173728 13.57
1733.00 1.173728 13.57
1734.00 1.173727 13.57
1735.00 1.173727 13.57
1736.00 1.173727 13.57
1737.00 1.173727 13.57
1738.00 1.173726 13.57
1739.00 1.173726 13.57
1740.00 1.173726 13.57
1741.00 1.173726 13.57
1742.00 1.173726 13.57
1743.00 1.173725 13.57
1744.00 1.173725 13.57
1745.00 1.173725 13.57
1746.00 1.173725 13.57
1747.00 1.173724 13.57
1748.00 1.173724 13.57
1749.00 1.173724 13.57
1750.00 1.173724 13.57
1751.00 1.173723 13.57
1752.00 1.173723 13.57
1753.00 1.173723 13.57
1754.00 1.173723 13.57
1755.00 1.173723 13.57
1756.00 1.173722 13.57
1757.00 1.173722 13.57
1758.00 1.173722 13.57
1759.00 1.173722 13.57
1760.00 1.173721 13.57
1761.00 1.173721 13.57
1762.00 1.173721 13.57
1763.00 1.173721 13.57
1764.00 1.173720 13.57
1765.00 1.173720 13.57
1766.00 1.173720 13.57
1767.00 1.173720 13.57
1768.00 1.173720 13.57
1769.00 1.173719 13.57
1770.00 1.173719 13.57
1771.00 1.173719 13.57
1772.00 1.173719 13.57
1773.00 1.173718 13.57
1774.00 1.173718 13.57
1775.00 1.173718 13.57
1776.00 1.173718 13.57
1777.00 1.173717 13.57
1778.00 1.173717 13.57
1779.00 1.173717 13.57
1780.00 1.173717 13.57
1781.00 1.173716 13.57
1782.00 1.173716 13.57
1783.00 1.173716 13.57
1784.00 1.173716 13.57
1785.00 1.173716 13.57
1786.00 1.173715 13.57
1787.00 1.173715 13.57
1788.00 1.173715 13.57
1789.00 1.173715 13.57
1790.00 1.173714 13.57
1791.00 1.173714 13.57
1792.00 1.173714 13.57
1793.00 1.173714 13.57
1794.00 1.173713 13.57
1795.00 1.173713 13.57
1796.00 1.173713 13.57
1797.00 1.173713 13.57
1798.00 1.173712 13.57
1799.00 1.173712 13.57
1800.00 1.173712 13.57
1801.00 1.173712 13.57
1802.00 1.173711 13.57
1803.00 1.173711 13.57
1804.00 1.173711 13.57
1805.00 1.173711 13.57
1806.00 1.173710 13.57
1807.00 1.173710 13.57
1808.00 1.173710 13.57
1809.00 1.173710 13.57
1810.00 1.173709 13.57
1811.00 1.173709 13.57
1812.00 1.173709 13.57
1813.00 1.173709 13.57
1814.00 1.173708 13.57
1815.00 1.173708 13.57
1816.00 1.173708 13.57
1817.00 1.173708 13.57
1818.00 1.173707 13.57
1819.00 1.173707 13.57
1820.00 1.173707 13.57
1821.00 1.173707 13.57
1822.00 1.173706 13.57
1823.00 1.173706 13.57
1824.00 1.173706 13.57
1825.00 1.173706 13.57
1826.00 1.173705 13.57
1827.00 1.173705 13.57
1828.00 1.173705 13.57
1829.00 1.173705 13.57
1830.00 1.173704 13.57
1831.00 1.173704 13.57
1832.00 1.173704 13.57
1833.00 1.173704 13.57
1834.00 1.173703 13.57
1835.00 1.173703 13.57
1836.00 1.173703 13.57
1837.00 1.173703 13.57
1838.00 1.173702 13.57
1839.00 1.173702 13.57
1840.00 1.173702 13.57
1841.00 1.173701 13.57
1842.00 1.173701 13.57
1843.00 1.173701 13.57
1844.00 1.173701 13.57
1845.00 1.173700 13.57
1846.00 1.173700 13.57
1847.00 1.173700 13.57
1848.00 1.173700 13.57
1849.00 1.173699 13.57
1850.00 1.173699 13.57
1851.00 1.173699 13.57
1852.00 1.173699 13.57
1853.00 1.173698 13.57
1854.00 1.173698 13.57
1855.00 1.173698 13.57
1856.00 1.173698 13.57
1857.00 1.173697 13.57
1858.00 1.173697 13.57
1859.00 1.173697 13.57
1860.00 1.173696 13.57
1861.00 1.173696 13.57
1862.00 1.173696 13.57
1863.00 1.173696 13.57
1864.00 1.173695 13.57
1865.00 1.173695 13.57
1866.00 1.173695 13.57
1867.00 1.173695 13.57
1868.00 1.173694 13.57
1869.00 1.173694 13.57
1870.00 1.173694 13.57
1871.00 1.173694 13.57
1872.00 1.173693 13.57
1873.00 1.173693 13.57
1874.00 1.173693 13.57
1875.00 1.173692 13.57
1876.00 1.173692 13.57
1877.00 1.173692 13.57
1878.00 1.173692 13.57
1879.00 1.173691 13.57
1880.00 1.173691 13.57
1881.00 1.173691 13.57
1882.00 1.173690 13.57
1883.00 1.173690 13.57
1884.00 1.173690 13.57
1885.00 1.173690 13.57
1886.00 1.173689 13.57
1887.00 1.173689 13.57
1888.00 1.173689 13.57
1889.00 1.173689 13.57
1890.00 1.173688 13.57
1891.00 1.173688 13.57
1892.00 1.173688 13.57
1893.00 1.173687 13.57
1894.00 1.173687 13.57
1895.00 1.173687 13.57
1896.00 1.173687 13.57
1897.00 1.173686 13.57
1898.00 1.173686 13.57
1899.00 1.173686 13.57
1900.00 1.173685 13.57
1901.00 1.173685 13.57
1902.00 1.173685 13.57
1903.00 1.173685 13.57
1904.00 1.173684 13.57
1905.00 1.173684 13.57
1906.00 1.173684 13.57
1907.00 1.173683 13.57
1908.00 1.173683 13.57
1909.00 1.173683 13.57
1910.00 1.173683 13.57
1911.00 1.173682 13.57
1912.00 1.173682 13.57
1913.00 1.173682 13.57
1914.00 1.173681 13.57
1915.00 1.173681 13.57
1916.00 1.173681 13.57
1917.00 1.173681 13.57
1918.00 1.173680 13.57
1919.00 1.173680 13.57
1920.00 1.173680 13.57
1921.00 1.173679 13.57
1922.00 1.173679 13.57
1923.00 1.173679 13.57
1924.00 1.173678 13.57
1925.00 1.173678 13.57
1926.00 1.173678 13.57
1927.00 1.173678 13.57
1928.00 1.173677 13.57
1929.00 1.173677 13.57
1930.00 1.173677 13.57
1931.00 1.173676 13.57
1932.00 1.173676 13.57
1933.00 1.173676 13.57
1934.00 1.173675 13.57
1935.00 1.173675 13.57
1936.00 1.173675 13.57
1937.00 1.173675 13.57
1938.00 1.173674 13.57
1939.00 1.173674 13.57
1940.00 1.173674 13.57
1941.00 1.173673 13.57
1942.00 1.173673 13.57
1943.00 1.173673 13.57
1944.00 1.173672 13.57
1945.00 1.173672 13.57
1946.00 1.173672 13.57
1947.00 1.173672 13.57
1948.00 1.173671 13.57
1949.00 1.173671 13.57
1950.00 1.173671 13.57
1951.00 1.173670 13.57
1952.00 1.173670 13.57
1953.00 1.173670 13.57
1954.00 1.173669 13.57
1955.00 1.173669 13.57
1956.00 1.173669 13.57
1957.00 1.173668 13.57
1958.00 1.173668 13.57
1959.00 1.173668 13.57
1960.00 1.173667 13.57
1961.00 1.173667 13.57
1962.00 1.173667 13.57
1963.00 1.173667 13.57
1964.00 1.173666 13.57
1965.00 1.173666 13.57
1966.00 1.173666 13.57
1967.00 1.173665 13.57
1968.00 1.173665 13.57
1969.00 1.173665 13.57
1970.00 1.173664 13.57
1971.00 1.173664 13.57
1972.00 1.173664 13.57
1973.00 1.173663 13.57
1974.00 1.173663 13.57
1975.00 1.173663 13.57
1976.00 1.173662 13.57
1977.00 1.173662 13.57
1978.00 1.173662 13.57
1979.00 1.173661 13.57
1980.00 1.173661 13.57
1981.00 1.173661 13.57
1982.00 1.173660 13.57
1983.00 1.173660 13.57
1984.00 1.173660 13.57
1985.00 1.173659 13.57
1986.00 1.173659 13.57
1987.00 1.173659 13.57
1988.00 1.173658 13.57
1989.00 1.173658 13.57
1990.00 1.173658 13.57
1991.00 1.173657 13.57
1992.00 1.173657 13.57
1993.00 1.173657 13.57
1994.00 1.173656 13.57
1995.00 1.173656 13.57
1996.00 1.173656 13.57
1997.00 1.173656 13.57
1998.00 1.173655 13.57
1999.00 1.173655 13.57
2000.00 1.173654 13.57
