0.00 0.562961 4.97
1.00 0.561604 4.97
2.00 0.560245 4.97
3.00 0.558883 4.97
4.00 0.557520 4.97
5.00 0.556154 4.97
6.00 0.554787 4.97
7.00 0.553418 4.97
8.00 0.552047 4.97
9.00 0.550674 4.97
10.00 0.549299 4.97
11.00 0.547921 4.97
12.00 0.546541 4.97
13.00 0.545162 4.96
14.00 0.543784 4.96
15.00 0.542402 4.96
16.00 0.541016 4.96
17.00 0.539626 4.96
18.00 0.538234 4.95
19.00 0.536891 4.94
20.00 0.535555 4.94
21.00 0.534216 4.94
22.00 0.532874 4.94
23.00 0.531529 4.93
24.00 0.530191 4.93
25.00 0.528853 4.92
26.00 0.527534 4.91
27.00 0.526263 4.90
28.00 0.524998 4.90
29.00 0.523765 4.89
30.00 0.522540 4.89
31.00 0.521312 4.89
32.00 0.520080 4.89
33.00 0.518844 4.89
34.00 0.517607 4.88
35.00 0.516374 4.88
36.00 0.515143 4.86
37.00 0.513980 4.84
38.00 0.512829 4.84
39.00 0.511677 4.84
40.00 0.510522 4.84
41.00 0.509365 4.84
42.00 0.508226 4.83
43.00 0.507099 4.83
44.00 0.505990 4.81
45.00 0.504924 4.80
46.00 0.503858 4.80
47.00 0.502790 4.80
48.00 0.501721 4.79
49.00 0.500652 4.79
50.00 0.499579 4.79
51.00 0.498502 4.79
52.00 0.497446 4.78
53.00 0.496399 4.78
54.00 0.495347 4.78
55.00 0.494295 4.77
56.00 0.493247 4.77
57.00 0.492221 4.76
58.00 0.491199 4.75
59.00 0.490195 4.74
60.00 0.489207 4.74
61.00 0.488215 4.74
62.00 0.487220 4.74
63.00 0.486225 4.73
64.00 0.485251 4.71
65.00 0.484293 4.70
66.00 0.483357 4.69
67.00 0.482436 4.68
68.00 0.481529 4.67
69.00 0.480633 4.67
70.00 0.479753 4.65
71.00 0.478893 4.65
72.00 0.478031 4.65
73.00 0.477191 4.64
74.00 0.476355 4.64
75.00 0.475518 4.64
76.00 0.474678 4.64
77.00 0.473835 4.64
78.00 0.472990 4.64
79.00 0.472159 4.63
80.00 0.471351 4.62
81.00 0.470558 4.62
82.00 0.469763 4.62
83.00 0.468971 4.61
84.00 0.468188 4.60
85.00 0.467403 4.60
86.00 0.466615 4.60
87.00 0.465823 4.60
88.00 0.465058 4.59
89.00 0.464293 4.59
90.00 0.463531 4.58
91.00 0.462775 4.57
92.00 0.462033 4.57
93.00 0.461314 4.55
94.00 0.460612 4.55
95.00 0.459908 4.55
96.00 0.459204 4.55
97.00 0.458525 4.53
98.00 0.457859 4.53
99.00 0.457192 4.53
100.00 0.456523 4.53
101.00 0.455855 4.52
102.00 0.455186 4.52
103.00 0.454522 4.50
104.00 0.453868 4.50
105.00 0.453211 4.50
106.00 0.452569 4.49
107.00 0.451940 4.49
108.00 0.451308 4.49
109.00 0.450675 4.49
110.00 0.450039 4.49
111.00 0.449409 4.48
112.00 0.448792 4.48
113.00 0.448174 4.48
114.00 0.447554 4.48
115.00 0.446932 4.48
116.00 0.446322 4.47
117.00 0.445754 4.44
118.00 0.445194 4.44
119.00 0.444634 4.44
120.00 0.444077 4.43
121.00 0.443527 4.43
122.00 0.442977 4.43
123.00 0.442424 4.43
124.00 0.441871 4.43
125.00 0.441316 4.43
126.00 0.440759 4.43
127.00 0.440210 4.42
128.00 0.439666 4.42
129.00 0.439141 4.40
130.00 0.438627 4.39
131.00 0.438120 4.39
132.00 0.437612 4.39
133.00 0.437103 4.39
134.00 0.436593 4.39
135.00 0.436089 4.38
136.00 0.435588 4.38
137.00 0.435085 4.38
138.00 0.434582 4.38
139.00 0.434077 4.38
140.00 0.433570 4.38
141.00 0.433062 4.38
142.00 0.432569 4.36
143.00 0.432095 4.36
144.00 0.431641 4.35
145.00 0.431190 4.35
146.00 0.430741 4.34
147.00 0.430311 4.33
148.00 0.429882 4.33
149.00 0.429458 4.32
150.00 0.429034 4.32
151.00 0.428610 4.32
152.00 0.428186 4.32
153.00 0.427762 4.32
154.00 0.427336 4.32
155.00 0.426920 4.31
156.00 0.426505 4.30
157.00 0.426090 4.30
158.00 0.425678 4.29
159.00 0.425267 4.29
160.00 0.424855 4.29
161.00 0.424443 4.29
162.00 0.424029 4.29
163.00 0.423631 4.28
164.00 0.423238 4.28
165.00 0.422845 4.28
166.00 0.422451 4.28
167.00 0.422059 4.27
168.00 0.421673 4.27
169.00 0.421287 4.27
170.00 0.420899 4.27
171.00 0.420511 4.27
172.00 0.420121 4.27
173.00 0.419731 4.27
174.00 0.419338 4.27
175.00 0.418946 4.26
176.00 0.418568 4.26
177.00 0.418188 4.26
178.00 0.417808 4.26
179.00 0.417427 4.26
180.00 0.417045 4.26
181.00 0.416662 4.26
182.00 0.416287 4.25
183.00 0.415910 4.25
184.00 0.415544 4.24
185.00 0.415195 4.23
186.00 0.414856 4.21
187.00 0.414528 4.20
188.00 0.414201 4.20
189.00 0.413874 4.20
190.00 0.413547 4.20
191.00 0.413222 4.19
192.00 0.412910 4.18
193.00 0.412599 4.18
194.00 0.412288 4.18
195.00 0.411977 4.18
196.00 0.411666 4.18
197.00 0.411354 4.18
198.00 0.411043 4.18
199.00 0.410730 4.18
200.00 0.410426 4.17
201.00 0.410124 4.17
202.00 0.409821 4.17
203.00 0.409518 4.17
204.00 0.409214 4.17
205.00 0.408910 4.17
206.00 0.408612 4.16
207.00 0.408323 4.16
208.00 0.408034 4.16
209.00 0.407745 4.16
210.00 0.407455 4.16
211.00 0.407171 4.15
212.00 0.406899 4.15
213.00 0.406627 4.15
214.00 0.406355 4.15
215.00 0.406083 4.15
216.00 0.405811 4.15
217.00 0.405538 4.15
218.00 0.405265 4.15
219.00 0.404992 4.15
220.00 0.404720 4.14
221.00 0.404455 4.14
222.00 0.404189 4.14
223.00 0.403923 4.14
224.00 0.403657 4.14
225.00 0.403395 4.13
226.00 0.403132 4.13
227.00 0.402869 4.13
228.00 0.402607 4.13
229.00 0.402355 4.13
230.00 0.402106 4.11
231.00 0.401864 4.11
232.00 0.401623 4.11
233.00 0.401381 4.11
234.00 0.401140 4.11
235.00 0.400899 4.11
236.00 0.400657 4.11
237.00 0.400415 4.11
238.00 0.400174 4.11
239.00 0.399931 4.11
240.00 0.399689 4.11
241.00 0.399446 4.11
242.00 0.399203 4.11
243.00 0.398959 4.11
244.00 0.398715 4.11
245.00 0.398470 4.11
246.00 0.398234 4.09
247.00 0.398006 4.09
248.00 0.397779 4.09
249.00 0.397552 4.09
250.00 0.397325 4.09
251.00 0.397098 4.09
252.00 0.396871 4.09
253.00 0.396651 4.08
254.00 0.396433 4.08
255.00 0.396216 4.08
256.00 0.395998 4.08
257.00 0.395785 4.07
258.00 0.395579 4.07
259.00 0.395372 4.07
260.00 0.395167 4.07
261.00 0.394961 4.07
262.00 0.394755 4.07
263.00 0.394550 4.07
264.00 0.394344 4.07
265.00 0.394139 4.07
266.00 0.393933 4.07
267.00 0.393727 4.07
268.00 0.393520 4.07
269.00 0.393314 4.07
270.00 0.393107 4.07
271.00 0.392900 4.07
272.00 0.392692 4.07
273.00 0.392484 4.07
274.00 0.392275 4.07
275.00 0.392066 4.07
276.00 0.391864 4.06
277.00 0.391662 4.06
278.00 0.391460 4.06
279.00 0.391258 4.06
280.00 0.391056 4.06
281.00 0.390853 4.06
282.00 0.390650 4.06
283.00 0.390446 4.06
284.00 0.390252 4.05
285.00 0.390059 4.05
286.00 0.389866 4.05
287.00 0.389673 4.05
288.00 0.389482 4.04
289.00 0.389296 4.04
290.00 0.389110 4.04
291.00 0.388925 4.04
292.00 0.388739 4.04
293.00 0.388557 4.03
294.00 0.388384 4.03
295.00 0.388213 4.03
296.00 0.388041 4.03
297.00 0.387870 4.03
298.00 0.387699 4.03
299.00 0.387528 4.03
300.00 0.387357 4.03
301.00 0.387186 4.03
302.00 0.387016 4.03
303.00 0.386845 4.03
304.00 0.386674 4.03
305.00 0.386503 4.03
306.00 0.386332 4.03
307.00 0.386168 4.02
308.00 0.386005 4.01
309.00 0.385843 4.01
310.00 0.385681 4.01
311.00 0.385520 4.01
312.00 0.385358 4.01
313.00 0.385197 4.01
314.00 0.385035 4.01
315.00 0.384874 4.01
316.00 0.384712 4.01
317.00 0.384551 4.01
318.00 0.384389 4.01
319.00 0.384227 4.01
320.00 0.384065 4.01
321.00 0.383903 4.01
322.00 0.383740 4.01
323.00 0.383577 4.01
324.00 0.383414 4.01
325.00 0.383251 4.01
326.00 0.383087 4.01
327.00 0.382923 4.01
328.00 0.382759 4.01
329.00 0.382594 4.01
330.00 0.382429 4.01
331.00 0.382266 4.00
332.00 0.382108 4.00
333.00 0.381949 4.00
334.00 0.381790 4.00
335.00 0.381633 3.99
336.00 0.381477 3.99
337.00 0.381322 3.98
338.00 0.381170 3.98
339.00 0.381020 3.98
340.00 0.380869 3.98
341.00 0.380720 3.97
342.00 0.380578 3.97
343.00 0.380436 3.97
344.00 0.380294 3.97
345.00 0.380154 3.96
346.00 0.380022 3.95
347.00 0.379892 3.95
348.00 0.379763 3.95
349.00 0.379634 3.95
350.00 0.379506 3.95
351.00 0.379378 3.95
352.00 0.379251 3.95
353.00 0.379124 3.95
354.00 0.378997 3.95
355.00 0.378870 3.95
356.00 0.378744 3.95
357.00 0.378618 3.95
358.00 0.378492 3.95
359.00 0.378366 3.95
360.00 0.378251 3.94
361.00 0.378137 3.94
362.00 0.378023 3.94
363.00 0.377910 3.94
364.00 0.377797 3.94
365.00 0.377685 3.94
366.00 0.377573 3.94
367.00 0.377461 3.94
368.00 0.377350 3.94
369.00 0.377238 3.94
370.00 0.377128 3.94
371.00 0.377017 3.94
372.00 0.376906 3.94
373.00 0.376796 3.94
374.00 0.376686 3.94
375.00 0.376579 3.93
376.00 0.376473 3.93
377.00 0.376368 3.93
378.00 0.376263 3.93
379.00 0.376158 3.93
380.00 0.376054 3.93
381.00 0.375950 3.93
382.00 0.375846 3.93
383.00 0.375742 3.93
384.00 0.375639 3.93
385.00 0.375535 3.93
386.00 0.375432 3.93
387.00 0.375329 3.93
388.00 0.375226 3.93
389.00 0.375124 3.93
390.00 0.375021 3.93
391.00 0.374919 3.93
392.00 0.374816 3.93
393.00 0.374714 3.93
394.00 0.374612 3.93
395.00 0.374510 3.93
396.00 0.374408 3.93
397.00 0.374306 3.93
398.00 0.374204 3.93
399.00 0.374102 3.93
400.00 0.373999 3.93
401.00 0.373897 3.93
402.00 0.373795 3.93
403.00 0.373693 3.93
404.00 0.373591 3.93
405.00 0.373489 3.93
406.00 0.373387 3.93
407.00 0.373284 3.93
408.00 0.373182 3.93
409.00 0.373079 3.93
410.00 0.372977 3.93
411.00 0.372874 3.93
412.00 0.372771 3.93
413.00 0.372668 3.93
414.00 0.372565 3.93
415.00 0.372462 3.93
416.00 0.372359 3.93
417.00 0.372255 3.93
418.00 0.372151 3.93
419.00 0.372047 3.93
420.00 0.371943 3.93
421.00 0.371839 3.93
422.00 0.371734 3.93
423.00 0.371629 3.93
424.00 0.371524 3.93
425.00 0.371419 3.93
426.00 0.371313 3.93
427.00 0.371208 3.93
428.00 0.371102 3.93
429.00 0.370995 3.93
430.00 0.370889 3.93
431.00 0.370782 3.93
432.00 0.370676 3.92
433.00 0.370575 3.92
434.00 0.370473 3.92
435.00 0.370371 3.92
436.00 0.370269 3.92
437.00 0.370166 3.92
438.00 0.370064 3.92
439.00 0.369962 3.92
440.00 0.369859 3.92
441.00 0.369757 3.91
442.00 0.369659 3.91
443.00 0.369562 3.90
444.00 0.369470 3.90
445.00 0.369379 3.90
446.00 0.369288 3.90
447.00 0.369196 3.90
448.00 0.369106 3.90
449.00 0.369015 3.90
450.00 0.368924 3.90
451.00 0.368834 3.89
452.00 0.368746 3.89
453.00 0.368658 3.89
454.00 0.368571 3.89
455.00 0.368483 3.89
456.00 0.368396 3.89
457.00 0.368309 3.89
458.00 0.368222 3.89
459.00 0.368136 3.89
460.00 0.368050 3.88
461.00 0.367968 3.88
462.00 0.367887 3.88
463.00 0.367805 3.88
464.00 0.367725 3.88
465.00 0.367644 3.88
466.00 0.367564 3.88
467.00 0.367484 3.88
468.00 0.367404 3.88
469.00 0.367325 3.88
470.00 0.367245 3.88
471.00 0.367166 3.88
472.00 0.367090 3.87
473.00 0.367018 3.87
474.00 0.366948 3.87
475.00 0.366877 3.87
476.00 0.366807 3.87
477.00 0.366738 3.87
478.00 0.366669 3.87
479.00 0.366600 3.87
480.00 0.366532 3.87
481.00 0.366465 3.86
482.00 0.366398 3.86
483.00 0.366334 3.85
484.00 0.366274 3.85
485.00 0.366215 3.85
486.00 0.366156 3.85
487.00 0.366098 3.85
488.00 0.366041 3.85
489.00 0.365984 3.85
490.00 0.365928 3.85
491.00 0.365872 3.85
492.00 0.365816 3.85
493.00 0.365761 3.85
494.00 0.365707 3.85
495.00 0.365653 3.85
496.00 0.365599 3.85
497.00 0.365545 3.85
498.00 0.365492 3.85
499.00 0.365439 3.85
500.00 0.365387 3.85
501.00 0.365334 3.85
502.00 0.365283 3.85
503.00 0.365231 3.85
504.00 0.365180 3.85
505.00 0.365129 3.85
506.00 0.365078 3.85
507.00 0.365027 3.85
508.00 0.364977 3.85
509.00 0.364927 3.85
510.00 0.364878 3.85
511.00 0.364828 3.85
512.00 0.364779 3.85
513.00 0.364730 3.85
514.00 0.364681 3.85
515.00 0.364632 3.85
516.00 0.364584 3.85
517.00 0.364536 3.85
518.00 0.364488 3.85
519.00 0.364440 3.85
520.00 0.364393 3.85
521.00 0.364345 3.85
522.00 0.364298 3.85
523.00 0.364251 3.85
524.00 0.364204 3.85
525.00 0.364158 3.85
526.00 0.364111 3.85
527.00 0.364065 3.85
528.00 0.364019 3.85
529.00 0.363973 3.85
530.00 0.363927 3.85
531.00 0.363882 3.85
532.00 0.363836 3.85
533.00 0.363791 3.85
534.00 0.363746 3.84
535.00 0.363702 3.84
536.00 0.363658 3.84
537.00 0.363614 3.84
538.00 0.363570 3.84
539.00 0.363527 3.84
540.00 0.363483 3.84
541.00 0.363440 3.84
542.00 0.363397 3.84
543.00 0.363354 3.84
544.00 0.363311 3.84
545.00 0.363268 3.84
546.00 0.363226 3.83
547.00 0.363184 3.83
548.00 0.363143 3.83
549.00 0.363101 3.83
550.00 0.363060 3.83
551.00 0.363019 3.83
552.00 0.362978 3.83
553.00 0.362937 3.83
554.00 0.362897 3.83
555.00 0.362856 3.83
556.00 0.362816 3.83
557.00 0.362776 3.83
558.00 0.362736 3.83
559.00 0.362696 3.83
560.00 0.362656 3.83
561.00 0.362617 3.83
562.00 0.362577 3.83
563.00 0.362538 3.83
564.00 0.362498 3.83
565.00 0.362459 3.83
566.00 0.362420 3.83
567.00 0.362381 3.83
568.00 0.362342 3.83
569.00 0.362304 3.83
570.00 0.362265 3.83
571.00 0.362226 3.83
572.00 0.362188 3.83
573.00 0.362150 3.83
574.00 0.362112 3.83
575.00 0.362073 3.83
576.00 0.362035 3.83
577.00 0.361997 3.83
578.00 0.361960 3.83
579.00 0.361922 3.83
580.00 0.361884 3.83
581.00 0.361847 3.83
582.00 0.361809 3.83
583.00 0.361772 3.83
584.00 0.361734 3.83
585.00 0.361697 3.83
586.00 0.361660 3.83
587.00 0.361623 3.83
588.00 0.361586 3.83
589.00 0.361549 3.83
590.00 0.361512 3.83
591.00 0.361475 3.83
592.00 0.361438 3.83
593.00 0.361401 3.83
594.00 0.361364 3.83
595.00 0.361328 3.83
596.00 0.361291 3.83
597.00 0.361255 3.83
598.00 0.361218 3.83
599.00 0.361182 3.83
600.00 0.361145 3.83
601.00 0.361109 3.82
602.00 0.361074 3.82
603.00 0.361038 3.82
604.00 0.361002 3.82
605.00 0.360967 3.82
606.00 0.360931 3.82
607.00 0.360896 3.82
608.00 0.360861 3.82
609.00 0.360825 3.82
610.00 0.360790 3.82
611.00 0.360755 3.82
612.00 0.360719 3.82
613.00 0.360684 3.82
614.00 0.360649 3.82
615.00 0.360614 3.82
616.00 0.360579 3.82
617.00 0.360544 3.82
618.00 0.360509 3.82
619.00 0.360474 3.82
620.00 0.360439 3.82
621.00 0.360404 3.82
622.00 0.360369 3.82
623.00 0.360334 3.82
624.00 0.360299 3.82
625.00 0.360264 3.82
626.00 0.360229 3.82
627.00 0.360194 3.82
628.00 0.360159 3.82
629.00 0.360124 3.82
630.00 0.360089 3.82
631.00 0.360054 3.82
632.00 0.360019 3.82
633.00 0.359985 3.82
634.00 0.359950 3.82
635.00 0.359916 3.81
636.00 0.359883 3.81
637.00 0.359850 3.81
638.00 0.359817 3.81
639.00 0.359784 3.81
640.00 0.359751 3.81
641.00 0.359718 3.81
642.00 0.359685 3.81
643.00 0.359653 3.81
644.00 0.359620 3.81
645.00 0.359587 3.81
646.00 0.359555 3.81
647.00 0.359522 3.81
648.00 0.359489 3.81
649.00 0.359459 3.80
650.00 0.359430 3.80
651.00 0.359402 3.80
652.00 0.359373 3.80
653.00 0.359344 3.80
654.00 0.359316 3.80
655.00 0.359287 3.80
656.00 0.359259 3.80
657.00 0.359231 3.80
658.00 0.359203 3.80
659.00 0.359175 3.80
660.00 0.359147 3.80
661.00 0.359119 3.80
662.00 0.359091 3.80
663.00 0.359064 3.80
664.00 0.359036 3.80
665.00 0.359008 3.80
666.00 0.358981 3.80
667.00 0.358953 3.80
668.00 0.358926 3.80
669.00 0.358899 3.80
670.00 0.358872 3.80
671.00 0.358844 3.80
672.00 0.358817 3.80
673.00 0.358790 3.80
674.00 0.358763 3.80
675.00 0.358736 3.80
676.00 0.358709 3.80
677.00 0.358683 3.80
678.00 0.358656 3.80
679.00 0.358629 3.80
680.00 0.358602 3.80
681.00 0.358576 3.80
682.00 0.358549 3.80
683.00 0.358523 3.80
684.00 0.358496 3.80
685.00 0.358470 3.80
686.00 0.358443 3.80
687.00 0.358417 3.79
688.00 0.358391 3.79
689.00 0.358365 3.79
690.00 0.358340 3.79
691.00 0.358314 3.79
692.00 0.358288 3.79
693.00 0.358263 3.79
694.00 0.358237 3.79
695.00 0.358212 3.79
696.00 0.358186 3.79
697.00 0.358161 3.79
698.00 0.358135 3.79
699.00 0.358110 3.79
700.00 0.358085 3.79
701.00 0.358059 3.79
702.00 0.358034 3.79
703.00 0.358009 3.79
704.00 0.357984 3.79
705.00 0.357959 3.79
706.00 0.357934 3.79
707.00 0.357909 3.79
708.00 0.357884 3.79
709.00 0.357859 3.79
710.00 0.357834 3.79
711.00 0.357809 3.79
712.00 0.357784 3.79
713.00 0.357761 3.78
714.00 0.357740 3.78
715.00 0.357718 3.78
716.00 0.357696 3.78
717.00 0.357675 3.78
718.00 0.357654 3.78
719.00 0.357632 3.78
720.00 0.357611 3.78
721.00 0.357590 3.78
722.00 0.357569 3.78
723.00 0.357549 3.78
724.00 0.357528 3.78
725.00 0.357507 3.78
726.00 0.357486 3.78
727.00 0.357466 3.78
728.00 0.357445 3.78
729.00 0.357425 3.78
730.00 0.357404 3.78
731.00 0.357384 3.78
732.00 0.357363 3.78
733.00 0.357343 3.78
734.00 0.357323 3.78
735.00 0.357303 3.78
736.00 0.357282 3.78
737.00 0.357262 3.78
738.00 0.357242 3.78
739.00 0.357222 3.78
740.00 0.357202 3.78
741.00 0.357182 3.78
742.00 0.357162 3.78
743.00 0.357142 3.78
744.00 0.357122 3.78
745.00 0.357102 3.78
746.00 0.357082 3.78
747.00 0.357062 3.78
748.00 0.357042 3.78
749.00 0.357023 3.78
750.00 0.357003 3.78
751.00 0.356983 3.78
752.00 0.356963 3.78
753.00 0.356944 3.78
754.00 0.356924 3.78
755.00 0.356904 3.78
756.00 0.356885 3.78
757.00 0.356865 3.78
758.00 0.356845 3.78
759.00 0.356826 3.78
760.00 0.356806 3.78
761.00 0.356787 3.78
762.00 0.356767 3.78
763.00 0.356748 3.78
764.00 0.356728 3.78
765.00 0.356709 3.78
766.00 0.356689 3.78
767.00 0.356670 3.78
768.00 0.356650 3.78
769.00 0.356631 3.78
770.00 0.356611 3.78
771.00 0.356592 3.78
772.00 0.356573 3.77
773.00 0.356555 3.77
774.00 0.356537 3.77
775.00 0.356519 3.77
776.00 0.356501 3.77
777.00 0.356484 3.77
778.00 0.356466 3.77
779.00 0.356448 3.77
780.00 0.356430 3.77
781.00 0.356413 3.77
782.00 0.356395 3.77
783.00 0.356378 3.77
784.00 0.356360 3.77
785.00 0.356343 3.77
786.00 0.356325 3.77
787.00 0.356308 3.77
788.00 0.356291 3.77
789.00 0.356274 3.77
790.00 0.356256 3.77
791.00 0.356239 3.77
792.00 0.356222 3.77
793.00 0.356205 3.77
794.00 0.356188 3.77
795.00 0.356171 3.77
796.00 0.356154 3.77
797.00 0.356137 3.77
798.00 0.356120 3.77
799.00 0.356103 3.77
800.00 0.356086 3.77
801.00 0.356069 3.77
802.00 0.356053 3.77
803.00 0.356036 3.77
804.00 0.356019 3.77
805.00 0.356002 3.77
806.00 0.355986 3.77
807.00 0.355969 3.77
808.00 0.355952 3.77
809.00 0.355936 3.77
810.00 0.355919 3.77
811.00 0.355903 3.77
812.00 0.355886 3.77
813.00 0.355870 3.77
814.00 0.355853 3.77
815.00 0.355837 3.77
816.00 0.355820 3.77
817.00 0.355804 3.77
818.00 0.355788 3.77
819.00 0.355771 3.77
820.00 0.355755 3.77
821.00 0.355739 3.77
822.00 0.355722 3.77
823.00 0.355706 3.77
824.00 0.355690 3.77
825.00 0.355674 3.77
826.00 0.355657 3.77
827.00 0.355641 3.77
828.00 0.355625 3.77
829.00 0.355609 3.77
830.00 0.355593 3.77
831.00 0.355577 3.77
832.00 0.355561 3.77
833.00 0.355544 3.77
834.00 0.355528 3.77
835.00 0.355512 3.77
836.00 0.355496 3.77
837.00 0.355480 3.77
838.00 0.355464 3.77
839.00 0.355448 3.77
840.00 0.355432 3.77
841.00 0.355416 3.77
842.00 0.355401 3.77
843.00 0.355385 3.77
844.00 0.355369 3.77
845.00 0.355353 3.77
846.00 0.355337 3.77
847.00 0.355321 3.77
848.00 0.355305 3.77
849.00 0.355290 3.76
850.00 0.355277 3.76
851.00 0.355263 3.76
852.00 0.355250 3.76
853.00 0.355237 3.76
854.00 0.355224 3.76
855.00 0.355211 3.76
856.00 0.355198 3.76
857.00 0.355185 3.76
858.00 0.355172 3.76
859.00 0.355160 3.76
860.00 0.355147 3.76
861.00 0.355134 3.76
862.00 0.355122 3.76
863.00 0.355110 3.76
864.00 0.355097 3.76
865.00 0.355085 3.76
866.00 0.355073 3.76
867.00 0.355061 3.76
868.00 0.355049 3.76
869.00 0.355037 3.76
870.00 0.355025 3.76
871.00 0.355013 3.76
872.00 0.355001 3.76
873.00 0.354990 3.76
874.00 0.354978 3.76
875.00 0.354967 3.76
876.00 0.354955 3.76
877.00 0.354944 3.76
878.00 0.354932 3.76
879.00 0.354921 3.76
880.00 0.354910 3.76
881.00 0.354898 3.76
882.00 0.354887 3.76
883.00 0.354876 3.76
884.00 0.354865 3.76
885.00 0.354854 3.76
886.00 0.354843 3.76
887.00 0.354832 3.76
888.00 0.354822 3.76
889.00 0.354811 3.76
890.00 0.354800 3.76
891.00 0.354790 3.76
892.00 0.354779 3.76
893.00 0.354768 3.76
894.00 0.354758 3.76
895.00 0.354747 3.76
896.00 0.354737 3.76
897.00 0.354727 3.76
898.00 0.354716 3.76
899.00 0.354706 3.76
900.00 0.354696 3.76
901.00 0.354686 3.76
902.00 0.354676 3.76
903.00 0.354666 3.76
904.00 0.354656 3.76
905.00 0.354646 3.76
906.00 0.354636 3.76
907.00 0.354626 3.76
908.00 0.354616 3.76
909.00 0.354606 3.76
910.00 0.354597 3.76
911.00 0.354587 3.76
912.00 0.354577 3.76
913.00 0.354568 3.76
914.00 0.354558 3.76
915.00 0.354549 3.76
916.00 0.354539 3.76
917.00 0.354530 3.76
918.00 0.354521 3.76
919.00 0.354511 3.76
920.00 0.354502 3.76
921.00 0.354493 3.76
922.00 0.354483 3.76
923.00 0.354474 3.76
924.00 0.354465 3.76
925.00 0.354456 3.76
926.00 0.354447 3.76
927.00 0.354438 3.76
928.00 0.354429 3.76
929.00 0.354420 3.76
930.00 0.354411 3.76
931.00 0.354402 3.76
932.00 0.354393 3.76
933.00 0.354385 3.76
934.00 0.354376 3.76
935.00 0.354367 3.76
936.00 0.354359 3.76
937.00 0.354350 3.76
938.00 0.354341 3.76
939.00 0.354333 3.76
940.00 0.354324 3.76
941.00 0.354316 3.76
942.00 0.354307 3.76
943.00 0.354299 3.76
944.00 0.354290 3.76
945.00 0.354282 3.76
946.00 0.354274 3.76
947.00 0.354265 3.76
948.00 0.354257 3.76
949.00 0.354249 3.76
950.00 0.354241 3.76
951.00 0.354233 3.76
952.00 0.354225 3.75
953.00 0.354218 3.75
954.00 0.354211 3.75
955.00 0.354204 3.75
956.00 0.354197 3.75
957.00 0.354191 3.75
958.00 0.354184 3.75
959.00 0.354177 3.75
960.00 0.354170 3.75
961.00 0.354164 3.75
962.00 0.354157 3.75
963.00 0.354151 3.75
964.00 0.354144 3.75
965.00 0.354138 3.75
966.00 0.354132 3.75
967.00 0.354125 3.75
968.00 0.354119 3.75
969.00 0.354113 3.75
970.00 0.354107 3.75
971.00 0.354101 3.75
972.00 0.354095 3.75
973.00 0.354089 3.75
974.00 0.354083 3.75
975.00 0.354077 3.75
976.00 0.354071 3.75
977.00 0.354065 3.75
978.00 0.354059 3.75
979.00 0.354053 3.75
980.00 0.354047 3.75
981.00 0.354042 3.75
982.00 0.354036 3.75
983.00 0.354030 3.75
984.00 0.354025 3.75
985.00 0.354019 3.75
986.00 0.354014 3.75
987.00 0.354008 3.75
988.00 0.354003 3.75
989.00 0.353997 3.75
990.00 0.353992 3.75
991.00 0.353987 3.75
992.00 0.353981 3.75
993.00 0.353976 3.75
994.00 0.353971 3.75
995.00 0.353965 3.75
996.00 0.353960 3.75
997.00 0.353955 3.75
998.00 0.353950 3.75
999.00 0.353945 3.75
1000.00 0.353940 3.75
1001.00 0.353935 3.75
1002.00 0.353930 3.75
1003.00 0.353925 3.75
1004.00 0.353920 3.75
1005.00 0.353915 3.75
1006.00 0.353910 3.75
1007.00 0.353905 3.75
1008.00 0.353900 3.75
1009.00 0.353895 3.75
1010.00 0.353891 3.75
1011.00 0.353886 3.75
1012.00 0.353881 3.75
1013.00 0.353876 3.75
1014.00 0.353872 3.75
1015.00 0.353867 3.75
1016.00 0.353863 3.75
1017.00 0.353858 3.75
1018.00 0.353853 3.75
1019.00 0.353849 3.75
1020.00 0.353844 3.75
1021.00 0.353840 3.75
1022.00 0.353835 3.75
1023.00 0.353831 3.75
1024.00 0.353827 3.75
1025.00 0.353822 3.75
1026.00 0.353818 3.75
1027.00 0.353814 3.75
1028.00 0.353809 3.75
1029.00 0.353805 3.75
1030.00 0.353801 3.75
1031.00 0.353797 3.75
1032.00 0.353792 3.75
1033.00 0.353788 3.75
1034.00 0.353784 3.75
1035.00 0.353780 3.75
1036.00 0.353776 3.75
1037.00 0.353772 3.75
1038.00 0.353768 3.75
1039.00 0.353764 3.75
1040.00 0.353760 3.75
1041.00 0.353756 3.75
1042.00 0.353752 3.75
1043.00 0.353748 3.75
1044.00 0.353744 3.75
1045.00 0.353740 3.75
1046.00 0.353736 3.75
1047.00 0.353732 3.75
1048.00 0.353728 3.75
1049.00 0.353724 3.75
1050.00 0.353721 3.75
1051.00 0.353717 3.75
1052.00 0.353713 3.75
1053.00 0.353709 3.75
1054.00 0.353706 3.75
1055.00 0.353702 3.75
1056.00 0.353698 3.75
1057.00 0.353695 3.75
1058.00 0.353691 3.75
1059.00 0.353687 3.75
1060.00 0.353684 3.75
1061.00 0.353680 3.75
1062.00 0.353677 3.75
1063.00 0.353673 3.75
1064.00 0.353670 3.75
1065.00 0.353666 3.75
1066.00 0.353663 3.75
1067.00 0.353659 3.75
1068.00 0.353656 3.75
1069.00 0.353652 3.75
1070.00 0.353649 3.75
1071.00 0.353646 3.75
1072.00 0.353642 3.75
1073.00 0.353639 3.75
1074.00 0.353636 3.75
1075.00 0.353632 3.75
1076.00 0.353629 3.75
1077.00 0.353626 3.75
1078.00 0.353623 3.75
1079.00 0.353619 3.75
1080.00 0.353616 3.75
1081.00 0.353613 3.75
1082.00 0.353610 3.75
1083.00 0.353607 3.75
1084.00 0.353604 3.75
1085.00 0.353600 3.75
1086.00 0.353597 3.75
1087.00 0.353594 3.75
1088.00 0.353591 3.75
1089.00 0.353588 3.75
1090.00 0.353585 3.75
1091.00 0.353582 3.75
1092.00 0.353579 3.75
1093.00 0.353576 3.75
1094.00 0.353573 3.75
1095.00 0.353570 3.75
1096.00 0.353567 3.75
1097.00 0.353564 3.75
1098.00 0.353561 3.75
1099.00 0.353558 3.75
1100.00 0.353556 3.75
1101.00 0.353553 3.75
1102.00 0.353550 3.75
1103.00 0.353547 3.75
1104.00 0.353544 3.75
1105.00 0.353541 3.75
1106.00 0.353539 3.75
1107.00 0.353536 3.75
1108.00 0.353533 3.75
1109.00 0.353530 3.75
1110.00 0.353528 3.75
1111.00 0.353525 3.75
1112.00 0.353522 3.75
1113.00 0.353520 3.75
1114.00 0.353517 3.75
1115.00 0.353514 3.75
1116.00 0.353512 3.75
1117.00 0.353509 3.75
1118.00 0.353506 3.75
1119.00 0.353504 3.75
1120.00 0.353501 3.75
1121.00 0.353499 3.75
1122.00 0.353496 3.75
1123.00 0.353493 3.75
1124.00 0.353491 3.75
1125.00 0.353488 3.75
1126.00 0.353486 3.75
1127.00 0.353483 3.75
1128.00 0.353481 3.75
1129.00 0.353479 3.75
1130.00 0.353476 3.75
1131.00 0.353474 3.75
1132.00 0.353471 3.75
1133.00 0.353469 3.75
1134.00 0.353466 3.75
1135.00 0.353464 3.75
1136.00 0.353462 3.75
1137.00 0.353459 3.75
1138.00 0.353457 3.75
1139.00 0.353455 3.75
1140.00 0.353452 3.75
1141.00 0.353450 3.75
1142.00 0.353448 3.75
1143.00 0.353445 3.75
1144.00 0.353443 3.75
1145.00 0.353441 3.75
1146.00 0.353439 3.75
1147.00 0.353436 3.75
1148.00 0.353434 3.75
1149.00 0.353432 3.75
1150.00 0.353430 3.75
1151.00 0.353428 3.75
1152.00 0.353425 3.75
1153.00 0.353423 3.75
1154.00 0.353421 3.75
1155.00 0.353419 3.75
1156.00 0.353417 3.75
1157.00 0.353415 3.75
1158.00 0.353413 3.75
1159.00 0.353410 3.75
1160.00 0.353408 3.75
1161.00 0.353406 3.75
1162.00 0.353404 3.75
1163.00 0.353402 3.75
1164.00 0.353400 3.75
1165.00 0.353398 3.75
1166.00 0.353396 3.75
1167.00 0.353394 3.75
1168.00 0.353392 3.75
1169.00 0.353390 3.75
1170.00 0.353388 3.75
1171.00 0.353386 3.75
1172.00 0.353384 3.75
1173.00 0.353382 3.75
1174.00 0.353380 3.75
1175.00 0.353378 3.75
1176.00 0.353377 3.75
1177.00 0.353375 3.75
1178.00 0.353373 3.75
1179.00 0.353371 3.75
1180.00 0.353369 3.75
1181.00 0.353367 3.75
1182.00 0.353365 3.75
1183.00 0.353363 3.75
1184.00 0.353362 3.75
1185.00 0.353360 3.75
1186.00 0.353358 3.75
1187.00 0.353356 3.75
1188.00 0.353354 3.75
1189.00 0.353353 3.75
1190.00 0.353351 3.75
1191.00 0.353349 3.75
1192.00 0.353347 3.75
1193.00 0.353345 3.75
1194.00 0.353344 3.75
1195.00 0.353342 3.75
1196.00 0.353340 3.75
1197.00 0.353339 3.75
1198.00 0.353337 3.75
1199.00 0.353335 3.75
1200.00 0.353333 3.75
1201.00 0.353332 3.75
1202.00 0.353330 3.75
1203.00 0.353328 3.75
1204.00 0.353327 3.75
1205.00 0.353325 3.75
1206.00 0.353324 3.75
1207.00 0.353322 3.75
1208.00 0.353320 3.75
1209.00 0.353319 3.75
1210.00 0.353317 3.75
1211.00 0.353316 3.75
1212.00 0.353314 3.75
1213.00 0.353312 3.75
1214.00 0.353311 3.75
1215.00 0.353309 3.75
1216.00 0.353308 3.75
1217.00 0.353306 3.75
1218.00 0.353305 3.75
1219.00 0.353303 3.75
1220.00 0.353302 3.75
1221.00 0.353300 3.75
1222.00 0.353299 3.75
1223.00 0.353297 3.75
1224.00 0.353296 3.75
1225.00 0.353294 3.75
1226.00 0.353293 3.75
1227.00 0.353291 3.75
1228.00 0.353290 3.75
1229.00 0.353288 3.75
1230.00 0.353287 3.75
1231.00 0.353285 3.75
1232.00 0.353284 3.75
1233.00 0.353283 3.75
1234.00 0.353281 3.75
1235.00 0.353280 3.75
1236.00 0.353278 3.75
1237.00 0.353277 3.75
1238.00 0.353276 3.75
1239.00 0.353274 3.75
1240.00 0.353273 3.75
1241.00 0.353271 3.75
1242.00 0.353270 3.75
1243.00 0.353269 3.75
1244.00 0.353267 3.75
1245.00 0.353266 3.75
1246.00 0.353265 3.75
1247.00 0.353263 3.75
1248.00 0.353262 3.75
1249.00 0.353261 3.75
1250.00 0.353260 3.75
1251.00 0.353258 3.75
1252.00 0.353257 3.75
1253.00 0.353256 3.75
1254.00 0.353254 3.75
1255.00 0.353253 3.75
1256.00 0.353252 3.75
1257.00 0.353251 3.75
1258.00 0.353249 3.75
1259.00 0.353248 3.75
1260.00 0.353247 3.75
1261.00 0.353246 3.75
1262.00 0.353245 3.75
1263.00 0.353243 3.75
1264.00 0.353242 3.75
1265.00 0.353241 3.75
1266.00 0.353240 3.75
1267.00 0.353239 3.75
1268.00 0.353237 3.75
1269.00 0.353236 3.75
1270.00 0.353235 3.75
1271.00 0.353234 3.75
1272.00 0.353233 3.75
1273.00 0.353232 3.75
1274.00 0.353230 3.75
1275.00 0.353229 3.75
1276.00 0.353228 3.75
1277.00 0.353227 3.75
1278.00 0.353226 3.75
1279.00 0.353225 3.75
1280.00 0.353224 3.75
1281.00 0.353223 3.75
1282.00 0.353222 3.75
1283.00 0.353220 3.75
1284.00 0.353219 3.75
1285.00 0.353218 3.75
1286.00 0.353217 3.75
1287.00 0.353216 3.75
1288.00 0.353215 3.75
1289.00 0.353214 3.75
1290.00 0.353213 3.75
1291.00 0.353212 3.75
1292.00 0.353211 3.75
1293.00 0.353210 3.75
1294.00 0.353209 3.75
1295.00 0.353208 3.75
1296.00 0.353207 3.75
1297.00 0.353206 3.75
1298.00 0.353205 3.75
1299.00 0.353204 3.75
1300.00 0.353203 3.75
1301.00 0.353202 3.75
1302.00 0.353201 3.75
1303.00 0.353200 3.75
1304.00 0.353199 3.75
1305.00 0.353198 3.75
1306.00 0.353197 3.75
1307.00 0.353196 3.75
1308.00 0.353195 3.75
1309.00 0.353194 3.75
1310.00 0.353193 3.75
1311.00 0.353192 3.75
1312.00 0.353191 3.75
1313.00 0.353190 3.75
1314.00 0.353189 3.75
1315.00 0.353188 3.75
1316.00 0.353187 3.75
1317.00 0.353187 3.75
1318.00 0.353186 3.75
1319.00 0.353185 3.75
1320.00 0.353184 3.75
1321.00 0.353183 3.75
1322.00 0.353182 3.75
1323.00 0.353181 3.75
1324.00 0.353180 3.75
1325.00 0.353179 3.75
1326.00 0.353179 3.75
1327.00 0.353178 3.75
1328.00 0.353177 3.75
1329.00 0.353176 3.75
1330.00 0.353175 3.75
1331.00 0.353174 3.75
1332.00 0.353173 3.75
1333.00 0.353173 3.75
1334.00 0.353172 3.75
1335.00 0.353171 3.75
1336.00 0.353170 3.75
1337.00 0.353169 3.75
1338.00 0.353168 3.75
1339.00 0.353168 3.75
1340.00 0.353167 3.75
1341.00 0.353166 3.75
1342.00 0.353165 3.75
1343.00 0.353164 3.75
1344.00 0.353164 3.75
1345.00 0.353163 3.75
1346.00 0.353162 3.75
1347.00 0.353161 3.75
1348.00 0.353161 3.75
1349.00 0.353160 3.75
1350.00 0.353159 3.75
1351.00 0.353158 3.75
1352.00 0.353157 3.75
1353.00 0.353157 3.75
1354.00 0.353156 3.75
1355.00 0.353155 3.75
1356.00 0.353154 3.75
1357.00 0.353154 3.75
1358.00 0.353153 3.75
1359.00 0.353152 3.75
1360.00 0.353152 3.75
1361.00 0.353151 3.75
1362.00 0.353150 3.75
1363.00 0.353149 3.75
1364.00 0.353149 3.75
1365.00 0.353148 3.75
1366.00 0.353147 3.75
1367.00 0.353147 3.75
1368.00 0.353146 3.75
1369.00 0.353145 3.75
1370.00 0.353144 3.75
1371.00 0.353144 3.75
1372.00 0.353143 3.75
1373.00 0.353142 3.75
1374.00 0.353142 3.75
1375.00 0.353141 3.75
1376.00 0.353140 3.75
1377.00 0.353140 3.75
1378.00 0.353139 3.75
1379.00 0.353138 3.75
1380.00 0.353138 3.75
1381.00 0.353137 3.75
1382.00 0.353136 3.75
1383.00 0.353136 3.75
1384.00 0.353135 3.75
1385.00 0.353134 3.75
1386.00 0.353134 3.75
1387.00 0.353133 3.75
1388.00 0.353133 3.75
1389.00 0.353132 3.75
1390.00 0.353131 3.75
1391.00 0.353131 3.75
1392.00 0.353130 3.75
1393.00 0.353129 3.75
1394.00 0.353129 3.75
1395.00 0.353128 3.75
1396.00 0.353128 3.75
1397.00 0.353127 3.75
1398.00 0.353126 3.75
1399.00 0.353126 3.75
1400.00 0.353125 3.75
1401.00 0.353125 3.75
1402.00 0.353124 3.75
1403.00 0.353124 3.75
1404.00 0.353123 3.75
1405.00 0.353122 3.75
1406.00 0.353122 3.75
1407.00 0.353121 3.75
1408.00 0.353121 3.75
1409.00 0.353120 3.75
1410.00 0.353120 3.75
1411.00 0.353119 3.75
1412.00 0.353118 3.75
1413.00 0.353118 3.75
1414.00 0.353117 3.75
1415.00 0.353117 3.75
1416.00 0.353116 3.75
1417.00 0.353116 3.75
1418.00 0.353115 3.75
1419.00 0.353115 3.75
1420.00 0.353114 3.75
1421.00 0.353114 3.75
1422.00 0.353113 3.75
1423.00 0.353112 3.75
1424.00 0.353112 3.75
1425.00 0.353111 3.75
1426.00 0.353111 3.75
1427.00 0.353110 3.75
1428.00 0.353110 3.75
1429.00 0.353109 3.75
1430.00 0.353109 3.75
1431.00 0.353108 3.75
1432.00 0.353108 3.75
1433.00 0.353107 3.75
1434.00 0.353107 3.75
1435.00 0.353106 3.75
1436.00 0.353106 3.75
1437.00 0.353105 3.75
1438.00 0.353105 3.75
1439.00 0.353104 3.75
1440.00 0.353104 3.75
1441.00 0.353103 3.75
1442.00 0.353103 3.75
1443.00 0.353103 3.75
1444.00 0.353102 3.75
1445.00 0.353102 3.75
1446.00 0.353101 3.75
1447.00 0.353101 3.75
1448.00 0.353100 3.75
1449.00 0.353100 3.75
1450.00 0.353099 3.75
1451.00 0.353099 3.75
1452.00 0.353098 3.75
1453.00 0.353098 3.75
1454.00 0.353097 3.75
1455.00 0.353097 3.75
1456.00 0.353097 3.75
1457.00 0.353096 3.75
1458.00 0.353096 3.75
1459.00 0.353095 3.75
1460.00 0.353095 3.75
1461.00 0.353094 3.75
1462.00 0.353094 3.75
1463.00 0.353094 3.75
1464.00 0.353093 3.75
1465.00 0.353093 3.75
1466.00 0.353092 3.75
1467.00 0.353092 3.75
1468.00 0.353091 3.75
1469.00 0.353091 3.75
1470.00 0.353091 3.75
1471.00 0.353090 3.75
1472.00 0.353090 3.75
1473.00 0.353089 3.75
1474.00 0.353089 3.75
1475.00 0.353089 3.75
1476.00 0.353088 3.75
1477.00 0.353088 3.75
1478.00 0.353087 3.75
1479.00 0.353087 3.75
1480.00 0.353087 3.75
1481.00 0.353086 3.75
1482.00 0.353086 3.75
1483.00 0.353085 3.75
1484.00 0.353085 3.75
1485.00 0.353085 3.75
1486.00 0.353084 3.75
1487.00 0.353084 3.75
1488.00 0.353084 3.75
1489.00 0.353083 3.75
1490.00 0.353083 3.75
1491.00 0.353082 3.75
1492.00 0.353082 3.75
1493.00 0.353082 3.75
1494.00 0.353081 3.75
1495.00 0.353081 3.75
1496.00 0.353081 3.75
1497.00 0.353080 3.75
1498.00 0.353080 3.75
1499.00 0.353080 3.75
1500.00 0.353079 3.75
1501.00 0.353079 3.75
1502.00 0.353079 3.75
1503.00 0.353078 3.75
1504.00 0.353078 3.75
1505.00 0.353077 3.75
1506.00 0.353077 3.75
1507.00 0.353077 3.75
1508.00 0.353076 3.75
1509.00 0.353076 3.75
1510.00 0.353076 3.75
1511.00 0.353075 3.75
1512.00 0.353075 3.75
1513.00 0.353075 3.75
1514.00 0.353074 3.75
1515.00 0.353074 3.75
1516.00 0.353074 3.75
1517.00 0.353074 3.75
1518.00 0.353073 3.75
1519.00 0.353073 3.75
1520.00 0.353073 3.75
1521.00 0.353072 3.75
1522.00 0.353072 3.75
1523.00 0.353072 3.75
1524.00 0.353071 3.75
1525.00 0.353071 3.75
1526.00 0.353071 3.75
1527.00 0.353070 3.75
1528.00 0.353070 3.75
1529.00 0.353070 3.75
1530.00 0.353069 3.75
1531.00 0.353069 3.75
1532.00 0.353069 3.75
1533.00 0.353069 3.75
1534.00 0.353068 3.75
1535.00 0.353068 3.75
1536.00 0.353068 3.75
1537.00 0.353067 3.75
1538.00 0.353067 3.75
1539.00 0.353067 3.75
1540.00 0.353067 3.75
1541.00 0.353066 3.75
1542.00 0.353066 3.75
1543.00 0.353066 3.75
1544.00 0.353065 3.75
1545.00 0.353065 3.75
1546.00 0.353065 3.75
1547.00 0.353065 3.75
1548.00 0.353064 3.75
1549.00 0.353064 3.75
1550.00 0.353064 3.75
1551.00 0.353063 3.75
1552.00 0.353063 3.75
1553.00 0.353063 3.75
1554.00 0.353063 3.75
1555.00 0.353062 3.75
1556.00 0.353062 3.75
1557.00 0.353062 3.75
1558.00 0.353062 3.75
1559.00 0.353061 3.75
1560.00 0.353061 3.75
1561.00 0.353061 3.75
1562.00 0.353061 3.75
1563.00 0.353060 3.75
1564.00 0.353060 3.75
1565.00 0.353060 3.75
1566.00 0.353060 3.75
1567.00 0.353059 3.75
1568.00 0.353059 3.75
1569.00 0.353059 3.75
1570.00 0.353059 3.75
1571.00 0.353058 3.75
1572.00 0.353058 3.75
1573.00 0.353058 3.75
1574.00 0.353058 3.75
1575.00 0.353057 3.75
1576.00 0.353057 3.75
1577.00 0.353057 3.75
1578.00 0.353057 3.75
1579.00 0.353056 3.75
1580.00 0.353056 3.75
1581.00 0.353056 3.75
1582.00 0.353056 3.75
1583.00 0.353056 3.75
1584.00 0.353055 3.75
1585.00 0.353055 3.75
1586.00 0.353055 3.75
1587.00 0.353055 3.75
1588.00 0.353054 3.75
1589.00 0.353054 3.75
1590.00 0.353054 3.75
1591.00 0.353054 3.75
1592.00 0.353054 3.75
1593.00 0.353053 3.75
1594.00 0.353053 3.75
1595.00 0.353053 3.75
1596.00 0.353053 3.75
1597.00 0.353052 3.75
1598.00 0.353052 3.75
1599.00 0.353052 3.75
1600.00 0.353052 3.75
1601.00 0.353052 3.75
1602.00 0.353051 3.75
1603.00 0.353051 3.75
1604.00 0.353051 3.75
1605.00 0.353051 3.75
1606.00 0.353051 3.75
1607.00 0.353050 3.75
1608.00 0.353050 3.75
1609.00 0.353050 3.75
1610.00 0.353050 3.75
1611.00 0.353050 3.75
1612.00 0.353049 3.75
1613.00 0.353049 3.75
1614.00 0.353049 3.75
1615.00 0.353049 3.75
1616.00 0.353049 3.75
1617.00 0.353048 3.75
1618.00 0.353048 3.75
1619.00 0.353048 3.75
1620.00 0.353048 3.75
1621.00 0.353048 3.75
1622.00 0.353047 3.75
1623.00 0.353047 3.75
1624.00 0.353047 3.75
1625.00 0.353047 3.75
1626.00 0.353047 3.75
1627.00 0.353047 3.75
1628.00 0.353046 3.75
1629.00 0.353046 3.75
1630.00 0.353046 3.75
1631.00 0.353046 3.75
1632.00 0.353046 3.75
1633.00 0.353045 3.75
1634.00 0.353045 3.75
1635.00 0.353045 3.75
1636.00 0.353045 3.75
1637.00 0.353045 3.75
1638.00 0.353045 3.75
1639.00 0.353044 3.75
1640.00 0.353044 3.75
1641.00 0.353044 3.75
1642.00 0.353044 3.75
1643.00 0.353044 3.75
1644.00 0.353044 3.75
1645.00 0.353043 3.75
1646.00 0.353043 3.75
1647.00 0.353043 3.75
1648.00 0.353043 3.75
1649.00 0.353043 3.75
1650.00 0.353043 3.75
1651.00 0.353042 3.75
1652.00 0.353042 3.75
1653.00 0.353042 3.75
1654.00 0.353042 3.75
1655.00 0.353042 3.75
1656.00 0.353042 3.75
1657.00 0.353042 3.75
1658.00 0.353041 3.75
1659.00 0.353041 3.75
1660.00 0.353041 3.75
1661.00 0.353041 3.75
1662.00 0.353041 3.75
1663.00 0.353041 3.75
1664.00 0.353040 3.75
1665.00 0.353040 3.75
1666.00 0.353040 3.75
1667.00 0.353040 3.75
1668.00 0.353040 3.75
1669.00 0.353040 3.75
1670.00 0.353040 3.75
1671.00 0.353039 3.75
1672.00 0.353039 3.75
1673.00 0.353039 3.75
1674.00 0.353039 3.75
1675.00 0.353039 3.75
1676.00 0.353039 3.75
1677.00 0.353039 3.75
1678.00 0.353038 3.75
1679.00 0.353038 3.75
1680.00 0.353038 3.75
1681.00 0.353038 3.75
1682.00 0.353038 3.75
1683.00 0.353038 3.75
1684.00 0.353038 3.75
1685.00 0.353037 3.75
1686.00 0.353037 3.75
1687.00 0.353037 3.75
1688.00 0.353037 3.75
1689.00 0.353037 3.75
1690.00 0.353037 3.75
1691.00 0.353037 3.75
1692.00 0.353037 3.75
1693.00 0.353036 3.75
1694.00 0.353036 3.75
1695.00 0.353036 3.75
1696.00 0.353036 3.75
1697.00 0.353036 3.75
1698.00 0.353036 3.75
1699.00 0.353036 3.75
1700.00 0.353036 3.75
1701.00 0.353035 3.75
1702.00 0.353035 3.75
1703.00 0.353035 3.75
1704.00 0.353035 3.75
1705.00 0.353035 3.75
1706.00 0.353035 3.75
1707.00 0.353035 3.75
1708.00 0.353035 3.75
1709.00 0.353034 3.75
1710.00 0.353034 3.75
1711.00 0.353034 3.75
1712.00 0.353034 3.75
1713.00 0.353034 3.75
1714.00 0.353034 3.75
1715.00 0.353034 3.75
1716.00 0.353034 3.75
1717.00 0.353033 3.75
1718.00 0.353033 3.75
1719.00 0.353033 3.75
1720.00 0.353033 3.75
1721.00 0.353033 3.75
1722.00 0.353033 3.75
1723.00 0.353033 3.75
1724.00 0.353033 3.75
1725.00 0.353033 3.75
1726.00 0.353032 3.75
1727.00 0.353032 3.75
1728.00 0.353032 3.75
1729.00 0.353032 3.75
1730.00 0.353032 3.75
1731.00 0.353032 3.75
1732.00 0.353032 3.75
1733.00 0.353032 3.75
1734.00 0.353032 3.75
1735.00 0.353032 3.75
1736.00 0.353031 3.75
1737.00 0.353031 3.75
1738.00 0.353031 3.75
1739.00 0.353031 3.75
1740.00 0.353031 3.75
1741.00 0.353031 3.75
1742.00 0.353031 3.75
1743.00 0.353031 3.75
1744.00 0.353031 3.75
1745.00 0.353031 3.75
1746.00 0.353030 3.75
1747.00 0.353030 3.75
1748.00 0.353030 3.75
1749.00 0.353030 3.75
1750.00 0.353030 3.75
1751.00 0.353030 3.75
1752.00 0.353030 3.75
1753.00 0.353030 3.75
1754.00 0.353030 3.75
1755.00 0.353030 3.75
1756.00 0.353029 3.75
1757.00 0.353029 3.75
1758.00 0.353029 3.75
1759.00 0.353029 3.75
1760.00 0.353029 3.75
1761.00 0.353029 3.75
1762.00 0.353029 3.75
1763.00 0.353029 3.75
1764.00 0.353029 3.75
1765.00 0.353029 3.75
1766.00 0.353029 3.75
1767.00 0.353028 3.75
1768.00 0.353028 3.75
1769.00 0.353028 3.75
1770.00 0.353028 3.75
1771.00 0.353028 3.75
1772.00 0.353028 3.75
1773.00 0.353028 3.75
1774.00 0.353028 3.75
1775.00 0.353028 3.75
1776.00 0.353028 3.75
1777.00 0.353028 3.75
1778.00 0.353028 3.75
1779.00 0.353027 3.75
1780.00 0.353027 3.75
1781.00 0.353027 3.75
1782.00 0.353027 3.75
1783.00 0.353027 3.75
1784.00 0.353027 3.75
1785.00 0.353027 3.75
1786.00 0.353027 3.75
1787.00 0.353027 3.75
1788.00 0.353027 3.75
1789.00 0.353027 3.75
1790.00 0.353027 3.75
1791.00 0.353026 3.75
1792.00 0.353026 3.75
1793.00 0.353026 3.75
1794.00 0.353026 3.75
1795.00 0.353026 3.75
1796.00 0.353026 3.75
1797.00 0.353026 3.75
1798.00 0.353026 3.75
1799.00 0.353026 3.75
1800.00 0.353026 3.75
1801.00 0.353026 3.75
1802.00 0.353026 3.75
1803.00 0.353026 3.75
1804.00 0.353025 3.75
1805.00 0.353025 3.75
1806.00 0.353025 3.75
1807.00 0.353025 3.75
1808.00 0.353025 3.75
1809.00 0.353025 3.75
1810.00 0.353025 3.75
1811.00 0.353025 3.75
1812.00 0.353025 3.75
1813.00 0.353025 3.75
1814.00 0.353025 3.75
1815.00 0.353025 3.75
1816.00 0.353025 3.75
1817.00 0.353025 3.75
1818.00 0.353025 3.75
1819.00 0.353024 3.75
1820.00 0.353024 3.75
1821.00 0.353024 3.75
1822.00 0.353024 3.75
1823.00 0.353024 3.75
1824.00 0.353024 3.75
1825.00 0.353024 3.75
1826.00 0.353024 3.75
1827.00 0.353024 3.75
1828.00 0.353024 3.75
1829.00 0.353024 3.75
1830.00 0.353024 3.75
1831.00 0.353024 3.75
1832.00 0.353024 3.75
1833.00 0.353024 3.75
1834.00 0.353023 3.75
1835.00 0.353023 3.75
1836.00 0.353023 3.75
1837.00 0.353023 3.75
1838.00 0.353023 3.75
1839.00 0.353023 3.75
1840.00 0.353023 3.75
1841.00 0.353023 3.75
1842.00 0.353023 3.75
1843.00 0.353023 3.75
1844.00 0.353023 3.75
1845.00 0.353023 3.75
1846.00 0.353023 3.75
1847.00 0.353023 3.75
1848.00 0.353023 3.75
1849.00 0.353023 3.75
1850.00 0.353023 3.75
1851.00 0.353022 3.75
1852.00 0.353022 3.75
1853.00 0.353022 3.75
1854.00 0.353022 3.75
1855.00 0.353022 3.75
1856.00 0.353022 3.75
1857.00 0.353022 3.75
1858.00 0.353022 3.75
1859.00 0.353022 3.75
1860.00 0.353022 3.75
1861.00 0.353022 3.75
1862.00 0.353022 3.75
1863.00 0.353022 3.75
1864.00 0.353022 3.75
1865.00 0.353022 3.75
1866.00 0.353022 3.75
1867.00 0.353022 3.75
1868.00 0.353022 3.75
1869.00 0.353021 3.75
1870.00 0.353021 3.75
1871.00 0.353021 3.75
1872.00 0.353021 3.75
1873.00 0.353021 3.75
1874.00 0.353021 3.75
1875.00 0.353021 3.75
1876.00 0.353021 3.75
1877.00 0.353021 3.75
1878.00 0.353021 3.75
1879.00 0.353021 3.75
1880.00 0.353021 3.75
1881.00 0.353021 3.75
1882.00 0.353021 3.75
1883.00 0.353021 3.75
1884.00 0.353021 3.75
1885.00 0.353021 3.75
1886.00 0.353021 3.75
1887.00 0.353021 3.75
1888.00 0.353021 3.75
1889.00 0.353020 3.75
1890.00 0.353020 3.75
1891.00 0.353020 3.75
1892.00 0.353020 3.75
1893.00 0.353020 3.75
1894.00 0.353020 3.75
1895.00 0.353020 3.75
1896.00 0.353020 3.75
1897.00 0.353020 3.75
1898.00 0.353020 3.75
1899.00 0.353020 3.75
1900.00 0.353020 3.75
1901.00 0.353020 3.75
1902.00 0.353020 3.75
1903.00 0.353020 3.75
1904.00 0.353020 3.75
1905.00 0.353020 3.75
1906.00 0.353020 3.75
1907.00 0.353020 3.75
1908.00 0.353020 3.75
1909.00 0.353020 3.75
1910.00 0.353020 3.75
1911.00 0.353020 3.75
1912.00 0.353019 3.75
1913.00 0.353019 3.75
1914.00 0.353019 3.75
1915.00 0.353019 3.75
1916.00 0.353019 3.75
1917.00 0.353019 3.75
1918.00 0.353019 3.75
1919.00 0.353019 3.75
1920.00 0.353019 3.75
1921.00 0.353019 3.75
1922.00 0.353019 3.75
1923.00 0.353019 3.75
1924.00 0.353019 3.75
1925.00 0.353019 3.75
1926.00 0.353019 3.75
1927.00 0.353019 3.75
1928.00 0.353019 3.75
1929.00 0.353019 3.75
1930.00 0.353019 3.75
1931.00 0.353019 3.75
1932.00 0.353019 3.75
1933.00 0.353019 3.75
1934.00 0.353019 3.75
1935.00 0.353019 3.75
1936.00 0.353019 3.75
1937.00 0.353018 3.75
1938.00 0.353018 3.75
1939.00 0.353018 3.75
1940.00 0.353018 3.75
1941.00 0.353018 3.75
1942.00 0.353018 3.75
1943.00 0.353018 3.75
1944.00 0.353018 3.75
1945.00 0.353018 3.75
1946.00 0.353018 3.75
1947.00 0.353018 3.75
1948.00 0.353018 3.75
1949.00 0.353018 3.75
1950.00 0.353018 3.75
1951.00 0.353018 3.75
1952.00 0.353018 3.75
1953.00 0.353018 3.75
1954.00 0.353018 3.75
1955.00 0.353018 3.75
1956.00 0.353018 3.75
1957.00 0.353018 3.75
1958.00 0.353018 3.75
1959.00 0.353018 3.75
1960.00 0.353018 3.75
1961.00 0.353018 3.75
1962.00 0.353018 3.75
1963.00 0.353018 3.75
1964.00 0.353018 3.75
1965.00 0.353018 3.75
1966.00 0.353018 3.75
1967.00 0.353017 3.75
1968.00 0.353017 3.75
1969.00 0.353017 3.75
1970.00 0.353017 3.75
1971.00 0.353017 3.75
1972.00 0.353017 3.75
1973.00 0.353017 3.75
1974.00 0.353017 3.75
1975.00 0.353017 3.75
1976.00 0.353017 3.75
1977.00 0.353017 3.75
1978.00 0.353017 3.75
1979.00 0.353017 3.75
1980.00 0.353017 3.75
1981.00 0.353017 3.75
1982.00 0.353017 3.75
1983.00 0.353017 3.75
1984.00 0.353017 3.75
1985.00 0.353017 3.75
1986.00 0.353017 3.75
1987.00 0.353017 3.75
1988.00 0.353017 3.75
1989.00 0.353017 3.75
1990.00 0.353017 3.75
1991.00 0.353017 3.75
1992.00 0.353017 3.75
1993.00 0.353017 3.75
1994.00 0.353017 3.75
1995.00 0.353017 3.75
1996.00 0.353017 3.75
1997.00 0.353017 3.75
1998.00 0.353017 3.75
1999.00 0.353017 3.75
2000.00 0.353017 3.75
