0.00 0.303375 4.06
1.00 0.302365 4.06
2.00 0.301354 4.06
3.00 0.300343 4.06
4.00 0.299331 4.06
5.00 0.298321 4.05
6.00 0.297313 4.05
7.00 0.296304 4.05
8.00 0.295295 4.03
9.00 0.294299 4.03
10.00 0.293304 4.03
11.00 0.292308 4.03
12.00 0.291313 4.03
13.00 0.290318 4.03
14.00 0.289322 4.03
15.00 0.288325 4.03
16.00 0.287326 4.03
17.00 0.286326 4.03
18.00 0.285323 4.03
19.00 0.284318 4.03
20.00 0.283315 4.02
21.00 0.282313 4.02
22.00 0.281308 4.02
23.00 0.280301 4.02
24.00 0.279289 4.02
25.00 0.278274 4.02
26.00 0.277255 4.02
27.00 0.276231 4.02
28.00 0.275202 4.02
29.00 0.274183 4.01
30.00 0.273163 4.01
31.00 0.272138 4.01
32.00 0.271143 3.99
33.00 0.270155 3.99
34.00 0.269163 3.99
35.00 0.268167 3.99
36.00 0.267189 3.96
37.00 0.266226 3.96
38.00 0.265258 3.96
39.00 0.264289 3.95
40.00 0.263321 3.95
41.00 0.262355 3.94
42.00 0.261425 3.93
43.00 0.260494 3.93
44.00 0.259559 3.93
45.00 0.258620 3.93
46.00 0.257675 3.93
47.00 0.256726 3.93
48.00 0.255771 3.93
49.00 0.254822 3.92
50.00 0.253878 3.92
51.00 0.252946 3.91
52.00 0.252013 3.91
53.00 0.251075 3.91
54.00 0.250132 3.90
55.00 0.249189 3.90
56.00 0.248247 3.89
57.00 0.247338 3.87
58.00 0.246447 3.85
59.00 0.245580 3.85
60.00 0.244710 3.85
61.00 0.243846 3.84
62.00 0.242985 3.84
63.00 0.242146 3.83
64.00 0.241314 3.82
65.00 0.240515 3.80
66.00 0.239728 3.80
67.00 0.238938 3.80
68.00 0.238146 3.80
69.00 0.237351 3.80
70.00 0.236566 3.79
71.00 0.235785 3.79
72.00 0.235004 3.77
73.00 0.234242 3.77
74.00 0.233476 3.77
75.00 0.232724 3.76
76.00 0.231985 3.75
77.00 0.231255 3.75
78.00 0.230544 3.74
79.00 0.229835 3.74
80.00 0.229148 3.73
81.00 0.228461 3.73
82.00 0.227772 3.73
83.00 0.227099 3.71
84.00 0.226435 3.70
85.00 0.225787 3.70
86.00 0.225137 3.70
87.00 0.224484 3.70
88.00 0.223828 3.70
89.00 0.223169 3.70
90.00 0.222507 3.70
91.00 0.221841 3.70
92.00 0.221171 3.70
93.00 0.220497 3.70
94.00 0.219820 3.70
95.00 0.219162 3.69
96.00 0.218547 3.65
97.00 0.217954 3.65
98.00 0.217360 3.65
99.00 0.216764 3.64
100.00 0.216187 3.64
101.00 0.215611 3.63
102.00 0.215051 3.62
103.00 0.214490 3.62
104.00 0.213940 3.61
105.00 0.213402 3.61
106.00 0.212863 3.60
107.00 0.212346 3.60
108.00 0.211828 3.60
109.00 0.211308 3.60
110.00 0.210786 3.60
111.00 0.210262 3.59
112.00 0.209750 3.59
113.00 0.209246 3.58
114.00 0.208758 3.58
115.00 0.208268 3.58
116.00 0.207776 3.58
117.00 0.207291 3.57
118.00 0.206817 3.57
119.00 0.206342 3.57
120.00 0.205865 3.57
121.00 0.205395 3.56
122.00 0.204946 3.55
123.00 0.204500 3.55
124.00 0.204052 3.55
125.00 0.203613 3.54
126.00 0.203189 3.54
127.00 0.202766 3.53
128.00 0.202345 3.53
129.00 0.201945 3.52
130.00 0.201549 3.52
131.00 0.201152 3.52
132.00 0.200753 3.52
133.00 0.200367 3.51
134.00 0.199985 3.51
135.00 0.199602 3.51
136.00 0.199233 3.49
137.00 0.198876 3.49
138.00 0.198522 3.48
139.00 0.198168 3.48
140.00 0.197814 3.48
141.00 0.197459 3.48
142.00 0.197102 3.48
143.00 0.196745 3.48
144.00 0.196398 3.47
145.00 0.196077 3.45
146.00 0.195771 3.45
147.00 0.195469 3.44
148.00 0.195167 3.44
149.00 0.194870 3.42
150.00 0.194585 3.42
151.00 0.194317 3.41
152.00 0.194054 3.41
153.00 0.193798 3.40
154.00 0.193550 3.40
155.00 0.193302 3.40
156.00 0.193055 3.40
157.00 0.192809 3.39
158.00 0.192563 3.39
159.00 0.192319 3.38
160.00 0.192076 3.38
161.00 0.191833 3.38
162.00 0.191590 3.38
163.00 0.191347 3.38
164.00 0.191115 3.37
165.00 0.190894 3.37
166.00 0.190689 3.36
167.00 0.190494 3.36
168.00 0.190304 3.35
169.00 0.190118 3.35
170.00 0.189933 3.35
171.00 0.189748 3.35
172.00 0.189564 3.35
173.00 0.189380 3.35
174.00 0.189198 3.34
175.00 0.189027 3.34
176.00 0.188857 3.34
177.00 0.188688 3.34
178.00 0.188518 3.34
179.00 0.188349 3.34
180.00 0.188181 3.33
181.00 0.188025 3.33
182.00 0.187870 3.33
183.00 0.187716 3.33
184.00 0.187562 3.33
185.00 0.187408 3.33
186.00 0.187254 3.33
187.00 0.187105 3.32
188.00 0.186969 3.32
189.00 0.186835 3.32
190.00 0.186701 3.32
191.00 0.186568 3.32
192.00 0.186436 3.32
193.00 0.186321 3.31
194.00 0.186209 3.31
195.00 0.186100 3.30
196.00 0.186009 3.30
197.00 0.185920 3.30
198.00 0.185833 3.30
199.00 0.185748 3.30
200.00 0.185664 3.30
201.00 0.185581 3.30
202.00 0.185500 3.30
203.00 0.185420 3.30
204.00 0.185341 3.30
205.00 0.185262 3.30
206.00 0.185185 3.30
207.00 0.185108 3.30
208.00 0.185033 3.30
209.00 0.184957 3.30
210.00 0.184883 3.30
211.00 0.184809 3.30
212.00 0.184735 3.30
213.00 0.184662 3.30
214.00 0.184589 3.30
215.00 0.184517 3.30
216.00 0.184445 3.30
217.00 0.184373 3.30
218.00 0.184302 3.30
219.00 0.184231 3.30
220.00 0.184159 3.30
221.00 0.184089 3.30
222.00 0.184018 3.30
223.00 0.183947 3.30
224.00 0.183877 3.30
225.00 0.183806 3.30
226.00 0.183736 3.30
227.00 0.183665 3.30
228.00 0.183595 3.30
229.00 0.183524 3.30
230.00 0.183454 3.30
231.00 0.183384 3.29
232.00 0.183318 3.29
233.00 0.183251 3.29
234.00 0.183185 3.29
235.00 0.183118 3.29
236.00 0.183052 3.29
237.00 0.182986 3.29
238.00 0.182921 3.28
239.00 0.182856 3.28
240.00 0.182792 3.28
241.00 0.182727 3.28
242.00 0.182663 3.28
243.00 0.182599 3.28
244.00 0.182534 3.28
245.00 0.182470 3.28
246.00 0.182405 3.28
247.00 0.182340 3.28
248.00 0.182276 3.28
249.00 0.182211 3.28
250.00 0.182146 3.28
251.00 0.182081 3.28
252.00 0.182016 3.27
253.00 0.181952 3.27
254.00 0.181888 3.27
255.00 0.181824 3.27
256.00 0.181770 3.24
257.00 0.181729 3.24
258.00 0.181688 3.24
259.00 0.181649 3.24
260.00 0.181611 3.24
261.00 0.181573 3.24
262.00 0.181536 3.24
263.00 0.181500 3.24
264.00 0.181464 3.24
265.00 0.181429 3.23
266.00 0.181404 3.23
267.00 0.181380 3.23
268.00 0.181356 3.23
269.00 0.181334 3.23
270.00 0.181312 3.23
271.00 0.181291 3.23
272.00 0.181271 3.23
273.00 0.181251 3.23
274.00 0.181231 3.23
275.00 0.181212 3.23
276.00 0.181194 3.23
277.00 0.181176 3.23
278.00 0.181158 3.23
279.00 0.181141 3.23
280.00 0.181124 3.23
281.00 0.181107 3.23
282.00 0.181091 3.23
283.00 0.181075 3.23
284.00 0.181060 3.23
285.00 0.181045 3.23
286.00 0.181030 3.23
287.00 0.181015 3.23
288.00 0.181001 3.23
289.00 0.180987 3.23
290.00 0.180973 3.23
291.00 0.180960 3.23
292.00 0.180947 3.23
293.00 0.180934 3.23
294.00 0.180921 3.23
295.00 0.180908 3.23
296.00 0.180896 3.23
297.00 0.180884 3.23
298.00 0.180872 3.23
299.00 0.180860 3.23
300.00 0.180849 3.23
301.00 0.180838 3.23
302.00 0.180827 3.23
303.00 0.180816 3.23
304.00 0.180805 3.23
305.00 0.180794 3.23
306.00 0.180784 3.23
307.00 0.180774 3.23
308.00 0.180764 3.23
309.00 0.180754 3.23
310.00 0.180744 3.23
311.00 0.180735 3.23
312.00 0.180725 3.23
313.00 0.180716 3.23
314.00 0.180707 3.23
315.00 0.180698 3.23
316.00 0.180689 3.23
317.00 0.180680 3.23
318.00 0.180672 3.23
319.00 0.180663 3.23
320.00 0.180655 3.23
321.00 0.180646 3.23
322.00 0.180638 3.23
323.00 0.180630 3.23
324.00 0.180622 3.23
325.00 0.180614 3.23
326.00 0.180607 3.23
327.00 0.180599 3.23
328.00 0.180592 3.23
329.00 0.180584 3.23
330.00 0.180577 3.23
331.00 0.180570 3.23
332.00 0.180562 3.23
333.00 0.180555 3.23
334.00 0.180548 3.23
335.00 0.180542 3.23
336.00 0.180535 3.23
337.00 0.180528 3.23
338.00 0.180521 3.23
339.00 0.180515 3.23
340.00 0.180508 3.23
341.00 0.180502 3.23
342.00 0.180496 3.23
343.00 0.180489 3.23
344.00 0.180483 3.23
345.00 0.180477 3.23
346.00 0.180471 3.23
347.00 0.180465 3.23
348.00 0.180459 3.23
349.00 0.180453 3.23
350.00 0.180447 3.23
351.00 0.180441 3.23
352.00 0.180436 3.23
353.00 0.180430 3.23
354.00 0.180424 3.23
355.00 0.180419 3.23
356.00 0.180413 3.23
357.00 0.180408 3.23
358.00 0.180403 3.23
359.00 0.180397 3.23
360.00 0.180392 3.23
361.00 0.180387 3.23
362.00 0.180381 3.23
363.00 0.180376 3.23
364.00 0.180371 3.23
365.00 0.180366 3.23
366.00 0.180361 3.23
367.00 0.180356 3.23
368.00 0.180351 3.23
369.00 0.180346 3.23
370.00 0.180341 3.23
371.00 0.180336 3.23
372.00 0.180332 3.23
373.00 0.180327 3.23
374.00 0.180322 3.23
375.00 0.180317 3.23
376.00 0.180313 3.23
377.00 0.180308 3.23
378.00 0.180303 3.23
379.00 0.180299 3.23
380.00 0.180294 3.23
381.00 0.180290 3.23
382.00 0.180285 3.23
383.00 0.180281 3.22
384.00 0.180279 3.22
385.00 0.180276 3.22
386.00 0.180273 3.22
387.00 0.180271 3.22
388.00 0.180268 3.22
389.00 0.180266 3.22
390.00 0.180263 3.22
391.00 0.180261 3.22
392.00 0.180259 3.22
393.00 0.180256 3.22
394.00 0.180254 3.22
395.00 0.180252 3.22
396.00 0.180249 3.22
397.00 0.180247 3.22
398.00 0.180245 3.22
399.00 0.180243 3.22
400.00 0.180241 3.22
401.00 0.180239 3.22
402.00 0.180237 3.22
403.00 0.180235 3.22
404.00 0.180232 3.22
405.00 0.180231 3.22
406.00 0.180229 3.22
407.00 0.180227 3.22
408.00 0.180225 3.22
409.00 0.180223 3.22
410.00 0.180221 3.22
411.00 0.180219 3.22
412.00 0.180217 3.22
413.00 0.180216 3.22
414.00 0.180214 3.22
415.00 0.180212 3.22
416.00 0.180210 3.22
417.00 0.180209 3.22
418.00 0.180207 3.22
419.00 0.180205 3.22
420.00 0.180204 3.22
421.00 0.180202 3.22
422.00 0.180201 3.22
423.00 0.180199 3.22
424.00 0.180198 3.22
425.00 0.180196 3.22
426.00 0.180195 3.22
427.00 0.180193 3.22
428.00 0.180192 3.22
429.00 0.180190 3.22
430.00 0.180189 3.22
431.00 0.180187 3.22
432.00 0.180186 3.22
433.00 0.180185 3.22
434.00 0.180183 3.22
435.00 0.180182 3.22
436.00 0.180181 3.22
437.00 0.180179 3.22
438.00 0.180178 3.22
439.00 0.180177 3.22
440.00 0.180176 3.22
441.00 0.180174 3.22
442.00 0.180173 3.22
443.00 0.180172 3.22
444.00 0.180171 3.22
445.00 0.180170 3.22
446.00 0.180169 3.22
447.00 0.180167 3.22
448.00 0.180166 3.22
449.00 0.180165 3.22
450.00 0.180164 3.22
451.00 0.180163 3.22
452.00 0.180162 3.22
453.00 0.180161 3.22
454.00 0.180160 3.22
455.00 0.180159 3.22
456.00 0.180158 3.22
457.00 0.180157 3.22
458.00 0.180156 3.22
459.00 0.180155 3.22
460.00 0.180154 3.22
461.00 0.180153 3.22
462.00 0.180152 3.22
463.00 0.180151 3.22
464.00 0.180150 3.22
465.00 0.180149 3.22
466.00 0.180149 3.22
467.00 0.180148 3.22
468.00 0.180147 3.22
469.00 0.180146 3.22
470.00 0.180145 3.22
471.00 0.180144 3.22
472.00 0.180144 3.22
473.00 0.180143 3.22
474.00 0.180142 3.22
475.00 0.180141 3.22
476.00 0.180140 3.22
477.00 0.180140 3.22
478.00 0.180139 3.22
479.00 0.180138 3.22
480.00 0.180137 3.22
481.00 0.180137 3.22
482.00 0.180136 3.22
483.00 0.180135 3.22
484.00 0.180135 3.22
485.00 0.180134 3.22
486.00 0.180133 3.22
487.00 0.180133 3.22
488.00 0.180132 3.22
489.00 0.180131 3.22
490.00 0.180131 3.22
491.00 0.180130 3.22
492.00 0.180129 3.22
493.00 0.180129 3.22
494.00 0.180128 3.22
495.00 0.180127 3.22
496.00 0.180127 3.22
497.00 0.180126 3.22
498.00 0.180126 3.22
499.00 0.180125 3.22
500.00 0.180125 3.22
501.00 0.180124 3.22
502.00 0.180123 3.22
503.00 0.180123 3.22
504.00 0.180122 3.22
505.00 0.180122 3.22
506.00 0.180121 3.22
507.00 0.180121 3.22
508.00 0.180120 3.22
509.00 0.180120 3.22
510.00 0.180119 3.22
511.00 0.180119 3.22
512.00 0.180118 3.22
513.00 0.180118 3.22
514.00 0.180117 3.22
515.00 0.180117 3.22
516.00 0.180116 3.22
517.00 0.180116 3.22
518.00 0.180115 3.22
519.00 0.180115 3.22
520.00 0.180115 3.22
521.00 0.180114 3.22
522.00 0.180114 3.22
523.00 0.180113 3.22
524.00 0.180113 3.22
525.00 0.180113 3.22
526.00 0.180112 3.22
527.00 0.180112 3.22
528.00 0.180111 3.22
529.00 0.180111 3.22
530.00 0.180111 3.22
531.00 0.180110 3.22
532.00 0.180110 3.22
533.00 0.180109 3.22
534.00 0.180109 3.22
535.00 0.180109 3.22
536.00 0.180108 3.22
537.00 0.180108 3.22
538.00 0.180108 3.22
539.00 0.180107 3.22
540.00 0.180107 3.22
541.00 0.180107 3.22
542.00 0.180106 3.22
543.00 0.180106 3.22
544.00 0.180106 3.22
545.00 0.180105 3.22
546.00 0.180105 3.22
547.00 0.180105 3.22
548.00 0.180104 3.22
549.00 0.180104 3.22
550.00 0.180104 3.22
551.00 0.180103 3.22
552.00 0.180103 3.22
553.00 0.180103 3.22
554.00 0.180103 3.22
555.00 0.180102 3.22
556.00 0.180102 3.22
557.00 0.180102 3.22
558.00 0.180101 3.22
559.00 0.180101 3.22
560.00 0.180101 3.22
561.00 0.180101 3.22
562.00 0.180100 3.22
563.00 0.180100 3.22
564.00 0.180100 3.22
565.00 0.180100 3.22
566.00 0.180099 3.22
567.00 0.180099 3.22
568.00 0.180099 3.22
569.00 0.180099 3.22
570.00 0.180099 3.22
571.00 0.180098 3.22
572.00 0.180098 3.22
573.00 0.180098 3.22
574.00 0.180098 3.22
575.00 0.180097 3.22
576.00 0.180097 3.22
577.00 0.180097 3.22
578.00 0.180097 3.22
579.00 0.180097 3.22
580.00 0.180096 3.22
581.00 0.180096 3.22
582.00 0.180096 3.22
583.00 0.180096 3.22
584.00 0.180096 3.22
585.00 0.180095 3.22
586.00 0.180095 3.22
587.00 0.180095 3.22
588.00 0.180095 3.22
589.00 0.180095 3.22
590.00 0.180094 3.22
591.00 0.180094 3.22
592.00 0.180094 3.22
593.00 0.180094 3.22
594.00 0.180094 3.22
595.00 0.180094 3.22
596.00 0.180093 3.22
597.00 0.180093 3.22
598.00 0.180093 3.22
599.00 0.180093 3.22
600.00 0.180093 3.22
601.00 0.180093 3.22
602.00 0.180092 3.22
603.00 0.180092 3.22
604.00 0.180092 3.22
605.00 0.180092 3.22
606.00 0.180092 3.22
607.00 0.180092 3.22
608.00 0.180092 3.22
609.00 0.180091 3.22
610.00 0.180091 3.22
611.00 0.180091 3.22
612.00 0.180091 3.22
613.00 0.180091 3.22
614.00 0.180091 3.22
615.00 0.180091 3.22
616.00 0.180091 3.22
617.00 0.180090 3.22
618.00 0.180090 3.22
619.00 0.180090 3.22
620.00 0.180090 3.22
621.00 0.180090 3.22
622.00 0.180090 3.22
623.00 0.180090 3.22
624.00 0.180090 3.22
625.00 0.180089 3.22
626.00 0.180089 3.22
627.00 0.180089 3.22
628.00 0.180089 3.22
629.00 0.180089 3.22
630.00 0.180089 3.22
631.00 0.180089 3.22
632.00 0.180089 3.22
633.00 0.180089 3.22
634.00 0.180088 3.22
635.00 0.180088 3.22
636.00 0.180088 3.22
637.00 0.180088 3.22
638.00 0.180088 3.22
639.00 0.180088 3.22
640.00 0.180088 3.22
641.00 0.180088 3.22
642.00 0.180088 3.22
643.00 0.180088 3.22
644.00 0.180087 3.22
645.00 0.180087 3.22
646.00 0.180087 3.22
647.00 0.180087 3.22
648.00 0.180087 3.22
649.00 0.180087 3.22
650.00 0.180087 3.22
651.00 0.180087 3.22
652.00 0.180087 3.22
653.00 0.180087 3.22
654.00 0.180087 3.22
655.00 0.180087 3.22
656.00 0.180087 3.22
657.00 0.180086 3.22
658.00 0.180086 3.22
659.00 0.180086 3.22
660.00 0.180086 3.22
661.00 0.180086 3.22
662.00 0.180086 3.22
663.00 0.180086 3.22
664.00 0.180086 3.22
665.00 0.180086 3.22
666.00 0.180086 3.22
667.00 0.180086 3.22
668.00 0.180086 3.22
669.00 0.180086 3.22
670.00 0.180086 3.22
671.00 0.180085 3.22
672.00 0.180085 3.22
673.00 0.180085 3.22
674.00 0.180085 3.22
675.00 0.180085 3.22
676.00 0.180085 3.22
677.00 0.180085 3.22
678.00 0.180085 3.22
679.00 0.180085 3.22
680.00 0.180085 3.22
681.00 0.180085 3.22
682.00 0.180085 3.22
683.00 0.180085 3.22
684.00 0.180085 3.22
685.00 0.180085 3.22
686.00 0.180085 3.22
687.00 0.180085 3.22
688.00 0.180084 3.22
689.00 0.180084 3.22
690.00 0.180084 3.22
691.00 0.180084 3.22
692.00 0.180084 3.22
693.00 0.180084 3.22
694.00 0.180084 3.22
695.00 0.180084 3.22
696.00 0.180084 3.22
697.00 0.180084 3.22
698.00 0.180084 3.22
699.00 0.180084 3.22
700.00 0.180084 3.22
701.00 0.180084 3.22
702.00 0.180084 3.22
703.00 0.180084 3.22
704.00 0.180084 3.22
705.00 0.180084 3.22
706.00 0.180084 3.22
707.00 0.180084 3.22
708.00 0.180084 3.22
709.00 0.180084 3.22
710.00 0.180084 3.22
711.00 0.180083 3.22
712.00 0.180083 3.22
713.00 0.180083 3.22
714.00 0.180083 3.22
715.00 0.180083 3.22
716.00 0.180083 3.22
717.00 0.180083 3.22
718.00 0.180083 3.22
719.00 0.180083 3.22
720.00 0.180083 3.22
721.00 0.180083 3.22
722.00 0.180083 3.22
723.00 0.180083 3.22
724.00 0.180083 3.22
725.00 0.180083 3.22
726.00 0.180083 3.22
727.00 0.180083 3.22
728.00 0.180083 3.22
729.00 0.180083 3.22
730.00 0.180083 3.22
731.00 0.180083 3.22
732.00 0.180083 3.22
733.00 0.180083 3.22
734.00 0.180083 3.22
735.00 0.180083 3.22
736.00 0.180083 3.22
737.00 0.180083 3.22
738.00 0.180083 3.22
739.00 0.180083 3.22
740.00 0.180083 3.22
741.00 0.180083 3.22
742.00 0.180083 3.22
743.00 0.180082 3.22
744.00 0.180082 3.22
745.00 0.180082 3.22
746.00 0.180082 3.22
747.00 0.180082 3.22
748.00 0.180082 3.22
749.00 0.180082 3.22
750.00 0.180082 3.22
751.00 0.180082 3.22
752.00 0.180082 3.22
753.00 0.180082 3.22
754.00 0.180082 3.22
755.00 0.180082 3.22
756.00 0.180082 3.22
757.00 0.180082 3.22
758.00 0.180082 3.22
759.00 0.180082 3.22
760.00 0.180082 3.22
761.00 0.180082 3.22
762.00 0.180082 3.22
763.00 0.180082 3.22
764.00 0.180082 3.22
765.00 0.180082 3.22
766.00 0.180082 3.22
767.00 0.180082 3.22
768.00 0.180082 3.22
769.00 0.180082 3.22
770.00 0.180082 3.22
771.00 0.180082 3.22
772.00 0.180082 3.22
773.00 0.180082 3.22
774.00 0.180082 3.22
775.00 0.180082 3.22
776.00 0.180082 3.22
777.00 0.180082 3.22
778.00 0.180082 3.22
779.00 0.180082 3.22
780.00 0.180082 3.22
781.00 0.180082 3.22
782.00 0.180082 3.22
783.00 0.180082 3.22
784.00 0.180082 3.22
785.00 0.180082 3.22
786.00 0.180082 3.22
787.00 0.180082 3.22
788.00 0.180082 3.22
789.00 0.180082 3.22
790.00 0.180082 3.22
791.00 0.180082 3.22
792.00 0.180082 3.22
793.00 0.180082 3.22
794.00 0.180082 3.22
795.00 0.180082 3.22
796.00 0.180082 3.22
797.00 0.180082 3.22
798.00 0.180082 3.22
799.00 0.180081 3.22
800.00 0.180081 3.22
801.00 0.180081 3.22
802.00 0.180081 3.22
803.00 0.180081 3.22
804.00 0.180081 3.22
805.00 0.180081 3.22
806.00 0.180081 3.22
807.00 0.180081 3.22
808.00 0.180081 3.22
809.00 0.180081 3.22
810.00 0.180081 3.22
811.00 0.180081 3.22
812.00 0.180081 3.22
813.00 0.180081 3.22
814.00 0.180081 3.22
815.00 0.180081 3.22
816.00 0.180081 3.22
817.00 0.180081 3.22
818.00 0.180081 3.22
819.00 0.180081 3.22
820.00 0.180081 3.22
821.00 0.180081 3.22
822.00 0.180081 3.22
823.00 0.180081 3.22
824.00 0.180081 3.22
825.00 0.180081 3.22
826.00 0.180081 3.22
827.00 0.180081 3.22
828.00 0.180081 3.22
829.00 0.180081 3.22
830.00 0.180081 3.22
831.00 0.180081 3.22
832.00 0.180081 3.22
833.00 0.180081 3.22
834.00 0.180081 3.22
835.00 0.180081 3.22
836.00 0.180081 3.22
837.00 0.180081 3.22
838.00 0.180081 3.22
839.00 0.180081 3.22
840.00 0.180081 3.22
841.00 0.180081 3.22
842.00 0.180081 3.22
843.00 0.180081 3.22
844.00 0.180081 3.22
845.00 0.180081 3.22
846.00 0.180081 3.22
847.00 0.180081 3.22
848.00 0.180081 3.22
849.00 0.180081 3.22
850.00 0.180081 3.22
851.00 0.180081 3.22
852.00 0.180081 3.22
853.00 0.180081 3.22
854.00 0.180081 3.22
855.00 0.180081 3.22
856.00 0.180081 3.22
857.00 0.180081 3.22
858.00 0.180081 3.22
859.00 0.180081 3.22
860.00 0.180081 3.22
861.00 0.180081 3.22
862.00 0.180081 3.22
863.00 0.180081 3.22
864.00 0.180081 3.22
865.00 0.180081 3.22
866.00 0.180081 3.22
867.00 0.180081 3.22
868.00 0.180081 3.22
869.00 0.180081 3.22
870.00 0.180081 3.22
871.00 0.180081 3.22
872.00 0.180081 3.22
873.00 0.180081 3.22
874.00 0.180081 3.22
875.00 0.180081 3.22
876.00 0.180081 3.22
877.00 0.180081 3.22
878.00 0.180081 3.22
879.00 0.180081 3.22
880.00 0.180081 3.22
881.00 0.180081 3.22
882.00 0.180081 3.22
883.00 0.180081 3.22
884.00 0.180081 3.22
885.00 0.180081 3.22
886.00 0.180081 3.22
887.00 0.180081 3.22
888.00 0.180081 3.22
889.00 0.180081 3.22
890.00 0.180081 3.22
891.00 0.180081 3.22
892.00 0.180081 3.22
893.00 0.180081 3.22
894.00 0.180081 3.22
895.00 0.180081 3.22
896.00 0.180081 3.22
897.00 0.180081 3.22
898.00 0.180081 3.22
899.00 0.180081 3.22
900.00 0.180081 3.22
901.00 0.180081 3.22
902.00 0.180081 3.22
903.00 0.180081 3.22
904.00 0.180081 3.22
905.00 0.180081 3.22
906.00 0.180081 3.22
907.00 0.180081 3.22
908.00 0.180081 3.22
909.00 0.180081 3.22
910.00 0.180081 3.22
911.00 0.180081 3.22
912.00 0.180081 3.22
913.00 0.180081 3.22
914.00 0.180081 3.22
915.00 0.180081 3.22
916.00 0.180081 3.22
917.00 0.180081 3.22
918.00 0.180081 3.22
919.00 0.180081 3.22
920.00 0.180081 3.22
921.00 0.180081 3.22
922.00 0.180081 3.22
923.00 0.180081 3.22
924.00 0.180081 3.22
925.00 0.180081 3.22
926.00 0.180081 3.22
927.00 0.180081 3.22
928.00 0.180081 3.22
929.00 0.180081 3.22
930.00 0.180081 3.22
931.00 0.180081 3.22
932.00 0.180081 3.22
933.00 0.180081 3.22
934.00 0.180081 3.22
935.00 0.180081 3.22
936.00 0.180081 3.22
937.00 0.180081 3.22
938.00 0.180081 3.22
939.00 0.180081 3.22
940.00 0.180081 3.22
941.00 0.180081 3.22
942.00 0.180081 3.22
943.00 0.180081 3.22
944.00 0.180081 3.22
945.00 0.180081 3.22
946.00 0.180081 3.22
947.00 0.180081 3.22
948.00 0.180081 3.22
949.00 0.180081 3.22
950.00 0.180081 3.22
951.00 0.180081 3.22
952.00 0.180081 3.22
953.00 0.180081 3.22
954.00 0.180081 3.22
955.00 0.180081 3.22
956.00 0.180081 3.22
957.00 0.180081 3.22
958.00 0.180081 3.22
959.00 0.180081 3.22
960.00 0.180081 3.22
961.00 0.180081 3.22
962.00 0.180081 3.22
963.00 0.180081 3.22
964.00 0.180081 3.22
965.00 0.180081 3.22
966.00 0.180081 3.22
967.00 0.180081 3.22
968.00 0.180081 3.22
969.00 0.180081 3.22
970.00 0.180081 3.22
971.00 0.180081 3.22
972.00 0.180081 3.22
973.00 0.180081 3.22
974.00 0.180081 3.22
975.00 0.180081 3.22
976.00 0.180081 3.22
977.00 0.180081 3.22
978.00 0.180081 3.22
979.00 0.180081 3.22
980.00 0.180081 3.22
981.00 0.180081 3.22
982.00 0.180081 3.22
983.00 0.180081 3.22
984.00 0.180081 3.22
985.00 0.180081 3.22
986.00 0.180081 3.22
987.00 0.180081 3.22
988.00 0.180081 3.22
989.00 0.180081 3.22
990.00 0.180081 3.22
991.00 0.180081 3.22
992.00 0.180081 3.22
993.00 0.180081 3.22
994.00 0.180081 3.22
995.00 0.180081 3.22
996.00 0.180081 3.22
997.00 0.180081 3.22
998.00 0.180081 3.22
999.00 0.180081 3.22
1000.00 0.180081 3.22
1001.00 0.180081 3.22
1002.00 0.180081 3.22
1003.00 0.180081 3.22
1004.00 0.180081 3.22
1005.00 0.180081 3.22
1006.00 0.180081 3.22
1007.00 0.180081 3.22
1008.00 0.180081 3.22
1009.00 0.180081 3.22
1010.00 0.180081 3.22
1011.00 0.180081 3.22
1012.00 0.180081 3.22
1013.00 0.180081 3.22
1014.00 0.180081 3.22
1015.00 0.180081 3.22
1016.00 0.180081 3.22
1017.00 0.180081 3.22
1018.00 0.180081 3.22
1019.00 0.180081 3.22
1020.00 0.180081 3.22
1021.00 0.180081 3.22
1022.00 0.180081 3.22
1023.00 0.180081 3.22
1024.00 0.180081 3.22
1025.00 0.180081 3.22
1026.00 0.180081 3.22
1027.00 0.180081 3.22
1028.00 0.180081 3.22
1029.00 0.180081 3.22
1030.00 0.180081 3.22
1031.00 0.180081 3.22
1032.00 0.180081 3.22
1033.00 0.180081 3.22
1034.00 0.180081 3.22
1035.00 0.180081 3.22
1036.00 0.180081 3.22
1037.00 0.180081 3.22
1038.00 0.180081 3.22
1039.00 0.180081 3.22
1040.00 0.180081 3.22
1041.00 0.180081 3.22
1042.00 0.180081 3.22
1043.00 0.180081 3.22
1044.00 0.180081 3.22
1045.00 0.180081 3.22
1046.00 0.180081 3.22
1047.00 0.180081 3.22
1048.00 0.180081 3.22
1049.00 0.180081 3.22
1050.00 0.180081 3.22
1051.00 0.180081 3.22
1052.00 0.180081 3.22
1053.00 0.180081 3.22
1054.00 0.180081 3.22
1055.00 0.180081 3.22
1056.00 0.180081 3.22
1057.00 0.180081 3.22
1058.00 0.180081 3.22
1059.00 0.180081 3.22
1060.00 0.180081 3.22
1061.00 0.180081 3.22
1062.00 0.180081 3.22
1063.00 0.180081 3.22
1064.00 0.180081 3.22
1065.00 0.180081 3.22
1066.00 0.180081 3.22
1067.00 0.180081 3.22
1068.00 0.180081 3.22
1069.00 0.180081 3.22
1070.00 0.180081 3.22
1071.00 0.180081 3.22
1072.00 0.180081 3.22
1073.00 0.180081 3.22
1074.00 0.180081 3.22
1075.00 0.180081 3.22
1076.00 0.180081 3.22
1077.00 0.180081 3.22
1078.00 0.180081 3.22
1079.00 0.180081 3.22
1080.00 0.180081 3.22
1081.00 0.180081 3.22
1082.00 0.180081 3.22
1083.00 0.180081 3.22
1084.00 0.180081 3.22
1085.00 0.180081 3.22
1086.00 0.180081 3.22
1087.00 0.180081 3.22
1088.00 0.180081 3.22
1089.00 0.180081 3.22
1090.00 0.180081 3.22
1091.00 0.180081 3.22
1092.00 0.180081 3.22
1093.00 0.180081 3.22
1094.00 0.180081 3.22
1095.00 0.180081 3.22
1096.00 0.180081 3.22
1097.00 0.180081 3.22
1098.00 0.180081 3.22
1099.00 0.180081 3.22
1100.00 0.180081 3.22
1101.00 0.180081 3.22
1102.00 0.180081 3.22
1103.00 0.180081 3.22
1104.00 0.180081 3.22
1105.00 0.180081 3.22
1106.00 0.180081 3.22
1107.00 0.180081 3.22
1108.00 0.180081 3.22
1109.00 0.180081 3.22
1110.00 0.180081 3.22
1111.00 0.180081 3.22
1112.00 0.180081 3.22
1113.00 0.180081 3.22
1114.00 0.180081 3.22
1115.00 0.180081 3.22
1116.00 0.180081 3.22
1117.00 0.180081 3.22
1118.00 0.180081 3.22
1119.00 0.180081 3.22
1120.00 0.180081 3.22
1121.00 0.180081 3.22
1122.00 0.180081 3.22
1123.00 0.180081 3.22
1124.00 0.180081 3.22
1125.00 0.180081 3.22
1126.00 0.180081 3.22
1127.00 0.180081 3.22
1128.00 0.180081 3.22
1129.00 0.180081 3.22
1130.00 0.180081 3.22
1131.00 0.180081 3.22
1132.00 0.180081 3.22
1133.00 0.180081 3.22
1134.00 0.180081 3.22
1135.00 0.180081 3.22
1136.00 0.180081 3.22
1137.00 0.180081 3.22
1138.00 0.180081 3.22
1139.00 0.180081 3.22
1140.00 0.180081 3.22
1141.00 0.180081 3.22
1142.00 0.180081 3.22
1143.00 0.180081 3.22
1144.00 0.180081 3.22
1145.00 0.180081 3.22
1146.00 0.180081 3.22
1147.00 0.180081 3.22
1148.00 0.180081 3.22
1149.00 0.180081 3.22
1150.00 0.180081 3.22
1151.00 0.180081 3.22
1152.00 0.180081 3.22
1153.00 0.180081 3.22
1154.00 0.180081 3.22
1155.00 0.180081 3.22
1156.00 0.180081 3.22
1157.00 0.180081 3.22
1158.00 0.180081 3.22
1159.00 0.180081 3.22
1160.00 0.180081 3.22
1161.00 0.180081 3.22
1162.00 0.180081 3.22
1163.00 0.180081 3.22
1164.00 0.180081 3.22
1165.00 0.180081 3.22
1166.00 0.180081 3.22
1167.00 0.180081 3.22
1168.00 0.180081 3.22
1169.00 0.180081 3.22
1170.00 0.180081 3.22
1171.00 0.180081 3.22
1172.00 0.180081 3.22
1173.00 0.180081 3.22
1174.00 0.180081 3.22
1175.00 0.180081 3.22
1176.00 0.180081 3.22
1177.00 0.180081 3.22
1178.00 0.180081 3.22
1179.00 0.180081 3.22
1180.00 0.180081 3.22
1181.00 0.180081 3.22
1182.00 0.180081 3.22
1183.00 0.180081 3.22
1184.00 0.180081 3.22
1185.00 0.180081 3.22
1186.00 0.180081 3.22
1187.00 0.180081 3.22
1188.00 0.180081 3.22
1189.00 0.180081 3.22
1190.00 0.180081 3.22
1191.00 0.180081 3.22
1192.00 0.180081 3.22
1193.00 0.180081 3.22
1194.00 0.180081 3.22
1195.00 0.180081 3.22
1196.00 0.180081 3.22
1197.00 0.180081 3.22
1198.00 0.180081 3.22
1199.00 0.180081 3.22
1200.00 0.180081 3.22
1201.00 0.180081 3.22
1202.00 0.180081 3.22
1203.00 0.180081 3.22
1204.00 0.180081 3.22
1205.00 0.180081 3.22
1206.00 0.180081 3.22
1207.00 0.180081 3.22
1208.00 0.180081 3.22
1209.00 0.180081 3.22
1210.00 0.180081 3.22
1211.00 0.180081 3.22
1212.00 0.180081 3.22
1213.00 0.180081 3.22
1214.00 0.180081 3.22
1215.00 0.180081 3.22
1216.00 0.180081 3.22
1217.00 0.180081 3.22
1218.00 0.180081 3.22
1219.00 0.180081 3.22
1220.00 0.180081 3.22
1221.00 0.180081 3.22
1222.00 0.180081 3.22
1223.00 0.180081 3.22
1224.00 0.180081 3.22
1225.00 0.180081 3.22
1226.00 0.180081 3.22
1227.00 0.180081 3.22
1228.00 0.180081 3.22
1229.00 0.180081 3.22
1230.00 0.180081 3.22
1231.00 0.180081 3.22
1232.00 0.180081 3.22
1233.00 0.180081 3.22
1234.00 0.180081 3.22
1235.00 0.180081 3.22
1236.00 0.180081 3.22
1237.00 0.180081 3.22
1238.00 0.180081 3.22
1239.00 0.180081 3.22
1240.00 0.180081 3.22
1241.00 0.180081 3.22
1242.00 0.180081 3.22
1243.00 0.180081 3.22
1244.00 0.180081 3.22
1245.00 0.180081 3.22
1246.00 0.180081 3.22
1247.00 0.180081 3.22
1248.00 0.180081 3.22
1249.00 0.180081 3.22
1250.00 0.180081 3.22
1251.00 0.180081 3.22
1252.00 0.180081 3.22
1253.00 0.180081 3.22
1254.00 0.180081 3.22
1255.00 0.180081 3.22
1256.00 0.180081 3.22
1257.00 0.180081 3.22
1258.00 0.180081 3.22
1259.00 0.180081 3.22
1260.00 0.180081 3.22
1261.00 0.180081 3.22
1262.00 0.180081 3.22
1263.00 0.180081 3.22
1264.00 0.180081 3.22
1265.00 0.180081 3.22
1266.00 0.180081 3.22
1267.00 0.180081 3.22
1268.00 0.180081 3.22
1269.00 0.180081 3.22
1270.00 0.180081 3.22
1271.00 0.180081 3.22
1272.00 0.180081 3.22
1273.00 0.180081 3.22
1274.00 0.180081 3.22
1275.00 0.180081 3.22
1276.00 0.180081 3.22
1277.00 0.180081 3.22
1278.00 0.180081 3.22
1279.00 0.180081 3.22
1280.00 0.180081 3.22
1281.00 0.180081 3.22
1282.00 0.180081 3.22
1283.00 0.180081 3.22
1284.00 0.180081 3.22
1285.00 0.180081 3.22
1286.00 0.180081 3.22
1287.00 0.180081 3.22
1288.00 0.180081 3.22
1289.00 0.180081 3.22
1290.00 0.180081 3.22
1291.00 0.180081 3.22
1292.00 0.180081 3.22
1293.00 0.180081 3.22
1294.00 0.180081 3.22
1295.00 0.180081 3.22
1296.00 0.180081 3.22
1297.00 0.180081 3.22
1298.00 0.180081 3.22
1299.00 0.180081 3.22
1300.00 0.180081 3.22
1301.00 0.180081 3.22
1302.00 0.180081 3.22
1303.00 0.180081 3.22
1304.00 0.180081 3.22
1305.00 0.180081 3.22
1306.00 0.180081 3.22
1307.00 0.180081 3.22
1308.00 0.180081 3.22
1309.00 0.180081 3.22
1310.00 0.180081 3.22
1311.00 0.180081 3.22
1312.00 0.180081 3.22
1313.00 0.180081 3.22
1314.00 0.180081 3.22
1315.00 0.180081 3.22
1316.00 0.180081 3.22
1317.00 0.180081 3.22
1318.00 0.180081 3.22
1319.00 0.180081 3.22
1320.00 0.180081 3.22
1321.00 0.180081 3.22
1322.00 0.180081 3.22
1323.00 0.180081 3.22
1324.00 0.180081 3.22
1325.00 0.180081 3.22
1326.00 0.180081 3.22
1327.00 0.180081 3.22
1328.00 0.180081 3.22
1329.00 0.180081 3.22
1330.00 0.180081 3.22
1331.00 0.180081 3.22
1332.00 0.180081 3.22
1333.00 0.180081 3.22
1334.00 0.180081 3.22
1335.00 0.180081 3.22
1336.00 0.180081 3.22
1337.00 0.180081 3.22
1338.00 0.180081 3.22
1339.00 0.180081 3.22
1340.00 0.180081 3.22
1341.00 0.180081 3.22
1342.00 0.180081 3.22
1343.00 0.180081 3.22
1344.00 0.180081 3.22
1345.00 0.180081 3.22
1346.00 0.180081 3.22
1347.00 0.180081 3.22
1348.00 0.180081 3.22
1349.00 0.180081 3.22
1350.00 0.180081 3.22
1351.00 0.180081 3.22
1352.00 0.180081 3.22
1353.00 0.180081 3.22
1354.00 0.180081 3.22
1355.00 0.180081 3.22
1356.00 0.180081 3.22
1357.00 0.180081 3.22
1358.00 0.180081 3.22
1359.00 0.180081 3.22
1360.00 0.180081 3.22
1361.00 0.180081 3.22
1362.00 0.180081 3.22
1363.00 0.180081 3.22
1364.00 0.180081 3.22
1365.00 0.180081 3.22
1366.00 0.180081 3.22
1367.00 0.180081 3.22
1368.00 0.180081 3.22
1369.00 0.180081 3.22
1370.00 0.180081 3.22
1371.00 0.180081 3.22
1372.00 0.180081 3.22
1373.00 0.180081 3.22
1374.00 0.180081 3.22
1375.00 0.180081 3.22
1376.00 0.180081 3.22
1377.00 0.180081 3.22
1378.00 0.180081 3.22
1379.00 0.180081 3.22
1380.00 0.180081 3.22
1381.00 0.180081 3.22
1382.00 0.180081 3.22
1383.00 0.180081 3.22
1384.00 0.180081 3.22
1385.00 0.180081 3.22
1386.00 0.180081 3.22
1387.00 0.180081 3.22
1388.00 0.180081 3.22
1389.00 0.180081 3.22
1390.00 0.180081 3.22
1391.00 0.180081 3.22
1392.00 0.180081 3.22
1393.00 0.180081 3.22
1394.00 0.180081 3.22
1395.00 0.180081 3.22
1396.00 0.180081 3.22
1397.00 0.180081 3.22
1398.00 0.180081 3.22
1399.00 0.180081 3.22
1400.00 0.180081 3.22
1401.00 0.180081 3.22
1402.00 0.180081 3.22
1403.00 0.180081 3.22
1404.00 0.180081 3.22
1405.00 0.180081 3.22
1406.00 0.180081 3.22
1407.00 0.180081 3.22
1408.00 0.180081 3.22
1409.00 0.180081 3.22
1410.00 0.180081 3.22
1411.00 0.180081 3.22
1412.00 0.180081 3.22
1413.00 0.180081 3.22
1414.00 0.180081 3.22
1415.00 0.180081 3.22
1416.00 0.180081 3.22
1417.00 0.180081 3.22
1418.00 0.180081 3.22
1419.00 0.180081 3.22
1420.00 0.180081 3.22
1421.00 0.180081 3.22
1422.00 0.180081 3.22
1423.00 0.180081 3.22
1424.00 0.180081 3.22
1425.00 0.180081 3.22
1426.00 0.180081 3.22
1427.00 0.180081 3.22
1428.00 0.180081 3.22
1429.00 0.180081 3.22
1430.00 0.180081 3.22
1431.00 0.180081 3.22
1432.00 0.180081 3.22
1433.00 0.180081 3.22
1434.00 0.180081 3.22
1435.00 0.180081 3.22
1436.00 0.180081 3.22
1437.00 0.180081 3.22
1438.00 0.180081 3.22
1439.00 0.180081 3.22
1440.00 0.180081 3.22
1441.00 0.180081 3.22
1442.00 0.180081 3.22
1443.00 0.180081 3.22
1444.00 0.180081 3.22
1445.00 0.180081 3.22
1446.00 0.180081 3.22
1447.00 0.180081 3.22
1448.00 0.180081 3.22
1449.00 0.180081 3.22
1450.00 0.180081 3.22
1451.00 0.180081 3.22
1452.00 0.180081 3.22
1453.00 0.180081 3.22
1454.00 0.180081 3.22
1455.00 0.180081 3.22
1456.00 0.180081 3.22
1457.00 0.180081 3.22
1458.00 0.180081 3.22
1459.00 0.180081 3.22
1460.00 0.180081 3.22
1461.00 0.180081 3.22
1462.00 0.180081 3.22
1463.00 0.180081 3.22
1464.00 0.180081 3.22
1465.00 0.180081 3.22
1466.00 0.180081 3.22
1467.00 0.180081 3.22
1468.00 0.180081 3.22
1469.00 0.180081 3.22
1470.00 0.180081 3.22
1471.00 0.180081 3.22
1472.00 0.180081 3.22
1473.00 0.180081 3.22
1474.00 0.180081 3.22
1475.00 0.180081 3.22
1476.00 0.180081 3.22
1477.00 0.180081 3.22
1478.00 0.180081 3.22
1479.00 0.180081 3.22
1480.00 0.180081 3.22
1481.00 0.180081 3.22
1482.00 0.180081 3.22
1483.00 0.180081 3.22
1484.00 0.180081 3.22
1485.00 0.180081 3.22
1486.00 0.180081 3.22
1487.00 0.180081 3.22
1488.00 0.180081 3.22
1489.00 0.180081 3.22
1490.00 0.180081 3.22
1491.00 0.180081 3.22
1492.00 0.180081 3.22
1493.00 0.180081 3.22
1494.00 0.180081 3.22
1495.00 0.180081 3.22
1496.00 0.180081 3.22
1497.00 0.180081 3.22
1498.00 0.180081 3.22
1499.00 0.180081 3.22
1500.00 0.180081 3.22
1501.00 0.180081 3.22
1502.00 0.180081 3.22
1503.00 0.180081 3.22
1504.00 0.180081 3.22
1505.00 0.180081 3.22
1506.00 0.180081 3.22
1507.00 0.180081 3.22
1508.00 0.180081 3.22
1509.00 0.180081 3.22
1510.00 0.180081 3.22
1511.00 0.180081 3.22
1512.00 0.180081 3.22
1513.00 0.180081 3.22
1514.00 0.180081 3.22
1515.00 0.180081 3.22
1516.00 0.180081 3.22
1517.00 0.180081 3.22
1518.00 0.180081 3.22
1519.00 0.180081 3.22
1520.00 0.180081 3.22
1521.00 0.180081 3.22
1522.00 0.180081 3.22
1523.00 0.180081 3.22
1524.00 0.180081 3.22
1525.00 0.180081 3.22
1526.00 0.180081 3.22
1527.00 0.180081 3.22
1528.00 0.180081 3.22
1529.00 0.180081 3.22
1530.00 0.180081 3.22
1531.00 0.180081 3.22
1532.00 0.180081 3.22
1533.00 0.180081 3.22
1534.00 0.180081 3.22
1535.00 0.180081 3.22
1536.00 0.180081 3.22
1537.00 0.180081 3.22
1538.00 0.180081 3.22
1539.00 0.180081 3.22
1540.00 0.180081 3.22
1541.00 0.180081 3.22
1542.00 0.180081 3.22
1543.00 0.180081 3.22
1544.00 0.180081 3.22
1545.00 0.180081 3.22
1546.00 0.180081 3.22
1547.00 0.180081 3.22
1548.00 0.180081 3.22
1549.00 0.180081 3.22
1550.00 0.180081 3.22
1551.00 0.180081 3.22
1552.00 0.180081 3.22
1553.00 0.180081 3.22
1554.00 0.180081 3.22
1555.00 0.180081 3.22
1556.00 0.180081 3.22
1557.00 0.180081 3.22
1558.00 0.180081 3.22
1559.00 0.180081 3.22
1560.00 0.180081 3.22
1561.00 0.180081 3.22
1562.00 0.180081 3.22
1563.00 0.180081 3.22
1564.00 0.180081 3.22
1565.00 0.180081 3.22
1566.00 0.180081 3.22
1567.00 0.180081 3.22
1568.00 0.180081 3.22
1569.00 0.180081 3.22
1570.00 0.180081 3.22
1571.00 0.180081 3.22
1572.00 0.180081 3.22
1573.00 0.180081 3.22
1574.00 0.180081 3.22
1575.00 0.180081 3.22
1576.00 0.180081 3.22
1577.00 0.180081 3.22
1578.00 0.180081 3.22
1579.00 0.180081 3.22
1580.00 0.180081 3.22
1581.00 0.180081 3.22
1582.00 0.180081 3.22
1583.00 0.180081 3.22
1584.00 0.180081 3.22
1585.00 0.180081 3.22
1586.00 0.180081 3.22
1587.00 0.180081 3.22
1588.00 0.180081 3.22
1589.00 0.180081 3.22
1590.00 0.180081 3.22
1591.00 0.180081 3.22
1592.00 0.180081 3.22
1593.00 0.180081 3.22
1594.00 0.180081 3.22
1595.00 0.180081 3.22
1596.00 0.180081 3.22
1597.00 0.180081 3.22
1598.00 0.180081 3.22
1599.00 0.180081 3.22
1600.00 0.180081 3.22
1601.00 0.180081 3.22
1602.00 0.180081 3.22
1603.00 0.180081 3.22
1604.00 0.180081 3.22
1605.00 0.180081 3.22
1606.00 0.180081 3.22
1607.00 0.180081 3.22
1608.00 0.180081 3.22
1609.00 0.180081 3.22
1610.00 0.180081 3.22
1611.00 0.180081 3.22
1612.00 0.180081 3.22
1613.00 0.180081 3.22
1614.00 0.180081 3.22
1615.00 0.180081 3.22
1616.00 0.180081 3.22
1617.00 0.180081 3.22
1618.00 0.180081 3.22
1619.00 0.180081 3.22
1620.00 0.180081 3.22
1621.00 0.180081 3.22
1622.00 0.180081 3.22
1623.00 0.180081 3.22
1624.00 0.180081 3.22
1625.00 0.180081 3.22
1626.00 0.180081 3.22
1627.00 0.180081 3.22
1628.00 0.180081 3.22
1629.00 0.180081 3.22
1630.00 0.180081 3.22
1631.00 0.180081 3.22
1632.00 0.180081 3.22
1633.00 0.180081 3.22
1634.00 0.180081 3.22
1635.00 0.180081 3.22
1636.00 0.180081 3.22
1637.00 0.180081 3.22
1638.00 0.180081 3.22
1639.00 0.180081 3.22
1640.00 0.180081 3.22
1641.00 0.180081 3.22
1642.00 0.180081 3.22
1643.00 0.180081 3.22
1644.00 0.180081 3.22
1645.00 0.180081 3.22
1646.00 0.180081 3.22
1647.00 0.180081 3.22
1648.00 0.180081 3.22
1649.00 0.180081 3.22
1650.00 0.180081 3.22
1651.00 0.180081 3.22
1652.00 0.180081 3.22
1653.00 0.180081 3.22
1654.00 0.180081 3.22
1655.00 0.180081 3.22
1656.00 0.180081 3.22
1657.00 0.180081 3.22
1658.00 0.180081 3.22
1659.00 0.180081 3.22
1660.00 0.180081 3.22
1661.00 0.180081 3.22
1662.00 0.180081 3.22
1663.00 0.180081 3.22
1664.00 0.180081 3.22
1665.00 0.180081 3.22
1666.00 0.180081 3.22
1667.00 0.180081 3.22
1668.00 0.180081 3.22
1669.00 0.180081 3.22
1670.00 0.180081 3.22
1671.00 0.180081 3.22
1672.00 0.180081 3.22
1673.00 0.180081 3.22
1674.00 0.180081 3.22
1675.00 0.180081 3.22
1676.00 0.180081 3.22
1677.00 0.180081 3.22
1678.00 0.180081 3.22
1679.00 0.180081 3.22
1680.00 0.180081 3.22
1681.00 0.180081 3.22
1682.00 0.180081 3.22
1683.00 0.180081 3.22
1684.00 0.180081 3.22
1685.00 0.180081 3.22
1686.00 0.180081 3.22
1687.00 0.180081 3.22
1688.00 0.180081 3.22
1689.00 0.180081 3.22
1690.00 0.180081 3.22
1691.00 0.180081 3.22
1692.00 0.180081 3.22
1693.00 0.180081 3.22
1694.00 0.180081 3.22
1695.00 0.180081 3.22
1696.00 0.180081 3.22
1697.00 0.180081 3.22
1698.00 0.180081 3.22
1699.00 0.180081 3.22
1700.00 0.180081 3.22
1701.00 0.180081 3.22
1702.00 0.180081 3.22
1703.00 0.180081 3.22
1704.00 0.180081 3.22
1705.00 0.180081 3.22
1706.00 0.180081 3.22
1707.00 0.180081 3.22
1708.00 0.180081 3.22
1709.00 0.180081 3.22
1710.00 0.180081 3.22
1711.00 0.180081 3.22
1712.00 0.180081 3.22
1713.00 0.180081 3.22
1714.00 0.180081 3.22
1715.00 0.180081 3.22
1716.00 0.180081 3.22
1717.00 0.180081 3.22
1718.00 0.180081 3.22
1719.00 0.180081 3.22
1720.00 0.180081 3.22
1721.00 0.180081 3.22
1722.00 0.180081 3.22
1723.00 0.180081 3.22
1724.00 0.180081 3.22
1725.00 0.180081 3.22
1726.00 0.180081 3.22
1727.00 0.180081 3.22
1728.00 0.180081 3.22
1729.00 0.180081 3.22
1730.00 0.180081 3.22
1731.00 0.180081 3.22
1732.00 0.180081 3.22
1733.00 0.180081 3.22
1734.00 0.180081 3.22
1735.00 0.180081 3.22
1736.00 0.180081 3.22
1737.00 0.180081 3.22
1738.00 0.180081 3.22
1739.00 0.180081 3.22
1740.00 0.180081 3.22
1741.00 0.180081 3.22
1742.00 0.180081 3.22
1743.00 0.180081 3.22
1744.00 0.180081 3.22
1745.00 0.180081 3.22
1746.00 0.180081 3.22
1747.00 0.180081 3.22
1748.00 0.180081 3.22
1749.00 0.180081 3.22
1750.00 0.180081 3.22
1751.00 0.180081 3.22
1752.00 0.180081 3.22
1753.00 0.180081 3.22
1754.00 0.180081 3.22
1755.00 0.180081 3.22
1756.00 0.180081 3.22
1757.00 0.180081 3.22
1758.00 0.180081 3.22
1759.00 0.180081 3.22
1760.00 0.180081 3.22
1761.00 0.180081 3.22
1762.00 0.180081 3.22
1763.00 0.180081 3.22
1764.00 0.180081 3.22
1765.00 0.180081 3.22
1766.00 0.180081 3.22
1767.00 0.180081 3.22
1768.00 0.180081 3.22
1769.00 0.180081 3.22
1770.00 0.180081 3.22
1771.00 0.180081 3.22
1772.00 0.180081 3.22
1773.00 0.180081 3.22
1774.00 0.180081 3.22
1775.00 0.180081 3.22
1776.00 0.180081 3.22
1777.00 0.180081 3.22
1778.00 0.180081 3.22
1779.00 0.180081 3.22
1780.00 0.180081 3.22
1781.00 0.180081 3.22
1782.00 0.180081 3.22
1783.00 0.180081 3.22
1784.00 0.180081 3.22
1785.00 0.180081 3.22
1786.00 0.180081 3.22
1787.00 0.180081 3.22
1788.00 0.180081 3.22
1789.00 0.180081 3.22
1790.00 0.180081 3.22
1791.00 0.180081 3.22
1792.00 0.180081 3.22
1793.00 0.180081 3.22
1794.00 0.180081 3.22
1795.00 0.180081 3.22
1796.00 0.180081 3.22
1797.00 0.180081 3.22
1798.00 0.180081 3.22
1799.00 0.180081 3.22
1800.00 0.180081 3.22
1801.00 0.180081 3.22
1802.00 0.180081 3.22
1803.00 0.180081 3.22
1804.00 0.180081 3.22
1805.00 0.180081 3.22
1806.00 0.180081 3.22
1807.00 0.180081 3.22
1808.00 0.180081 3.22
1809.00 0.180081 3.22
1810.00 0.180081 3.22
1811.00 0.180081 3.22
1812.00 0.180081 3.22
1813.00 0.180081 3.22
1814.00 0.180081 3.22
1815.00 0.180081 3.22
1816.00 0.180081 3.22
1817.00 0.180081 3.22
1818.00 0.180081 3.22
1819.00 0.180081 3.22
1820.00 0.180081 3.22
1821.00 0.180081 3.22
1822.00 0.180081 3.22
1823.00 0.180081 3.22
1824.00 0.180081 3.22
1825.00 0.180081 3.22
1826.00 0.180081 3.22
1827.00 0.180081 3.22
1828.00 0.180081 3.22
1829.00 0.180081 3.22
1830.00 0.180081 3.22
1831.00 0.180081 3.22
1832.00 0.180081 3.22
1833.00 0.180081 3.22
1834.00 0.180081 3.22
1835.00 0.180081 3.22
1836.00 0.180081 3.22
1837.00 0.180081 3.22
1838.00 0.180081 3.22
1839.00 0.180081 3.22
1840.00 0.180081 3.22
1841.00 0.180081 3.22
1842.00 0.180081 3.22
1843.00 0.180081 3.22
1844.00 0.180081 3.22
1845.00 0.180081 3.22
1846.00 0.180081 3.22
1847.00 0.180081 3.22
1848.00 0.180081 3.22
1849.00 0.180081 3.22
1850.00 0.180081 3.22
1851.00 0.180081 3.22
1852.00 0.180081 3.22
1853.00 0.180081 3.22
1854.00 0.180081 3.22
1855.00 0.180081 3.22
1856.00 0.180081 3.22
1857.00 0.180081 3.22
1858.00 0.180081 3.22
1859.00 0.180081 3.22
1860.00 0.180081 3.22
1861.00 0.180081 3.22
1862.00 0.180081 3.22
1863.00 0.180081 3.22
1864.00 0.180081 3.22
1865.00 0.180081 3.22
1866.00 0.180081 3.22
1867.00 0.180081 3.22
1868.00 0.180081 3.22
1869.00 0.180081 3.22
1870.00 0.180081 3.22
1871.00 0.180081 3.22
1872.00 0.180081 3.22
1873.00 0.180081 3.22
1874.00 0.180081 3.22
1875.00 0.180081 3.22
1876.00 0.180081 3.22
1877.00 0.180081 3.22
1878.00 0.180081 3.22
1879.00 0.180081 3.22
1880.00 0.180081 3.22
1881.00 0.180081 3.22
1882.00 0.180081 3.22
1883.00 0.180081 3.22
1884.00 0.180081 3.22
1885.00 0.180081 3.22
1886.00 0.180081 3.22
1887.00 0.180081 3.22
1888.00 0.180081 3.22
1889.00 0.180081 3.22
1890.00 0.180081 3.22
1891.00 0.180081 3.22
1892.00 0.180081 3.22
1893.00 0.180081 3.22
1894.00 0.180081 3.22
1895.00 0.180081 3.22
1896.00 0.180081 3.22
1897.00 0.180081 3.22
1898.00 0.180081 3.22
1899.00 0.180081 3.22
1900.00 0.180081 3.22
1901.00 0.180081 3.22
1902.00 0.180081 3.22
1903.00 0.180081 3.22
1904.00 0.180081 3.22
1905.00 0.180081 3.22
1906.00 0.180081 3.22
1907.00 0.180081 3.22
1908.00 0.180081 3.22
1909.00 0.180081 3.22
1910.00 0.180081 3.22
1911.00 0.180081 3.22
1912.00 0.180081 3.22
1913.00 0.180081 3.22
1914.00 0.180081 3.22
1915.00 0.180081 3.22
1916.00 0.180081 3.22
1917.00 0.180081 3.22
1918.00 0.180081 3.22
1919.00 0.180081 3.22
1920.00 0.180081 3.22
1921.00 0.180081 3.22
1922.00 0.180081 3.22
1923.00 0.180081 3.22
1924.00 0.180081 3.22
1925.00 0.180081 3.22
1926.00 0.180081 3.22
1927.00 0.180081 3.22
1928.00 0.180081 3.22
1929.00 0.180081 3.22
1930.00 0.180081 3.22
1931.00 0.180081 3.22
1932.00 0.180081 3.22
1933.00 0.180081 3.22
1934.00 0.180081 3.22
1935.00 0.180081 3.22
1936.00 0.180081 3.22
1937.00 0.180081 3.22
1938.00 0.180081 3.22
1939.00 0.180081 3.22
1940.00 0.180081 3.22
1941.00 0.180081 3.22
1942.00 0.180081 3.22
1943.00 0.180081 3.22
1944.00 0.180081 3.22
1945.00 0.180081 3.22
1946.00 0.180081 3.22
1947.00 0.180081 3.22
1948.00 0.180081 3.22
1949.00 0.180081 3.22
1950.00 0.180081 3.22
1951.00 0.180081 3.22
1952.00 0.180081 3.22
1953.00 0.180081 3.22
1954.00 0.180081 3.22
1955.00 0.180081 3.22
1956.00 0.180081 3.22
1957.00 0.180081 3.22
1958.00 0.180081 3.22
1959.00 0.180081 3.22
1960.00 0.180081 3.22
1961.00 0.180081 3.22
1962.00 0.180081 3.22
1963.00 0.180081 3.22
1964.00 0.180081 3.22
1965.00 0.180081 3.22
1966.00 0.180081 3.22
1967.00 0.180081 3.22
1968.00 0.180081 3.22
1969.00 0.180081 3.22
1970.00 0.180081 3.22
1971.00 0.180081 3.22
1972.00 0.180081 3.22
1973.00 0.180081 3.22
1974.00 0.180081 3.22
1975.00 0.180081 3.22
1976.00 0.180081 3.22
1977.00 0.180081 3.22
1978.00 0.180081 3.22
1979.00 0.180081 3.22
1980.00 0.180081 3.22
1981.00 0.180081 3.22
1982.00 0.180081 3.22
1983.00 0.180081 3.22
1984.00 0.180081 3.22
1985.00 0.180081 3.22
1986.00 0.180081 3.22
1987.00 0.180081 3.22
1988.00 0.180081 3.22
1989.00 0.180081 3.22
1990.00 0.180081 3.22
1991.00 0.180081 3.22
1992.00 0.180081 3.22
1993.00 0.180081 3.22
1994.00 0.180081 3.22
1995.00 0.180081 3.22
1996.00 0.180081 3.22
1997.00 0.180081 3.22
1998.00 0.180081 3.22
1999.00 0.180081 3.22
2000.00 0.180081 3.22
