0.00 0.419805 5.13
1.00 0.418224 5.13
2.00 0.416632 5.13
3.00 0.415029 5.13
4.00 0.413415 5.13
5.00 0.411791 5.13
6.00 0.410156 5.13
7.00 0.408511 5.13
8.00 0.406854 5.13
9.00 0.405186 5.13
10.00 0.403507 5.13
11.00 0.401816 5.13
12.00 0.400112 5.13
13.00 0.398395 5.13
14.00 0.396665 5.13
15.00 0.394921 5.13
16.00 0.393162 5.13
17.00 0.391410 5.12
18.00 0.389655 5.12
19.00 0.387887 5.12
20.00 0.386144 5.11
21.00 0.384400 5.10
22.00 0.382646 5.10
23.00 0.380881 5.10
24.00 0.379101 5.10
25.00 0.377355 5.09
26.00 0.375597 5.09
27.00 0.373825 5.09
28.00 0.372053 5.08
29.00 0.370294 5.08
30.00 0.368520 5.08
31.00 0.366770 5.07
32.00 0.365015 5.07
33.00 0.363292 5.06
34.00 0.361573 5.05
35.00 0.359855 5.05
36.00 0.358168 5.02
37.00 0.356549 5.01
38.00 0.354942 5.00
39.00 0.353346 4.99
40.00 0.351790 4.97
41.00 0.350267 4.96
42.00 0.348777 4.96
43.00 0.347276 4.96
44.00 0.345763 4.96
45.00 0.344240 4.95
46.00 0.342758 4.93
47.00 0.341294 4.93
48.00 0.339818 4.93
49.00 0.338385 4.91
50.00 0.336979 4.90
51.00 0.335637 4.88
52.00 0.334323 4.88
53.00 0.333008 4.87
54.00 0.331704 4.86
55.00 0.330434 4.84
56.00 0.329177 4.83
57.00 0.327983 4.80
58.00 0.326866 4.77
59.00 0.325770 4.77
60.00 0.324692 4.75
61.00 0.323650 4.74
62.00 0.322657 4.71
63.00 0.321732 4.68
64.00 0.320829 4.66
65.00 0.319952 4.65
66.00 0.319073 4.65
67.00 0.318189 4.65
68.00 0.317300 4.64
69.00 0.316444 4.63
70.00 0.315602 4.62
71.00 0.314789 4.61
72.00 0.314025 4.59
73.00 0.313291 4.59
74.00 0.312578 4.58
75.00 0.311879 4.58
76.00 0.311204 4.57
77.00 0.310532 4.57
78.00 0.309862 4.56
79.00 0.309197 4.56
80.00 0.308531 4.55
81.00 0.307878 4.55
82.00 0.307274 4.53
83.00 0.306696 4.52
84.00 0.306128 4.52
85.00 0.305557 4.52
86.00 0.304985 4.52
87.00 0.304410 4.52
88.00 0.303832 4.52
89.00 0.303256 4.51
90.00 0.302678 4.51
91.00 0.302130 4.50
92.00 0.301600 4.49
93.00 0.301092 4.49
94.00 0.300587 4.48
95.00 0.300087 4.48
96.00 0.299585 4.48
97.00 0.299081 4.48
98.00 0.298574 4.48
99.00 0.298075 4.47
100.00 0.297613 4.44
101.00 0.297169 4.44
102.00 0.296726 4.44
103.00 0.296288 4.43
104.00 0.295852 4.43
105.00 0.295416 4.43
106.00 0.294994 4.42
107.00 0.294616 4.41
108.00 0.294250 4.41
109.00 0.293884 4.41
110.00 0.293520 4.41
111.00 0.293156 4.41
112.00 0.292801 4.40
113.00 0.292466 4.39
114.00 0.292136 4.38
115.00 0.291817 4.35
116.00 0.291516 4.35
117.00 0.291217 4.35
118.00 0.290918 4.35
119.00 0.290621 4.35
120.00 0.290324 4.35
121.00 0.290027 4.35
122.00 0.289731 4.35
123.00 0.289434 4.35
124.00 0.289144 4.34
125.00 0.288880 4.33
126.00 0.288622 4.33
127.00 0.288374 4.32
128.00 0.288135 4.32
129.00 0.287901 4.31
130.00 0.287671 4.31
131.00 0.287442 4.31
132.00 0.287215 4.31
133.00 0.286989 4.31
134.00 0.286768 4.30
135.00 0.286552 4.30
136.00 0.286345 4.29
137.00 0.286142 4.29
138.00 0.285940 4.29
139.00 0.285740 4.29
140.00 0.285542 4.29
141.00 0.285345 4.28
142.00 0.285160 4.27
143.00 0.284992 4.27
144.00 0.284827 4.27
145.00 0.284663 4.27
146.00 0.284503 4.26
147.00 0.284354 4.25
148.00 0.284210 4.25
149.00 0.284068 4.25
150.00 0.283928 4.25
151.00 0.283790 4.25
152.00 0.283652 4.25
153.00 0.283517 4.25
154.00 0.283382 4.25
155.00 0.283249 4.25
156.00 0.283117 4.24
157.00 0.282990 4.24
158.00 0.282864 4.24
159.00 0.282747 4.23
160.00 0.282635 4.22
161.00 0.282537 4.22
162.00 0.282442 4.21
163.00 0.282351 4.21
164.00 0.282261 4.21
165.00 0.282174 4.21
166.00 0.282088 4.21
167.00 0.282003 4.21
168.00 0.281922 4.20
169.00 0.281845 4.20
170.00 0.281769 4.20
171.00 0.281694 4.20
172.00 0.281620 4.20
173.00 0.281547 4.20
174.00 0.281476 4.20
175.00 0.281405 4.20
176.00 0.281335 4.20
177.00 0.281265 4.20
178.00 0.281197 4.20
179.00 0.281129 4.20
180.00 0.281062 4.20
181.00 0.281000 4.19
182.00 0.280940 4.19
183.00 0.280881 4.19
184.00 0.280823 4.19
185.00 0.280765 4.19
186.00 0.280709 4.19
187.00 0.280652 4.19
188.00 0.280597 4.19
189.00 0.280542 4.19
190.00 0.280488 4.19
191.00 0.280434 4.19
192.00 0.280381 4.19
193.00 0.280328 4.19
194.00 0.280276 4.19
195.00 0.280225 4.19
196.00 0.280174 4.19
197.00 0.280123 4.19
198.00 0.280073 4.19
199.00 0.280023 4.19
200.00 0.279974 4.19
201.00 0.279925 4.19
202.00 0.279876 4.19
203.00 0.279828 4.19
204.00 0.279780 4.19
205.00 0.279732 4.19
206.00 0.279685 4.19
207.00 0.279641 4.18
208.00 0.279597 4.18
209.00 0.279554 4.18
210.00 0.279511 4.18
211.00 0.279468 4.18
212.00 0.279426 4.18
213.00 0.279384 4.18
214.00 0.279343 4.18
215.00 0.279301 4.18
216.00 0.279260 4.18
217.00 0.279220 4.18
218.00 0.279179 4.18
219.00 0.279139 4.18
220.00 0.279099 4.18
221.00 0.279059 4.18
222.00 0.279019 4.18
223.00 0.278980 4.18
224.00 0.278941 4.18
225.00 0.278902 4.18
226.00 0.278863 4.18
227.00 0.278824 4.18
228.00 0.278785 4.18
229.00 0.278747 4.18
230.00 0.278709 4.18
231.00 0.278670 4.18
232.00 0.278632 4.18
233.00 0.278595 4.17
234.00 0.278562 4.17
235.00 0.278530 4.17
236.00 0.278497 4.17
237.00 0.278465 4.17
238.00 0.278433 4.17
239.00 0.278402 4.17
240.00 0.278370 4.17
241.00 0.278339 4.17
242.00 0.278308 4.17
243.00 0.278277 4.17
244.00 0.278247 4.17
245.00 0.278216 4.17
246.00 0.278186 4.17
247.00 0.278156 4.17
248.00 0.278126 4.17
249.00 0.278096 4.17
250.00 0.278066 4.17
251.00 0.278036 4.17
252.00 0.278006 4.17
253.00 0.277977 4.17
254.00 0.277947 4.17
255.00 0.277918 4.17
256.00 0.277889 4.17
257.00 0.277860 4.17
258.00 0.277830 4.17
259.00 0.277801 4.17
260.00 0.277772 4.17
261.00 0.277743 4.17
262.00 0.277714 4.17
263.00 0.277685 4.17
264.00 0.277656 4.17
265.00 0.277628 4.17
266.00 0.277599 4.17
267.00 0.277570 4.17
268.00 0.277541 4.17
269.00 0.277512 4.17
270.00 0.277483 4.17
271.00 0.277454 4.17
272.00 0.277425 4.17
273.00 0.277396 4.17
274.00 0.277367 4.17
275.00 0.277338 4.17
276.00 0.277308 4.17
277.00 0.277279 4.16
278.00 0.277251 4.16
279.00 0.277222 4.16
280.00 0.277193 4.16
281.00 0.277164 4.16
282.00 0.277135 4.16
283.00 0.277105 4.16
284.00 0.277076 4.16
285.00 0.277047 4.16
286.00 0.277017 4.16
287.00 0.276988 4.16
288.00 0.276958 4.16
289.00 0.276928 4.16
290.00 0.276899 4.15
291.00 0.276870 4.15
292.00 0.276841 4.15
293.00 0.276811 4.15
294.00 0.276782 4.15
295.00 0.276752 4.15
296.00 0.276722 4.15
297.00 0.276692 4.15
298.00 0.276662 4.15
299.00 0.276632 4.15
300.00 0.276602 4.15
301.00 0.276571 4.15
302.00 0.276540 4.15
303.00 0.276510 4.15
304.00 0.276478 4.15
305.00 0.276447 4.15
306.00 0.276416 4.15
307.00 0.276389 4.14
308.00 0.276364 4.14
309.00 0.276340 4.14
310.00 0.276315 4.14
311.00 0.276290 4.14
312.00 0.276265 4.14
313.00 0.276241 4.14
314.00 0.276216 4.14
315.00 0.276192 4.14
316.00 0.276167 4.14
317.00 0.276143 4.14
318.00 0.276118 4.14
319.00 0.276094 4.14
320.00 0.276069 4.14
321.00 0.276045 4.14
322.00 0.276020 4.14
323.00 0.275995 4.14
324.00 0.275971 4.14
325.00 0.275946 4.14
326.00 0.275921 4.14
327.00 0.275896 4.14
328.00 0.275872 4.14
329.00 0.275847 4.14
330.00 0.275822 4.14
331.00 0.275797 4.14
332.00 0.275772 4.14
333.00 0.275747 4.14
334.00 0.275721 4.14
335.00 0.275696 4.14
336.00 0.275671 4.14
337.00 0.275645 4.14
338.00 0.275620 4.14
339.00 0.275594 4.14
340.00 0.275569 4.14
341.00 0.275543 4.14
342.00 0.275517 4.14
343.00 0.275491 4.14
344.00 0.275465 4.14
345.00 0.275439 4.14
346.00 0.275413 4.14
347.00 0.275386 4.14
348.00 0.275360 4.14
349.00 0.275333 4.14
350.00 0.275307 4.14
351.00 0.275280 4.14
352.00 0.275253 4.14
353.00 0.275226 4.14
354.00 0.275199 4.14
355.00 0.275171 4.14
356.00 0.275144 4.14
357.00 0.275116 4.14
358.00 0.275089 4.14
359.00 0.275061 4.14
360.00 0.275033 4.14
361.00 0.275005 4.14
362.00 0.274976 4.14
363.00 0.274948 4.14
364.00 0.274919 4.14
365.00 0.274891 4.14
366.00 0.274862 4.14
367.00 0.274833 4.14
368.00 0.274804 4.14
369.00 0.274774 4.14
370.00 0.274745 4.14
371.00 0.274715 4.14
372.00 0.274685 4.14
373.00 0.274655 4.14
374.00 0.274625 4.14
375.00 0.274594 4.14
376.00 0.274563 4.14
377.00 0.274533 4.14
378.00 0.274505 4.13
379.00 0.274478 4.13
380.00 0.274452 4.13
381.00 0.274425 4.13
382.00 0.274399 4.13
383.00 0.274372 4.13
384.00 0.274346 4.13
385.00 0.274319 4.13
386.00 0.274293 4.13
387.00 0.274266 4.13
388.00 0.274239 4.13
389.00 0.274212 4.13
390.00 0.274185 4.13
391.00 0.274158 4.13
392.00 0.274131 4.13
393.00 0.274104 4.13
394.00 0.274077 4.13
395.00 0.274053 4.12
396.00 0.274031 4.12
397.00 0.274009 4.12
398.00 0.273987 4.12
399.00 0.273965 4.12
400.00 0.273944 4.12
401.00 0.273922 4.12
402.00 0.273901 4.12
403.00 0.273879 4.12
404.00 0.273858 4.12
405.00 0.273836 4.12
406.00 0.273815 4.12
407.00 0.273794 4.12
408.00 0.273772 4.12
409.00 0.273751 4.12
410.00 0.273730 4.12
411.00 0.273708 4.12
412.00 0.273687 4.12
413.00 0.273666 4.12
414.00 0.273644 4.12
415.00 0.273623 4.12
416.00 0.273602 4.12
417.00 0.273580 4.12
418.00 0.273559 4.12
419.00 0.273537 4.12
420.00 0.273516 4.12
421.00 0.273494 4.12
422.00 0.273473 4.12
423.00 0.273451 4.12
424.00 0.273429 4.12
425.00 0.273407 4.12
426.00 0.273386 4.12
427.00 0.273364 4.12
428.00 0.273342 4.12
429.00 0.273320 4.12
430.00 0.273298 4.12
431.00 0.273275 4.12
432.00 0.273253 4.12
433.00 0.273231 4.12
434.00 0.273208 4.12
435.00 0.273186 4.12
436.00 0.273163 4.12
437.00 0.273141 4.12
438.00 0.273118 4.12
439.00 0.273095 4.12
440.00 0.273072 4.12
441.00 0.273049 4.12
442.00 0.273026 4.12
443.00 0.273002 4.12
444.00 0.272979 4.12
445.00 0.272955 4.12
446.00 0.272932 4.12
447.00 0.272908 4.12
448.00 0.272884 4.12
449.00 0.272860 4.12
450.00 0.272836 4.12
451.00 0.272812 4.12
452.00 0.272787 4.12
453.00 0.272763 4.12
454.00 0.272738 4.12
455.00 0.272713 4.12
456.00 0.272689 4.12
457.00 0.272663 4.12
458.00 0.272638 4.12
459.00 0.272613 4.12
460.00 0.272587 4.12
461.00 0.272562 4.12
462.00 0.272536 4.12
463.00 0.272510 4.12
464.00 0.272484 4.12
465.00 0.272458 4.12
466.00 0.272431 4.12
467.00 0.272410 4.11
468.00 0.272390 4.11
469.00 0.272369 4.11
470.00 0.272349 4.11
471.00 0.272329 4.11
472.00 0.272309 4.11
473.00 0.272289 4.11
474.00 0.272269 4.11
475.00 0.272249 4.11
476.00 0.272229 4.11
477.00 0.272209 4.11
478.00 0.272189 4.11
479.00 0.272169 4.11
480.00 0.272148 4.11
481.00 0.272128 4.11
482.00 0.272108 4.11
483.00 0.272088 4.11
484.00 0.272068 4.11
485.00 0.272048 4.11
486.00 0.272028 4.11
487.00 0.272008 4.11
488.00 0.271988 4.11
489.00 0.271968 4.11
490.00 0.271948 4.11
491.00 0.271927 4.11
492.00 0.271907 4.11
493.00 0.271887 4.11
494.00 0.271866 4.11
495.00 0.271846 4.11
496.00 0.271825 4.11
497.00 0.271805 4.11
498.00 0.271784 4.11
499.00 0.271764 4.11
500.00 0.271743 4.11
501.00 0.271722 4.11
502.00 0.271701 4.11
503.00 0.271680 4.11
504.00 0.271659 4.11
505.00 0.271638 4.11
506.00 0.271617 4.11
507.00 0.271596 4.11
508.00 0.271575 4.11
509.00 0.271554 4.11
510.00 0.271532 4.11
511.00 0.271511 4.11
512.00 0.271489 4.11
513.00 0.271467 4.11
514.00 0.271446 4.11
515.00 0.271424 4.11
516.00 0.271402 4.11
517.00 0.271380 4.11
518.00 0.271358 4.11
519.00 0.271335 4.11
520.00 0.271313 4.11
521.00 0.271291 4.11
522.00 0.271268 4.11
523.00 0.271245 4.11
524.00 0.271223 4.11
525.00 0.271200 4.11
526.00 0.271177 4.11
527.00 0.271154 4.11
528.00 0.271130 4.11
529.00 0.271107 4.11
530.00 0.271083 4.11
531.00 0.271060 4.11
532.00 0.271036 4.11
533.00 0.271012 4.11
534.00 0.270988 4.11
535.00 0.270964 4.11
536.00 0.270940 4.11
537.00 0.270915 4.11
538.00 0.270890 4.11
539.00 0.270866 4.11
540.00 0.270841 4.11
541.00 0.270816 4.11
542.00 0.270790 4.11
543.00 0.270765 4.11
544.00 0.270739 4.11
545.00 0.270714 4.11
546.00 0.270688 4.11
547.00 0.270662 4.11
548.00 0.270636 4.11
549.00 0.270609 4.11
550.00 0.270583 4.11
551.00 0.270556 4.11
552.00 0.270529 4.11
553.00 0.270502 4.11
554.00 0.270474 4.11
555.00 0.270447 4.11
556.00 0.270419 4.11
557.00 0.270391 4.11
558.00 0.270363 4.11
559.00 0.270334 4.11
560.00 0.270306 4.11
561.00 0.270277 4.11
562.00 0.270248 4.11
563.00 0.270219 4.11
564.00 0.270189 4.11
565.00 0.270160 4.11
566.00 0.270130 4.11
567.00 0.270100 4.11
568.00 0.270069 4.11
569.00 0.270039 4.11
570.00 0.270008 4.11
571.00 0.269977 4.11
572.00 0.269946 4.11
573.00 0.269914 4.11
574.00 0.269882 4.11
575.00 0.269850 4.11
576.00 0.269818 4.11
577.00 0.269785 4.11
578.00 0.269752 4.11
579.00 0.269719 4.11
580.00 0.269686 4.11
581.00 0.269652 4.11
582.00 0.269618 4.11
583.00 0.269584 4.11
584.00 0.269549 4.11
585.00 0.269515 4.10
586.00 0.269486 4.10
587.00 0.269457 4.10
588.00 0.269427 4.10
589.00 0.269398 4.10
590.00 0.269368 4.10
591.00 0.269339 4.10
592.00 0.269309 4.10
593.00 0.269279 4.10
594.00 0.269249 4.10
595.00 0.269219 4.10
596.00 0.269188 4.10
597.00 0.269158 4.10
598.00 0.269127 4.10
599.00 0.269097 4.10
600.00 0.269066 4.10
601.00 0.269035 4.10
602.00 0.269003 4.10
603.00 0.268972 4.10
604.00 0.268940 4.10
605.00 0.268908 4.10
606.00 0.268876 4.10
607.00 0.268844 4.10
608.00 0.268812 4.10
609.00 0.268779 4.10
610.00 0.268747 4.10
611.00 0.268714 4.10
612.00 0.268680 4.10
613.00 0.268647 4.10
614.00 0.268613 4.10
615.00 0.268580 4.10
616.00 0.268546 4.10
617.00 0.268511 4.10
618.00 0.268477 4.10
619.00 0.268442 4.10
620.00 0.268407 4.10
621.00 0.268372 4.10
622.00 0.268337 4.10
623.00 0.268301 4.10
624.00 0.268265 4.10
625.00 0.268229 4.10
626.00 0.268192 4.10
627.00 0.268161 4.09
628.00 0.268131 4.09
629.00 0.268102 4.09
630.00 0.268072 4.09
631.00 0.268042 4.09
632.00 0.268012 4.09
633.00 0.267982 4.09
634.00 0.267952 4.09
635.00 0.267922 4.09
636.00 0.267892 4.09
637.00 0.267862 4.09
638.00 0.267831 4.09
639.00 0.267801 4.09
640.00 0.267770 4.09
641.00 0.267740 4.09
642.00 0.267709 4.09
643.00 0.267678 4.09
644.00 0.267647 4.09
645.00 0.267616 4.09
646.00 0.267585 4.09
647.00 0.267554 4.09
648.00 0.267524 4.08
649.00 0.267497 4.08
650.00 0.267469 4.08
651.00 0.267442 4.08
652.00 0.267415 4.08
653.00 0.267387 4.08
654.00 0.267360 4.08
655.00 0.267332 4.08
656.00 0.267305 4.08
657.00 0.267277 4.08
658.00 0.267249 4.08
659.00 0.267222 4.08
660.00 0.267194 4.08
661.00 0.267166 4.08
662.00 0.267138 4.08
663.00 0.267109 4.08
664.00 0.267081 4.08
665.00 0.267053 4.08
666.00 0.267024 4.08
667.00 0.266996 4.08
668.00 0.266967 4.08
669.00 0.266938 4.08
670.00 0.266909 4.08
671.00 0.266880 4.08
672.00 0.266850 4.08
673.00 0.266821 4.08
674.00 0.266791 4.08
675.00 0.266761 4.08
676.00 0.266731 4.08
677.00 0.266701 4.08
678.00 0.266671 4.08
679.00 0.266640 4.08
680.00 0.266610 4.08
681.00 0.266579 4.08
682.00 0.266548 4.08
683.00 0.266516 4.08
684.00 0.266485 4.08
685.00 0.266453 4.08
686.00 0.266421 4.08
687.00 0.266389 4.08
688.00 0.266357 4.08
689.00 0.266324 4.08
690.00 0.266292 4.08
691.00 0.266259 4.08
692.00 0.266226 4.08
693.00 0.266192 4.08
694.00 0.266158 4.08
695.00 0.266124 4.08
696.00 0.266090 4.08
697.00 0.266056 4.08
698.00 0.266021 4.08
699.00 0.265986 4.08
700.00 0.265951 4.08
701.00 0.265915 4.08
702.00 0.265880 4.08
703.00 0.265844 4.08
704.00 0.265807 4.08
705.00 0.265771 4.08
706.00 0.265734 4.08
707.00 0.265697 4.08
708.00 0.265659 4.08
709.00 0.265622 4.08
710.00 0.265583 4.08
711.00 0.265545 4.08
712.00 0.265506 4.08
713.00 0.265467 4.08
714.00 0.265428 4.08
715.00 0.265389 4.08
716.00 0.265350 4.07
717.00 0.265311 4.07
718.00 0.265272 4.07
719.00 0.265233 4.07
720.00 0.265194 4.07
721.00 0.265154 4.07
722.00 0.265115 4.07
723.00 0.265074 4.07
724.00 0.265034 4.07
725.00 0.264993 4.07
726.00 0.264952 4.07
727.00 0.264910 4.07
728.00 0.264868 4.07
729.00 0.264826 4.07
730.00 0.264784 4.07
731.00 0.264741 4.07
732.00 0.264697 4.07
733.00 0.264656 4.06
734.00 0.264619 4.06
735.00 0.264581 4.06
736.00 0.264543 4.06
737.00 0.264506 4.06
738.00 0.264468 4.06
739.00 0.264429 4.06
740.00 0.264391 4.06
741.00 0.264352 4.06
742.00 0.264314 4.06
743.00 0.264275 4.06
744.00 0.264236 4.06
745.00 0.264196 4.06
746.00 0.264157 4.06
747.00 0.264120 4.05
748.00 0.264089 4.05
749.00 0.264057 4.05
750.00 0.264025 4.05
751.00 0.263993 4.05
752.00 0.263961 4.05
753.00 0.263929 4.05
754.00 0.263897 4.05
755.00 0.263865 4.05
756.00 0.263833 4.05
757.00 0.263801 4.05
758.00 0.263769 4.05
759.00 0.263737 4.05
760.00 0.263705 4.05
761.00 0.263672 4.05
762.00 0.263640 4.05
763.00 0.263607 4.05
764.00 0.263574 4.05
765.00 0.263541 4.05
766.00 0.263508 4.05
767.00 0.263475 4.05
768.00 0.263442 4.05
769.00 0.263408 4.05
770.00 0.263374 4.05
771.00 0.263341 4.05
772.00 0.263307 4.05
773.00 0.263272 4.05
774.00 0.263238 4.05
775.00 0.263204 4.05
776.00 0.263169 4.05
777.00 0.263134 4.05
778.00 0.263099 4.05
779.00 0.263063 4.05
780.00 0.263028 4.05
781.00 0.262992 4.05
782.00 0.262956 4.05
783.00 0.262920 4.05
784.00 0.262883 4.05
785.00 0.262846 4.05
786.00 0.262809 4.05
787.00 0.262772 4.05
788.00 0.262734 4.05
789.00 0.262697 4.05
790.00 0.262658 4.05
791.00 0.262620 4.05
792.00 0.262581 4.05
793.00 0.262542 4.05
794.00 0.262503 4.05
795.00 0.262464 4.05
796.00 0.262424 4.05
797.00 0.262384 4.05
798.00 0.262343 4.05
799.00 0.262302 4.05
800.00 0.262261 4.05
801.00 0.262220 4.05
802.00 0.262178 4.05
803.00 0.262136 4.05
804.00 0.262093 4.05
805.00 0.262050 4.05
806.00 0.262007 4.05
807.00 0.261964 4.05
808.00 0.261920 4.05
809.00 0.261875 4.05
810.00 0.261831 4.05
811.00 0.261786 4.05
812.00 0.261740 4.05
813.00 0.261695 4.05
814.00 0.261648 4.05
815.00 0.261602 4.05
816.00 0.261555 4.05
817.00 0.261507 4.05
818.00 0.261460 4.05
819.00 0.261411 4.05
820.00 0.261363 4.05
821.00 0.261314 4.05
822.00 0.261264 4.05
823.00 0.261214 4.05
824.00 0.261164 4.05
825.00 0.261113 4.05
826.00 0.261062 4.05
827.00 0.261010 4.05
828.00 0.260958 4.05
829.00 0.260905 4.05
830.00 0.260852 4.05
831.00 0.260798 4.05
832.00 0.260744 4.05
833.00 0.260690 4.05
834.00 0.260635 4.05
835.00 0.260579 4.05
836.00 0.260523 4.05
837.00 0.260470 4.04
838.00 0.260422 4.04
839.00 0.260374 4.04
840.00 0.260325 4.04
841.00 0.260277 4.04
842.00 0.260228 4.04
843.00 0.260178 4.04
844.00 0.260129 4.04
845.00 0.260079 4.04
846.00 0.260029 4.04
847.00 0.259978 4.04
848.00 0.259927 4.04
849.00 0.259876 4.04
850.00 0.259824 4.04
851.00 0.259772 4.04
852.00 0.259720 4.04
853.00 0.259667 4.04
854.00 0.259614 4.04
855.00 0.259560 4.04
856.00 0.259506 4.04
857.00 0.259452 4.04
858.00 0.259399 4.03
859.00 0.259350 4.03
860.00 0.259300 4.03
861.00 0.259251 4.03
862.00 0.259201 4.03
863.00 0.259150 4.03
864.00 0.259099 4.03
865.00 0.259048 4.03
866.00 0.258997 4.03
867.00 0.258945 4.03
868.00 0.258893 4.03
869.00 0.258841 4.03
870.00 0.258788 4.03
871.00 0.258735 4.03
872.00 0.258682 4.03
873.00 0.258628 4.03
874.00 0.258573 4.03
875.00 0.258519 4.03
876.00 0.258464 4.03
877.00 0.258417 4.02
878.00 0.258370 4.02
879.00 0.258322 4.02
880.00 0.258274 4.02
881.00 0.258226 4.02
882.00 0.258178 4.02
883.00 0.258129 4.02
884.00 0.258080 4.02
885.00 0.258030 4.02
886.00 0.257981 4.02
887.00 0.257930 4.02
888.00 0.257880 4.02
889.00 0.257829 4.02
890.00 0.257777 4.02
891.00 0.257725 4.02
892.00 0.257673 4.02
893.00 0.257621 4.02
894.00 0.257567 4.02
895.00 0.257514 4.02
896.00 0.257460 4.02
897.00 0.257406 4.02
898.00 0.257351 4.02
899.00 0.257296 4.02
900.00 0.257240 4.02
901.00 0.257184 4.02
902.00 0.257127 4.02
903.00 0.257070 4.02
904.00 0.257018 4.01
905.00 0.256970 4.01
906.00 0.256921 4.01
907.00 0.256873 4.01
908.00 0.256824 4.01
909.00 0.256774 4.01
910.00 0.256725 4.01
911.00 0.256675 4.01
912.00 0.256624 4.01
913.00 0.256574 4.01
914.00 0.256523 4.01
915.00 0.256472 4.01
916.00 0.256420 4.01
917.00 0.256368 4.01
918.00 0.256315 4.01
919.00 0.256263 4.01
920.00 0.256210 4.00
921.00 0.256168 4.00
922.00 0.256126 4.00
923.00 0.256083 4.00
924.00 0.256040 4.00
925.00 0.255997 4.00
926.00 0.255953 4.00
927.00 0.255909 4.00
928.00 0.255865 4.00
929.00 0.255820 4.00
930.00 0.255776 4.00
931.00 0.255730 4.00
932.00 0.255685 4.00
933.00 0.255639 4.00
934.00 0.255593 4.00
935.00 0.255546 4.00
936.00 0.255499 4.00
937.00 0.255452 4.00
938.00 0.255404 4.00
939.00 0.255356 4.00
940.00 0.255307 4.00
941.00 0.255258 4.00
942.00 0.255209 4.00
943.00 0.255159 4.00
944.00 0.255109 4.00
945.00 0.255058 4.00
946.00 0.255007 4.00
947.00 0.254956 4.00
948.00 0.254904 4.00
949.00 0.254851 4.00
950.00 0.254799 4.00
951.00 0.254745 4.00
952.00 0.254692 4.00
953.00 0.254638 4.00
954.00 0.254601 3.98
955.00 0.254576 3.98
956.00 0.254550 3.98
957.00 0.254524 3.98
958.00 0.254497 3.98
959.00 0.254473 3.97
960.00 0.254450 3.97
961.00 0.254427 3.97
962.00 0.254403 3.97
963.00 0.254379 3.97
964.00 0.254355 3.97
965.00 0.254331 3.97
966.00 0.254311 3.96
967.00 0.254292 3.96
968.00 0.254275 3.95
969.00 0.254263 3.95
970.00 0.254250 3.95
971.00 0.254238 3.95
972.00 0.254226 3.95
973.00 0.254214 3.95
974.00 0.254202 3.95
975.00 0.254189 3.95
976.00 0.254177 3.95
977.00 0.254165 3.95
978.00 0.254153 3.95
979.00 0.254141 3.95
980.00 0.254129 3.95
981.00 0.254117 3.95
982.00 0.254105 3.95
983.00 0.254093 3.95
984.00 0.254081 3.95
985.00 0.254069 3.95
986.00 0.254057 3.95
987.00 0.254044 3.95
988.00 0.254032 3.95
989.00 0.254020 3.95
990.00 0.254007 3.95
991.00 0.253995 3.95
992.00 0.253983 3.94
993.00 0.253973 3.94
994.00 0.253962 3.94
995.00 0.253952 3.94
996.00 0.253942 3.94
997.00 0.253931 3.94
998.00 0.253921 3.94
999.00 0.253910 3.94
1000.00 0.253900 3.94
1001.00 0.253889 3.94
1002.00 0.253878 3.94
1003.00 0.253868 3.94
1004.00 0.253857 3.94
1005.00 0.253846 3.94
1006.00 0.253836 3.94
1007.00 0.253825 3.94
1008.00 0.253814 3.94
1009.00 0.253807 3.93
1010.00 0.253802 3.93
1011.00 0.253796 3.93
1012.00 0.253790 3.93
1013.00 0.253785 3.93
1014.00 0.253779 3.93
1015.00 0.253774 3.93
1016.00 0.253768 3.93
1017.00 0.253763 3.93
1018.00 0.253758 3.93
1019.00 0.253752 3.93
1020.00 0.253747 3.93
1021.00 0.253742 3.93
1022.00 0.253736 3.93
1023.00 0.253731 3.93
1024.00 0.253726 3.93
1025.00 0.253723 3.92
1026.00 0.253721 3.92
1027.00 0.253720 3.92
1028.00 0.253718 3.92
1029.00 0.253717 3.92
1030.00 0.253715 3.92
1031.00 0.253714 3.92
1032.00 0.253713 3.92
1033.00 0.253711 3.92
1034.00 0.253710 3.92
1035.00 0.253709 3.92
1036.00 0.253708 3.92
1037.00 0.253707 3.92
1038.00 0.253706 3.92
1039.00 0.253705 3.92
1040.00 0.253704 3.92
1041.00 0.253703 3.92
1042.00 0.253702 3.92
1043.00 0.253702 3.92
1044.00 0.253701 3.92
1045.00 0.253700 3.92
1046.00 0.253699 3.92
1047.00 0.253699 3.92
1048.00 0.253698 3.92
1049.00 0.253697 3.92
1050.00 0.253697 3.92
1051.00 0.253696 3.92
1052.00 0.253695 3.92
1053.00 0.253695 3.92
1054.00 0.253694 3.92
1055.00 0.253694 3.92
1056.00 0.253693 3.92
1057.00 0.253693 3.92
1058.00 0.253692 3.92
1059.00 0.253692 3.92
1060.00 0.253691 3.92
1061.00 0.253691 3.92
1062.00 0.253690 3.92
1063.00 0.253690 3.92
1064.00 0.253689 3.92
1065.00 0.253689 3.92
1066.00 0.253689 3.92
1067.00 0.253688 3.92
1068.00 0.253688 3.92
1069.00 0.253687 3.92
1070.00 0.253687 3.92
1071.00 0.253687 3.92
1072.00 0.253686 3.92
1073.00 0.253686 3.92
1074.00 0.253686 3.92
1075.00 0.253685 3.92
1076.00 0.253685 3.92
1077.00 0.253685 3.92
1078.00 0.253684 3.92
1079.00 0.253684 3.92
1080.00 0.253684 3.92
1081.00 0.253683 3.92
1082.00 0.253683 3.92
1083.00 0.253683 3.92
1084.00 0.253683 3.92
1085.00 0.253682 3.92
1086.00 0.253682 3.92
1087.00 0.253682 3.92
1088.00 0.253681 3.92
1089.00 0.253681 3.92
1090.00 0.253681 3.92
1091.00 0.253681 3.92
1092.00 0.253680 3.92
1093.00 0.253680 3.92
1094.00 0.253680 3.92
1095.00 0.253680 3.92
1096.00 0.253680 3.92
1097.00 0.253679 3.92
1098.00 0.253679 3.92
1099.00 0.253679 3.92
1100.00 0.253679 3.92
1101.00 0.253678 3.92
1102.00 0.253678 3.92
1103.00 0.253678 3.92
1104.00 0.253678 3.92
1105.00 0.253678 3.92
1106.00 0.253677 3.92
1107.00 0.253677 3.92
1108.00 0.253677 3.92
1109.00 0.253677 3.92
1110.00 0.253677 3.92
1111.00 0.253677 3.92
1112.00 0.253676 3.92
1113.00 0.253676 3.92
1114.00 0.253676 3.92
1115.00 0.253676 3.92
1116.00 0.253676 3.92
1117.00 0.253675 3.92
1118.00 0.253675 3.92
1119.00 0.253675 3.92
1120.00 0.253675 3.92
1121.00 0.253675 3.92
1122.00 0.253675 3.92
1123.00 0.253675 3.92
1124.00 0.253674 3.92
1125.00 0.253674 3.92
1126.00 0.253674 3.92
1127.00 0.253674 3.92
1128.00 0.253674 3.92
1129.00 0.253674 3.92
1130.00 0.253673 3.92
1131.00 0.253673 3.92
1132.00 0.253673 3.92
1133.00 0.253673 3.92
1134.00 0.253673 3.92
1135.00 0.253673 3.92
1136.00 0.253673 3.92
1137.00 0.253673 3.92
1138.00 0.253672 3.92
1139.00 0.253672 3.92
1140.00 0.253672 3.92
1141.00 0.253672 3.92
1142.00 0.253672 3.92
1143.00 0.253672 3.92
1144.00 0.253672 3.92
1145.00 0.253671 3.92
1146.00 0.253671 3.92
1147.00 0.253671 3.92
1148.00 0.253671 3.92
1149.00 0.253671 3.92
1150.00 0.253671 3.92
1151.00 0.253671 3.92
1152.00 0.253671 3.92
1153.00 0.253671 3.92
1154.00 0.253670 3.92
1155.00 0.253670 3.92
1156.00 0.253670 3.92
1157.00 0.253670 3.92
1158.00 0.253670 3.92
1159.00 0.253670 3.92
1160.00 0.253670 3.92
1161.00 0.253670 3.92
1162.00 0.253670 3.92
1163.00 0.253669 3.92
1164.00 0.253669 3.92
1165.00 0.253669 3.92
1166.00 0.253669 3.92
1167.00 0.253669 3.92
1168.00 0.253669 3.92
1169.00 0.253669 3.92
1170.00 0.253669 3.92
1171.00 0.253669 3.92
1172.00 0.253669 3.92
1173.00 0.253668 3.92
1174.00 0.253668 3.92
1175.00 0.253668 3.92
1176.00 0.253668 3.92
1177.00 0.253668 3.92
1178.00 0.253668 3.92
1179.00 0.253668 3.92
1180.00 0.253668 3.92
1181.00 0.253668 3.92
1182.00 0.253668 3.92
1183.00 0.253668 3.92
1184.00 0.253668 3.92
1185.00 0.253667 3.92
1186.00 0.253667 3.92
1187.00 0.253667 3.92
1188.00 0.253667 3.92
1189.00 0.253667 3.92
1190.00 0.253667 3.92
1191.00 0.253667 3.92
1192.00 0.253667 3.92
1193.00 0.253667 3.92
1194.00 0.253667 3.92
1195.00 0.253667 3.92
1196.00 0.253667 3.92
1197.00 0.253666 3.92
1198.00 0.253666 3.92
1199.00 0.253666 3.92
1200.00 0.253666 3.92
1201.00 0.253666 3.92
1202.00 0.253666 3.92
1203.00 0.253666 3.92
1204.00 0.253666 3.92
1205.00 0.253666 3.92
1206.00 0.253666 3.92
1207.00 0.253666 3.92
1208.00 0.253666 3.92
1209.00 0.253666 3.92
1210.00 0.253665 3.92
1211.00 0.253665 3.92
1212.00 0.253665 3.92
1213.00 0.253665 3.92
1214.00 0.253665 3.92
1215.00 0.253665 3.92
1216.00 0.253665 3.92
1217.00 0.253665 3.92
1218.00 0.253665 3.92
1219.00 0.253665 3.92
1220.00 0.253665 3.92
1221.00 0.253665 3.92
1222.00 0.253665 3.92
1223.00 0.253665 3.92
1224.00 0.253664 3.92
1225.00 0.253664 3.92
1226.00 0.253664 3.92
1227.00 0.253664 3.92
1228.00 0.253664 3.92
1229.00 0.253664 3.92
1230.00 0.253664 3.92
1231.00 0.253664 3.92
1232.00 0.253664 3.92
1233.00 0.253664 3.92
1234.00 0.253664 3.92
1235.00 0.253664 3.92
1236.00 0.253664 3.92
1237.00 0.253664 3.92
1238.00 0.253664 3.92
1239.00 0.253664 3.92
1240.00 0.253663 3.92
1241.00 0.253663 3.92
1242.00 0.253663 3.92
1243.00 0.253663 3.92
1244.00 0.253663 3.92
1245.00 0.253663 3.92
1246.00 0.253663 3.92
1247.00 0.253663 3.92
1248.00 0.253663 3.92
1249.00 0.253663 3.92
1250.00 0.253663 3.92
1251.00 0.253663 3.92
1252.00 0.253663 3.92
1253.00 0.253663 3.92
1254.00 0.253663 3.92
1255.00 0.253663 3.92
1256.00 0.253663 3.92
1257.00 0.253662 3.92
1258.00 0.253662 3.92
1259.00 0.253662 3.92
1260.00 0.253662 3.92
1261.00 0.253662 3.92
1262.00 0.253662 3.92
1263.00 0.253662 3.92
1264.00 0.253662 3.92
1265.00 0.253662 3.92
1266.00 0.253662 3.92
1267.00 0.253662 3.92
1268.00 0.253662 3.92
1269.00 0.253662 3.92
1270.00 0.253662 3.92
1271.00 0.253662 3.92
1272.00 0.253662 3.92
1273.00 0.253662 3.92
1274.00 0.253662 3.92
1275.00 0.253661 3.92
1276.00 0.253661 3.92
1277.00 0.253661 3.92
1278.00 0.253661 3.92
1279.00 0.253661 3.92
1280.00 0.253661 3.92
1281.00 0.253661 3.92
1282.00 0.253661 3.92
1283.00 0.253661 3.92
1284.00 0.253661 3.92
1285.00 0.253661 3.92
1286.00 0.253661 3.92
1287.00 0.253661 3.92
1288.00 0.253661 3.92
1289.00 0.253661 3.92
1290.00 0.253661 3.92
1291.00 0.253661 3.92
1292.00 0.253661 3.92
1293.00 0.253661 3.92
1294.00 0.253661 3.92
1295.00 0.253660 3.92
1296.00 0.253660 3.92
1297.00 0.253660 3.92
1298.00 0.253660 3.92
1299.00 0.253660 3.92
1300.00 0.253660 3.92
1301.00 0.253660 3.92
1302.00 0.253660 3.92
1303.00 0.253660 3.92
1304.00 0.253660 3.92
1305.00 0.253660 3.92
1306.00 0.253660 3.92
1307.00 0.253660 3.92
1308.00 0.253660 3.92
1309.00 0.253660 3.92
1310.00 0.253660 3.92
1311.00 0.253660 3.92
1312.00 0.253660 3.92
1313.00 0.253660 3.92
1314.00 0.253660 3.92
1315.00 0.253660 3.92
1316.00 0.253660 3.92
1317.00 0.253659 3.92
1318.00 0.253659 3.92
1319.00 0.253659 3.92
1320.00 0.253659 3.92
1321.00 0.253659 3.92
1322.00 0.253659 3.92
1323.00 0.253659 3.92
1324.00 0.253659 3.92
1325.00 0.253659 3.92
1326.00 0.253659 3.92
1327.00 0.253659 3.92
1328.00 0.253659 3.92
1329.00 0.253659 3.92
1330.00 0.253659 3.92
1331.00 0.253659 3.92
1332.00 0.253659 3.92
1333.00 0.253659 3.92
1334.00 0.253659 3.92
1335.00 0.253659 3.92
1336.00 0.253659 3.92
1337.00 0.253659 3.92
1338.00 0.253659 3.92
1339.00 0.253659 3.92
1340.00 0.253658 3.92
1341.00 0.253658 3.92
1342.00 0.253658 3.92
1343.00 0.253658 3.92
1344.00 0.253658 3.92
1345.00 0.253658 3.92
1346.00 0.253658 3.92
1347.00 0.253658 3.92
1348.00 0.253658 3.92
1349.00 0.253658 3.92
1350.00 0.253658 3.92
1351.00 0.253658 3.92
1352.00 0.253658 3.92
1353.00 0.253658 3.92
1354.00 0.253658 3.92
1355.00 0.253658 3.92
1356.00 0.253658 3.92
1357.00 0.253658 3.92
1358.00 0.253658 3.92
1359.00 0.253658 3.92
1360.00 0.253658 3.92
1361.00 0.253658 3.92
1362.00 0.253658 3.92
1363.00 0.253658 3.92
1364.00 0.253657 3.92
1365.00 0.253657 3.92
1366.00 0.253657 3.92
1367.00 0.253657 3.92
1368.00 0.253657 3.92
1369.00 0.253657 3.92
1370.00 0.253657 3.92
1371.00 0.253657 3.92
1372.00 0.253657 3.92
1373.00 0.253657 3.92
1374.00 0.253657 3.92
1375.00 0.253657 3.92
1376.00 0.253657 3.92
1377.00 0.253657 3.92
1378.00 0.253657 3.92
1379.00 0.253657 3.92
1380.00 0.253657 3.92
1381.00 0.253657 3.92
1382.00 0.253657 3.92
1383.00 0.253657 3.92
1384.00 0.253657 3.92
1385.00 0.253657 3.92
1386.00 0.253657 3.92
1387.00 0.253657 3.92
1388.00 0.253657 3.92
1389.00 0.253656 3.92
1390.00 0.253656 3.92
1391.00 0.253656 3.92
1392.00 0.253656 3.92
1393.00 0.253656 3.92
1394.00 0.253656 3.92
1395.00 0.253656 3.92
1396.00 0.253656 3.92
1397.00 0.253656 3.92
1398.00 0.253656 3.92
1399.00 0.253656 3.92
1400.00 0.253656 3.92
1401.00 0.253656 3.92
1402.00 0.253656 3.92
1403.00 0.253656 3.92
1404.00 0.253656 3.92
1405.00 0.253656 3.92
1406.00 0.253656 3.92
1407.00 0.253656 3.92
1408.00 0.253656 3.92
1409.00 0.253656 3.92
1410.00 0.253656 3.92
1411.00 0.253656 3.92
1412.00 0.253656 3.92
1413.00 0.253656 3.92
1414.00 0.253656 3.92
1415.00 0.253655 3.92
1416.00 0.253655 3.92
1417.00 0.253655 3.92
1418.00 0.253655 3.92
1419.00 0.253655 3.92
1420.00 0.253655 3.92
1421.00 0.253655 3.92
1422.00 0.253655 3.92
1423.00 0.253655 3.92
1424.00 0.253655 3.92
1425.00 0.253655 3.92
1426.00 0.253655 3.92
1427.00 0.253655 3.92
1428.00 0.253655 3.92
1429.00 0.253655 3.92
1430.00 0.253655 3.92
1431.00 0.253655 3.92
1432.00 0.253655 3.92
1433.00 0.253655 3.92
1434.00 0.253655 3.92
1435.00 0.253655 3.92
1436.00 0.253655 3.92
1437.00 0.253655 3.92
1438.00 0.253655 3.92
1439.00 0.253655 3.92
1440.00 0.253655 3.92
1441.00 0.253654 3.92
1442.00 0.253654 3.92
1443.00 0.253654 3.92
1444.00 0.253654 3.92
1445.00 0.253654 3.92
1446.00 0.253654 3.92
1447.00 0.253654 3.92
1448.00 0.253654 3.92
1449.00 0.253654 3.92
1450.00 0.253654 3.92
1451.00 0.253654 3.92
1452.00 0.253654 3.92
1453.00 0.253654 3.92
1454.00 0.253654 3.92
1455.00 0.253654 3.92
1456.00 0.253654 3.92
1457.00 0.253654 3.92
1458.00 0.253654 3.92
1459.00 0.253654 3.92
1460.00 0.253654 3.92
1461.00 0.253654 3.92
1462.00 0.253654 3.92
1463.00 0.253654 3.92
1464.00 0.253654 3.92
1465.00 0.253654 3.92
1466.00 0.253654 3.92
1467.00 0.253653 3.92
1468.00 0.253653 3.92
1469.00 0.253653 3.92
1470.00 0.253653 3.92
1471.00 0.253653 3.92
1472.00 0.253653 3.92
1473.00 0.253653 3.92
1474.00 0.253653 3.92
1475.00 0.253653 3.92
1476.00 0.253653 3.92
1477.00 0.253653 3.92
1478.00 0.253653 3.92
1479.00 0.253653 3.92
1480.00 0.253653 3.92
1481.00 0.253653 3.92
1482.00 0.253653 3.92
1483.00 0.253653 3.92
1484.00 0.253653 3.92
1485.00 0.253653 3.92
1486.00 0.253653 3.92
1487.00 0.253653 3.92
1488.00 0.253653 3.92
1489.00 0.253653 3.92
1490.00 0.253653 3.92
1491.00 0.253653 3.92
1492.00 0.253653 3.92
1493.00 0.253653 3.92
1494.00 0.253652 3.92
1495.00 0.253652 3.92
1496.00 0.253652 3.92
1497.00 0.253652 3.92
1498.00 0.253652 3.92
1499.00 0.253652 3.92
1500.00 0.253652 3.92
1501.00 0.253652 3.92
1502.00 0.253652 3.92
1503.00 0.253652 3.92
1504.00 0.253652 3.92
1505.00 0.253652 3.92
1506.00 0.253652 3.92
1507.00 0.253652 3.92
1508.00 0.253652 3.92
1509.00 0.253652 3.92
1510.00 0.253652 3.92
1511.00 0.253652 3.92
1512.00 0.253652 3.92
1513.00 0.253652 3.92
1514.00 0.253652 3.92
1515.00 0.253652 3.92
1516.00 0.253652 3.92
1517.00 0.253652 3.92
1518.00 0.253652 3.92
1519.00 0.253652 3.92
1520.00 0.253651 3.92
1521.00 0.253651 3.92
1522.00 0.253651 3.92
1523.00 0.253651 3.92
1524.00 0.253651 3.92
1525.00 0.253651 3.92
1526.00 0.253651 3.92
1527.00 0.253651 3.92
1528.00 0.253651 3.92
1529.00 0.253651 3.92
1530.00 0.253651 3.92
1531.00 0.253651 3.92
1532.00 0.253651 3.92
1533.00 0.253651 3.92
1534.00 0.253651 3.92
1535.00 0.253651 3.92
1536.00 0.253651 3.92
1537.00 0.253651 3.92
1538.00 0.253651 3.92
1539.00 0.253651 3.92
1540.00 0.253651 3.92
1541.00 0.253651 3.92
1542.00 0.253651 3.92
1543.00 0.253651 3.92
1544.00 0.253651 3.92
1545.00 0.253651 3.92
1546.00 0.253650 3.92
1547.00 0.253650 3.92
1548.00 0.253650 3.92
1549.00 0.253650 3.92
1550.00 0.253650 3.92
1551.00 0.253650 3.92
1552.00 0.253650 3.92
1553.00 0.253650 3.92
1554.00 0.253650 3.92
1555.00 0.253650 3.92
1556.00 0.253650 3.92
1557.00 0.253650 3.92
1558.00 0.253650 3.92
1559.00 0.253650 3.92
1560.00 0.253650 3.92
1561.00 0.253650 3.92
1562.00 0.253650 3.92
1563.00 0.253650 3.92
1564.00 0.253650 3.92
1565.00 0.253650 3.92
1566.00 0.253650 3.92
1567.00 0.253650 3.92
1568.00 0.253650 3.92
1569.00 0.253650 3.92
1570.00 0.253650 3.92
1571.00 0.253650 3.92
1572.00 0.253649 3.92
1573.00 0.253649 3.92
1574.00 0.253649 3.92
1575.00 0.253649 3.92
1576.00 0.253649 3.92
1577.00 0.253649 3.92
1578.00 0.253649 3.92
1579.00 0.253649 3.92
1580.00 0.253649 3.92
1581.00 0.253649 3.92
1582.00 0.253649 3.92
1583.00 0.253649 3.92
1584.00 0.253649 3.92
1585.00 0.253649 3.92
1586.00 0.253649 3.92
1587.00 0.253649 3.92
1588.00 0.253649 3.92
1589.00 0.253649 3.92
1590.00 0.253649 3.92
1591.00 0.253649 3.92
1592.00 0.253649 3.92
1593.00 0.253649 3.92
1594.00 0.253649 3.92
1595.00 0.253649 3.92
1596.00 0.253649 3.92
1597.00 0.253648 3.92
1598.00 0.253648 3.92
1599.00 0.253648 3.92
1600.00 0.253648 3.92
1601.00 0.253648 3.92
1602.00 0.253648 3.92
1603.00 0.253648 3.92
1604.00 0.253648 3.92
1605.00 0.253648 3.92
1606.00 0.253648 3.92
1607.00 0.253648 3.92
1608.00 0.253648 3.92
1609.00 0.253648 3.92
1610.00 0.253648 3.92
1611.00 0.253648 3.92
1612.00 0.253648 3.92
1613.00 0.253648 3.92
1614.00 0.253648 3.92
1615.00 0.253648 3.92
1616.00 0.253648 3.92
1617.00 0.253648 3.92
1618.00 0.253648 3.92
1619.00 0.253648 3.92
1620.00 0.253648 3.92
1621.00 0.253647 3.92
1622.00 0.253647 3.92
1623.00 0.253647 3.92
1624.00 0.253647 3.92
1625.00 0.253647 3.92
1626.00 0.253647 3.92
1627.00 0.253647 3.92
1628.00 0.253647 3.92
1629.00 0.253647 3.92
1630.00 0.253647 3.92
1631.00 0.253647 3.92
1632.00 0.253647 3.92
1633.00 0.253647 3.92
1634.00 0.253647 3.92
1635.00 0.253647 3.92
1636.00 0.253647 3.92
1637.00 0.253647 3.92
1638.00 0.253647 3.92
1639.00 0.253647 3.92
1640.00 0.253647 3.92
1641.00 0.253647 3.92
1642.00 0.253647 3.92
1643.00 0.253647 3.92
1644.00 0.253647 3.92
1645.00 0.253646 3.92
1646.00 0.253646 3.92
1647.00 0.253646 3.92
1648.00 0.253646 3.92
1649.00 0.253646 3.92
1650.00 0.253646 3.92
1651.00 0.253646 3.92
1652.00 0.253646 3.92
1653.00 0.253646 3.92
1654.00 0.253646 3.92
1655.00 0.253646 3.92
1656.00 0.253646 3.92
1657.00 0.253646 3.92
1658.00 0.253646 3.92
1659.00 0.253646 3.92
1660.00 0.253646 3.92
1661.00 0.253646 3.92
1662.00 0.253646 3.92
1663.00 0.253646 3.92
1664.00 0.253646 3.92
1665.00 0.253646 3.92
1666.00 0.253646 3.92
1667.00 0.253646 3.92
1668.00 0.253645 3.92
1669.00 0.253645 3.92
1670.00 0.253645 3.92
1671.00 0.253645 3.92
1672.00 0.253645 3.92
1673.00 0.253645 3.92
1674.00 0.253645 3.92
1675.00 0.253645 3.92
1676.00 0.253645 3.92
1677.00 0.253645 3.92
1678.00 0.253645 3.92
1679.00 0.253645 3.92
1680.00 0.253645 3.92
1681.00 0.253645 3.92
1682.00 0.253645 3.92
1683.00 0.253645 3.92
1684.00 0.253645 3.92
1685.00 0.253645 3.92
1686.00 0.253645 3.92
1687.00 0.253645 3.92
1688.00 0.253645 3.92
1689.00 0.253645 3.92
1690.00 0.253645 3.92
1691.00 0.253644 3.92
1692.00 0.253644 3.92
1693.00 0.253644 3.92
1694.00 0.253644 3.92
1695.00 0.253644 3.92
1696.00 0.253644 3.92
1697.00 0.253644 3.92
1698.00 0.253644 3.92
1699.00 0.253644 3.92
1700.00 0.253644 3.92
1701.00 0.253644 3.92
1702.00 0.253644 3.92
1703.00 0.253644 3.92
1704.00 0.253644 3.92
1705.00 0.253644 3.92
1706.00 0.253644 3.92
1707.00 0.253644 3.92
1708.00 0.253644 3.92
1709.00 0.253644 3.92
1710.00 0.253644 3.92
1711.00 0.253644 3.92
1712.00 0.253644 3.92
1713.00 0.253643 3.92
1714.00 0.253643 3.92
1715.00 0.253643 3.92
1716.00 0.253643 3.92
1717.00 0.253643 3.92
1718.00 0.253643 3.92
1719.00 0.253643 3.92
1720.00 0.253643 3.92
1721.00 0.253643 3.92
1722.00 0.253643 3.92
1723.00 0.253643 3.92
1724.00 0.253643 3.92
1725.00 0.253643 3.92
1726.00 0.253643 3.92
1727.00 0.253643 3.92
1728.00 0.253643 3.92
1729.00 0.253643 3.92
1730.00 0.253643 3.92
1731.00 0.253643 3.92
1732.00 0.253643 3.92
1733.00 0.253643 3.92
1734.00 0.253642 3.92
1735.00 0.253642 3.92
1736.00 0.253642 3.92
1737.00 0.253642 3.92
1738.00 0.253642 3.92
1739.00 0.253642 3.92
1740.00 0.253642 3.92
1741.00 0.253642 3.92
1742.00 0.253642 3.92
1743.00 0.253642 3.92
1744.00 0.253642 3.92
1745.00 0.253642 3.92
1746.00 0.253642 3.92
1747.00 0.253642 3.92
1748.00 0.253642 3.92
1749.00 0.253642 3.92
1750.00 0.253642 3.92
1751.00 0.253642 3.92
1752.00 0.253642 3.92
1753.00 0.253642 3.92
1754.00 0.253642 3.92
1755.00 0.253641 3.92
1756.00 0.253641 3.92
1757.00 0.253641 3.92
1758.00 0.253641 3.92
1759.00 0.253641 3.92
1760.00 0.253641 3.92
1761.00 0.253641 3.92
1762.00 0.253641 3.92
1763.00 0.253641 3.92
1764.00 0.253641 3.92
1765.00 0.253641 3.92
1766.00 0.253641 3.92
1767.00 0.253641 3.92
1768.00 0.253641 3.92
1769.00 0.253641 3.92
1770.00 0.253641 3.92
1771.00 0.253641 3.92
1772.00 0.253641 3.92
1773.00 0.253641 3.92
1774.00 0.253641 3.92
1775.00 0.253640 3.92
1776.00 0.253640 3.92
1777.00 0.253640 3.92
1778.00 0.253640 3.92
1779.00 0.253640 3.92
1780.00 0.253640 3.92
1781.00 0.253640 3.92
1782.00 0.253640 3.92
1783.00 0.253640 3.92
1784.00 0.253640 3.92
1785.00 0.253640 3.92
1786.00 0.253640 3.92
1787.00 0.253640 3.92
1788.00 0.253640 3.92
1789.00 0.253640 3.92
1790.00 0.253640 3.92
1791.00 0.253640 3.92
1792.00 0.253640 3.92
1793.00 0.253640 3.92
1794.00 0.253640 3.92
1795.00 0.253639 3.92
1796.00 0.253639 3.92
1797.00 0.253639 3.92
1798.00 0.253639 3.92
1799.00 0.253639 3.92
1800.00 0.253639 3.92
1801.00 0.253639 3.92
1802.00 0.253639 3.92
1803.00 0.253639 3.92
1804.00 0.253639 3.92
1805.00 0.253639 3.92
1806.00 0.253639 3.92
1807.00 0.253639 3.92
1808.00 0.253639 3.92
1809.00 0.253639 3.92
1810.00 0.253639 3.92
1811.00 0.253639 3.92
1812.00 0.253639 3.92
1813.00 0.253639 3.92
1814.00 0.253638 3.92
1815.00 0.253638 3.92
1816.00 0.253638 3.92
1817.00 0.253638 3.92
1818.00 0.253638 3.92
1819.00 0.253638 3.92
1820.00 0.253638 3.92
1821.00 0.253638 3.92
1822.00 0.253638 3.92
1823.00 0.253638 3.92
1824.00 0.253638 3.92
1825.00 0.253638 3.92
1826.00 0.253638 3.92
1827.00 0.253638 3.92
1828.00 0.253638 3.92
1829.00 0.253638 3.92
1830.00 0.253638 3.92
1831.00 0.253638 3.92
1832.00 0.253637 3.92
1833.00 0.253637 3.92
1834.00 0.253637 3.92
1835.00 0.253637 3.92
1836.00 0.253637 3.92
1837.00 0.253637 3.92
1838.00 0.253637 3.92
1839.00 0.253637 3.92
1840.00 0.253637 3.92
1841.00 0.253637 3.92
1842.00 0.253637 3.92
1843.00 0.253637 3.92
1844.00 0.253637 3.92
1845.00 0.253637 3.92
1846.00 0.253637 3.92
1847.00 0.253637 3.92
1848.00 0.253637 3.92
1849.00 0.253637 3.92
1850.00 0.253636 3.92
1851.00 0.253636 3.92
1852.00 0.253636 3.92
1853.00 0.253636 3.92
1854.00 0.253636 3.92
1855.00 0.253636 3.92
1856.00 0.253636 3.92
1857.00 0.253636 3.92
1858.00 0.253636 3.92
1859.00 0.253636 3.92
1860.00 0.253636 3.92
1861.00 0.253636 3.92
1862.00 0.253636 3.92
1863.00 0.253636 3.92
1864.00 0.253636 3.92
1865.00 0.253636 3.92
1866.00 0.253636 3.92
1867.00 0.253635 3.92
1868.00 0.253635 3.92
1869.00 0.253635 3.92
1870.00 0.253635 3.92
1871.00 0.253635 3.92
1872.00 0.253635 3.92
1873.00 0.253635 3.92
1874.00 0.253635 3.92
1875.00 0.253635 3.92
1876.00 0.253635 3.92
1877.00 0.253635 3.92
1878.00 0.253635 3.92
1879.00 0.253635 3.92
1880.00 0.253635 3.92
1881.00 0.253635 3.92
1882.00 0.253635 3.92
1883.00 0.253634 3.92
1884.00 0.253634 3.92
1885.00 0.253634 3.92
1886.00 0.253634 3.92
1887.00 0.253634 3.92
1888.00 0.253634 3.92
1889.00 0.253634 3.92
1890.00 0.253634 3.92
1891.00 0.253634 3.92
1892.00 0.253634 3.92
1893.00 0.253634 3.92
1894.00 0.253634 3.92
1895.00 0.253634 3.92
1896.00 0.253634 3.92
1897.00 0.253634 3.92
1898.00 0.253634 3.92
1899.00 0.253634 3.92
1900.00 0.253633 3.92
1901.00 0.253633 3.92
1902.00 0.253633 3.92
1903.00 0.253633 3.92
1904.00 0.253633 3.92
1905.00 0.253633 3.92
1906.00 0.253633 3.92
1907.00 0.253633 3.92
1908.00 0.253633 3.92
1909.00 0.253633 3.92
1910.00 0.253633 3.92
1911.00 0.253633 3.92
1912.00 0.253633 3.92
1913.00 0.253633 3.92
1914.00 0.253633 3.92
1915.00 0.253632 3.92
1916.00 0.253632 3.92
1917.00 0.253632 3.92
1918.00 0.253632 3.92
1919.00 0.253632 3.92
1920.00 0.253632 3.92
1921.00 0.253632 3.92
1922.00 0.253632 3.92
1923.00 0.253632 3.92
1924.00 0.253632 3.92
1925.00 0.253632 3.92
1926.00 0.253632 3.92
1927.00 0.253632 3.92
1928.00 0.253632 3.92
1929.00 0.253632 3.92
1930.00 0.253631 3.92
1931.00 0.253631 3.92
1932.00 0.253631 3.92
1933.00 0.253631 3.92
1934.00 0.253631 3.92
1935.00 0.253631 3.92
1936.00 0.253631 3.92
1937.00 0.253631 3.92
1938.00 0.253631 3.92
1939.00 0.253631 3.92
1940.00 0.253631 3.92
1941.00 0.253631 3.92
1942.00 0.253631 3.92
1943.00 0.253631 3.92
1944.00 0.253631 3.92
1945.00 0.253630 3.92
1946.00 0.253630 3.92
1947.00 0.253630 3.92
1948.00 0.253630 3.92
1949.00 0.253630 3.92
1950.00 0.253630 3.92
1951.00 0.253630 3.92
1952.00 0.253630 3.92
1953.00 0.253630 3.92
1954.00 0.253630 3.92
1955.00 0.253630 3.92
1956.00 0.253630 3.92
1957.00 0.253630 3.92
1958.00 0.253630 3.92
1959.00 0.253629 3.92
1960.00 0.253629 3.92
1961.00 0.253629 3.92
1962.00 0.253629 3.92
1963.00 0.253629 3.92
1964.00 0.253629 3.92
1965.00 0.253629 3.92
1966.00 0.253629 3.92
1967.00 0.253629 3.92
1968.00 0.253629 3.92
1969.00 0.253629 3.92
1970.00 0.253629 3.92
1971.00 0.253629 3.92
1972.00 0.253629 3.92
1973.00 0.253628 3.92
1974.00 0.253628 3.92
1975.00 0.253628 3.92
1976.00 0.253628 3.92
1977.00 0.253628 3.92
1978.00 0.253628 3.92
1979.00 0.253628 3.92
1980.00 0.253628 3.92
1981.00 0.253628 3.92
1982.00 0.253628 3.92
1983.00 0.253628 3.92
1984.00 0.253628 3.92
1985.00 0.253628 3.92
1986.00 0.253628 3.92
1987.00 0.253627 3.92
1988.00 0.253627 3.92
1989.00 0.253627 3.92
1990.00 0.253627 3.92
1991.00 0.253627 3.92
1992.00 0.253627 3.92
1993.00 0.253627 3.92
1994.00 0.253627 3.92
1995.00 0.253627 3.92
1996.00 0.253627 3.92
1997.00 0.253627 3.92
1998.00 0.253627 3.92
1999.00 0.253627 3.92
2000.00 0.253626 3.92
