0.00 2.444132 15.28
1.00 2.440518 15.28
2.00 2.436890 15.28
3.00 2.433249 15.28
4.00 2.429596 15.27
5.00 2.425932 15.27
6.00 2.422263 15.26
7.00 2.418586 15.26
8.00 2.414896 15.26
9.00 2.411195 15.26
10.00 2.407480 15.26
11.00 2.403752 15.26
12.00 2.400014 15.25
13.00 2.396272 15.24
14.00 2.392520 15.24
15.00 2.388757 15.23
16.00 2.384989 15.23
17.00 2.381213 15.22
18.00 2.377443 15.20
19.00 2.373670 15.20
20.00 2.369887 15.20
21.00 2.366090 15.20
22.00 2.362281 15.20
23.00 2.358457 15.20
24.00 2.354617 15.20
25.00 2.350769 15.19
26.00 2.346913 15.18
27.00 2.343044 15.18
28.00 2.339158 15.18
29.00 2.335258 15.17
30.00 2.331354 15.17
31.00 2.327431 15.17
32.00 2.323503 15.16
33.00 2.319560 15.16
34.00 2.315598 15.16
35.00 2.311617 15.16
36.00 2.307616 15.16
37.00 2.303597 15.15
38.00 2.299562 15.15
39.00 2.295519 15.13
40.00 2.291489 15.13
41.00 2.287448 15.12
42.00 2.283420 15.10
43.00 2.279382 15.09
44.00 2.275331 15.08
45.00 2.271290 15.07
46.00 2.267244 15.07
47.00 2.263186 15.06
48.00 2.259111 15.06
49.00 2.255034 15.05
50.00 2.250943 15.04
51.00 2.246863 15.03
52.00 2.242782 15.02
53.00 2.238725 15.01
54.00 2.234686 14.98
55.00 2.230690 14.98
56.00 2.226686 14.97
57.00 2.222694 14.96
58.00 2.218691 14.95
59.00 2.214677 14.93
60.00 2.210672 14.93
61.00 2.206660 14.92
62.00 2.202629 14.92
63.00 2.198579 14.92
64.00 2.194515 14.91
65.00 2.190434 14.90
66.00 2.186390 14.88
67.00 2.182351 14.88
68.00 2.178292 14.88
69.00 2.174212 14.88
70.00 2.170109 14.87
71.00 2.165995 14.86
72.00 2.161898 14.86
73.00 2.157778 14.86
74.00 2.153635 14.86
75.00 2.149493 14.85
76.00 2.145370 14.83
77.00 2.141247 14.83
78.00 2.137134 14.79
79.00 2.133050 14.78
80.00 2.128972 14.77
81.00 2.124969 14.74
82.00 2.120984 14.72
83.00 2.117096 14.66
84.00 2.113295 14.66
85.00 2.109563 14.61
86.00 2.105861 14.60
87.00 2.102160 14.60
88.00 2.098452 14.59
89.00 2.094749 14.59
90.00 2.091034 14.58
91.00 2.087309 14.58
92.00 2.083569 14.58
93.00 2.079837 14.57
94.00 2.076109 14.57
95.00 2.072370 14.56
96.00 2.068631 14.54
97.00 2.064931 14.52
98.00 2.061240 14.50
99.00 2.057555 14.49
100.00 2.053863 14.48
101.00 2.050194 14.48
102.00 2.046547 14.45
103.00 2.042927 14.44
104.00 2.039307 14.43
105.00 2.035673 14.43
106.00 2.032039 14.42
107.00 2.028415 14.40
108.00 2.024827 14.39
109.00 2.021248 14.37
110.00 2.017691 14.36
111.00 2.014118 14.35
112.00 2.010538 14.35
113.00 2.006963 14.33
114.00 2.003414 14.30
115.00 1.999892 14.30
116.00 1.996355 14.29
117.00 1.992869 14.27
118.00 1.989393 14.27
119.00 1.985937 14.26
120.00 1.982489 14.25
121.00 1.979091 14.20
122.00 1.975700 14.20
123.00 1.972296 14.20
124.00 1.968894 14.17
125.00 1.965500 14.15
126.00 1.962145 14.14
127.00 1.958840 14.11
128.00 1.955543 14.11
129.00 1.952235 14.11
130.00 1.948966 14.09
131.00 1.945708 14.08
132.00 1.942466 14.07
133.00 1.939238 14.06
134.00 1.936024 14.03
135.00 1.932848 14.03
136.00 1.929667 14.01
137.00 1.926490 14.00
138.00 1.923316 14.00
139.00 1.920140 13.98
140.00 1.916966 13.98
141.00 1.913786 13.97
142.00 1.910647 13.95
143.00 1.907567 13.94
144.00 1.904497 13.93
145.00 1.901425 13.91
146.00 1.898376 13.91
147.00 1.895321 13.90
148.00 1.892295 13.89
149.00 1.889274 13.87
150.00 1.886283 13.86
151.00 1.883298 13.84
152.00 1.880353 13.83
153.00 1.877446 13.81
154.00 1.874546 13.80
155.00 1.871644 13.80
156.00 1.868744 13.79
157.00 1.865880 13.77
158.00 1.863017 13.77
159.00 1.860145 13.77
160.00 1.857269 13.76
161.00 1.854437 13.73
162.00 1.851653 13.72
163.00 1.848866 13.72
164.00 1.846121 13.69
165.00 1.843394 13.68
166.00 1.840664 13.68
167.00 1.837926 13.67
168.00 1.835195 13.66
169.00 1.832458 13.65
170.00 1.829730 13.63
171.00 1.827040 13.62
172.00 1.824366 13.61
173.00 1.821712 13.61
174.00 1.819081 13.58
175.00 1.816469 13.57
176.00 1.813903 13.54
177.00 1.811359 13.54
178.00 1.808817 13.53
179.00 1.806273 13.53
180.00 1.803722 13.53
181.00 1.801168 13.52
182.00 1.798613 13.51
183.00 1.796053 13.49
184.00 1.793557 13.48
185.00 1.791067 13.48
186.00 1.788573 13.47
187.00 1.786083 13.46
188.00 1.783632 13.45
189.00 1.781214 13.44
190.00 1.778797 13.44
191.00 1.776372 13.43
192.00 1.773943 13.43
193.00 1.771521 13.42
194.00 1.769106 13.41
195.00 1.766720 13.40
196.00 1.764353 13.38
197.00 1.762002 13.37
198.00 1.759658 13.37
199.00 1.757315 13.36
200.00 1.754970 13.36
201.00 1.752661 13.34
202.00 1.750393 13.33
203.00 1.748122 13.33
204.00 1.745850 13.32
205.00 1.743605 13.31
206.00 1.741353 13.31
207.00 1.739109 13.28
208.00 1.736897 13.27
209.00 1.734682 13.27
210.00 1.732469 13.26
211.00 1.730258 13.26
212.00 1.728041 13.26
213.00 1.725826 13.24
214.00 1.723699 13.21
215.00 1.721600 13.21
216.00 1.719497 13.20
217.00 1.717397 13.20
218.00 1.715290 13.20
219.00 1.713179 13.19
220.00 1.711070 13.18
221.00 1.708973 13.17
222.00 1.706894 13.16
223.00 1.704824 13.15
224.00 1.702778 13.14
225.00 1.700762 13.12
226.00 1.698775 13.11
227.00 1.696823 13.10
228.00 1.694876 13.10
229.00 1.692926 13.10
230.00 1.690972 13.09
231.00 1.689023 13.08
232.00 1.687094 13.06
233.00 1.685186 13.06
234.00 1.683284 13.04
235.00 1.681406 13.01
236.00 1.679595 13.00
237.00 1.677799 13.00
238.00 1.676010 12.99
239.00 1.674239 12.98
240.00 1.672488 12.97
241.00 1.670763 12.96
242.00 1.669039 12.96
243.00 1.667338 12.95
244.00 1.665640 12.95
245.00 1.663942 12.95
246.00 1.662241 12.95
247.00 1.660547 12.94
248.00 1.658882 12.94
249.00 1.657212 12.94
250.00 1.655538 12.94
251.00 1.653875 12.93
252.00 1.652226 12.93
253.00 1.650571 12.93
254.00 1.648934 12.91
255.00 1.647325 12.91
256.00 1.645728 12.90
257.00 1.644151 12.89
258.00 1.642574 12.89
259.00 1.641000 12.88
260.00 1.639470 12.86
261.00 1.637941 12.86
262.00 1.636421 12.84
263.00 1.634914 12.82
264.00 1.633407 12.82
265.00 1.631899 12.82
266.00 1.630388 12.82
267.00 1.628874 12.82
268.00 1.627359 12.81
269.00 1.625883 12.79
270.00 1.624443 12.79
271.00 1.623004 12.79
272.00 1.621562 12.79
273.00 1.620150 12.78
274.00 1.618742 12.78
275.00 1.617331 12.78
276.00 1.615937 12.77
277.00 1.614544 12.77
278.00 1.613148 12.77
279.00 1.611747 12.77
280.00 1.610342 12.77
281.00 1.608939 12.76
282.00 1.607537 12.76
283.00 1.606132 12.76
284.00 1.604721 12.76
285.00 1.603367 12.73
286.00 1.602037 12.71
287.00 1.600724 12.70
288.00 1.599449 12.69
289.00 1.598176 12.68
290.00 1.596906 12.68
291.00 1.595634 12.68
292.00 1.594361 12.68
293.00 1.593088 12.67
294.00 1.591815 12.67
295.00 1.590539 12.67
296.00 1.589260 12.66
297.00 1.587984 12.66
298.00 1.586704 12.66
299.00 1.585421 12.66
300.00 1.584154 12.64
301.00 1.582934 12.64
302.00 1.581712 12.64
303.00 1.580500 12.63
304.00 1.579306 12.62
305.00 1.578117 12.62
306.00 1.576929 12.62
307.00 1.575742 12.61
308.00 1.574554 12.61
309.00 1.573386 12.60
310.00 1.572225 12.60
311.00 1.571063 12.60
312.00 1.569899 12.60
313.00 1.568735 12.59
314.00 1.567577 12.59
315.00 1.566417 12.59
316.00 1.565268 12.57
317.00 1.564120 12.57
318.00 1.562977 12.55
319.00 1.561872 12.55
320.00 1.560768 12.55
321.00 1.559690 12.53
322.00 1.558625 12.53
323.00 1.557562 12.53
324.00 1.556505 12.52
325.00 1.555458 12.51
326.00 1.554414 12.51
327.00 1.553370 12.51
328.00 1.552326 12.51
329.00 1.551282 12.51
330.00 1.550236 12.51
331.00 1.549189 12.51
332.00 1.548151 12.50
333.00 1.547124 12.50
334.00 1.546097 12.50
335.00 1.545068 12.50
336.00 1.544037 12.50
337.00 1.543004 12.50
338.00 1.541983 12.49
339.00 1.540977 12.48
340.00 1.539980 12.47
341.00 1.538999 12.46
342.00 1.538022 12.46
343.00 1.537046 12.46
344.00 1.536094 12.44
345.00 1.535150 12.44
346.00 1.534208 12.44
347.00 1.533267 12.44
348.00 1.532325 12.44
349.00 1.531383 12.44
350.00 1.530440 12.44
351.00 1.529504 12.43
352.00 1.528573 12.42
353.00 1.527661 12.41
354.00 1.526751 12.41
355.00 1.525842 12.40
356.00 1.524933 12.40
357.00 1.524023 12.40
358.00 1.523112 12.40
359.00 1.522199 12.40
360.00 1.521295 12.38
361.00 1.520405 12.37
362.00 1.519527 12.36
363.00 1.518656 12.36
364.00 1.517786 12.36
365.00 1.516916 12.36
366.00 1.516048 12.35
367.00 1.515181 12.35
368.00 1.514314 12.35
369.00 1.513448 12.34
370.00 1.512609 12.34
371.00 1.511770 12.34
372.00 1.510931 12.34
373.00 1.510092 12.34
374.00 1.509252 12.34
375.00 1.508410 12.34
376.00 1.507567 12.33
377.00 1.506739 12.32
378.00 1.505920 12.32
379.00 1.505101 12.32
380.00 1.504281 12.32
381.00 1.503462 12.31
382.00 1.502648 12.31
383.00 1.501833 12.31
384.00 1.501017 12.30
385.00 1.500222 12.30
386.00 1.499428 12.30
387.00 1.498633 12.30
388.00 1.497837 12.30
389.00 1.497041 12.30
390.00 1.496243 12.30
391.00 1.495444 12.30
392.00 1.494643 12.30
393.00 1.493840 12.30
394.00 1.493042 12.29
395.00 1.492247 12.28
396.00 1.491462 12.26
397.00 1.490697 12.26
398.00 1.489962 12.25
399.00 1.489235 12.25
400.00 1.488510 12.25
401.00 1.487795 12.24
402.00 1.487095 12.24
403.00 1.486397 12.24
404.00 1.485704 12.22
405.00 1.485027 12.22
406.00 1.484354 12.21
407.00 1.483699 12.20
408.00 1.483055 12.20
409.00 1.482415 12.20
410.00 1.481779 12.20
411.00 1.481146 12.20
412.00 1.480528 12.19
413.00 1.479936 12.18
414.00 1.479356 12.18
415.00 1.478780 12.18
416.00 1.478208 12.18
417.00 1.477640 12.18
418.00 1.477074 12.18
419.00 1.476511 12.18
420.00 1.475949 12.18
421.00 1.475389 12.18
422.00 1.474831 12.18
423.00 1.474273 12.18
424.00 1.473739 12.17
425.00 1.473216 12.16
426.00 1.472698 12.16
427.00 1.472181 12.16
428.00 1.471667 12.16
429.00 1.471153 12.16
430.00 1.470640 12.16
431.00 1.470138 12.15
432.00 1.469640 12.15
433.00 1.469142 12.15
434.00 1.468645 12.15
435.00 1.468149 12.15
436.00 1.467653 12.15
437.00 1.467158 12.15
438.00 1.466662 12.15
439.00 1.466166 12.14
440.00 1.465679 12.14
441.00 1.465192 12.14
442.00 1.464706 12.14
443.00 1.464221 12.14
444.00 1.463735 12.14
445.00 1.463250 12.14
446.00 1.462764 12.14
447.00 1.462278 12.14
448.00 1.461791 12.14
449.00 1.461304 12.14
450.00 1.460820 12.13
451.00 1.460352 12.13
452.00 1.459902 12.12
453.00 1.459463 12.12
454.00 1.459031 12.10
455.00 1.458626 12.10
456.00 1.458227 12.10
457.00 1.457830 12.10
458.00 1.457437 12.10
459.00 1.457047 12.10
460.00 1.456659 12.10
461.00 1.456276 12.09
462.00 1.455902 12.09
463.00 1.455532 12.08
464.00 1.455165 12.08
465.00 1.454799 12.08
466.00 1.454436 12.07
467.00 1.454076 12.07
468.00 1.453718 12.07
469.00 1.453362 12.07
470.00 1.453006 12.07
471.00 1.452652 12.07
472.00 1.452299 12.07
473.00 1.451947 12.07
474.00 1.451599 12.06
475.00 1.451253 12.06
476.00 1.450907 12.06
477.00 1.450562 12.06
478.00 1.450218 12.06
479.00 1.449874 12.06
480.00 1.449530 12.06
481.00 1.449187 12.06
482.00 1.448843 12.06
483.00 1.448500 12.06
484.00 1.448157 12.06
485.00 1.447824 12.05
486.00 1.447497 12.05
487.00 1.447172 12.05
488.00 1.446847 12.05
489.00 1.446524 12.05
490.00 1.446202 12.05
491.00 1.445880 12.05
492.00 1.445559 12.05
493.00 1.445248 12.04
494.00 1.444958 12.03
495.00 1.444673 12.03
496.00 1.444391 12.03
497.00 1.444111 12.03
498.00 1.443834 12.03
499.00 1.443569 12.02
500.00 1.443318 12.02
501.00 1.443071 12.02
502.00 1.442826 12.02
503.00 1.442585 12.02
504.00 1.442346 12.02
505.00 1.442109 12.02
506.00 1.441874 12.02
507.00 1.441642 12.02
508.00 1.441411 12.02
509.00 1.441183 12.01
510.00 1.440957 12.01
511.00 1.440732 12.01
512.00 1.440509 12.01
513.00 1.440287 12.01
514.00 1.440067 12.01
515.00 1.439847 12.01
516.00 1.439630 12.00
517.00 1.439414 12.00
518.00 1.439205 11.99
519.00 1.439004 11.99
520.00 1.438806 11.99
521.00 1.438611 11.98
522.00 1.438417 11.98
523.00 1.438225 11.98
524.00 1.438034 11.98
525.00 1.437845 11.98
526.00 1.437657 11.98
527.00 1.437476 11.97
528.00 1.437297 11.97
529.00 1.437121 11.97
530.00 1.436946 11.97
531.00 1.436772 11.97
532.00 1.436600 11.97
533.00 1.436430 11.97
534.00 1.436261 11.96
535.00 1.436094 11.96
536.00 1.435929 11.96
537.00 1.435765 11.96
538.00 1.435602 11.96
539.00 1.435440 11.96
540.00 1.435281 11.95
541.00 1.435126 11.95
542.00 1.434972 11.95
543.00 1.434819 11.95
544.00 1.434668 11.95
545.00 1.434518 11.95
546.00 1.434369 11.95
547.00 1.434221 11.95
548.00 1.434074 11.95
549.00 1.433928 11.95
550.00 1.433783 11.95
551.00 1.433639 11.95
552.00 1.433496 11.95
553.00 1.433353 11.95
554.00 1.433212 11.95
555.00 1.433071 11.95
556.00 1.432930 11.95
557.00 1.432790 11.95
558.00 1.432651 11.95
559.00 1.432513 11.95
560.00 1.432375 11.95
561.00 1.432237 11.95
562.00 1.432100 11.95
563.00 1.431964 11.95
564.00 1.431827 11.95
565.00 1.431692 11.95
566.00 1.431556 11.95
567.00 1.431421 11.95
568.00 1.431286 11.95
569.00 1.431152 11.95
570.00 1.431017 11.95
571.00 1.430884 11.95
572.00 1.430751 11.94
573.00 1.430625 11.94
574.00 1.430499 11.94
575.00 1.430375 11.94
576.00 1.430252 11.93
577.00 1.430130 11.93
578.00 1.430008 11.93
579.00 1.429888 11.93
580.00 1.429767 11.93
581.00 1.429648 11.93
582.00 1.429529 11.93
583.00 1.429411 11.93
584.00 1.429293 11.93
585.00 1.429176 11.93
586.00 1.429060 11.93
587.00 1.428944 11.93
588.00 1.428828 11.93
589.00 1.428713 11.93
590.00 1.428599 11.93
591.00 1.428485 11.93
592.00 1.428374 11.92
593.00 1.428271 11.92
594.00 1.428169 11.92
595.00 1.428068 11.92
596.00 1.427969 11.92
597.00 1.427870 11.92
598.00 1.427772 11.92
599.00 1.427675 11.92
600.00 1.427579 11.92
601.00 1.427484 11.92
602.00 1.427389 11.92
603.00 1.427296 11.92
604.00 1.427202 11.92
605.00 1.427110 11.92
606.00 1.427018 11.92
607.00 1.426927 11.92
608.00 1.426836 11.92
609.00 1.426746 11.92
610.00 1.426657 11.92
611.00 1.426574 11.91
612.00 1.426494 11.91
613.00 1.426415 11.91
614.00 1.426338 11.91
615.00 1.426261 11.91
616.00 1.426186 11.91
617.00 1.426112 11.90
618.00 1.426041 11.90
619.00 1.425970 11.90
620.00 1.425900 11.90
621.00 1.425831 11.90
622.00 1.425763 11.90
623.00 1.425696 11.90
624.00 1.425630 11.90
625.00 1.425565 11.90
626.00 1.425501 11.90
627.00 1.425438 11.90
628.00 1.425375 11.90
629.00 1.425313 11.90
630.00 1.425252 11.90
631.00 1.425192 11.90
632.00 1.425132 11.90
633.00 1.425074 11.90
634.00 1.425015 11.90
635.00 1.424958 11.90
636.00 1.424901 11.90
637.00 1.424845 11.90
638.00 1.424789 11.90
639.00 1.424734 11.90
640.00 1.424680 11.90
641.00 1.424626 11.90
642.00 1.424573 11.90
643.00 1.424521 11.90
644.00 1.424469 11.89
645.00 1.424422 11.89
646.00 1.424376 11.89
647.00 1.424331 11.89
648.00 1.424286 11.89
649.00 1.424242 11.89
650.00 1.424200 11.89
651.00 1.424157 11.89
652.00 1.424116 11.89
653.00 1.424075 11.89
654.00 1.424035 11.89
655.00 1.423995 11.89
656.00 1.423956 11.89
657.00 1.423918 11.89
658.00 1.423880 11.89
659.00 1.423843 11.89
660.00 1.423806 11.89
661.00 1.423770 11.89
662.00 1.423734 11.89
663.00 1.423699 11.89
664.00 1.423665 11.89
665.00 1.423630 11.89
666.00 1.423597 11.89
667.00 1.423563 11.89
668.00 1.423530 11.89
669.00 1.423498 11.89
670.00 1.423466 11.89
671.00 1.423435 11.89
672.00 1.423403 11.89
673.00 1.423373 11.89
674.00 1.423342 11.89
675.00 1.423312 11.89
676.00 1.423283 11.89
677.00 1.423254 11.89
678.00 1.423225 11.89
679.00 1.423196 11.89
680.00 1.423168 11.89
681.00 1.423140 11.89
682.00 1.423113 11.89
683.00 1.423086 11.89
684.00 1.423059 11.89
685.00 1.423032 11.89
686.00 1.423006 11.89
687.00 1.422980 11.89
688.00 1.422955 11.89
689.00 1.422929 11.89
690.00 1.422904 11.89
691.00 1.422880 11.89
692.00 1.422855 11.89
693.00 1.422831 11.89
694.00 1.422807 11.89
695.00 1.422783 11.89
696.00 1.422760 11.89
697.00 1.422737 11.89
698.00 1.422714 11.89
699.00 1.422691 11.89
700.00 1.422669 11.89
701.00 1.422647 11.89
702.00 1.422625 11.89
703.00 1.422603 11.89
704.00 1.422582 11.89
705.00 1.422561 11.89
706.00 1.422540 11.89
707.00 1.422519 11.89
708.00 1.422499 11.89
709.00 1.422478 11.89
710.00 1.422458 11.89
711.00 1.422438 11.89
712.00 1.422419 11.89
713.00 1.422399 11.89
714.00 1.422380 11.89
715.00 1.422361 11.89
716.00 1.422342 11.89
717.00 1.422323 11.89
718.00 1.422304 11.89
719.00 1.422286 11.89
720.00 1.422268 11.89
721.00 1.422250 11.89
722.00 1.422232 11.89
723.00 1.422214 11.89
724.00 1.422197 11.89
725.00 1.422179 11.89
726.00 1.422162 11.89
727.00 1.422145 11.89
728.00 1.422128 11.89
729.00 1.422112 11.89
730.00 1.422095 11.89
731.00 1.422079 11.89
732.00 1.422062 11.89
733.00 1.422046 11.89
734.00 1.422030 11.89
735.00 1.422015 11.89
736.00 1.421999 11.89
737.00 1.421983 11.89
738.00 1.421968 11.89
739.00 1.421953 11.89
740.00 1.421938 11.89
741.00 1.421923 11.89
742.00 1.421908 11.89
743.00 1.421893 11.89
744.00 1.421879 11.89
745.00 1.421864 11.89
746.00 1.421850 11.89
747.00 1.421836 11.89
748.00 1.421823 11.88
749.00 1.421810 11.88
750.00 1.421798 11.88
751.00 1.421786 11.88
752.00 1.421774 11.88
753.00 1.421762 11.88
754.00 1.421750 11.88
755.00 1.421738 11.88
756.00 1.421727 11.88
757.00 1.421715 11.88
758.00 1.421704 11.88
759.00 1.421693 11.88
760.00 1.421682 11.88
761.00 1.421671 11.87
762.00 1.421661 11.87
763.00 1.421651 11.87
764.00 1.421641 11.87
765.00 1.421632 11.87
766.00 1.421622 11.87
767.00 1.421613 11.87
768.00 1.421604 11.87
769.00 1.421594 11.87
770.00 1.421585 11.87
771.00 1.421577 11.87
772.00 1.421568 11.87
773.00 1.421559 11.87
774.00 1.421551 11.87
775.00 1.421542 11.87
776.00 1.421534 11.87
777.00 1.421526 11.87
778.00 1.421518 11.87
779.00 1.421510 11.87
780.00 1.421502 11.87
781.00 1.421494 11.87
782.00 1.421486 11.87
783.00 1.421479 11.87
784.00 1.421471 11.87
785.00 1.421464 11.87
786.00 1.421456 11.87
787.00 1.421449 11.87
788.00 1.421442 11.87
789.00 1.421435 11.87
790.00 1.421428 11.87
791.00 1.421421 11.87
792.00 1.421414 11.87
793.00 1.421407 11.87
794.00 1.421400 11.87
795.00 1.421394 11.87
796.00 1.421387 11.87
797.00 1.421381 11.87
798.00 1.421374 11.87
799.00 1.421368 11.87
800.00 1.421362 11.87
801.00 1.421355 11.87
802.00 1.421349 11.87
803.00 1.421343 11.87
804.00 1.421337 11.87
805.00 1.421331 11.87
806.00 1.421325 11.87
807.00 1.421319 11.87
808.00 1.421313 11.87
809.00 1.421308 11.87
810.00 1.421302 11.87
811.00 1.421296 11.87
812.00 1.421291 11.87
813.00 1.421285 11.87
814.00 1.421280 11.87
815.00 1.421274 11.87
816.00 1.421269 11.87
817.00 1.421264 11.87
818.00 1.421258 11.87
819.00 1.421253 11.87
820.00 1.421248 11.87
821.00 1.421243 11.87
822.00 1.421238 11.86
823.00 1.421234 11.86
824.00 1.421230 11.86
825.00 1.421225 11.86
826.00 1.421221 11.86
827.00 1.421217 11.86
828.00 1.421213 11.86
829.00 1.421209 11.86
830.00 1.421205 11.86
831.00 1.421201 11.86
832.00 1.421198 11.86
833.00 1.421194 11.86
834.00 1.421190 11.86
835.00 1.421186 11.86
836.00 1.421183 11.86
837.00 1.421179 11.86
838.00 1.421176 11.86
839.00 1.421172 11.86
840.00 1.421169 11.86
841.00 1.421165 11.86
842.00 1.421162 11.86
843.00 1.421159 11.86
844.00 1.421156 11.86
845.00 1.421152 11.86
846.00 1.421149 11.86
847.00 1.421146 11.86
848.00 1.421143 11.86
849.00 1.421140 11.86
850.00 1.421137 11.86
851.00 1.421134 11.86
852.00 1.421131 11.86
853.00 1.421128 11.86
854.00 1.421125 11.86
855.00 1.421122 11.86
856.00 1.421120 11.86
857.00 1.421117 11.86
858.00 1.421114 11.85
859.00 1.421112 11.85
860.00 1.421109 11.85
861.00 1.421107 11.85
862.00 1.421104 11.85
863.00 1.421102 11.85
864.00 1.421099 11.85
865.00 1.421097 11.85
866.00 1.421095 11.85
867.00 1.421092 11.85
868.00 1.421090 11.85
869.00 1.421088 11.85
870.00 1.421086 11.85
871.00 1.421084 11.85
872.00 1.421081 11.85
873.00 1.421079 11.85
874.00 1.421077 11.85
875.00 1.421075 11.85
876.00 1.421073 11.85
877.00 1.421071 11.85
878.00 1.421069 11.85
879.00 1.421067 11.85
880.00 1.421065 11.85
881.00 1.421064 11.85
882.00 1.421062 11.85
883.00 1.421060 11.85
884.00 1.421058 11.85
885.00 1.421056 11.85
886.00 1.421055 11.85
887.00 1.421053 11.85
888.00 1.421051 11.85
889.00 1.421050 11.85
890.00 1.421048 11.85
891.00 1.421046 11.85
892.00 1.421045 11.85
893.00 1.421043 11.85
894.00 1.421041 11.85
895.00 1.421040 11.85
896.00 1.421038 11.85
897.00 1.421037 11.85
898.00 1.421035 11.85
899.00 1.421034 11.85
900.00 1.421033 11.85
901.00 1.421031 11.85
902.00 1.421030 11.85
903.00 1.421028 11.85
904.00 1.421027 11.85
905.00 1.421026 11.85
906.00 1.421024 11.85
907.00 1.421023 11.85
908.00 1.421022 11.85
909.00 1.421020 11.85
910.00 1.421019 11.85
911.00 1.421018 11.85
912.00 1.421017 11.85
913.00 1.421015 11.85
914.00 1.421014 11.85
915.00 1.421013 11.85
916.00 1.421012 11.85
917.00 1.421011 11.85
918.00 1.421010 11.85
919.00 1.421008 11.85
920.00 1.421007 11.85
921.00 1.421006 11.85
922.00 1.421005 11.85
923.00 1.421004 11.85
924.00 1.421003 11.85
925.00 1.421002 11.85
926.00 1.421001 11.85
927.00 1.421000 11.85
928.00 1.420999 11.85
929.00 1.420998 11.85
930.00 1.420997 11.85
931.00 1.420996 11.85
932.00 1.420995 11.85
933.00 1.420994 11.85
934.00 1.420993 11.85
935.00 1.420992 11.85
936.00 1.420991 11.85
937.00 1.420991 11.85
938.00 1.420990 11.85
939.00 1.420989 11.85
940.00 1.420988 11.85
941.00 1.420987 11.85
942.00 1.420986 11.85
943.00 1.420985 11.85
944.00 1.420985 11.85
945.00 1.420984 11.85
946.00 1.420983 11.85
947.00 1.420982 11.85
948.00 1.420982 11.85
949.00 1.420981 11.85
950.00 1.420980 11.85
951.00 1.420979 11.85
952.00 1.420979 11.85
953.00 1.420978 11.85
954.00 1.420977 11.85
955.00 1.420976 11.85
956.00 1.420976 11.85
957.00 1.420975 11.85
958.00 1.420974 11.85
959.00 1.420974 11.85
960.00 1.420973 11.85
961.00 1.420972 11.85
962.00 1.420972 11.85
963.00 1.420971 11.85
964.00 1.420970 11.85
965.00 1.420970 11.85
966.00 1.420969 11.85
967.00 1.420969 11.85
968.00 1.420968 11.85
969.00 1.420967 11.85
970.00 1.420967 11.85
971.00 1.420966 11.85
972.00 1.420966 11.85
973.00 1.420965 11.85
974.00 1.420965 11.85
975.00 1.420964 11.85
976.00 1.420963 11.85
977.00 1.420963 11.85
978.00 1.420962 11.85
979.00 1.420962 11.85
980.00 1.420961 11.85
981.00 1.420961 11.85
982.00 1.420960 11.85
983.00 1.420960 11.85
984.00 1.420959 11.85
985.00 1.420959 11.85
986.00 1.420958 11.85
987.00 1.420958 11.85
988.00 1.420957 11.85
989.00 1.420957 11.85
990.00 1.420957 11.85
991.00 1.420956 11.85
992.00 1.420956 11.85
993.00 1.420955 11.85
994.00 1.420955 11.85
995.00 1.420954 11.85
996.00 1.420954 11.85
997.00 1.420954 11.85
998.00 1.420953 11.85
999.00 1.420953 11.85
1000.00 1.420952 11.85
1001.00 1.420952 11.85
1002.00 1.420952 11.85
1003.00 1.420951 11.85
1004.00 1.420951 11.85
1005.00 1.420950 11.85
1006.00 1.420950 11.85
1007.00 1.420950 11.85
1008.00 1.420949 11.85
1009.00 1.420949 11.85
1010.00 1.420949 11.85
1011.00 1.420948 11.85
1012.00 1.420948 11.85
1013.00 1.420948 11.85
1014.00 1.420947 11.85
1015.00 1.420947 11.85
1016.00 1.420947 11.85
1017.00 1.420946 11.85
1018.00 1.420946 11.85
1019.00 1.420946 11.85
1020.00 1.420945 11.85
1021.00 1.420945 11.85
1022.00 1.420945 11.85
1023.00 1.420944 11.85
1024.00 1.420944 11.85
1025.00 1.420944 11.85
1026.00 1.420944 11.85
1027.00 1.420943 11.85
1028.00 1.420943 11.85
1029.00 1.420943 11.85
1030.00 1.420942 11.85
1031.00 1.420942 11.85
1032.00 1.420942 11.85
1033.00 1.420942 11.85
1034.00 1.420941 11.85
1035.00 1.420941 11.85
1036.00 1.420941 11.85
1037.00 1.420941 11.85
1038.00 1.420940 11.85
1039.00 1.420940 11.85
1040.00 1.420940 11.85
1041.00 1.420940 11.85
1042.00 1.420939 11.85
1043.00 1.420939 11.85
1044.00 1.420939 11.85
1045.00 1.420939 11.85
1046.00 1.420938 11.85
1047.00 1.420938 11.85
1048.00 1.420938 11.85
1049.00 1.420938 11.85
1050.00 1.420938 11.85
1051.00 1.420937 11.85
1052.00 1.420937 11.85
1053.00 1.420937 11.85
1054.00 1.420937 11.85
1055.00 1.420937 11.85
1056.00 1.420936 11.85
1057.00 1.420936 11.85
1058.00 1.420936 11.85
1059.00 1.420936 11.85
1060.00 1.420936 11.85
1061.00 1.420935 11.85
1062.00 1.420935 11.85
1063.00 1.420935 11.85
1064.00 1.420935 11.85
1065.00 1.420935 11.85
1066.00 1.420934 11.85
1067.00 1.420934 11.85
1068.00 1.420934 11.85
1069.00 1.420934 11.85
1070.00 1.420934 11.85
1071.00 1.420934 11.85
1072.00 1.420933 11.85
1073.00 1.420933 11.85
1074.00 1.420933 11.85
1075.00 1.420933 11.85
1076.00 1.420933 11.85
1077.00 1.420933 11.85
1078.00 1.420932 11.85
1079.00 1.420932 11.85
1080.00 1.420932 11.85
1081.00 1.420932 11.85
1082.00 1.420932 11.85
1083.00 1.420932 11.85
1084.00 1.420932 11.85
1085.00 1.420931 11.85
1086.00 1.420931 11.85
1087.00 1.420931 11.85
1088.00 1.420931 11.85
1089.00 1.420931 11.85
1090.00 1.420931 11.85
1091.00 1.420931 11.85
1092.00 1.420931 11.85
1093.00 1.420930 11.85
1094.00 1.420930 11.85
1095.00 1.420930 11.85
1096.00 1.420930 11.85
1097.00 1.420930 11.85
1098.00 1.420930 11.85
1099.00 1.420930 11.85
1100.00 1.420930 11.85
1101.00 1.420929 11.85
1102.00 1.420929 11.85
1103.00 1.420929 11.85
1104.00 1.420929 11.85
1105.00 1.420929 11.85
1106.00 1.420929 11.85
1107.00 1.420929 11.85
1108.00 1.420929 11.85
1109.00 1.420929 11.85
1110.00 1.420928 11.85
1111.00 1.420928 11.85
1112.00 1.420928 11.85
1113.00 1.420928 11.85
1114.00 1.420928 11.85
1115.00 1.420928 11.85
1116.00 1.420928 11.85
1117.00 1.420928 11.85
1118.00 1.420928 11.85
1119.00 1.420928 11.85
1120.00 1.420927 11.85
1121.00 1.420927 11.85
1122.00 1.420927 11.85
1123.00 1.420927 11.85
1124.00 1.420927 11.85
1125.00 1.420927 11.85
1126.00 1.420927 11.85
1127.00 1.420927 11.85
1128.00 1.420927 11.85
1129.00 1.420927 11.85
1130.00 1.420927 11.85
1131.00 1.420927 11.85
1132.00 1.420926 11.85
1133.00 1.420926 11.85
1134.00 1.420926 11.85
1135.00 1.420926 11.85
1136.00 1.420926 11.85
1137.00 1.420926 11.85
1138.00 1.420926 11.85
1139.00 1.420926 11.85
1140.00 1.420926 11.85
1141.00 1.420926 11.85
1142.00 1.420926 11.85
1143.00 1.420926 11.85
1144.00 1.420926 11.85
1145.00 1.420925 11.85
1146.00 1.420925 11.85
1147.00 1.420925 11.85
1148.00 1.420925 11.85
1149.00 1.420925 11.85
1150.00 1.420925 11.85
1151.00 1.420925 11.85
1152.00 1.420925 11.85
1153.00 1.420925 11.85
1154.00 1.420925 11.85
1155.00 1.420925 11.85
1156.00 1.420925 11.85
1157.00 1.420925 11.85
1158.00 1.420925 11.85
1159.00 1.420925 11.85
1160.00 1.420925 11.85
1161.00 1.420924 11.85
1162.00 1.420924 11.85
1163.00 1.420924 11.85
1164.00 1.420924 11.85
1165.00 1.420924 11.85
1166.00 1.420924 11.85
1167.00 1.420924 11.85
1168.00 1.420924 11.85
1169.00 1.420924 11.85
1170.00 1.420924 11.85
1171.00 1.420924 11.85
1172.00 1.420924 11.85
1173.00 1.420924 11.85
1174.00 1.420924 11.85
1175.00 1.420924 11.85
1176.00 1.420924 11.85
1177.00 1.420924 11.85
1178.00 1.420924 11.85
1179.00 1.420924 11.85
1180.00 1.420924 11.85
1181.00 1.420923 11.85
1182.00 1.420923 11.85
1183.00 1.420923 11.85
1184.00 1.420923 11.85
1185.00 1.420923 11.85
1186.00 1.420923 11.85
1187.00 1.420923 11.85
1188.00 1.420923 11.85
1189.00 1.420923 11.85
1190.00 1.420923 11.85
1191.00 1.420923 11.85
1192.00 1.420923 11.85
1193.00 1.420923 11.85
1194.00 1.420923 11.85
1195.00 1.420923 11.85
1196.00 1.420923 11.85
1197.00 1.420923 11.85
1198.00 1.420923 11.85
1199.00 1.420923 11.85
1200.00 1.420923 11.85
1201.00 1.420923 11.85
1202.00 1.420923 11.85
1203.00 1.420923 11.85
1204.00 1.420923 11.85
1205.00 1.420923 11.85
1206.00 1.420923 11.85
1207.00 1.420922 11.85
1208.00 1.420922 11.85
1209.00 1.420922 11.85
1210.00 1.420922 11.85
1211.00 1.420922 11.85
1212.00 1.420922 11.85
1213.00 1.420922 11.85
1214.00 1.420922 11.85
1215.00 1.420922 11.85
1216.00 1.420922 11.85
1217.00 1.420922 11.85
1218.00 1.420922 11.85
1219.00 1.420922 11.85
1220.00 1.420922 11.85
1221.00 1.420922 11.85
1222.00 1.420922 11.85
1223.00 1.420922 11.85
1224.00 1.420922 11.85
1225.00 1.420922 11.85
1226.00 1.420922 11.85
1227.00 1.420922 11.85
1228.00 1.420922 11.85
1229.00 1.420922 11.85
1230.00 1.420922 11.85
1231.00 1.420922 11.85
1232.00 1.420922 11.85
1233.00 1.420922 11.85
1234.00 1.420922 11.85
1235.00 1.420922 11.85
1236.00 1.420922 11.85
1237.00 1.420922 11.85
1238.00 1.420922 11.85
1239.00 1.420922 11.85
1240.00 1.420922 11.85
1241.00 1.420922 11.85
1242.00 1.420922 11.85
1243.00 1.420921 11.85
1244.00 1.420921 11.85
1245.00 1.420921 11.85
1246.00 1.420921 11.85
1247.00 1.420921 11.85
1248.00 1.420921 11.85
1249.00 1.420921 11.85
1250.00 1.420921 11.85
1251.00 1.420921 11.85
1252.00 1.420921 11.85
1253.00 1.420921 11.85
1254.00 1.420921 11.85
1255.00 1.420921 11.85
1256.00 1.420921 11.85
1257.00 1.420921 11.85
1258.00 1.420921 11.85
1259.00 1.420921 11.85
1260.00 1.420921 11.85
1261.00 1.420921 11.85
1262.00 1.420921 11.85
1263.00 1.420921 11.85
1264.00 1.420921 11.85
1265.00 1.420921 11.85
1266.00 1.420921 11.85
1267.00 1.420921 11.85
1268.00 1.420921 11.85
1269.00 1.420921 11.85
1270.00 1.420921 11.85
1271.00 1.420921 11.85
1272.00 1.420921 11.85
1273.00 1.420921 11.85
1274.00 1.420921 11.85
1275.00 1.420921 11.85
1276.00 1.420921 11.85
1277.00 1.420921 11.85
1278.00 1.420921 11.85
1279.00 1.420921 11.85
1280.00 1.420921 11.85
1281.00 1.420921 11.85
1282.00 1.420921 11.85
1283.00 1.420921 11.85
1284.00 1.420921 11.85
1285.00 1.420921 11.85
1286.00 1.420921 11.85
1287.00 1.420921 11.85
1288.00 1.420921 11.85
1289.00 1.420921 11.85
1290.00 1.420921 11.85
1291.00 1.420921 11.85
1292.00 1.420921 11.85
1293.00 1.420921 11.85
1294.00 1.420921 11.85
1295.00 1.420921 11.85
1296.00 1.420921 11.85
1297.00 1.420921 11.85
1298.00 1.420921 11.85
1299.00 1.420921 11.85
1300.00 1.420921 11.85
1301.00 1.420921 11.85
1302.00 1.420921 11.85
1303.00 1.420921 11.85
1304.00 1.420921 11.85
1305.00 1.420920 11.85
1306.00 1.420920 11.85
1307.00 1.420920 11.85
1308.00 1.420920 11.85
1309.00 1.420920 11.85
1310.00 1.420920 11.85
1311.00 1.420920 11.85
1312.00 1.420920 11.85
1313.00 1.420920 11.85
1314.00 1.420920 11.85
1315.00 1.420920 11.85
1316.00 1.420920 11.85
1317.00 1.420920 11.85
1318.00 1.420920 11.85
1319.00 1.420920 11.85
1320.00 1.420920 11.85
1321.00 1.420920 11.85
1322.00 1.420920 11.85
1323.00 1.420920 11.85
1324.00 1.420920 11.85
1325.00 1.420920 11.85
1326.00 1.420920 11.85
1327.00 1.420920 11.85
1328.00 1.420920 11.85
1329.00 1.420920 11.85
1330.00 1.420920 11.85
1331.00 1.420920 11.85
1332.00 1.420920 11.85
1333.00 1.420920 11.85
1334.00 1.420920 11.85
1335.00 1.420920 11.85
1336.00 1.420920 11.85
1337.00 1.420920 11.85
1338.00 1.420920 11.85
1339.00 1.420920 11.85
1340.00 1.420920 11.85
1341.00 1.420920 11.85
1342.00 1.420920 11.85
1343.00 1.420920 11.85
1344.00 1.420920 11.85
1345.00 1.420920 11.85
1346.00 1.420920 11.85
1347.00 1.420920 11.85
1348.00 1.420920 11.85
1349.00 1.420920 11.85
1350.00 1.420920 11.85
1351.00 1.420920 11.85
1352.00 1.420920 11.85
1353.00 1.420920 11.85
1354.00 1.420920 11.85
1355.00 1.420920 11.85
1356.00 1.420920 11.85
1357.00 1.420920 11.85
1358.00 1.420920 11.85
1359.00 1.420920 11.85
1360.00 1.420920 11.85
1361.00 1.420920 11.85
1362.00 1.420920 11.85
1363.00 1.420920 11.85
1364.00 1.420920 11.85
1365.00 1.420920 11.85
1366.00 1.420920 11.85
1367.00 1.420920 11.85
1368.00 1.420920 11.85
1369.00 1.420920 11.85
1370.00 1.420920 11.85
1371.00 1.420920 11.85
1372.00 1.420920 11.85
1373.00 1.420920 11.85
1374.00 1.420920 11.85
1375.00 1.420920 11.85
1376.00 1.420920 11.85
1377.00 1.420920 11.85
1378.00 1.420920 11.85
1379.00 1.420920 11.85
1380.00 1.420920 11.85
1381.00 1.420920 11.85
1382.00 1.420920 11.85
1383.00 1.420920 11.85
1384.00 1.420920 11.85
1385.00 1.420920 11.85
1386.00 1.420920 11.85
1387.00 1.420920 11.85
1388.00 1.420920 11.85
1389.00 1.420920 11.85
1390.00 1.420920 11.85
1391.00 1.420920 11.85
1392.00 1.420920 11.85
1393.00 1.420920 11.85
1394.00 1.420920 11.85
1395.00 1.420920 11.85
1396.00 1.420920 11.85
1397.00 1.420920 11.85
1398.00 1.420920 11.85
1399.00 1.420920 11.85
1400.00 1.420920 11.85
1401.00 1.420920 11.85
1402.00 1.420920 11.85
1403.00 1.420920 11.85
1404.00 1.420920 11.85
1405.00 1.420920 11.85
1406.00 1.420920 11.85
1407.00 1.420920 11.85
1408.00 1.420920 11.85
1409.00 1.420920 11.85
1410.00 1.420920 11.85
1411.00 1.420920 11.85
1412.00 1.420920 11.85
1413.00 1.420920 11.85
1414.00 1.420920 11.85
1415.00 1.420920 11.85
1416.00 1.420920 11.85
1417.00 1.420920 11.85
1418.00 1.420920 11.85
1419.00 1.420920 11.85
1420.00 1.420920 11.85
1421.00 1.420920 11.85
1422.00 1.420920 11.85
1423.00 1.420920 11.85
1424.00 1.420920 11.85
1425.00 1.420920 11.85
1426.00 1.420920 11.85
1427.00 1.420920 11.85
1428.00 1.420920 11.85
1429.00 1.420920 11.85
1430.00 1.420920 11.85
1431.00 1.420920 11.85
1432.00 1.420920 11.85
1433.00 1.420920 11.85
1434.00 1.420920 11.85
1435.00 1.420920 11.85
1436.00 1.420920 11.85
1437.00 1.420920 11.85
1438.00 1.420920 11.85
1439.00 1.420920 11.85
1440.00 1.420920 11.85
1441.00 1.420920 11.85
1442.00 1.420920 11.85
1443.00 1.420920 11.85
1444.00 1.420920 11.85
1445.00 1.420920 11.85
1446.00 1.420920 11.85
1447.00 1.420920 11.85
1448.00 1.420920 11.85
1449.00 1.420920 11.85
1450.00 1.420920 11.85
1451.00 1.420920 11.85
1452.00 1.420920 11.85
1453.00 1.420920 11.85
1454.00 1.420920 11.85
1455.00 1.420920 11.85
1456.00 1.420920 11.85
1457.00 1.420920 11.85
1458.00 1.420920 11.85
1459.00 1.420920 11.85
1460.00 1.420920 11.85
1461.00 1.420920 11.85
1462.00 1.420920 11.85
1463.00 1.420920 11.85
1464.00 1.420920 11.85
1465.00 1.420920 11.85
1466.00 1.420920 11.85
1467.00 1.420920 11.85
1468.00 1.420920 11.85
1469.00 1.420920 11.85
1470.00 1.420920 11.85
1471.00 1.420920 11.85
1472.00 1.420920 11.85
1473.00 1.420920 11.85
1474.00 1.420920 11.85
1475.00 1.420920 11.85
1476.00 1.420920 11.85
1477.00 1.420920 11.85
1478.00 1.420920 11.85
1479.00 1.420920 11.85
1480.00 1.420920 11.85
1481.00 1.420920 11.85
1482.00 1.420920 11.85
1483.00 1.420920 11.85
1484.00 1.420920 11.85
1485.00 1.420920 11.85
1486.00 1.420920 11.85
1487.00 1.420920 11.85
1488.00 1.420920 11.85
1489.00 1.420920 11.85
1490.00 1.420920 11.85
1491.00 1.420920 11.85
1492.00 1.420920 11.85
1493.00 1.420920 11.85
1494.00 1.420920 11.85
1495.00 1.420920 11.85
1496.00 1.420920 11.85
1497.00 1.420920 11.85
1498.00 1.420920 11.85
1499.00 1.420920 11.85
1500.00 1.420920 11.85
1501.00 1.420920 11.85
1502.00 1.420920 11.85
1503.00 1.420920 11.85
1504.00 1.420920 11.85
1505.00 1.420920 11.85
1506.00 1.420920 11.85
1507.00 1.420920 11.85
1508.00 1.420920 11.85
1509.00 1.420920 11.85
1510.00 1.420920 11.85
1511.00 1.420920 11.85
1512.00 1.420920 11.85
1513.00 1.420920 11.85
1514.00 1.420920 11.85
1515.00 1.420920 11.85
1516.00 1.420920 11.85
1517.00 1.420920 11.85
1518.00 1.420920 11.85
1519.00 1.420920 11.85
1520.00 1.420920 11.85
1521.00 1.420920 11.85
1522.00 1.420920 11.85
1523.00 1.420920 11.85
1524.00 1.420920 11.85
1525.00 1.420920 11.85
1526.00 1.420920 11.85
1527.00 1.420920 11.85
1528.00 1.420920 11.85
1529.00 1.420920 11.85
1530.00 1.420920 11.85
1531.00 1.420920 11.85
1532.00 1.420920 11.85
1533.00 1.420920 11.85
1534.00 1.420920 11.85
1535.00 1.420920 11.85
1536.00 1.420920 11.85
1537.00 1.420920 11.85
1538.00 1.420920 11.85
1539.00 1.420920 11.85
1540.00 1.420920 11.85
1541.00 1.420920 11.85
1542.00 1.420920 11.85
1543.00 1.420920 11.85
1544.00 1.420920 11.85
1545.00 1.420920 11.85
1546.00 1.420920 11.85
1547.00 1.420920 11.85
1548.00 1.420920 11.85
1549.00 1.420920 11.85
1550.00 1.420920 11.85
1551.00 1.420920 11.85
1552.00 1.420920 11.85
1553.00 1.420920 11.85
1554.00 1.420920 11.85
1555.00 1.420920 11.85
1556.00 1.420920 11.85
1557.00 1.420920 11.85
1558.00 1.420920 11.85
1559.00 1.420920 11.85
1560.00 1.420920 11.85
1561.00 1.420920 11.85
1562.00 1.420920 11.85
1563.00 1.420920 11.85
1564.00 1.420920 11.85
1565.00 1.420920 11.85
1566.00 1.420920 11.85
1567.00 1.420920 11.85
1568.00 1.420920 11.85
1569.00 1.420920 11.85
1570.00 1.420920 11.85
1571.00 1.420920 11.85
1572.00 1.420920 11.85
1573.00 1.420920 11.85
1574.00 1.420920 11.85
1575.00 1.420920 11.85
1576.00 1.420920 11.85
1577.00 1.420920 11.85
1578.00 1.420920 11.85
1579.00 1.420920 11.85
1580.00 1.420920 11.85
1581.00 1.420920 11.85
1582.00 1.420920 11.85
1583.00 1.420920 11.85
1584.00 1.420920 11.85
1585.00 1.420920 11.85
1586.00 1.420920 11.85
1587.00 1.420920 11.85
1588.00 1.420920 11.85
1589.00 1.420920 11.85
1590.00 1.420920 11.85
1591.00 1.420920 11.85
1592.00 1.420919 11.85
1593.00 1.420919 11.85
1594.00 1.420919 11.85
1595.00 1.420919 11.85
1596.00 1.420919 11.85
1597.00 1.420919 11.85
1598.00 1.420919 11.85
1599.00 1.420919 11.85
1600.00 1.420919 11.85
1601.00 1.420919 11.85
1602.00 1.420919 11.85
1603.00 1.420919 11.85
1604.00 1.420919 11.85
1605.00 1.420919 11.85
1606.00 1.420919 11.85
1607.00 1.420919 11.85
1608.00 1.420919 11.85
1609.00 1.420919 11.85
1610.00 1.420919 11.85
1611.00 1.420919 11.85
1612.00 1.420919 11.85
1613.00 1.420919 11.85
1614.00 1.420919 11.85
1615.00 1.420919 11.85
1616.00 1.420919 11.85
1617.00 1.420919 11.85
1618.00 1.420919 11.85
1619.00 1.420919 11.85
1620.00 1.420919 11.85
1621.00 1.420919 11.85
1622.00 1.420919 11.85
1623.00 1.420919 11.85
1624.00 1.420919 11.85
1625.00 1.420919 11.85
1626.00 1.420919 11.85
1627.00 1.420919 11.85
1628.00 1.420919 11.85
1629.00 1.420919 11.85
1630.00 1.420919 11.85
1631.00 1.420919 11.85
1632.00 1.420919 11.85
1633.00 1.420919 11.85
1634.00 1.420919 11.85
1635.00 1.420919 11.85
1636.00 1.420919 11.85
1637.00 1.420919 11.85
1638.00 1.420919 11.85
1639.00 1.420919 11.85
1640.00 1.420919 11.85
1641.00 1.420919 11.85
1642.00 1.420919 11.85
1643.00 1.420919 11.85
1644.00 1.420919 11.85
1645.00 1.420919 11.85
1646.00 1.420919 11.85
1647.00 1.420919 11.85
1648.00 1.420919 11.85
1649.00 1.420919 11.85
1650.00 1.420919 11.85
1651.00 1.420919 11.85
1652.00 1.420919 11.85
1653.00 1.420919 11.85
1654.00 1.420919 11.85
1655.00 1.420919 11.85
1656.00 1.420919 11.85
1657.00 1.420919 11.85
1658.00 1.420919 11.85
1659.00 1.420919 11.85
1660.00 1.420919 11.85
1661.00 1.420919 11.85
1662.00 1.420919 11.85
1663.00 1.420919 11.85
1664.00 1.420919 11.85
1665.00 1.420919 11.85
1666.00 1.420919 11.85
1667.00 1.420919 11.85
1668.00 1.420919 11.85
1669.00 1.420919 11.85
1670.00 1.420919 11.85
1671.00 1.420919 11.85
1672.00 1.420919 11.85
1673.00 1.420919 11.85
1674.00 1.420919 11.85
1675.00 1.420919 11.85
1676.00 1.420919 11.85
1677.00 1.420919 11.85
1678.00 1.420919 11.85
1679.00 1.420919 11.85
1680.00 1.420919 11.85
1681.00 1.420919 11.85
1682.00 1.420919 11.85
1683.00 1.420919 11.85
1684.00 1.420919 11.85
1685.00 1.420919 11.85
1686.00 1.420919 11.85
1687.00 1.420919 11.85
1688.00 1.420919 11.85
1689.00 1.420919 11.85
1690.00 1.420919 11.85
1691.00 1.420919 11.85
1692.00 1.420919 11.85
1693.00 1.420919 11.85
1694.00 1.420919 11.85
1695.00 1.420919 11.85
1696.00 1.420919 11.85
1697.00 1.420919 11.85
1698.00 1.420919 11.85
1699.00 1.420919 11.85
1700.00 1.420919 11.85
1701.00 1.420919 11.85
1702.00 1.420919 11.85
1703.00 1.420919 11.85
1704.00 1.420919 11.85
1705.00 1.420919 11.85
1706.00 1.420919 11.85
1707.00 1.420919 11.85
1708.00 1.420919 11.85
1709.00 1.420919 11.85
1710.00 1.420919 11.85
1711.00 1.420919 11.85
1712.00 1.420919 11.85
1713.00 1.420919 11.85
1714.00 1.420919 11.85
1715.00 1.420919 11.85
1716.00 1.420919 11.85
1717.00 1.420919 11.85
1718.00 1.420919 11.85
1719.00 1.420919 11.85
1720.00 1.420919 11.85
1721.00 1.420919 11.85
1722.00 1.420919 11.85
1723.00 1.420919 11.85
1724.00 1.420919 11.85
1725.00 1.420919 11.85
1726.00 1.420919 11.85
1727.00 1.420919 11.85
1728.00 1.420919 11.85
1729.00 1.420919 11.85
1730.00 1.420919 11.85
1731.00 1.420919 11.85
1732.00 1.420919 11.85
1733.00 1.420919 11.85
1734.00 1.420919 11.85
1735.00 1.420919 11.85
1736.00 1.420919 11.85
1737.00 1.420919 11.85
1738.00 1.420919 11.85
1739.00 1.420919 11.85
1740.00 1.420919 11.85
1741.00 1.420919 11.85
1742.00 1.420919 11.85
1743.00 1.420919 11.85
1744.00 1.420919 11.85
1745.00 1.420919 11.85
1746.00 1.420919 11.85
1747.00 1.420919 11.85
1748.00 1.420919 11.85
1749.00 1.420919 11.85
1750.00 1.420919 11.85
1751.00 1.420919 11.85
1752.00 1.420919 11.85
1753.00 1.420919 11.85
1754.00 1.420919 11.85
1755.00 1.420919 11.85
1756.00 1.420919 11.85
1757.00 1.420919 11.85
1758.00 1.420919 11.85
1759.00 1.420919 11.85
1760.00 1.420919 11.85
1761.00 1.420919 11.85
1762.00 1.420919 11.85
1763.00 1.420919 11.85
1764.00 1.420919 11.85
1765.00 1.420919 11.85
1766.00 1.420919 11.85
1767.00 1.420919 11.85
1768.00 1.420919 11.85
1769.00 1.420919 11.85
1770.00 1.420919 11.85
1771.00 1.420919 11.85
1772.00 1.420919 11.85
1773.00 1.420919 11.85
1774.00 1.420919 11.85
1775.00 1.420919 11.85
1776.00 1.420919 11.85
1777.00 1.420919 11.85
1778.00 1.420919 11.85
1779.00 1.420919 11.85
1780.00 1.420919 11.85
1781.00 1.420919 11.85
1782.00 1.420919 11.85
1783.00 1.420919 11.85
1784.00 1.420919 11.85
1785.00 1.420919 11.85
1786.00 1.420919 11.85
1787.00 1.420919 11.85
1788.00 1.420919 11.85
1789.00 1.420919 11.85
1790.00 1.420919 11.85
1791.00 1.420919 11.85
1792.00 1.420919 11.85
1793.00 1.420919 11.85
1794.00 1.420919 11.85
1795.00 1.420919 11.85
1796.00 1.420919 11.85
1797.00 1.420919 11.85
1798.00 1.420919 11.85
1799.00 1.420919 11.85
1800.00 1.420919 11.85
1801.00 1.420919 11.85
1802.00 1.420919 11.85
1803.00 1.420919 11.85
1804.00 1.420919 11.85
1805.00 1.420919 11.85
1806.00 1.420919 11.85
1807.00 1.420919 11.85
1808.00 1.420919 11.85
1809.00 1.420919 11.85
1810.00 1.420919 11.85
1811.00 1.420919 11.85
1812.00 1.420919 11.85
1813.00 1.420919 11.85
1814.00 1.420919 11.85
1815.00 1.420919 11.85
1816.00 1.420919 11.85
1817.00 1.420919 11.85
1818.00 1.420919 11.85
1819.00 1.420919 11.85
1820.00 1.420919 11.85
1821.00 1.420919 11.85
1822.00 1.420919 11.85
1823.00 1.420919 11.85
1824.00 1.420919 11.85
1825.00 1.420919 11.85
1826.00 1.420919 11.85
1827.00 1.420919 11.85
1828.00 1.420919 11.85
1829.00 1.420919 11.85
1830.00 1.420919 11.85
1831.00 1.420919 11.85
1832.00 1.420919 11.85
1833.00 1.420919 11.85
1834.00 1.420919 11.85
1835.00 1.420919 11.85
1836.00 1.420919 11.85
1837.00 1.420919 11.85
1838.00 1.420919 11.85
1839.00 1.420919 11.85
1840.00 1.420919 11.85
1841.00 1.420919 11.85
1842.00 1.420919 11.85
1843.00 1.420919 11.85
1844.00 1.420919 11.85
1845.00 1.420919 11.85
1846.00 1.420919 11.85
1847.00 1.420919 11.85
1848.00 1.420919 11.85
1849.00 1.420919 11.85
1850.00 1.420919 11.85
1851.00 1.420919 11.85
1852.00 1.420919 11.85
1853.00 1.420919 11.85
1854.00 1.420919 11.85
1855.00 1.420919 11.85
1856.00 1.420919 11.85
1857.00 1.420919 11.85
1858.00 1.420919 11.85
1859.00 1.420919 11.85
1860.00 1.420919 11.85
1861.00 1.420919 11.85
1862.00 1.420919 11.85
1863.00 1.420919 11.85
1864.00 1.420919 11.85
1865.00 1.420919 11.85
1866.00 1.420919 11.85
1867.00 1.420919 11.85
1868.00 1.420919 11.85
1869.00 1.420919 11.85
1870.00 1.420919 11.85
1871.00 1.420919 11.85
1872.00 1.420919 11.85
1873.00 1.420919 11.85
1874.00 1.420919 11.85
1875.00 1.420919 11.85
1876.00 1.420919 11.85
1877.00 1.420919 11.85
1878.00 1.420919 11.85
1879.00 1.420919 11.85
1880.00 1.420919 11.85
1881.00 1.420919 11.85
1882.00 1.420919 11.85
1883.00 1.420919 11.85
1884.00 1.420919 11.85
1885.00 1.420919 11.85
1886.00 1.420919 11.85
1887.00 1.420919 11.85
1888.00 1.420919 11.85
1889.00 1.420919 11.85
1890.00 1.420919 11.85
1891.00 1.420919 11.85
1892.00 1.420919 11.85
1893.00 1.420919 11.85
1894.00 1.420919 11.85
1895.00 1.420919 11.85
1896.00 1.420919 11.85
1897.00 1.420919 11.85
1898.00 1.420919 11.85
1899.00 1.420919 11.85
1900.00 1.420919 11.85
1901.00 1.420919 11.85
1902.00 1.420919 11.85
1903.00 1.420919 11.85
1904.00 1.420919 11.85
1905.00 1.420919 11.85
1906.00 1.420919 11.85
1907.00 1.420919 11.85
1908.00 1.420919 11.85
1909.00 1.420919 11.85
1910.00 1.420919 11.85
1911.00 1.420919 11.85
1912.00 1.420919 11.85
1913.00 1.420919 11.85
1914.00 1.420919 11.85
1915.00 1.420919 11.85
1916.00 1.420919 11.85
1917.00 1.420919 11.85
1918.00 1.420919 11.85
1919.00 1.420919 11.85
1920.00 1.420919 11.85
1921.00 1.420919 11.85
1922.00 1.420919 11.85
1923.00 1.420919 11.85
1924.00 1.420919 11.85
1925.00 1.420919 11.85
1926.00 1.420919 11.85
1927.00 1.420919 11.85
1928.00 1.420919 11.85
1929.00 1.420919 11.85
1930.00 1.420919 11.85
1931.00 1.420919 11.85
1932.00 1.420919 11.85
1933.00 1.420919 11.85
1934.00 1.420919 11.85
1935.00 1.420919 11.85
1936.00 1.420919 11.85
1937.00 1.420919 11.85
1938.00 1.420919 11.85
1939.00 1.420919 11.85
1940.00 1.420919 11.85
1941.00 1.420919 11.85
1942.00 1.420919 11.85
1943.00 1.420919 11.85
1944.00 1.420919 11.85
1945.00 1.420919 11.85
1946.00 1.420919 11.85
1947.00 1.420919 11.85
1948.00 1.420919 11.85
1949.00 1.420919 11.85
1950.00 1.420919 11.85
1951.00 1.420919 11.85
1952.00 1.420919 11.85
1953.00 1.420919 11.85
1954.00 1.420919 11.85
1955.00 1.420919 11.85
1956.00 1.420919 11.85
1957.00 1.420919 11.85
1958.00 1.420919 11.85
1959.00 1.420919 11.85
1960.00 1.420919 11.85
1961.00 1.420919 11.85
1962.00 1.420919 11.85
1963.00 1.420919 11.85
1964.00 1.420919 11.85
1965.00 1.420919 11.85
1966.00 1.420919 11.85
1967.00 1.420919 11.85
1968.00 1.420919 11.85
1969.00 1.420919 11.85
1970.00 1.420919 11.85
1971.00 1.420919 11.85
1972.00 1.420919 11.85
1973.00 1.420919 11.85
1974.00 1.420919 11.85
1975.00 1.420919 11.85
1976.00 1.420919 11.85
1977.00 1.420919 11.85
1978.00 1.420919 11.85
1979.00 1.420919 11.85
1980.00 1.420919 11.85
1981.00 1.420919 11.85
1982.00 1.420919 11.85
1983.00 1.420919 11.85
1984.00 1.420919 11.85
1985.00 1.420919 11.85
1986.00 1.420919 11.85
1987.00 1.420919 11.85
1988.00 1.420919 11.85
1989.00 1.420919 11.85
1990.00 1.420919 11.85
1991.00 1.420919 11.85
1992.00 1.420919 11.85
1993.00 1.420919 11.85
1994.00 1.420919 11.85
1995.00 1.420919 11.85
1996.00 1.420919 11.85
1997.00 1.420919 11.85
1998.00 1.420919 11.85
1999.00 1.420919 11.85
2000.00 1.420919 11.85
