0.00 0.393260 4.41
1.00 0.392661 4.41
2.00 0.392067 4.41
3.00 0.391478 4.41
4.00 0.390896 4.41
5.00 0.390319 4.41
6.00 0.389749 4.41
7.00 0.389184 4.41
8.00 0.388623 4.41
9.00 0.388092 4.39
10.00 0.387590 4.38
11.00 0.387100 4.38
12.00 0.386618 4.38
13.00 0.386145 4.38
14.00 0.385677 4.38
15.00 0.385215 4.38
16.00 0.384756 4.38
17.00 0.384313 4.37
18.00 0.383888 4.36
19.00 0.383474 4.36
20.00 0.383064 4.36
21.00 0.382659 4.36
22.00 0.382256 4.36
23.00 0.381856 4.36
24.00 0.381458 4.36
25.00 0.381061 4.36
26.00 0.380665 4.36
27.00 0.380300 4.35
28.00 0.379947 4.35
29.00 0.379597 4.35
30.00 0.379250 4.35
31.00 0.378905 4.35
32.00 0.378562 4.35
33.00 0.378228 4.34
34.00 0.377943 4.33
35.00 0.377667 4.33
36.00 0.377395 4.33
37.00 0.377128 4.33
38.00 0.376863 4.33
39.00 0.376601 4.33
40.00 0.376340 4.33
41.00 0.376081 4.33
42.00 0.375822 4.33
43.00 0.375564 4.33
44.00 0.375307 4.33
45.00 0.375049 4.33
46.00 0.374856 4.31
47.00 0.374705 4.31
48.00 0.374560 4.31
49.00 0.374420 4.31
50.00 0.374284 4.31
51.00 0.374150 4.31
52.00 0.374020 4.31
53.00 0.373891 4.31
54.00 0.373764 4.31
55.00 0.373639 4.31
56.00 0.373530 4.30
57.00 0.373425 4.30
58.00 0.373322 4.30
59.00 0.373221 4.30
60.00 0.373122 4.30
61.00 0.373025 4.30
62.00 0.372929 4.30
63.00 0.372834 4.30
64.00 0.372741 4.30
65.00 0.372648 4.30
66.00 0.372572 4.29
67.00 0.372504 4.28
68.00 0.372437 4.28
69.00 0.372374 4.28
70.00 0.372312 4.28
71.00 0.372252 4.28
72.00 0.372193 4.28
73.00 0.372137 4.28
74.00 0.372081 4.28
75.00 0.372028 4.28
76.00 0.371975 4.28
77.00 0.371924 4.28
78.00 0.371875 4.28
79.00 0.371826 4.28
80.00 0.371779 4.28
81.00 0.371737 4.27
82.00 0.371705 4.26
83.00 0.371687 4.26
84.00 0.371671 4.26
85.00 0.371658 4.26
86.00 0.371645 4.26
87.00 0.371634 4.26
88.00 0.371624 4.26
89.00 0.371615 4.26
90.00 0.371607 4.26
91.00 0.371599 4.26
92.00 0.371592 4.26
93.00 0.371586 4.26
94.00 0.371581 4.26
95.00 0.371576 4.26
96.00 0.371571 4.26
97.00 0.371567 4.26
98.00 0.371563 4.26
99.00 0.371559 4.26
100.00 0.371556 4.26
101.00 0.371553 4.26
102.00 0.371551 4.26
103.00 0.371548 4.26
104.00 0.371546 4.26
105.00 0.371544 4.26
106.00 0.371542 4.26
107.00 0.371541 4.26
108.00 0.371539 4.26
109.00 0.371538 4.26
110.00 0.371536 4.26
111.00 0.371535 4.26
112.00 0.371534 4.26
113.00 0.371533 4.26
114.00 0.371532 4.26
115.00 0.371532 4.26
116.00 0.371531 4.26
117.00 0.371530 4.26
118.00 0.371530 4.26
119.00 0.371529 4.26
120.00 0.371528 4.26
121.00 0.371528 4.26
122.00 0.371528 4.26
123.00 0.371527 4.26
124.00 0.371527 4.26
125.00 0.371527 4.26
126.00 0.371526 4.26
127.00 0.371526 4.26
128.00 0.371526 4.26
129.00 0.371526 4.26
130.00 0.371525 4.26
131.00 0.371525 4.26
132.00 0.371525 4.26
133.00 0.371525 4.26
134.00 0.371525 4.26
135.00 0.371525 4.26
136.00 0.371524 4.26
137.00 0.371524 4.26
138.00 0.371524 4.26
139.00 0.371524 4.26
140.00 0.371524 4.26
141.00 0.371524 4.26
142.00 0.371524 4.26
143.00 0.371524 4.26
144.00 0.371524 4.26
145.00 0.371524 4.26
146.00 0.371524 4.26
147.00 0.371524 4.26
148.00 0.371524 4.26
149.00 0.371524 4.26
150.00 0.371524 4.26
151.00 0.371524 4.26
152.00 0.371524 4.26
153.00 0.371523 4.26
154.00 0.371523 4.26
155.00 0.371523 4.26
156.00 0.371523 4.26
157.00 0.371523 4.26
158.00 0.371523 4.26
159.00 0.371523 4.26
160.00 0.371523 4.26
161.00 0.371523 4.26
162.00 0.371523 4.26
163.00 0.371523 4.26
164.00 0.371523 4.26
165.00 0.371523 4.26
166.00 0.371523 4.26
167.00 0.371523 4.26
168.00 0.371523 4.26
169.00 0.371523 4.26
170.00 0.371523 4.26
171.00 0.371523 4.26
172.00 0.371523 4.26
173.00 0.371523 4.26
174.00 0.371523 4.26
175.00 0.371523 4.26
176.00 0.371523 4.26
177.00 0.371523 4.26
178.00 0.371523 4.26
179.00 0.371523 4.26
180.00 0.371523 4.26
181.00 0.371523 4.26
182.00 0.371523 4.26
183.00 0.371523 4.26
184.00 0.371523 4.26
185.00 0.371523 4.26
186.00 0.371523 4.26
187.00 0.371523 4.26
188.00 0.371523 4.26
189.00 0.371523 4.26
190.00 0.371523 4.26
191.00 0.371523 4.26
192.00 0.371523 4.26
193.00 0.371523 4.26
194.00 0.371523 4.26
195.00 0.371523 4.26
196.00 0.371523 4.26
197.00 0.371523 4.26
198.00 0.371523 4.26
199.00 0.371523 4.26
200.00 0.371523 4.26
201.00 0.371523 4.26
202.00 0.371523 4.26
203.00 0.371523 4.26
204.00 0.371523 4.26
205.00 0.371523 4.26
206.00 0.371523 4.26
207.00 0.371523 4.26
208.00 0.371523 4.26
209.00 0.371523 4.26
210.00 0.371523 4.26
211.00 0.371523 4.26
212.00 0.371523 4.26
213.00 0.371523 4.26
214.00 0.371523 4.26
215.00 0.371523 4.26
216.00 0.371523 4.26
217.00 0.371523 4.26
218.00 0.371523 4.26
219.00 0.371523 4.26
220.00 0.371523 4.26
221.00 0.371523 4.26
222.00 0.371523 4.26
223.00 0.371523 4.26
224.00 0.371523 4.26
225.00 0.371523 4.26
226.00 0.371523 4.26
227.00 0.371523 4.26
228.00 0.371523 4.26
229.00 0.371523 4.26
230.00 0.371523 4.26
231.00 0.371523 4.26
232.00 0.371523 4.26
233.00 0.371523 4.26
234.00 0.371523 4.26
235.00 0.371523 4.26
236.00 0.371523 4.26
237.00 0.371523 4.26
238.00 0.371523 4.26
239.00 0.371523 4.26
240.00 0.371523 4.26
241.00 0.371523 4.26
242.00 0.371523 4.26
243.00 0.371523 4.26
244.00 0.371523 4.26
245.00 0.371523 4.26
246.00 0.371523 4.26
247.00 0.371523 4.26
248.00 0.371523 4.26
249.00 0.371523 4.26
250.00 0.371523 4.26
251.00 0.371523 4.26
252.00 0.371523 4.26
253.00 0.371523 4.26
254.00 0.371523 4.26
255.00 0.371523 4.26
256.00 0.371523 4.26
257.00 0.371523 4.26
258.00 0.371523 4.26
259.00 0.371523 4.26
260.00 0.371523 4.26
261.00 0.371523 4.26
262.00 0.371523 4.26
263.00 0.371523 4.26
264.00 0.371523 4.26
265.00 0.371523 4.26
266.00 0.371523 4.26
267.00 0.371523 4.26
268.00 0.371523 4.26
269.00 0.371523 4.26
270.00 0.371523 4.26
271.00 0.371523 4.26
272.00 0.371523 4.26
273.00 0.371523 4.26
274.00 0.371523 4.26
275.00 0.371523 4.26
276.00 0.371523 4.26
277.00 0.371523 4.26
278.00 0.371523 4.26
279.00 0.371523 4.26
280.00 0.371523 4.26
281.00 0.371523 4.26
282.00 0.371523 4.26
283.00 0.371523 4.26
284.00 0.371523 4.26
285.00 0.371523 4.26
286.00 0.371523 4.26
287.00 0.371523 4.26
288.00 0.371523 4.26
289.00 0.371523 4.26
290.00 0.371523 4.26
291.00 0.371523 4.26
292.00 0.371523 4.26
293.00 0.371523 4.26
294.00 0.371523 4.26
295.00 0.371523 4.26
296.00 0.371523 4.26
297.00 0.371523 4.26
298.00 0.371523 4.26
299.00 0.371523 4.26
300.00 0.371523 4.26
301.00 0.371523 4.26
302.00 0.371523 4.26
303.00 0.371523 4.26
304.00 0.371523 4.26
305.00 0.371523 4.26
306.00 0.371523 4.26
307.00 0.371523 4.26
308.00 0.371523 4.26
309.00 0.371523 4.26
310.00 0.371523 4.26
311.00 0.371523 4.26
312.00 0.371523 4.26
313.00 0.371523 4.26
314.00 0.371523 4.26
315.00 0.371523 4.26
316.00 0.371523 4.26
317.00 0.371523 4.26
318.00 0.371523 4.26
319.00 0.371523 4.26
320.00 0.371523 4.26
321.00 0.371523 4.26
322.00 0.371523 4.26
323.00 0.371523 4.26
324.00 0.371523 4.26
325.00 0.371523 4.26
326.00 0.371523 4.26
327.00 0.371523 4.26
328.00 0.371523 4.26
329.00 0.371523 4.26
330.00 0.371523 4.26
331.00 0.371523 4.26
332.00 0.371523 4.26
333.00 0.371523 4.26
334.00 0.371523 4.26
335.00 0.371523 4.26
336.00 0.371523 4.26
337.00 0.371523 4.26
338.00 0.371523 4.26
339.00 0.371523 4.26
340.00 0.371523 4.26
341.00 0.371523 4.26
342.00 0.371523 4.26
343.00 0.371523 4.26
344.00 0.371523 4.26
345.00 0.371523 4.26
346.00 0.371523 4.26
347.00 0.371523 4.26
348.00 0.371523 4.26
349.00 0.371523 4.26
350.00 0.371523 4.26
351.00 0.371523 4.26
352.00 0.371523 4.26
353.00 0.371523 4.26
354.00 0.371523 4.26
355.00 0.371523 4.26
356.00 0.371523 4.26
357.00 0.371523 4.26
358.00 0.371523 4.26
359.00 0.371523 4.26
360.00 0.371523 4.26
361.00 0.371523 4.26
362.00 0.371523 4.26
363.00 0.371523 4.26
364.00 0.371523 4.26
365.00 0.371523 4.26
366.00 0.371523 4.26
367.00 0.371523 4.26
368.00 0.371523 4.26
369.00 0.371523 4.26
370.00 0.371523 4.26
371.00 0.371523 4.26
372.00 0.371523 4.26
373.00 0.371523 4.26
374.00 0.371523 4.26
375.00 0.371523 4.26
376.00 0.371523 4.26
377.00 0.371523 4.26
378.00 0.371523 4.26
379.00 0.371523 4.26
380.00 0.371523 4.26
381.00 0.371523 4.26
382.00 0.371523 4.26
383.00 0.371523 4.26
384.00 0.371523 4.26
385.00 0.371523 4.26
386.00 0.371523 4.26
387.00 0.371523 4.26
388.00 0.371523 4.26
389.00 0.371523 4.26
390.00 0.371523 4.26
391.00 0.371523 4.26
392.00 0.371523 4.26
393.00 0.371523 4.26
394.00 0.371523 4.26
395.00 0.371523 4.26
396.00 0.371523 4.26
397.00 0.371523 4.26
398.00 0.371523 4.26
399.00 0.371523 4.26
400.00 0.371523 4.26
401.00 0.371523 4.26
402.00 0.371523 4.26
403.00 0.371523 4.26
404.00 0.371523 4.26
405.00 0.371523 4.26
406.00 0.371523 4.26
407.00 0.371523 4.26
408.00 0.371523 4.26
409.00 0.371523 4.26
410.00 0.371523 4.26
411.00 0.371523 4.26
412.00 0.371523 4.26
413.00 0.371523 4.26
414.00 0.371523 4.26
415.00 0.371523 4.26
416.00 0.371523 4.26
417.00 0.371523 4.26
418.00 0.371523 4.26
419.00 0.371523 4.26
420.00 0.371523 4.26
421.00 0.371523 4.26
422.00 0.371523 4.26
423.00 0.371523 4.26
424.00 0.371523 4.26
425.00 0.371523 4.26
426.00 0.371523 4.26
427.00 0.371523 4.26
428.00 0.371523 4.26
429.00 0.371523 4.26
430.00 0.371523 4.26
431.00 0.371523 4.26
432.00 0.371523 4.26
433.00 0.371523 4.26
434.00 0.371523 4.26
435.00 0.371523 4.26
436.00 0.371523 4.26
437.00 0.371523 4.26
438.00 0.371523 4.26
439.00 0.371523 4.26
440.00 0.371523 4.26
441.00 0.371523 4.26
442.00 0.371523 4.26
443.00 0.371523 4.26
444.00 0.371523 4.26
445.00 0.371523 4.26
446.00 0.371523 4.26
447.00 0.371523 4.26
448.00 0.371523 4.26
449.00 0.371523 4.26
450.00 0.371523 4.26
451.00 0.371523 4.26
452.00 0.371523 4.26
453.00 0.371523 4.26
454.00 0.371523 4.26
455.00 0.371523 4.26
456.00 0.371523 4.26
457.00 0.371523 4.26
458.00 0.371523 4.26
459.00 0.371523 4.26
460.00 0.371523 4.26
461.00 0.371523 4.26
462.00 0.371523 4.26
463.00 0.371523 4.26
464.00 0.371523 4.26
465.00 0.371523 4.26
466.00 0.371523 4.26
467.00 0.371523 4.26
468.00 0.371523 4.26
469.00 0.371523 4.26
470.00 0.371523 4.26
471.00 0.371523 4.26
472.00 0.371523 4.26
473.00 0.371523 4.26
474.00 0.371523 4.26
475.00 0.371523 4.26
476.00 0.371523 4.26
477.00 0.371523 4.26
478.00 0.371523 4.26
479.00 0.371523 4.26
480.00 0.371523 4.26
481.00 0.371523 4.26
482.00 0.371523 4.26
483.00 0.371523 4.26
484.00 0.371523 4.26
485.00 0.371523 4.26
486.00 0.371523 4.26
487.00 0.371523 4.26
488.00 0.371523 4.26
489.00 0.371523 4.26
490.00 0.371523 4.26
491.00 0.371523 4.26
492.00 0.371523 4.26
493.00 0.371523 4.26
494.00 0.371523 4.26
495.00 0.371523 4.26
496.00 0.371523 4.26
497.00 0.371523 4.26
498.00 0.371523 4.26
499.00 0.371523 4.26
500.00 0.371523 4.26
501.00 0.371523 4.26
502.00 0.371523 4.26
503.00 0.371523 4.26
504.00 0.371523 4.26
505.00 0.371523 4.26
506.00 0.371523 4.26
507.00 0.371523 4.26
508.00 0.371523 4.26
509.00 0.371523 4.26
510.00 0.371523 4.26
511.00 0.371523 4.26
512.00 0.371523 4.26
513.00 0.371523 4.26
514.00 0.371523 4.26
515.00 0.371523 4.26
516.00 0.371523 4.26
517.00 0.371523 4.26
518.00 0.371523 4.26
519.00 0.371523 4.26
520.00 0.371523 4.26
521.00 0.371523 4.26
522.00 0.371523 4.26
523.00 0.371523 4.26
524.00 0.371523 4.26
525.00 0.371523 4.26
526.00 0.371523 4.26
527.00 0.371523 4.26
528.00 0.371523 4.26
529.00 0.371523 4.26
530.00 0.371523 4.26
531.00 0.371523 4.26
532.00 0.371523 4.26
533.00 0.371523 4.26
534.00 0.371523 4.26
535.00 0.371523 4.26
536.00 0.371523 4.26
537.00 0.371523 4.26
538.00 0.371523 4.26
539.00 0.371523 4.26
540.00 0.371523 4.26
541.00 0.371523 4.26
542.00 0.371523 4.26
543.00 0.371523 4.26
544.00 0.371523 4.26
545.00 0.371523 4.26
546.00 0.371523 4.26
547.00 0.371523 4.26
548.00 0.371523 4.26
549.00 0.371523 4.26
550.00 0.371523 4.26
551.00 0.371523 4.26
552.00 0.371523 4.26
553.00 0.371523 4.26
554.00 0.371523 4.26
555.00 0.371523 4.26
556.00 0.371523 4.26
557.00 0.371523 4.26
558.00 0.371523 4.26
559.00 0.371523 4.26
560.00 0.371523 4.26
561.00 0.371523 4.26
562.00 0.371523 4.26
563.00 0.371523 4.26
564.00 0.371523 4.26
565.00 0.371523 4.26
566.00 0.371523 4.26
567.00 0.371523 4.26
568.00 0.371523 4.26
569.00 0.371523 4.26
570.00 0.371523 4.26
571.00 0.371523 4.26
572.00 0.371523 4.26
573.00 0.371523 4.26
574.00 0.371523 4.26
575.00 0.371523 4.26
576.00 0.371523 4.26
577.00 0.371523 4.26
578.00 0.371523 4.26
579.00 0.371523 4.26
580.00 0.371523 4.26
581.00 0.371523 4.26
582.00 0.371523 4.26
583.00 0.371523 4.26
584.00 0.371523 4.26
585.00 0.371523 4.26
586.00 0.371523 4.26
587.00 0.371523 4.26
588.00 0.371523 4.26
589.00 0.371523 4.26
590.00 0.371523 4.26
591.00 0.371523 4.26
592.00 0.371523 4.26
593.00 0.371523 4.26
594.00 0.371523 4.26
595.00 0.371523 4.26
596.00 0.371523 4.26
597.00 0.371523 4.26
598.00 0.371523 4.26
599.00 0.371523 4.26
600.00 0.371523 4.26
601.00 0.371523 4.26
602.00 0.371523 4.26
603.00 0.371523 4.26
604.00 0.371523 4.26
605.00 0.371523 4.26
606.00 0.371523 4.26
607.00 0.371523 4.26
608.00 0.371523 4.26
609.00 0.371523 4.26
610.00 0.371523 4.26
611.00 0.371523 4.26
612.00 0.371523 4.26
613.00 0.371523 4.26
614.00 0.371523 4.26
615.00 0.371523 4.26
616.00 0.371523 4.26
617.00 0.371523 4.26
618.00 0.371523 4.26
619.00 0.371523 4.26
620.00 0.371523 4.26
621.00 0.371523 4.26
622.00 0.371523 4.26
623.00 0.371523 4.26
624.00 0.371523 4.26
625.00 0.371523 4.26
626.00 0.371523 4.26
627.00 0.371523 4.26
628.00 0.371523 4.26
629.00 0.371523 4.26
630.00 0.371523 4.26
631.00 0.371523 4.26
632.00 0.371523 4.26
633.00 0.371523 4.26
634.00 0.371523 4.26
635.00 0.371523 4.26
636.00 0.371523 4.26
637.00 0.371523 4.26
638.00 0.371523 4.26
639.00 0.371523 4.26
640.00 0.371523 4.26
641.00 0.371523 4.26
642.00 0.371523 4.26
643.00 0.371523 4.26
644.00 0.371523 4.26
645.00 0.371523 4.26
646.00 0.371523 4.26
647.00 0.371523 4.26
648.00 0.371523 4.26
649.00 0.371523 4.26
650.00 0.371523 4.26
651.00 0.371523 4.26
652.00 0.371523 4.26
653.00 0.371523 4.26
654.00 0.371523 4.26
655.00 0.371523 4.26
656.00 0.371523 4.26
657.00 0.371523 4.26
658.00 0.371523 4.26
659.00 0.371523 4.26
660.00 0.371523 4.26
661.00 0.371523 4.26
662.00 0.371523 4.26
663.00 0.371523 4.26
664.00 0.371523 4.26
665.00 0.371523 4.26
666.00 0.371523 4.26
667.00 0.371523 4.26
668.00 0.371523 4.26
669.00 0.371523 4.26
670.00 0.371523 4.26
671.00 0.371523 4.26
672.00 0.371523 4.26
673.00 0.371523 4.26
674.00 0.371523 4.26
675.00 0.371523 4.26
676.00 0.371523 4.26
677.00 0.371523 4.26
678.00 0.371523 4.26
679.00 0.371523 4.26
680.00 0.371523 4.26
681.00 0.371523 4.26
682.00 0.371523 4.26
683.00 0.371523 4.26
684.00 0.371523 4.26
685.00 0.371523 4.26
686.00 0.371523 4.26
687.00 0.371523 4.26
688.00 0.371523 4.26
689.00 0.371523 4.26
690.00 0.371523 4.26
691.00 0.371523 4.26
692.00 0.371523 4.26
693.00 0.371523 4.26
694.00 0.371523 4.26
695.00 0.371523 4.26
696.00 0.371523 4.26
697.00 0.371523 4.26
698.00 0.371523 4.26
699.00 0.371523 4.26
700.00 0.371523 4.26
701.00 0.371523 4.26
702.00 0.371523 4.26
703.00 0.371523 4.26
704.00 0.371523 4.26
705.00 0.371523 4.26
706.00 0.371523 4.26
707.00 0.371523 4.26
708.00 0.371523 4.26
709.00 0.371523 4.26
710.00 0.371523 4.26
711.00 0.371523 4.26
712.00 0.371523 4.26
713.00 0.371523 4.26
714.00 0.371523 4.26
715.00 0.371523 4.26
716.00 0.371523 4.26
717.00 0.371523 4.26
718.00 0.371523 4.26
719.00 0.371523 4.26
720.00 0.371523 4.26
721.00 0.371523 4.26
722.00 0.371523 4.26
723.00 0.371523 4.26
724.00 0.371523 4.26
725.00 0.371523 4.26
726.00 0.371523 4.26
727.00 0.371523 4.26
728.00 0.371523 4.26
729.00 0.371523 4.26
730.00 0.371523 4.26
731.00 0.371523 4.26
732.00 0.371523 4.26
733.00 0.371523 4.26
734.00 0.371523 4.26
735.00 0.371523 4.26
736.00 0.371523 4.26
737.00 0.371523 4.26
738.00 0.371523 4.26
739.00 0.371523 4.26
740.00 0.371523 4.26
741.00 0.371523 4.26
742.00 0.371523 4.26
743.00 0.371523 4.26
744.00 0.371523 4.26
745.00 0.371523 4.26
746.00 0.371523 4.26
747.00 0.371523 4.26
748.00 0.371523 4.26
749.00 0.371523 4.26
750.00 0.371523 4.26
751.00 0.371523 4.26
752.00 0.371523 4.26
753.00 0.371523 4.26
754.00 0.371523 4.26
755.00 0.371523 4.26
756.00 0.371523 4.26
757.00 0.371523 4.26
758.00 0.371523 4.26
759.00 0.371523 4.26
760.00 0.371523 4.26
761.00 0.371523 4.26
762.00 0.371523 4.26
763.00 0.371523 4.26
764.00 0.371523 4.26
765.00 0.371523 4.26
766.00 0.371523 4.26
767.00 0.371523 4.26
768.00 0.371523 4.26
769.00 0.371523 4.26
770.00 0.371523 4.26
771.00 0.371523 4.26
772.00 0.371523 4.26
773.00 0.371523 4.26
774.00 0.371523 4.26
775.00 0.371523 4.26
776.00 0.371523 4.26
777.00 0.371523 4.26
778.00 0.371523 4.26
779.00 0.371523 4.26
780.00 0.371523 4.26
781.00 0.371523 4.26
782.00 0.371523 4.26
783.00 0.371523 4.26
784.00 0.371523 4.26
785.00 0.371523 4.26
786.00 0.371523 4.26
787.00 0.371523 4.26
788.00 0.371523 4.26
789.00 0.371523 4.26
790.00 0.371523 4.26
791.00 0.371523 4.26
792.00 0.371523 4.26
793.00 0.371523 4.26
794.00 0.371523 4.26
795.00 0.371523 4.26
796.00 0.371523 4.26
797.00 0.371523 4.26
798.00 0.371523 4.26
799.00 0.371523 4.26
800.00 0.371523 4.26
801.00 0.371523 4.26
802.00 0.371523 4.26
803.00 0.371523 4.26
804.00 0.371523 4.26
805.00 0.371523 4.26
806.00 0.371523 4.26
807.00 0.371523 4.26
808.00 0.371523 4.26
809.00 0.371523 4.26
810.00 0.371523 4.26
811.00 0.371523 4.26
812.00 0.371523 4.26
813.00 0.371523 4.26
814.00 0.371523 4.26
815.00 0.371523 4.26
816.00 0.371523 4.26
817.00 0.371523 4.26
818.00 0.371523 4.26
819.00 0.371523 4.26
820.00 0.371523 4.26
821.00 0.371523 4.26
822.00 0.371523 4.26
823.00 0.371523 4.26
824.00 0.371523 4.26
825.00 0.371523 4.26
826.00 0.371523 4.26
827.00 0.371523 4.26
828.00 0.371523 4.26
829.00 0.371523 4.26
830.00 0.371523 4.26
831.00 0.371523 4.26
832.00 0.371523 4.26
833.00 0.371523 4.26
834.00 0.371523 4.26
835.00 0.371523 4.26
836.00 0.371523 4.26
837.00 0.371523 4.26
838.00 0.371523 4.26
839.00 0.371523 4.26
840.00 0.371523 4.26
841.00 0.371523 4.26
842.00 0.371523 4.26
843.00 0.371523 4.26
844.00 0.371523 4.26
845.00 0.371523 4.26
846.00 0.371523 4.26
847.00 0.371523 4.26
848.00 0.371523 4.26
849.00 0.371523 4.26
850.00 0.371523 4.26
851.00 0.371523 4.26
852.00 0.371523 4.26
853.00 0.371523 4.26
854.00 0.371523 4.26
855.00 0.371523 4.26
856.00 0.371523 4.26
857.00 0.371523 4.26
858.00 0.371523 4.26
859.00 0.371523 4.26
860.00 0.371523 4.26
861.00 0.371523 4.26
862.00 0.371523 4.26
863.00 0.371523 4.26
864.00 0.371523 4.26
865.00 0.371523 4.26
866.00 0.371523 4.26
867.00 0.371523 4.26
868.00 0.371523 4.26
869.00 0.371523 4.26
870.00 0.371523 4.26
871.00 0.371523 4.26
872.00 0.371523 4.26
873.00 0.371523 4.26
874.00 0.371523 4.26
875.00 0.371523 4.26
876.00 0.371523 4.26
877.00 0.371523 4.26
878.00 0.371523 4.26
879.00 0.371523 4.26
880.00 0.371523 4.26
881.00 0.371523 4.26
882.00 0.371523 4.26
883.00 0.371523 4.26
884.00 0.371523 4.26
885.00 0.371523 4.26
886.00 0.371523 4.26
887.00 0.371523 4.26
888.00 0.371523 4.26
889.00 0.371523 4.26
890.00 0.371523 4.26
891.00 0.371523 4.26
892.00 0.371523 4.26
893.00 0.371523 4.26
894.00 0.371523 4.26
895.00 0.371523 4.26
896.00 0.371523 4.26
897.00 0.371523 4.26
898.00 0.371523 4.26
899.00 0.371523 4.26
900.00 0.371523 4.26
901.00 0.371523 4.26
902.00 0.371523 4.26
903.00 0.371523 4.26
904.00 0.371523 4.26
905.00 0.371523 4.26
906.00 0.371523 4.26
907.00 0.371523 4.26
908.00 0.371523 4.26
909.00 0.371523 4.26
910.00 0.371523 4.26
911.00 0.371523 4.26
912.00 0.371523 4.26
913.00 0.371523 4.26
914.00 0.371523 4.26
915.00 0.371523 4.26
916.00 0.371523 4.26
917.00 0.371523 4.26
918.00 0.371523 4.26
919.00 0.371523 4.26
920.00 0.371523 4.26
921.00 0.371523 4.26
922.00 0.371523 4.26
923.00 0.371523 4.26
924.00 0.371523 4.26
925.00 0.371523 4.26
926.00 0.371523 4.26
927.00 0.371523 4.26
928.00 0.371523 4.26
929.00 0.371523 4.26
930.00 0.371523 4.26
931.00 0.371523 4.26
932.00 0.371523 4.26
933.00 0.371523 4.26
934.00 0.371523 4.26
935.00 0.371523 4.26
936.00 0.371523 4.26
937.00 0.371523 4.26
938.00 0.371523 4.26
939.00 0.371523 4.26
940.00 0.371523 4.26
941.00 0.371523 4.26
942.00 0.371523 4.26
943.00 0.371523 4.26
944.00 0.371523 4.26
945.00 0.371523 4.26
946.00 0.371523 4.26
947.00 0.371523 4.26
948.00 0.371523 4.26
949.00 0.371523 4.26
950.00 0.371523 4.26
951.00 0.371523 4.26
952.00 0.371523 4.26
953.00 0.371523 4.26
954.00 0.371523 4.26
955.00 0.371523 4.26
956.00 0.371523 4.26
957.00 0.371523 4.26
958.00 0.371523 4.26
959.00 0.371523 4.26
960.00 0.371523 4.26
961.00 0.371523 4.26
962.00 0.371523 4.26
963.00 0.371523 4.26
964.00 0.371523 4.26
965.00 0.371523 4.26
966.00 0.371523 4.26
967.00 0.371523 4.26
968.00 0.371523 4.26
969.00 0.371523 4.26
970.00 0.371523 4.26
971.00 0.371523 4.26
972.00 0.371523 4.26
973.00 0.371523 4.26
974.00 0.371523 4.26
975.00 0.371523 4.26
976.00 0.371523 4.26
977.00 0.371523 4.26
978.00 0.371523 4.26
979.00 0.371523 4.26
980.00 0.371523 4.26
981.00 0.371523 4.26
982.00 0.371523 4.26
983.00 0.371523 4.26
984.00 0.371523 4.26
985.00 0.371523 4.26
986.00 0.371523 4.26
987.00 0.371523 4.26
988.00 0.371523 4.26
989.00 0.371523 4.26
990.00 0.371523 4.26
991.00 0.371523 4.26
992.00 0.371523 4.26
993.00 0.371523 4.26
994.00 0.371523 4.26
995.00 0.371523 4.26
996.00 0.371523 4.26
997.00 0.371523 4.26
998.00 0.371523 4.26
999.00 0.371523 4.26
1000.00 0.371523 4.26
1001.00 0.371523 4.26
1002.00 0.371523 4.26
1003.00 0.371523 4.26
1004.00 0.371523 4.26
1005.00 0.371523 4.26
1006.00 0.371523 4.26
1007.00 0.371523 4.26
1008.00 0.371523 4.26
1009.00 0.371523 4.26
1010.00 0.371523 4.26
1011.00 0.371523 4.26
1012.00 0.371523 4.26
1013.00 0.371523 4.26
1014.00 0.371523 4.26
1015.00 0.371523 4.26
1016.00 0.371523 4.26
1017.00 0.371523 4.26
1018.00 0.371523 4.26
1019.00 0.371523 4.26
1020.00 0.371523 4.26
1021.00 0.371523 4.26
1022.00 0.371523 4.26
1023.00 0.371523 4.26
1024.00 0.371523 4.26
1025.00 0.371523 4.26
1026.00 0.371523 4.26
1027.00 0.371523 4.26
1028.00 0.371523 4.26
1029.00 0.371523 4.26
1030.00 0.371523 4.26
1031.00 0.371523 4.26
1032.00 0.371523 4.26
1033.00 0.371523 4.26
1034.00 0.371523 4.26
1035.00 0.371523 4.26
1036.00 0.371523 4.26
1037.00 0.371523 4.26
1038.00 0.371523 4.26
1039.00 0.371523 4.26
1040.00 0.371523 4.26
1041.00 0.371523 4.26
1042.00 0.371523 4.26
1043.00 0.371523 4.26
1044.00 0.371523 4.26
1045.00 0.371523 4.26
1046.00 0.371523 4.26
1047.00 0.371523 4.26
1048.00 0.371523 4.26
1049.00 0.371523 4.26
1050.00 0.371523 4.26
1051.00 0.371523 4.26
1052.00 0.371523 4.26
1053.00 0.371523 4.26
1054.00 0.371523 4.26
1055.00 0.371523 4.26
1056.00 0.371523 4.26
1057.00 0.371523 4.26
1058.00 0.371523 4.26
1059.00 0.371523 4.26
1060.00 0.371523 4.26
1061.00 0.371523 4.26
1062.00 0.371523 4.26
1063.00 0.371523 4.26
1064.00 0.371523 4.26
1065.00 0.371523 4.26
1066.00 0.371523 4.26
1067.00 0.371523 4.26
1068.00 0.371523 4.26
1069.00 0.371523 4.26
1070.00 0.371523 4.26
1071.00 0.371523 4.26
1072.00 0.371523 4.26
1073.00 0.371523 4.26
1074.00 0.371523 4.26
1075.00 0.371523 4.26
1076.00 0.371523 4.26
1077.00 0.371523 4.26
1078.00 0.371523 4.26
1079.00 0.371523 4.26
1080.00 0.371523 4.26
1081.00 0.371523 4.26
1082.00 0.371523 4.26
1083.00 0.371523 4.26
1084.00 0.371523 4.26
1085.00 0.371523 4.26
1086.00 0.371523 4.26
1087.00 0.371523 4.26
1088.00 0.371523 4.26
1089.00 0.371523 4.26
1090.00 0.371523 4.26
1091.00 0.371523 4.26
1092.00 0.371523 4.26
1093.00 0.371523 4.26
1094.00 0.371523 4.26
1095.00 0.371523 4.26
1096.00 0.371523 4.26
1097.00 0.371523 4.26
1098.00 0.371523 4.26
1099.00 0.371523 4.26
1100.00 0.371523 4.26
1101.00 0.371523 4.26
1102.00 0.371523 4.26
1103.00 0.371523 4.26
1104.00 0.371523 4.26
1105.00 0.371523 4.26
1106.00 0.371523 4.26
1107.00 0.371523 4.26
1108.00 0.371523 4.26
1109.00 0.371523 4.26
1110.00 0.371523 4.26
1111.00 0.371523 4.26
1112.00 0.371523 4.26
1113.00 0.371523 4.26
1114.00 0.371523 4.26
1115.00 0.371523 4.26
1116.00 0.371523 4.26
1117.00 0.371523 4.26
1118.00 0.371523 4.26
1119.00 0.371523 4.26
1120.00 0.371523 4.26
1121.00 0.371523 4.26
1122.00 0.371523 4.26
1123.00 0.371523 4.26
1124.00 0.371523 4.26
1125.00 0.371523 4.26
1126.00 0.371523 4.26
1127.00 0.371523 4.26
1128.00 0.371523 4.26
1129.00 0.371523 4.26
1130.00 0.371523 4.26
1131.00 0.371523 4.26
1132.00 0.371523 4.26
1133.00 0.371523 4.26
1134.00 0.371523 4.26
1135.00 0.371523 4.26
1136.00 0.371523 4.26
1137.00 0.371523 4.26
1138.00 0.371523 4.26
1139.00 0.371523 4.26
1140.00 0.371523 4.26
1141.00 0.371523 4.26
1142.00 0.371523 4.26
1143.00 0.371523 4.26
1144.00 0.371523 4.26
1145.00 0.371523 4.26
1146.00 0.371523 4.26
1147.00 0.371523 4.26
1148.00 0.371523 4.26
1149.00 0.371523 4.26
1150.00 0.371523 4.26
1151.00 0.371523 4.26
1152.00 0.371523 4.26
1153.00 0.371523 4.26
1154.00 0.371523 4.26
1155.00 0.371523 4.26
1156.00 0.371523 4.26
1157.00 0.371523 4.26
1158.00 0.371523 4.26
1159.00 0.371523 4.26
1160.00 0.371523 4.26
1161.00 0.371523 4.26
1162.00 0.371523 4.26
1163.00 0.371523 4.26
1164.00 0.371523 4.26
1165.00 0.371523 4.26
1166.00 0.371523 4.26
1167.00 0.371523 4.26
1168.00 0.371523 4.26
1169.00 0.371523 4.26
1170.00 0.371523 4.26
1171.00 0.371523 4.26
1172.00 0.371523 4.26
1173.00 0.371523 4.26
1174.00 0.371523 4.26
1175.00 0.371523 4.26
1176.00 0.371523 4.26
1177.00 0.371523 4.26
1178.00 0.371523 4.26
1179.00 0.371523 4.26
1180.00 0.371523 4.26
1181.00 0.371523 4.26
1182.00 0.371523 4.26
1183.00 0.371523 4.26
1184.00 0.371523 4.26
1185.00 0.371523 4.26
1186.00 0.371523 4.26
1187.00 0.371523 4.26
1188.00 0.371523 4.26
1189.00 0.371523 4.26
1190.00 0.371523 4.26
1191.00 0.371523 4.26
1192.00 0.371523 4.26
1193.00 0.371523 4.26
1194.00 0.371523 4.26
1195.00 0.371523 4.26
1196.00 0.371523 4.26
1197.00 0.371523 4.26
1198.00 0.371523 4.26
1199.00 0.371523 4.26
1200.00 0.371523 4.26
1201.00 0.371523 4.26
1202.00 0.371523 4.26
1203.00 0.371523 4.26
1204.00 0.371523 4.26
1205.00 0.371523 4.26
1206.00 0.371523 4.26
1207.00 0.371523 4.26
1208.00 0.371523 4.26
1209.00 0.371523 4.26
1210.00 0.371523 4.26
1211.00 0.371523 4.26
1212.00 0.371523 4.26
1213.00 0.371523 4.26
1214.00 0.371523 4.26
1215.00 0.371523 4.26
1216.00 0.371523 4.26
1217.00 0.371523 4.26
1218.00 0.371523 4.26
1219.00 0.371523 4.26
1220.00 0.371523 4.26
1221.00 0.371523 4.26
1222.00 0.371523 4.26
1223.00 0.371523 4.26
1224.00 0.371523 4.26
1225.00 0.371523 4.26
1226.00 0.371523 4.26
1227.00 0.371523 4.26
1228.00 0.371523 4.26
1229.00 0.371523 4.26
1230.00 0.371523 4.26
1231.00 0.371523 4.26
1232.00 0.371523 4.26
1233.00 0.371523 4.26
1234.00 0.371523 4.26
1235.00 0.371523 4.26
1236.00 0.371523 4.26
1237.00 0.371523 4.26
1238.00 0.371523 4.26
1239.00 0.371523 4.26
1240.00 0.371523 4.26
1241.00 0.371523 4.26
1242.00 0.371523 4.26
1243.00 0.371523 4.26
1244.00 0.371523 4.26
1245.00 0.371523 4.26
1246.00 0.371523 4.26
1247.00 0.371523 4.26
1248.00 0.371523 4.26
1249.00 0.371523 4.26
1250.00 0.371523 4.26
1251.00 0.371523 4.26
1252.00 0.371523 4.26
1253.00 0.371523 4.26
1254.00 0.371523 4.26
1255.00 0.371523 4.26
1256.00 0.371523 4.26
1257.00 0.371523 4.26
1258.00 0.371523 4.26
1259.00 0.371523 4.26
1260.00 0.371523 4.26
1261.00 0.371523 4.26
1262.00 0.371523 4.26
1263.00 0.371523 4.26
1264.00 0.371523 4.26
1265.00 0.371523 4.26
1266.00 0.371523 4.26
1267.00 0.371523 4.26
1268.00 0.371523 4.26
1269.00 0.371523 4.26
1270.00 0.371523 4.26
1271.00 0.371523 4.26
1272.00 0.371523 4.26
1273.00 0.371523 4.26
1274.00 0.371523 4.26
1275.00 0.371523 4.26
1276.00 0.371523 4.26
1277.00 0.371523 4.26
1278.00 0.371523 4.26
1279.00 0.371523 4.26
1280.00 0.371523 4.26
1281.00 0.371523 4.26
1282.00 0.371523 4.26
1283.00 0.371523 4.26
1284.00 0.371523 4.26
1285.00 0.371523 4.26
1286.00 0.371523 4.26
1287.00 0.371523 4.26
1288.00 0.371523 4.26
1289.00 0.371523 4.26
1290.00 0.371523 4.26
1291.00 0.371523 4.26
1292.00 0.371523 4.26
1293.00 0.371523 4.26
1294.00 0.371523 4.26
1295.00 0.371523 4.26
1296.00 0.371523 4.26
1297.00 0.371523 4.26
1298.00 0.371523 4.26
1299.00 0.371523 4.26
1300.00 0.371523 4.26
1301.00 0.371523 4.26
1302.00 0.371523 4.26
1303.00 0.371523 4.26
1304.00 0.371523 4.26
1305.00 0.371523 4.26
1306.00 0.371523 4.26
1307.00 0.371523 4.26
1308.00 0.371523 4.26
1309.00 0.371523 4.26
1310.00 0.371523 4.26
1311.00 0.371523 4.26
1312.00 0.371523 4.26
1313.00 0.371523 4.26
1314.00 0.371523 4.26
1315.00 0.371523 4.26
1316.00 0.371523 4.26
1317.00 0.371523 4.26
1318.00 0.371523 4.26
1319.00 0.371523 4.26
1320.00 0.371523 4.26
1321.00 0.371523 4.26
1322.00 0.371523 4.26
1323.00 0.371523 4.26
1324.00 0.371523 4.26
1325.00 0.371523 4.26
1326.00 0.371523 4.26
1327.00 0.371523 4.26
1328.00 0.371523 4.26
1329.00 0.371523 4.26
1330.00 0.371523 4.26
1331.00 0.371523 4.26
1332.00 0.371523 4.26
1333.00 0.371523 4.26
1334.00 0.371523 4.26
1335.00 0.371523 4.26
1336.00 0.371523 4.26
1337.00 0.371523 4.26
1338.00 0.371523 4.26
1339.00 0.371523 4.26
1340.00 0.371523 4.26
1341.00 0.371523 4.26
1342.00 0.371523 4.26
1343.00 0.371523 4.26
1344.00 0.371523 4.26
1345.00 0.371523 4.26
1346.00 0.371523 4.26
1347.00 0.371523 4.26
1348.00 0.371523 4.26
1349.00 0.371523 4.26
1350.00 0.371523 4.26
1351.00 0.371523 4.26
1352.00 0.371523 4.26
1353.00 0.371523 4.26
1354.00 0.371523 4.26
1355.00 0.371523 4.26
1356.00 0.371523 4.26
1357.00 0.371523 4.26
1358.00 0.371523 4.26
1359.00 0.371523 4.26
1360.00 0.371523 4.26
1361.00 0.371523 4.26
1362.00 0.371523 4.26
1363.00 0.371523 4.26
1364.00 0.371523 4.26
1365.00 0.371523 4.26
1366.00 0.371523 4.26
1367.00 0.371523 4.26
1368.00 0.371523 4.26
1369.00 0.371523 4.26
1370.00 0.371523 4.26
1371.00 0.371523 4.26
1372.00 0.371523 4.26
1373.00 0.371523 4.26
1374.00 0.371523 4.26
1375.00 0.371523 4.26
1376.00 0.371523 4.26
1377.00 0.371523 4.26
1378.00 0.371523 4.26
1379.00 0.371523 4.26
1380.00 0.371523 4.26
1381.00 0.371523 4.26
1382.00 0.371523 4.26
1383.00 0.371523 4.26
1384.00 0.371523 4.26
1385.00 0.371523 4.26
1386.00 0.371523 4.26
1387.00 0.371523 4.26
1388.00 0.371523 4.26
1389.00 0.371523 4.26
1390.00 0.371523 4.26
1391.00 0.371523 4.26
1392.00 0.371523 4.26
1393.00 0.371523 4.26
1394.00 0.371523 4.26
1395.00 0.371523 4.26
1396.00 0.371523 4.26
1397.00 0.371523 4.26
1398.00 0.371523 4.26
1399.00 0.371523 4.26
1400.00 0.371523 4.26
1401.00 0.371523 4.26
1402.00 0.371523 4.26
1403.00 0.371523 4.26
1404.00 0.371523 4.26
1405.00 0.371523 4.26
1406.00 0.371523 4.26
1407.00 0.371523 4.26
1408.00 0.371523 4.26
1409.00 0.371523 4.26
1410.00 0.371523 4.26
1411.00 0.371523 4.26
1412.00 0.371523 4.26
1413.00 0.371523 4.26
1414.00 0.371523 4.26
1415.00 0.371523 4.26
1416.00 0.371523 4.26
1417.00 0.371523 4.26
1418.00 0.371523 4.26
1419.00 0.371523 4.26
1420.00 0.371523 4.26
1421.00 0.371523 4.26
1422.00 0.371523 4.26
1423.00 0.371523 4.26
1424.00 0.371523 4.26
1425.00 0.371523 4.26
1426.00 0.371523 4.26
1427.00 0.371523 4.26
1428.00 0.371523 4.26
1429.00 0.371523 4.26
1430.00 0.371523 4.26
1431.00 0.371523 4.26
1432.00 0.371523 4.26
1433.00 0.371523 4.26
1434.00 0.371523 4.26
1435.00 0.371523 4.26
1436.00 0.371523 4.26
1437.00 0.371523 4.26
1438.00 0.371523 4.26
1439.00 0.371523 4.26
1440.00 0.371523 4.26
1441.00 0.371523 4.26
1442.00 0.371523 4.26
1443.00 0.371523 4.26
1444.00 0.371523 4.26
1445.00 0.371523 4.26
1446.00 0.371523 4.26
1447.00 0.371523 4.26
1448.00 0.371523 4.26
1449.00 0.371523 4.26
1450.00 0.371523 4.26
1451.00 0.371523 4.26
1452.00 0.371523 4.26
1453.00 0.371523 4.26
1454.00 0.371523 4.26
1455.00 0.371523 4.26
1456.00 0.371523 4.26
1457.00 0.371523 4.26
1458.00 0.371523 4.26
1459.00 0.371523 4.26
1460.00 0.371523 4.26
1461.00 0.371523 4.26
1462.00 0.371523 4.26
1463.00 0.371523 4.26
1464.00 0.371523 4.26
1465.00 0.371523 4.26
1466.00 0.371523 4.26
1467.00 0.371523 4.26
1468.00 0.371523 4.26
1469.00 0.371523 4.26
1470.00 0.371523 4.26
1471.00 0.371523 4.26
1472.00 0.371523 4.26
1473.00 0.371523 4.26
1474.00 0.371523 4.26
1475.00 0.371523 4.26
1476.00 0.371523 4.26
1477.00 0.371523 4.26
1478.00 0.371523 4.26
1479.00 0.371523 4.26
1480.00 0.371523 4.26
1481.00 0.371523 4.26
1482.00 0.371523 4.26
1483.00 0.371523 4.26
1484.00 0.371523 4.26
1485.00 0.371523 4.26
1486.00 0.371523 4.26
1487.00 0.371523 4.26
1488.00 0.371523 4.26
1489.00 0.371523 4.26
1490.00 0.371523 4.26
1491.00 0.371523 4.26
1492.00 0.371523 4.26
1493.00 0.371523 4.26
1494.00 0.371523 4.26
1495.00 0.371523 4.26
1496.00 0.371523 4.26
1497.00 0.371523 4.26
1498.00 0.371523 4.26
1499.00 0.371523 4.26
1500.00 0.371523 4.26
1501.00 0.371523 4.26
1502.00 0.371523 4.26
1503.00 0.371523 4.26
1504.00 0.371523 4.26
1505.00 0.371523 4.26
1506.00 0.371523 4.26
1507.00 0.371523 4.26
1508.00 0.371523 4.26
1509.00 0.371523 4.26
1510.00 0.371523 4.26
1511.00 0.371523 4.26
1512.00 0.371523 4.26
1513.00 0.371523 4.26
1514.00 0.371523 4.26
1515.00 0.371523 4.26
1516.00 0.371523 4.26
1517.00 0.371523 4.26
1518.00 0.371523 4.26
1519.00 0.371523 4.26
1520.00 0.371523 4.26
1521.00 0.371523 4.26
1522.00 0.371523 4.26
1523.00 0.371523 4.26
1524.00 0.371523 4.26
1525.00 0.371523 4.26
1526.00 0.371523 4.26
1527.00 0.371523 4.26
1528.00 0.371523 4.26
1529.00 0.371523 4.26
1530.00 0.371523 4.26
1531.00 0.371523 4.26
1532.00 0.371523 4.26
1533.00 0.371523 4.26
1534.00 0.371523 4.26
1535.00 0.371523 4.26
1536.00 0.371523 4.26
1537.00 0.371523 4.26
1538.00 0.371523 4.26
1539.00 0.371523 4.26
1540.00 0.371523 4.26
1541.00 0.371523 4.26
1542.00 0.371523 4.26
1543.00 0.371523 4.26
1544.00 0.371523 4.26
1545.00 0.371523 4.26
1546.00 0.371523 4.26
1547.00 0.371523 4.26
1548.00 0.371523 4.26
1549.00 0.371523 4.26
1550.00 0.371523 4.26
1551.00 0.371523 4.26
1552.00 0.371523 4.26
1553.00 0.371523 4.26
1554.00 0.371523 4.26
1555.00 0.371523 4.26
1556.00 0.371523 4.26
1557.00 0.371523 4.26
1558.00 0.371523 4.26
1559.00 0.371523 4.26
1560.00 0.371523 4.26
1561.00 0.371523 4.26
1562.00 0.371523 4.26
1563.00 0.371523 4.26
1564.00 0.371523 4.26
1565.00 0.371523 4.26
1566.00 0.371523 4.26
1567.00 0.371523 4.26
1568.00 0.371523 4.26
1569.00 0.371523 4.26
1570.00 0.371523 4.26
1571.00 0.371523 4.26
1572.00 0.371523 4.26
1573.00 0.371523 4.26
1574.00 0.371523 4.26
1575.00 0.371523 4.26
1576.00 0.371523 4.26
1577.00 0.371523 4.26
1578.00 0.371523 4.26
1579.00 0.371523 4.26
1580.00 0.371523 4.26
1581.00 0.371523 4.26
1582.00 0.371523 4.26
1583.00 0.371523 4.26
1584.00 0.371523 4.26
1585.00 0.371523 4.26
1586.00 0.371523 4.26
1587.00 0.371523 4.26
1588.00 0.371523 4.26
1589.00 0.371523 4.26
1590.00 0.371523 4.26
1591.00 0.371523 4.26
1592.00 0.371523 4.26
1593.00 0.371523 4.26
1594.00 0.371523 4.26
1595.00 0.371523 4.26
1596.00 0.371523 4.26
1597.00 0.371523 4.26
1598.00 0.371523 4.26
1599.00 0.371523 4.26
1600.00 0.371523 4.26
1601.00 0.371523 4.26
1602.00 0.371523 4.26
1603.00 0.371523 4.26
1604.00 0.371523 4.26
1605.00 0.371523 4.26
1606.00 0.371523 4.26
1607.00 0.371523 4.26
1608.00 0.371523 4.26
1609.00 0.371523 4.26
1610.00 0.371523 4.26
1611.00 0.371523 4.26
1612.00 0.371523 4.26
1613.00 0.371523 4.26
1614.00 0.371523 4.26
1615.00 0.371523 4.26
1616.00 0.371523 4.26
1617.00 0.371523 4.26
1618.00 0.371523 4.26
1619.00 0.371523 4.26
1620.00 0.371523 4.26
1621.00 0.371523 4.26
1622.00 0.371523 4.26
1623.00 0.371523 4.26
1624.00 0.371523 4.26
1625.00 0.371523 4.26
1626.00 0.371523 4.26
1627.00 0.371523 4.26
1628.00 0.371523 4.26
1629.00 0.371523 4.26
1630.00 0.371523 4.26
1631.00 0.371523 4.26
1632.00 0.371523 4.26
1633.00 0.371523 4.26
1634.00 0.371523 4.26
1635.00 0.371523 4.26
1636.00 0.371523 4.26
1637.00 0.371523 4.26
1638.00 0.371523 4.26
1639.00 0.371523 4.26
1640.00 0.371523 4.26
1641.00 0.371523 4.26
1642.00 0.371523 4.26
1643.00 0.371523 4.26
1644.00 0.371523 4.26
1645.00 0.371523 4.26
1646.00 0.371523 4.26
1647.00 0.371523 4.26
1648.00 0.371523 4.26
1649.00 0.371523 4.26
1650.00 0.371523 4.26
1651.00 0.371523 4.26
1652.00 0.371523 4.26
1653.00 0.371523 4.26
1654.00 0.371523 4.26
1655.00 0.371523 4.26
1656.00 0.371523 4.26
1657.00 0.371523 4.26
1658.00 0.371523 4.26
1659.00 0.371523 4.26
1660.00 0.371523 4.26
1661.00 0.371523 4.26
1662.00 0.371523 4.26
1663.00 0.371523 4.26
1664.00 0.371523 4.26
1665.00 0.371523 4.26
1666.00 0.371523 4.26
1667.00 0.371523 4.26
1668.00 0.371523 4.26
1669.00 0.371523 4.26
1670.00 0.371523 4.26
1671.00 0.371523 4.26
1672.00 0.371523 4.26
1673.00 0.371523 4.26
1674.00 0.371523 4.26
1675.00 0.371523 4.26
1676.00 0.371523 4.26
1677.00 0.371523 4.26
1678.00 0.371523 4.26
1679.00 0.371523 4.26
1680.00 0.371523 4.26
1681.00 0.371523 4.26
1682.00 0.371523 4.26
1683.00 0.371523 4.26
1684.00 0.371523 4.26
1685.00 0.371523 4.26
1686.00 0.371523 4.26
1687.00 0.371523 4.26
1688.00 0.371523 4.26
1689.00 0.371523 4.26
1690.00 0.371523 4.26
1691.00 0.371523 4.26
1692.00 0.371523 4.26
1693.00 0.371523 4.26
1694.00 0.371523 4.26
1695.00 0.371523 4.26
1696.00 0.371523 4.26
1697.00 0.371523 4.26
1698.00 0.371523 4.26
1699.00 0.371523 4.26
1700.00 0.371523 4.26
1701.00 0.371523 4.26
1702.00 0.371523 4.26
1703.00 0.371523 4.26
1704.00 0.371523 4.26
1705.00 0.371523 4.26
1706.00 0.371523 4.26
1707.00 0.371523 4.26
1708.00 0.371523 4.26
1709.00 0.371523 4.26
1710.00 0.371523 4.26
1711.00 0.371523 4.26
1712.00 0.371523 4.26
1713.00 0.371523 4.26
1714.00 0.371523 4.26
1715.00 0.371523 4.26
1716.00 0.371523 4.26
1717.00 0.371523 4.26
1718.00 0.371523 4.26
1719.00 0.371523 4.26
1720.00 0.371523 4.26
1721.00 0.371523 4.26
1722.00 0.371523 4.26
1723.00 0.371523 4.26
1724.00 0.371523 4.26
1725.00 0.371523 4.26
1726.00 0.371523 4.26
1727.00 0.371523 4.26
1728.00 0.371523 4.26
1729.00 0.371523 4.26
1730.00 0.371523 4.26
1731.00 0.371523 4.26
1732.00 0.371523 4.26
1733.00 0.371523 4.26
1734.00 0.371523 4.26
1735.00 0.371523 4.26
1736.00 0.371523 4.26
1737.00 0.371523 4.26
1738.00 0.371523 4.26
1739.00 0.371523 4.26
1740.00 0.371523 4.26
1741.00 0.371523 4.26
1742.00 0.371523 4.26
1743.00 0.371523 4.26
1744.00 0.371523 4.26
1745.00 0.371523 4.26
1746.00 0.371523 4.26
1747.00 0.371523 4.26
1748.00 0.371523 4.26
1749.00 0.371523 4.26
1750.00 0.371523 4.26
1751.00 0.371523 4.26
1752.00 0.371523 4.26
1753.00 0.371523 4.26
1754.00 0.371523 4.26
1755.00 0.371523 4.26
1756.00 0.371523 4.26
1757.00 0.371523 4.26
1758.00 0.371523 4.26
1759.00 0.371523 4.26
1760.00 0.371523 4.26
1761.00 0.371523 4.26
1762.00 0.371523 4.26
1763.00 0.371523 4.26
1764.00 0.371523 4.26
1765.00 0.371523 4.26
1766.00 0.371523 4.26
1767.00 0.371523 4.26
1768.00 0.371523 4.26
1769.00 0.371523 4.26
1770.00 0.371523 4.26
1771.00 0.371523 4.26
1772.00 0.371523 4.26
1773.00 0.371523 4.26
1774.00 0.371523 4.26
1775.00 0.371523 4.26
1776.00 0.371523 4.26
1777.00 0.371523 4.26
1778.00 0.371523 4.26
1779.00 0.371523 4.26
1780.00 0.371523 4.26
1781.00 0.371523 4.26
1782.00 0.371523 4.26
1783.00 0.371523 4.26
1784.00 0.371523 4.26
1785.00 0.371523 4.26
1786.00 0.371523 4.26
1787.00 0.371523 4.26
1788.00 0.371523 4.26
1789.00 0.371523 4.26
1790.00 0.371523 4.26
1791.00 0.371523 4.26
1792.00 0.371523 4.26
1793.00 0.371523 4.26
1794.00 0.371523 4.26
1795.00 0.371523 4.26
1796.00 0.371523 4.26
1797.00 0.371523 4.26
1798.00 0.371523 4.26
1799.00 0.371523 4.26
1800.00 0.371523 4.26
1801.00 0.371523 4.26
1802.00 0.371523 4.26
1803.00 0.371523 4.26
1804.00 0.371523 4.26
1805.00 0.371523 4.26
1806.00 0.371523 4.26
1807.00 0.371523 4.26
1808.00 0.371523 4.26
1809.00 0.371523 4.26
1810.00 0.371523 4.26
1811.00 0.371523 4.26
1812.00 0.371523 4.26
1813.00 0.371523 4.26
1814.00 0.371523 4.26
1815.00 0.371523 4.26
1816.00 0.371523 4.26
1817.00 0.371523 4.26
1818.00 0.371523 4.26
1819.00 0.371523 4.26
1820.00 0.371523 4.26
1821.00 0.371523 4.26
1822.00 0.371523 4.26
1823.00 0.371523 4.26
1824.00 0.371523 4.26
1825.00 0.371523 4.26
1826.00 0.371523 4.26
1827.00 0.371523 4.26
1828.00 0.371523 4.26
1829.00 0.371523 4.26
1830.00 0.371523 4.26
1831.00 0.371523 4.26
1832.00 0.371523 4.26
1833.00 0.371523 4.26
1834.00 0.371523 4.26
1835.00 0.371523 4.26
1836.00 0.371523 4.26
1837.00 0.371523 4.26
1838.00 0.371523 4.26
1839.00 0.371523 4.26
1840.00 0.371523 4.26
1841.00 0.371523 4.26
1842.00 0.371523 4.26
1843.00 0.371523 4.26
1844.00 0.371523 4.26
1845.00 0.371523 4.26
1846.00 0.371523 4.26
1847.00 0.371523 4.26
1848.00 0.371523 4.26
1849.00 0.371523 4.26
1850.00 0.371523 4.26
1851.00 0.371523 4.26
1852.00 0.371523 4.26
1853.00 0.371523 4.26
1854.00 0.371523 4.26
1855.00 0.371523 4.26
1856.00 0.371523 4.26
1857.00 0.371523 4.26
1858.00 0.371523 4.26
1859.00 0.371523 4.26
1860.00 0.371523 4.26
1861.00 0.371523 4.26
1862.00 0.371523 4.26
1863.00 0.371523 4.26
1864.00 0.371523 4.26
1865.00 0.371523 4.26
1866.00 0.371523 4.26
1867.00 0.371523 4.26
1868.00 0.371523 4.26
1869.00 0.371523 4.26
1870.00 0.371523 4.26
1871.00 0.371523 4.26
1872.00 0.371523 4.26
1873.00 0.371523 4.26
1874.00 0.371523 4.26
1875.00 0.371523 4.26
1876.00 0.371523 4.26
1877.00 0.371523 4.26
1878.00 0.371523 4.26
1879.00 0.371523 4.26
1880.00 0.371523 4.26
1881.00 0.371523 4.26
1882.00 0.371523 4.26
1883.00 0.371523 4.26
1884.00 0.371523 4.26
1885.00 0.371523 4.26
1886.00 0.371523 4.26
1887.00 0.371523 4.26
1888.00 0.371523 4.26
1889.00 0.371523 4.26
1890.00 0.371523 4.26
1891.00 0.371523 4.26
1892.00 0.371523 4.26
1893.00 0.371523 4.26
1894.00 0.371523 4.26
1895.00 0.371523 4.26
1896.00 0.371523 4.26
1897.00 0.371523 4.26
1898.00 0.371523 4.26
1899.00 0.371523 4.26
1900.00 0.371523 4.26
1901.00 0.371523 4.26
1902.00 0.371523 4.26
1903.00 0.371523 4.26
1904.00 0.371523 4.26
1905.00 0.371523 4.26
1906.00 0.371523 4.26
1907.00 0.371523 4.26
1908.00 0.371523 4.26
1909.00 0.371523 4.26
1910.00 0.371523 4.26
1911.00 0.371523 4.26
1912.00 0.371523 4.26
1913.00 0.371523 4.26
1914.00 0.371523 4.26
1915.00 0.371523 4.26
1916.00 0.371523 4.26
1917.00 0.371523 4.26
1918.00 0.371523 4.26
1919.00 0.371523 4.26
1920.00 0.371523 4.26
1921.00 0.371523 4.26
1922.00 0.371523 4.26
1923.00 0.371523 4.26
1924.00 0.371523 4.26
1925.00 0.371523 4.26
1926.00 0.371523 4.26
1927.00 0.371523 4.26
1928.00 0.371523 4.26
1929.00 0.371523 4.26
1930.00 0.371523 4.26
1931.00 0.371523 4.26
1932.00 0.371523 4.26
1933.00 0.371523 4.26
1934.00 0.371523 4.26
1935.00 0.371523 4.26
1936.00 0.371523 4.26
1937.00 0.371523 4.26
1938.00 0.371523 4.26
1939.00 0.371523 4.26
1940.00 0.371523 4.26
1941.00 0.371523 4.26
1942.00 0.371523 4.26
1943.00 0.371523 4.26
1944.00 0.371523 4.26
1945.00 0.371523 4.26
1946.00 0.371523 4.26
1947.00 0.371523 4.26
1948.00 0.371523 4.26
1949.00 0.371523 4.26
1950.00 0.371523 4.26
1951.00 0.371523 4.26
1952.00 0.371523 4.26
1953.00 0.371523 4.26
1954.00 0.371523 4.26
1955.00 0.371523 4.26
1956.00 0.371523 4.26
1957.00 0.371523 4.26
1958.00 0.371523 4.26
1959.00 0.371523 4.26
1960.00 0.371523 4.26
1961.00 0.371523 4.26
1962.00 0.371523 4.26
1963.00 0.371523 4.26
1964.00 0.371523 4.26
1965.00 0.371523 4.26
1966.00 0.371523 4.26
1967.00 0.371523 4.26
1968.00 0.371523 4.26
1969.00 0.371523 4.26
1970.00 0.371523 4.26
1971.00 0.371523 4.26
1972.00 0.371523 4.26
1973.00 0.371523 4.26
1974.00 0.371523 4.26
1975.00 0.371523 4.26
1976.00 0.371523 4.26
1977.00 0.371523 4.26
1978.00 0.371523 4.26
1979.00 0.371523 4.26
1980.00 0.371523 4.26
1981.00 0.371523 4.26
1982.00 0.371523 4.26
1983.00 0.371523 4.26
1984.00 0.371523 4.26
1985.00 0.371523 4.26
1986.00 0.371523 4.26
1987.00 0.371523 4.26
1988.00 0.371523 4.26
1989.00 0.371523 4.26
1990.00 0.371523 4.26
1991.00 0.371523 4.26
1992.00 0.371523 4.26
1993.00 0.371523 4.26
1994.00 0.371523 4.26
1995.00 0.371523 4.26
1996.00 0.371523 4.26
1997.00 0.371523 4.26
1998.00 0.371523 4.26
1999.00 0.371523 4.26
2000.00 0.371523 4.26
