0.00 1.360728 11.66
1.00 1.358593 11.66
2.00 1.356450 11.66
3.00 1.354302 11.66
4.00 1.352149 11.66
5.00 1.349989 11.66
6.00 1.347824 11.66
7.00 1.345654 11.66
8.00 1.343478 11.66
9.00 1.341296 11.66
10.00 1.339108 11.66
11.00 1.336914 11.66
12.00 1.334713 11.66
13.00 1.332505 11.66
14.00 1.330290 11.66
15.00 1.328075 11.65
16.00 1.325859 11.65
17.00 1.323636 11.65
18.00 1.321412 11.64
19.00 1.319193 11.64
20.00 1.316968 11.64
21.00 1.314736 11.64
22.00 1.312514 11.63
23.00 1.310310 11.62
24.00 1.308107 11.62
25.00 1.305944 11.60
26.00 1.303784 11.60
27.00 1.301619 11.59
28.00 1.299462 11.59
29.00 1.297324 11.58
30.00 1.295209 11.57
31.00 1.293099 11.57
32.00 1.290986 11.57
33.00 1.288876 11.56
34.00 1.286781 11.56
35.00 1.284703 11.54
36.00 1.282700 11.53
37.00 1.280700 11.53
38.00 1.278698 11.53
39.00 1.276692 11.53
40.00 1.274681 11.53
41.00 1.272663 11.53
42.00 1.270658 11.52
43.00 1.268661 11.51
44.00 1.266693 11.49
45.00 1.264766 11.48
46.00 1.262854 11.48
47.00 1.260939 11.47
48.00 1.259044 11.46
49.00 1.257149 11.46
50.00 1.255250 11.46
51.00 1.253360 11.44
52.00 1.251530 11.41
53.00 1.249731 11.41
54.00 1.247949 11.39
55.00 1.246205 11.39
56.00 1.244477 11.37
57.00 1.242769 11.36
58.00 1.241100 11.33
59.00 1.239465 11.33
60.00 1.237834 11.33
61.00 1.236205 11.33
62.00 1.234586 11.32
63.00 1.232975 11.31
64.00 1.231396 11.28
65.00 1.229892 11.25
66.00 1.228455 11.24
67.00 1.227032 11.24
68.00 1.225634 11.23
69.00 1.224266 11.22
70.00 1.222908 11.22
71.00 1.221553 11.22
72.00 1.220201 11.22
73.00 1.218852 11.22
74.00 1.217503 11.22
75.00 1.216154 11.22
76.00 1.214805 11.22
77.00 1.213489 11.21
78.00 1.212184 11.20
79.00 1.210927 11.19
80.00 1.209682 11.19
81.00 1.208437 11.19
82.00 1.207192 11.19
83.00 1.205946 11.19
84.00 1.204713 11.18
85.00 1.203498 11.18
86.00 1.202293 11.17
87.00 1.201094 11.16
88.00 1.199907 11.16
89.00 1.198754 11.15
90.00 1.197603 11.15
91.00 1.196455 11.14
92.00 1.195342 11.14
93.00 1.194227 11.14
94.00 1.193111 11.14
95.00 1.191993 11.14
96.00 1.190872 11.14
97.00 1.189747 11.14
98.00 1.188618 11.14
99.00 1.187494 11.12
100.00 1.186402 11.12
101.00 1.185308 11.12
102.00 1.184211 11.12
103.00 1.183112 11.12
104.00 1.182035 11.11
105.00 1.181009 11.09
106.00 1.180001 11.09
107.00 1.178994 11.09
108.00 1.177986 11.09
109.00 1.176977 11.09
110.00 1.175989 11.07
111.00 1.175010 11.07
112.00 1.174030 11.07
113.00 1.173054 11.06
114.00 1.172080 11.06
115.00 1.171105 11.06
116.00 1.170127 11.06
117.00 1.169147 11.06
118.00 1.168164 11.06
119.00 1.167196 11.05
120.00 1.166255 11.04
121.00 1.165321 11.04
122.00 1.164388 11.03
123.00 1.163470 11.03
124.00 1.162554 11.02
125.00 1.161647 11.01
126.00 1.160753 11.00
127.00 1.159881 10.99
128.00 1.159011 10.99
129.00 1.158141 10.99
130.00 1.157289 10.98
131.00 1.156438 10.98
132.00 1.155588 10.98
133.00 1.154739 10.98
134.00 1.153890 10.98
135.00 1.153040 10.98
136.00 1.152221 10.95
137.00 1.151440 10.95
138.00 1.150674 10.94
139.00 1.149914 10.94
140.00 1.149157 10.94
141.00 1.148402 10.94
142.00 1.147649 10.94
143.00 1.146901 10.93
144.00 1.146163 10.93
145.00 1.145427 10.93
146.00 1.144692 10.93
147.00 1.143958 10.93
148.00 1.143225 10.93
149.00 1.142491 10.93
150.00 1.141758 10.93
151.00 1.141046 10.91
152.00 1.140353 10.91
153.00 1.139662 10.91
154.00 1.138972 10.91
155.00 1.138284 10.91
156.00 1.137596 10.91
157.00 1.136908 10.91
158.00 1.136237 10.90
159.00 1.135580 10.90
160.00 1.134924 10.90
161.00 1.134269 10.90
162.00 1.133614 10.90
163.00 1.132960 10.90
164.00 1.132305 10.90
165.00 1.131649 10.90
166.00 1.130992 10.90
167.00 1.130334 10.90
168.00 1.129675 10.90
169.00 1.129017 10.89
170.00 1.128363 10.89
171.00 1.127708 10.89
172.00 1.127062 10.88
173.00 1.126427 10.87
174.00 1.125808 10.86
175.00 1.125203 10.86
176.00 1.124600 10.86
177.00 1.124000 10.86
178.00 1.123401 10.86
179.00 1.122803 10.86
180.00 1.122206 10.86
181.00 1.121610 10.86
182.00 1.121029 10.85
183.00 1.120459 10.85
184.00 1.119912 10.84
185.00 1.119373 10.84
186.00 1.118836 10.84
187.00 1.118301 10.84
188.00 1.117767 10.84
189.00 1.117235 10.84
190.00 1.116704 10.84
191.00 1.116173 10.84
192.00 1.115642 10.84
193.00 1.115112 10.84
194.00 1.114587 10.83
195.00 1.114065 10.83
196.00 1.113543 10.83
197.00 1.113021 10.83
198.00 1.112499 10.83
199.00 1.111976 10.83
200.00 1.111455 10.82
201.00 1.110934 10.82
202.00 1.110416 10.81
203.00 1.109902 10.81
204.00 1.109388 10.81
205.00 1.108874 10.81
206.00 1.108360 10.81
207.00 1.107846 10.81
208.00 1.107331 10.81
209.00 1.106816 10.81
210.00 1.106299 10.81
211.00 1.105787 10.80
212.00 1.105282 10.79
213.00 1.104785 10.78
214.00 1.104307 10.78
215.00 1.103832 10.78
216.00 1.103359 10.78
217.00 1.102887 10.78
218.00 1.102417 10.78
219.00 1.101954 10.76
220.00 1.101513 10.76
221.00 1.101076 10.76
222.00 1.100641 10.76
223.00 1.100209 10.76
224.00 1.099790 10.75
225.00 1.099381 10.75
226.00 1.098975 10.75
227.00 1.098572 10.75
228.00 1.098171 10.75
229.00 1.097772 10.75
230.00 1.097374 10.75
231.00 1.096979 10.75
232.00 1.096585 10.75
233.00 1.096192 10.75
234.00 1.095800 10.75
235.00 1.095409 10.75
236.00 1.095019 10.75
237.00 1.094630 10.75
238.00 1.094241 10.75
239.00 1.093856 10.74
240.00 1.093474 10.74
241.00 1.093096 10.73
242.00 1.092726 10.72
243.00 1.092366 10.72
244.00 1.092009 10.72
245.00 1.091654 10.72
246.00 1.091301 10.72
247.00 1.090950 10.72
248.00 1.090600 10.72
249.00 1.090252 10.72
250.00 1.089906 10.72
251.00 1.089567 10.71
252.00 1.089237 10.71
253.00 1.088909 10.71
254.00 1.088583 10.71
255.00 1.088259 10.71
256.00 1.087936 10.71
257.00 1.087615 10.71
258.00 1.087295 10.71
259.00 1.086976 10.71
260.00 1.086658 10.71
261.00 1.086342 10.71
262.00 1.086026 10.71
263.00 1.085711 10.71
264.00 1.085396 10.71
265.00 1.085083 10.71
266.00 1.084770 10.71
267.00 1.084459 10.69
268.00 1.084167 10.69
269.00 1.083877 10.69
270.00 1.083589 10.69
271.00 1.083303 10.69
272.00 1.083018 10.68
273.00 1.082738 10.68
274.00 1.082460 10.68
275.00 1.082184 10.68
276.00 1.081909 10.68
277.00 1.081636 10.68
278.00 1.081364 10.68
279.00 1.081093 10.68
280.00 1.080823 10.67
281.00 1.080558 10.67
282.00 1.080293 10.67
283.00 1.080031 10.66
284.00 1.079771 10.66
285.00 1.079514 10.66
286.00 1.079258 10.66
287.00 1.079003 10.66
288.00 1.078750 10.65
289.00 1.078501 10.65
290.00 1.078254 10.65
291.00 1.078008 10.65
292.00 1.077764 10.65
293.00 1.077521 10.64
294.00 1.077286 10.64
295.00 1.077052 10.64
296.00 1.076820 10.64
297.00 1.076590 10.64
298.00 1.076365 10.63
299.00 1.076150 10.63
300.00 1.075939 10.63
301.00 1.075729 10.63
302.00 1.075522 10.63
303.00 1.075316 10.63
304.00 1.075113 10.63
305.00 1.074911 10.63
306.00 1.074711 10.63
307.00 1.074513 10.63
308.00 1.074316 10.63
309.00 1.074121 10.63
310.00 1.073927 10.63
311.00 1.073734 10.63
312.00 1.073543 10.63
313.00 1.073353 10.63
314.00 1.073164 10.63
315.00 1.072976 10.63
316.00 1.072789 10.63
317.00 1.072606 10.62
318.00 1.072428 10.62
319.00 1.072252 10.62
320.00 1.072078 10.62
321.00 1.071905 10.62
322.00 1.071733 10.62
323.00 1.071562 10.62
324.00 1.071393 10.62
325.00 1.071225 10.62
326.00 1.071058 10.62
327.00 1.070892 10.62
328.00 1.070727 10.62
329.00 1.070563 10.62
330.00 1.070401 10.62
331.00 1.070239 10.62
332.00 1.070077 10.62
333.00 1.069917 10.62
334.00 1.069758 10.62
335.00 1.069599 10.62
336.00 1.069441 10.62
337.00 1.069284 10.62
338.00 1.069128 10.62
339.00 1.068972 10.62
340.00 1.068817 10.62
341.00 1.068663 10.62
342.00 1.068509 10.62
343.00 1.068356 10.62
344.00 1.068204 10.62
345.00 1.068052 10.62
346.00 1.067901 10.62
347.00 1.067750 10.62
348.00 1.067600 10.62
349.00 1.067450 10.62
350.00 1.067301 10.62
351.00 1.067152 10.62
352.00 1.067003 10.62
353.00 1.066856 10.61
354.00 1.066710 10.61
355.00 1.066564 10.61
356.00 1.066419 10.61
357.00 1.066275 10.61
358.00 1.066131 10.61
359.00 1.065987 10.61
360.00 1.065844 10.61
361.00 1.065702 10.61
362.00 1.065562 10.60
363.00 1.065429 10.60
364.00 1.065297 10.60
365.00 1.065166 10.60
366.00 1.065036 10.60
367.00 1.064907 10.60
368.00 1.064779 10.60
369.00 1.064652 10.60
370.00 1.064526 10.60
371.00 1.064400 10.60
372.00 1.064275 10.60
373.00 1.064151 10.60
374.00 1.064028 10.60
375.00 1.063905 10.60
376.00 1.063786 10.59
377.00 1.063670 10.59
378.00 1.063556 10.59
379.00 1.063442 10.59
380.00 1.063330 10.58
381.00 1.063219 10.58
382.00 1.063109 10.58
383.00 1.063000 10.58
384.00 1.062891 10.58
385.00 1.062784 10.58
386.00 1.062677 10.58
387.00 1.062572 10.58
388.00 1.062467 10.58
389.00 1.062363 10.57
390.00 1.062261 10.57
391.00 1.062159 10.57
392.00 1.062059 10.57
393.00 1.061959 10.57
394.00 1.061860 10.57
395.00 1.061762 10.57
396.00 1.061664 10.57
397.00 1.061568 10.57
398.00 1.061472 10.57
399.00 1.061376 10.57
400.00 1.061282 10.57
401.00 1.061188 10.57
402.00 1.061094 10.57
403.00 1.061002 10.57
404.00 1.060909 10.57
405.00 1.060818 10.57
406.00 1.060727 10.57
407.00 1.060636 10.57
408.00 1.060546 10.57
409.00 1.060457 10.57
410.00 1.060368 10.57
411.00 1.060280 10.57
412.00 1.060192 10.57
413.00 1.060105 10.57
414.00 1.060018 10.57
415.00 1.059931 10.57
416.00 1.059845 10.57
417.00 1.059760 10.57
418.00 1.059675 10.57
419.00 1.059590 10.57
420.00 1.059506 10.57
421.00 1.059422 10.57
422.00 1.059339 10.57
423.00 1.059256 10.57
424.00 1.059173 10.57
425.00 1.059091 10.57
426.00 1.059009 10.56
427.00 1.058928 10.56
428.00 1.058847 10.56
429.00 1.058767 10.56
430.00 1.058688 10.56
431.00 1.058608 10.56
432.00 1.058529 10.56
433.00 1.058451 10.56
434.00 1.058372 10.56
435.00 1.058294 10.56
436.00 1.058217 10.56
437.00 1.058140 10.56
438.00 1.058063 10.56
439.00 1.057986 10.56
440.00 1.057910 10.56
441.00 1.057834 10.56
442.00 1.057759 10.56
443.00 1.057683 10.56
444.00 1.057608 10.56
445.00 1.057534 10.56
446.00 1.057459 10.56
447.00 1.057385 10.56
448.00 1.057312 10.56
449.00 1.057238 10.56
450.00 1.057165 10.56
451.00 1.057092 10.56
452.00 1.057019 10.56
453.00 1.056946 10.56
454.00 1.056874 10.56
455.00 1.056802 10.56
456.00 1.056730 10.56
457.00 1.056659 10.56
458.00 1.056588 10.56
459.00 1.056517 10.56
460.00 1.056446 10.56
461.00 1.056375 10.56
462.00 1.056305 10.56
463.00 1.056235 10.56
464.00 1.056165 10.56
465.00 1.056095 10.56
466.00 1.056025 10.56
467.00 1.055956 10.56
468.00 1.055887 10.56
469.00 1.055818 10.56
470.00 1.055749 10.56
471.00 1.055680 10.56
472.00 1.055612 10.56
473.00 1.055543 10.56
474.00 1.055475 10.56
475.00 1.055407 10.56
476.00 1.055340 10.56
477.00 1.055272 10.56
478.00 1.055204 10.56
479.00 1.055137 10.56
480.00 1.055070 10.56
481.00 1.055003 10.56
482.00 1.054936 10.56
483.00 1.054869 10.56
484.00 1.054803 10.56
485.00 1.054736 10.56
486.00 1.054670 10.56
487.00 1.054604 10.56
488.00 1.054538 10.56
489.00 1.054472 10.56
490.00 1.054406 10.56
491.00 1.054341 10.56
492.00 1.054275 10.56
493.00 1.054210 10.56
494.00 1.054144 10.56
495.00 1.054079 10.56
496.00 1.054014 10.56
497.00 1.053949 10.56
498.00 1.053884 10.56
499.00 1.053819 10.56
500.00 1.053755 10.56
501.00 1.053690 10.56
502.00 1.053626 10.56
503.00 1.053561 10.56
504.00 1.053497 10.56
505.00 1.053433 10.56
506.00 1.053369 10.56
507.00 1.053305 10.56
508.00 1.053241 10.56
509.00 1.053177 10.56
510.00 1.053113 10.56
511.00 1.053050 10.56
512.00 1.052986 10.56
513.00 1.052922 10.56
514.00 1.052859 10.56
515.00 1.052796 10.56
516.00 1.052732 10.56
517.00 1.052669 10.56
518.00 1.052606 10.56
519.00 1.052543 10.56
520.00 1.052480 10.55
521.00 1.052417 10.55
522.00 1.052355 10.55
523.00 1.052292 10.54
524.00 1.052230 10.54
525.00 1.052169 10.54
526.00 1.052107 10.54
527.00 1.052046 10.54
528.00 1.051984 10.54
529.00 1.051923 10.54
530.00 1.051862 10.54
531.00 1.051801 10.54
532.00 1.051740 10.54
533.00 1.051680 10.54
534.00 1.051619 10.54
535.00 1.051559 10.54
536.00 1.051499 10.54
537.00 1.051438 10.54
538.00 1.051378 10.54
539.00 1.051318 10.54
540.00 1.051258 10.54
541.00 1.051199 10.54
542.00 1.051139 10.54
543.00 1.051080 10.54
544.00 1.051020 10.54
545.00 1.050961 10.54
546.00 1.050901 10.54
547.00 1.050842 10.54
548.00 1.050783 10.54
549.00 1.050724 10.54
550.00 1.050665 10.54
551.00 1.050606 10.54
552.00 1.050548 10.54
553.00 1.050489 10.54
554.00 1.050430 10.54
555.00 1.050372 10.54
556.00 1.050313 10.54
557.00 1.050255 10.54
558.00 1.050196 10.54
559.00 1.050138 10.54
560.00 1.050080 10.54
561.00 1.050022 10.54
562.00 1.049964 10.54
563.00 1.049906 10.54
564.00 1.049848 10.54
565.00 1.049790 10.54
566.00 1.049732 10.54
567.00 1.049674 10.54
568.00 1.049616 10.54
569.00 1.049558 10.54
570.00 1.049501 10.54
571.00 1.049443 10.54
572.00 1.049385 10.54
573.00 1.049329 10.53
574.00 1.049273 10.53
575.00 1.049217 10.53
576.00 1.049162 10.53
577.00 1.049106 10.53
578.00 1.049051 10.53
579.00 1.048996 10.53
580.00 1.048941 10.53
581.00 1.048889 10.52
582.00 1.048837 10.52
583.00 1.048785 10.52
584.00 1.048734 10.52
585.00 1.048684 10.52
586.00 1.048633 10.52
587.00 1.048583 10.52
588.00 1.048533 10.52
589.00 1.048483 10.52
590.00 1.048434 10.52
591.00 1.048385 10.52
592.00 1.048336 10.52
593.00 1.048287 10.52
594.00 1.048239 10.52
595.00 1.048191 10.51
596.00 1.048144 10.51
597.00 1.048097 10.51
598.00 1.048050 10.51
599.00 1.048004 10.51
600.00 1.047958 10.51
601.00 1.047912 10.51
602.00 1.047866 10.51
603.00 1.047821 10.51
604.00 1.047776 10.51
605.00 1.047731 10.51
606.00 1.047686 10.51
607.00 1.047641 10.51
608.00 1.047597 10.51
609.00 1.047553 10.51
610.00 1.047509 10.51
611.00 1.047465 10.51
612.00 1.047421 10.50
613.00 1.047378 10.50
614.00 1.047335 10.50
615.00 1.047292 10.50
616.00 1.047249 10.50
617.00 1.047206 10.50
618.00 1.047164 10.50
619.00 1.047122 10.50
620.00 1.047079 10.50
621.00 1.047037 10.50
622.00 1.046996 10.50
623.00 1.046954 10.50
624.00 1.046913 10.50
625.00 1.046871 10.50
626.00 1.046830 10.50
627.00 1.046789 10.50
628.00 1.046748 10.50
629.00 1.046707 10.50
630.00 1.046666 10.50
631.00 1.046626 10.50
632.00 1.046585 10.50
633.00 1.046545 10.50
634.00 1.046505 10.50
635.00 1.046465 10.50
636.00 1.046425 10.50
637.00 1.046385 10.50
638.00 1.046345 10.50
639.00 1.046305 10.50
640.00 1.046266 10.50
641.00 1.046226 10.50
642.00 1.046187 10.50
643.00 1.046148 10.50
644.00 1.046108 10.50
645.00 1.046069 10.50
646.00 1.046030 10.50
647.00 1.045991 10.50
648.00 1.045953 10.50
649.00 1.045914 10.50
650.00 1.045875 10.50
651.00 1.045837 10.50
652.00 1.045798 10.50
653.00 1.045760 10.50
654.00 1.045722 10.50
655.00 1.045684 10.50
656.00 1.045645 10.50
657.00 1.045607 10.50
658.00 1.045569 10.50
659.00 1.045532 10.50
660.00 1.045494 10.50
661.00 1.045456 10.50
662.00 1.045418 10.50
663.00 1.045381 10.50
664.00 1.045343 10.50
665.00 1.045306 10.50
666.00 1.045268 10.50
667.00 1.045231 10.50
668.00 1.045194 10.50
669.00 1.045157 10.50
670.00 1.045120 10.50
671.00 1.045083 10.50
672.00 1.045046 10.50
673.00 1.045009 10.50
674.00 1.044972 10.50
675.00 1.044935 10.50
676.00 1.044899 10.50
677.00 1.044862 10.50
678.00 1.044825 10.50
679.00 1.044789 10.50
680.00 1.044752 10.50
681.00 1.044716 10.50
682.00 1.044680 10.50
683.00 1.044643 10.50
684.00 1.044607 10.50
685.00 1.044571 10.50
686.00 1.044535 10.50
687.00 1.044499 10.50
688.00 1.044463 10.50
689.00 1.044427 10.50
690.00 1.044391 10.50
691.00 1.044355 10.50
692.00 1.044319 10.50
693.00 1.044283 10.50
694.00 1.044248 10.50
695.00 1.044212 10.50
696.00 1.044177 10.50
697.00 1.044141 10.50
698.00 1.044105 10.50
699.00 1.044070 10.50
700.00 1.044035 10.50
701.00 1.043999 10.50
702.00 1.043964 10.50
703.00 1.043929 10.50
704.00 1.043894 10.50
705.00 1.043858 10.50
706.00 1.043823 10.50
707.00 1.043788 10.50
708.00 1.043753 10.50
709.00 1.043718 10.50
710.00 1.043683 10.50
711.00 1.043648 10.50
712.00 1.043613 10.50
713.00 1.043579 10.50
714.00 1.043544 10.50
715.00 1.043509 10.50
716.00 1.043475 10.50
717.00 1.043440 10.50
718.00 1.043405 10.50
719.00 1.043371 10.50
720.00 1.043336 10.50
721.00 1.043302 10.50
722.00 1.043267 10.50
723.00 1.043233 10.50
724.00 1.043199 10.50
725.00 1.043164 10.50
726.00 1.043130 10.50
727.00 1.043096 10.50
728.00 1.043062 10.50
729.00 1.043027 10.50
730.00 1.042993 10.50
731.00 1.042959 10.50
732.00 1.042925 10.50
733.00 1.042891 10.50
734.00 1.042857 10.50
735.00 1.042823 10.50
736.00 1.042789 10.50
737.00 1.042755 10.50
738.00 1.042722 10.50
739.00 1.042688 10.50
740.00 1.042654 10.50
741.00 1.042620 10.50
742.00 1.042587 10.50
743.00 1.042553 10.50
744.00 1.042519 10.50
745.00 1.042486 10.50
746.00 1.042452 10.50
747.00 1.042419 10.50
748.00 1.042385 10.50
749.00 1.042352 10.50
750.00 1.042318 10.50
751.00 1.042285 10.50
752.00 1.042252 10.50
753.00 1.042218 10.50
754.00 1.042185 10.50
755.00 1.042152 10.50
756.00 1.042118 10.50
757.00 1.042085 10.50
758.00 1.042052 10.50
759.00 1.042019 10.50
760.00 1.041986 10.50
761.00 1.041953 10.50
762.00 1.041920 10.50
763.00 1.041887 10.50
764.00 1.041854 10.50
765.00 1.041821 10.50
766.00 1.041788 10.50
767.00 1.041755 10.50
768.00 1.041722 10.50
769.00 1.041689 10.50
770.00 1.041657 10.50
771.00 1.041624 10.50
772.00 1.041591 10.50
773.00 1.041558 10.50
774.00 1.041526 10.50
775.00 1.041493 10.50
776.00 1.041460 10.50
777.00 1.041428 10.50
778.00 1.041395 10.50
779.00 1.041363 10.50
780.00 1.041330 10.50
781.00 1.041298 10.50
782.00 1.041265 10.50
783.00 1.041233 10.50
784.00 1.041201 10.50
785.00 1.041168 10.50
786.00 1.041136 10.50
787.00 1.041104 10.50
788.00 1.041071 10.50
789.00 1.041039 10.50
790.00 1.041007 10.50
791.00 1.040975 10.50
792.00 1.040942 10.50
793.00 1.040910 10.50
794.00 1.040878 10.50
795.00 1.040846 10.50
796.00 1.040814 10.50
797.00 1.040782 10.50
798.00 1.040750 10.50
799.00 1.040718 10.50
800.00 1.040686 10.50
801.00 1.040654 10.50
802.00 1.040622 10.50
803.00 1.040590 10.50
804.00 1.040558 10.50
805.00 1.040527 10.50
806.00 1.040495 10.50
807.00 1.040463 10.50
808.00 1.040431 10.50
809.00 1.040400 10.50
810.00 1.040368 10.50
811.00 1.040336 10.50
812.00 1.040304 10.50
813.00 1.040273 10.50
814.00 1.040241 10.50
815.00 1.040210 10.50
816.00 1.040178 10.50
817.00 1.040147 10.50
818.00 1.040115 10.50
819.00 1.040084 10.50
820.00 1.040052 10.50
821.00 1.040021 10.50
822.00 1.039989 10.50
823.00 1.039958 10.50
824.00 1.039926 10.50
825.00 1.039895 10.50
826.00 1.039864 10.50
827.00 1.039832 10.50
828.00 1.039801 10.50
829.00 1.039770 10.50
830.00 1.039739 10.50
831.00 1.039707 10.50
832.00 1.039676 10.50
833.00 1.039645 10.50
834.00 1.039614 10.50
835.00 1.039583 10.50
836.00 1.039552 10.50
837.00 1.039521 10.50
838.00 1.039490 10.50
839.00 1.039459 10.50
840.00 1.039428 10.50
841.00 1.039397 10.50
842.00 1.039366 10.50
843.00 1.039335 10.50
844.00 1.039304 10.50
845.00 1.039273 10.50
846.00 1.039242 10.50
847.00 1.039211 10.50
848.00 1.039180 10.50
849.00 1.039150 10.50
850.00 1.039119 10.50
851.00 1.039088 10.50
852.00 1.039057 10.50
853.00 1.039026 10.50
854.00 1.038996 10.50
855.00 1.038965 10.50
856.00 1.038934 10.50
857.00 1.038904 10.50
858.00 1.038873 10.50
859.00 1.038843 10.50
860.00 1.038812 10.50
861.00 1.038781 10.50
862.00 1.038751 10.50
863.00 1.038720 10.50
864.00 1.038690 10.50
865.00 1.038659 10.50
866.00 1.038629 10.50
867.00 1.038598 10.50
868.00 1.038568 10.50
869.00 1.038538 10.50
870.00 1.038507 10.50
871.00 1.038477 10.50
872.00 1.038447 10.50
873.00 1.038416 10.50
874.00 1.038386 10.50
875.00 1.038356 10.50
876.00 1.038325 10.50
877.00 1.038295 10.50
878.00 1.038265 10.50
879.00 1.038235 10.50
880.00 1.038204 10.50
881.00 1.038174 10.50
882.00 1.038144 10.50
883.00 1.038114 10.50
884.00 1.038084 10.50
885.00 1.038054 10.50
886.00 1.038024 10.50
887.00 1.037994 10.50
888.00 1.037964 10.50
889.00 1.037934 10.50
890.00 1.037904 10.50
891.00 1.037874 10.50
892.00 1.037844 10.50
893.00 1.037814 10.50
894.00 1.037784 10.50
895.00 1.037754 10.50
896.00 1.037724 10.50
897.00 1.037694 10.50
898.00 1.037664 10.50
899.00 1.037634 10.50
900.00 1.037604 10.50
901.00 1.037575 10.50
902.00 1.037545 10.50
903.00 1.037515 10.50
904.00 1.037485 10.50
905.00 1.037456 10.50
906.00 1.037426 10.50
907.00 1.037396 10.50
908.00 1.037366 10.50
909.00 1.037337 10.50
910.00 1.037307 10.50
911.00 1.037277 10.50
912.00 1.037248 10.50
913.00 1.037218 10.50
914.00 1.037189 10.50
915.00 1.037159 10.50
916.00 1.037129 10.50
917.00 1.037100 10.50
918.00 1.037070 10.50
919.00 1.037041 10.50
920.00 1.037011 10.50
921.00 1.036982 10.50
922.00 1.036952 10.50
923.00 1.036923 10.50
924.00 1.036893 10.50
925.00 1.036864 10.50
926.00 1.036835 10.49
927.00 1.036806 10.49
928.00 1.036778 10.49
929.00 1.036749 10.49
930.00 1.036720 10.49
931.00 1.036692 10.49
932.00 1.036663 10.49
933.00 1.036635 10.49
934.00 1.036607 10.49
935.00 1.036578 10.49
936.00 1.036550 10.49
937.00 1.036522 10.49
938.00 1.036493 10.49
939.00 1.036465 10.49
940.00 1.036437 10.49
941.00 1.036409 10.49
942.00 1.036381 10.49
943.00 1.036353 10.49
944.00 1.036325 10.49
945.00 1.036297 10.49
946.00 1.036269 10.49
947.00 1.036241 10.49
948.00 1.036213 10.49
949.00 1.036185 10.49
950.00 1.036158 10.49
951.00 1.036130 10.49
952.00 1.036102 10.49
953.00 1.036075 10.49
954.00 1.036047 10.49
955.00 1.036020 10.49
956.00 1.035992 10.49
957.00 1.035965 10.49
958.00 1.035937 10.49
959.00 1.035910 10.49
960.00 1.035882 10.49
961.00 1.035855 10.49
962.00 1.035828 10.49
963.00 1.035800 10.49
964.00 1.035773 10.49
965.00 1.035746 10.49
966.00 1.035719 10.49
967.00 1.035692 10.49
968.00 1.035665 10.49
969.00 1.035638 10.49
970.00 1.035611 10.49
971.00 1.035584 10.49
972.00 1.035557 10.49
973.00 1.035530 10.49
974.00 1.035503 10.49
975.00 1.035477 10.49
976.00 1.035450 10.49
977.00 1.035423 10.49
978.00 1.035396 10.49
979.00 1.035370 10.49
980.00 1.035343 10.49
981.00 1.035317 10.49
982.00 1.035290 10.49
983.00 1.035264 10.49
984.00 1.035237 10.49
985.00 1.035211 10.49
986.00 1.035184 10.49
987.00 1.035158 10.49
988.00 1.035132 10.49
989.00 1.035106 10.49
990.00 1.035079 10.49
991.00 1.035053 10.49
992.00 1.035027 10.49
993.00 1.035001 10.49
994.00 1.034975 10.49
995.00 1.034949 10.49
996.00 1.034923 10.49
997.00 1.034897 10.49
998.00 1.034871 10.49
999.00 1.034845 10.49
1000.00 1.034819 10.49
1001.00 1.034794 10.49
1002.00 1.034768 10.49
1003.00 1.034742 10.49
1004.00 1.034716 10.49
1005.00 1.034691 10.49
1006.00 1.034665 10.49
1007.00 1.034639 10.49
1008.00 1.034614 10.49
1009.00 1.034588 10.49
1010.00 1.034563 10.49
1011.00 1.034538 10.49
1012.00 1.034512 10.49
1013.00 1.034487 10.49
1014.00 1.034461 10.49
1015.00 1.034436 10.49
1016.00 1.034411 10.49
1017.00 1.034386 10.49
1018.00 1.034360 10.49
1019.00 1.034335 10.49
1020.00 1.034310 10.49
1021.00 1.034285 10.49
1022.00 1.034260 10.49
1023.00 1.034235 10.49
1024.00 1.034210 10.49
1025.00 1.034185 10.49
1026.00 1.034160 10.49
1027.00 1.034135 10.49
1028.00 1.034111 10.49
1029.00 1.034086 10.49
1030.00 1.034061 10.49
1031.00 1.034036 10.49
1032.00 1.034012 10.49
1033.00 1.033987 10.49
1034.00 1.033962 10.49
1035.00 1.033938 10.49
1036.00 1.033913 10.49
1037.00 1.033889 10.49
1038.00 1.033864 10.49
1039.00 1.033840 10.49
1040.00 1.033815 10.49
1041.00 1.033791 10.49
1042.00 1.033766 10.49
1043.00 1.033742 10.49
1044.00 1.033718 10.49
1045.00 1.033694 10.49
1046.00 1.033669 10.49
1047.00 1.033645 10.49
1048.00 1.033621 10.49
1049.00 1.033597 10.49
1050.00 1.033573 10.49
1051.00 1.033549 10.49
1052.00 1.033525 10.49
1053.00 1.033501 10.49
1054.00 1.033477 10.49
1055.00 1.033453 10.49
1056.00 1.033429 10.49
1057.00 1.033405 10.49
1058.00 1.033381 10.49
1059.00 1.033357 10.49
1060.00 1.033334 10.49
1061.00 1.033310 10.48
1062.00 1.033287 10.48
1063.00 1.033264 10.48
1064.00 1.033241 10.48
1065.00 1.033218 10.48
1066.00 1.033195 10.48
1067.00 1.033173 10.48
1068.00 1.033150 10.48
1069.00 1.033127 10.48
1070.00 1.033104 10.48
1071.00 1.033082 10.48
1072.00 1.033059 10.48
1073.00 1.033037 10.48
1074.00 1.033014 10.48
1075.00 1.032992 10.48
1076.00 1.032969 10.48
1077.00 1.032947 10.48
1078.00 1.032924 10.48
1079.00 1.032902 10.48
1080.00 1.032880 10.48
1081.00 1.032858 10.48
1082.00 1.032835 10.48
1083.00 1.032813 10.48
1084.00 1.032791 10.48
1085.00 1.032769 10.48
1086.00 1.032747 10.48
1087.00 1.032725 10.48
1088.00 1.032703 10.48
1089.00 1.032681 10.48
1090.00 1.032659 10.48
1091.00 1.032637 10.48
1092.00 1.032615 10.48
1093.00 1.032594 10.48
1094.00 1.032572 10.48
1095.00 1.032550 10.48
1096.00 1.032528 10.48
1097.00 1.032507 10.48
1098.00 1.032485 10.48
1099.00 1.032464 10.48
1100.00 1.032442 10.48
1101.00 1.032421 10.48
1102.00 1.032399 10.48
1103.00 1.032378 10.48
1104.00 1.032356 10.48
1105.00 1.032335 10.48
1106.00 1.032314 10.48
1107.00 1.032292 10.48
1108.00 1.032271 10.48
1109.00 1.032250 10.48
1110.00 1.032229 10.48
1111.00 1.032207 10.48
1112.00 1.032186 10.48
1113.00 1.032165 10.48
1114.00 1.032144 10.48
1115.00 1.032123 10.48
1116.00 1.032102 10.48
1117.00 1.032081 10.48
1118.00 1.032060 10.48
1119.00 1.032040 10.48
1120.00 1.032019 10.48
1121.00 1.031998 10.48
1122.00 1.031977 10.48
1123.00 1.031956 10.48
1124.00 1.031936 10.48
1125.00 1.031915 10.48
1126.00 1.031894 10.48
1127.00 1.031874 10.48
1128.00 1.031853 10.48
1129.00 1.031833 10.48
1130.00 1.031812 10.48
1131.00 1.031792 10.48
1132.00 1.031771 10.48
1133.00 1.031751 10.48
1134.00 1.031730 10.48
1135.00 1.031710 10.48
1136.00 1.031690 10.48
1137.00 1.031670 10.48
1138.00 1.031649 10.48
1139.00 1.031629 10.48
1140.00 1.031609 10.48
1141.00 1.031589 10.48
1142.00 1.031569 10.48
1143.00 1.031549 10.48
1144.00 1.031529 10.48
1145.00 1.031508 10.48
1146.00 1.031489 10.48
1147.00 1.031469 10.48
1148.00 1.031449 10.48
1149.00 1.031429 10.48
1150.00 1.031409 10.48
1151.00 1.031389 10.48
1152.00 1.031369 10.48
1153.00 1.031349 10.48
1154.00 1.031330 10.48
1155.00 1.031310 10.48
1156.00 1.031290 10.48
1157.00 1.031271 10.48
1158.00 1.031251 10.48
1159.00 1.031231 10.48
1160.00 1.031212 10.48
1161.00 1.031192 10.48
1162.00 1.031173 10.48
1163.00 1.031153 10.48
1164.00 1.031134 10.48
1165.00 1.031115 10.48
1166.00 1.031095 10.48
1167.00 1.031076 10.48
1168.00 1.031056 10.48
1169.00 1.031037 10.48
1170.00 1.031018 10.48
1171.00 1.030999 10.48
1172.00 1.030979 10.48
1173.00 1.030960 10.48
1174.00 1.030941 10.48
1175.00 1.030922 10.48
1176.00 1.030903 10.48
1177.00 1.030884 10.48
1178.00 1.030865 10.48
1179.00 1.030846 10.48
1180.00 1.030827 10.48
1181.00 1.030808 10.48
1182.00 1.030789 10.48
1183.00 1.030770 10.48
1184.00 1.030751 10.48
1185.00 1.030732 10.48
1186.00 1.030713 10.48
1187.00 1.030695 10.48
1188.00 1.030676 10.48
1189.00 1.030657 10.48
1190.00 1.030638 10.48
1191.00 1.030620 10.48
1192.00 1.030601 10.48
1193.00 1.030583 10.48
1194.00 1.030564 10.48
1195.00 1.030545 10.48
1196.00 1.030527 10.48
1197.00 1.030508 10.48
1198.00 1.030490 10.48
1199.00 1.030471 10.48
1200.00 1.030453 10.48
1201.00 1.030434 10.48
1202.00 1.030416 10.48
1203.00 1.030398 10.48
1204.00 1.030379 10.48
1205.00 1.030361 10.48
1206.00 1.030343 10.48
1207.00 1.030325 10.48
1208.00 1.030306 10.48
1209.00 1.030288 10.48
1210.00 1.030270 10.48
1211.00 1.030252 10.48
1212.00 1.030234 10.48
1213.00 1.030215 10.48
1214.00 1.030197 10.48
1215.00 1.030179 10.48
1216.00 1.030161 10.48
1217.00 1.030143 10.48
1218.00 1.030125 10.48
1219.00 1.030107 10.48
1220.00 1.030089 10.48
1221.00 1.030071 10.48
1222.00 1.030054 10.48
1223.00 1.030036 10.48
1224.00 1.030018 10.48
1225.00 1.030000 10.48
1226.00 1.029982 10.48
1227.00 1.029964 10.48
1228.00 1.029947 10.48
1229.00 1.029929 10.48
1230.00 1.029911 10.48
1231.00 1.029894 10.48
1232.00 1.029876 10.48
1233.00 1.029858 10.48
1234.00 1.029841 10.48
1235.00 1.029823 10.48
1236.00 1.029806 10.48
1237.00 1.029788 10.48
1238.00 1.029771 10.48
1239.00 1.029753 10.48
1240.00 1.029736 10.48
1241.00 1.029718 10.48
1242.00 1.029701 10.48
1243.00 1.029683 10.48
1244.00 1.029666 10.48
1245.00 1.029649 10.48
1246.00 1.029631 10.48
1247.00 1.029614 10.48
1248.00 1.029597 10.48
1249.00 1.029579 10.48
1250.00 1.029562 10.48
1251.00 1.029545 10.48
1252.00 1.029528 10.48
1253.00 1.029510 10.48
1254.00 1.029493 10.48
1255.00 1.029476 10.48
1256.00 1.029459 10.47
1257.00 1.029443 10.47
1258.00 1.029426 10.47
1259.00 1.029410 10.47
1260.00 1.029394 10.47
1261.00 1.029378 10.47
1262.00 1.029362 10.47
1263.00 1.029346 10.47
1264.00 1.029330 10.47
1265.00 1.029315 10.47
1266.00 1.029299 10.47
1267.00 1.029283 10.47
1268.00 1.029268 10.47
1269.00 1.029252 10.47
1270.00 1.029237 10.47
1271.00 1.029221 10.47
1272.00 1.029206 10.47
1273.00 1.029191 10.47
1274.00 1.029175 10.47
1275.00 1.029160 10.47
1276.00 1.029145 10.47
1277.00 1.029130 10.47
1278.00 1.029115 10.47
1279.00 1.029100 10.47
1280.00 1.029085 10.47
1281.00 1.029070 10.47
1282.00 1.029056 10.46
1283.00 1.029042 10.46
1284.00 1.029028 10.46
1285.00 1.029015 10.46
1286.00 1.029001 10.46
1287.00 1.028987 10.46
1288.00 1.028974 10.46
1289.00 1.028960 10.46
1290.00 1.028947 10.46
1291.00 1.028934 10.46
1292.00 1.028920 10.46
1293.00 1.028907 10.46
1294.00 1.028894 10.46
1295.00 1.028881 10.46
1296.00 1.028867 10.46
1297.00 1.028854 10.46
1298.00 1.028841 10.46
1299.00 1.028828 10.46
1300.00 1.028815 10.46
1301.00 1.028802 10.46
1302.00 1.028789 10.46
1303.00 1.028777 10.46
1304.00 1.028764 10.46
1305.00 1.028751 10.46
1306.00 1.028738 10.46
1307.00 1.028725 10.46
1308.00 1.028713 10.46
1309.00 1.028700 10.46
1310.00 1.028687 10.46
1311.00 1.028675 10.46
1312.00 1.028662 10.46
1313.00 1.028650 10.46
1314.00 1.028637 10.46
1315.00 1.028625 10.46
1316.00 1.028612 10.46
1317.00 1.028600 10.46
1318.00 1.028588 10.46
1319.00 1.028575 10.46
1320.00 1.028563 10.46
1321.00 1.028551 10.46
1322.00 1.028539 10.46
1323.00 1.028526 10.46
1324.00 1.028514 10.46
1325.00 1.028502 10.46
1326.00 1.028490 10.46
1327.00 1.028478 10.46
1328.00 1.028466 10.46
1329.00 1.028454 10.46
1330.00 1.028442 10.46
1331.00 1.028430 10.46
1332.00 1.028418 10.46
1333.00 1.028406 10.46
1334.00 1.028394 10.46
1335.00 1.028383 10.46
1336.00 1.028371 10.46
1337.00 1.028359 10.46
1338.00 1.028347 10.46
1339.00 1.028335 10.46
1340.00 1.028324 10.46
1341.00 1.028312 10.46
1342.00 1.028301 10.46
1343.00 1.028289 10.46
1344.00 1.028277 10.46
1345.00 1.028266 10.46
1346.00 1.028254 10.46
1347.00 1.028243 10.46
1348.00 1.028231 10.46
1349.00 1.028220 10.46
1350.00 1.028208 10.46
1351.00 1.028197 10.46
1352.00 1.028186 10.46
1353.00 1.028174 10.46
1354.00 1.028163 10.46
1355.00 1.028152 10.46
1356.00 1.028140 10.46
1357.00 1.028129 10.46
1358.00 1.028118 10.46
1359.00 1.028107 10.46
1360.00 1.028096 10.46
1361.00 1.028084 10.46
1362.00 1.028073 10.46
1363.00 1.028062 10.46
1364.00 1.028051 10.46
1365.00 1.028040 10.46
1366.00 1.028029 10.46
1367.00 1.028018 10.46
1368.00 1.028007 10.46
1369.00 1.027996 10.46
1370.00 1.027985 10.46
1371.00 1.027974 10.46
1372.00 1.027964 10.46
1373.00 1.027953 10.46
1374.00 1.027942 10.46
1375.00 1.027931 10.46
1376.00 1.027920 10.46
1377.00 1.027909 10.46
1378.00 1.027899 10.46
1379.00 1.027888 10.46
1380.00 1.027877 10.46
1381.00 1.027867 10.46
1382.00 1.027856 10.46
1383.00 1.027845 10.46
1384.00 1.027835 10.46
1385.00 1.027824 10.46
1386.00 1.027814 10.46
1387.00 1.027803 10.46
1388.00 1.027792 10.46
1389.00 1.027782 10.46
1390.00 1.027771 10.46
1391.00 1.027761 10.46
1392.00 1.027751 10.46
1393.00 1.027740 10.46
1394.00 1.027730 10.46
1395.00 1.027719 10.46
1396.00 1.027709 10.46
1397.00 1.027699 10.46
1398.00 1.027688 10.46
1399.00 1.027678 10.46
1400.00 1.027668 10.46
1401.00 1.027658 10.46
1402.00 1.027647 10.46
1403.00 1.027637 10.46
1404.00 1.027627 10.46
1405.00 1.027617 10.46
1406.00 1.027607 10.46
1407.00 1.027596 10.46
1408.00 1.027586 10.46
1409.00 1.027576 10.46
1410.00 1.027566 10.46
1411.00 1.027556 10.46
1412.00 1.027546 10.46
1413.00 1.027536 10.46
1414.00 1.027526 10.46
1415.00 1.027516 10.46
1416.00 1.027506 10.46
1417.00 1.027496 10.46
1418.00 1.027486 10.46
1419.00 1.027476 10.46
1420.00 1.027466 10.46
1421.00 1.027457 10.46
1422.00 1.027447 10.46
1423.00 1.027437 10.46
1424.00 1.027427 10.46
1425.00 1.027417 10.46
1426.00 1.027408 10.46
1427.00 1.027398 10.46
1428.00 1.027388 10.46
1429.00 1.027378 10.46
1430.00 1.027369 10.46
1431.00 1.027359 10.46
1432.00 1.027349 10.46
1433.00 1.027340 10.46
1434.00 1.027330 10.46
1435.00 1.027320 10.46
1436.00 1.027311 10.46
1437.00 1.027301 10.46
1438.00 1.027292 10.46
1439.00 1.027282 10.46
1440.00 1.027273 10.46
1441.00 1.027263 10.46
1442.00 1.027254 10.46
1443.00 1.027244 10.46
1444.00 1.027235 10.46
1445.00 1.027225 10.46
1446.00 1.027216 10.46
1447.00 1.027206 10.46
1448.00 1.027197 10.46
1449.00 1.027188 10.46
1450.00 1.027178 10.46
1451.00 1.027169 10.46
1452.00 1.027160 10.46
1453.00 1.027150 10.46
1454.00 1.027141 10.46
1455.00 1.027132 10.46
1456.00 1.027123 10.46
1457.00 1.027113 10.46
1458.00 1.027104 10.46
1459.00 1.027095 10.46
1460.00 1.027086 10.46
1461.00 1.027077 10.46
1462.00 1.027067 10.46
1463.00 1.027058 10.46
1464.00 1.027049 10.46
1465.00 1.027040 10.46
1466.00 1.027031 10.46
1467.00 1.027022 10.46
1468.00 1.027013 10.46
1469.00 1.027004 10.46
1470.00 1.026995 10.46
1471.00 1.026986 10.46
1472.00 1.026977 10.46
1473.00 1.026968 10.46
1474.00 1.026959 10.46
1475.00 1.026950 10.46
1476.00 1.026941 10.46
1477.00 1.026932 10.46
1478.00 1.026923 10.46
1479.00 1.026914 10.46
1480.00 1.026905 10.46
1481.00 1.026897 10.46
1482.00 1.026888 10.46
1483.00 1.026879 10.46
1484.00 1.026870 10.46
1485.00 1.026861 10.46
1486.00 1.026853 10.46
1487.00 1.026844 10.46
1488.00 1.026835 10.46
1489.00 1.026826 10.46
1490.00 1.026818 10.46
1491.00 1.026809 10.46
1492.00 1.026800 10.46
1493.00 1.026792 10.46
1494.00 1.026783 10.46
1495.00 1.026774 10.46
1496.00 1.026766 10.46
1497.00 1.026757 10.46
1498.00 1.026748 10.46
1499.00 1.026740 10.46
1500.00 1.026731 10.46
1501.00 1.026723 10.46
1502.00 1.026714 10.46
1503.00 1.026706 10.46
1504.00 1.026697 10.46
1505.00 1.026689 10.46
1506.00 1.026680 10.46
1507.00 1.026672 10.46
1508.00 1.026663 10.46
1509.00 1.026655 10.46
1510.00 1.026646 10.46
1511.00 1.026638 10.46
1512.00 1.026629 10.46
1513.00 1.026621 10.46
1514.00 1.026613 10.46
1515.00 1.026604 10.46
1516.00 1.026596 10.46
1517.00 1.026588 10.46
1518.00 1.026579 10.46
1519.00 1.026571 10.46
1520.00 1.026563 10.46
1521.00 1.026555 10.46
1522.00 1.026546 10.46
1523.00 1.026538 10.46
1524.00 1.026530 10.46
1525.00 1.026522 10.46
1526.00 1.026513 10.46
1527.00 1.026505 10.46
1528.00 1.026497 10.46
1529.00 1.026489 10.46
1530.00 1.026481 10.46
1531.00 1.026473 10.46
1532.00 1.026464 10.46
1533.00 1.026456 10.46
1534.00 1.026448 10.46
1535.00 1.026440 10.46
1536.00 1.026432 10.46
1537.00 1.026424 10.46
1538.00 1.026416 10.46
1539.00 1.026408 10.46
1540.00 1.026400 10.46
1541.00 1.026392 10.46
1542.00 1.026384 10.46
1543.00 1.026376 10.46
1544.00 1.026368 10.46
1545.00 1.026360 10.46
1546.00 1.026352 10.46
1547.00 1.026344 10.46
1548.00 1.026336 10.46
1549.00 1.026328 10.46
1550.00 1.026320 10.46
1551.00 1.026313 10.46
1552.00 1.026305 10.46
1553.00 1.026297 10.46
1554.00 1.026289 10.46
1555.00 1.026281 10.46
1556.00 1.026273 10.46
1557.00 1.026266 10.46
1558.00 1.026258 10.46
1559.00 1.026250 10.46
1560.00 1.026242 10.46
1561.00 1.026234 10.46
1562.00 1.026227 10.46
1563.00 1.026219 10.46
1564.00 1.026211 10.46
1565.00 1.026204 10.46
1566.00 1.026196 10.46
1567.00 1.026188 10.46
1568.00 1.026180 10.46
1569.00 1.026173 10.46
1570.00 1.026165 10.46
1571.00 1.026158 10.46
1572.00 1.026150 10.46
1573.00 1.026142 10.46
1574.00 1.026135 10.46
1575.00 1.026127 10.46
1576.00 1.026120 10.46
1577.00 1.026112 10.46
1578.00 1.026104 10.46
1579.00 1.026097 10.46
1580.00 1.026089 10.46
1581.00 1.026082 10.46
1582.00 1.026074 10.46
1583.00 1.026067 10.46
1584.00 1.026059 10.46
1585.00 1.026052 10.46
1586.00 1.026045 10.46
1587.00 1.026037 10.46
1588.00 1.026030 10.46
1589.00 1.026022 10.46
1590.00 1.026015 10.46
1591.00 1.026007 10.46
1592.00 1.026000 10.46
1593.00 1.025993 10.46
1594.00 1.025985 10.46
1595.00 1.025978 10.46
1596.00 1.025971 10.46
1597.00 1.025963 10.46
1598.00 1.025956 10.46
1599.00 1.025949 10.46
1600.00 1.025941 10.46
1601.00 1.025934 10.46
1602.00 1.025927 10.46
1603.00 1.025920 10.46
1604.00 1.025912 10.46
1605.00 1.025905 10.46
1606.00 1.025898 10.46
1607.00 1.025891 10.46
1608.00 1.025883 10.46
1609.00 1.025876 10.46
1610.00 1.025869 10.46
1611.00 1.025862 10.46
1612.00 1.025855 10.46
1613.00 1.025848 10.46
1614.00 1.025840 10.46
1615.00 1.025833 10.46
1616.00 1.025826 10.46
1617.00 1.025819 10.46
1618.00 1.025812 10.46
1619.00 1.025805 10.46
1620.00 1.025798 10.46
1621.00 1.025791 10.46
1622.00 1.025784 10.46
1623.00 1.025777 10.46
1624.00 1.025770 10.46
1625.00 1.025763 10.46
1626.00 1.025756 10.46
1627.00 1.025749 10.46
1628.00 1.025742 10.46
1629.00 1.025735 10.46
1630.00 1.025728 10.46
1631.00 1.025721 10.46
1632.00 1.025714 10.46
1633.00 1.025707 10.46
1634.00 1.025700 10.46
1635.00 1.025693 10.46
1636.00 1.025686 10.46
1637.00 1.025679 10.46
1638.00 1.025672 10.46
1639.00 1.025666 10.46
1640.00 1.025659 10.46
1641.00 1.025652 10.46
1642.00 1.025645 10.46
1643.00 1.025638 10.46
1644.00 1.025631 10.46
1645.00 1.025624 10.46
1646.00 1.025618 10.46
1647.00 1.025611 10.46
1648.00 1.025604 10.46
1649.00 1.025597 10.46
1650.00 1.025591 10.46
1651.00 1.025584 10.46
1652.00 1.025577 10.46
1653.00 1.025570 10.46
1654.00 1.025564 10.46
1655.00 1.025557 10.46
1656.00 1.025550 10.46
1657.00 1.025544 10.46
1658.00 1.025537 10.46
1659.00 1.025530 10.46
1660.00 1.025524 10.46
1661.00 1.025517 10.46
1662.00 1.025510 10.46
1663.00 1.025504 10.46
1664.00 1.025497 10.46
1665.00 1.025490 10.46
1666.00 1.025484 10.46
1667.00 1.025477 10.46
1668.00 1.025471 10.46
1669.00 1.025464 10.46
1670.00 1.025458 10.46
1671.00 1.025451 10.46
1672.00 1.025444 10.46
1673.00 1.025438 10.46
1674.00 1.025431 10.46
1675.00 1.025425 10.46
1676.00 1.025418 10.46
1677.00 1.025412 10.46
1678.00 1.025405 10.46
1679.00 1.025399 10.46
1680.00 1.025392 10.46
1681.00 1.025386 10.46
1682.00 1.025380 10.46
1683.00 1.025373 10.46
1684.00 1.025367 10.46
1685.00 1.025360 10.46
1686.00 1.025354 10.46
1687.00 1.025347 10.46
1688.00 1.025341 10.46
1689.00 1.025335 10.46
1690.00 1.025328 10.46
1691.00 1.025322 10.46
1692.00 1.025316 10.46
1693.00 1.025309 10.46
1694.00 1.025303 10.46
1695.00 1.025297 10.46
1696.00 1.025290 10.46
1697.00 1.025284 10.46
1698.00 1.025278 10.46
1699.00 1.025271 10.46
1700.00 1.025265 10.46
1701.00 1.025259 10.46
1702.00 1.025253 10.46
1703.00 1.025246 10.46
1704.00 1.025240 10.46
1705.00 1.025234 10.46
1706.00 1.025228 10.46
1707.00 1.025221 10.46
1708.00 1.025215 10.46
1709.00 1.025209 10.46
1710.00 1.025203 10.46
1711.00 1.025197 10.46
1712.00 1.025190 10.46
1713.00 1.025184 10.46
1714.00 1.025178 10.46
1715.00 1.025172 10.46
1716.00 1.025166 10.46
1717.00 1.025160 10.46
1718.00 1.025154 10.46
1719.00 1.025147 10.46
1720.00 1.025141 10.46
1721.00 1.025135 10.46
1722.00 1.025129 10.46
1723.00 1.025123 10.46
1724.00 1.025117 10.46
1725.00 1.025111 10.46
1726.00 1.025105 10.46
1727.00 1.025099 10.46
1728.00 1.025093 10.46
1729.00 1.025087 10.46
1730.00 1.025081 10.46
1731.00 1.025075 10.46
1732.00 1.025069 10.46
1733.00 1.025063 10.46
1734.00 1.025057 10.46
1735.00 1.025051 10.46
1736.00 1.025045 10.46
1737.00 1.025039 10.46
1738.00 1.025033 10.46
1739.00 1.025027 10.46
1740.00 1.025021 10.46
1741.00 1.025015 10.46
1742.00 1.025009 10.46
1743.00 1.025003 10.46
1744.00 1.024998 10.46
1745.00 1.024992 10.46
1746.00 1.024986 10.46
1747.00 1.024980 10.46
1748.00 1.024974 10.46
1749.00 1.024968 10.46
1750.00 1.024962 10.46
1751.00 1.024957 10.46
1752.00 1.024951 10.46
1753.00 1.024945 10.46
1754.00 1.024939 10.46
1755.00 1.024933 10.46
1756.00 1.024927 10.46
1757.00 1.024922 10.46
1758.00 1.024916 10.46
1759.00 1.024910 10.46
1760.00 1.024904 10.46
1761.00 1.024899 10.46
1762.00 1.024893 10.46
1763.00 1.024887 10.46
1764.00 1.024881 10.46
1765.00 1.024876 10.46
1766.00 1.024870 10.46
1767.00 1.024864 10.46
1768.00 1.024859 10.46
1769.00 1.024853 10.46
1770.00 1.024847 10.46
1771.00 1.024841 10.46
1772.00 1.024836 10.46
1773.00 1.024830 10.46
1774.00 1.024825 10.46
1775.00 1.024819 10.46
1776.00 1.024813 10.46
1777.00 1.024808 10.46
1778.00 1.024802 10.46
1779.00 1.024796 10.46
1780.00 1.024791 10.46
1781.00 1.024785 10.46
1782.00 1.024780 10.46
1783.00 1.024774 10.46
1784.00 1.024768 10.46
1785.00 1.024763 10.46
1786.00 1.024757 10.46
1787.00 1.024752 10.46
1788.00 1.024746 10.46
1789.00 1.024741 10.46
1790.00 1.024735 10.46
1791.00 1.024730 10.46
1792.00 1.024724 10.46
1793.00 1.024719 10.46
1794.00 1.024713 10.46
1795.00 1.024708 10.46
1796.00 1.024702 10.46
1797.00 1.024697 10.46
1798.00 1.024691 10.46
1799.00 1.024686 10.46
1800.00 1.024680 10.46
1801.00 1.024675 10.46
1802.00 1.024669 10.46
1803.00 1.024664 10.46
1804.00 1.024659 10.46
1805.00 1.024653 10.46
1806.00 1.024648 10.46
1807.00 1.024642 10.46
1808.00 1.024637 10.46
1809.00 1.024632 10.46
1810.00 1.024626 10.46
1811.00 1.024621 10.46
1812.00 1.024615 10.46
1813.00 1.024610 10.46
1814.00 1.024605 10.46
1815.00 1.024599 10.46
1816.00 1.024594 10.46
1817.00 1.024589 10.46
1818.00 1.024583 10.46
1819.00 1.024578 10.46
1820.00 1.024573 10.46
1821.00 1.024568 10.46
1822.00 1.024562 10.46
1823.00 1.024557 10.46
1824.00 1.024552 10.46
1825.00 1.024546 10.46
1826.00 1.024541 10.46
1827.00 1.024536 10.46
1828.00 1.024531 10.46
1829.00 1.024525 10.46
1830.00 1.024520 10.46
1831.00 1.024515 10.46
1832.00 1.024510 10.46
1833.00 1.024505 10.46
1834.00 1.024499 10.46
1835.00 1.024494 10.46
1836.00 1.024489 10.46
1837.00 1.024484 10.46
1838.00 1.024479 10.46
1839.00 1.024473 10.46
1840.00 1.024468 10.46
1841.00 1.024463 10.46
1842.00 1.024458 10.46
1843.00 1.024453 10.46
1844.00 1.024448 10.46
1845.00 1.024443 10.46
1846.00 1.024437 10.46
1847.00 1.024432 10.46
1848.00 1.024427 10.46
1849.00 1.024422 10.46
1850.00 1.024417 10.46
1851.00 1.024412 10.46
1852.00 1.024407 10.46
1853.00 1.024402 10.46
1854.00 1.024397 10.46
1855.00 1.024392 10.46
1856.00 1.024387 10.46
1857.00 1.024382 10.46
1858.00 1.024376 10.46
1859.00 1.024371 10.46
1860.00 1.024366 10.46
1861.00 1.024361 10.46
1862.00 1.024356 10.46
1863.00 1.024351 10.46
1864.00 1.024346 10.46
1865.00 1.024341 10.46
1866.00 1.024336 10.46
1867.00 1.024331 10.46
1868.00 1.024326 10.46
1869.00 1.024322 10.46
1870.00 1.024317 10.46
1871.00 1.024312 10.46
1872.00 1.024307 10.46
1873.00 1.024302 10.46
1874.00 1.024297 10.46
1875.00 1.024292 10.46
1876.00 1.024287 10.46
1877.00 1.024282 10.46
1878.00 1.024277 10.46
1879.00 1.024272 10.46
1880.00 1.024267 10.46
1881.00 1.024262 10.46
1882.00 1.024258 10.46
1883.00 1.024253 10.46
1884.00 1.024248 10.46
1885.00 1.024243 10.46
1886.00 1.024238 10.46
1887.00 1.024233 10.46
1888.00 1.024228 10.46
1889.00 1.024224 10.46
1890.00 1.024219 10.46
1891.00 1.024214 10.46
1892.00 1.024209 10.46
1893.00 1.024204 10.46
1894.00 1.024200 10.46
1895.00 1.024195 10.46
1896.00 1.024190 10.46
1897.00 1.024185 10.46
1898.00 1.024180 10.46
1899.00 1.024176 10.46
1900.00 1.024171 10.46
1901.00 1.024166 10.46
1902.00 1.024161 10.46
1903.00 1.024157 10.46
1904.00 1.024152 10.46
1905.00 1.024147 10.46
1906.00 1.024142 10.46
1907.00 1.024138 10.46
1908.00 1.024133 10.46
1909.00 1.024128 10.46
1910.00 1.024124 10.46
1911.00 1.024119 10.46
1912.00 1.024114 10.46
1913.00 1.024109 10.46
1914.00 1.024105 10.46
1915.00 1.024100 10.46
1916.00 1.024095 10.46
1917.00 1.024091 10.46
1918.00 1.024086 10.46
1919.00 1.024082 10.46
1920.00 1.024077 10.46
1921.00 1.024072 10.46
1922.00 1.024068 10.46
1923.00 1.024063 10.46
1924.00 1.024058 10.46
1925.00 1.024054 10.46
1926.00 1.024049 10.46
1927.00 1.024045 10.46
1928.00 1.024040 10.46
1929.00 1.024035 10.46
1930.00 1.024031 10.46
1931.00 1.024026 10.46
1932.00 1.024022 10.46
1933.00 1.024017 10.46
1934.00 1.024013 10.46
1935.00 1.024008 10.46
1936.00 1.024003 10.46
1937.00 1.023999 10.46
1938.00 1.023994 10.46
1939.00 1.023990 10.46
1940.00 1.023985 10.46
1941.00 1.023981 10.46
1942.00 1.023976 10.46
1943.00 1.023972 10.46
1944.00 1.023967 10.46
1945.00 1.023963 10.46
1946.00 1.023958 10.46
1947.00 1.023954 10.46
1948.00 1.023949 10.46
1949.00 1.023945 10.46
1950.00 1.023940 10.46
1951.00 1.023936 10.46
1952.00 1.023932 10.46
1953.00 1.023927 10.46
1954.00 1.023923 10.46
1955.00 1.023918 10.46
1956.00 1.023914 10.46
1957.00 1.023909 10.46
1958.00 1.023905 10.46
1959.00 1.023901 10.46
1960.00 1.023896 10.46
1961.00 1.023892 10.46
1962.00 1.023887 10.46
1963.00 1.023883 10.46
1964.00 1.023879 10.46
1965.00 1.023874 10.46
1966.00 1.023870 10.46
1967.00 1.023865 10.46
1968.00 1.023861 10.46
1969.00 1.023857 10.46
1970.00 1.023852 10.46
1971.00 1.023848 10.46
1972.00 1.023844 10.46
1973.00 1.023839 10.46
1974.00 1.023835 10.46
1975.00 1.023831 10.46
1976.00 1.023826 10.46
1977.00 1.023822 10.46
1978.00 1.023818 10.46
1979.00 1.023813 10.46
1980.00 1.023809 10.46
1981.00 1.023805 10.46
1982.00 1.023801 10.46
1983.00 1.023796 10.46
1984.00 1.023792 10.46
1985.00 1.023788 10.46
1986.00 1.023784 10.46
1987.00 1.023779 10.46
1988.00 1.023775 10.46
1989.00 1.023771 10.46
1990.00 1.023767 10.46
1991.00 1.023762 10.46
1992.00 1.023758 10.46
1993.00 1.023754 10.46
1994.00 1.023750 10.46
1995.00 1.023745 10.46
1996.00 1.023741 10.46
1997.00 1.023737 10.46
1998.00 1.023733 10.46
1999.00 1.023729 10.46
2000.00 1.023724 10.46
