0.00 0.964826 7.75
1.00 0.962622 7.75
2.00 0.960404 7.75
3.00 0.958174 7.74
4.00 0.955931 7.74
5.00 0.953676 7.73
6.00 0.951412 7.73
7.00 0.949135 7.73
8.00 0.946844 7.73
9.00 0.944539 7.73
10.00 0.942220 7.73
11.00 0.939887 7.73
12.00 0.937543 7.73
13.00 0.935192 7.72
14.00 0.932832 7.72
15.00 0.930459 7.72
16.00 0.928084 7.71
17.00 0.925697 7.71
18.00 0.923297 7.71
19.00 0.920882 7.71
20.00 0.918460 7.70
21.00 0.916042 7.69
22.00 0.913613 7.69
23.00 0.911170 7.69
24.00 0.908723 7.67
25.00 0.906304 7.66
26.00 0.903880 7.66
27.00 0.901445 7.66
28.00 0.898999 7.65
29.00 0.896569 7.64
30.00 0.894129 7.64
31.00 0.891687 7.63
32.00 0.889240 7.61
33.00 0.886840 7.58
34.00 0.884462 7.58
35.00 0.882082 7.57
36.00 0.879721 7.57
37.00 0.877352 7.57
38.00 0.874975 7.56
39.00 0.872630 7.55
40.00 0.870278 7.55
41.00 0.867921 7.54
42.00 0.865596 7.53
43.00 0.863272 7.53
44.00 0.860936 7.53
45.00 0.858587 7.53
46.00 0.856226 7.53
47.00 0.853849 7.53
48.00 0.851457 7.53
49.00 0.849049 7.53
50.00 0.846624 7.53
51.00 0.844212 7.50
52.00 0.841797 7.50
53.00 0.839370 7.49
54.00 0.836956 7.48
55.00 0.834550 7.46
56.00 0.832158 7.46
57.00 0.829750 7.46
58.00 0.827335 7.44
59.00 0.824941 7.43
60.00 0.822533 7.43
61.00 0.820115 7.42
62.00 0.817711 7.40
63.00 0.815343 7.39
64.00 0.812991 7.38
65.00 0.810635 7.37
66.00 0.808278 7.37
67.00 0.805920 7.36
68.00 0.803592 7.34
69.00 0.801292 7.31
70.00 0.799032 7.30
71.00 0.796780 7.29
72.00 0.794542 7.28
73.00 0.792298 7.28
74.00 0.790054 7.26
75.00 0.787850 7.25
76.00 0.785645 7.24
77.00 0.783450 7.23
78.00 0.781295 7.21
79.00 0.779188 7.19
80.00 0.777132 7.18
81.00 0.775088 7.17
82.00 0.773041 7.15
83.00 0.771007 7.15
84.00 0.768969 7.13
85.00 0.766937 7.13
86.00 0.764897 7.13
87.00 0.762879 7.12
88.00 0.760862 7.11
89.00 0.758841 7.10
90.00 0.756819 7.10
91.00 0.754812 7.07
92.00 0.752833 7.07
93.00 0.750855 7.06
94.00 0.748902 7.05
95.00 0.746956 7.04
96.00 0.745032 7.02
97.00 0.743111 7.01
98.00 0.741211 7.01
99.00 0.739309 7.00
100.00 0.737403 6.99
101.00 0.735498 6.97
102.00 0.733591 6.97
103.00 0.731709 6.95
104.00 0.729832 6.95
105.00 0.727945 6.95
106.00 0.726084 6.93
107.00 0.724243 6.92
108.00 0.722409 6.91
109.00 0.720593 6.90
110.00 0.718772 6.89
111.00 0.716946 6.90
112.00 0.715116 6.89
113.00 0.713288 6.87
114.00 0.711493 6.85
115.00 0.709738 6.84
116.00 0.707999 6.83
117.00 0.706290 6.82
118.00 0.704590 6.81
119.00 0.702891 6.81
120.00 0.701184 6.81
121.00 0.699500 6.79
122.00 0.697819 6.79
123.00 0.696130 6.79
124.00 0.694439 6.78
125.00 0.692756 6.77
126.00 0.691072 6.77
127.00 0.689435 6.75
128.00 0.687798 6.75
129.00 0.686155 6.75
130.00 0.684502 6.75
131.00 0.682876 6.74
132.00 0.681276 6.72
133.00 0.679696 6.71
134.00 0.678120 6.71
135.00 0.676540 6.70
136.00 0.675003 6.69
137.00 0.673498 6.68
138.00 0.671989 6.68
139.00 0.670472 6.68
140.00 0.668949 6.67
141.00 0.667432 6.66
142.00 0.665920 6.64
143.00 0.664409 6.64
144.00 0.662894 6.63
145.00 0.661418 6.62
146.00 0.659964 6.58
147.00 0.658562 6.58
148.00 0.657156 6.58
149.00 0.655746 6.58
150.00 0.654334 6.57
151.00 0.652922 6.55
152.00 0.651514 6.55
153.00 0.650103 6.54
154.00 0.648722 6.53
155.00 0.647361 6.53
156.00 0.646011 6.51
157.00 0.644677 6.50
158.00 0.643373 6.50
159.00 0.642063 6.50
160.00 0.640746 6.50
161.00 0.639422 6.50
162.00 0.638090 6.50
163.00 0.636754 6.49
164.00 0.635424 6.49
165.00 0.634106 6.47
166.00 0.632809 6.47
167.00 0.631506 6.47
168.00 0.630197 6.47
169.00 0.628894 6.44
170.00 0.627669 6.43
171.00 0.626447 6.43
172.00 0.625220 6.43
173.00 0.623989 6.43
174.00 0.622786 6.41
175.00 0.621603 6.41
176.00 0.620428 6.40
177.00 0.619268 6.40
178.00 0.618104 6.40
179.00 0.616935 6.40
180.00 0.615768 6.38
181.00 0.614675 6.37
182.00 0.613582 6.37
183.00 0.612485 6.36
184.00 0.611387 6.36
185.00 0.610287 6.35
186.00 0.609212 6.35
187.00 0.608138 6.34
188.00 0.607061 6.34
189.00 0.605979 6.34
190.00 0.604891 6.33
191.00 0.603805 6.33
192.00 0.602751 6.32
193.00 0.601695 6.31
194.00 0.600647 6.31
195.00 0.599593 6.31
196.00 0.598534 6.31
197.00 0.597488 6.29
198.00 0.596462 6.29
199.00 0.595432 6.29
200.00 0.594397 6.29
201.00 0.593376 6.27
202.00 0.592396 6.23
203.00 0.591496 6.22
204.00 0.590599 6.22
205.00 0.589703 6.22
206.00 0.588806 6.22
207.00 0.587908 6.22
208.00 0.587006 6.22
209.00 0.586104 6.21
210.00 0.585201 6.21
211.00 0.584296 6.21
212.00 0.583386 6.21
213.00 0.582499 6.20
214.00 0.581615 6.20
215.00 0.580727 6.20
216.00 0.579862 6.19
217.00 0.579002 6.19
218.00 0.578167 6.18
219.00 0.577340 6.17
220.00 0.576549 6.15
221.00 0.575765 6.15
222.00 0.574980 6.15
223.00 0.574193 6.15
224.00 0.573404 6.15
225.00 0.572612 6.15
226.00 0.571817 6.15
227.00 0.571018 6.15
228.00 0.570216 6.14
229.00 0.569417 6.12
230.00 0.568648 6.12
231.00 0.567892 6.11
232.00 0.567144 6.11
233.00 0.566405 6.10
234.00 0.565665 6.10
235.00 0.564923 6.10
236.00 0.564178 6.10
237.00 0.563433 6.09
238.00 0.562693 6.09
239.00 0.561983 6.08
240.00 0.561271 6.08
241.00 0.560558 6.08
242.00 0.559845 6.07
243.00 0.559160 6.05
244.00 0.558501 6.05
245.00 0.557843 6.04
246.00 0.557203 6.03
247.00 0.556565 6.03
248.00 0.555930 6.02
249.00 0.555297 6.02
250.00 0.554663 6.01
251.00 0.554031 6.01
252.00 0.553398 6.01
253.00 0.552764 6.00
254.00 0.552132 5.99
255.00 0.551505 5.99
256.00 0.550891 5.98
257.00 0.550292 5.98
258.00 0.549704 5.96
259.00 0.549149 5.95
260.00 0.548603 5.95
261.00 0.548071 5.94
262.00 0.547555 5.94
263.00 0.547041 5.93
264.00 0.546550 5.93
265.00 0.546061 5.93
266.00 0.545574 5.93
267.00 0.545089 5.92
268.00 0.544614 5.92
269.00 0.544140 5.92
270.00 0.543666 5.92
271.00 0.543193 5.92
272.00 0.542726 5.91
273.00 0.542261 5.91
274.00 0.541796 5.91
275.00 0.541331 5.91
276.00 0.540868 5.90
277.00 0.540434 5.90
278.00 0.540001 5.90
279.00 0.539572 5.89
280.00 0.539143 5.89
281.00 0.538714 5.89
282.00 0.538285 5.89
283.00 0.537855 5.89
284.00 0.537425 5.89
285.00 0.536994 5.89
286.00 0.536561 5.89
287.00 0.536145 5.88
288.00 0.535731 5.88
289.00 0.535318 5.88
290.00 0.534906 5.87
291.00 0.534494 5.87
292.00 0.534081 5.87
293.00 0.533668 5.87
294.00 0.533273 5.86
295.00 0.532885 5.86
296.00 0.532497 5.86
297.00 0.532114 5.85
298.00 0.531754 5.85
299.00 0.531396 5.85
300.00 0.531038 5.85
301.00 0.530681 5.85
302.00 0.530325 5.84
303.00 0.529980 5.84
304.00 0.529640 5.83
305.00 0.529314 5.83
306.00 0.528989 5.83
307.00 0.528665 5.83
308.00 0.528342 5.83
309.00 0.528020 5.83
310.00 0.527699 5.83
311.00 0.527378 5.83
312.00 0.527056 5.83
313.00 0.526735 5.83
314.00 0.526414 5.83
315.00 0.526092 5.83
316.00 0.525769 5.83
317.00 0.525446 5.83
318.00 0.525123 5.83
319.00 0.524807 5.81
320.00 0.524509 5.81
321.00 0.524212 5.81
322.00 0.523916 5.81
323.00 0.523621 5.81
324.00 0.523326 5.81
325.00 0.523032 5.81
326.00 0.522738 5.80
327.00 0.522467 5.80
328.00 0.522199 5.80
329.00 0.521931 5.80
330.00 0.521665 5.80
331.00 0.521399 5.80
332.00 0.521134 5.80
333.00 0.520874 5.78
334.00 0.520623 5.77
335.00 0.520375 5.77
336.00 0.520133 5.76
337.00 0.519901 5.76
338.00 0.519671 5.76
339.00 0.519443 5.76
340.00 0.519229 5.75
341.00 0.519021 5.75
342.00 0.518815 5.75
343.00 0.518612 5.75
344.00 0.518410 5.75
345.00 0.518210 5.75
346.00 0.518011 5.75
347.00 0.517813 5.75
348.00 0.517617 5.75
349.00 0.517422 5.75
350.00 0.517228 5.75
351.00 0.517034 5.75
352.00 0.516842 5.75
353.00 0.516650 5.75
354.00 0.516459 5.74
355.00 0.516269 5.74
356.00 0.516080 5.74
357.00 0.515892 5.74
358.00 0.515704 5.74
359.00 0.515516 5.74
360.00 0.515329 5.74
361.00 0.515142 5.74
362.00 0.514955 5.74
363.00 0.514768 5.74
364.00 0.514582 5.74
365.00 0.514396 5.74
366.00 0.514210 5.74
367.00 0.514024 5.74
368.00 0.513838 5.74
369.00 0.513652 5.74
370.00 0.513468 5.73
371.00 0.513306 5.72
372.00 0.513145 5.72
373.00 0.512987 5.72
374.00 0.512829 5.72
375.00 0.512673 5.72
376.00 0.512518 5.72
377.00 0.512365 5.72
378.00 0.512212 5.72
379.00 0.512060 5.72
380.00 0.511909 5.72
381.00 0.511759 5.72
382.00 0.511610 5.72
383.00 0.511461 5.72
384.00 0.511313 5.72
385.00 0.511165 5.72
386.00 0.511018 5.72
387.00 0.510871 5.72
388.00 0.510725 5.72
389.00 0.510579 5.72
390.00 0.510442 5.71
391.00 0.510307 5.71
392.00 0.510174 5.71
393.00 0.510042 5.71
394.00 0.509911 5.71
395.00 0.509780 5.71
396.00 0.509651 5.70
397.00 0.509522 5.70
398.00 0.509394 5.70
399.00 0.509266 5.70
400.00 0.509139 5.70
401.00 0.509013 5.70
402.00 0.508887 5.70
403.00 0.508761 5.70
404.00 0.508636 5.70
405.00 0.508511 5.70
406.00 0.508386 5.70
407.00 0.508262 5.70
408.00 0.508138 5.70
409.00 0.508014 5.70
410.00 0.507890 5.70
411.00 0.507766 5.70
412.00 0.507643 5.70
413.00 0.507519 5.70
414.00 0.507396 5.70
415.00 0.507274 5.69
416.00 0.507158 5.69
417.00 0.507042 5.69
418.00 0.506926 5.69
419.00 0.506812 5.69
420.00 0.506700 5.68
421.00 0.506589 5.68
422.00 0.506478 5.68
423.00 0.506368 5.68
424.00 0.506259 5.68
425.00 0.506150 5.68
426.00 0.506041 5.68
427.00 0.505933 5.68
428.00 0.505826 5.67
429.00 0.505730 5.67
430.00 0.505635 5.67
431.00 0.505540 5.67
432.00 0.505447 5.67
433.00 0.505354 5.67
434.00 0.505263 5.67
435.00 0.505172 5.67
436.00 0.505082 5.67
437.00 0.504992 5.67
438.00 0.504903 5.67
439.00 0.504815 5.67
440.00 0.504727 5.67
441.00 0.504640 5.67
442.00 0.504553 5.67
443.00 0.504467 5.67
444.00 0.504381 5.67
445.00 0.504298 5.66
446.00 0.504224 5.66
447.00 0.504151 5.66
448.00 0.504079 5.66
449.00 0.504009 5.66
450.00 0.503939 5.66
451.00 0.503870 5.66
452.00 0.503802 5.66
453.00 0.503735 5.66
454.00 0.503668 5.66
455.00 0.503602 5.66
456.00 0.503537 5.66
457.00 0.503472 5.66
458.00 0.503409 5.66
459.00 0.503345 5.66
460.00 0.503282 5.66
461.00 0.503220 5.66
462.00 0.503158 5.66
463.00 0.503097 5.66
464.00 0.503036 5.66
465.00 0.502976 5.66
466.00 0.502916 5.66
467.00 0.502857 5.66
468.00 0.502798 5.66
469.00 0.502740 5.66
470.00 0.502682 5.66
471.00 0.502624 5.66
472.00 0.502567 5.66
473.00 0.502510 5.66
474.00 0.502454 5.66
475.00 0.502398 5.66
476.00 0.502343 5.66
477.00 0.502287 5.66
478.00 0.502232 5.66
479.00 0.502178 5.66
480.00 0.502124 5.66
481.00 0.502070 5.66
482.00 0.502016 5.66
483.00 0.501963 5.66
484.00 0.501910 5.66
485.00 0.501857 5.66
486.00 0.501805 5.66
487.00 0.501753 5.66
488.00 0.501701 5.66
489.00 0.501650 5.66
490.00 0.501599 5.66
491.00 0.501548 5.66
492.00 0.501497 5.66
493.00 0.501446 5.66
494.00 0.501396 5.66
495.00 0.501346 5.66
496.00 0.501297 5.66
497.00 0.501247 5.66
498.00 0.501198 5.66
499.00 0.501149 5.66
500.00 0.501100 5.66
501.00 0.501051 5.66
502.00 0.501003 5.66
503.00 0.500955 5.66
504.00 0.500907 5.66
505.00 0.500859 5.66
506.00 0.500811 5.66
507.00 0.500764 5.66
508.00 0.500716 5.66
509.00 0.500669 5.66
510.00 0.500622 5.66
511.00 0.500575 5.66
512.00 0.500529 5.66
513.00 0.500482 5.66
514.00 0.500436 5.66
515.00 0.500390 5.66
516.00 0.500343 5.66
517.00 0.500297 5.66
518.00 0.500252 5.66
519.00 0.500206 5.66
520.00 0.500160 5.66
521.00 0.500115 5.66
522.00 0.500069 5.66
523.00 0.500024 5.66
524.00 0.499979 5.66
525.00 0.499933 5.66
526.00 0.499888 5.66
527.00 0.499843 5.66
528.00 0.499798 5.66
529.00 0.499754 5.66
530.00 0.499709 5.66
531.00 0.499664 5.66
532.00 0.499619 5.66
533.00 0.499575 5.66
534.00 0.499530 5.66
535.00 0.499486 5.66
536.00 0.499441 5.66
537.00 0.499397 5.66
538.00 0.499352 5.66
539.00 0.499308 5.66
540.00 0.499263 5.66
541.00 0.499219 5.66
542.00 0.499174 5.66
543.00 0.499130 5.66
544.00 0.499086 5.66
545.00 0.499041 5.66
546.00 0.498997 5.66
547.00 0.498952 5.66
548.00 0.498908 5.66
549.00 0.498863 5.66
550.00 0.498819 5.66
551.00 0.498774 5.66
552.00 0.498729 5.66
553.00 0.498685 5.66
554.00 0.498640 5.66
555.00 0.498595 5.66
556.00 0.498550 5.66
557.00 0.498505 5.66
558.00 0.498460 5.66
559.00 0.498415 5.66
560.00 0.498370 5.66
561.00 0.498325 5.66
562.00 0.498279 5.66
563.00 0.498234 5.66
564.00 0.498188 5.66
565.00 0.498143 5.66
566.00 0.498097 5.66
567.00 0.498051 5.66
568.00 0.498005 5.66
569.00 0.497959 5.66
570.00 0.497912 5.66
571.00 0.497866 5.66
572.00 0.497819 5.66
573.00 0.497773 5.66
574.00 0.497726 5.66
575.00 0.497678 5.66
576.00 0.497631 5.66
577.00 0.497584 5.66
578.00 0.497536 5.66
579.00 0.497488 5.66
580.00 0.497440 5.66
581.00 0.497392 5.66
582.00 0.497343 5.66
583.00 0.497295 5.66
584.00 0.497246 5.66
585.00 0.497197 5.66
586.00 0.497147 5.66
587.00 0.497098 5.66
588.00 0.497048 5.66
589.00 0.496998 5.66
590.00 0.496948 5.66
591.00 0.496897 5.66
592.00 0.496846 5.66
593.00 0.496795 5.66
594.00 0.496744 5.66
595.00 0.496692 5.66
596.00 0.496640 5.66
597.00 0.496588 5.66
598.00 0.496535 5.66
599.00 0.496483 5.66
600.00 0.496429 5.66
601.00 0.496376 5.66
602.00 0.496322 5.66
603.00 0.496268 5.66
604.00 0.496214 5.66
605.00 0.496159 5.66
606.00 0.496104 5.66
607.00 0.496049 5.66
608.00 0.495993 5.66
609.00 0.495937 5.66
610.00 0.495884 5.65
611.00 0.495833 5.65
612.00 0.495783 5.65
613.00 0.495732 5.65
614.00 0.495682 5.65
615.00 0.495631 5.65
616.00 0.495581 5.65
617.00 0.495531 5.65
618.00 0.495480 5.65
619.00 0.495430 5.65
620.00 0.495380 5.65
621.00 0.495329 5.65
622.00 0.495279 5.65
623.00 0.495229 5.65
624.00 0.495178 5.65
625.00 0.495128 5.65
626.00 0.495077 5.65
627.00 0.495027 5.65
628.00 0.494976 5.65
629.00 0.494926 5.65
630.00 0.494875 5.65
631.00 0.494824 5.65
632.00 0.494778 5.64
633.00 0.494737 5.63
634.00 0.494699 5.63
635.00 0.494662 5.63
636.00 0.494626 5.63
637.00 0.494591 5.63
638.00 0.494555 5.63
639.00 0.494520 5.63
640.00 0.494486 5.63
641.00 0.494452 5.63
642.00 0.494418 5.63
643.00 0.494385 5.63
644.00 0.494351 5.63
645.00 0.494319 5.63
646.00 0.494286 5.63
647.00 0.494254 5.63
648.00 0.494221 5.63
649.00 0.494190 5.63
650.00 0.494158 5.63
651.00 0.494127 5.63
652.00 0.494095 5.63
653.00 0.494065 5.63
654.00 0.494034 5.63
655.00 0.494003 5.63
656.00 0.493973 5.63
657.00 0.493943 5.63
658.00 0.493913 5.63
659.00 0.493883 5.63
660.00 0.493854 5.63
661.00 0.493824 5.63
662.00 0.493795 5.63
663.00 0.493766 5.63
664.00 0.493738 5.63
665.00 0.493709 5.63
666.00 0.493680 5.63
667.00 0.493652 5.63
668.00 0.493624 5.63
669.00 0.493596 5.63
670.00 0.493568 5.63
671.00 0.493541 5.63
672.00 0.493513 5.63
673.00 0.493486 5.63
674.00 0.493458 5.63
675.00 0.493431 5.63
676.00 0.493404 5.63
677.00 0.493378 5.63
678.00 0.493351 5.63
679.00 0.493324 5.63
680.00 0.493298 5.63
681.00 0.493272 5.63
682.00 0.493246 5.63
683.00 0.493220 5.63
684.00 0.493194 5.63
685.00 0.493168 5.63
686.00 0.493142 5.63
687.00 0.493117 5.63
688.00 0.493092 5.63
689.00 0.493066 5.63
690.00 0.493041 5.63
691.00 0.493016 5.63
692.00 0.492991 5.63
693.00 0.492966 5.63
694.00 0.492942 5.63
695.00 0.492917 5.63
696.00 0.492893 5.63
697.00 0.492868 5.63
698.00 0.492844 5.63
699.00 0.492820 5.63
700.00 0.492796 5.63
701.00 0.492772 5.63
702.00 0.492748 5.63
703.00 0.492724 5.63
704.00 0.492701 5.63
705.00 0.492677 5.63
706.00 0.492654 5.63
707.00 0.492630 5.63
708.00 0.492607 5.63
709.00 0.492584 5.63
710.00 0.492561 5.63
711.00 0.492538 5.63
712.00 0.492515 5.63
713.00 0.492492 5.63
714.00 0.492470 5.63
715.00 0.492447 5.63
716.00 0.492424 5.63
717.00 0.492402 5.63
718.00 0.492380 5.63
719.00 0.492357 5.63
720.00 0.492335 5.63
721.00 0.492313 5.63
722.00 0.492291 5.63
723.00 0.492269 5.63
724.00 0.492247 5.63
725.00 0.492226 5.63
726.00 0.492204 5.63
727.00 0.492182 5.63
728.00 0.492161 5.63
729.00 0.492139 5.63
730.00 0.492118 5.63
731.00 0.492097 5.63
732.00 0.492075 5.63
733.00 0.492054 5.63
734.00 0.492033 5.63
735.00 0.492012 5.63
736.00 0.491991 5.63
737.00 0.491970 5.63
738.00 0.491950 5.63
739.00 0.491929 5.63
740.00 0.491908 5.63
741.00 0.491888 5.63
742.00 0.491867 5.63
743.00 0.491847 5.63
744.00 0.491826 5.63
745.00 0.491806 5.63
746.00 0.491786 5.63
747.00 0.491765 5.63
748.00 0.491745 5.63
749.00 0.491725 5.63
750.00 0.491705 5.63
751.00 0.491685 5.63
752.00 0.491665 5.63
753.00 0.491646 5.63
754.00 0.491626 5.63
755.00 0.491606 5.63
756.00 0.491586 5.63
757.00 0.491567 5.63
758.00 0.491547 5.63
759.00 0.491528 5.63
760.00 0.491508 5.63
761.00 0.491489 5.63
762.00 0.491470 5.63
763.00 0.491450 5.63
764.00 0.491431 5.63
765.00 0.491412 5.63
766.00 0.491393 5.63
767.00 0.491374 5.63
768.00 0.491355 5.63
769.00 0.491336 5.63
770.00 0.491317 5.63
771.00 0.491298 5.63
772.00 0.491279 5.63
773.00 0.491261 5.63
774.00 0.491242 5.63
775.00 0.491223 5.63
776.00 0.491205 5.63
777.00 0.491186 5.63
778.00 0.491168 5.63
779.00 0.491149 5.63
780.00 0.491131 5.63
781.00 0.491113 5.63
782.00 0.491094 5.63
783.00 0.491076 5.63
784.00 0.491058 5.63
785.00 0.491039 5.63
786.00 0.491021 5.63
787.00 0.491003 5.63
788.00 0.490985 5.63
789.00 0.490967 5.63
790.00 0.490949 5.63
791.00 0.490931 5.63
792.00 0.490913 5.63
793.00 0.490895 5.63
794.00 0.490878 5.63
795.00 0.490860 5.63
796.00 0.490842 5.63
797.00 0.490824 5.63
798.00 0.490807 5.63
799.00 0.490789 5.63
800.00 0.490772 5.62
801.00 0.490755 5.62
802.00 0.490738 5.62
803.00 0.490721 5.62
804.00 0.490704 5.62
805.00 0.490687 5.62
806.00 0.490670 5.62
807.00 0.490654 5.62
808.00 0.490637 5.62
809.00 0.490621 5.62
810.00 0.490604 5.62
811.00 0.490588 5.62
812.00 0.490571 5.62
813.00 0.490555 5.62
814.00 0.490539 5.62
815.00 0.490523 5.62
816.00 0.490507 5.62
817.00 0.490490 5.62
818.00 0.490475 5.62
819.00 0.490459 5.62
820.00 0.490443 5.62
821.00 0.490427 5.62
822.00 0.490411 5.62
823.00 0.490395 5.62
824.00 0.490380 5.62
825.00 0.490364 5.62
826.00 0.490349 5.62
827.00 0.490333 5.62
828.00 0.490318 5.62
829.00 0.490302 5.62
830.00 0.490287 5.62
831.00 0.490272 5.62
832.00 0.490256 5.62
833.00 0.490241 5.62
834.00 0.490226 5.62
835.00 0.490211 5.62
836.00 0.490196 5.62
837.00 0.490181 5.62
838.00 0.490166 5.62
839.00 0.490151 5.62
840.00 0.490136 5.62
841.00 0.490121 5.62
842.00 0.490106 5.62
843.00 0.490092 5.62
844.00 0.490077 5.62
845.00 0.490062 5.62
846.00 0.490048 5.62
847.00 0.490033 5.62
848.00 0.490019 5.62
849.00 0.490004 5.62
850.00 0.489990 5.62
851.00 0.489975 5.62
852.00 0.489961 5.62
853.00 0.489947 5.62
854.00 0.489932 5.62
855.00 0.489918 5.62
856.00 0.489904 5.62
857.00 0.489890 5.62
858.00 0.489876 5.62
859.00 0.489862 5.62
860.00 0.489848 5.62
861.00 0.489834 5.62
862.00 0.489820 5.62
863.00 0.489806 5.62
864.00 0.489792 5.62
865.00 0.489778 5.62
866.00 0.489764 5.62
867.00 0.489750 5.62
868.00 0.489736 5.62
869.00 0.489723 5.62
870.00 0.489709 5.62
871.00 0.489695 5.62
872.00 0.489682 5.62
873.00 0.489668 5.62
874.00 0.489654 5.62
875.00 0.489641 5.62
876.00 0.489627 5.62
877.00 0.489614 5.62
878.00 0.489600 5.62
879.00 0.489587 5.62
880.00 0.489574 5.62
881.00 0.489560 5.62
882.00 0.489547 5.62
883.00 0.489534 5.62
884.00 0.489520 5.62
885.00 0.489507 5.62
886.00 0.489494 5.62
887.00 0.489481 5.62
888.00 0.489467 5.62
889.00 0.489454 5.62
890.00 0.489441 5.62
891.00 0.489428 5.62
892.00 0.489415 5.62
893.00 0.489402 5.62
894.00 0.489389 5.62
895.00 0.489376 5.62
896.00 0.489363 5.62
897.00 0.489350 5.62
898.00 0.489337 5.61
899.00 0.489325 5.61
900.00 0.489313 5.61
901.00 0.489301 5.61
902.00 0.489289 5.61
903.00 0.489277 5.61
904.00 0.489265 5.61
905.00 0.489254 5.61
906.00 0.489242 5.61
907.00 0.489231 5.61
908.00 0.489219 5.61
909.00 0.489208 5.61
910.00 0.489196 5.61
911.00 0.489185 5.61
912.00 0.489174 5.61
913.00 0.489163 5.61
914.00 0.489152 5.61
915.00 0.489141 5.61
916.00 0.489130 5.61
917.00 0.489119 5.61
918.00 0.489108 5.61
919.00 0.489097 5.61
920.00 0.489086 5.61
921.00 0.489076 5.61
922.00 0.489065 5.61
923.00 0.489055 5.61
924.00 0.489044 5.61
925.00 0.489034 5.61
926.00 0.489024 5.61
927.00 0.489014 5.60
928.00 0.489005 5.60
929.00 0.488995 5.60
930.00 0.488986 5.60
931.00 0.488978 5.60
932.00 0.488969 5.60
933.00 0.488960 5.60
934.00 0.488951 5.60
935.00 0.488943 5.60
936.00 0.488934 5.60
937.00 0.488926 5.60
938.00 0.488918 5.60
939.00 0.488910 5.60
940.00 0.488902 5.60
941.00 0.488893 5.60
942.00 0.488886 5.60
943.00 0.488878 5.60
944.00 0.488870 5.60
945.00 0.488862 5.60
946.00 0.488854 5.60
947.00 0.488847 5.60
948.00 0.488839 5.60
949.00 0.488832 5.60
950.00 0.488824 5.60
951.00 0.488817 5.60
952.00 0.488810 5.60
953.00 0.488803 5.60
954.00 0.488795 5.60
955.00 0.488788 5.60
956.00 0.488781 5.60
957.00 0.488774 5.60
958.00 0.488767 5.60
959.00 0.488761 5.60
960.00 0.488754 5.60
961.00 0.488747 5.60
962.00 0.488740 5.60
963.00 0.488734 5.60
964.00 0.488727 5.60
965.00 0.488721 5.60
966.00 0.488714 5.60
967.00 0.488708 5.60
968.00 0.488701 5.60
969.00 0.488695 5.60
970.00 0.488689 5.60
971.00 0.488683 5.60
972.00 0.488676 5.60
973.00 0.488670 5.60
974.00 0.488664 5.60
975.00 0.488658 5.60
976.00 0.488652 5.60
977.00 0.488646 5.60
978.00 0.488640 5.60
979.00 0.488635 5.60
980.00 0.488629 5.60
981.00 0.488623 5.60
982.00 0.488617 5.60
983.00 0.488612 5.60
984.00 0.488606 5.60
985.00 0.488601 5.60
986.00 0.488595 5.60
987.00 0.488590 5.60
988.00 0.488584 5.60
989.00 0.488579 5.60
990.00 0.488573 5.60
991.00 0.488568 5.60
992.00 0.488563 5.60
993.00 0.488558 5.60
994.00 0.488552 5.60
995.00 0.488547 5.60
996.00 0.488542 5.60
997.00 0.488537 5.60
998.00 0.488532 5.60
999.00 0.488527 5.60
1000.00 0.488522 5.60
1001.00 0.488517 5.60
1002.00 0.488512 5.60
1003.00 0.488507 5.60
1004.00 0.488503 5.60
1005.00 0.488498 5.60
1006.00 0.488493 5.60
1007.00 0.488488 5.60
1008.00 0.488484 5.60
1009.00 0.488479 5.60
1010.00 0.488474 5.60
1011.00 0.488470 5.60
1012.00 0.488465 5.60
1013.00 0.488461 5.60
1014.00 0.488456 5.60
1015.00 0.488452 5.60
1016.00 0.488447 5.60
1017.00 0.488443 5.60
1018.00 0.488439 5.60
1019.00 0.488434 5.60
1020.00 0.488430 5.60
1021.00 0.488426 5.60
1022.00 0.488422 5.60
1023.00 0.488418 5.60
1024.00 0.488413 5.60
1025.00 0.488409 5.60
1026.00 0.488405 5.60
1027.00 0.488401 5.60
1028.00 0.488397 5.60
1029.00 0.488393 5.60
1030.00 0.488389 5.60
1031.00 0.488385 5.60
1032.00 0.488381 5.60
1033.00 0.488377 5.60
1034.00 0.488374 5.60
1035.00 0.488370 5.60
1036.00 0.488366 5.60
1037.00 0.488362 5.60
1038.00 0.488358 5.60
1039.00 0.488355 5.60
1040.00 0.488351 5.60
1041.00 0.488347 5.60
1042.00 0.488344 5.60
1043.00 0.488340 5.60
1044.00 0.488336 5.60
1045.00 0.488333 5.60
1046.00 0.488329 5.60
1047.00 0.488326 5.60
1048.00 0.488322 5.60
1049.00 0.488319 5.60
1050.00 0.488315 5.60
1051.00 0.488312 5.60
1052.00 0.488309 5.60
1053.00 0.488305 5.60
1054.00 0.488302 5.60
1055.00 0.488299 5.60
1056.00 0.488295 5.60
1057.00 0.488292 5.60
1058.00 0.488289 5.60
1059.00 0.488286 5.60
1060.00 0.488282 5.60
1061.00 0.488279 5.60
1062.00 0.488276 5.60
1063.00 0.488273 5.60
1064.00 0.488270 5.60
1065.00 0.488267 5.60
1066.00 0.488264 5.60
1067.00 0.488261 5.60
1068.00 0.488258 5.60
1069.00 0.488255 5.60
1070.00 0.488252 5.60
1071.00 0.488249 5.60
1072.00 0.488246 5.60
1073.00 0.488243 5.60
1074.00 0.488240 5.60
1075.00 0.488237 5.60
1076.00 0.488234 5.60
1077.00 0.488231 5.60
1078.00 0.488229 5.60
1079.00 0.488226 5.60
1080.00 0.488223 5.60
1081.00 0.488220 5.60
1082.00 0.488218 5.60
1083.00 0.488215 5.60
1084.00 0.488212 5.60
1085.00 0.488209 5.60
1086.00 0.488207 5.60
1087.00 0.488204 5.60
1088.00 0.488202 5.60
1089.00 0.488199 5.60
1090.00 0.488196 5.60
1091.00 0.488194 5.60
1092.00 0.488191 5.60
1093.00 0.488189 5.60
1094.00 0.488186 5.60
1095.00 0.488184 5.60
1096.00 0.488181 5.60
1097.00 0.488179 5.60
1098.00 0.488176 5.60
1099.00 0.488174 5.60
1100.00 0.488172 5.60
1101.00 0.488169 5.60
1102.00 0.488167 5.60
1103.00 0.488164 5.60
1104.00 0.488162 5.60
1105.00 0.488160 5.60
1106.00 0.488157 5.60
1107.00 0.488155 5.60
1108.00 0.488153 5.60
1109.00 0.488151 5.60
1110.00 0.488148 5.60
1111.00 0.488146 5.60
1112.00 0.488144 5.60
1113.00 0.488142 5.60
1114.00 0.488139 5.60
1115.00 0.488137 5.60
1116.00 0.488135 5.60
1117.00 0.488133 5.60
1118.00 0.488131 5.60
1119.00 0.488129 5.60
1120.00 0.488127 5.60
1121.00 0.488125 5.60
1122.00 0.488123 5.60
1123.00 0.488120 5.60
1124.00 0.488118 5.60
1125.00 0.488116 5.60
1126.00 0.488114 5.60
1127.00 0.488112 5.60
1128.00 0.488110 5.60
1129.00 0.488108 5.60
1130.00 0.488107 5.60
1131.00 0.488105 5.60
1132.00 0.488103 5.60
1133.00 0.488101 5.60
1134.00 0.488099 5.60
1135.00 0.488097 5.60
1136.00 0.488095 5.60
1137.00 0.488093 5.60
1138.00 0.488091 5.60
1139.00 0.488090 5.60
1140.00 0.488088 5.60
1141.00 0.488086 5.60
1142.00 0.488084 5.60
1143.00 0.488082 5.60
1144.00 0.488081 5.60
1145.00 0.488079 5.60
1146.00 0.488077 5.60
1147.00 0.488075 5.60
1148.00 0.488074 5.60
1149.00 0.488072 5.60
1150.00 0.488070 5.60
1151.00 0.488068 5.60
1152.00 0.488067 5.60
1153.00 0.488065 5.60
1154.00 0.488063 5.60
1155.00 0.488062 5.60
1156.00 0.488060 5.60
1157.00 0.488058 5.60
1158.00 0.488057 5.60
1159.00 0.488055 5.60
1160.00 0.488054 5.60
1161.00 0.488052 5.60
1162.00 0.488051 5.60
1163.00 0.488049 5.60
1164.00 0.488047 5.60
1165.00 0.488046 5.60
1166.00 0.488044 5.60
1167.00 0.488043 5.60
1168.00 0.488041 5.60
1169.00 0.488040 5.60
1170.00 0.488038 5.60
1171.00 0.488037 5.60
1172.00 0.488035 5.60
1173.00 0.488034 5.60
1174.00 0.488033 5.60
1175.00 0.488031 5.60
1176.00 0.488030 5.60
1177.00 0.488028 5.60
1178.00 0.488027 5.60
1179.00 0.488025 5.60
1180.00 0.488024 5.60
1181.00 0.488023 5.60
1182.00 0.488021 5.60
1183.00 0.488020 5.60
1184.00 0.488019 5.60
1185.00 0.488017 5.60
1186.00 0.488016 5.60
1187.00 0.488015 5.60
1188.00 0.488013 5.60
1189.00 0.488012 5.60
1190.00 0.488011 5.60
1191.00 0.488009 5.60
1192.00 0.488008 5.60
1193.00 0.488007 5.60
1194.00 0.488006 5.60
1195.00 0.488004 5.60
1196.00 0.488003 5.60
1197.00 0.488002 5.60
1198.00 0.488001 5.60
1199.00 0.487999 5.60
1200.00 0.487998 5.60
1201.00 0.487997 5.60
1202.00 0.487996 5.60
1203.00 0.487995 5.60
1204.00 0.487993 5.60
1205.00 0.487992 5.60
1206.00 0.487991 5.60
1207.00 0.487990 5.60
1208.00 0.487989 5.60
1209.00 0.487988 5.60
1210.00 0.487986 5.60
1211.00 0.487985 5.60
1212.00 0.487984 5.60
1213.00 0.487983 5.60
1214.00 0.487982 5.60
1215.00 0.487981 5.60
1216.00 0.487980 5.60
1217.00 0.487979 5.60
1218.00 0.487978 5.60
1219.00 0.487977 5.60
1220.00 0.487976 5.60
1221.00 0.487975 5.60
1222.00 0.487973 5.60
1223.00 0.487972 5.60
1224.00 0.487971 5.60
1225.00 0.487970 5.60
1226.00 0.487969 5.60
1227.00 0.487968 5.60
1228.00 0.487967 5.60
1229.00 0.487966 5.60
1230.00 0.487965 5.60
1231.00 0.487964 5.60
1232.00 0.487963 5.60
1233.00 0.487962 5.60
1234.00 0.487961 5.60
1235.00 0.487961 5.60
1236.00 0.487960 5.60
1237.00 0.487959 5.60
1238.00 0.487958 5.60
1239.00 0.487957 5.60
1240.00 0.487956 5.60
1241.00 0.487955 5.60
1242.00 0.487954 5.60
1243.00 0.487953 5.60
1244.00 0.487952 5.60
1245.00 0.487951 5.60
1246.00 0.487950 5.60
1247.00 0.487949 5.60
1248.00 0.487949 5.60
1249.00 0.487948 5.60
1250.00 0.487947 5.60
1251.00 0.487946 5.60
1252.00 0.487945 5.60
1253.00 0.487944 5.60
1254.00 0.487943 5.60
1255.00 0.487943 5.60
1256.00 0.487942 5.60
1257.00 0.487941 5.60
1258.00 0.487940 5.60
1259.00 0.487939 5.60
1260.00 0.487939 5.60
1261.00 0.487938 5.60
1262.00 0.487937 5.60
1263.00 0.487936 5.60
1264.00 0.487935 5.60
1265.00 0.487935 5.60
1266.00 0.487934 5.60
1267.00 0.487933 5.60
1268.00 0.487932 5.60
1269.00 0.487931 5.60
1270.00 0.487931 5.60
1271.00 0.487930 5.60
1272.00 0.487929 5.60
1273.00 0.487928 5.60
1274.00 0.487928 5.60
1275.00 0.487927 5.60
1276.00 0.487926 5.60
1277.00 0.487926 5.60
1278.00 0.487925 5.60
1279.00 0.487924 5.60
1280.00 0.487923 5.60
1281.00 0.487923 5.60
1282.00 0.487922 5.60
1283.00 0.487921 5.60
1284.00 0.487921 5.60
1285.00 0.487920 5.60
1286.00 0.487919 5.60
1287.00 0.487919 5.60
1288.00 0.487918 5.60
1289.00 0.487917 5.60
1290.00 0.487917 5.60
1291.00 0.487916 5.60
1292.00 0.487915 5.60
1293.00 0.487915 5.60
1294.00 0.487914 5.60
1295.00 0.487913 5.60
1296.00 0.487913 5.60
1297.00 0.487912 5.60
1298.00 0.487911 5.60
1299.00 0.487911 5.60
1300.00 0.487910 5.60
1301.00 0.487910 5.60
1302.00 0.487909 5.60
1303.00 0.487908 5.60
1304.00 0.487908 5.60
1305.00 0.487907 5.60
1306.00 0.487907 5.60
1307.00 0.487906 5.60
1308.00 0.487905 5.60
1309.00 0.487905 5.60
1310.00 0.487904 5.60
1311.00 0.487904 5.60
1312.00 0.487903 5.60
1313.00 0.487902 5.60
1314.00 0.487902 5.60
1315.00 0.487901 5.60
1316.00 0.487901 5.60
1317.00 0.487900 5.60
1318.00 0.487900 5.60
1319.00 0.487899 5.60
1320.00 0.487899 5.60
1321.00 0.487898 5.60
1322.00 0.487898 5.60
1323.00 0.487897 5.60
1324.00 0.487896 5.60
1325.00 0.487896 5.60
1326.00 0.487895 5.60
1327.00 0.487895 5.60
1328.00 0.487894 5.60
1329.00 0.487894 5.60
1330.00 0.487893 5.60
1331.00 0.487893 5.60
1332.00 0.487892 5.60
1333.00 0.487892 5.60
1334.00 0.487891 5.60
1335.00 0.487891 5.60
1336.00 0.487890 5.60
1337.00 0.487890 5.60
1338.00 0.487889 5.60
1339.00 0.487889 5.60
1340.00 0.487888 5.60
1341.00 0.487888 5.60
1342.00 0.487887 5.60
1343.00 0.487887 5.60
1344.00 0.487887 5.60
1345.00 0.487886 5.60
1346.00 0.487886 5.60
1347.00 0.487885 5.60
1348.00 0.487885 5.60
1349.00 0.487884 5.60
1350.00 0.487884 5.60
1351.00 0.487883 5.60
1352.00 0.487883 5.60
1353.00 0.487883 5.60
1354.00 0.487882 5.60
1355.00 0.487882 5.60
1356.00 0.487881 5.60
1357.00 0.487881 5.60
1358.00 0.487880 5.60
1359.00 0.487880 5.60
1360.00 0.487880 5.60
1361.00 0.487879 5.60
1362.00 0.487879 5.60
1363.00 0.487878 5.60
1364.00 0.487878 5.60
1365.00 0.487877 5.60
1366.00 0.487877 5.60
1367.00 0.487877 5.60
1368.00 0.487876 5.60
1369.00 0.487876 5.60
1370.00 0.487876 5.60
1371.00 0.487875 5.60
1372.00 0.487875 5.60
1373.00 0.487874 5.60
1374.00 0.487874 5.60
1375.00 0.487874 5.60
1376.00 0.487873 5.60
1377.00 0.487873 5.60
1378.00 0.487872 5.60
1379.00 0.487872 5.60
1380.00 0.487872 5.60
1381.00 0.487871 5.60
1382.00 0.487871 5.60
1383.00 0.487871 5.60
1384.00 0.487870 5.60
1385.00 0.487870 5.60
1386.00 0.487870 5.60
1387.00 0.487869 5.60
1388.00 0.487869 5.60
1389.00 0.487869 5.60
1390.00 0.487868 5.60
1391.00 0.487868 5.60
1392.00 0.487868 5.60
1393.00 0.487867 5.60
1394.00 0.487867 5.60
1395.00 0.487867 5.60
1396.00 0.487866 5.60
1397.00 0.487866 5.60
1398.00 0.487866 5.60
1399.00 0.487865 5.60
1400.00 0.487865 5.60
1401.00 0.487865 5.60
1402.00 0.487864 5.60
1403.00 0.487864 5.60
1404.00 0.487864 5.60
1405.00 0.487863 5.60
1406.00 0.487863 5.60
1407.00 0.487863 5.60
1408.00 0.487862 5.60
1409.00 0.487862 5.60
1410.00 0.487862 5.60
1411.00 0.487862 5.60
1412.00 0.487861 5.60
1413.00 0.487861 5.60
1414.00 0.487861 5.60
1415.00 0.487860 5.60
1416.00 0.487860 5.60
1417.00 0.487860 5.60
1418.00 0.487859 5.60
1419.00 0.487859 5.60
1420.00 0.487859 5.60
1421.00 0.487859 5.60
1422.00 0.487858 5.60
1423.00 0.487858 5.60
1424.00 0.487858 5.60
1425.00 0.487858 5.60
1426.00 0.487857 5.60
1427.00 0.487857 5.60
1428.00 0.487857 5.60
1429.00 0.487856 5.60
1430.00 0.487856 5.60
1431.00 0.487856 5.60
1432.00 0.487856 5.60
1433.00 0.487855 5.60
1434.00 0.487855 5.60
1435.00 0.487855 5.60
1436.00 0.487855 5.60
1437.00 0.487854 5.60
1438.00 0.487854 5.60
1439.00 0.487854 5.60
1440.00 0.487854 5.60
1441.00 0.487853 5.60
1442.00 0.487853 5.60
1443.00 0.487853 5.60
1444.00 0.487853 5.60
1445.00 0.487852 5.60
1446.00 0.487852 5.60
1447.00 0.487852 5.60
1448.00 0.487852 5.60
1449.00 0.487852 5.60
1450.00 0.487851 5.60
1451.00 0.487851 5.60
1452.00 0.487851 5.60
1453.00 0.487851 5.60
1454.00 0.487850 5.60
1455.00 0.487850 5.60
1456.00 0.487850 5.60
1457.00 0.487850 5.60
1458.00 0.487849 5.60
1459.00 0.487849 5.60
1460.00 0.487849 5.60
1461.00 0.487849 5.60
1462.00 0.487849 5.60
1463.00 0.487848 5.60
1464.00 0.487848 5.60
1465.00 0.487848 5.60
1466.00 0.487848 5.60
1467.00 0.487848 5.60
1468.00 0.487847 5.60
1469.00 0.487847 5.60
1470.00 0.487847 5.60
1471.00 0.487847 5.60
1472.00 0.487847 5.60
1473.00 0.487846 5.60
1474.00 0.487846 5.60
1475.00 0.487846 5.60
1476.00 0.487846 5.60
1477.00 0.487846 5.60
1478.00 0.487845 5.60
1479.00 0.487845 5.60
1480.00 0.487845 5.60
1481.00 0.487845 5.60
1482.00 0.487845 5.60
1483.00 0.487844 5.60
1484.00 0.487844 5.60
1485.00 0.487844 5.60
1486.00 0.487844 5.60
1487.00 0.487844 5.60
1488.00 0.487844 5.60
1489.00 0.487843 5.60
1490.00 0.487843 5.60
1491.00 0.487843 5.60
1492.00 0.487843 5.60
1493.00 0.487843 5.60
1494.00 0.487842 5.60
1495.00 0.487842 5.60
1496.00 0.487842 5.60
1497.00 0.487842 5.60
1498.00 0.487842 5.60
1499.00 0.487842 5.60
1500.00 0.487841 5.60
1501.00 0.487841 5.60
1502.00 0.487841 5.60
1503.00 0.487841 5.60
1504.00 0.487841 5.60
1505.00 0.487841 5.60
1506.00 0.487840 5.60
1507.00 0.487840 5.60
1508.00 0.487840 5.60
1509.00 0.487840 5.60
1510.00 0.487840 5.60
1511.00 0.487840 5.60
1512.00 0.487840 5.60
1513.00 0.487839 5.60
1514.00 0.487839 5.60
1515.00 0.487839 5.60
1516.00 0.487839 5.60
1517.00 0.487839 5.60
1518.00 0.487839 5.60
1519.00 0.487838 5.60
1520.00 0.487838 5.60
1521.00 0.487838 5.60
1522.00 0.487838 5.60
1523.00 0.487838 5.60
1524.00 0.487838 5.60
1525.00 0.487838 5.60
1526.00 0.487837 5.60
1527.00 0.487837 5.60
1528.00 0.487837 5.60
1529.00 0.487837 5.60
1530.00 0.487837 5.60
1531.00 0.487837 5.60
1532.00 0.487837 5.60
1533.00 0.487837 5.60
1534.00 0.487836 5.60
1535.00 0.487836 5.60
1536.00 0.487836 5.60
1537.00 0.487836 5.60
1538.00 0.487836 5.60
1539.00 0.487836 5.60
1540.00 0.487836 5.60
1541.00 0.487835 5.60
1542.00 0.487835 5.60
1543.00 0.487835 5.60
1544.00 0.487835 5.60
1545.00 0.487835 5.60
1546.00 0.487835 5.60
1547.00 0.487835 5.60
1548.00 0.487835 5.60
1549.00 0.487834 5.60
1550.00 0.487834 5.60
1551.00 0.487834 5.60
1552.00 0.487834 5.60
1553.00 0.487834 5.60
1554.00 0.487834 5.60
1555.00 0.487834 5.60
1556.00 0.487834 5.60
1557.00 0.487834 5.60
1558.00 0.487833 5.60
1559.00 0.487833 5.60
1560.00 0.487833 5.60
1561.00 0.487833 5.60
1562.00 0.487833 5.60
1563.00 0.487833 5.60
1564.00 0.487833 5.60
1565.00 0.487833 5.60
1566.00 0.487833 5.60
1567.00 0.487832 5.60
1568.00 0.487832 5.60
1569.00 0.487832 5.60
1570.00 0.487832 5.60
1571.00 0.487832 5.60
1572.00 0.487832 5.60
1573.00 0.487832 5.60
1574.00 0.487832 5.60
1575.00 0.487832 5.60
1576.00 0.487832 5.60
1577.00 0.487831 5.60
1578.00 0.487831 5.60
1579.00 0.487831 5.60
1580.00 0.487831 5.60
1581.00 0.487831 5.60
1582.00 0.487831 5.60
1583.00 0.487831 5.60
1584.00 0.487831 5.60
1585.00 0.487831 5.60
1586.00 0.487831 5.60
1587.00 0.487830 5.60
1588.00 0.487830 5.60
1589.00 0.487830 5.60
1590.00 0.487830 5.60
1591.00 0.487830 5.60
1592.00 0.487830 5.60
1593.00 0.487830 5.60
1594.00 0.487830 5.60
1595.00 0.487830 5.60
1596.00 0.487830 5.60
1597.00 0.487830 5.60
1598.00 0.487829 5.60
1599.00 0.487829 5.60
1600.00 0.487829 5.60
1601.00 0.487829 5.60
1602.00 0.487829 5.60
1603.00 0.487829 5.60
1604.00 0.487829 5.60
1605.00 0.487829 5.60
1606.00 0.487829 5.60
1607.00 0.487829 5.60
1608.00 0.487829 5.60
1609.00 0.487829 5.60
1610.00 0.487828 5.60
1611.00 0.487828 5.60
1612.00 0.487828 5.60
1613.00 0.487828 5.60
1614.00 0.487828 5.60
1615.00 0.487828 5.60
1616.00 0.487828 5.60
1617.00 0.487828 5.60
1618.00 0.487828 5.60
1619.00 0.487828 5.60
1620.00 0.487828 5.60
1621.00 0.487828 5.60
1622.00 0.487827 5.60
1623.00 0.487827 5.60
1624.00 0.487827 5.60
1625.00 0.487827 5.60
1626.00 0.487827 5.60
1627.00 0.487827 5.60
1628.00 0.487827 5.60
1629.00 0.487827 5.60
1630.00 0.487827 5.60
1631.00 0.487827 5.60
1632.00 0.487827 5.60
1633.00 0.487827 5.60
1634.00 0.487827 5.60
1635.00 0.487827 5.60
1636.00 0.487826 5.60
1637.00 0.487826 5.60
1638.00 0.487826 5.60
1639.00 0.487826 5.60
1640.00 0.487826 5.60
1641.00 0.487826 5.60
1642.00 0.487826 5.60
1643.00 0.487826 5.60
1644.00 0.487826 5.60
1645.00 0.487826 5.60
1646.00 0.487826 5.60
1647.00 0.487826 5.60
1648.00 0.487826 5.60
1649.00 0.487826 5.60
1650.00 0.487826 5.60
1651.00 0.487826 5.60
1652.00 0.487825 5.60
1653.00 0.487825 5.60
1654.00 0.487825 5.60
1655.00 0.487825 5.60
1656.00 0.487825 5.60
1657.00 0.487825 5.60
1658.00 0.487825 5.60
1659.00 0.487825 5.60
1660.00 0.487825 5.60
1661.00 0.487825 5.60
1662.00 0.487825 5.60
1663.00 0.487825 5.60
1664.00 0.487825 5.60
1665.00 0.487825 5.60
1666.00 0.487825 5.60
1667.00 0.487825 5.60
1668.00 0.487825 5.60
1669.00 0.487824 5.60
1670.00 0.487824 5.60
1671.00 0.487824 5.60
1672.00 0.487824 5.60
1673.00 0.487824 5.60
1674.00 0.487824 5.60
1675.00 0.487824 5.60
1676.00 0.487824 5.60
1677.00 0.487824 5.60
1678.00 0.487824 5.60
1679.00 0.487824 5.60
1680.00 0.487824 5.60
1681.00 0.487824 5.60
1682.00 0.487824 5.60
1683.00 0.487824 5.60
1684.00 0.487824 5.60
1685.00 0.487824 5.60
1686.00 0.487824 5.60
1687.00 0.487824 5.60
1688.00 0.487823 5.60
1689.00 0.487823 5.60
1690.00 0.487823 5.60
1691.00 0.487823 5.60
1692.00 0.487823 5.60
1693.00 0.487823 5.60
1694.00 0.487823 5.60
1695.00 0.487823 5.60
1696.00 0.487823 5.60
1697.00 0.487823 5.60
1698.00 0.487823 5.60
1699.00 0.487823 5.60
1700.00 0.487823 5.60
1701.00 0.487823 5.60
1702.00 0.487823 5.60
1703.00 0.487823 5.60
1704.00 0.487823 5.60
1705.00 0.487823 5.60
1706.00 0.487823 5.60
1707.00 0.487823 5.60
1708.00 0.487823 5.60
1709.00 0.487823 5.60
1710.00 0.487822 5.60
1711.00 0.487822 5.60
1712.00 0.487822 5.60
1713.00 0.487822 5.60
1714.00 0.487822 5.60
1715.00 0.487822 5.60
1716.00 0.487822 5.60
1717.00 0.487822 5.60
1718.00 0.487822 5.60
1719.00 0.487822 5.60
1720.00 0.487822 5.60
1721.00 0.487822 5.60
1722.00 0.487822 5.60
1723.00 0.487822 5.60
1724.00 0.487822 5.60
1725.00 0.487822 5.60
1726.00 0.487822 5.60
1727.00 0.487822 5.60
1728.00 0.487822 5.60
1729.00 0.487822 5.60
1730.00 0.487822 5.60
1731.00 0.487822 5.60
1732.00 0.487822 5.60
1733.00 0.487822 5.60
1734.00 0.487822 5.60
1735.00 0.487821 5.60
1736.00 0.487821 5.60
1737.00 0.487821 5.60
1738.00 0.487821 5.60
1739.00 0.487821 5.60
1740.00 0.487821 5.60
1741.00 0.487821 5.60
1742.00 0.487821 5.60
1743.00 0.487821 5.60
1744.00 0.487821 5.60
1745.00 0.487821 5.60
1746.00 0.487821 5.60
1747.00 0.487821 5.60
1748.00 0.487821 5.60
1749.00 0.487821 5.60
1750.00 0.487821 5.60
1751.00 0.487821 5.60
1752.00 0.487821 5.60
1753.00 0.487821 5.60
1754.00 0.487821 5.60
1755.00 0.487821 5.60
1756.00 0.487821 5.60
1757.00 0.487821 5.60
1758.00 0.487821 5.60
1759.00 0.487821 5.60
1760.00 0.487821 5.60
1761.00 0.487821 5.60
1762.00 0.487821 5.60
1763.00 0.487821 5.60
1764.00 0.487821 5.60
1765.00 0.487821 5.60
1766.00 0.487820 5.60
1767.00 0.487820 5.60
1768.00 0.487820 5.60
1769.00 0.487820 5.60
1770.00 0.487820 5.60
1771.00 0.487820 5.60
1772.00 0.487820 5.60
1773.00 0.487820 5.60
1774.00 0.487820 5.60
1775.00 0.487820 5.60
1776.00 0.487820 5.60
1777.00 0.487820 5.60
1778.00 0.487820 5.60
1779.00 0.487820 5.60
1780.00 0.487820 5.60
1781.00 0.487820 5.60
1782.00 0.487820 5.60
1783.00 0.487820 5.60
1784.00 0.487820 5.60
1785.00 0.487820 5.60
1786.00 0.487820 5.60
1787.00 0.487820 5.60
1788.00 0.487820 5.60
1789.00 0.487820 5.60
1790.00 0.487820 5.60
1791.00 0.487820 5.60
1792.00 0.487820 5.60
1793.00 0.487820 5.60
1794.00 0.487820 5.60
1795.00 0.487820 5.60
1796.00 0.487820 5.60
1797.00 0.487820 5.60
1798.00 0.487820 5.60
1799.00 0.487820 5.60
1800.00 0.487820 5.60
1801.00 0.487820 5.60
1802.00 0.487820 5.60
1803.00 0.487820 5.60
1804.00 0.487820 5.60
1805.00 0.487819 5.60
1806.00 0.487819 5.60
1807.00 0.487819 5.60
1808.00 0.487819 5.60
1809.00 0.487819 5.60
1810.00 0.487819 5.60
1811.00 0.487819 5.60
1812.00 0.487819 5.60
1813.00 0.487819 5.60
1814.00 0.487819 5.60
1815.00 0.487819 5.60
1816.00 0.487819 5.60
1817.00 0.487819 5.60
1818.00 0.487819 5.60
1819.00 0.487819 5.60
1820.00 0.487819 5.60
1821.00 0.487819 5.60
1822.00 0.487819 5.60
1823.00 0.487819 5.60
1824.00 0.487819 5.60
1825.00 0.487819 5.60
1826.00 0.487819 5.60
1827.00 0.487819 5.60
1828.00 0.487819 5.60
1829.00 0.487819 5.60
1830.00 0.487819 5.60
1831.00 0.487819 5.60
1832.00 0.487819 5.60
1833.00 0.487819 5.60
1834.00 0.487819 5.60
1835.00 0.487819 5.60
1836.00 0.487819 5.60
1837.00 0.487819 5.60
1838.00 0.487819 5.60
1839.00 0.487819 5.60
1840.00 0.487819 5.60
1841.00 0.487819 5.60
1842.00 0.487819 5.60
1843.00 0.487819 5.60
1844.00 0.487819 5.60
1845.00 0.487819 5.60
1846.00 0.487819 5.60
1847.00 0.487819 5.60
1848.00 0.487819 5.60
1849.00 0.487819 5.60
1850.00 0.487819 5.60
1851.00 0.487819 5.60
1852.00 0.487819 5.60
1853.00 0.487819 5.60
1854.00 0.487819 5.60
1855.00 0.487819 5.60
1856.00 0.487818 5.60
1857.00 0.487818 5.60
1858.00 0.487818 5.60
1859.00 0.487818 5.60
1860.00 0.487818 5.60
1861.00 0.487818 5.60
1862.00 0.487818 5.60
1863.00 0.487818 5.60
1864.00 0.487818 5.60
1865.00 0.487818 5.60
1866.00 0.487818 5.60
1867.00 0.487818 5.60
1868.00 0.487818 5.60
1869.00 0.487818 5.60
1870.00 0.487818 5.60
1871.00 0.487818 5.60
1872.00 0.487818 5.60
1873.00 0.487818 5.60
1874.00 0.487818 5.60
1875.00 0.487818 5.60
1876.00 0.487818 5.60
1877.00 0.487818 5.60
1878.00 0.487818 5.60
1879.00 0.487818 5.60
1880.00 0.487818 5.60
1881.00 0.487818 5.60
1882.00 0.487818 5.60
1883.00 0.487818 5.60
1884.00 0.487818 5.60
1885.00 0.487818 5.60
1886.00 0.487818 5.60
1887.00 0.487818 5.60
1888.00 0.487818 5.60
1889.00 0.487818 5.60
1890.00 0.487818 5.60
1891.00 0.487818 5.60
1892.00 0.487818 5.60
1893.00 0.487818 5.60
1894.00 0.487818 5.60
1895.00 0.487818 5.60
1896.00 0.487818 5.60
1897.00 0.487818 5.60
1898.00 0.487818 5.60
1899.00 0.487818 5.60
1900.00 0.487818 5.60
1901.00 0.487818 5.60
1902.00 0.487818 5.60
1903.00 0.487818 5.60
1904.00 0.487818 5.60
1905.00 0.487818 5.60
1906.00 0.487818 5.60
1907.00 0.487818 5.60
1908.00 0.487818 5.60
1909.00 0.487818 5.60
1910.00 0.487818 5.60
1911.00 0.487818 5.60
1912.00 0.487818 5.60
1913.00 0.487818 5.60
1914.00 0.487818 5.60
1915.00 0.487818 5.60
1916.00 0.487818 5.60
1917.00 0.487818 5.60
1918.00 0.487818 5.60
1919.00 0.487818 5.60
1920.00 0.487818 5.60
1921.00 0.487818 5.60
1922.00 0.487818 5.60
1923.00 0.487818 5.60
1924.00 0.487818 5.60
1925.00 0.487818 5.60
1926.00 0.487818 5.60
1927.00 0.487818 5.60
1928.00 0.487818 5.60
1929.00 0.487818 5.60
1930.00 0.487818 5.60
1931.00 0.487818 5.60
1932.00 0.487818 5.60
1933.00 0.487817 5.60
1934.00 0.487817 5.60
1935.00 0.487817 5.60
1936.00 0.487817 5.60
1937.00 0.487817 5.60
1938.00 0.487817 5.60
1939.00 0.487817 5.60
1940.00 0.487817 5.60
1941.00 0.487817 5.60
1942.00 0.487817 5.60
1943.00 0.487817 5.60
1944.00 0.487817 5.60
1945.00 0.487817 5.60
1946.00 0.487817 5.60
1947.00 0.487817 5.60
1948.00 0.487817 5.60
1949.00 0.487817 5.60
1950.00 0.487817 5.60
1951.00 0.487817 5.60
1952.00 0.487817 5.60
1953.00 0.487817 5.60
1954.00 0.487817 5.60
1955.00 0.487817 5.60
1956.00 0.487817 5.60
1957.00 0.487817 5.60
1958.00 0.487817 5.60
1959.00 0.487817 5.60
1960.00 0.487817 5.60
1961.00 0.487817 5.60
1962.00 0.487817 5.60
1963.00 0.487817 5.60
1964.00 0.487817 5.60
1965.00 0.487817 5.60
1966.00 0.487817 5.60
1967.00 0.487817 5.60
1968.00 0.487817 5.60
1969.00 0.487817 5.60
1970.00 0.487817 5.60
1971.00 0.487817 5.60
1972.00 0.487817 5.60
1973.00 0.487817 5.60
1974.00 0.487817 5.60
1975.00 0.487817 5.60
1976.00 0.487817 5.60
1977.00 0.487817 5.60
1978.00 0.487817 5.60
1979.00 0.487817 5.60
1980.00 0.487817 5.60
1981.00 0.487817 5.60
1982.00 0.487817 5.60
1983.00 0.487817 5.60
1984.00 0.487817 5.60
1985.00 0.487817 5.60
1986.00 0.487817 5.60
1987.00 0.487817 5.60
1988.00 0.487817 5.60
1989.00 0.487817 5.60
1990.00 0.487817 5.60
1991.00 0.487817 5.60
1992.00 0.487817 5.60
1993.00 0.487817 5.60
1994.00 0.487817 5.60
1995.00 0.487817 5.60
1996.00 0.487817 5.60
1997.00 0.487817 5.60
1998.00 0.487817 5.60
1999.00 0.487817 5.60
2000.00 0.487817 5.60
