0.00 0.315908 3.85
1.00 0.315129 3.85
2.00 0.314350 3.85
3.00 0.313570 3.85
4.00 0.312790 3.85
5.00 0.312010 3.85
6.00 0.311229 3.85
7.00 0.310449 3.85
8.00 0.309669 3.85
9.00 0.308889 3.85
10.00 0.308108 3.85
11.00 0.307327 3.85
12.00 0.306545 3.85
13.00 0.305761 3.85
14.00 0.304977 3.85
15.00 0.304193 3.84
16.00 0.303425 3.84
17.00 0.302656 3.84
18.00 0.301887 3.84
19.00 0.301117 3.84
20.00 0.300345 3.84
21.00 0.299571 3.84
22.00 0.298795 3.84
23.00 0.298015 3.84
24.00 0.297233 3.84
25.00 0.296446 3.84
26.00 0.295656 3.84
27.00 0.294884 3.83
28.00 0.294115 3.83
29.00 0.293350 3.82
30.00 0.292593 3.82
31.00 0.291833 3.82
32.00 0.291070 3.82
33.00 0.290304 3.82
34.00 0.289533 3.82
35.00 0.288759 3.82
36.00 0.287980 3.82
37.00 0.287197 3.82
38.00 0.286408 3.82
39.00 0.285615 3.82
40.00 0.284817 3.82
41.00 0.284013 3.82
42.00 0.283204 3.82
43.00 0.282390 3.82
44.00 0.281570 3.82
45.00 0.280745 3.82
46.00 0.279945 3.81
47.00 0.279151 3.79
48.00 0.278370 3.79
49.00 0.277587 3.79
50.00 0.276810 3.77
51.00 0.276045 3.77
52.00 0.275277 3.77
53.00 0.274507 3.77
54.00 0.273733 3.77
55.00 0.272981 3.75
56.00 0.272274 3.75
57.00 0.271590 3.73
58.00 0.270944 3.73
59.00 0.270300 3.73
60.00 0.269662 3.72
61.00 0.269031 3.72
62.00 0.268399 3.72
63.00 0.267766 3.72
64.00 0.267131 3.72
65.00 0.266494 3.72
66.00 0.265862 3.71
67.00 0.265247 3.71
68.00 0.264631 3.71
69.00 0.264017 3.70
70.00 0.263404 3.70
71.00 0.262789 3.70
72.00 0.262182 3.69
73.00 0.261604 3.69
74.00 0.261024 3.69
75.00 0.260441 3.69
76.00 0.259856 3.69
77.00 0.259268 3.69
78.00 0.258676 3.69
79.00 0.258081 3.69
80.00 0.257482 3.69
81.00 0.256879 3.69
82.00 0.256272 3.69
83.00 0.255682 3.68
84.00 0.255112 3.68
85.00 0.254538 3.68
86.00 0.253962 3.68
87.00 0.253381 3.68
88.00 0.252818 3.67
89.00 0.252287 3.66
90.00 0.251792 3.64
91.00 0.251325 3.64
92.00 0.250860 3.63
93.00 0.250396 3.63
94.00 0.249935 3.62
95.00 0.249506 3.62
96.00 0.249076 3.62
97.00 0.248647 3.62
98.00 0.248244 3.61
99.00 0.247860 3.61
100.00 0.247475 3.61
101.00 0.247099 3.60
102.00 0.246726 3.59
103.00 0.246383 3.59
104.00 0.246042 3.59
105.00 0.245701 3.59
106.00 0.245360 3.59
107.00 0.245045 3.58
108.00 0.244751 3.58
109.00 0.244456 3.58
110.00 0.244162 3.58
111.00 0.243867 3.58
112.00 0.243588 3.57
113.00 0.243312 3.57
114.00 0.243037 3.57
115.00 0.242761 3.57
116.00 0.242485 3.57
117.00 0.242208 3.57
118.00 0.241930 3.57
119.00 0.241673 3.56
120.00 0.241442 3.55
121.00 0.241236 3.55
122.00 0.241033 3.55
123.00 0.240831 3.55
124.00 0.240630 3.55
125.00 0.240430 3.55
126.00 0.240229 3.55
127.00 0.240029 3.55
128.00 0.239829 3.55
129.00 0.239628 3.55
130.00 0.239427 3.55
131.00 0.239226 3.55
132.00 0.239024 3.55
133.00 0.238821 3.55
134.00 0.238617 3.55
135.00 0.238412 3.55
136.00 0.238207 3.55
137.00 0.238000 3.55
138.00 0.237793 3.55
139.00 0.237603 3.54
140.00 0.237425 3.54
141.00 0.237247 3.54
142.00 0.237070 3.54
143.00 0.236892 3.54
144.00 0.236714 3.54
145.00 0.236536 3.54
146.00 0.236389 3.53
147.00 0.236262 3.53
148.00 0.236134 3.53
149.00 0.236007 3.53
150.00 0.235879 3.53
151.00 0.235750 3.53
152.00 0.235621 3.53
153.00 0.235535 3.51
154.00 0.235487 3.51
155.00 0.235443 3.51
156.00 0.235400 3.51
157.00 0.235360 3.51
158.00 0.235321 3.51
159.00 0.235283 3.51
160.00 0.235246 3.51
161.00 0.235210 3.50
162.00 0.235189 3.50
163.00 0.235169 3.50
164.00 0.235151 3.50
165.00 0.235133 3.50
166.00 0.235117 3.49
167.00 0.235101 3.49
168.00 0.235086 3.49
169.00 0.235072 3.49
170.00 0.235058 3.49
171.00 0.235044 3.49
172.00 0.235031 3.49
173.00 0.235018 3.49
174.00 0.235006 3.49
175.00 0.234993 3.49
176.00 0.234981 3.49
177.00 0.234970 3.49
178.00 0.234958 3.49
179.00 0.234947 3.49
180.00 0.234936 3.49
181.00 0.234925 3.49
182.00 0.234915 3.49
183.00 0.234904 3.49
184.00 0.234894 3.49
185.00 0.234884 3.49
186.00 0.234874 3.49
187.00 0.234865 3.49
188.00 0.234855 3.49
189.00 0.234846 3.48
190.00 0.234837 3.48
191.00 0.234829 3.48
192.00 0.234820 3.48
193.00 0.234812 3.48
194.00 0.234804 3.48
195.00 0.234796 3.48
196.00 0.234788 3.48
197.00 0.234780 3.48
198.00 0.234772 3.48
199.00 0.234765 3.48
200.00 0.234757 3.48
201.00 0.234750 3.48
202.00 0.234743 3.48
203.00 0.234736 3.48
204.00 0.234729 3.48
205.00 0.234722 3.48
206.00 0.234715 3.48
207.00 0.234708 3.48
208.00 0.234702 3.48
209.00 0.234695 3.48
210.00 0.234689 3.48
211.00 0.234682 3.48
212.00 0.234676 3.48
213.00 0.234670 3.48
214.00 0.234664 3.48
215.00 0.234658 3.48
216.00 0.234652 3.48
217.00 0.234646 3.48
218.00 0.234640 3.48
219.00 0.234634 3.48
220.00 0.234629 3.48
221.00 0.234623 3.48
222.00 0.234618 3.48
223.00 0.234612 3.48
224.00 0.234607 3.48
225.00 0.234602 3.48
226.00 0.234596 3.48
227.00 0.234591 3.48
228.00 0.234586 3.48
229.00 0.234581 3.48
230.00 0.234576 3.48
231.00 0.234571 3.48
232.00 0.234566 3.48
233.00 0.234561 3.48
234.00 0.234557 3.48
235.00 0.234552 3.48
236.00 0.234547 3.48
237.00 0.234543 3.48
238.00 0.234538 3.48
239.00 0.234534 3.48
240.00 0.234529 3.48
241.00 0.234525 3.48
242.00 0.234520 3.48
243.00 0.234516 3.48
244.00 0.234512 3.48
245.00 0.234508 3.48
246.00 0.234504 3.48
247.00 0.234499 3.48
248.00 0.234495 3.48
249.00 0.234491 3.48
250.00 0.234487 3.48
251.00 0.234483 3.48
252.00 0.234479 3.48
253.00 0.234475 3.48
254.00 0.234472 3.48
255.00 0.234468 3.48
256.00 0.234464 3.48
257.00 0.234460 3.48
258.00 0.234457 3.48
259.00 0.234453 3.48
260.00 0.234449 3.48
261.00 0.234446 3.48
262.00 0.234442 3.48
263.00 0.234439 3.48
264.00 0.234435 3.48
265.00 0.234432 3.48
266.00 0.234428 3.48
267.00 0.234425 3.48
268.00 0.234421 3.48
269.00 0.234418 3.48
270.00 0.234415 3.48
271.00 0.234412 3.48
272.00 0.234408 3.48
273.00 0.234405 3.48
274.00 0.234402 3.48
275.00 0.234399 3.48
276.00 0.234396 3.48
277.00 0.234392 3.48
278.00 0.234389 3.48
279.00 0.234386 3.48
280.00 0.234383 3.48
281.00 0.234380 3.48
282.00 0.234377 3.48
283.00 0.234374 3.48
284.00 0.234371 3.48
285.00 0.234369 3.48
286.00 0.234366 3.48
287.00 0.234363 3.48
288.00 0.234360 3.48
289.00 0.234357 3.48
290.00 0.234354 3.48
291.00 0.234352 3.48
292.00 0.234349 3.48
293.00 0.234346 3.48
294.00 0.234343 3.48
295.00 0.234341 3.48
296.00 0.234338 3.48
297.00 0.234335 3.48
298.00 0.234333 3.48
299.00 0.234330 3.48
300.00 0.234328 3.48
301.00 0.234325 3.48
302.00 0.234322 3.48
303.00 0.234320 3.48
304.00 0.234317 3.48
305.00 0.234315 3.48
306.00 0.234312 3.48
307.00 0.234310 3.48
308.00 0.234308 3.48
309.00 0.234305 3.48
310.00 0.234303 3.48
311.00 0.234300 3.48
312.00 0.234298 3.48
313.00 0.234296 3.48
314.00 0.234293 3.48
315.00 0.234291 3.48
316.00 0.234289 3.48
317.00 0.234286 3.48
318.00 0.234284 3.48
319.00 0.234282 3.48
320.00 0.234280 3.48
321.00 0.234277 3.48
322.00 0.234275 3.48
323.00 0.234273 3.48
324.00 0.234271 3.48
325.00 0.234269 3.48
326.00 0.234266 3.48
327.00 0.234264 3.48
328.00 0.234262 3.48
329.00 0.234260 3.48
330.00 0.234258 3.48
331.00 0.234256 3.48
332.00 0.234254 3.48
333.00 0.234252 3.48
334.00 0.234250 3.47
335.00 0.234248 3.47
336.00 0.234247 3.47
337.00 0.234245 3.47
338.00 0.234244 3.47
339.00 0.234242 3.47
340.00 0.234241 3.47
341.00 0.234239 3.47
342.00 0.234238 3.47
343.00 0.234237 3.47
344.00 0.234235 3.47
345.00 0.234234 3.47
346.00 0.234233 3.47
347.00 0.234231 3.47
348.00 0.234230 3.47
349.00 0.234229 3.47
350.00 0.234228 3.47
351.00 0.234226 3.47
352.00 0.234225 3.47
353.00 0.234224 3.47
354.00 0.234223 3.47
355.00 0.234222 3.47
356.00 0.234220 3.47
357.00 0.234219 3.47
358.00 0.234218 3.47
359.00 0.234217 3.47
360.00 0.234216 3.47
361.00 0.234215 3.47
362.00 0.234214 3.46
363.00 0.234213 3.46
364.00 0.234213 3.46
365.00 0.234212 3.46
366.00 0.234212 3.46
367.00 0.234211 3.46
368.00 0.234211 3.46
369.00 0.234210 3.46
370.00 0.234210 3.46
371.00 0.234209 3.46
372.00 0.234209 3.46
373.00 0.234209 3.46
374.00 0.234208 3.46
375.00 0.234208 3.46
376.00 0.234207 3.46
377.00 0.234207 3.46
378.00 0.234207 3.46
379.00 0.234206 3.46
380.00 0.234206 3.46
381.00 0.234205 3.46
382.00 0.234205 3.46
383.00 0.234205 3.46
384.00 0.234204 3.46
385.00 0.234204 3.46
386.00 0.234204 3.46
387.00 0.234203 3.46
388.00 0.234203 3.46
389.00 0.234203 3.46
390.00 0.234202 3.46
391.00 0.234202 3.46
392.00 0.234201 3.46
393.00 0.234201 3.46
394.00 0.234201 3.46
395.00 0.234200 3.46
396.00 0.234200 3.46
397.00 0.234200 3.46
398.00 0.234199 3.46
399.00 0.234199 3.46
400.00 0.234199 3.46
401.00 0.234198 3.46
402.00 0.234198 3.46
403.00 0.234198 3.46
404.00 0.234197 3.46
405.00 0.234197 3.46
406.00 0.234197 3.46
407.00 0.234197 3.46
408.00 0.234196 3.46
409.00 0.234196 3.46
410.00 0.234196 3.46
411.00 0.234195 3.46
412.00 0.234195 3.46
413.00 0.234195 3.46
414.00 0.234194 3.46
415.00 0.234194 3.46
416.00 0.234194 3.46
417.00 0.234193 3.46
418.00 0.234193 3.46
419.00 0.234193 3.46
420.00 0.234193 3.46
421.00 0.234192 3.46
422.00 0.234192 3.46
423.00 0.234192 3.46
424.00 0.234191 3.46
425.00 0.234191 3.46
426.00 0.234191 3.46
427.00 0.234191 3.46
428.00 0.234190 3.46
429.00 0.234190 3.46
430.00 0.234190 3.46
431.00 0.234189 3.46
432.00 0.234189 3.46
433.00 0.234189 3.46
434.00 0.234189 3.46
435.00 0.234188 3.46
436.00 0.234188 3.46
437.00 0.234188 3.46
438.00 0.234188 3.46
439.00 0.234187 3.46
440.00 0.234187 3.46
441.00 0.234187 3.46
442.00 0.234186 3.46
443.00 0.234186 3.46
444.00 0.234186 3.46
445.00 0.234186 3.46
446.00 0.234185 3.46
447.00 0.234185 3.46
448.00 0.234185 3.46
449.00 0.234185 3.46
450.00 0.234184 3.46
451.00 0.234184 3.46
452.00 0.234184 3.46
453.00 0.234184 3.46
454.00 0.234183 3.46
455.00 0.234183 3.46
456.00 0.234183 3.46
457.00 0.234183 3.46
458.00 0.234182 3.46
459.00 0.234182 3.46
460.00 0.234182 3.46
461.00 0.234182 3.46
462.00 0.234181 3.46
463.00 0.234181 3.46
464.00 0.234181 3.46
465.00 0.234181 3.46
466.00 0.234180 3.46
467.00 0.234180 3.46
468.00 0.234180 3.46
469.00 0.234180 3.46
470.00 0.234179 3.46
471.00 0.234179 3.46
472.00 0.234179 3.46
473.00 0.234179 3.46
474.00 0.234178 3.46
475.00 0.234178 3.46
476.00 0.234178 3.46
477.00 0.234178 3.46
478.00 0.234178 3.46
479.00 0.234177 3.46
480.00 0.234177 3.46
481.00 0.234177 3.46
482.00 0.234177 3.46
483.00 0.234176 3.46
484.00 0.234176 3.46
485.00 0.234176 3.46
486.00 0.234176 3.46
487.00 0.234175 3.46
488.00 0.234175 3.46
489.00 0.234175 3.46
490.00 0.234175 3.46
491.00 0.234175 3.46
492.00 0.234174 3.46
493.00 0.234174 3.46
494.00 0.234174 3.46
495.00 0.234174 3.46
496.00 0.234173 3.46
497.00 0.234173 3.46
498.00 0.234173 3.46
499.00 0.234173 3.46
500.00 0.234173 3.46
501.00 0.234172 3.46
502.00 0.234172 3.46
503.00 0.234172 3.46
504.00 0.234172 3.46
505.00 0.234171 3.46
506.00 0.234171 3.46
507.00 0.234171 3.46
508.00 0.234171 3.46
509.00 0.234171 3.46
510.00 0.234170 3.46
511.00 0.234170 3.46
512.00 0.234170 3.46
513.00 0.234170 3.46
514.00 0.234170 3.46
515.00 0.234169 3.46
516.00 0.234169 3.46
517.00 0.234169 3.46
518.00 0.234169 3.46
519.00 0.234169 3.46
520.00 0.234168 3.46
521.00 0.234168 3.46
522.00 0.234168 3.46
523.00 0.234168 3.46
524.00 0.234168 3.46
525.00 0.234167 3.46
526.00 0.234167 3.46
527.00 0.234167 3.46
528.00 0.234167 3.46
529.00 0.234166 3.46
530.00 0.234166 3.46
531.00 0.234166 3.46
532.00 0.234166 3.46
533.00 0.234166 3.46
534.00 0.234165 3.46
535.00 0.234165 3.46
536.00 0.234165 3.46
537.00 0.234165 3.46
538.00 0.234165 3.46
539.00 0.234165 3.46
540.00 0.234164 3.46
541.00 0.234164 3.46
542.00 0.234164 3.46
543.00 0.234164 3.46
544.00 0.234164 3.46
545.00 0.234163 3.46
546.00 0.234163 3.46
547.00 0.234163 3.46
548.00 0.234163 3.46
549.00 0.234163 3.46
550.00 0.234162 3.46
551.00 0.234162 3.46
552.00 0.234162 3.46
553.00 0.234162 3.46
554.00 0.234162 3.46
555.00 0.234161 3.46
556.00 0.234161 3.46
557.00 0.234161 3.46
558.00 0.234161 3.46
559.00 0.234161 3.46
560.00 0.234161 3.46
561.00 0.234160 3.46
562.00 0.234160 3.46
563.00 0.234160 3.46
564.00 0.234160 3.46
565.00 0.234160 3.46
566.00 0.234159 3.46
567.00 0.234159 3.46
568.00 0.234159 3.46
569.00 0.234159 3.46
570.00 0.234159 3.46
571.00 0.234158 3.46
572.00 0.234158 3.46
573.00 0.234158 3.46
574.00 0.234158 3.46
575.00 0.234158 3.46
576.00 0.234158 3.46
577.00 0.234157 3.46
578.00 0.234157 3.46
579.00 0.234157 3.46
580.00 0.234157 3.46
581.00 0.234157 3.46
582.00 0.234157 3.46
583.00 0.234156 3.46
584.00 0.234156 3.46
585.00 0.234156 3.46
586.00 0.234156 3.46
587.00 0.234156 3.46
588.00 0.234155 3.46
589.00 0.234155 3.46
590.00 0.234155 3.46
591.00 0.234155 3.46
592.00 0.234155 3.46
593.00 0.234155 3.46
594.00 0.234154 3.46
595.00 0.234154 3.46
596.00 0.234154 3.46
597.00 0.234154 3.46
598.00 0.234154 3.46
599.00 0.234154 3.46
600.00 0.234153 3.46
601.00 0.234153 3.46
602.00 0.234153 3.46
603.00 0.234153 3.46
604.00 0.234153 3.46
605.00 0.234153 3.46
606.00 0.234152 3.46
607.00 0.234152 3.46
608.00 0.234152 3.46
609.00 0.234152 3.46
610.00 0.234152 3.46
611.00 0.234152 3.46
612.00 0.234151 3.46
613.00 0.234151 3.46
614.00 0.234151 3.46
615.00 0.234151 3.46
616.00 0.234151 3.46
617.00 0.234151 3.46
618.00 0.234150 3.46
619.00 0.234150 3.46
620.00 0.234150 3.46
621.00 0.234150 3.46
622.00 0.234150 3.46
623.00 0.234150 3.46
624.00 0.234149 3.46
625.00 0.234149 3.46
626.00 0.234149 3.46
627.00 0.234149 3.46
628.00 0.234149 3.46
629.00 0.234149 3.46
630.00 0.234148 3.46
631.00 0.234148 3.46
632.00 0.234148 3.46
633.00 0.234148 3.46
634.00 0.234148 3.46
635.00 0.234148 3.46
636.00 0.234148 3.46
637.00 0.234147 3.46
638.00 0.234147 3.46
639.00 0.234147 3.46
640.00 0.234147 3.46
641.00 0.234147 3.46
642.00 0.234147 3.46
643.00 0.234146 3.46
644.00 0.234146 3.46
645.00 0.234146 3.46
646.00 0.234146 3.46
647.00 0.234146 3.46
648.00 0.234146 3.46
649.00 0.234145 3.46
650.00 0.234145 3.46
651.00 0.234145 3.46
652.00 0.234145 3.46
653.00 0.234145 3.46
654.00 0.234145 3.46
655.00 0.234145 3.46
656.00 0.234144 3.46
657.00 0.234144 3.46
658.00 0.234144 3.46
659.00 0.234144 3.46
660.00 0.234144 3.46
661.00 0.234144 3.46
662.00 0.234144 3.46
663.00 0.234143 3.46
664.00 0.234143 3.46
665.00 0.234143 3.46
666.00 0.234143 3.46
667.00 0.234143 3.46
668.00 0.234143 3.46
669.00 0.234142 3.46
670.00 0.234142 3.46
671.00 0.234142 3.46
672.00 0.234142 3.46
673.00 0.234142 3.46
674.00 0.234142 3.46
675.00 0.234142 3.46
676.00 0.234141 3.46
677.00 0.234141 3.46
678.00 0.234141 3.46
679.00 0.234141 3.46
680.00 0.234141 3.46
681.00 0.234141 3.46
682.00 0.234141 3.46
683.00 0.234140 3.46
684.00 0.234140 3.46
685.00 0.234140 3.46
686.00 0.234140 3.46
687.00 0.234140 3.46
688.00 0.234140 3.46
689.00 0.234140 3.46
690.00 0.234139 3.46
691.00 0.234139 3.46
692.00 0.234139 3.46
693.00 0.234139 3.46
694.00 0.234139 3.46
695.00 0.234139 3.46
696.00 0.234139 3.46
697.00 0.234138 3.46
698.00 0.234138 3.46
699.00 0.234138 3.46
700.00 0.234138 3.46
701.00 0.234138 3.46
702.00 0.234138 3.46
703.00 0.234138 3.46
704.00 0.234137 3.46
705.00 0.234137 3.46
706.00 0.234137 3.46
707.00 0.234137 3.46
708.00 0.234137 3.46
709.00 0.234137 3.46
710.00 0.234137 3.46
711.00 0.234137 3.46
712.00 0.234136 3.46
713.00 0.234136 3.46
714.00 0.234136 3.46
715.00 0.234136 3.46
716.00 0.234136 3.46
717.00 0.234136 3.46
718.00 0.234136 3.46
719.00 0.234135 3.46
720.00 0.234135 3.46
721.00 0.234135 3.46
722.00 0.234135 3.46
723.00 0.234135 3.46
724.00 0.234135 3.46
725.00 0.234135 3.46
726.00 0.234135 3.46
727.00 0.234134 3.46
728.00 0.234134 3.46
729.00 0.234134 3.46
730.00 0.234134 3.46
731.00 0.234134 3.46
732.00 0.234134 3.46
733.00 0.234134 3.46
734.00 0.234133 3.46
735.00 0.234133 3.46
736.00 0.234133 3.46
737.00 0.234133 3.46
738.00 0.234133 3.46
739.00 0.234133 3.46
740.00 0.234133 3.46
741.00 0.234133 3.46
742.00 0.234132 3.46
743.00 0.234132 3.46
744.00 0.234132 3.46
745.00 0.234132 3.46
746.00 0.234132 3.46
747.00 0.234132 3.46
748.00 0.234132 3.46
749.00 0.234131 3.46
750.00 0.234131 3.46
751.00 0.234131 3.46
752.00 0.234131 3.46
753.00 0.234131 3.46
754.00 0.234131 3.46
755.00 0.234131 3.46
756.00 0.234131 3.46
757.00 0.234130 3.46
758.00 0.234130 3.46
759.00 0.234130 3.46
760.00 0.234130 3.46
761.00 0.234130 3.46
762.00 0.234130 3.46
763.00 0.234130 3.46
764.00 0.234130 3.46
765.00 0.234129 3.46
766.00 0.234129 3.46
767.00 0.234129 3.46
768.00 0.234129 3.46
769.00 0.234129 3.46
770.00 0.234129 3.46
771.00 0.234129 3.46
772.00 0.234129 3.46
773.00 0.234128 3.46
774.00 0.234128 3.46
775.00 0.234128 3.46
776.00 0.234128 3.46
777.00 0.234128 3.46
778.00 0.234128 3.46
779.00 0.234128 3.46
780.00 0.234128 3.46
781.00 0.234127 3.46
782.00 0.234127 3.46
783.00 0.234127 3.46
784.00 0.234127 3.46
785.00 0.234127 3.46
786.00 0.234127 3.46
787.00 0.234127 3.46
788.00 0.234127 3.46
789.00 0.234127 3.46
790.00 0.234126 3.46
791.00 0.234126 3.46
792.00 0.234126 3.46
793.00 0.234126 3.46
794.00 0.234126 3.46
795.00 0.234126 3.46
796.00 0.234126 3.46
797.00 0.234126 3.46
798.00 0.234125 3.46
799.00 0.234125 3.46
800.00 0.234125 3.46
801.00 0.234125 3.46
802.00 0.234125 3.46
803.00 0.234125 3.46
804.00 0.234125 3.46
805.00 0.234125 3.46
806.00 0.234125 3.46
807.00 0.234124 3.46
808.00 0.234124 3.46
809.00 0.234124 3.46
810.00 0.234124 3.46
811.00 0.234124 3.46
812.00 0.234124 3.46
813.00 0.234124 3.46
814.00 0.234124 3.46
815.00 0.234123 3.46
816.00 0.234123 3.46
817.00 0.234123 3.46
818.00 0.234123 3.46
819.00 0.234123 3.46
820.00 0.234123 3.46
821.00 0.234123 3.46
822.00 0.234123 3.46
823.00 0.234123 3.46
824.00 0.234122 3.46
825.00 0.234122 3.46
826.00 0.234122 3.46
827.00 0.234122 3.46
828.00 0.234122 3.46
829.00 0.234122 3.46
830.00 0.234122 3.46
831.00 0.234122 3.46
832.00 0.234122 3.46
833.00 0.234121 3.46
834.00 0.234121 3.46
835.00 0.234121 3.46
836.00 0.234121 3.46
837.00 0.234121 3.46
838.00 0.234121 3.46
839.00 0.234121 3.46
840.00 0.234121 3.46
841.00 0.234121 3.46
842.00 0.234120 3.46
843.00 0.234120 3.46
844.00 0.234120 3.46
845.00 0.234120 3.46
846.00 0.234120 3.46
847.00 0.234120 3.46
848.00 0.234120 3.46
849.00 0.234120 3.46
850.00 0.234120 3.46
851.00 0.234119 3.46
852.00 0.234119 3.46
853.00 0.234119 3.46
854.00 0.234119 3.46
855.00 0.234119 3.46
856.00 0.234119 3.46
857.00 0.234119 3.46
858.00 0.234119 3.46
859.00 0.234119 3.46
860.00 0.234118 3.46
861.00 0.234118 3.46
862.00 0.234118 3.46
863.00 0.234118 3.46
864.00 0.234118 3.46
865.00 0.234118 3.46
866.00 0.234118 3.46
867.00 0.234118 3.46
868.00 0.234118 3.46
869.00 0.234117 3.46
870.00 0.234117 3.46
871.00 0.234117 3.46
872.00 0.234117 3.46
873.00 0.234117 3.46
874.00 0.234117 3.46
875.00 0.234117 3.46
876.00 0.234117 3.46
877.00 0.234117 3.46
878.00 0.234116 3.46
879.00 0.234116 3.46
880.00 0.234116 3.46
881.00 0.234116 3.46
882.00 0.234116 3.46
883.00 0.234116 3.46
884.00 0.234116 3.46
885.00 0.234116 3.46
886.00 0.234116 3.46
887.00 0.234116 3.46
888.00 0.234115 3.46
889.00 0.234115 3.46
890.00 0.234115 3.46
891.00 0.234115 3.46
892.00 0.234115 3.46
893.00 0.234115 3.46
894.00 0.234115 3.46
895.00 0.234115 3.46
896.00 0.234115 3.46
897.00 0.234114 3.46
898.00 0.234114 3.46
899.00 0.234114 3.46
900.00 0.234114 3.46
901.00 0.234114 3.46
902.00 0.234114 3.46
903.00 0.234114 3.46
904.00 0.234114 3.46
905.00 0.234114 3.46
906.00 0.234114 3.46
907.00 0.234113 3.46
908.00 0.234113 3.46
909.00 0.234113 3.46
910.00 0.234113 3.46
911.00 0.234113 3.46
912.00 0.234113 3.46
913.00 0.234113 3.46
914.00 0.234113 3.46
915.00 0.234113 3.46
916.00 0.234113 3.46
917.00 0.234112 3.46
918.00 0.234112 3.46
919.00 0.234112 3.46
920.00 0.234112 3.46
921.00 0.234112 3.46
922.00 0.234112 3.46
923.00 0.234112 3.46
924.00 0.234112 3.46
925.00 0.234112 3.46
926.00 0.234112 3.46
927.00 0.234111 3.46
928.00 0.234111 3.46
929.00 0.234111 3.46
930.00 0.234111 3.46
931.00 0.234111 3.46
932.00 0.234111 3.46
933.00 0.234111 3.46
934.00 0.234111 3.46
935.00 0.234111 3.46
936.00 0.234111 3.46
937.00 0.234110 3.46
938.00 0.234110 3.46
939.00 0.234110 3.46
940.00 0.234110 3.46
941.00 0.234110 3.46
942.00 0.234110 3.46
943.00 0.234110 3.46
944.00 0.234110 3.46
945.00 0.234110 3.46
946.00 0.234110 3.46
947.00 0.234109 3.46
948.00 0.234109 3.46
949.00 0.234109 3.46
950.00 0.234109 3.46
951.00 0.234109 3.46
952.00 0.234109 3.46
953.00 0.234109 3.46
954.00 0.234109 3.46
955.00 0.234109 3.46
956.00 0.234109 3.46
957.00 0.234108 3.46
958.00 0.234108 3.46
959.00 0.234108 3.46
960.00 0.234108 3.46
961.00 0.234108 3.46
962.00 0.234108 3.46
963.00 0.234108 3.46
964.00 0.234108 3.46
965.00 0.234108 3.46
966.00 0.234108 3.46
967.00 0.234108 3.46
968.00 0.234107 3.46
969.00 0.234107 3.46
970.00 0.234107 3.46
971.00 0.234107 3.46
972.00 0.234107 3.46
973.00 0.234107 3.46
974.00 0.234107 3.46
975.00 0.234107 3.46
976.00 0.234107 3.46
977.00 0.234107 3.46
978.00 0.234106 3.46
979.00 0.234106 3.46
980.00 0.234106 3.46
981.00 0.234106 3.46
982.00 0.234106 3.46
983.00 0.234106 3.46
984.00 0.234106 3.46
985.00 0.234106 3.46
986.00 0.234106 3.46
987.00 0.234106 3.46
988.00 0.234106 3.46
989.00 0.234105 3.46
990.00 0.234105 3.46
991.00 0.234105 3.46
992.00 0.234105 3.46
993.00 0.234105 3.46
994.00 0.234105 3.46
995.00 0.234105 3.46
996.00 0.234105 3.46
997.00 0.234105 3.46
998.00 0.234105 3.46
999.00 0.234105 3.46
1000.00 0.234104 3.46
1001.00 0.234104 3.46
1002.00 0.234104 3.46
1003.00 0.234104 3.46
1004.00 0.234104 3.46
1005.00 0.234104 3.46
1006.00 0.234104 3.46
1007.00 0.234104 3.46
1008.00 0.234104 3.46
1009.00 0.234104 3.46
1010.00 0.234104 3.46
1011.00 0.234103 3.46
1012.00 0.234103 3.46
1013.00 0.234103 3.46
1014.00 0.234103 3.46
1015.00 0.234103 3.46
1016.00 0.234103 3.46
1017.00 0.234103 3.46
1018.00 0.234103 3.46
1019.00 0.234103 3.46
1020.00 0.234103 3.46
1021.00 0.234103 3.46
1022.00 0.234102 3.46
1023.00 0.234102 3.46
1024.00 0.234102 3.46
1025.00 0.234102 3.46
1026.00 0.234102 3.46
1027.00 0.234102 3.46
1028.00 0.234102 3.46
1029.00 0.234102 3.46
1030.00 0.234102 3.46
1031.00 0.234102 3.46
1032.00 0.234102 3.46
1033.00 0.234101 3.46
1034.00 0.234101 3.46
1035.00 0.234101 3.46
1036.00 0.234101 3.46
1037.00 0.234101 3.46
1038.00 0.234101 3.46
1039.00 0.234101 3.46
1040.00 0.234101 3.46
1041.00 0.234101 3.46
1042.00 0.234101 3.46
1043.00 0.234101 3.46
1044.00 0.234101 3.46
1045.00 0.234100 3.46
1046.00 0.234100 3.46
1047.00 0.234100 3.46
1048.00 0.234100 3.46
1049.00 0.234100 3.46
1050.00 0.234100 3.46
1051.00 0.234100 3.46
1052.00 0.234100 3.46
1053.00 0.234100 3.46
1054.00 0.234100 3.46
1055.00 0.234100 3.46
1056.00 0.234099 3.46
1057.00 0.234099 3.46
1058.00 0.234099 3.46
1059.00 0.234099 3.46
1060.00 0.234099 3.46
1061.00 0.234099 3.46
1062.00 0.234099 3.46
1063.00 0.234099 3.46
1064.00 0.234099 3.46
1065.00 0.234099 3.46
1066.00 0.234099 3.46
1067.00 0.234099 3.46
1068.00 0.234098 3.46
1069.00 0.234098 3.46
1070.00 0.234098 3.46
1071.00 0.234098 3.46
1072.00 0.234098 3.46
1073.00 0.234098 3.46
1074.00 0.234098 3.46
1075.00 0.234098 3.46
1076.00 0.234098 3.46
1077.00 0.234098 3.46
1078.00 0.234098 3.46
1079.00 0.234098 3.46
1080.00 0.234097 3.46
1081.00 0.234097 3.46
1082.00 0.234097 3.46
1083.00 0.234097 3.46
1084.00 0.234097 3.46
1085.00 0.234097 3.46
1086.00 0.234097 3.46
1087.00 0.234097 3.46
1088.00 0.234097 3.46
1089.00 0.234097 3.46
1090.00 0.234097 3.46
1091.00 0.234097 3.46
1092.00 0.234096 3.46
1093.00 0.234096 3.46
1094.00 0.234096 3.46
1095.00 0.234096 3.46
1096.00 0.234096 3.46
1097.00 0.234096 3.46
1098.00 0.234096 3.46
1099.00 0.234096 3.46
1100.00 0.234096 3.46
1101.00 0.234096 3.46
1102.00 0.234096 3.46
1103.00 0.234096 3.46
1104.00 0.234095 3.46
1105.00 0.234095 3.46
1106.00 0.234095 3.46
1107.00 0.234095 3.46
1108.00 0.234095 3.46
1109.00 0.234095 3.46
1110.00 0.234095 3.46
1111.00 0.234095 3.46
1112.00 0.234095 3.46
1113.00 0.234095 3.46
1114.00 0.234095 3.46
1115.00 0.234095 3.46
1116.00 0.234094 3.46
1117.00 0.234094 3.46
1118.00 0.234094 3.46
1119.00 0.234094 3.46
1120.00 0.234094 3.46
1121.00 0.234094 3.46
1122.00 0.234094 3.46
1123.00 0.234094 3.46
1124.00 0.234094 3.46
1125.00 0.234094 3.46
1126.00 0.234094 3.46
1127.00 0.234094 3.46
1128.00 0.234093 3.46
1129.00 0.234093 3.46
1130.00 0.234093 3.46
1131.00 0.234093 3.46
1132.00 0.234093 3.46
1133.00 0.234093 3.46
1134.00 0.234093 3.46
1135.00 0.234093 3.46
1136.00 0.234093 3.46
1137.00 0.234093 3.46
1138.00 0.234093 3.46
1139.00 0.234093 3.46
1140.00 0.234093 3.46
1141.00 0.234092 3.46
1142.00 0.234092 3.46
1143.00 0.234092 3.46
1144.00 0.234092 3.46
1145.00 0.234092 3.46
1146.00 0.234092 3.46
1147.00 0.234092 3.46
1148.00 0.234092 3.46
1149.00 0.234092 3.46
1150.00 0.234092 3.46
1151.00 0.234092 3.46
1152.00 0.234092 3.46
1153.00 0.234091 3.46
1154.00 0.234091 3.46
1155.00 0.234091 3.46
1156.00 0.234091 3.46
1157.00 0.234091 3.46
1158.00 0.234091 3.46
1159.00 0.234091 3.46
1160.00 0.234091 3.46
1161.00 0.234091 3.46
1162.00 0.234091 3.46
1163.00 0.234091 3.46
1164.00 0.234091 3.46
1165.00 0.234091 3.46
1166.00 0.234090 3.46
1167.00 0.234090 3.46
1168.00 0.234090 3.46
1169.00 0.234090 3.46
1170.00 0.234090 3.46
1171.00 0.234090 3.46
1172.00 0.234090 3.46
1173.00 0.234090 3.46
1174.00 0.234090 3.46
1175.00 0.234090 3.46
1176.00 0.234090 3.46
1177.00 0.234090 3.46
1178.00 0.234090 3.46
1179.00 0.234089 3.46
1180.00 0.234089 3.46
1181.00 0.234089 3.46
1182.00 0.234089 3.46
1183.00 0.234089 3.46
1184.00 0.234089 3.46
1185.00 0.234089 3.46
1186.00 0.234089 3.46
1187.00 0.234089 3.46
1188.00 0.234089 3.46
1189.00 0.234089 3.46
1190.00 0.234089 3.46
1191.00 0.234089 3.46
1192.00 0.234088 3.46
1193.00 0.234088 3.46
1194.00 0.234088 3.46
1195.00 0.234088 3.46
1196.00 0.234088 3.46
1197.00 0.234088 3.46
1198.00 0.234088 3.46
1199.00 0.234088 3.46
1200.00 0.234088 3.46
1201.00 0.234088 3.46
1202.00 0.234088 3.46
1203.00 0.234088 3.46
1204.00 0.234088 3.46
1205.00 0.234087 3.46
1206.00 0.234087 3.46
1207.00 0.234087 3.46
1208.00 0.234087 3.46
1209.00 0.234087 3.46
1210.00 0.234087 3.46
1211.00 0.234087 3.46
1212.00 0.234087 3.46
1213.00 0.234087 3.46
1214.00 0.234087 3.46
1215.00 0.234087 3.46
1216.00 0.234087 3.46
1217.00 0.234087 3.46
1218.00 0.234086 3.46
1219.00 0.234086 3.46
1220.00 0.234086 3.46
1221.00 0.234086 3.46
1222.00 0.234086 3.46
1223.00 0.234086 3.46
1224.00 0.234086 3.46
1225.00 0.234086 3.46
1226.00 0.234086 3.46
1227.00 0.234086 3.46
1228.00 0.234086 3.46
1229.00 0.234086 3.46
1230.00 0.234086 3.46
1231.00 0.234086 3.46
1232.00 0.234085 3.46
1233.00 0.234085 3.46
1234.00 0.234085 3.46
1235.00 0.234085 3.46
1236.00 0.234085 3.46
1237.00 0.234085 3.46
1238.00 0.234085 3.46
1239.00 0.234085 3.46
1240.00 0.234085 3.46
1241.00 0.234085 3.46
1242.00 0.234085 3.46
1243.00 0.234085 3.46
1244.00 0.234085 3.46
1245.00 0.234085 3.46
1246.00 0.234084 3.46
1247.00 0.234084 3.46
1248.00 0.234084 3.46
1249.00 0.234084 3.46
1250.00 0.234084 3.46
1251.00 0.234084 3.46
1252.00 0.234084 3.46
1253.00 0.234084 3.46
1254.00 0.234084 3.46
1255.00 0.234084 3.46
1256.00 0.234084 3.46
1257.00 0.234084 3.46
1258.00 0.234084 3.46
1259.00 0.234083 3.46
1260.00 0.234083 3.46
1261.00 0.234083 3.46
1262.00 0.234083 3.46
1263.00 0.234083 3.46
1264.00 0.234083 3.46
1265.00 0.234083 3.46
1266.00 0.234083 3.46
1267.00 0.234083 3.46
1268.00 0.234083 3.46
1269.00 0.234083 3.46
1270.00 0.234083 3.46
1271.00 0.234083 3.46
1272.00 0.234083 3.46
1273.00 0.234082 3.46
1274.00 0.234082 3.46
1275.00 0.234082 3.46
1276.00 0.234082 3.46
1277.00 0.234082 3.46
1278.00 0.234082 3.46
1279.00 0.234082 3.46
1280.00 0.234082 3.46
1281.00 0.234082 3.46
1282.00 0.234082 3.46
1283.00 0.234082 3.46
1284.00 0.234082 3.46
1285.00 0.234082 3.46
1286.00 0.234082 3.46
1287.00 0.234081 3.46
1288.00 0.234081 3.46
1289.00 0.234081 3.46
1290.00 0.234081 3.46
1291.00 0.234081 3.46
1292.00 0.234081 3.46
1293.00 0.234081 3.46
1294.00 0.234081 3.46
1295.00 0.234081 3.46
1296.00 0.234081 3.46
1297.00 0.234081 3.46
1298.00 0.234081 3.46
1299.00 0.234081 3.46
1300.00 0.234081 3.46
1301.00 0.234081 3.46
1302.00 0.234080 3.46
1303.00 0.234080 3.46
1304.00 0.234080 3.46
1305.00 0.234080 3.46
1306.00 0.234080 3.46
1307.00 0.234080 3.46
1308.00 0.234080 3.46
1309.00 0.234080 3.46
1310.00 0.234080 3.46
1311.00 0.234080 3.46
1312.00 0.234080 3.46
1313.00 0.234080 3.46
1314.00 0.234080 3.46
1315.00 0.234080 3.46
1316.00 0.234079 3.46
1317.00 0.234079 3.46
1318.00 0.234079 3.46
1319.00 0.234079 3.46
1320.00 0.234079 3.46
1321.00 0.234079 3.46
1322.00 0.234079 3.46
1323.00 0.234079 3.46
1324.00 0.234079 3.46
1325.00 0.234079 3.46
1326.00 0.234079 3.46
1327.00 0.234079 3.46
1328.00 0.234079 3.46
1329.00 0.234079 3.46
1330.00 0.234078 3.46
1331.00 0.234078 3.46
1332.00 0.234078 3.46
1333.00 0.234078 3.46
1334.00 0.234078 3.46
1335.00 0.234078 3.46
1336.00 0.234078 3.46
1337.00 0.234078 3.46
1338.00 0.234078 3.46
1339.00 0.234078 3.46
1340.00 0.234078 3.46
1341.00 0.234078 3.46
1342.00 0.234078 3.46
1343.00 0.234078 3.46
1344.00 0.234078 3.46
1345.00 0.234077 3.46
1346.00 0.234077 3.46
1347.00 0.234077 3.46
1348.00 0.234077 3.46
1349.00 0.234077 3.46
1350.00 0.234077 3.46
1351.00 0.234077 3.46
1352.00 0.234077 3.46
1353.00 0.234077 3.46
1354.00 0.234077 3.46
1355.00 0.234077 3.46
1356.00 0.234077 3.46
1357.00 0.234077 3.46
1358.00 0.234077 3.46
1359.00 0.234077 3.46
1360.00 0.234076 3.46
1361.00 0.234076 3.46
1362.00 0.234076 3.46
1363.00 0.234076 3.46
1364.00 0.234076 3.46
1365.00 0.234076 3.46
1366.00 0.234076 3.46
1367.00 0.234076 3.46
1368.00 0.234076 3.46
1369.00 0.234076 3.46
1370.00 0.234076 3.46
1371.00 0.234076 3.46
1372.00 0.234076 3.46
1373.00 0.234076 3.46
1374.00 0.234076 3.46
1375.00 0.234075 3.46
1376.00 0.234075 3.46
1377.00 0.234075 3.46
1378.00 0.234075 3.46
1379.00 0.234075 3.46
1380.00 0.234075 3.46
1381.00 0.234075 3.46
1382.00 0.234075 3.46
1383.00 0.234075 3.46
1384.00 0.234075 3.46
1385.00 0.234075 3.46
1386.00 0.234075 3.46
1387.00 0.234075 3.46
1388.00 0.234075 3.46
1389.00 0.234075 3.46
1390.00 0.234074 3.46
1391.00 0.234074 3.46
1392.00 0.234074 3.46
1393.00 0.234074 3.46
1394.00 0.234074 3.46
1395.00 0.234074 3.46
1396.00 0.234074 3.46
1397.00 0.234074 3.46
1398.00 0.234074 3.46
1399.00 0.234074 3.46
1400.00 0.234074 3.46
1401.00 0.234074 3.46
1402.00 0.234074 3.46
1403.00 0.234074 3.46
1404.00 0.234074 3.46
1405.00 0.234073 3.46
1406.00 0.234073 3.46
1407.00 0.234073 3.46
1408.00 0.234073 3.46
1409.00 0.234073 3.46
1410.00 0.234073 3.46
1411.00 0.234073 3.46
1412.00 0.234073 3.46
1413.00 0.234073 3.46
1414.00 0.234073 3.46
1415.00 0.234073 3.46
1416.00 0.234073 3.46
1417.00 0.234073 3.46
1418.00 0.234073 3.46
1419.00 0.234073 3.46
1420.00 0.234073 3.46
1421.00 0.234072 3.46
1422.00 0.234072 3.46
1423.00 0.234072 3.46
1424.00 0.234072 3.46
1425.00 0.234072 3.46
1426.00 0.234072 3.46
1427.00 0.234072 3.46
1428.00 0.234072 3.46
1429.00 0.234072 3.46
1430.00 0.234072 3.46
1431.00 0.234072 3.46
1432.00 0.234072 3.46
1433.00 0.234072 3.46
1434.00 0.234072 3.46
1435.00 0.234072 3.46
1436.00 0.234071 3.46
1437.00 0.234071 3.46
1438.00 0.234071 3.46
1439.00 0.234071 3.46
1440.00 0.234071 3.46
1441.00 0.234071 3.46
1442.00 0.234071 3.46
1443.00 0.234071 3.46
1444.00 0.234071 3.46
1445.00 0.234071 3.46
1446.00 0.234071 3.46
1447.00 0.234071 3.46
1448.00 0.234071 3.46
1449.00 0.234071 3.46
1450.00 0.234071 3.46
1451.00 0.234071 3.46
1452.00 0.234070 3.46
1453.00 0.234070 3.46
1454.00 0.234070 3.46
1455.00 0.234070 3.46
1456.00 0.234070 3.46
1457.00 0.234070 3.46
1458.00 0.234070 3.46
1459.00 0.234070 3.46
1460.00 0.234070 3.46
1461.00 0.234070 3.46
1462.00 0.234070 3.46
1463.00 0.234070 3.46
1464.00 0.234070 3.46
1465.00 0.234070 3.46
1466.00 0.234070 3.46
1467.00 0.234070 3.46
1468.00 0.234069 3.46
1469.00 0.234069 3.46
1470.00 0.234069 3.46
1471.00 0.234069 3.46
1472.00 0.234069 3.46
1473.00 0.234069 3.46
1474.00 0.234069 3.46
1475.00 0.234069 3.46
1476.00 0.234069 3.46
1477.00 0.234069 3.46
1478.00 0.234069 3.46
1479.00 0.234069 3.46
1480.00 0.234069 3.46
1481.00 0.234069 3.46
1482.00 0.234069 3.46
1483.00 0.234069 3.46
1484.00 0.234068 3.46
1485.00 0.234068 3.46
1486.00 0.234068 3.46
1487.00 0.234068 3.46
1488.00 0.234068 3.46
1489.00 0.234068 3.46
1490.00 0.234068 3.46
1491.00 0.234068 3.46
1492.00 0.234068 3.46
1493.00 0.234068 3.46
1494.00 0.234068 3.46
1495.00 0.234068 3.46
1496.00 0.234068 3.46
1497.00 0.234068 3.46
1498.00 0.234068 3.46
1499.00 0.234068 3.46
1500.00 0.234067 3.46
1501.00 0.234067 3.46
1502.00 0.234067 3.46
1503.00 0.234067 3.46
1504.00 0.234067 3.46
1505.00 0.234067 3.46
1506.00 0.234067 3.46
1507.00 0.234067 3.46
1508.00 0.234067 3.46
1509.00 0.234067 3.46
1510.00 0.234067 3.46
1511.00 0.234067 3.46
1512.00 0.234067 3.46
1513.00 0.234067 3.46
1514.00 0.234067 3.46
1515.00 0.234067 3.46
1516.00 0.234066 3.46
1517.00 0.234066 3.46
1518.00 0.234066 3.46
1519.00 0.234066 3.46
1520.00 0.234066 3.46
1521.00 0.234066 3.46
1522.00 0.234066 3.46
1523.00 0.234066 3.46
1524.00 0.234066 3.46
1525.00 0.234066 3.46
1526.00 0.234066 3.46
1527.00 0.234066 3.46
1528.00 0.234066 3.46
1529.00 0.234066 3.46
1530.00 0.234066 3.46
1531.00 0.234066 3.46
1532.00 0.234066 3.46
1533.00 0.234065 3.46
1534.00 0.234065 3.46
1535.00 0.234065 3.46
1536.00 0.234065 3.46
1537.00 0.234065 3.46
1538.00 0.234065 3.46
1539.00 0.234065 3.46
1540.00 0.234065 3.46
1541.00 0.234065 3.46
1542.00 0.234065 3.46
1543.00 0.234065 3.46
1544.00 0.234065 3.46
1545.00 0.234065 3.46
1546.00 0.234065 3.46
1547.00 0.234065 3.46
1548.00 0.234065 3.46
1549.00 0.234064 3.46
1550.00 0.234064 3.46
1551.00 0.234064 3.46
1552.00 0.234064 3.46
1553.00 0.234064 3.46
1554.00 0.234064 3.46
1555.00 0.234064 3.46
1556.00 0.234064 3.46
1557.00 0.234064 3.46
1558.00 0.234064 3.46
1559.00 0.234064 3.46
1560.00 0.234064 3.46
1561.00 0.234064 3.46
1562.00 0.234064 3.46
1563.00 0.234064 3.46
1564.00 0.234064 3.46
1565.00 0.234064 3.46
1566.00 0.234063 3.46
1567.00 0.234063 3.46
1568.00 0.234063 3.46
1569.00 0.234063 3.46
1570.00 0.234063 3.46
1571.00 0.234063 3.46
1572.00 0.234063 3.46
1573.00 0.234063 3.46
1574.00 0.234063 3.46
1575.00 0.234063 3.46
1576.00 0.234063 3.46
1577.00 0.234063 3.46
1578.00 0.234063 3.46
1579.00 0.234063 3.46
1580.00 0.234063 3.46
1581.00 0.234063 3.46
1582.00 0.234063 3.46
1583.00 0.234062 3.46
1584.00 0.234062 3.46
1585.00 0.234062 3.46
1586.00 0.234062 3.46
1587.00 0.234062 3.46
1588.00 0.234062 3.46
1589.00 0.234062 3.46
1590.00 0.234062 3.46
1591.00 0.234062 3.46
1592.00 0.234062 3.46
1593.00 0.234062 3.46
1594.00 0.234062 3.46
1595.00 0.234062 3.46
1596.00 0.234062 3.46
1597.00 0.234062 3.46
1598.00 0.234062 3.46
1599.00 0.234062 3.46
1600.00 0.234061 3.46
1601.00 0.234061 3.46
1602.00 0.234061 3.46
1603.00 0.234061 3.46
1604.00 0.234061 3.46
1605.00 0.234061 3.46
1606.00 0.234061 3.46
1607.00 0.234061 3.46
1608.00 0.234061 3.46
1609.00 0.234061 3.46
1610.00 0.234061 3.46
1611.00 0.234061 3.46
1612.00 0.234061 3.46
1613.00 0.234061 3.46
1614.00 0.234061 3.46
1615.00 0.234061 3.46
1616.00 0.234061 3.46
1617.00 0.234060 3.46
1618.00 0.234060 3.46
1619.00 0.234060 3.46
1620.00 0.234060 3.46
1621.00 0.234060 3.46
1622.00 0.234060 3.46
1623.00 0.234060 3.46
1624.00 0.234060 3.46
1625.00 0.234060 3.46
1626.00 0.234060 3.46
1627.00 0.234060 3.46
1628.00 0.234060 3.46
1629.00 0.234060 3.46
1630.00 0.234060 3.46
1631.00 0.234060 3.46
1632.00 0.234060 3.46
1633.00 0.234060 3.46
1634.00 0.234059 3.46
1635.00 0.234059 3.46
1636.00 0.234059 3.46
1637.00 0.234059 3.46
1638.00 0.234059 3.46
1639.00 0.234059 3.46
1640.00 0.234059 3.46
1641.00 0.234059 3.46
1642.00 0.234059 3.46
1643.00 0.234059 3.46
1644.00 0.234059 3.46
1645.00 0.234059 3.46
1646.00 0.234059 3.46
1647.00 0.234059 3.46
1648.00 0.234059 3.46
1649.00 0.234059 3.46
1650.00 0.234059 3.46
1651.00 0.234059 3.46
1652.00 0.234058 3.46
1653.00 0.234058 3.46
1654.00 0.234058 3.46
1655.00 0.234058 3.46
1656.00 0.234058 3.46
1657.00 0.234058 3.46
1658.00 0.234058 3.46
1659.00 0.234058 3.46
1660.00 0.234058 3.46
1661.00 0.234058 3.46
1662.00 0.234058 3.46
1663.00 0.234058 3.46
1664.00 0.234058 3.46
1665.00 0.234058 3.46
1666.00 0.234058 3.46
1667.00 0.234058 3.46
1668.00 0.234058 3.46
1669.00 0.234057 3.46
1670.00 0.234057 3.46
1671.00 0.234057 3.46
1672.00 0.234057 3.46
1673.00 0.234057 3.46
1674.00 0.234057 3.46
1675.00 0.234057 3.46
1676.00 0.234057 3.46
1677.00 0.234057 3.46
1678.00 0.234057 3.46
1679.00 0.234057 3.46
1680.00 0.234057 3.46
1681.00 0.234057 3.46
1682.00 0.234057 3.46
1683.00 0.234057 3.46
1684.00 0.234057 3.46
1685.00 0.234057 3.46
1686.00 0.234057 3.46
1687.00 0.234056 3.46
1688.00 0.234056 3.46
1689.00 0.234056 3.46
1690.00 0.234056 3.46
1691.00 0.234056 3.46
1692.00 0.234056 3.46
1693.00 0.234056 3.46
1694.00 0.234056 3.46
1695.00 0.234056 3.46
1696.00 0.234056 3.46
1697.00 0.234056 3.46
1698.00 0.234056 3.46
1699.00 0.234056 3.46
1700.00 0.234056 3.46
1701.00 0.234056 3.46
1702.00 0.234056 3.46
1703.00 0.234056 3.46
1704.00 0.234056 3.46
1705.00 0.234055 3.46
1706.00 0.234055 3.46
1707.00 0.234055 3.46
1708.00 0.234055 3.46
1709.00 0.234055 3.46
1710.00 0.234055 3.46
1711.00 0.234055 3.46
1712.00 0.234055 3.46
1713.00 0.234055 3.46
1714.00 0.234055 3.46
1715.00 0.234055 3.46
1716.00 0.234055 3.46
1717.00 0.234055 3.46
1718.00 0.234055 3.46
1719.00 0.234055 3.46
1720.00 0.234055 3.46
1721.00 0.234055 3.46
1722.00 0.234055 3.46
1723.00 0.234054 3.46
1724.00 0.234054 3.46
1725.00 0.234054 3.46
1726.00 0.234054 3.46
1727.00 0.234054 3.46
1728.00 0.234054 3.46
1729.00 0.234054 3.46
1730.00 0.234054 3.46
1731.00 0.234054 3.46
1732.00 0.234054 3.46
1733.00 0.234054 3.46
1734.00 0.234054 3.46
1735.00 0.234054 3.46
1736.00 0.234054 3.46
1737.00 0.234054 3.46
1738.00 0.234054 3.46
1739.00 0.234054 3.46
1740.00 0.234054 3.46
1741.00 0.234053 3.46
1742.00 0.234053 3.46
1743.00 0.234053 3.46
1744.00 0.234053 3.46
1745.00 0.234053 3.46
1746.00 0.234053 3.46
1747.00 0.234053 3.46
1748.00 0.234053 3.46
1749.00 0.234053 3.46
1750.00 0.234053 3.46
1751.00 0.234053 3.46
1752.00 0.234053 3.46
1753.00 0.234053 3.46
1754.00 0.234053 3.46
1755.00 0.234053 3.46
1756.00 0.234053 3.46
1757.00 0.234053 3.46
1758.00 0.234053 3.46
1759.00 0.234052 3.46
1760.00 0.234052 3.46
1761.00 0.234052 3.46
1762.00 0.234052 3.46
1763.00 0.234052 3.46
1764.00 0.234052 3.46
1765.00 0.234052 3.46
1766.00 0.234052 3.46
1767.00 0.234052 3.46
1768.00 0.234052 3.46
1769.00 0.234052 3.46
1770.00 0.234052 3.46
1771.00 0.234052 3.46
1772.00 0.234052 3.46
1773.00 0.234052 3.46
1774.00 0.234052 3.46
1775.00 0.234052 3.46
1776.00 0.234052 3.46
1777.00 0.234052 3.46
1778.00 0.234051 3.46
1779.00 0.234051 3.46
1780.00 0.234051 3.46
1781.00 0.234051 3.46
1782.00 0.234051 3.46
1783.00 0.234051 3.46
1784.00 0.234051 3.46
1785.00 0.234051 3.46
1786.00 0.234051 3.46
1787.00 0.234051 3.46
1788.00 0.234051 3.46
1789.00 0.234051 3.46
1790.00 0.234051 3.46
1791.00 0.234051 3.46
1792.00 0.234051 3.46
1793.00 0.234051 3.46
1794.00 0.234051 3.46
1795.00 0.234051 3.46
1796.00 0.234050 3.46
1797.00 0.234050 3.46
1798.00 0.234050 3.46
1799.00 0.234050 3.46
1800.00 0.234050 3.46
1801.00 0.234050 3.46
1802.00 0.234050 3.46
1803.00 0.234050 3.46
1804.00 0.234050 3.46
1805.00 0.234050 3.46
1806.00 0.234050 3.46
1807.00 0.234050 3.46
1808.00 0.234050 3.46
1809.00 0.234050 3.46
1810.00 0.234050 3.46
1811.00 0.234050 3.46
1812.00 0.234050 3.46
1813.00 0.234050 3.46
1814.00 0.234050 3.46
1815.00 0.234049 3.46
1816.00 0.234049 3.46
1817.00 0.234049 3.46
1818.00 0.234049 3.46
1819.00 0.234049 3.46
1820.00 0.234049 3.46
1821.00 0.234049 3.46
1822.00 0.234049 3.46
1823.00 0.234049 3.46
1824.00 0.234049 3.46
1825.00 0.234049 3.46
1826.00 0.234049 3.46
1827.00 0.234049 3.46
1828.00 0.234049 3.46
1829.00 0.234049 3.46
1830.00 0.234049 3.46
1831.00 0.234049 3.46
1832.00 0.234049 3.46
1833.00 0.234048 3.46
1834.00 0.234048 3.46
1835.00 0.234048 3.46
1836.00 0.234048 3.46
1837.00 0.234048 3.46
1838.00 0.234048 3.46
1839.00 0.234048 3.46
1840.00 0.234048 3.46
1841.00 0.234048 3.46
1842.00 0.234048 3.46
1843.00 0.234048 3.46
1844.00 0.234048 3.46
1845.00 0.234048 3.46
1846.00 0.234048 3.46
1847.00 0.234048 3.46
1848.00 0.234048 3.46
1849.00 0.234048 3.46
1850.00 0.234048 3.46
1851.00 0.234048 3.46
1852.00 0.234047 3.46
1853.00 0.234047 3.46
1854.00 0.234047 3.46
1855.00 0.234047 3.46
1856.00 0.234047 3.46
1857.00 0.234047 3.46
1858.00 0.234047 3.46
1859.00 0.234047 3.46
1860.00 0.234047 3.46
1861.00 0.234047 3.46
1862.00 0.234047 3.46
1863.00 0.234047 3.46
1864.00 0.234047 3.46
1865.00 0.234047 3.46
1866.00 0.234047 3.46
1867.00 0.234047 3.46
1868.00 0.234047 3.46
1869.00 0.234047 3.46
1870.00 0.234047 3.46
1871.00 0.234046 3.46
1872.00 0.234046 3.46
1873.00 0.234046 3.46
1874.00 0.234046 3.46
1875.00 0.234046 3.46
1876.00 0.234046 3.46
1877.00 0.234046 3.46
1878.00 0.234046 3.46
1879.00 0.234046 3.46
1880.00 0.234046 3.46
1881.00 0.234046 3.46
1882.00 0.234046 3.46
1883.00 0.234046 3.46
1884.00 0.234046 3.46
1885.00 0.234046 3.46
1886.00 0.234046 3.46
1887.00 0.234046 3.46
1888.00 0.234046 3.46
1889.00 0.234046 3.46
1890.00 0.234045 3.46
1891.00 0.234045 3.46
1892.00 0.234045 3.46
1893.00 0.234045 3.46
1894.00 0.234045 3.46
1895.00 0.234045 3.46
1896.00 0.234045 3.46
1897.00 0.234045 3.46
1898.00 0.234045 3.46
1899.00 0.234045 3.46
1900.00 0.234045 3.46
1901.00 0.234045 3.46
1902.00 0.234045 3.46
1903.00 0.234045 3.46
1904.00 0.234045 3.46
1905.00 0.234045 3.46
1906.00 0.234045 3.46
1907.00 0.234045 3.46
1908.00 0.234045 3.46
1909.00 0.234044 3.46
1910.00 0.234044 3.46
1911.00 0.234044 3.46
1912.00 0.234044 3.46
1913.00 0.234044 3.46
1914.00 0.234044 3.46
1915.00 0.234044 3.46
1916.00 0.234044 3.46
1917.00 0.234044 3.46
1918.00 0.234044 3.46
1919.00 0.234044 3.46
1920.00 0.234044 3.46
1921.00 0.234044 3.46
1922.00 0.234044 3.46
1923.00 0.234044 3.46
1924.00 0.234044 3.46
1925.00 0.234044 3.46
1926.00 0.234044 3.46
1927.00 0.234044 3.46
1928.00 0.234044 3.46
1929.00 0.234043 3.46
1930.00 0.234043 3.46
1931.00 0.234043 3.46
1932.00 0.234043 3.46
1933.00 0.234043 3.46
1934.00 0.234043 3.46
1935.00 0.234043 3.46
1936.00 0.234043 3.46
1937.00 0.234043 3.46
1938.00 0.234043 3.46
1939.00 0.234043 3.46
1940.00 0.234043 3.46
1941.00 0.234043 3.46
1942.00 0.234043 3.46
1943.00 0.234043 3.46
1944.00 0.234043 3.46
1945.00 0.234043 3.46
1946.00 0.234043 3.46
1947.00 0.234043 3.46
1948.00 0.234042 3.46
1949.00 0.234042 3.46
1950.00 0.234042 3.46
1951.00 0.234042 3.46
1952.00 0.234042 3.46
1953.00 0.234042 3.46
1954.00 0.234042 3.46
1955.00 0.234042 3.46
1956.00 0.234042 3.46
1957.00 0.234042 3.46
1958.00 0.234042 3.46
1959.00 0.234042 3.46
1960.00 0.234042 3.46
1961.00 0.234042 3.46
1962.00 0.234042 3.46
1963.00 0.234042 3.46
1964.00 0.234042 3.46
1965.00 0.234042 3.46
1966.00 0.234042 3.46
1967.00 0.234042 3.46
1968.00 0.234041 3.46
1969.00 0.234041 3.46
1970.00 0.234041 3.46
1971.00 0.234041 3.46
1972.00 0.234041 3.46
1973.00 0.234041 3.46
1974.00 0.234041 3.46
1975.00 0.234041 3.46
1976.00 0.234041 3.46
1977.00 0.234041 3.46
1978.00 0.234041 3.46
1979.00 0.234041 3.46
1980.00 0.234041 3.46
1981.00 0.234041 3.46
1982.00 0.234041 3.46
1983.00 0.234041 3.46
1984.00 0.234041 3.46
1985.00 0.234041 3.46
1986.00 0.234041 3.46
1987.00 0.234040 3.46
1988.00 0.234040 3.46
1989.00 0.234040 3.46
1990.00 0.234040 3.46
1991.00 0.234040 3.46
1992.00 0.234040 3.46
1993.00 0.234040 3.46
1994.00 0.234040 3.46
1995.00 0.234040 3.46
1996.00 0.234040 3.46
1997.00 0.234040 3.46
1998.00 0.234040 3.46
1999.00 0.234040 3.46
2000.00 0.234040 3.46
