0.00 0.265811 3.40
1.00 0.264923 3.40
2.00 0.264033 3.40
3.00 0.263142 3.40
4.00 0.262250 3.40
5.00 0.261356 3.40
6.00 0.260460 3.40
7.00 0.259563 3.40
8.00 0.258663 3.40
9.00 0.257761 3.40
10.00 0.256865 3.39
11.00 0.255978 3.38
12.00 0.255089 3.38
13.00 0.254197 3.38
14.00 0.253302 3.38
15.00 0.252402 3.38
16.00 0.251499 3.38
17.00 0.250659 3.34
18.00 0.249894 3.34
19.00 0.249133 3.34
20.00 0.248390 3.33
21.00 0.247653 3.33
22.00 0.246917 3.33
23.00 0.246181 3.32
24.00 0.245461 3.32
25.00 0.244763 3.30
26.00 0.244128 3.30
27.00 0.243495 3.30
28.00 0.242863 3.30
29.00 0.242259 3.27
30.00 0.241759 3.25
31.00 0.241295 3.25
32.00 0.240837 3.25
33.00 0.240388 3.24
34.00 0.239951 3.23
35.00 0.239521 3.23
36.00 0.239094 3.23
37.00 0.238668 3.23
38.00 0.238266 3.22
39.00 0.237896 3.21
40.00 0.237564 3.21
41.00 0.237235 3.21
42.00 0.236912 3.20
43.00 0.236593 3.20
44.00 0.236298 3.19
45.00 0.236009 3.19
46.00 0.235722 3.19
47.00 0.235436 3.19
48.00 0.235151 3.19
49.00 0.234888 3.18
50.00 0.234645 3.18
51.00 0.234403 3.18
52.00 0.234163 3.18
53.00 0.233923 3.18
54.00 0.233685 3.18
55.00 0.233447 3.18
56.00 0.233209 3.18
57.00 0.232971 3.18
58.00 0.232746 3.17
59.00 0.232541 3.17
60.00 0.232339 3.17
61.00 0.232138 3.17
62.00 0.231937 3.17
63.00 0.231737 3.17
64.00 0.231537 3.17
65.00 0.231347 3.15
66.00 0.231168 3.14
67.00 0.231000 3.14
68.00 0.230834 3.14
69.00 0.230668 3.14
70.00 0.230503 3.14
71.00 0.230356 3.13
72.00 0.230217 3.13
73.00 0.230080 3.13
74.00 0.229944 3.13
75.00 0.229810 3.13
76.00 0.229676 3.13
77.00 0.229543 3.13
78.00 0.229411 3.13
79.00 0.229279 3.13
80.00 0.229148 3.13
81.00 0.229017 3.13
82.00 0.228886 3.13
83.00 0.228756 3.13
84.00 0.228626 3.12
85.00 0.228512 3.11
86.00 0.228412 3.11
87.00 0.228315 3.11
88.00 0.228220 3.11
89.00 0.228125 3.11
90.00 0.228033 3.11
91.00 0.227941 3.11
92.00 0.227850 3.11
93.00 0.227762 3.10
94.00 0.227679 3.10
95.00 0.227600 3.09
96.00 0.227524 3.09
97.00 0.227456 3.08
98.00 0.227393 3.08
99.00 0.227333 3.08
100.00 0.227274 3.08
101.00 0.227217 3.08
102.00 0.227161 3.08
103.00 0.227106 3.08
104.00 0.227056 3.07
105.00 0.227010 3.07
106.00 0.226965 3.07
107.00 0.226921 3.07
108.00 0.226878 3.07
109.00 0.226837 3.07
110.00 0.226796 3.07
111.00 0.226756 3.07
112.00 0.226717 3.07
113.00 0.226678 3.07
114.00 0.226641 3.07
115.00 0.226604 3.07
116.00 0.226567 3.07
117.00 0.226532 3.07
118.00 0.226497 3.07
119.00 0.226462 3.07
120.00 0.226428 3.07
121.00 0.226395 3.07
122.00 0.226362 3.07
123.00 0.226329 3.07
124.00 0.226297 3.07
125.00 0.226266 3.07
126.00 0.226234 3.07
127.00 0.226204 3.07
128.00 0.226173 3.07
129.00 0.226143 3.07
130.00 0.226114 3.07
131.00 0.226084 3.07
132.00 0.226055 3.07
133.00 0.226027 3.06
134.00 0.226002 3.06
135.00 0.225977 3.06
136.00 0.225952 3.06
137.00 0.225928 3.06
138.00 0.225905 3.06
139.00 0.225881 3.06
140.00 0.225858 3.06
141.00 0.225835 3.06
142.00 0.225812 3.06
143.00 0.225790 3.06
144.00 0.225768 3.06
145.00 0.225746 3.06
146.00 0.225724 3.06
147.00 0.225703 3.06
148.00 0.225682 3.06
149.00 0.225661 3.06
150.00 0.225640 3.06
151.00 0.225620 3.06
152.00 0.225600 3.06
153.00 0.225580 3.06
154.00 0.225560 3.06
155.00 0.225540 3.06
156.00 0.225521 3.06
157.00 0.225502 3.06
158.00 0.225483 3.06
159.00 0.225464 3.06
160.00 0.225445 3.06
161.00 0.225427 3.06
162.00 0.225409 3.06
163.00 0.225391 3.06
164.00 0.225373 3.06
165.00 0.225355 3.06
166.00 0.225337 3.06
167.00 0.225320 3.06
168.00 0.225303 3.06
169.00 0.225287 3.05
170.00 0.225276 3.05
171.00 0.225266 3.05
172.00 0.225256 3.05
173.00 0.225247 3.05
174.00 0.225237 3.05
175.00 0.225229 3.05
176.00 0.225220 3.05
177.00 0.225212 3.05
178.00 0.225203 3.05
179.00 0.225195 3.05
180.00 0.225187 3.05
181.00 0.225180 3.05
182.00 0.225172 3.05
183.00 0.225165 3.05
184.00 0.225158 3.05
185.00 0.225151 3.05
186.00 0.225144 3.05
187.00 0.225137 3.05
188.00 0.225131 3.05
189.00 0.225124 3.05
190.00 0.225118 3.05
191.00 0.225112 3.05
192.00 0.225106 3.05
193.00 0.225100 3.05
194.00 0.225094 3.05
195.00 0.225089 3.05
196.00 0.225083 3.05
197.00 0.225078 3.05
198.00 0.225072 3.05
199.00 0.225067 3.05
200.00 0.225062 3.05
201.00 0.225057 3.05
202.00 0.225052 3.05
203.00 0.225047 3.05
204.00 0.225043 3.05
205.00 0.225038 3.05
206.00 0.225034 3.05
207.00 0.225029 3.05
208.00 0.225025 3.05
209.00 0.225021 3.05
210.00 0.225017 3.05
211.00 0.225012 3.05
212.00 0.225008 3.05
213.00 0.225005 3.05
214.00 0.225001 3.05
215.00 0.224997 3.05
216.00 0.224993 3.05
217.00 0.224990 3.05
218.00 0.224986 3.05
219.00 0.224983 3.05
220.00 0.224979 3.05
221.00 0.224976 3.05
222.00 0.224973 3.05
223.00 0.224969 3.05
224.00 0.224966 3.05
225.00 0.224963 3.05
226.00 0.224960 3.05
227.00 0.224957 3.05
228.00 0.224954 3.05
229.00 0.224951 3.05
230.00 0.224948 3.05
231.00 0.224946 3.05
232.00 0.224943 3.05
233.00 0.224940 3.05
234.00 0.224938 3.05
235.00 0.224935 3.05
236.00 0.224933 3.05
237.00 0.224930 3.05
238.00 0.224928 3.05
239.00 0.224925 3.05
240.00 0.224923 3.05
241.00 0.224921 3.05
242.00 0.224918 3.05
243.00 0.224916 3.05
244.00 0.224914 3.05
245.00 0.224912 3.05
246.00 0.224910 3.05
247.00 0.224908 3.05
248.00 0.224906 3.05
249.00 0.224904 3.05
250.00 0.224902 3.05
251.00 0.224900 3.05
252.00 0.224898 3.05
253.00 0.224896 3.05
254.00 0.224894 3.05
255.00 0.224892 3.05
256.00 0.224890 3.05
257.00 0.224889 3.05
258.00 0.224887 3.05
259.00 0.224885 3.05
260.00 0.224884 3.05
261.00 0.224882 3.05
262.00 0.224880 3.05
263.00 0.224879 3.05
264.00 0.224877 3.05
265.00 0.224876 3.05
266.00 0.224874 3.05
267.00 0.224873 3.05
268.00 0.224871 3.05
269.00 0.224870 3.05
270.00 0.224868 3.05
271.00 0.224867 3.05
272.00 0.224865 3.05
273.00 0.224864 3.05
274.00 0.224863 3.05
275.00 0.224861 3.05
276.00 0.224860 3.05
277.00 0.224859 3.05
278.00 0.224858 3.05
279.00 0.224856 3.05
280.00 0.224855 3.05
281.00 0.224854 3.05
282.00 0.224853 3.05
283.00 0.224852 3.05
284.00 0.224850 3.05
285.00 0.224849 3.05
286.00 0.224848 3.05
287.00 0.224847 3.05
288.00 0.224846 3.05
289.00 0.224845 3.05
290.00 0.224844 3.05
291.00 0.224843 3.05
292.00 0.224842 3.05
293.00 0.224841 3.05
294.00 0.224840 3.05
295.00 0.224839 3.05
296.00 0.224838 3.05
297.00 0.224837 3.05
298.00 0.224836 3.05
299.00 0.224835 3.05
300.00 0.224834 3.05
301.00 0.224833 3.05
302.00 0.224832 3.05
303.00 0.224831 3.05
304.00 0.224830 3.05
305.00 0.224830 3.05
306.00 0.224829 3.05
307.00 0.224828 3.05
308.00 0.224827 3.05
309.00 0.224826 3.05
310.00 0.224825 3.05
311.00 0.224825 3.05
312.00 0.224824 3.05
313.00 0.224823 3.05
314.00 0.224822 3.05
315.00 0.224821 3.05
316.00 0.224821 3.05
317.00 0.224820 3.05
318.00 0.224819 3.05
319.00 0.224818 3.05
320.00 0.224818 3.05
321.00 0.224817 3.05
322.00 0.224816 3.05
323.00 0.224816 3.05
324.00 0.224815 3.05
325.00 0.224814 3.05
326.00 0.224813 3.05
327.00 0.224813 3.05
328.00 0.224812 3.05
329.00 0.224811 3.05
330.00 0.224811 3.05
331.00 0.224810 3.05
332.00 0.224810 3.05
333.00 0.224809 3.05
334.00 0.224808 3.05
335.00 0.224808 3.05
336.00 0.224807 3.05
337.00 0.224806 3.05
338.00 0.224806 3.05
339.00 0.224805 3.05
340.00 0.224805 3.05
341.00 0.224804 3.05
342.00 0.224803 3.05
343.00 0.224803 3.05
344.00 0.224802 3.05
345.00 0.224802 3.05
346.00 0.224801 3.05
347.00 0.224801 3.05
348.00 0.224800 3.05
349.00 0.224800 3.05
350.00 0.224799 3.05
351.00 0.224798 3.05
352.00 0.224798 3.05
353.00 0.224797 3.05
354.00 0.224797 3.05
355.00 0.224796 3.05
356.00 0.224796 3.05
357.00 0.224795 3.05
358.00 0.224795 3.05
359.00 0.224794 3.05
360.00 0.224794 3.05
361.00 0.224793 3.05
362.00 0.224793 3.05
363.00 0.224792 3.05
364.00 0.224792 3.05
365.00 0.224791 3.05
366.00 0.224791 3.05
367.00 0.224790 3.05
368.00 0.224790 3.05
369.00 0.224789 3.05
370.00 0.224789 3.05
371.00 0.224789 3.05
372.00 0.224788 3.05
373.00 0.224788 3.05
374.00 0.224787 3.05
375.00 0.224787 3.05
376.00 0.224786 3.05
377.00 0.224786 3.05
378.00 0.224785 3.05
379.00 0.224785 3.05
380.00 0.224784 3.05
381.00 0.224784 3.05
382.00 0.224784 3.05
383.00 0.224783 3.05
384.00 0.224783 3.05
385.00 0.224782 3.05
386.00 0.224782 3.05
387.00 0.224781 3.05
388.00 0.224781 3.05
389.00 0.224781 3.05
390.00 0.224780 3.05
391.00 0.224780 3.05
392.00 0.224779 3.05
393.00 0.224779 3.05
394.00 0.224779 3.05
395.00 0.224778 3.05
396.00 0.224778 3.05
397.00 0.224777 3.05
398.00 0.224777 3.05
399.00 0.224776 3.05
400.00 0.224776 3.05
401.00 0.224776 3.05
402.00 0.224775 3.05
403.00 0.224775 3.05
404.00 0.224774 3.05
405.00 0.224774 3.05
406.00 0.224774 3.05
407.00 0.224773 3.05
408.00 0.224773 3.05
409.00 0.224772 3.05
410.00 0.224772 3.05
411.00 0.224772 3.05
412.00 0.224771 3.05
413.00 0.224771 3.05
414.00 0.224771 3.05
415.00 0.224770 3.05
416.00 0.224770 3.05
417.00 0.224769 3.05
418.00 0.224769 3.05
419.00 0.224769 3.05
420.00 0.224768 3.05
421.00 0.224768 3.05
422.00 0.224767 3.05
423.00 0.224767 3.05
424.00 0.224767 3.05
425.00 0.224766 3.05
426.00 0.224766 3.05
427.00 0.224766 3.05
428.00 0.224765 3.05
429.00 0.224765 3.05
430.00 0.224764 3.05
431.00 0.224764 3.05
432.00 0.224764 3.05
433.00 0.224763 3.05
434.00 0.224763 3.05
435.00 0.224763 3.05
436.00 0.224762 3.05
437.00 0.224762 3.05
438.00 0.224761 3.05
439.00 0.224761 3.05
440.00 0.224761 3.05
441.00 0.224760 3.05
442.00 0.224760 3.05
443.00 0.224760 3.05
444.00 0.224759 3.05
445.00 0.224759 3.05
446.00 0.224758 3.05
447.00 0.224758 3.05
448.00 0.224758 3.05
449.00 0.224757 3.05
450.00 0.224757 3.05
451.00 0.224757 3.05
452.00 0.224756 3.05
453.00 0.224756 3.05
454.00 0.224755 3.05
455.00 0.224755 3.05
456.00 0.224755 3.05
457.00 0.224754 3.05
458.00 0.224754 3.05
459.00 0.224754 3.05
460.00 0.224753 3.05
461.00 0.224753 3.05
462.00 0.224752 3.05
463.00 0.224752 3.05
464.00 0.224752 3.05
465.00 0.224751 3.05
466.00 0.224751 3.05
467.00 0.224750 3.05
468.00 0.224750 3.05
469.00 0.224750 3.05
470.00 0.224749 3.05
471.00 0.224749 3.05
472.00 0.224749 3.05
473.00 0.224748 3.05
474.00 0.224748 3.05
475.00 0.224747 3.05
476.00 0.224747 3.05
477.00 0.224747 3.05
478.00 0.224746 3.05
479.00 0.224746 3.05
480.00 0.224745 3.05
481.00 0.224745 3.05
482.00 0.224745 3.05
483.00 0.224744 3.05
484.00 0.224744 3.05
485.00 0.224743 3.05
486.00 0.224743 3.05
487.00 0.224743 3.05
488.00 0.224742 3.05
489.00 0.224742 3.05
490.00 0.224741 3.05
491.00 0.224741 3.05
492.00 0.224741 3.05
493.00 0.224740 3.05
494.00 0.224740 3.05
495.00 0.224739 3.05
496.00 0.224739 3.05
497.00 0.224738 3.05
498.00 0.224738 3.05
499.00 0.224738 3.05
500.00 0.224737 3.05
501.00 0.224737 3.05
502.00 0.224736 3.05
503.00 0.224736 3.05
504.00 0.224736 3.05
505.00 0.224735 3.05
506.00 0.224735 3.05
507.00 0.224734 3.05
508.00 0.224734 3.05
509.00 0.224733 3.05
510.00 0.224733 3.05
511.00 0.224732 3.05
512.00 0.224732 3.05
513.00 0.224732 3.05
514.00 0.224731 3.05
515.00 0.224731 3.05
516.00 0.224730 3.05
517.00 0.224730 3.05
518.00 0.224729 3.05
519.00 0.224729 3.05
520.00 0.224728 3.05
521.00 0.224728 3.05
522.00 0.224727 3.05
523.00 0.224727 3.05
524.00 0.224727 3.05
525.00 0.224726 3.05
526.00 0.224726 3.05
527.00 0.224725 3.05
528.00 0.224725 3.05
529.00 0.224724 3.05
530.00 0.224724 3.05
531.00 0.224723 3.05
532.00 0.224723 3.05
533.00 0.224722 3.05
534.00 0.224722 3.05
535.00 0.224721 3.05
536.00 0.224721 3.05
537.00 0.224720 3.05
538.00 0.224720 3.05
539.00 0.224719 3.05
540.00 0.224719 3.05
541.00 0.224718 3.05
542.00 0.224718 3.05
543.00 0.224717 3.05
544.00 0.224717 3.05
545.00 0.224716 3.05
546.00 0.224715 3.05
547.00 0.224715 3.05
548.00 0.224714 3.05
549.00 0.224714 3.05
550.00 0.224713 3.05
551.00 0.224713 3.05
552.00 0.224712 3.05
553.00 0.224712 3.05
554.00 0.224711 3.05
555.00 0.224711 3.05
556.00 0.224710 3.05
557.00 0.224709 3.05
558.00 0.224709 3.05
559.00 0.224708 3.05
560.00 0.224708 3.05
561.00 0.224707 3.05
562.00 0.224706 3.05
563.00 0.224706 3.05
564.00 0.224705 3.05
565.00 0.224705 3.05
566.00 0.224704 3.05
567.00 0.224703 3.05
568.00 0.224703 3.05
569.00 0.224702 3.05
570.00 0.224702 3.05
571.00 0.224701 3.05
572.00 0.224700 3.05
573.00 0.224700 3.05
574.00 0.224699 3.05
575.00 0.224698 3.05
576.00 0.224698 3.05
577.00 0.224697 3.05
578.00 0.224696 3.05
579.00 0.224696 3.05
580.00 0.224695 3.05
581.00 0.224694 3.05
582.00 0.224694 3.05
583.00 0.224693 3.05
584.00 0.224692 3.05
585.00 0.224692 3.05
586.00 0.224691 3.05
587.00 0.224690 3.05
588.00 0.224690 3.05
589.00 0.224689 3.05
590.00 0.224688 3.05
591.00 0.224687 3.05
592.00 0.224687 3.05
593.00 0.224686 3.05
594.00 0.224685 3.05
595.00 0.224684 3.05
596.00 0.224684 3.05
597.00 0.224683 3.05
598.00 0.224682 3.05
599.00 0.224681 3.05
600.00 0.224681 3.05
601.00 0.224680 3.05
602.00 0.224679 3.05
603.00 0.224678 3.05
604.00 0.224677 3.05
605.00 0.224677 3.05
606.00 0.224676 3.05
607.00 0.224675 3.05
608.00 0.224674 3.05
609.00 0.224673 3.05
610.00 0.224673 3.05
611.00 0.224672 3.05
612.00 0.224671 3.05
613.00 0.224670 3.05
614.00 0.224669 3.05
615.00 0.224668 3.05
616.00 0.224667 3.05
617.00 0.224666 3.05
618.00 0.224666 3.05
619.00 0.224665 3.05
620.00 0.224664 3.05
621.00 0.224663 3.05
622.00 0.224662 3.05
623.00 0.224661 3.05
624.00 0.224660 3.05
625.00 0.224659 3.05
626.00 0.224658 3.05
627.00 0.224657 3.05
628.00 0.224656 3.05
629.00 0.224655 3.05
630.00 0.224654 3.05
631.00 0.224653 3.05
632.00 0.224652 3.05
633.00 0.224651 3.05
634.00 0.224650 3.05
635.00 0.224649 3.05
636.00 0.224648 3.05
637.00 0.224647 3.05
638.00 0.224646 3.05
639.00 0.224645 3.05
640.00 0.224644 3.05
641.00 0.224643 3.05
642.00 0.224642 3.05
643.00 0.224641 3.05
644.00 0.224639 3.05
645.00 0.224638 3.05
646.00 0.224637 3.05
647.00 0.224636 3.05
648.00 0.224635 3.05
649.00 0.224634 3.05
650.00 0.224633 3.05
651.00 0.224631 3.05
652.00 0.224630 3.05
653.00 0.224629 3.05
654.00 0.224628 3.05
655.00 0.224627 3.05
656.00 0.224625 3.05
657.00 0.224624 3.05
658.00 0.224623 3.05
659.00 0.224622 3.05
660.00 0.224620 3.05
661.00 0.224619 3.05
662.00 0.224618 3.05
663.00 0.224616 3.05
664.00 0.224615 3.05
665.00 0.224614 3.05
666.00 0.224612 3.05
667.00 0.224611 3.05
668.00 0.224610 3.05
669.00 0.224608 3.05
670.00 0.224607 3.05
671.00 0.224605 3.05
672.00 0.224604 3.05
673.00 0.224603 3.05
674.00 0.224601 3.05
675.00 0.224600 3.05
676.00 0.224598 3.05
677.00 0.224597 3.05
678.00 0.224595 3.05
679.00 0.224594 3.04
680.00 0.224594 3.04
681.00 0.224594 3.04
682.00 0.224594 3.04
683.00 0.224594 3.04
684.00 0.224594 3.04
685.00 0.224594 3.04
686.00 0.224594 3.04
687.00 0.224594 3.04
688.00 0.224594 3.04
689.00 0.224594 3.04
690.00 0.224594 3.04
691.00 0.224594 3.04
692.00 0.224594 3.04
693.00 0.224594 3.04
694.00 0.224594 3.04
695.00 0.224594 3.04
696.00 0.224594 3.04
697.00 0.224594 3.04
698.00 0.224594 3.04
699.00 0.224594 3.04
700.00 0.224594 3.04
701.00 0.224594 3.04
702.00 0.224594 3.04
703.00 0.224594 3.04
704.00 0.224594 3.04
705.00 0.224594 3.04
706.00 0.224594 3.04
707.00 0.224594 3.04
708.00 0.224594 3.04
709.00 0.224594 3.04
710.00 0.224594 3.04
711.00 0.224594 3.04
712.00 0.224593 3.04
713.00 0.224593 3.04
714.00 0.224593 3.04
715.00 0.224593 3.04
716.00 0.224593 3.04
717.00 0.224593 3.04
718.00 0.224593 3.04
719.00 0.224593 3.04
720.00 0.224593 3.04
721.00 0.224593 3.04
722.00 0.224593 3.04
723.00 0.224593 3.04
724.00 0.224593 3.04
725.00 0.224593 3.04
726.00 0.224593 3.04
727.00 0.224593 3.04
728.00 0.224593 3.04
729.00 0.224593 3.04
730.00 0.224593 3.04
731.00 0.224593 3.04
732.00 0.224593 3.04
733.00 0.224593 3.04
734.00 0.224593 3.04
735.00 0.224593 3.04
736.00 0.224593 3.04
737.00 0.224593 3.04
738.00 0.224593 3.04
739.00 0.224593 3.04
740.00 0.224593 3.04
741.00 0.224593 3.04
742.00 0.224593 3.04
743.00 0.224593 3.04
744.00 0.224593 3.04
745.00 0.224593 3.04
746.00 0.224593 3.04
747.00 0.224593 3.04
748.00 0.224593 3.04
749.00 0.224593 3.04
750.00 0.224593 3.04
751.00 0.224593 3.04
752.00 0.224593 3.04
753.00 0.224593 3.04
754.00 0.224593 3.04
755.00 0.224593 3.04
756.00 0.224593 3.04
757.00 0.224593 3.04
758.00 0.224593 3.04
759.00 0.224593 3.04
760.00 0.224593 3.04
761.00 0.224593 3.04
762.00 0.224593 3.04
763.00 0.224593 3.04
764.00 0.224593 3.04
765.00 0.224593 3.04
766.00 0.224593 3.04
767.00 0.224593 3.04
768.00 0.224593 3.04
769.00 0.224593 3.04
770.00 0.224593 3.04
771.00 0.224593 3.04
772.00 0.224593 3.04
773.00 0.224593 3.04
774.00 0.224593 3.04
775.00 0.224593 3.04
776.00 0.224593 3.04
777.00 0.224593 3.04
778.00 0.224593 3.04
779.00 0.224593 3.04
780.00 0.224593 3.04
781.00 0.224593 3.04
782.00 0.224593 3.04
783.00 0.224593 3.04
784.00 0.224593 3.04
785.00 0.224593 3.04
786.00 0.224593 3.04
787.00 0.224593 3.04
788.00 0.224593 3.04
789.00 0.224593 3.04
790.00 0.224593 3.04
791.00 0.224593 3.04
792.00 0.224593 3.04
793.00 0.224593 3.04
794.00 0.224593 3.04
795.00 0.224593 3.04
796.00 0.224593 3.04
797.00 0.224593 3.04
798.00 0.224593 3.04
799.00 0.224593 3.04
800.00 0.224593 3.04
801.00 0.224593 3.04
802.00 0.224593 3.04
803.00 0.224593 3.04
804.00 0.224593 3.04
805.00 0.224593 3.04
806.00 0.224593 3.04
807.00 0.224593 3.04
808.00 0.224592 3.04
809.00 0.224592 3.04
810.00 0.224592 3.04
811.00 0.224592 3.04
812.00 0.224592 3.04
813.00 0.224592 3.04
814.00 0.224592 3.04
815.00 0.224592 3.04
816.00 0.224592 3.04
817.00 0.224592 3.04
818.00 0.224592 3.04
819.00 0.224592 3.04
820.00 0.224592 3.04
821.00 0.224592 3.04
822.00 0.224592 3.04
823.00 0.224592 3.04
824.00 0.224592 3.04
825.00 0.224592 3.04
826.00 0.224592 3.04
827.00 0.224592 3.04
828.00 0.224592 3.04
829.00 0.224592 3.04
830.00 0.224592 3.04
831.00 0.224592 3.04
832.00 0.224592 3.04
833.00 0.224592 3.04
834.00 0.224592 3.04
835.00 0.224592 3.04
836.00 0.224592 3.04
837.00 0.224592 3.04
838.00 0.224592 3.04
839.00 0.224592 3.04
840.00 0.224592 3.04
841.00 0.224592 3.04
842.00 0.224592 3.04
843.00 0.224592 3.04
844.00 0.224592 3.04
845.00 0.224592 3.04
846.00 0.224592 3.04
847.00 0.224592 3.04
848.00 0.224592 3.04
849.00 0.224592 3.04
850.00 0.224592 3.04
851.00 0.224592 3.04
852.00 0.224592 3.04
853.00 0.224592 3.04
854.00 0.224592 3.04
855.00 0.224592 3.04
856.00 0.224592 3.04
857.00 0.224592 3.04
858.00 0.224592 3.04
859.00 0.224592 3.04
860.00 0.224592 3.04
861.00 0.224592 3.04
862.00 0.224592 3.04
863.00 0.224592 3.04
864.00 0.224592 3.04
865.00 0.224592 3.04
866.00 0.224592 3.04
867.00 0.224592 3.04
868.00 0.224592 3.04
869.00 0.224592 3.04
870.00 0.224592 3.04
871.00 0.224592 3.04
872.00 0.224592 3.04
873.00 0.224592 3.04
874.00 0.224592 3.04
875.00 0.224592 3.04
876.00 0.224592 3.04
877.00 0.224592 3.04
878.00 0.224592 3.04
879.00 0.224592 3.04
880.00 0.224592 3.04
881.00 0.224592 3.04
882.00 0.224592 3.04
883.00 0.224592 3.04
884.00 0.224592 3.04
885.00 0.224592 3.04
886.00 0.224592 3.04
887.00 0.224592 3.04
888.00 0.224592 3.04
889.00 0.224592 3.04
890.00 0.224592 3.04
891.00 0.224592 3.04
892.00 0.224592 3.04
893.00 0.224592 3.04
894.00 0.224592 3.04
895.00 0.224592 3.04
896.00 0.224592 3.04
897.00 0.224592 3.04
898.00 0.224592 3.04
899.00 0.224592 3.04
900.00 0.224592 3.04
901.00 0.224592 3.04
902.00 0.224592 3.04
903.00 0.224592 3.04
904.00 0.224592 3.04
905.00 0.224592 3.04
906.00 0.224592 3.04
907.00 0.224592 3.04
908.00 0.224592 3.04
909.00 0.224592 3.04
910.00 0.224592 3.04
911.00 0.224592 3.04
912.00 0.224592 3.04
913.00 0.224592 3.04
914.00 0.224592 3.04
915.00 0.224592 3.04
916.00 0.224592 3.04
917.00 0.224592 3.04
918.00 0.224592 3.04
919.00 0.224592 3.04
920.00 0.224592 3.04
921.00 0.224592 3.04
922.00 0.224592 3.04
923.00 0.224592 3.04
924.00 0.224592 3.04
925.00 0.224592 3.04
926.00 0.224592 3.04
927.00 0.224592 3.04
928.00 0.224592 3.04
929.00 0.224592 3.04
930.00 0.224592 3.04
931.00 0.224592 3.04
932.00 0.224592 3.04
933.00 0.224592 3.04
934.00 0.224592 3.04
935.00 0.224592 3.04
936.00 0.224592 3.04
937.00 0.224592 3.04
938.00 0.224592 3.04
939.00 0.224592 3.04
940.00 0.224592 3.04
941.00 0.224592 3.04
942.00 0.224592 3.04
943.00 0.224592 3.04
944.00 0.224592 3.04
945.00 0.224592 3.04
946.00 0.224592 3.04
947.00 0.224592 3.04
948.00 0.224592 3.04
949.00 0.224592 3.04
950.00 0.224592 3.04
951.00 0.224592 3.04
952.00 0.224592 3.04
953.00 0.224592 3.04
954.00 0.224592 3.04
955.00 0.224592 3.04
956.00 0.224592 3.04
957.00 0.224592 3.04
958.00 0.224592 3.04
959.00 0.224592 3.04
960.00 0.224592 3.04
961.00 0.224592 3.04
962.00 0.224592 3.04
963.00 0.224592 3.04
964.00 0.224592 3.04
965.00 0.224592 3.04
966.00 0.224592 3.04
967.00 0.224592 3.04
968.00 0.224592 3.04
969.00 0.224592 3.04
970.00 0.224592 3.04
971.00 0.224592 3.04
972.00 0.224592 3.04
973.00 0.224592 3.04
974.00 0.224592 3.04
975.00 0.224592 3.04
976.00 0.224592 3.04
977.00 0.224592 3.04
978.00 0.224592 3.04
979.00 0.224592 3.04
980.00 0.224592 3.04
981.00 0.224592 3.04
982.00 0.224592 3.04
983.00 0.224592 3.04
984.00 0.224592 3.04
985.00 0.224592 3.04
986.00 0.224592 3.04
987.00 0.224592 3.04
988.00 0.224592 3.04
989.00 0.224592 3.04
990.00 0.224592 3.04
991.00 0.224592 3.04
992.00 0.224592 3.04
993.00 0.224592 3.04
994.00 0.224592 3.04
995.00 0.224592 3.04
996.00 0.224592 3.04
997.00 0.224592 3.04
998.00 0.224592 3.04
999.00 0.224592 3.04
1000.00 0.224592 3.04
1001.00 0.224592 3.04
1002.00 0.224592 3.04
1003.00 0.224592 3.04
1004.00 0.224592 3.04
1005.00 0.224592 3.04
1006.00 0.224592 3.04
1007.00 0.224592 3.04
1008.00 0.224592 3.04
1009.00 0.224592 3.04
1010.00 0.224592 3.04
1011.00 0.224592 3.04
1012.00 0.224592 3.04
1013.00 0.224592 3.04
1014.00 0.224592 3.04
1015.00 0.224592 3.04
1016.00 0.224592 3.04
1017.00 0.224592 3.04
1018.00 0.224592 3.04
1019.00 0.224592 3.04
1020.00 0.224592 3.04
1021.00 0.224592 3.04
1022.00 0.224592 3.04
1023.00 0.224592 3.04
1024.00 0.224592 3.04
1025.00 0.224592 3.04
1026.00 0.224592 3.04
1027.00 0.224592 3.04
1028.00 0.224592 3.04
1029.00 0.224592 3.04
1030.00 0.224592 3.04
1031.00 0.224592 3.04
1032.00 0.224592 3.04
1033.00 0.224592 3.04
1034.00 0.224592 3.04
1035.00 0.224592 3.04
1036.00 0.224592 3.04
1037.00 0.224592 3.04
1038.00 0.224592 3.04
1039.00 0.224592 3.04
1040.00 0.224592 3.04
1041.00 0.224592 3.04
1042.00 0.224592 3.04
1043.00 0.224592 3.04
1044.00 0.224592 3.04
1045.00 0.224592 3.04
1046.00 0.224592 3.04
1047.00 0.224592 3.04
1048.00 0.224592 3.04
1049.00 0.224592 3.04
1050.00 0.224592 3.04
1051.00 0.224592 3.04
1052.00 0.224592 3.04
1053.00 0.224592 3.04
1054.00 0.224592 3.04
1055.00 0.224592 3.04
1056.00 0.224592 3.04
1057.00 0.224592 3.04
1058.00 0.224592 3.04
1059.00 0.224592 3.04
1060.00 0.224592 3.04
1061.00 0.224592 3.04
1062.00 0.224592 3.04
1063.00 0.224592 3.04
1064.00 0.224592 3.04
1065.00 0.224592 3.04
1066.00 0.224592 3.04
1067.00 0.224592 3.04
1068.00 0.224592 3.04
1069.00 0.224592 3.04
1070.00 0.224592 3.04
1071.00 0.224592 3.04
1072.00 0.224592 3.04
1073.00 0.224592 3.04
1074.00 0.224592 3.04
1075.00 0.224592 3.04
1076.00 0.224592 3.04
1077.00 0.224592 3.04
1078.00 0.224592 3.04
1079.00 0.224592 3.04
1080.00 0.224592 3.04
1081.00 0.224592 3.04
1082.00 0.224592 3.04
1083.00 0.224592 3.04
1084.00 0.224592 3.04
1085.00 0.224592 3.04
1086.00 0.224592 3.04
1087.00 0.224592 3.04
1088.00 0.224592 3.04
1089.00 0.224592 3.04
1090.00 0.224592 3.04
1091.00 0.224592 3.04
1092.00 0.224592 3.04
1093.00 0.224592 3.04
1094.00 0.224592 3.04
1095.00 0.224592 3.04
1096.00 0.224592 3.04
1097.00 0.224592 3.04
1098.00 0.224592 3.04
1099.00 0.224592 3.04
1100.00 0.224592 3.04
1101.00 0.224592 3.04
1102.00 0.224592 3.04
1103.00 0.224592 3.04
1104.00 0.224592 3.04
1105.00 0.224592 3.04
1106.00 0.224592 3.04
1107.00 0.224592 3.04
1108.00 0.224592 3.04
1109.00 0.224592 3.04
1110.00 0.224592 3.04
1111.00 0.224592 3.04
1112.00 0.224592 3.04
1113.00 0.224592 3.04
1114.00 0.224592 3.04
1115.00 0.224592 3.04
1116.00 0.224592 3.04
1117.00 0.224592 3.04
1118.00 0.224592 3.04
1119.00 0.224592 3.04
1120.00 0.224592 3.04
1121.00 0.224592 3.04
1122.00 0.224592 3.04
1123.00 0.224592 3.04
1124.00 0.224592 3.04
1125.00 0.224592 3.04
1126.00 0.224592 3.04
1127.00 0.224592 3.04
1128.00 0.224592 3.04
1129.00 0.224592 3.04
1130.00 0.224592 3.04
1131.00 0.224592 3.04
1132.00 0.224592 3.04
1133.00 0.224592 3.04
1134.00 0.224592 3.04
1135.00 0.224592 3.04
1136.00 0.224592 3.04
1137.00 0.224592 3.04
1138.00 0.224592 3.04
1139.00 0.224592 3.04
1140.00 0.224592 3.04
1141.00 0.224592 3.04
1142.00 0.224592 3.04
1143.00 0.224592 3.04
1144.00 0.224592 3.04
1145.00 0.224592 3.04
1146.00 0.224592 3.04
1147.00 0.224592 3.04
1148.00 0.224592 3.04
1149.00 0.224592 3.04
1150.00 0.224592 3.04
1151.00 0.224592 3.04
1152.00 0.224592 3.04
1153.00 0.224592 3.04
1154.00 0.224592 3.04
1155.00 0.224592 3.04
1156.00 0.224592 3.04
1157.00 0.224592 3.04
1158.00 0.224592 3.04
1159.00 0.224592 3.04
1160.00 0.224592 3.04
1161.00 0.224592 3.04
1162.00 0.224592 3.04
1163.00 0.224592 3.04
1164.00 0.224592 3.04
1165.00 0.224592 3.04
1166.00 0.224592 3.04
1167.00 0.224592 3.04
1168.00 0.224592 3.04
1169.00 0.224592 3.04
1170.00 0.224592 3.04
1171.00 0.224592 3.04
1172.00 0.224592 3.04
1173.00 0.224592 3.04
1174.00 0.224592 3.04
1175.00 0.224592 3.04
1176.00 0.224592 3.04
1177.00 0.224592 3.04
1178.00 0.224592 3.04
1179.00 0.224592 3.04
1180.00 0.224592 3.04
1181.00 0.224592 3.04
1182.00 0.224592 3.04
1183.00 0.224592 3.04
1184.00 0.224592 3.04
1185.00 0.224592 3.04
1186.00 0.224592 3.04
1187.00 0.224592 3.04
1188.00 0.224592 3.04
1189.00 0.224592 3.04
1190.00 0.224592 3.04
1191.00 0.224592 3.04
1192.00 0.224592 3.04
1193.00 0.224592 3.04
1194.00 0.224592 3.04
1195.00 0.224592 3.04
1196.00 0.224592 3.04
1197.00 0.224592 3.04
1198.00 0.224592 3.04
1199.00 0.224592 3.04
1200.00 0.224592 3.04
1201.00 0.224592 3.04
1202.00 0.224592 3.04
1203.00 0.224592 3.04
1204.00 0.224592 3.04
1205.00 0.224592 3.04
1206.00 0.224592 3.04
1207.00 0.224592 3.04
1208.00 0.224592 3.04
1209.00 0.224592 3.04
1210.00 0.224592 3.04
1211.00 0.224592 3.04
1212.00 0.224592 3.04
1213.00 0.224592 3.04
1214.00 0.224592 3.04
1215.00 0.224592 3.04
1216.00 0.224592 3.04
1217.00 0.224592 3.04
1218.00 0.224592 3.04
1219.00 0.224592 3.04
1220.00 0.224592 3.04
1221.00 0.224592 3.04
1222.00 0.224592 3.04
1223.00 0.224592 3.04
1224.00 0.224592 3.04
1225.00 0.224592 3.04
1226.00 0.224592 3.04
1227.00 0.224592 3.04
1228.00 0.224592 3.04
1229.00 0.224592 3.04
1230.00 0.224592 3.04
1231.00 0.224592 3.04
1232.00 0.224592 3.04
1233.00 0.224592 3.04
1234.00 0.224592 3.04
1235.00 0.224592 3.04
1236.00 0.224592 3.04
1237.00 0.224592 3.04
1238.00 0.224592 3.04
1239.00 0.224592 3.04
1240.00 0.224592 3.04
1241.00 0.224592 3.04
1242.00 0.224592 3.04
1243.00 0.224592 3.04
1244.00 0.224592 3.04
1245.00 0.224592 3.04
1246.00 0.224592 3.04
1247.00 0.224592 3.04
1248.00 0.224592 3.04
1249.00 0.224592 3.04
1250.00 0.224592 3.04
1251.00 0.224592 3.04
1252.00 0.224592 3.04
1253.00 0.224592 3.04
1254.00 0.224592 3.04
1255.00 0.224592 3.04
1256.00 0.224592 3.04
1257.00 0.224592 3.04
1258.00 0.224592 3.04
1259.00 0.224592 3.04
1260.00 0.224592 3.04
1261.00 0.224592 3.04
1262.00 0.224592 3.04
1263.00 0.224592 3.04
1264.00 0.224592 3.04
1265.00 0.224592 3.04
1266.00 0.224592 3.04
1267.00 0.224592 3.04
1268.00 0.224592 3.04
1269.00 0.224592 3.04
1270.00 0.224592 3.04
1271.00 0.224592 3.04
1272.00 0.224592 3.04
1273.00 0.224592 3.04
1274.00 0.224592 3.04
1275.00 0.224592 3.04
1276.00 0.224592 3.04
1277.00 0.224592 3.04
1278.00 0.224592 3.04
1279.00 0.224592 3.04
1280.00 0.224592 3.04
1281.00 0.224592 3.04
1282.00 0.224592 3.04
1283.00 0.224592 3.04
1284.00 0.224592 3.04
1285.00 0.224592 3.04
1286.00 0.224592 3.04
1287.00 0.224592 3.04
1288.00 0.224592 3.04
1289.00 0.224592 3.04
1290.00 0.224592 3.04
1291.00 0.224592 3.04
1292.00 0.224592 3.04
1293.00 0.224592 3.04
1294.00 0.224592 3.04
1295.00 0.224592 3.04
1296.00 0.224592 3.04
1297.00 0.224592 3.04
1298.00 0.224592 3.04
1299.00 0.224592 3.04
1300.00 0.224592 3.04
1301.00 0.224592 3.04
1302.00 0.224592 3.04
1303.00 0.224592 3.04
1304.00 0.224592 3.04
1305.00 0.224592 3.04
1306.00 0.224592 3.04
1307.00 0.224592 3.04
1308.00 0.224592 3.04
1309.00 0.224592 3.04
1310.00 0.224592 3.04
1311.00 0.224592 3.04
1312.00 0.224592 3.04
1313.00 0.224592 3.04
1314.00 0.224592 3.04
1315.00 0.224592 3.04
1316.00 0.224592 3.04
1317.00 0.224592 3.04
1318.00 0.224592 3.04
1319.00 0.224592 3.04
1320.00 0.224592 3.04
1321.00 0.224592 3.04
1322.00 0.224592 3.04
1323.00 0.224592 3.04
1324.00 0.224592 3.04
1325.00 0.224592 3.04
1326.00 0.224592 3.04
1327.00 0.224592 3.04
1328.00 0.224592 3.04
1329.00 0.224592 3.04
1330.00 0.224592 3.04
1331.00 0.224592 3.04
1332.00 0.224592 3.04
1333.00 0.224592 3.04
1334.00 0.224592 3.04
1335.00 0.224592 3.04
1336.00 0.224592 3.04
1337.00 0.224592 3.04
1338.00 0.224592 3.04
1339.00 0.224592 3.04
1340.00 0.224592 3.04
1341.00 0.224592 3.04
1342.00 0.224592 3.04
1343.00 0.224592 3.04
1344.00 0.224592 3.04
1345.00 0.224592 3.04
1346.00 0.224592 3.04
1347.00 0.224592 3.04
1348.00 0.224592 3.04
1349.00 0.224592 3.04
1350.00 0.224592 3.04
1351.00 0.224592 3.04
1352.00 0.224592 3.04
1353.00 0.224592 3.04
1354.00 0.224592 3.04
1355.00 0.224592 3.04
1356.00 0.224592 3.04
1357.00 0.224592 3.04
1358.00 0.224592 3.04
1359.00 0.224592 3.04
1360.00 0.224592 3.04
1361.00 0.224592 3.04
1362.00 0.224592 3.04
1363.00 0.224592 3.04
1364.00 0.224592 3.04
1365.00 0.224592 3.04
1366.00 0.224592 3.04
1367.00 0.224592 3.04
1368.00 0.224592 3.04
1369.00 0.224592 3.04
1370.00 0.224592 3.04
1371.00 0.224592 3.04
1372.00 0.224592 3.04
1373.00 0.224592 3.04
1374.00 0.224592 3.04
1375.00 0.224592 3.04
1376.00 0.224592 3.04
1377.00 0.224592 3.04
1378.00 0.224592 3.04
1379.00 0.224592 3.04
1380.00 0.224592 3.04
1381.00 0.224592 3.04
1382.00 0.224592 3.04
1383.00 0.224592 3.04
1384.00 0.224592 3.04
1385.00 0.224592 3.04
1386.00 0.224592 3.04
1387.00 0.224592 3.04
1388.00 0.224592 3.04
1389.00 0.224592 3.04
1390.00 0.224592 3.04
1391.00 0.224592 3.04
1392.00 0.224592 3.04
1393.00 0.224592 3.04
1394.00 0.224592 3.04
1395.00 0.224592 3.04
1396.00 0.224592 3.04
1397.00 0.224592 3.04
1398.00 0.224592 3.04
1399.00 0.224592 3.04
1400.00 0.224592 3.04
1401.00 0.224592 3.04
1402.00 0.224592 3.04
1403.00 0.224592 3.04
1404.00 0.224592 3.04
1405.00 0.224592 3.04
1406.00 0.224592 3.04
1407.00 0.224592 3.04
1408.00 0.224592 3.04
1409.00 0.224592 3.04
1410.00 0.224592 3.04
1411.00 0.224592 3.04
1412.00 0.224592 3.04
1413.00 0.224592 3.04
1414.00 0.224592 3.04
1415.00 0.224592 3.04
1416.00 0.224592 3.04
1417.00 0.224592 3.04
1418.00 0.224592 3.04
1419.00 0.224592 3.04
1420.00 0.224592 3.04
1421.00 0.224592 3.04
1422.00 0.224592 3.04
1423.00 0.224592 3.04
1424.00 0.224592 3.04
1425.00 0.224592 3.04
1426.00 0.224592 3.04
1427.00 0.224592 3.04
1428.00 0.224592 3.04
1429.00 0.224592 3.04
1430.00 0.224592 3.04
1431.00 0.224592 3.04
1432.00 0.224592 3.04
1433.00 0.224592 3.04
1434.00 0.224592 3.04
1435.00 0.224592 3.04
1436.00 0.224592 3.04
1437.00 0.224592 3.04
1438.00 0.224592 3.04
1439.00 0.224592 3.04
1440.00 0.224592 3.04
1441.00 0.224592 3.04
1442.00 0.224592 3.04
1443.00 0.224592 3.04
1444.00 0.224592 3.04
1445.00 0.224592 3.04
1446.00 0.224592 3.04
1447.00 0.224592 3.04
1448.00 0.224592 3.04
1449.00 0.224592 3.04
1450.00 0.224592 3.04
1451.00 0.224592 3.04
1452.00 0.224592 3.04
1453.00 0.224592 3.04
1454.00 0.224592 3.04
1455.00 0.224592 3.04
1456.00 0.224592 3.04
1457.00 0.224592 3.04
1458.00 0.224592 3.04
1459.00 0.224592 3.04
1460.00 0.224592 3.04
1461.00 0.224592 3.04
1462.00 0.224592 3.04
1463.00 0.224592 3.04
1464.00 0.224592 3.04
1465.00 0.224592 3.04
1466.00 0.224592 3.04
1467.00 0.224592 3.04
1468.00 0.224592 3.04
1469.00 0.224592 3.04
1470.00 0.224592 3.04
1471.00 0.224592 3.04
1472.00 0.224592 3.04
1473.00 0.224592 3.04
1474.00 0.224592 3.04
1475.00 0.224592 3.04
1476.00 0.224592 3.04
1477.00 0.224592 3.04
1478.00 0.224592 3.04
1479.00 0.224592 3.04
1480.00 0.224592 3.04
1481.00 0.224592 3.04
1482.00 0.224592 3.04
1483.00 0.224592 3.04
1484.00 0.224592 3.04
1485.00 0.224592 3.04
1486.00 0.224592 3.04
1487.00 0.224592 3.04
1488.00 0.224592 3.04
1489.00 0.224592 3.04
1490.00 0.224592 3.04
1491.00 0.224592 3.04
1492.00 0.224592 3.04
1493.00 0.224592 3.04
1494.00 0.224592 3.04
1495.00 0.224592 3.04
1496.00 0.224592 3.04
1497.00 0.224592 3.04
1498.00 0.224592 3.04
1499.00 0.224592 3.04
1500.00 0.224592 3.04
1501.00 0.224592 3.04
1502.00 0.224592 3.04
1503.00 0.224592 3.04
1504.00 0.224592 3.04
1505.00 0.224592 3.04
1506.00 0.224592 3.04
1507.00 0.224592 3.04
1508.00 0.224592 3.04
1509.00 0.224592 3.04
1510.00 0.224592 3.04
1511.00 0.224592 3.04
1512.00 0.224592 3.04
1513.00 0.224592 3.04
1514.00 0.224592 3.04
1515.00 0.224592 3.04
1516.00 0.224592 3.04
1517.00 0.224592 3.04
1518.00 0.224592 3.04
1519.00 0.224592 3.04
1520.00 0.224592 3.04
1521.00 0.224592 3.04
1522.00 0.224592 3.04
1523.00 0.224592 3.04
1524.00 0.224592 3.04
1525.00 0.224592 3.04
1526.00 0.224592 3.04
1527.00 0.224592 3.04
1528.00 0.224592 3.04
1529.00 0.224592 3.04
1530.00 0.224592 3.04
1531.00 0.224592 3.04
1532.00 0.224592 3.04
1533.00 0.224592 3.04
1534.00 0.224592 3.04
1535.00 0.224592 3.04
1536.00 0.224592 3.04
1537.00 0.224592 3.04
1538.00 0.224592 3.04
1539.00 0.224592 3.04
1540.00 0.224592 3.04
1541.00 0.224592 3.04
1542.00 0.224592 3.04
1543.00 0.224592 3.04
1544.00 0.224592 3.04
1545.00 0.224592 3.04
1546.00 0.224592 3.04
1547.00 0.224592 3.04
1548.00 0.224592 3.04
1549.00 0.224592 3.04
1550.00 0.224592 3.04
1551.00 0.224592 3.04
1552.00 0.224592 3.04
1553.00 0.224592 3.04
1554.00 0.224592 3.04
1555.00 0.224592 3.04
1556.00 0.224592 3.04
1557.00 0.224592 3.04
1558.00 0.224592 3.04
1559.00 0.224592 3.04
1560.00 0.224592 3.04
1561.00 0.224592 3.04
1562.00 0.224592 3.04
1563.00 0.224592 3.04
1564.00 0.224592 3.04
1565.00 0.224592 3.04
1566.00 0.224592 3.04
1567.00 0.224592 3.04
1568.00 0.224592 3.04
1569.00 0.224592 3.04
1570.00 0.224592 3.04
1571.00 0.224592 3.04
1572.00 0.224592 3.04
1573.00 0.224592 3.04
1574.00 0.224592 3.04
1575.00 0.224592 3.04
1576.00 0.224592 3.04
1577.00 0.224592 3.04
1578.00 0.224592 3.04
1579.00 0.224592 3.04
1580.00 0.224592 3.04
1581.00 0.224592 3.04
1582.00 0.224592 3.04
1583.00 0.224592 3.04
1584.00 0.224592 3.04
1585.00 0.224592 3.04
1586.00 0.224592 3.04
1587.00 0.224592 3.04
1588.00 0.224592 3.04
1589.00 0.224592 3.04
1590.00 0.224592 3.04
1591.00 0.224592 3.04
1592.00 0.224592 3.04
1593.00 0.224592 3.04
1594.00 0.224592 3.04
1595.00 0.224592 3.04
1596.00 0.224592 3.04
1597.00 0.224592 3.04
1598.00 0.224592 3.04
1599.00 0.224592 3.04
1600.00 0.224592 3.04
1601.00 0.224592 3.04
1602.00 0.224592 3.04
1603.00 0.224592 3.04
1604.00 0.224592 3.04
1605.00 0.224592 3.04
1606.00 0.224592 3.04
1607.00 0.224592 3.04
1608.00 0.224592 3.04
1609.00 0.224592 3.04
1610.00 0.224592 3.04
1611.00 0.224592 3.04
1612.00 0.224592 3.04
1613.00 0.224592 3.04
1614.00 0.224592 3.04
1615.00 0.224592 3.04
1616.00 0.224592 3.04
1617.00 0.224592 3.04
1618.00 0.224592 3.04
1619.00 0.224592 3.04
1620.00 0.224592 3.04
1621.00 0.224592 3.04
1622.00 0.224592 3.04
1623.00 0.224592 3.04
1624.00 0.224592 3.04
1625.00 0.224592 3.04
1626.00 0.224592 3.04
1627.00 0.224592 3.04
1628.00 0.224592 3.04
1629.00 0.224592 3.04
1630.00 0.224592 3.04
1631.00 0.224592 3.04
1632.00 0.224592 3.04
1633.00 0.224592 3.04
1634.00 0.224592 3.04
1635.00 0.224592 3.04
1636.00 0.224592 3.04
1637.00 0.224592 3.04
1638.00 0.224592 3.04
1639.00 0.224592 3.04
1640.00 0.224592 3.04
1641.00 0.224592 3.04
1642.00 0.224592 3.04
1643.00 0.224592 3.04
1644.00 0.224592 3.04
1645.00 0.224592 3.04
1646.00 0.224592 3.04
1647.00 0.224592 3.04
1648.00 0.224592 3.04
1649.00 0.224592 3.04
1650.00 0.224592 3.04
1651.00 0.224592 3.04
1652.00 0.224592 3.04
1653.00 0.224592 3.04
1654.00 0.224592 3.04
1655.00 0.224592 3.04
1656.00 0.224592 3.04
1657.00 0.224592 3.04
1658.00 0.224592 3.04
1659.00 0.224592 3.04
1660.00 0.224592 3.04
1661.00 0.224592 3.04
1662.00 0.224592 3.04
1663.00 0.224592 3.04
1664.00 0.224592 3.04
1665.00 0.224592 3.04
1666.00 0.224592 3.04
1667.00 0.224592 3.04
1668.00 0.224592 3.04
1669.00 0.224592 3.04
1670.00 0.224592 3.04
1671.00 0.224592 3.04
1672.00 0.224592 3.04
1673.00 0.224592 3.04
1674.00 0.224592 3.04
1675.00 0.224592 3.04
1676.00 0.224592 3.04
1677.00 0.224592 3.04
1678.00 0.224592 3.04
1679.00 0.224592 3.04
1680.00 0.224592 3.04
1681.00 0.224592 3.04
1682.00 0.224592 3.04
1683.00 0.224592 3.04
1684.00 0.224592 3.04
1685.00 0.224592 3.04
1686.00 0.224592 3.04
1687.00 0.224592 3.04
1688.00 0.224592 3.04
1689.00 0.224592 3.04
1690.00 0.224592 3.04
1691.00 0.224592 3.04
1692.00 0.224592 3.04
1693.00 0.224592 3.04
1694.00 0.224592 3.04
1695.00 0.224592 3.04
1696.00 0.224592 3.04
1697.00 0.224592 3.04
1698.00 0.224592 3.04
1699.00 0.224592 3.04
1700.00 0.224592 3.04
1701.00 0.224592 3.04
1702.00 0.224592 3.04
1703.00 0.224592 3.04
1704.00 0.224592 3.04
1705.00 0.224592 3.04
1706.00 0.224592 3.04
1707.00 0.224592 3.04
1708.00 0.224592 3.04
1709.00 0.224592 3.04
1710.00 0.224592 3.04
1711.00 0.224592 3.04
1712.00 0.224592 3.04
1713.00 0.224592 3.04
1714.00 0.224592 3.04
1715.00 0.224592 3.04
1716.00 0.224592 3.04
1717.00 0.224592 3.04
1718.00 0.224592 3.04
1719.00 0.224592 3.04
1720.00 0.224592 3.04
1721.00 0.224592 3.04
1722.00 0.224592 3.04
1723.00 0.224592 3.04
1724.00 0.224592 3.04
1725.00 0.224592 3.04
1726.00 0.224592 3.04
1727.00 0.224592 3.04
1728.00 0.224592 3.04
1729.00 0.224592 3.04
1730.00 0.224592 3.04
1731.00 0.224592 3.04
1732.00 0.224592 3.04
1733.00 0.224592 3.04
1734.00 0.224592 3.04
1735.00 0.224592 3.04
1736.00 0.224592 3.04
1737.00 0.224592 3.04
1738.00 0.224592 3.04
1739.00 0.224592 3.04
1740.00 0.224592 3.04
1741.00 0.224592 3.04
1742.00 0.224592 3.04
1743.00 0.224592 3.04
1744.00 0.224592 3.04
1745.00 0.224592 3.04
1746.00 0.224592 3.04
1747.00 0.224592 3.04
1748.00 0.224592 3.04
1749.00 0.224592 3.04
1750.00 0.224592 3.04
1751.00 0.224592 3.04
1752.00 0.224592 3.04
1753.00 0.224592 3.04
1754.00 0.224592 3.04
1755.00 0.224592 3.04
1756.00 0.224592 3.04
1757.00 0.224592 3.04
1758.00 0.224592 3.04
1759.00 0.224592 3.04
1760.00 0.224592 3.04
1761.00 0.224592 3.04
1762.00 0.224592 3.04
1763.00 0.224592 3.04
1764.00 0.224592 3.04
1765.00 0.224592 3.04
1766.00 0.224592 3.04
1767.00 0.224592 3.04
1768.00 0.224592 3.04
1769.00 0.224592 3.04
1770.00 0.224592 3.04
1771.00 0.224592 3.04
1772.00 0.224592 3.04
1773.00 0.224592 3.04
1774.00 0.224592 3.04
1775.00 0.224592 3.04
1776.00 0.224592 3.04
1777.00 0.224592 3.04
1778.00 0.224592 3.04
1779.00 0.224592 3.04
1780.00 0.224592 3.04
1781.00 0.224592 3.04
1782.00 0.224592 3.04
1783.00 0.224592 3.04
1784.00 0.224592 3.04
1785.00 0.224592 3.04
1786.00 0.224592 3.04
1787.00 0.224592 3.04
1788.00 0.224592 3.04
1789.00 0.224592 3.04
1790.00 0.224592 3.04
1791.00 0.224592 3.04
1792.00 0.224592 3.04
1793.00 0.224592 3.04
1794.00 0.224592 3.04
1795.00 0.224592 3.04
1796.00 0.224592 3.04
1797.00 0.224592 3.04
1798.00 0.224592 3.04
1799.00 0.224592 3.04
1800.00 0.224592 3.04
1801.00 0.224592 3.04
1802.00 0.224592 3.04
1803.00 0.224592 3.04
1804.00 0.224592 3.04
1805.00 0.224592 3.04
1806.00 0.224592 3.04
1807.00 0.224592 3.04
1808.00 0.224592 3.04
1809.00 0.224592 3.04
1810.00 0.224592 3.04
1811.00 0.224592 3.04
1812.00 0.224592 3.04
1813.00 0.224592 3.04
1814.00 0.224592 3.04
1815.00 0.224592 3.04
1816.00 0.224592 3.04
1817.00 0.224592 3.04
1818.00 0.224592 3.04
1819.00 0.224592 3.04
1820.00 0.224592 3.04
1821.00 0.224592 3.04
1822.00 0.224592 3.04
1823.00 0.224592 3.04
1824.00 0.224592 3.04
1825.00 0.224592 3.04
1826.00 0.224592 3.04
1827.00 0.224592 3.04
1828.00 0.224592 3.04
1829.00 0.224592 3.04
1830.00 0.224592 3.04
1831.00 0.224592 3.04
1832.00 0.224592 3.04
1833.00 0.224592 3.04
1834.00 0.224592 3.04
1835.00 0.224592 3.04
1836.00 0.224592 3.04
1837.00 0.224592 3.04
1838.00 0.224592 3.04
1839.00 0.224592 3.04
1840.00 0.224592 3.04
1841.00 0.224592 3.04
1842.00 0.224592 3.04
1843.00 0.224592 3.04
1844.00 0.224592 3.04
1845.00 0.224592 3.04
1846.00 0.224592 3.04
1847.00 0.224592 3.04
1848.00 0.224592 3.04
1849.00 0.224592 3.04
1850.00 0.224592 3.04
1851.00 0.224592 3.04
1852.00 0.224592 3.04
1853.00 0.224592 3.04
1854.00 0.224592 3.04
1855.00 0.224592 3.04
1856.00 0.224592 3.04
1857.00 0.224592 3.04
1858.00 0.224592 3.04
1859.00 0.224592 3.04
1860.00 0.224592 3.04
1861.00 0.224592 3.04
1862.00 0.224592 3.04
1863.00 0.224592 3.04
1864.00 0.224592 3.04
1865.00 0.224592 3.04
1866.00 0.224592 3.04
1867.00 0.224592 3.04
1868.00 0.224592 3.04
1869.00 0.224592 3.04
1870.00 0.224592 3.04
1871.00 0.224592 3.04
1872.00 0.224592 3.04
1873.00 0.224592 3.04
1874.00 0.224592 3.04
1875.00 0.224592 3.04
1876.00 0.224592 3.04
1877.00 0.224592 3.04
1878.00 0.224592 3.04
1879.00 0.224592 3.04
1880.00 0.224592 3.04
1881.00 0.224592 3.04
1882.00 0.224592 3.04
1883.00 0.224592 3.04
1884.00 0.224592 3.04
1885.00 0.224592 3.04
1886.00 0.224592 3.04
1887.00 0.224592 3.04
1888.00 0.224592 3.04
1889.00 0.224592 3.04
1890.00 0.224592 3.04
1891.00 0.224592 3.04
1892.00 0.224592 3.04
1893.00 0.224592 3.04
1894.00 0.224592 3.04
1895.00 0.224592 3.04
1896.00 0.224592 3.04
1897.00 0.224592 3.04
1898.00 0.224592 3.04
1899.00 0.224592 3.04
1900.00 0.224592 3.04
1901.00 0.224592 3.04
1902.00 0.224592 3.04
1903.00 0.224592 3.04
1904.00 0.224592 3.04
1905.00 0.224592 3.04
1906.00 0.224592 3.04
1907.00 0.224592 3.04
1908.00 0.224592 3.04
1909.00 0.224592 3.04
1910.00 0.224592 3.04
1911.00 0.224592 3.04
1912.00 0.224592 3.04
1913.00 0.224592 3.04
1914.00 0.224592 3.04
1915.00 0.224592 3.04
1916.00 0.224592 3.04
1917.00 0.224592 3.04
1918.00 0.224592 3.04
1919.00 0.224592 3.04
1920.00 0.224592 3.04
1921.00 0.224592 3.04
1922.00 0.224592 3.04
1923.00 0.224592 3.04
1924.00 0.224592 3.04
1925.00 0.224592 3.04
1926.00 0.224592 3.04
1927.00 0.224592 3.04
1928.00 0.224592 3.04
1929.00 0.224592 3.04
1930.00 0.224592 3.04
1931.00 0.224592 3.04
1932.00 0.224592 3.04
1933.00 0.224592 3.04
1934.00 0.224592 3.04
1935.00 0.224592 3.04
1936.00 0.224592 3.04
1937.00 0.224592 3.04
1938.00 0.224592 3.04
1939.00 0.224592 3.04
1940.00 0.224592 3.04
1941.00 0.224592 3.04
1942.00 0.224592 3.04
1943.00 0.224592 3.04
1944.00 0.224592 3.04
1945.00 0.224592 3.04
1946.00 0.224592 3.04
1947.00 0.224592 3.04
1948.00 0.224592 3.04
1949.00 0.224592 3.04
1950.00 0.224592 3.04
1951.00 0.224592 3.04
1952.00 0.224592 3.04
1953.00 0.224592 3.04
1954.00 0.224592 3.04
1955.00 0.224592 3.04
1956.00 0.224592 3.04
1957.00 0.224592 3.04
1958.00 0.224592 3.04
1959.00 0.224592 3.04
1960.00 0.224592 3.04
1961.00 0.224592 3.04
1962.00 0.224592 3.04
1963.00 0.224592 3.04
1964.00 0.224592 3.04
1965.00 0.224592 3.04
1966.00 0.224592 3.04
1967.00 0.224592 3.04
1968.00 0.224592 3.04
1969.00 0.224592 3.04
1970.00 0.224592 3.04
1971.00 0.224592 3.04
1972.00 0.224592 3.04
1973.00 0.224592 3.04
1974.00 0.224592 3.04
1975.00 0.224592 3.04
1976.00 0.224592 3.04
1977.00 0.224592 3.04
1978.00 0.224592 3.04
1979.00 0.224592 3.04
1980.00 0.224592 3.04
1981.00 0.224592 3.04
1982.00 0.224592 3.04
1983.00 0.224592 3.04
1984.00 0.224592 3.04
1985.00 0.224592 3.04
1986.00 0.224592 3.04
1987.00 0.224592 3.04
1988.00 0.224592 3.04
1989.00 0.224592 3.04
1990.00 0.224592 3.04
1991.00 0.224592 3.04
1992.00 0.224592 3.04
1993.00 0.224592 3.04
1994.00 0.224592 3.04
1995.00 0.224592 3.04
1996.00 0.224592 3.04
1997.00 0.224592 3.04
1998.00 0.224592 3.04
1999.00 0.224592 3.04
2000.00 0.224592 3.04
