0.00 0.817089 9.27
1.00 0.815003 9.27
2.00 0.812906 9.27
3.00 0.810799 9.27
4.00 0.808680 9.27
5.00 0.806551 9.27
6.00 0.804410 9.27
7.00 0.802259 9.27
8.00 0.800096 9.27
9.00 0.797921 9.27
10.00 0.795745 9.26
11.00 0.793571 9.25
12.00 0.791395 9.24
13.00 0.789220 9.24
14.00 0.787038 9.24
15.00 0.784861 9.23
16.00 0.782688 9.23
17.00 0.780514 9.22
18.00 0.778343 9.22
19.00 0.776165 9.21
20.00 0.774009 9.20
21.00 0.771845 9.20
22.00 0.769699 9.18
23.00 0.767577 9.18
24.00 0.765447 9.18
25.00 0.763319 9.17
26.00 0.761189 9.17
27.00 0.759048 9.17
28.00 0.756895 9.17
29.00 0.754731 9.17
30.00 0.752554 9.17
31.00 0.750396 9.15
32.00 0.748316 9.14
33.00 0.746254 9.13
34.00 0.744190 9.13
35.00 0.742115 9.13
36.00 0.740028 9.13
37.00 0.737935 9.12
38.00 0.735870 9.12
39.00 0.733837 9.11
40.00 0.731798 9.10
41.00 0.729799 9.09
42.00 0.727805 9.09
43.00 0.725822 9.08
44.00 0.723852 9.08
45.00 0.721872 9.07
46.00 0.719880 9.07
47.00 0.717911 9.03
48.00 0.716003 9.01
49.00 0.714115 9.01
50.00 0.712218 9.01
51.00 0.710437 8.94
52.00 0.708817 8.92
53.00 0.707226 8.91
54.00 0.705635 8.91
55.00 0.704037 8.91
56.00 0.702432 8.91
57.00 0.700830 8.90
58.00 0.699282 8.87
59.00 0.697794 8.87
60.00 0.696306 8.86
61.00 0.694853 8.85
62.00 0.693482 8.82
63.00 0.692177 8.80
64.00 0.690939 8.79
65.00 0.689717 8.78
66.00 0.688537 8.77
67.00 0.687390 8.77
68.00 0.686242 8.77
69.00 0.685093 8.77
70.00 0.683943 8.76
71.00 0.682844 8.75
72.00 0.681781 8.74
73.00 0.680732 8.74
74.00 0.679752 8.70
75.00 0.678819 8.68
76.00 0.677890 8.68
77.00 0.676999 8.66
78.00 0.676149 8.65
79.00 0.675317 8.65
80.00 0.674493 8.63
81.00 0.673713 8.63
82.00 0.672935 8.63
83.00 0.672170 8.62
84.00 0.671432 8.61
85.00 0.670745 8.59
86.00 0.670096 8.59
87.00 0.669451 8.59
88.00 0.668807 8.59
89.00 0.668165 8.58
90.00 0.667543 8.58
91.00 0.666931 8.56
92.00 0.666382 8.55
93.00 0.665857 8.54
94.00 0.665379 8.54
95.00 0.664907 8.54
96.00 0.664439 8.54
97.00 0.663974 8.54
98.00 0.663513 8.54
99.00 0.663053 8.54
100.00 0.662620 8.52
101.00 0.662217 8.52
102.00 0.661819 8.52
103.00 0.661424 8.52
104.00 0.661103 8.48
105.00 0.660818 8.48
106.00 0.660541 8.48
107.00 0.660269 8.48
108.00 0.660007 8.47
109.00 0.659755 8.47
110.00 0.659507 8.47
111.00 0.659262 8.47
112.00 0.659021 8.47
113.00 0.658783 8.46
114.00 0.658547 8.46
115.00 0.658314 8.46
116.00 0.658082 8.46
117.00 0.657853 8.46
118.00 0.657626 8.45
119.00 0.657432 8.44
120.00 0.657257 8.44
121.00 0.657087 8.44
122.00 0.656920 8.44
123.00 0.656755 8.44
124.00 0.656593 8.44
125.00 0.656433 8.44
126.00 0.656275 8.44
127.00 0.656118 8.44
128.00 0.655963 8.44
129.00 0.655809 8.44
130.00 0.655656 8.44
131.00 0.655504 8.44
132.00 0.655352 8.44
133.00 0.655201 8.44
134.00 0.655051 8.44
135.00 0.654900 8.44
136.00 0.654750 8.44
137.00 0.654601 8.44
138.00 0.654459 8.43
139.00 0.654321 8.43
140.00 0.654183 8.43
141.00 0.654046 8.43
142.00 0.653912 8.42
143.00 0.653779 8.42
144.00 0.653646 8.41
145.00 0.653525 8.39
146.00 0.653418 8.39
147.00 0.653313 8.39
148.00 0.653211 8.39
149.00 0.653110 8.39
150.00 0.653014 8.38
151.00 0.652926 8.38
152.00 0.652850 8.37
153.00 0.652788 8.37
154.00 0.652729 8.37
155.00 0.652673 8.37
156.00 0.652619 8.37
157.00 0.652567 8.37
158.00 0.652517 8.37
159.00 0.652469 8.37
160.00 0.652422 8.37
161.00 0.652378 8.35
162.00 0.652343 8.35
163.00 0.652309 8.35
164.00 0.652276 8.35
165.00 0.652245 8.35
166.00 0.652215 8.35
167.00 0.652186 8.35
168.00 0.652158 8.35
169.00 0.652131 8.35
170.00 0.652105 8.35
171.00 0.652080 8.35
172.00 0.652056 8.35
173.00 0.652032 8.35
174.00 0.652010 8.35
175.00 0.651988 8.35
176.00 0.651966 8.35
177.00 0.651946 8.35
178.00 0.651926 8.35
179.00 0.651906 8.35
180.00 0.651887 8.35
181.00 0.651869 8.35
182.00 0.651851 8.35
183.00 0.651834 8.35
184.00 0.651817 8.35
185.00 0.651801 8.35
186.00 0.651785 8.35
187.00 0.651769 8.35
188.00 0.651754 8.35
189.00 0.651739 8.35
190.00 0.651725 8.35
191.00 0.651711 8.35
192.00 0.651697 8.35
193.00 0.651684 8.35
194.00 0.651671 8.35
195.00 0.651658 8.35
196.00 0.651646 8.35
197.00 0.651634 8.35
198.00 0.651622 8.35
199.00 0.651610 8.35
200.00 0.651599 8.35
201.00 0.651588 8.35
202.00 0.651577 8.35
203.00 0.651567 8.35
204.00 0.651556 8.35
205.00 0.651546 8.35
206.00 0.651536 8.35
207.00 0.651527 8.35
208.00 0.651517 8.35
209.00 0.651508 8.35
210.00 0.651499 8.35
211.00 0.651490 8.35
212.00 0.651481 8.35
213.00 0.651473 8.35
214.00 0.651464 8.35
215.00 0.651456 8.35
216.00 0.651448 8.35
217.00 0.651440 8.35
218.00 0.651432 8.35
219.00 0.651425 8.35
220.00 0.651417 8.35
221.00 0.651410 8.35
222.00 0.651402 8.35
223.00 0.651395 8.35
224.00 0.651388 8.35
225.00 0.651381 8.35
226.00 0.651375 8.35
227.00 0.651368 8.35
228.00 0.651362 8.35
229.00 0.651355 8.35
230.00 0.651349 8.35
231.00 0.651343 8.35
232.00 0.651337 8.35
233.00 0.651331 8.35
234.00 0.651325 8.35
235.00 0.651319 8.35
236.00 0.651313 8.35
237.00 0.651308 8.35
238.00 0.651302 8.35
239.00 0.651297 8.35
240.00 0.651291 8.35
241.00 0.651286 8.35
242.00 0.651281 8.35
243.00 0.651276 8.35
244.00 0.651271 8.35
245.00 0.651266 8.35
246.00 0.651261 8.35
247.00 0.651256 8.35
248.00 0.651251 8.35
249.00 0.651246 8.35
250.00 0.651242 8.35
251.00 0.651237 8.35
252.00 0.651233 8.35
253.00 0.651228 8.35
254.00 0.651224 8.35
255.00 0.651220 8.35
256.00 0.651215 8.35
257.00 0.651211 8.35
258.00 0.651207 8.35
259.00 0.651203 8.35
260.00 0.651199 8.35
261.00 0.651195 8.35
262.00 0.651191 8.35
263.00 0.651187 8.35
264.00 0.651183 8.35
265.00 0.651179 8.35
266.00 0.651176 8.35
267.00 0.651172 8.35
268.00 0.651168 8.35
269.00 0.651165 8.35
270.00 0.651161 8.35
271.00 0.651158 8.35
272.00 0.651154 8.35
273.00 0.651151 8.35
274.00 0.651147 8.35
275.00 0.651144 8.35
276.00 0.651141 8.35
277.00 0.651137 8.35
278.00 0.651134 8.35
279.00 0.651131 8.35
280.00 0.651128 8.35
281.00 0.651125 8.35
282.00 0.651122 8.35
283.00 0.651119 8.35
284.00 0.651116 8.35
285.00 0.651113 8.35
286.00 0.651110 8.35
287.00 0.651107 8.35
288.00 0.651104 8.35
289.00 0.651101 8.35
290.00 0.651098 8.35
291.00 0.651095 8.35
292.00 0.651093 8.35
293.00 0.651090 8.35
294.00 0.651087 8.35
295.00 0.651085 8.35
296.00 0.651082 8.35
297.00 0.651079 8.35
298.00 0.651077 8.35
299.00 0.651074 8.35
300.00 0.651072 8.35
301.00 0.651069 8.35
302.00 0.651067 8.35
303.00 0.651064 8.35
304.00 0.651062 8.35
305.00 0.651059 8.35
306.00 0.651057 8.35
307.00 0.651055 8.35
308.00 0.651052 8.35
309.00 0.651050 8.35
310.00 0.651048 8.35
311.00 0.651045 8.35
312.00 0.651043 8.35
313.00 0.651041 8.35
314.00 0.651039 8.35
315.00 0.651037 8.35
316.00 0.651035 8.34
317.00 0.651033 8.34
318.00 0.651031 8.34
319.00 0.651029 8.34
320.00 0.651027 8.34
321.00 0.651026 8.34
322.00 0.651024 8.34
323.00 0.651022 8.34
324.00 0.651021 8.34
325.00 0.651019 8.34
326.00 0.651018 8.34
327.00 0.651016 8.34
328.00 0.651014 8.34
329.00 0.651013 8.34
330.00 0.651011 8.34
331.00 0.651010 8.34
332.00 0.651009 8.34
333.00 0.651007 8.34
334.00 0.651006 8.34
335.00 0.651004 8.34
336.00 0.651003 8.34
337.00 0.651002 8.34
338.00 0.651000 8.34
339.00 0.650999 8.34
340.00 0.650998 8.34
341.00 0.650997 8.34
342.00 0.650995 8.34
343.00 0.650994 8.34
344.00 0.650993 8.34
345.00 0.650992 8.34
346.00 0.650991 8.34
347.00 0.650989 8.34
348.00 0.650988 8.34
349.00 0.650987 8.34
350.00 0.650986 8.34
351.00 0.650985 8.34
352.00 0.650984 8.34
353.00 0.650983 8.34
354.00 0.650982 8.34
355.00 0.650981 8.34
356.00 0.650980 8.34
357.00 0.650979 8.34
358.00 0.650978 8.34
359.00 0.650977 8.34
360.00 0.650976 8.34
361.00 0.650975 8.34
362.00 0.650974 8.34
363.00 0.650973 8.34
364.00 0.650972 8.34
365.00 0.650972 8.34
366.00 0.650971 8.34
367.00 0.650970 8.34
368.00 0.650969 8.34
369.00 0.650968 8.34
370.00 0.650968 8.34
371.00 0.650967 8.34
372.00 0.650966 8.34
373.00 0.650965 8.34
374.00 0.650964 8.34
375.00 0.650964 8.34
376.00 0.650963 8.34
377.00 0.650962 8.34
378.00 0.650962 8.34
379.00 0.650961 8.34
380.00 0.650960 8.34
381.00 0.650960 8.34
382.00 0.650959 8.34
383.00 0.650958 8.34
384.00 0.650958 8.34
385.00 0.650957 8.34
386.00 0.650956 8.34
387.00 0.650956 8.34
388.00 0.650955 8.34
389.00 0.650955 8.34
390.00 0.650954 8.34
391.00 0.650953 8.34
392.00 0.650953 8.34
393.00 0.650952 8.34
394.00 0.650952 8.34
395.00 0.650951 8.34
396.00 0.650951 8.34
397.00 0.650950 8.34
398.00 0.650950 8.34
399.00 0.650949 8.34
400.00 0.650949 8.34
401.00 0.650948 8.34
402.00 0.650948 8.34
403.00 0.650947 8.34
404.00 0.650947 8.34
405.00 0.650946 8.34
406.00 0.650946 8.34
407.00 0.650945 8.34
408.00 0.650945 8.34
409.00 0.650944 8.34
410.00 0.650944 8.34
411.00 0.650944 8.34
412.00 0.650943 8.34
413.00 0.650943 8.34
414.00 0.650942 8.34
415.00 0.650942 8.34
416.00 0.650942 8.34
417.00 0.650941 8.34
418.00 0.650941 8.34
419.00 0.650940 8.34
420.00 0.650940 8.34
421.00 0.650940 8.34
422.00 0.650939 8.34
423.00 0.650939 8.34
424.00 0.650939 8.34
425.00 0.650938 8.34
426.00 0.650938 8.34
427.00 0.650938 8.34
428.00 0.650937 8.34
429.00 0.650937 8.34
430.00 0.650937 8.34
431.00 0.650936 8.34
432.00 0.650936 8.34
433.00 0.650936 8.34
434.00 0.650936 8.34
435.00 0.650935 8.34
436.00 0.650935 8.34
437.00 0.650935 8.34
438.00 0.650934 8.34
439.00 0.650934 8.34
440.00 0.650934 8.34
441.00 0.650934 8.34
442.00 0.650933 8.34
443.00 0.650933 8.34
444.00 0.650933 8.34
445.00 0.650933 8.34
446.00 0.650932 8.34
447.00 0.650932 8.34
448.00 0.650932 8.34
449.00 0.650932 8.34
450.00 0.650931 8.34
451.00 0.650931 8.34
452.00 0.650931 8.34
453.00 0.650931 8.34
454.00 0.650930 8.34
455.00 0.650930 8.34
456.00 0.650930 8.34
457.00 0.650930 8.34
458.00 0.650930 8.34
459.00 0.650929 8.34
460.00 0.650929 8.34
461.00 0.650929 8.34
462.00 0.650929 8.34
463.00 0.650929 8.34
464.00 0.650929 8.34
465.00 0.650928 8.34
466.00 0.650928 8.34
467.00 0.650928 8.34
468.00 0.650928 8.34
469.00 0.650928 8.34
470.00 0.650927 8.34
471.00 0.650927 8.34
472.00 0.650927 8.34
473.00 0.650927 8.34
474.00 0.650927 8.34
475.00 0.650927 8.34
476.00 0.650926 8.34
477.00 0.650926 8.34
478.00 0.650926 8.34
479.00 0.650926 8.34
480.00 0.650926 8.34
481.00 0.650926 8.34
482.00 0.650926 8.34
483.00 0.650925 8.34
484.00 0.650925 8.34
485.00 0.650925 8.34
486.00 0.650925 8.34
487.00 0.650925 8.34
488.00 0.650925 8.34
489.00 0.650925 8.34
490.00 0.650925 8.34
491.00 0.650924 8.34
492.00 0.650924 8.34
493.00 0.650924 8.34
494.00 0.650924 8.34
495.00 0.650924 8.34
496.00 0.650924 8.34
497.00 0.650924 8.34
498.00 0.650924 8.34
499.00 0.650923 8.34
500.00 0.650923 8.34
501.00 0.650923 8.34
502.00 0.650923 8.34
503.00 0.650923 8.34
504.00 0.650923 8.34
505.00 0.650923 8.34
506.00 0.650923 8.34
507.00 0.650923 8.34
508.00 0.650923 8.34
509.00 0.650922 8.34
510.00 0.650922 8.34
511.00 0.650922 8.34
512.00 0.650922 8.34
513.00 0.650922 8.34
514.00 0.650922 8.34
515.00 0.650922 8.34
516.00 0.650922 8.34
517.00 0.650922 8.34
518.00 0.650922 8.34
519.00 0.650922 8.34
520.00 0.650922 8.34
521.00 0.650921 8.34
522.00 0.650921 8.34
523.00 0.650921 8.34
524.00 0.650921 8.34
525.00 0.650921 8.34
526.00 0.650921 8.34
527.00 0.650921 8.34
528.00 0.650921 8.34
529.00 0.650921 8.34
530.00 0.650921 8.34
531.00 0.650921 8.34
532.00 0.650921 8.34
533.00 0.650921 8.34
534.00 0.650921 8.34
535.00 0.650920 8.34
536.00 0.650920 8.34
537.00 0.650920 8.34
538.00 0.650920 8.34
539.00 0.650920 8.34
540.00 0.650920 8.34
541.00 0.650920 8.34
542.00 0.650920 8.34
543.00 0.650920 8.34
544.00 0.650920 8.34
545.00 0.650920 8.34
546.00 0.650920 8.34
547.00 0.650920 8.34
548.00 0.650920 8.34
549.00 0.650920 8.34
550.00 0.650920 8.34
551.00 0.650920 8.34
552.00 0.650920 8.34
553.00 0.650920 8.34
554.00 0.650919 8.34
555.00 0.650919 8.34
556.00 0.650919 8.34
557.00 0.650919 8.34
558.00 0.650919 8.34
559.00 0.650919 8.34
560.00 0.650919 8.34
561.00 0.650919 8.34
562.00 0.650919 8.34
563.00 0.650919 8.34
564.00 0.650919 8.34
565.00 0.650919 8.34
566.00 0.650919 8.34
567.00 0.650919 8.34
568.00 0.650919 8.34
569.00 0.650919 8.34
570.00 0.650919 8.34
571.00 0.650919 8.34
572.00 0.650919 8.34
573.00 0.650919 8.34
574.00 0.650919 8.34
575.00 0.650919 8.34
576.00 0.650919 8.34
577.00 0.650919 8.34
578.00 0.650919 8.34
579.00 0.650918 8.34
580.00 0.650918 8.34
581.00 0.650918 8.34
582.00 0.650918 8.34
583.00 0.650918 8.34
584.00 0.650918 8.34
585.00 0.650918 8.34
586.00 0.650918 8.34
587.00 0.650918 8.34
588.00 0.650918 8.34
589.00 0.650918 8.34
590.00 0.650918 8.34
591.00 0.650918 8.34
592.00 0.650918 8.34
593.00 0.650918 8.34
594.00 0.650918 8.34
595.00 0.650918 8.34
596.00 0.650918 8.34
597.00 0.650918 8.34
598.00 0.650918 8.34
599.00 0.650918 8.34
600.00 0.650918 8.34
601.00 0.650918 8.34
602.00 0.650918 8.34
603.00 0.650918 8.34
604.00 0.650918 8.34
605.00 0.650918 8.34
606.00 0.650918 8.34
607.00 0.650918 8.34
608.00 0.650918 8.34
609.00 0.650918 8.34
610.00 0.650918 8.34
611.00 0.650918 8.34
612.00 0.650918 8.34
613.00 0.650918 8.34
614.00 0.650918 8.34
615.00 0.650918 8.34
616.00 0.650918 8.34
617.00 0.650918 8.34
618.00 0.650918 8.34
619.00 0.650917 8.34
620.00 0.650917 8.34
621.00 0.650917 8.34
622.00 0.650917 8.34
623.00 0.650917 8.34
624.00 0.650917 8.34
625.00 0.650917 8.34
626.00 0.650917 8.34
627.00 0.650917 8.34
628.00 0.650917 8.34
629.00 0.650917 8.34
630.00 0.650917 8.34
631.00 0.650917 8.34
632.00 0.650917 8.34
633.00 0.650917 8.34
634.00 0.650917 8.34
635.00 0.650917 8.34
636.00 0.650917 8.34
637.00 0.650917 8.34
638.00 0.650917 8.34
639.00 0.650917 8.34
640.00 0.650917 8.34
641.00 0.650917 8.34
642.00 0.650917 8.34
643.00 0.650917 8.34
644.00 0.650917 8.34
645.00 0.650917 8.34
646.00 0.650917 8.34
647.00 0.650917 8.34
648.00 0.650917 8.34
649.00 0.650917 8.34
650.00 0.650917 8.34
651.00 0.650917 8.34
652.00 0.650917 8.34
653.00 0.650917 8.34
654.00 0.650917 8.34
655.00 0.650917 8.34
656.00 0.650917 8.34
657.00 0.650917 8.34
658.00 0.650917 8.34
659.00 0.650917 8.34
660.00 0.650917 8.34
661.00 0.650917 8.34
662.00 0.650917 8.34
663.00 0.650917 8.34
664.00 0.650917 8.34
665.00 0.650917 8.34
666.00 0.650917 8.34
667.00 0.650917 8.34
668.00 0.650917 8.34
669.00 0.650917 8.34
670.00 0.650917 8.34
671.00 0.650917 8.34
672.00 0.650917 8.34
673.00 0.650917 8.34
674.00 0.650917 8.34
675.00 0.650917 8.34
676.00 0.650917 8.34
677.00 0.650917 8.34
678.00 0.650917 8.34
679.00 0.650917 8.34
680.00 0.650917 8.34
681.00 0.650917 8.34
682.00 0.650917 8.34
683.00 0.650917 8.34
684.00 0.650917 8.34
685.00 0.650917 8.34
686.00 0.650917 8.34
687.00 0.650917 8.34
688.00 0.650917 8.34
689.00 0.650917 8.34
690.00 0.650917 8.34
691.00 0.650917 8.34
692.00 0.650917 8.34
693.00 0.650917 8.34
694.00 0.650917 8.34
695.00 0.650917 8.34
696.00 0.650917 8.34
697.00 0.650917 8.34
698.00 0.650917 8.34
699.00 0.650917 8.34
700.00 0.650917 8.34
701.00 0.650917 8.34
702.00 0.650917 8.34
703.00 0.650917 8.34
704.00 0.650917 8.34
705.00 0.650917 8.34
706.00 0.650917 8.34
707.00 0.650917 8.34
708.00 0.650917 8.34
709.00 0.650917 8.34
710.00 0.650917 8.34
711.00 0.650917 8.34
712.00 0.650917 8.34
713.00 0.650917 8.34
714.00 0.650917 8.34
715.00 0.650917 8.34
716.00 0.650917 8.34
717.00 0.650917 8.34
718.00 0.650917 8.34
719.00 0.650917 8.34
720.00 0.650917 8.34
721.00 0.650917 8.34
722.00 0.650917 8.34
723.00 0.650917 8.34
724.00 0.650917 8.34
725.00 0.650917 8.34
726.00 0.650917 8.34
727.00 0.650917 8.34
728.00 0.650917 8.34
729.00 0.650917 8.34
730.00 0.650917 8.34
731.00 0.650917 8.34
732.00 0.650917 8.34
733.00 0.650917 8.34
734.00 0.650917 8.34
735.00 0.650917 8.34
736.00 0.650917 8.34
737.00 0.650917 8.34
738.00 0.650917 8.34
739.00 0.650917 8.34
740.00 0.650917 8.34
741.00 0.650916 8.34
742.00 0.650916 8.34
743.00 0.650916 8.34
744.00 0.650916 8.34
745.00 0.650916 8.34
746.00 0.650916 8.34
747.00 0.650916 8.34
748.00 0.650916 8.34
749.00 0.650916 8.34
750.00 0.650916 8.34
751.00 0.650916 8.34
752.00 0.650916 8.34
753.00 0.650916 8.34
754.00 0.650916 8.34
755.00 0.650916 8.34
756.00 0.650916 8.34
757.00 0.650916 8.34
758.00 0.650916 8.34
759.00 0.650916 8.34
760.00 0.650916 8.34
761.00 0.650916 8.34
762.00 0.650916 8.34
763.00 0.650916 8.34
764.00 0.650916 8.34
765.00 0.650916 8.34
766.00 0.650916 8.34
767.00 0.650916 8.34
768.00 0.650916 8.34
769.00 0.650916 8.34
770.00 0.650916 8.34
771.00 0.650916 8.34
772.00 0.650916 8.34
773.00 0.650916 8.34
774.00 0.650916 8.34
775.00 0.650916 8.34
776.00 0.650916 8.34
777.00 0.650916 8.34
778.00 0.650916 8.34
779.00 0.650916 8.34
780.00 0.650916 8.34
781.00 0.650916 8.34
782.00 0.650916 8.34
783.00 0.650916 8.34
784.00 0.650916 8.34
785.00 0.650916 8.34
786.00 0.650916 8.34
787.00 0.650916 8.34
788.00 0.650916 8.34
789.00 0.650916 8.34
790.00 0.650916 8.34
791.00 0.650916 8.34
792.00 0.650916 8.34
793.00 0.650916 8.34
794.00 0.650916 8.34
795.00 0.650916 8.34
796.00 0.650916 8.34
797.00 0.650916 8.34
798.00 0.650916 8.34
799.00 0.650916 8.34
800.00 0.650916 8.34
801.00 0.650916 8.34
802.00 0.650916 8.34
803.00 0.650916 8.34
804.00 0.650916 8.34
805.00 0.650916 8.34
806.00 0.650916 8.34
807.00 0.650916 8.34
808.00 0.650916 8.34
809.00 0.650916 8.34
810.00 0.650916 8.34
811.00 0.650916 8.34
812.00 0.650916 8.34
813.00 0.650916 8.34
814.00 0.650916 8.34
815.00 0.650916 8.34
816.00 0.650916 8.34
817.00 0.650916 8.34
818.00 0.650916 8.34
819.00 0.650916 8.34
820.00 0.650916 8.34
821.00 0.650916 8.34
822.00 0.650916 8.34
823.00 0.650916 8.34
824.00 0.650916 8.34
825.00 0.650916 8.34
826.00 0.650916 8.34
827.00 0.650916 8.34
828.00 0.650916 8.34
829.00 0.650916 8.34
830.00 0.650916 8.34
831.00 0.650916 8.34
832.00 0.650916 8.34
833.00 0.650916 8.34
834.00 0.650916 8.34
835.00 0.650916 8.34
836.00 0.650916 8.34
837.00 0.650916 8.34
838.00 0.650916 8.34
839.00 0.650916 8.34
840.00 0.650916 8.34
841.00 0.650916 8.34
842.00 0.650916 8.34
843.00 0.650916 8.34
844.00 0.650916 8.34
845.00 0.650916 8.34
846.00 0.650916 8.34
847.00 0.650916 8.34
848.00 0.650916 8.34
849.00 0.650916 8.34
850.00 0.650916 8.34
851.00 0.650916 8.34
852.00 0.650916 8.34
853.00 0.650916 8.34
854.00 0.650916 8.34
855.00 0.650916 8.34
856.00 0.650916 8.34
857.00 0.650916 8.34
858.00 0.650916 8.34
859.00 0.650916 8.34
860.00 0.650916 8.34
861.00 0.650916 8.34
862.00 0.650916 8.34
863.00 0.650916 8.34
864.00 0.650916 8.34
865.00 0.650916 8.34
866.00 0.650916 8.34
867.00 0.650916 8.34
868.00 0.650916 8.34
869.00 0.650916 8.34
870.00 0.650916 8.34
871.00 0.650916 8.34
872.00 0.650916 8.34
873.00 0.650916 8.34
874.00 0.650916 8.34
875.00 0.650916 8.34
876.00 0.650916 8.34
877.00 0.650916 8.34
878.00 0.650916 8.34
879.00 0.650916 8.34
880.00 0.650916 8.34
881.00 0.650916 8.34
882.00 0.650916 8.34
883.00 0.650916 8.34
884.00 0.650916 8.34
885.00 0.650916 8.34
886.00 0.650916 8.34
887.00 0.650916 8.34
888.00 0.650916 8.34
889.00 0.650916 8.34
890.00 0.650916 8.34
891.00 0.650916 8.34
892.00 0.650916 8.34
893.00 0.650916 8.34
894.00 0.650916 8.34
895.00 0.650916 8.34
896.00 0.650916 8.34
897.00 0.650916 8.34
898.00 0.650916 8.34
899.00 0.650916 8.34
900.00 0.650916 8.34
901.00 0.650916 8.34
902.00 0.650916 8.34
903.00 0.650916 8.34
904.00 0.650916 8.34
905.00 0.650916 8.34
906.00 0.650916 8.34
907.00 0.650916 8.34
908.00 0.650916 8.34
909.00 0.650916 8.34
910.00 0.650916 8.34
911.00 0.650916 8.34
912.00 0.650916 8.34
913.00 0.650916 8.34
914.00 0.650916 8.34
915.00 0.650916 8.34
916.00 0.650916 8.34
917.00 0.650916 8.34
918.00 0.650916 8.34
919.00 0.650916 8.34
920.00 0.650916 8.34
921.00 0.650916 8.34
922.00 0.650916 8.34
923.00 0.650916 8.34
924.00 0.650916 8.34
925.00 0.650916 8.34
926.00 0.650916 8.34
927.00 0.650916 8.34
928.00 0.650916 8.34
929.00 0.650916 8.34
930.00 0.650916 8.34
931.00 0.650916 8.34
932.00 0.650916 8.34
933.00 0.650916 8.34
934.00 0.650916 8.34
935.00 0.650916 8.34
936.00 0.650916 8.34
937.00 0.650916 8.34
938.00 0.650916 8.34
939.00 0.650916 8.34
940.00 0.650916 8.34
941.00 0.650916 8.34
942.00 0.650916 8.34
943.00 0.650916 8.34
944.00 0.650916 8.34
945.00 0.650916 8.34
946.00 0.650916 8.34
947.00 0.650916 8.34
948.00 0.650916 8.34
949.00 0.650916 8.34
950.00 0.650916 8.34
951.00 0.650916 8.34
952.00 0.650916 8.34
953.00 0.650916 8.34
954.00 0.650916 8.34
955.00 0.650916 8.34
956.00 0.650916 8.34
957.00 0.650916 8.34
958.00 0.650916 8.34
959.00 0.650916 8.34
960.00 0.650916 8.34
961.00 0.650916 8.34
962.00 0.650916 8.34
963.00 0.650916 8.34
964.00 0.650916 8.34
965.00 0.650916 8.34
966.00 0.650916 8.34
967.00 0.650916 8.34
968.00 0.650916 8.34
969.00 0.650916 8.34
970.00 0.650916 8.34
971.00 0.650916 8.34
972.00 0.650916 8.34
973.00 0.650916 8.34
974.00 0.650916 8.34
975.00 0.650916 8.34
976.00 0.650916 8.34
977.00 0.650916 8.34
978.00 0.650916 8.34
979.00 0.650916 8.34
980.00 0.650916 8.34
981.00 0.650916 8.34
982.00 0.650916 8.34
983.00 0.650916 8.34
984.00 0.650916 8.34
985.00 0.650916 8.34
986.00 0.650916 8.34
987.00 0.650916 8.34
988.00 0.650916 8.34
989.00 0.650916 8.34
990.00 0.650916 8.34
991.00 0.650916 8.34
992.00 0.650916 8.34
993.00 0.650916 8.34
994.00 0.650916 8.34
995.00 0.650916 8.34
996.00 0.650916 8.34
997.00 0.650916 8.34
998.00 0.650916 8.34
999.00 0.650916 8.34
1000.00 0.650916 8.34
1001.00 0.650916 8.34
1002.00 0.650916 8.34
1003.00 0.650916 8.34
1004.00 0.650916 8.34
1005.00 0.650916 8.34
1006.00 0.650916 8.34
1007.00 0.650916 8.34
1008.00 0.650916 8.34
1009.00 0.650916 8.34
1010.00 0.650916 8.34
1011.00 0.650916 8.34
1012.00 0.650916 8.34
1013.00 0.650916 8.34
1014.00 0.650916 8.34
1015.00 0.650916 8.34
1016.00 0.650916 8.34
1017.00 0.650916 8.34
1018.00 0.650916 8.34
1019.00 0.650916 8.34
1020.00 0.650916 8.34
1021.00 0.650916 8.34
1022.00 0.650916 8.34
1023.00 0.650916 8.34
1024.00 0.650916 8.34
1025.00 0.650916 8.34
1026.00 0.650916 8.34
1027.00 0.650916 8.34
1028.00 0.650916 8.34
1029.00 0.650916 8.34
1030.00 0.650916 8.34
1031.00 0.650916 8.34
1032.00 0.650916 8.34
1033.00 0.650916 8.34
1034.00 0.650916 8.34
1035.00 0.650916 8.34
1036.00 0.650916 8.34
1037.00 0.650916 8.34
1038.00 0.650916 8.34
1039.00 0.650916 8.34
1040.00 0.650916 8.34
1041.00 0.650916 8.34
1042.00 0.650916 8.34
1043.00 0.650916 8.34
1044.00 0.650916 8.34
1045.00 0.650916 8.34
1046.00 0.650916 8.34
1047.00 0.650916 8.34
1048.00 0.650916 8.34
1049.00 0.650916 8.34
1050.00 0.650916 8.34
1051.00 0.650916 8.34
1052.00 0.650916 8.34
1053.00 0.650916 8.34
1054.00 0.650916 8.34
1055.00 0.650916 8.34
1056.00 0.650916 8.34
1057.00 0.650916 8.34
1058.00 0.650916 8.34
1059.00 0.650916 8.34
1060.00 0.650916 8.34
1061.00 0.650916 8.34
1062.00 0.650916 8.34
1063.00 0.650916 8.34
1064.00 0.650916 8.34
1065.00 0.650916 8.34
1066.00 0.650916 8.34
1067.00 0.650916 8.34
1068.00 0.650916 8.34
1069.00 0.650916 8.34
1070.00 0.650916 8.34
1071.00 0.650916 8.34
1072.00 0.650916 8.34
1073.00 0.650916 8.34
1074.00 0.650916 8.34
1075.00 0.650916 8.34
1076.00 0.650916 8.34
1077.00 0.650916 8.34
1078.00 0.650916 8.34
1079.00 0.650916 8.34
1080.00 0.650916 8.34
1081.00 0.650916 8.34
1082.00 0.650916 8.34
1083.00 0.650916 8.34
1084.00 0.650916 8.34
1085.00 0.650916 8.34
1086.00 0.650916 8.34
1087.00 0.650916 8.34
1088.00 0.650916 8.34
1089.00 0.650916 8.34
1090.00 0.650916 8.34
1091.00 0.650916 8.34
1092.00 0.650916 8.34
1093.00 0.650916 8.34
1094.00 0.650916 8.34
1095.00 0.650916 8.34
1096.00 0.650916 8.34
1097.00 0.650916 8.34
1098.00 0.650916 8.34
1099.00 0.650916 8.34
1100.00 0.650916 8.34
1101.00 0.650916 8.34
1102.00 0.650916 8.34
1103.00 0.650916 8.34
1104.00 0.650916 8.34
1105.00 0.650916 8.34
1106.00 0.650916 8.34
1107.00 0.650916 8.34
1108.00 0.650916 8.34
1109.00 0.650916 8.34
1110.00 0.650916 8.34
1111.00 0.650916 8.34
1112.00 0.650916 8.34
1113.00 0.650916 8.34
1114.00 0.650916 8.34
1115.00 0.650916 8.34
1116.00 0.650916 8.34
1117.00 0.650916 8.34
1118.00 0.650916 8.34
1119.00 0.650916 8.34
1120.00 0.650916 8.34
1121.00 0.650916 8.34
1122.00 0.650916 8.34
1123.00 0.650916 8.34
1124.00 0.650916 8.34
1125.00 0.650916 8.34
1126.00 0.650916 8.34
1127.00 0.650916 8.34
1128.00 0.650916 8.34
1129.00 0.650916 8.34
1130.00 0.650916 8.34
1131.00 0.650916 8.34
1132.00 0.650916 8.34
1133.00 0.650916 8.34
1134.00 0.650916 8.34
1135.00 0.650916 8.34
1136.00 0.650916 8.34
1137.00 0.650916 8.34
1138.00 0.650916 8.34
1139.00 0.650916 8.34
1140.00 0.650916 8.34
1141.00 0.650916 8.34
1142.00 0.650916 8.34
1143.00 0.650916 8.34
1144.00 0.650916 8.34
1145.00 0.650916 8.34
1146.00 0.650916 8.34
1147.00 0.650916 8.34
1148.00 0.650916 8.34
1149.00 0.650916 8.34
1150.00 0.650916 8.34
1151.00 0.650916 8.34
1152.00 0.650916 8.34
1153.00 0.650916 8.34
1154.00 0.650916 8.34
1155.00 0.650916 8.34
1156.00 0.650916 8.34
1157.00 0.650916 8.34
1158.00 0.650916 8.34
1159.00 0.650916 8.34
1160.00 0.650916 8.34
1161.00 0.650916 8.34
1162.00 0.650916 8.34
1163.00 0.650916 8.34
1164.00 0.650916 8.34
1165.00 0.650916 8.34
1166.00 0.650916 8.34
1167.00 0.650916 8.34
1168.00 0.650916 8.34
1169.00 0.650916 8.34
1170.00 0.650916 8.34
1171.00 0.650916 8.34
1172.00 0.650916 8.34
1173.00 0.650916 8.34
1174.00 0.650916 8.34
1175.00 0.650916 8.34
1176.00 0.650916 8.34
1177.00 0.650916 8.34
1178.00 0.650916 8.34
1179.00 0.650916 8.34
1180.00 0.650916 8.34
1181.00 0.650916 8.34
1182.00 0.650916 8.34
1183.00 0.650916 8.34
1184.00 0.650916 8.34
1185.00 0.650916 8.34
1186.00 0.650916 8.34
1187.00 0.650916 8.34
1188.00 0.650916 8.34
1189.00 0.650916 8.34
1190.00 0.650916 8.34
1191.00 0.650916 8.34
1192.00 0.650916 8.34
1193.00 0.650916 8.34
1194.00 0.650916 8.34
1195.00 0.650916 8.34
1196.00 0.650916 8.34
1197.00 0.650916 8.34
1198.00 0.650916 8.34
1199.00 0.650916 8.34
1200.00 0.650916 8.34
1201.00 0.650916 8.34
1202.00 0.650916 8.34
1203.00 0.650916 8.34
1204.00 0.650916 8.34
1205.00 0.650916 8.34
1206.00 0.650916 8.34
1207.00 0.650916 8.34
1208.00 0.650916 8.34
1209.00 0.650916 8.34
1210.00 0.650916 8.34
1211.00 0.650916 8.34
1212.00 0.650916 8.34
1213.00 0.650916 8.34
1214.00 0.650916 8.34
1215.00 0.650916 8.34
1216.00 0.650916 8.34
1217.00 0.650916 8.34
1218.00 0.650916 8.34
1219.00 0.650916 8.34
1220.00 0.650916 8.34
1221.00 0.650916 8.34
1222.00 0.650916 8.34
1223.00 0.650916 8.34
1224.00 0.650916 8.34
1225.00 0.650916 8.34
1226.00 0.650916 8.34
1227.00 0.650916 8.34
1228.00 0.650916 8.34
1229.00 0.650916 8.34
1230.00 0.650916 8.34
1231.00 0.650916 8.34
1232.00 0.650916 8.34
1233.00 0.650916 8.34
1234.00 0.650916 8.34
1235.00 0.650916 8.34
1236.00 0.650916 8.34
1237.00 0.650916 8.34
1238.00 0.650916 8.34
1239.00 0.650916 8.34
1240.00 0.650916 8.34
1241.00 0.650916 8.34
1242.00 0.650916 8.34
1243.00 0.650916 8.34
1244.00 0.650916 8.34
1245.00 0.650916 8.34
1246.00 0.650916 8.34
1247.00 0.650916 8.34
1248.00 0.650916 8.34
1249.00 0.650916 8.34
1250.00 0.650916 8.34
1251.00 0.650916 8.34
1252.00 0.650916 8.34
1253.00 0.650916 8.34
1254.00 0.650916 8.34
1255.00 0.650916 8.34
1256.00 0.650916 8.34
1257.00 0.650916 8.34
1258.00 0.650916 8.34
1259.00 0.650916 8.34
1260.00 0.650916 8.34
1261.00 0.650916 8.34
1262.00 0.650916 8.34
1263.00 0.650916 8.34
1264.00 0.650916 8.34
1265.00 0.650916 8.34
1266.00 0.650916 8.34
1267.00 0.650916 8.34
1268.00 0.650916 8.34
1269.00 0.650916 8.34
1270.00 0.650916 8.34
1271.00 0.650916 8.34
1272.00 0.650916 8.34
1273.00 0.650916 8.34
1274.00 0.650916 8.34
1275.00 0.650916 8.34
1276.00 0.650916 8.34
1277.00 0.650916 8.34
1278.00 0.650916 8.34
1279.00 0.650916 8.34
1280.00 0.650916 8.34
1281.00 0.650916 8.34
1282.00 0.650916 8.34
1283.00 0.650916 8.34
1284.00 0.650916 8.34
1285.00 0.650916 8.34
1286.00 0.650916 8.34
1287.00 0.650916 8.34
1288.00 0.650916 8.34
1289.00 0.650916 8.34
1290.00 0.650916 8.34
1291.00 0.650916 8.34
1292.00 0.650916 8.34
1293.00 0.650916 8.34
1294.00 0.650916 8.34
1295.00 0.650916 8.34
1296.00 0.650916 8.34
1297.00 0.650916 8.34
1298.00 0.650916 8.34
1299.00 0.650916 8.34
1300.00 0.650916 8.34
1301.00 0.650916 8.34
1302.00 0.650916 8.34
1303.00 0.650916 8.34
1304.00 0.650916 8.34
1305.00 0.650916 8.34
1306.00 0.650916 8.34
1307.00 0.650916 8.34
1308.00 0.650916 8.34
1309.00 0.650916 8.34
1310.00 0.650916 8.34
1311.00 0.650916 8.34
1312.00 0.650916 8.34
1313.00 0.650916 8.34
1314.00 0.650916 8.34
1315.00 0.650916 8.34
1316.00 0.650916 8.34
1317.00 0.650916 8.34
1318.00 0.650916 8.34
1319.00 0.650916 8.34
1320.00 0.650916 8.34
1321.00 0.650916 8.34
1322.00 0.650916 8.34
1323.00 0.650916 8.34
1324.00 0.650916 8.34
1325.00 0.650916 8.34
1326.00 0.650916 8.34
1327.00 0.650916 8.34
1328.00 0.650916 8.34
1329.00 0.650916 8.34
1330.00 0.650916 8.34
1331.00 0.650916 8.34
1332.00 0.650916 8.34
1333.00 0.650916 8.34
1334.00 0.650916 8.34
1335.00 0.650916 8.34
1336.00 0.650916 8.34
1337.00 0.650916 8.34
1338.00 0.650916 8.34
1339.00 0.650916 8.34
1340.00 0.650916 8.34
1341.00 0.650916 8.34
1342.00 0.650916 8.34
1343.00 0.650916 8.34
1344.00 0.650916 8.34
1345.00 0.650916 8.34
1346.00 0.650916 8.34
1347.00 0.650916 8.34
1348.00 0.650916 8.34
1349.00 0.650916 8.34
1350.00 0.650916 8.34
1351.00 0.650916 8.34
1352.00 0.650916 8.34
1353.00 0.650916 8.34
1354.00 0.650916 8.34
1355.00 0.650916 8.34
1356.00 0.650916 8.34
1357.00 0.650916 8.34
1358.00 0.650916 8.34
1359.00 0.650916 8.34
1360.00 0.650916 8.34
1361.00 0.650916 8.34
1362.00 0.650916 8.34
1363.00 0.650916 8.34
1364.00 0.650916 8.34
1365.00 0.650916 8.34
1366.00 0.650916 8.34
1367.00 0.650916 8.34
1368.00 0.650916 8.34
1369.00 0.650916 8.34
1370.00 0.650916 8.34
1371.00 0.650916 8.34
1372.00 0.650916 8.34
1373.00 0.650916 8.34
1374.00 0.650916 8.34
1375.00 0.650916 8.34
1376.00 0.650916 8.34
1377.00 0.650916 8.34
1378.00 0.650916 8.34
1379.00 0.650916 8.34
1380.00 0.650916 8.34
1381.00 0.650916 8.34
1382.00 0.650916 8.34
1383.00 0.650916 8.34
1384.00 0.650916 8.34
1385.00 0.650916 8.34
1386.00 0.650916 8.34
1387.00 0.650916 8.34
1388.00 0.650916 8.34
1389.00 0.650916 8.34
1390.00 0.650916 8.34
1391.00 0.650916 8.34
1392.00 0.650916 8.34
1393.00 0.650916 8.34
1394.00 0.650916 8.34
1395.00 0.650916 8.34
1396.00 0.650916 8.34
1397.00 0.650916 8.34
1398.00 0.650916 8.34
1399.00 0.650916 8.34
1400.00 0.650916 8.34
1401.00 0.650916 8.34
1402.00 0.650916 8.34
1403.00 0.650916 8.34
1404.00 0.650916 8.34
1405.00 0.650916 8.34
1406.00 0.650916 8.34
1407.00 0.650916 8.34
1408.00 0.650916 8.34
1409.00 0.650916 8.34
1410.00 0.650916 8.34
1411.00 0.650916 8.34
1412.00 0.650916 8.34
1413.00 0.650916 8.34
1414.00 0.650916 8.34
1415.00 0.650916 8.34
1416.00 0.650916 8.34
1417.00 0.650916 8.34
1418.00 0.650916 8.34
1419.00 0.650916 8.34
1420.00 0.650916 8.34
1421.00 0.650916 8.34
1422.00 0.650916 8.34
1423.00 0.650916 8.34
1424.00 0.650916 8.34
1425.00 0.650916 8.34
1426.00 0.650916 8.34
1427.00 0.650916 8.34
1428.00 0.650916 8.34
1429.00 0.650916 8.34
1430.00 0.650916 8.34
1431.00 0.650916 8.34
1432.00 0.650916 8.34
1433.00 0.650916 8.34
1434.00 0.650916 8.34
1435.00 0.650916 8.34
1436.00 0.650916 8.34
1437.00 0.650916 8.34
1438.00 0.650916 8.34
1439.00 0.650916 8.34
1440.00 0.650916 8.34
1441.00 0.650916 8.34
1442.00 0.650916 8.34
1443.00 0.650916 8.34
1444.00 0.650916 8.34
1445.00 0.650916 8.34
1446.00 0.650916 8.34
1447.00 0.650916 8.34
1448.00 0.650916 8.34
1449.00 0.650916 8.34
1450.00 0.650916 8.34
1451.00 0.650916 8.34
1452.00 0.650916 8.34
1453.00 0.650916 8.34
1454.00 0.650916 8.34
1455.00 0.650916 8.34
1456.00 0.650916 8.34
1457.00 0.650916 8.34
1458.00 0.650916 8.34
1459.00 0.650916 8.34
1460.00 0.650916 8.34
1461.00 0.650916 8.34
1462.00 0.650916 8.34
1463.00 0.650916 8.34
1464.00 0.650916 8.34
1465.00 0.650916 8.34
1466.00 0.650916 8.34
1467.00 0.650916 8.34
1468.00 0.650916 8.34
1469.00 0.650916 8.34
1470.00 0.650916 8.34
1471.00 0.650916 8.34
1472.00 0.650916 8.34
1473.00 0.650916 8.34
1474.00 0.650916 8.34
1475.00 0.650916 8.34
1476.00 0.650916 8.34
1477.00 0.650916 8.34
1478.00 0.650916 8.34
1479.00 0.650916 8.34
1480.00 0.650916 8.34
1481.00 0.650916 8.34
1482.00 0.650916 8.34
1483.00 0.650916 8.34
1484.00 0.650916 8.34
1485.00 0.650916 8.34
1486.00 0.650916 8.34
1487.00 0.650916 8.34
1488.00 0.650916 8.34
1489.00 0.650916 8.34
1490.00 0.650916 8.34
1491.00 0.650916 8.34
1492.00 0.650916 8.34
1493.00 0.650916 8.34
1494.00 0.650916 8.34
1495.00 0.650916 8.34
1496.00 0.650916 8.34
1497.00 0.650916 8.34
1498.00 0.650916 8.34
1499.00 0.650916 8.34
1500.00 0.650916 8.34
1501.00 0.650916 8.34
1502.00 0.650916 8.34
1503.00 0.650916 8.34
1504.00 0.650916 8.34
1505.00 0.650916 8.34
1506.00 0.650916 8.34
1507.00 0.650916 8.34
1508.00 0.650916 8.34
1509.00 0.650916 8.34
1510.00 0.650916 8.34
1511.00 0.650916 8.34
1512.00 0.650916 8.34
1513.00 0.650916 8.34
1514.00 0.650916 8.34
1515.00 0.650916 8.34
1516.00 0.650916 8.34
1517.00 0.650916 8.34
1518.00 0.650916 8.34
1519.00 0.650916 8.34
1520.00 0.650916 8.34
1521.00 0.650916 8.34
1522.00 0.650916 8.34
1523.00 0.650916 8.34
1524.00 0.650916 8.34
1525.00 0.650916 8.34
1526.00 0.650916 8.34
1527.00 0.650916 8.34
1528.00 0.650916 8.34
1529.00 0.650916 8.34
1530.00 0.650916 8.34
1531.00 0.650916 8.34
1532.00 0.650916 8.34
1533.00 0.650916 8.34
1534.00 0.650916 8.34
1535.00 0.650916 8.34
1536.00 0.650916 8.34
1537.00 0.650916 8.34
1538.00 0.650916 8.34
1539.00 0.650916 8.34
1540.00 0.650916 8.34
1541.00 0.650916 8.34
1542.00 0.650916 8.34
1543.00 0.650916 8.34
1544.00 0.650916 8.34
1545.00 0.650916 8.34
1546.00 0.650916 8.34
1547.00 0.650916 8.34
1548.00 0.650916 8.34
1549.00 0.650916 8.34
1550.00 0.650916 8.34
1551.00 0.650916 8.34
1552.00 0.650916 8.34
1553.00 0.650916 8.34
1554.00 0.650916 8.34
1555.00 0.650916 8.34
1556.00 0.650916 8.34
1557.00 0.650916 8.34
1558.00 0.650916 8.34
1559.00 0.650916 8.34
1560.00 0.650916 8.34
1561.00 0.650916 8.34
1562.00 0.650916 8.34
1563.00 0.650916 8.34
1564.00 0.650916 8.34
1565.00 0.650916 8.34
1566.00 0.650916 8.34
1567.00 0.650916 8.34
1568.00 0.650916 8.34
1569.00 0.650916 8.34
1570.00 0.650916 8.34
1571.00 0.650916 8.34
1572.00 0.650916 8.34
1573.00 0.650916 8.34
1574.00 0.650916 8.34
1575.00 0.650916 8.34
1576.00 0.650916 8.34
1577.00 0.650916 8.34
1578.00 0.650916 8.34
1579.00 0.650916 8.34
1580.00 0.650916 8.34
1581.00 0.650916 8.34
1582.00 0.650916 8.34
1583.00 0.650916 8.34
1584.00 0.650916 8.34
1585.00 0.650916 8.34
1586.00 0.650916 8.34
1587.00 0.650916 8.34
1588.00 0.650916 8.34
1589.00 0.650916 8.34
1590.00 0.650916 8.34
1591.00 0.650916 8.34
1592.00 0.650916 8.34
1593.00 0.650916 8.34
1594.00 0.650916 8.34
1595.00 0.650916 8.34
1596.00 0.650916 8.34
1597.00 0.650916 8.34
1598.00 0.650916 8.34
1599.00 0.650916 8.34
1600.00 0.650916 8.34
1601.00 0.650916 8.34
1602.00 0.650916 8.34
1603.00 0.650916 8.34
1604.00 0.650916 8.34
1605.00 0.650916 8.34
1606.00 0.650916 8.34
1607.00 0.650916 8.34
1608.00 0.650916 8.34
1609.00 0.650916 8.34
1610.00 0.650916 8.34
1611.00 0.650916 8.34
1612.00 0.650916 8.34
1613.00 0.650916 8.34
1614.00 0.650916 8.34
1615.00 0.650916 8.34
1616.00 0.650916 8.34
1617.00 0.650916 8.34
1618.00 0.650916 8.34
1619.00 0.650916 8.34
1620.00 0.650916 8.34
1621.00 0.650916 8.34
1622.00 0.650916 8.34
1623.00 0.650916 8.34
1624.00 0.650916 8.34
1625.00 0.650916 8.34
1626.00 0.650916 8.34
1627.00 0.650916 8.34
1628.00 0.650916 8.34
1629.00 0.650916 8.34
1630.00 0.650916 8.34
1631.00 0.650916 8.34
1632.00 0.650916 8.34
1633.00 0.650916 8.34
1634.00 0.650916 8.34
1635.00 0.650916 8.34
1636.00 0.650916 8.34
1637.00 0.650916 8.34
1638.00 0.650916 8.34
1639.00 0.650916 8.34
1640.00 0.650916 8.34
1641.00 0.650916 8.34
1642.00 0.650916 8.34
1643.00 0.650916 8.34
1644.00 0.650916 8.34
1645.00 0.650916 8.34
1646.00 0.650916 8.34
1647.00 0.650916 8.34
1648.00 0.650916 8.34
1649.00 0.650916 8.34
1650.00 0.650916 8.34
1651.00 0.650916 8.34
1652.00 0.650916 8.34
1653.00 0.650916 8.34
1654.00 0.650916 8.34
1655.00 0.650916 8.34
1656.00 0.650916 8.34
1657.00 0.650916 8.34
1658.00 0.650916 8.34
1659.00 0.650916 8.34
1660.00 0.650916 8.34
1661.00 0.650916 8.34
1662.00 0.650916 8.34
1663.00 0.650916 8.34
1664.00 0.650916 8.34
1665.00 0.650916 8.34
1666.00 0.650916 8.34
1667.00 0.650916 8.34
1668.00 0.650916 8.34
1669.00 0.650916 8.34
1670.00 0.650916 8.34
1671.00 0.650916 8.34
1672.00 0.650916 8.34
1673.00 0.650916 8.34
1674.00 0.650916 8.34
1675.00 0.650916 8.34
1676.00 0.650916 8.34
1677.00 0.650916 8.34
1678.00 0.650916 8.34
1679.00 0.650916 8.34
1680.00 0.650916 8.34
1681.00 0.650916 8.34
1682.00 0.650916 8.34
1683.00 0.650916 8.34
1684.00 0.650916 8.34
1685.00 0.650916 8.34
1686.00 0.650916 8.34
1687.00 0.650916 8.34
1688.00 0.650916 8.34
1689.00 0.650916 8.34
1690.00 0.650916 8.34
1691.00 0.650916 8.34
1692.00 0.650916 8.34
1693.00 0.650916 8.34
1694.00 0.650916 8.34
1695.00 0.650916 8.34
1696.00 0.650916 8.34
1697.00 0.650916 8.34
1698.00 0.650916 8.34
1699.00 0.650916 8.34
1700.00 0.650916 8.34
1701.00 0.650916 8.34
1702.00 0.650916 8.34
1703.00 0.650916 8.34
1704.00 0.650916 8.34
1705.00 0.650916 8.34
1706.00 0.650916 8.34
1707.00 0.650916 8.34
1708.00 0.650916 8.34
1709.00 0.650916 8.34
1710.00 0.650916 8.34
1711.00 0.650916 8.34
1712.00 0.650916 8.34
1713.00 0.650916 8.34
1714.00 0.650916 8.34
1715.00 0.650916 8.34
1716.00 0.650916 8.34
1717.00 0.650916 8.34
1718.00 0.650916 8.34
1719.00 0.650916 8.34
1720.00 0.650916 8.34
1721.00 0.650916 8.34
1722.00 0.650916 8.34
1723.00 0.650916 8.34
1724.00 0.650916 8.34
1725.00 0.650916 8.34
1726.00 0.650916 8.34
1727.00 0.650916 8.34
1728.00 0.650916 8.34
1729.00 0.650916 8.34
1730.00 0.650916 8.34
1731.00 0.650916 8.34
1732.00 0.650916 8.34
1733.00 0.650916 8.34
1734.00 0.650916 8.34
1735.00 0.650916 8.34
1736.00 0.650916 8.34
1737.00 0.650916 8.34
1738.00 0.650916 8.34
1739.00 0.650916 8.34
1740.00 0.650916 8.34
1741.00 0.650916 8.34
1742.00 0.650916 8.34
1743.00 0.650916 8.34
1744.00 0.650916 8.34
1745.00 0.650916 8.34
1746.00 0.650916 8.34
1747.00 0.650916 8.34
1748.00 0.650916 8.34
1749.00 0.650916 8.34
1750.00 0.650916 8.34
1751.00 0.650916 8.34
1752.00 0.650916 8.34
1753.00 0.650916 8.34
1754.00 0.650916 8.34
1755.00 0.650916 8.34
1756.00 0.650916 8.34
1757.00 0.650916 8.34
1758.00 0.650916 8.34
1759.00 0.650916 8.34
1760.00 0.650916 8.34
1761.00 0.650916 8.34
1762.00 0.650916 8.34
1763.00 0.650916 8.34
1764.00 0.650916 8.34
1765.00 0.650916 8.34
1766.00 0.650916 8.34
1767.00 0.650916 8.34
1768.00 0.650916 8.34
1769.00 0.650916 8.34
1770.00 0.650916 8.34
1771.00 0.650916 8.34
1772.00 0.650916 8.34
1773.00 0.650916 8.34
1774.00 0.650916 8.34
1775.00 0.650916 8.34
1776.00 0.650916 8.34
1777.00 0.650916 8.34
1778.00 0.650916 8.34
1779.00 0.650916 8.34
1780.00 0.650916 8.34
1781.00 0.650916 8.34
1782.00 0.650916 8.34
1783.00 0.650916 8.34
1784.00 0.650916 8.34
1785.00 0.650916 8.34
1786.00 0.650916 8.34
1787.00 0.650916 8.34
1788.00 0.650916 8.34
1789.00 0.650916 8.34
1790.00 0.650916 8.34
1791.00 0.650916 8.34
1792.00 0.650916 8.34
1793.00 0.650916 8.34
1794.00 0.650916 8.34
1795.00 0.650916 8.34
1796.00 0.650916 8.34
1797.00 0.650916 8.34
1798.00 0.650916 8.34
1799.00 0.650916 8.34
1800.00 0.650916 8.34
1801.00 0.650916 8.34
1802.00 0.650916 8.34
1803.00 0.650916 8.34
1804.00 0.650916 8.34
1805.00 0.650916 8.34
1806.00 0.650916 8.34
1807.00 0.650916 8.34
1808.00 0.650916 8.34
1809.00 0.650916 8.34
1810.00 0.650916 8.34
1811.00 0.650916 8.34
1812.00 0.650916 8.34
1813.00 0.650916 8.34
1814.00 0.650916 8.34
1815.00 0.650916 8.34
1816.00 0.650916 8.34
1817.00 0.650916 8.34
1818.00 0.650916 8.34
1819.00 0.650916 8.34
1820.00 0.650916 8.34
1821.00 0.650916 8.34
1822.00 0.650916 8.34
1823.00 0.650916 8.34
1824.00 0.650916 8.34
1825.00 0.650916 8.34
1826.00 0.650916 8.34
1827.00 0.650916 8.34
1828.00 0.650916 8.34
1829.00 0.650916 8.34
1830.00 0.650916 8.34
1831.00 0.650916 8.34
1832.00 0.650916 8.34
1833.00 0.650916 8.34
1834.00 0.650916 8.34
1835.00 0.650916 8.34
1836.00 0.650916 8.34
1837.00 0.650916 8.34
1838.00 0.650916 8.34
1839.00 0.650916 8.34
1840.00 0.650916 8.34
1841.00 0.650916 8.34
1842.00 0.650916 8.34
1843.00 0.650916 8.34
1844.00 0.650916 8.34
1845.00 0.650916 8.34
1846.00 0.650916 8.34
1847.00 0.650916 8.34
1848.00 0.650916 8.34
1849.00 0.650916 8.34
1850.00 0.650916 8.34
1851.00 0.650916 8.34
1852.00 0.650916 8.34
1853.00 0.650916 8.34
1854.00 0.650916 8.34
1855.00 0.650916 8.34
1856.00 0.650916 8.34
1857.00 0.650916 8.34
1858.00 0.650916 8.34
1859.00 0.650916 8.34
1860.00 0.650916 8.34
1861.00 0.650916 8.34
1862.00 0.650916 8.34
1863.00 0.650916 8.34
1864.00 0.650916 8.34
1865.00 0.650916 8.34
1866.00 0.650916 8.34
1867.00 0.650916 8.34
1868.00 0.650916 8.34
1869.00 0.650916 8.34
1870.00 0.650916 8.34
1871.00 0.650916 8.34
1872.00 0.650916 8.34
1873.00 0.650916 8.34
1874.00 0.650916 8.34
1875.00 0.650916 8.34
1876.00 0.650916 8.34
1877.00 0.650916 8.34
1878.00 0.650916 8.34
1879.00 0.650916 8.34
1880.00 0.650916 8.34
1881.00 0.650916 8.34
1882.00 0.650916 8.34
1883.00 0.650916 8.34
1884.00 0.650916 8.34
1885.00 0.650916 8.34
1886.00 0.650916 8.34
1887.00 0.650916 8.34
1888.00 0.650916 8.34
1889.00 0.650916 8.34
1890.00 0.650916 8.34
1891.00 0.650916 8.34
1892.00 0.650916 8.34
1893.00 0.650916 8.34
1894.00 0.650916 8.34
1895.00 0.650916 8.34
1896.00 0.650916 8.34
1897.00 0.650916 8.34
1898.00 0.650916 8.34
1899.00 0.650916 8.34
1900.00 0.650916 8.34
1901.00 0.650916 8.34
1902.00 0.650916 8.34
1903.00 0.650916 8.34
1904.00 0.650916 8.34
1905.00 0.650916 8.34
1906.00 0.650916 8.34
1907.00 0.650916 8.34
1908.00 0.650916 8.34
1909.00 0.650916 8.34
1910.00 0.650916 8.34
1911.00 0.650916 8.34
1912.00 0.650916 8.34
1913.00 0.650916 8.34
1914.00 0.650916 8.34
1915.00 0.650916 8.34
1916.00 0.650916 8.34
1917.00 0.650916 8.34
1918.00 0.650916 8.34
1919.00 0.650916 8.34
1920.00 0.650916 8.34
1921.00 0.650916 8.34
1922.00 0.650916 8.34
1923.00 0.650916 8.34
1924.00 0.650916 8.34
1925.00 0.650916 8.34
1926.00 0.650916 8.34
1927.00 0.650916 8.34
1928.00 0.650916 8.34
1929.00 0.650916 8.34
1930.00 0.650916 8.34
1931.00 0.650916 8.34
1932.00 0.650916 8.34
1933.00 0.650916 8.34
1934.00 0.650916 8.34
1935.00 0.650916 8.34
1936.00 0.650916 8.34
1937.00 0.650916 8.34
1938.00 0.650916 8.34
1939.00 0.650916 8.34
1940.00 0.650916 8.34
1941.00 0.650916 8.34
1942.00 0.650916 8.34
1943.00 0.650916 8.34
1944.00 0.650916 8.34
1945.00 0.650916 8.34
1946.00 0.650916 8.34
1947.00 0.650916 8.34
1948.00 0.650916 8.34
1949.00 0.650916 8.34
1950.00 0.650916 8.34
1951.00 0.650916 8.34
1952.00 0.650916 8.34
1953.00 0.650916 8.34
1954.00 0.650916 8.34
1955.00 0.650916 8.34
1956.00 0.650916 8.34
1957.00 0.650916 8.34
1958.00 0.650916 8.34
1959.00 0.650916 8.34
1960.00 0.650916 8.34
1961.00 0.650916 8.34
1962.00 0.650916 8.34
1963.00 0.650916 8.34
1964.00 0.650916 8.34
1965.00 0.650916 8.34
1966.00 0.650916 8.34
1967.00 0.650916 8.34
1968.00 0.650916 8.34
1969.00 0.650916 8.34
1970.00 0.650916 8.34
1971.00 0.650916 8.34
1972.00 0.650916 8.34
1973.00 0.650916 8.34
1974.00 0.650916 8.34
1975.00 0.650916 8.34
1976.00 0.650916 8.34
1977.00 0.650916 8.34
1978.00 0.650916 8.34
1979.00 0.650916 8.34
1980.00 0.650916 8.34
1981.00 0.650916 8.34
1982.00 0.650916 8.34
1983.00 0.650916 8.34
1984.00 0.650916 8.34
1985.00 0.650916 8.34
1986.00 0.650916 8.34
1987.00 0.650916 8.34
1988.00 0.650916 8.34
1989.00 0.650916 8.34
1990.00 0.650916 8.34
1991.00 0.650916 8.34
1992.00 0.650916 8.34
1993.00 0.650916 8.34
1994.00 0.650916 8.34
1995.00 0.650916 8.34
1996.00 0.650916 8.34
1997.00 0.650916 8.34
1998.00 0.650916 8.34
1999.00 0.650916 8.34
2000.00 0.650916 8.34
