0.00 4.418363 29.86
1.00 4.416045 29.86
2.00 4.413727 29.86
3.00 4.411408 29.86
4.00 4.409088 29.86
5.00 4.406767 29.86
6.00 4.404446 29.86
7.00 4.402144 29.83
8.00 4.399875 29.83
9.00 4.397620 29.83
10.00 4.395383 29.82
11.00 4.393167 29.82
12.00 4.390966 29.82
13.00 4.388778 29.82
14.00 4.386602 29.82
15.00 4.384440 29.80
16.00 4.382318 29.80
17.00 4.380210 29.80
18.00 4.378117 29.79
19.00 4.376056 29.79
20.00 4.374014 29.78
21.00 4.372007 29.77
22.00 4.370021 29.76
23.00 4.368081 29.76
24.00 4.366159 29.76
25.00 4.364256 29.75
26.00 4.362375 29.75
27.00 4.360509 29.75
28.00 4.358655 29.75
29.00 4.356809 29.75
30.00 4.354971 29.75
31.00 4.353138 29.75
32.00 4.351309 29.75
33.00 4.349482 29.75
34.00 4.347656 29.75
35.00 4.345831 29.74
36.00 4.344009 29.74
37.00 4.342188 29.73
38.00 4.340399 29.72
39.00 4.338620 29.72
40.00 4.336861 29.71
41.00 4.335114 29.71
42.00 4.333373 29.71
43.00 4.331637 29.71
44.00 4.329924 29.70
45.00 4.328236 29.70
46.00 4.326555 29.70
47.00 4.324878 29.70
48.00 4.323219 29.67
49.00 4.321606 29.67
50.00 4.320008 29.67
51.00 4.318423 29.67
52.00 4.316848 29.67
53.00 4.315281 29.67
54.00 4.313722 29.67
55.00 4.312169 29.67
56.00 4.310621 29.67
57.00 4.309077 29.67
58.00 4.307546 29.65
59.00 4.306042 29.65
60.00 4.304556 29.64
61.00 4.303101 29.64
62.00 4.301658 29.64
63.00 4.300249 29.62
64.00 4.298864 29.62
65.00 4.297509 29.61
66.00 4.296179 29.61
67.00 4.294865 29.61
68.00 4.293579 29.60
69.00 4.292315 29.60
70.00 4.291065 29.60
71.00 4.289828 29.60
72.00 4.288602 29.59
73.00 4.287404 29.59
74.00 4.286223 29.58
75.00 4.285067 29.58
76.00 4.283925 29.58
77.00 4.282796 29.58
78.00 4.281679 29.58
79.00 4.280582 29.57
80.00 4.279509 29.56
81.00 4.278458 29.56
82.00 4.277438 29.55
83.00 4.276446 29.55
84.00 4.275472 29.55
85.00 4.274513 29.55
86.00 4.273571 29.54
87.00 4.272651 29.54
88.00 4.271745 29.54
89.00 4.270853 29.53
90.00 4.269975 29.53
91.00 4.269113 29.52
92.00 4.268265 29.52
93.00 4.267430 29.52
94.00 4.266606 29.51
95.00 4.265813 29.49
96.00 4.265044 29.49
97.00 4.264291 29.49
98.00 4.263554 29.48
99.00 4.262842 29.47
100.00 4.262146 29.47
101.00 4.261464 29.47
102.00 4.260796 29.47
103.00 4.260140 29.47
104.00 4.259496 29.47
105.00 4.258863 29.47
106.00 4.258240 29.47
107.00 4.257627 29.47
108.00 4.257024 29.47
109.00 4.256428 29.47
110.00 4.255841 29.47
111.00 4.255262 29.47
112.00 4.254693 29.46
113.00 4.254143 29.46
114.00 4.253602 29.46
115.00 4.253070 29.45
116.00 4.252554 29.45
117.00 4.252051 29.44
118.00 4.251560 29.44
119.00 4.251078 29.44
120.00 4.250606 29.44
121.00 4.250143 29.44
122.00 4.249689 29.44
123.00 4.249244 29.43
124.00 4.248808 29.43
125.00 4.248379 29.43
126.00 4.247957 29.43
127.00 4.247543 29.43
128.00 4.247135 29.43
129.00 4.246733 29.43
130.00 4.246342 29.42
131.00 4.245966 29.42
132.00 4.245598 29.42
133.00 4.245238 29.42
134.00 4.244885 29.42
135.00 4.244539 29.42
136.00 4.244200 29.42
137.00 4.243867 29.42
138.00 4.243541 29.42
139.00 4.243220 29.42
140.00 4.242904 29.42
141.00 4.242594 29.42
142.00 4.242289 29.42
143.00 4.241989 29.42
144.00 4.241694 29.42
145.00 4.241403 29.42
146.00 4.241117 29.42
147.00 4.240834 29.42
148.00 4.240556 29.42
149.00 4.240281 29.42
150.00 4.240010 29.42
151.00 4.239743 29.42
152.00 4.239479 29.42
153.00 4.239218 29.42
154.00 4.238960 29.42
155.00 4.238706 29.42
156.00 4.238454 29.42
157.00 4.238205 29.42
158.00 4.237959 29.42
159.00 4.237715 29.42
160.00 4.237474 29.42
161.00 4.237235 29.42
162.00 4.237001 29.41
163.00 4.236777 29.40
164.00 4.236564 29.40
165.00 4.236357 29.40
166.00 4.236154 29.40
167.00 4.235957 29.40
168.00 4.235764 29.40
169.00 4.235574 29.40
170.00 4.235389 29.40
171.00 4.235208 29.40
172.00 4.235031 29.40
173.00 4.234857 29.40
174.00 4.234686 29.40
175.00 4.234519 29.40
176.00 4.234355 29.40
177.00 4.234193 29.40
178.00 4.234035 29.40
179.00 4.233880 29.40
180.00 4.233728 29.40
181.00 4.233578 29.40
182.00 4.233431 29.40
183.00 4.233286 29.40
184.00 4.233144 29.39
185.00 4.233005 29.39
186.00 4.232869 29.39
187.00 4.232735 29.39
188.00 4.232604 29.39
189.00 4.232475 29.39
190.00 4.232348 29.39
191.00 4.232223 29.39
192.00 4.232100 29.39
193.00 4.231980 29.38
194.00 4.231865 29.38
195.00 4.231753 29.38
196.00 4.231643 29.38
197.00 4.231536 29.38
198.00 4.231431 29.38
199.00 4.231329 29.38
200.00 4.231229 29.38
201.00 4.231131 29.38
202.00 4.231035 29.38
203.00 4.230942 29.38
204.00 4.230850 29.38
205.00 4.230760 29.38
206.00 4.230672 29.38
207.00 4.230586 29.38
208.00 4.230502 29.38
209.00 4.230420 29.38
210.00 4.230339 29.38
211.00 4.230260 29.38
212.00 4.230182 29.38
213.00 4.230106 29.38
214.00 4.230032 29.38
215.00 4.229959 29.38
216.00 4.229888 29.38
217.00 4.229818 29.38
218.00 4.229749 29.38
219.00 4.229681 29.38
220.00 4.229615 29.38
221.00 4.229551 29.38
222.00 4.229487 29.38
223.00 4.229425 29.38
224.00 4.229363 29.38
225.00 4.229303 29.38
226.00 4.229245 29.38
227.00 4.229187 29.38
228.00 4.229130 29.38
229.00 4.229074 29.38
230.00 4.229020 29.38
231.00 4.228966 29.38
232.00 4.228914 29.38
233.00 4.228862 29.38
234.00 4.228811 29.38
235.00 4.228761 29.38
236.00 4.228713 29.38
237.00 4.228664 29.38
238.00 4.228617 29.38
239.00 4.228571 29.38
240.00 4.228525 29.38
241.00 4.228481 29.38
242.00 4.228437 29.38
243.00 4.228394 29.38
244.00 4.228351 29.38
245.00 4.228310 29.38
246.00 4.228269 29.38
247.00 4.228229 29.38
248.00 4.228189 29.38
249.00 4.228150 29.38
250.00 4.228112 29.38
251.00 4.228074 29.38
252.00 4.228038 29.38
253.00 4.228001 29.38
254.00 4.227966 29.38
255.00 4.227931 29.38
256.00 4.227896 29.38
257.00 4.227862 29.38
258.00 4.227829 29.38
259.00 4.227796 29.38
260.00 4.227764 29.38
261.00 4.227732 29.38
262.00 4.227701 29.38
263.00 4.227671 29.38
264.00 4.227640 29.38
265.00 4.227611 29.38
266.00 4.227582 29.38
267.00 4.227553 29.38
268.00 4.227525 29.38
269.00 4.227497 29.38
270.00 4.227470 29.38
271.00 4.227443 29.38
272.00 4.227416 29.38
273.00 4.227390 29.38
274.00 4.227365 29.38
275.00 4.227340 29.38
276.00 4.227315 29.38
277.00 4.227291 29.38
278.00 4.227267 29.38
279.00 4.227243 29.38
280.00 4.227220 29.38
281.00 4.227197 29.38
282.00 4.227174 29.38
283.00 4.227152 29.38
284.00 4.227130 29.38
285.00 4.227109 29.38
286.00 4.227088 29.38
287.00 4.227067 29.38
288.00 4.227047 29.38
289.00 4.227026 29.38
290.00 4.227007 29.38
291.00 4.226987 29.38
292.00 4.226968 29.38
293.00 4.226949 29.38
294.00 4.226930 29.38
295.00 4.226912 29.38
296.00 4.226894 29.38
297.00 4.226876 29.38
298.00 4.226859 29.38
299.00 4.226841 29.38
300.00 4.226824 29.38
301.00 4.226808 29.38
302.00 4.226791 29.38
303.00 4.226775 29.38
304.00 4.226759 29.38
305.00 4.226743 29.38
306.00 4.226728 29.38
307.00 4.226712 29.38
308.00 4.226697 29.38
309.00 4.226683 29.38
310.00 4.226668 29.38
311.00 4.226654 29.38
312.00 4.226640 29.38
313.00 4.226626 29.38
314.00 4.226612 29.38
315.00 4.226598 29.38
316.00 4.226585 29.38
317.00 4.226572 29.38
318.00 4.226559 29.38
319.00 4.226546 29.38
320.00 4.226534 29.38
321.00 4.226521 29.38
322.00 4.226509 29.38
323.00 4.226497 29.38
324.00 4.226485 29.38
325.00 4.226474 29.38
326.00 4.226462 29.38
327.00 4.226451 29.38
328.00 4.226440 29.38
329.00 4.226429 29.38
330.00 4.226418 29.38
331.00 4.226407 29.38
332.00 4.226397 29.38
333.00 4.226387 29.38
334.00 4.226376 29.38
335.00 4.226366 29.38
336.00 4.226356 29.38
337.00 4.226347 29.38
338.00 4.226337 29.38
339.00 4.226328 29.38
340.00 4.226318 29.38
341.00 4.226309 29.38
342.00 4.226300 29.38
343.00 4.226291 29.38
344.00 4.226282 29.38
345.00 4.226274 29.38
346.00 4.226265 29.38
347.00 4.226257 29.38
348.00 4.226248 29.38
349.00 4.226240 29.38
350.00 4.226232 29.38
351.00 4.226224 29.38
352.00 4.226216 29.38
353.00 4.226209 29.38
354.00 4.226201 29.38
355.00 4.226193 29.38
356.00 4.226186 29.38
357.00 4.226179 29.38
358.00 4.226172 29.38
359.00 4.226164 29.38
360.00 4.226157 29.38
361.00 4.226151 29.38
362.00 4.226144 29.38
363.00 4.226137 29.38
364.00 4.226131 29.38
365.00 4.226124 29.38
366.00 4.226118 29.38
367.00 4.226111 29.38
368.00 4.226105 29.38
369.00 4.226099 29.38
370.00 4.226093 29.38
371.00 4.226087 29.38
372.00 4.226081 29.38
373.00 4.226075 29.38
374.00 4.226070 29.38
375.00 4.226064 29.38
376.00 4.226058 29.38
377.00 4.226053 29.38
378.00 4.226048 29.38
379.00 4.226042 29.38
380.00 4.226037 29.38
381.00 4.226032 29.38
382.00 4.226027 29.38
383.00 4.226022 29.38
384.00 4.226017 29.38
385.00 4.226012 29.38
386.00 4.226007 29.38
387.00 4.226002 29.38
388.00 4.225998 29.38
389.00 4.225993 29.38
390.00 4.225988 29.38
391.00 4.225984 29.38
392.00 4.225980 29.38
393.00 4.225975 29.38
394.00 4.225971 29.38
395.00 4.225967 29.38
396.00 4.225962 29.38
397.00 4.225958 29.38
398.00 4.225954 29.38
399.00 4.225950 29.38
400.00 4.225946 29.38
401.00 4.225942 29.38
402.00 4.225939 29.38
403.00 4.225935 29.38
404.00 4.225931 29.38
405.00 4.225927 29.38
406.00 4.225924 29.38
407.00 4.225920 29.38
408.00 4.225917 29.38
409.00 4.225913 29.38
410.00 4.225910 29.38
411.00 4.225906 29.38
412.00 4.225903 29.38
413.00 4.225900 29.38
414.00 4.225896 29.38
415.00 4.225893 29.38
416.00 4.225890 29.38
417.00 4.225887 29.38
418.00 4.225884 29.38
419.00 4.225881 29.38
420.00 4.225878 29.38
421.00 4.225875 29.38
422.00 4.225872 29.38
423.00 4.225869 29.38
424.00 4.225866 29.38
425.00 4.225864 29.38
426.00 4.225861 29.38
427.00 4.225858 29.38
428.00 4.225856 29.38
429.00 4.225853 29.38
430.00 4.225850 29.38
431.00 4.225848 29.38
432.00 4.225845 29.38
433.00 4.225843 29.38
434.00 4.225840 29.38
435.00 4.225838 29.38
436.00 4.225835 29.38
437.00 4.225833 29.38
438.00 4.225831 29.38
439.00 4.225829 29.38
440.00 4.225826 29.38
441.00 4.225824 29.38
442.00 4.225822 29.38
443.00 4.225820 29.38
444.00 4.225818 29.38
445.00 4.225815 29.38
446.00 4.225813 29.38
447.00 4.225811 29.38
448.00 4.225809 29.38
449.00 4.225807 29.38
450.00 4.225805 29.38
451.00 4.225803 29.38
452.00 4.225801 29.38
453.00 4.225800 29.38
454.00 4.225798 29.38
455.00 4.225796 29.38
456.00 4.225794 29.38
457.00 4.225792 29.38
458.00 4.225791 29.38
459.00 4.225789 29.38
460.00 4.225787 29.38
461.00 4.225785 29.38
462.00 4.225784 29.38
463.00 4.225782 29.38
464.00 4.225781 29.38
465.00 4.225779 29.38
466.00 4.225777 29.38
467.00 4.225776 29.38
468.00 4.225774 29.38
469.00 4.225773 29.38
470.00 4.225771 29.38
471.00 4.225770 29.38
472.00 4.225768 29.38
473.00 4.225767 29.38
474.00 4.225766 29.38
475.00 4.225764 29.38
476.00 4.225763 29.38
477.00 4.225761 29.38
478.00 4.225760 29.38
479.00 4.225759 29.38
480.00 4.225757 29.38
481.00 4.225756 29.38
482.00 4.225755 29.38
483.00 4.225754 29.38
484.00 4.225752 29.38
485.00 4.225751 29.38
486.00 4.225750 29.38
487.00 4.225749 29.38
488.00 4.225748 29.38
489.00 4.225747 29.38
490.00 4.225745 29.38
491.00 4.225744 29.38
492.00 4.225743 29.38
493.00 4.225742 29.38
494.00 4.225741 29.38
495.00 4.225740 29.38
496.00 4.225739 29.38
497.00 4.225738 29.38
498.00 4.225737 29.38
499.00 4.225736 29.38
500.00 4.225735 29.38
501.00 4.225734 29.38
502.00 4.225733 29.38
503.00 4.225732 29.38
504.00 4.225731 29.38
505.00 4.225730 29.38
506.00 4.225729 29.38
507.00 4.225728 29.38
508.00 4.225728 29.38
509.00 4.225727 29.38
510.00 4.225726 29.38
511.00 4.225725 29.38
512.00 4.225724 29.38
513.00 4.225723 29.38
514.00 4.225723 29.38
515.00 4.225722 29.38
516.00 4.225721 29.38
517.00 4.225720 29.38
518.00 4.225719 29.38
519.00 4.225719 29.38
520.00 4.225718 29.38
521.00 4.225717 29.38
522.00 4.225716 29.38
523.00 4.225716 29.38
524.00 4.225715 29.38
525.00 4.225714 29.38
526.00 4.225714 29.38
527.00 4.225713 29.38
528.00 4.225712 29.38
529.00 4.225712 29.38
530.00 4.225711 29.38
531.00 4.225710 29.38
532.00 4.225710 29.38
533.00 4.225709 29.38
534.00 4.225708 29.38
535.00 4.225708 29.38
536.00 4.225707 29.38
537.00 4.225707 29.38
538.00 4.225706 29.38
539.00 4.225706 29.38
540.00 4.225705 29.38
541.00 4.225704 29.38
542.00 4.225704 29.38
543.00 4.225703 29.38
544.00 4.225703 29.38
545.00 4.225702 29.38
546.00 4.225702 29.38
547.00 4.225701 29.38
548.00 4.225701 29.38
549.00 4.225700 29.38
550.00 4.225700 29.38
551.00 4.225699 29.38
552.00 4.225699 29.38
553.00 4.225698 29.38
554.00 4.225698 29.38
555.00 4.225697 29.38
556.00 4.225697 29.38
557.00 4.225696 29.38
558.00 4.225696 29.38
559.00 4.225696 29.38
560.00 4.225695 29.38
561.00 4.225695 29.38
562.00 4.225694 29.38
563.00 4.225694 29.38
564.00 4.225693 29.38
565.00 4.225693 29.38
566.00 4.225693 29.38
567.00 4.225692 29.38
568.00 4.225692 29.38
569.00 4.225691 29.38
570.00 4.225691 29.38
571.00 4.225691 29.38
572.00 4.225690 29.38
573.00 4.225690 29.38
574.00 4.225690 29.38
575.00 4.225689 29.38
576.00 4.225689 29.38
577.00 4.225689 29.38
578.00 4.225688 29.38
579.00 4.225688 29.38
580.00 4.225688 29.38
581.00 4.225687 29.38
582.00 4.225687 29.38
583.00 4.225687 29.38
584.00 4.225686 29.38
585.00 4.225686 29.38
586.00 4.225686 29.38
587.00 4.225685 29.38
588.00 4.225685 29.38
589.00 4.225685 29.38
590.00 4.225685 29.38
591.00 4.225684 29.38
592.00 4.225684 29.38
593.00 4.225684 29.38
594.00 4.225683 29.38
595.00 4.225683 29.38
596.00 4.225683 29.38
597.00 4.225683 29.38
598.00 4.225682 29.38
599.00 4.225682 29.38
600.00 4.225682 29.38
601.00 4.225682 29.38
602.00 4.225681 29.38
603.00 4.225681 29.38
604.00 4.225681 29.38
605.00 4.225681 29.38
606.00 4.225680 29.38
607.00 4.225680 29.38
608.00 4.225680 29.38
609.00 4.225680 29.38
610.00 4.225680 29.38
611.00 4.225679 29.38
612.00 4.225679 29.38
613.00 4.225679 29.38
614.00 4.225679 29.38
615.00 4.225679 29.38
616.00 4.225678 29.38
617.00 4.225678 29.38
618.00 4.225678 29.38
619.00 4.225678 29.38
620.00 4.225678 29.38
621.00 4.225677 29.38
622.00 4.225677 29.38
623.00 4.225677 29.38
624.00 4.225677 29.38
625.00 4.225677 29.38
626.00 4.225677 29.38
627.00 4.225676 29.38
628.00 4.225676 29.38
629.00 4.225676 29.38
630.00 4.225676 29.38
631.00 4.225676 29.38
632.00 4.225676 29.38
633.00 4.225675 29.38
634.00 4.225675 29.38
635.00 4.225675 29.38
636.00 4.225675 29.38
637.00 4.225675 29.38
638.00 4.225675 29.38
639.00 4.225674 29.38
640.00 4.225674 29.38
641.00 4.225674 29.38
642.00 4.225674 29.38
643.00 4.225674 29.38
644.00 4.225674 29.38
645.00 4.225674 29.38
646.00 4.225673 29.38
647.00 4.225673 29.38
648.00 4.225673 29.38
649.00 4.225673 29.38
650.00 4.225673 29.38
651.00 4.225673 29.38
652.00 4.225673 29.38
653.00 4.225673 29.38
654.00 4.225672 29.38
655.00 4.225672 29.38
656.00 4.225672 29.38
657.00 4.225672 29.38
658.00 4.225672 29.38
659.00 4.225672 29.38
660.00 4.225672 29.38
661.00 4.225672 29.38
662.00 4.225672 29.38
663.00 4.225671 29.38
664.00 4.225671 29.38
665.00 4.225671 29.38
666.00 4.225671 29.38
667.00 4.225671 29.38
668.00 4.225671 29.38
669.00 4.225671 29.38
670.00 4.225671 29.38
671.00 4.225671 29.38
672.00 4.225671 29.38
673.00 4.225671 29.38
674.00 4.225670 29.38
675.00 4.225670 29.38
676.00 4.225670 29.38
677.00 4.225670 29.38
678.00 4.225670 29.38
679.00 4.225670 29.38
680.00 4.225670 29.38
681.00 4.225670 29.38
682.00 4.225670 29.38
683.00 4.225670 29.38
684.00 4.225670 29.38
685.00 4.225670 29.38
686.00 4.225669 29.38
687.00 4.225669 29.38
688.00 4.225669 29.38
689.00 4.225669 29.38
690.00 4.225669 29.38
691.00 4.225669 29.38
692.00 4.225669 29.38
693.00 4.225669 29.38
694.00 4.225669 29.38
695.00 4.225669 29.38
696.00 4.225669 29.38
697.00 4.225669 29.38
698.00 4.225669 29.38
699.00 4.225669 29.38
700.00 4.225668 29.38
701.00 4.225668 29.38
702.00 4.225668 29.38
703.00 4.225668 29.38
704.00 4.225668 29.38
705.00 4.225668 29.38
706.00 4.225668 29.38
707.00 4.225668 29.38
708.00 4.225668 29.38
709.00 4.225668 29.38
710.00 4.225668 29.38
711.00 4.225668 29.38
712.00 4.225668 29.38
713.00 4.225668 29.38
714.00 4.225668 29.38
715.00 4.225668 29.38
716.00 4.225668 29.38
717.00 4.225668 29.38
718.00 4.225667 29.38
719.00 4.225667 29.38
720.00 4.225667 29.38
721.00 4.225667 29.38
722.00 4.225667 29.38
723.00 4.225667 29.38
724.00 4.225667 29.38
725.00 4.225667 29.38
726.00 4.225667 29.38
727.00 4.225667 29.38
728.00 4.225667 29.38
729.00 4.225667 29.38
730.00 4.225667 29.38
731.00 4.225667 29.38
732.00 4.225667 29.38
733.00 4.225667 29.38
734.00 4.225667 29.38
735.00 4.225667 29.38
736.00 4.225667 29.38
737.00 4.225667 29.38
738.00 4.225667 29.38
739.00 4.225667 29.38
740.00 4.225667 29.38
741.00 4.225666 29.38
742.00 4.225666 29.38
743.00 4.225666 29.38
744.00 4.225666 29.38
745.00 4.225666 29.38
746.00 4.225666 29.38
747.00 4.225666 29.38
748.00 4.225666 29.38
749.00 4.225666 29.38
750.00 4.225666 29.38
751.00 4.225666 29.38
752.00 4.225666 29.38
753.00 4.225666 29.38
754.00 4.225666 29.38
755.00 4.225666 29.38
756.00 4.225666 29.38
757.00 4.225666 29.38
758.00 4.225666 29.38
759.00 4.225666 29.38
760.00 4.225666 29.38
761.00 4.225666 29.38
762.00 4.225666 29.38
763.00 4.225666 29.38
764.00 4.225666 29.38
765.00 4.225666 29.38
766.00 4.225666 29.38
767.00 4.225666 29.38
768.00 4.225666 29.38
769.00 4.225666 29.38
770.00 4.225666 29.38
771.00 4.225666 29.38
772.00 4.225666 29.38
773.00 4.225666 29.38
774.00 4.225666 29.38
775.00 4.225666 29.38
776.00 4.225665 29.38
777.00 4.225665 29.38
778.00 4.225665 29.38
779.00 4.225665 29.38
780.00 4.225665 29.38
781.00 4.225665 29.38
782.00 4.225665 29.38
783.00 4.225665 29.38
784.00 4.225665 29.38
785.00 4.225665 29.38
786.00 4.225665 29.38
787.00 4.225665 29.38
788.00 4.225665 29.38
789.00 4.225665 29.38
790.00 4.225665 29.38
791.00 4.225665 29.38
792.00 4.225665 29.38
793.00 4.225665 29.38
794.00 4.225665 29.38
795.00 4.225665 29.38
796.00 4.225665 29.38
797.00 4.225665 29.38
798.00 4.225665 29.38
799.00 4.225665 29.38
800.00 4.225665 29.38
801.00 4.225665 29.38
802.00 4.225665 29.38
803.00 4.225665 29.38
804.00 4.225665 29.38
805.00 4.225665 29.38
806.00 4.225665 29.38
807.00 4.225665 29.38
808.00 4.225665 29.38
809.00 4.225665 29.38
810.00 4.225665 29.38
811.00 4.225665 29.38
812.00 4.225665 29.38
813.00 4.225665 29.38
814.00 4.225665 29.38
815.00 4.225665 29.38
816.00 4.225665 29.38
817.00 4.225665 29.38
818.00 4.225665 29.38
819.00 4.225665 29.38
820.00 4.225665 29.38
821.00 4.225665 29.38
822.00 4.225665 29.38
823.00 4.225665 29.38
824.00 4.225665 29.38
825.00 4.225665 29.38
826.00 4.225665 29.38
827.00 4.225665 29.38
828.00 4.225665 29.38
829.00 4.225665 29.38
830.00 4.225665 29.38
831.00 4.225665 29.38
832.00 4.225665 29.38
833.00 4.225665 29.38
834.00 4.225665 29.38
835.00 4.225665 29.38
836.00 4.225665 29.38
837.00 4.225665 29.38
838.00 4.225665 29.38
839.00 4.225665 29.38
840.00 4.225665 29.38
841.00 4.225665 29.38
842.00 4.225665 29.38
843.00 4.225665 29.38
844.00 4.225665 29.38
845.00 4.225665 29.38
846.00 4.225664 29.38
847.00 4.225664 29.38
848.00 4.225664 29.38
849.00 4.225664 29.38
850.00 4.225664 29.38
851.00 4.225664 29.38
852.00 4.225664 29.38
853.00 4.225664 29.38
854.00 4.225664 29.38
855.00 4.225664 29.38
856.00 4.225664 29.38
857.00 4.225664 29.38
858.00 4.225664 29.38
859.00 4.225664 29.38
860.00 4.225664 29.38
861.00 4.225664 29.38
862.00 4.225664 29.38
863.00 4.225664 29.38
864.00 4.225664 29.38
865.00 4.225664 29.38
866.00 4.225664 29.38
867.00 4.225664 29.38
868.00 4.225664 29.38
869.00 4.225664 29.38
870.00 4.225664 29.38
871.00 4.225664 29.38
872.00 4.225664 29.38
873.00 4.225664 29.38
874.00 4.225664 29.38
875.00 4.225664 29.38
876.00 4.225664 29.38
877.00 4.225664 29.38
878.00 4.225664 29.38
879.00 4.225664 29.38
880.00 4.225664 29.38
881.00 4.225664 29.38
882.00 4.225664 29.38
883.00 4.225664 29.38
884.00 4.225664 29.38
885.00 4.225664 29.38
886.00 4.225664 29.38
887.00 4.225664 29.38
888.00 4.225664 29.38
889.00 4.225664 29.38
890.00 4.225664 29.38
891.00 4.225664 29.38
892.00 4.225664 29.38
893.00 4.225664 29.38
894.00 4.225664 29.38
895.00 4.225664 29.38
896.00 4.225664 29.38
897.00 4.225664 29.38
898.00 4.225664 29.38
899.00 4.225664 29.38
900.00 4.225664 29.38
901.00 4.225664 29.38
902.00 4.225664 29.38
903.00 4.225664 29.38
904.00 4.225664 29.38
905.00 4.225664 29.38
906.00 4.225664 29.38
907.00 4.225664 29.38
908.00 4.225664 29.38
909.00 4.225664 29.38
910.00 4.225664 29.38
911.00 4.225664 29.38
912.00 4.225664 29.38
913.00 4.225664 29.38
914.00 4.225664 29.38
915.00 4.225664 29.38
916.00 4.225664 29.38
917.00 4.225664 29.38
918.00 4.225664 29.38
919.00 4.225664 29.38
920.00 4.225664 29.38
921.00 4.225664 29.38
922.00 4.225664 29.38
923.00 4.225664 29.38
924.00 4.225664 29.38
925.00 4.225664 29.38
926.00 4.225664 29.38
927.00 4.225664 29.38
928.00 4.225664 29.38
929.00 4.225664 29.38
930.00 4.225664 29.38
931.00 4.225664 29.38
932.00 4.225664 29.38
933.00 4.225664 29.38
934.00 4.225664 29.38
935.00 4.225664 29.38
936.00 4.225664 29.38
937.00 4.225664 29.38
938.00 4.225664 29.38
939.00 4.225664 29.38
940.00 4.225664 29.38
941.00 4.225664 29.38
942.00 4.225664 29.38
943.00 4.225664 29.38
944.00 4.225664 29.38
945.00 4.225664 29.38
946.00 4.225664 29.38
947.00 4.225664 29.38
948.00 4.225664 29.38
949.00 4.225664 29.38
950.00 4.225664 29.38
951.00 4.225664 29.38
952.00 4.225664 29.38
953.00 4.225664 29.38
954.00 4.225664 29.38
955.00 4.225664 29.38
956.00 4.225664 29.38
957.00 4.225664 29.38
958.00 4.225664 29.38
959.00 4.225664 29.38
960.00 4.225664 29.38
961.00 4.225664 29.38
962.00 4.225664 29.38
963.00 4.225664 29.38
964.00 4.225664 29.38
965.00 4.225664 29.38
966.00 4.225664 29.38
967.00 4.225664 29.38
968.00 4.225664 29.38
969.00 4.225664 29.38
970.00 4.225664 29.38
971.00 4.225664 29.38
972.00 4.225664 29.38
973.00 4.225664 29.38
974.00 4.225664 29.38
975.00 4.225664 29.38
976.00 4.225664 29.38
977.00 4.225664 29.38
978.00 4.225664 29.38
979.00 4.225664 29.38
980.00 4.225664 29.38
981.00 4.225664 29.38
982.00 4.225664 29.38
983.00 4.225664 29.38
984.00 4.225664 29.38
985.00 4.225664 29.38
986.00 4.225664 29.38
987.00 4.225664 29.38
988.00 4.225664 29.38
989.00 4.225664 29.38
990.00 4.225664 29.38
991.00 4.225664 29.38
992.00 4.225664 29.38
993.00 4.225664 29.38
994.00 4.225664 29.38
995.00 4.225664 29.38
996.00 4.225664 29.38
997.00 4.225664 29.38
998.00 4.225664 29.38
999.00 4.225664 29.38
1000.00 4.225664 29.38
1001.00 4.225664 29.38
1002.00 4.225664 29.38
1003.00 4.225664 29.38
1004.00 4.225664 29.38
1005.00 4.225664 29.38
1006.00 4.225664 29.38
1007.00 4.225664 29.38
1008.00 4.225664 29.38
1009.00 4.225664 29.38
1010.00 4.225664 29.38
1011.00 4.225664 29.38
1012.00 4.225664 29.38
1013.00 4.225664 29.38
1014.00 4.225664 29.38
1015.00 4.225664 29.38
1016.00 4.225664 29.38
1017.00 4.225664 29.38
1018.00 4.225664 29.38
1019.00 4.225664 29.38
1020.00 4.225664 29.38
1021.00 4.225664 29.38
1022.00 4.225664 29.38
1023.00 4.225664 29.38
1024.00 4.225664 29.38
1025.00 4.225664 29.38
1026.00 4.225664 29.38
1027.00 4.225664 29.38
1028.00 4.225664 29.38
1029.00 4.225664 29.38
1030.00 4.225664 29.38
1031.00 4.225664 29.38
1032.00 4.225664 29.38
1033.00 4.225664 29.38
1034.00 4.225664 29.38
1035.00 4.225664 29.38
1036.00 4.225664 29.38
1037.00 4.225664 29.38
1038.00 4.225664 29.38
1039.00 4.225664 29.38
1040.00 4.225664 29.38
1041.00 4.225664 29.38
1042.00 4.225664 29.38
1043.00 4.225664 29.38
1044.00 4.225664 29.38
1045.00 4.225664 29.38
1046.00 4.225664 29.38
1047.00 4.225664 29.38
1048.00 4.225664 29.38
1049.00 4.225664 29.38
1050.00 4.225664 29.38
1051.00 4.225664 29.38
1052.00 4.225664 29.38
1053.00 4.225664 29.38
1054.00 4.225664 29.38
1055.00 4.225664 29.38
1056.00 4.225664 29.38
1057.00 4.225664 29.38
1058.00 4.225664 29.38
1059.00 4.225664 29.38
1060.00 4.225664 29.38
1061.00 4.225664 29.38
1062.00 4.225664 29.38
1063.00 4.225664 29.38
1064.00 4.225664 29.38
1065.00 4.225664 29.38
1066.00 4.225664 29.38
1067.00 4.225664 29.38
1068.00 4.225664 29.38
1069.00 4.225664 29.38
1070.00 4.225664 29.38
1071.00 4.225664 29.38
1072.00 4.225664 29.38
1073.00 4.225664 29.38
1074.00 4.225664 29.38
1075.00 4.225664 29.38
1076.00 4.225664 29.38
1077.00 4.225664 29.38
1078.00 4.225664 29.38
1079.00 4.225664 29.38
1080.00 4.225664 29.38
1081.00 4.225664 29.38
1082.00 4.225664 29.38
1083.00 4.225664 29.38
1084.00 4.225664 29.38
1085.00 4.225664 29.38
1086.00 4.225664 29.38
1087.00 4.225664 29.38
1088.00 4.225664 29.38
1089.00 4.225664 29.38
1090.00 4.225664 29.38
1091.00 4.225664 29.38
1092.00 4.225664 29.38
1093.00 4.225664 29.38
1094.00 4.225664 29.38
1095.00 4.225664 29.38
1096.00 4.225664 29.38
1097.00 4.225664 29.38
1098.00 4.225664 29.38
1099.00 4.225664 29.38
1100.00 4.225664 29.38
1101.00 4.225664 29.38
1102.00 4.225664 29.38
1103.00 4.225664 29.38
1104.00 4.225664 29.38
1105.00 4.225664 29.38
1106.00 4.225664 29.38
1107.00 4.225664 29.38
1108.00 4.225664 29.38
1109.00 4.225664 29.38
1110.00 4.225664 29.38
1111.00 4.225664 29.38
1112.00 4.225664 29.38
1113.00 4.225664 29.38
1114.00 4.225664 29.38
1115.00 4.225664 29.38
1116.00 4.225664 29.38
1117.00 4.225664 29.38
1118.00 4.225664 29.38
1119.00 4.225664 29.38
1120.00 4.225664 29.38
1121.00 4.225664 29.38
1122.00 4.225664 29.38
1123.00 4.225664 29.38
1124.00 4.225664 29.38
1125.00 4.225664 29.38
1126.00 4.225664 29.38
1127.00 4.225664 29.38
1128.00 4.225664 29.38
1129.00 4.225664 29.38
1130.00 4.225664 29.38
1131.00 4.225664 29.38
1132.00 4.225664 29.38
1133.00 4.225664 29.38
1134.00 4.225664 29.38
1135.00 4.225664 29.38
1136.00 4.225664 29.38
1137.00 4.225664 29.38
1138.00 4.225664 29.38
1139.00 4.225664 29.38
1140.00 4.225664 29.38
1141.00 4.225664 29.38
1142.00 4.225664 29.38
1143.00 4.225664 29.38
1144.00 4.225664 29.38
1145.00 4.225664 29.38
1146.00 4.225664 29.38
1147.00 4.225664 29.38
1148.00 4.225664 29.38
1149.00 4.225664 29.38
1150.00 4.225664 29.38
1151.00 4.225664 29.38
1152.00 4.225664 29.38
1153.00 4.225664 29.38
1154.00 4.225664 29.38
1155.00 4.225664 29.38
1156.00 4.225664 29.38
1157.00 4.225664 29.38
1158.00 4.225664 29.38
1159.00 4.225664 29.38
1160.00 4.225664 29.38
1161.00 4.225664 29.38
1162.00 4.225664 29.38
1163.00 4.225664 29.38
1164.00 4.225664 29.38
1165.00 4.225664 29.38
1166.00 4.225664 29.38
1167.00 4.225664 29.38
1168.00 4.225664 29.38
1169.00 4.225664 29.38
1170.00 4.225664 29.38
1171.00 4.225664 29.38
1172.00 4.225664 29.38
1173.00 4.225664 29.38
1174.00 4.225664 29.38
1175.00 4.225664 29.38
1176.00 4.225664 29.38
1177.00 4.225664 29.38
1178.00 4.225664 29.38
1179.00 4.225664 29.38
1180.00 4.225664 29.38
1181.00 4.225664 29.38
1182.00 4.225664 29.38
1183.00 4.225664 29.38
1184.00 4.225664 29.38
1185.00 4.225664 29.38
1186.00 4.225664 29.38
1187.00 4.225664 29.38
1188.00 4.225664 29.38
1189.00 4.225664 29.38
1190.00 4.225664 29.38
1191.00 4.225664 29.38
1192.00 4.225664 29.38
1193.00 4.225664 29.38
1194.00 4.225664 29.38
1195.00 4.225664 29.38
1196.00 4.225664 29.38
1197.00 4.225664 29.38
1198.00 4.225664 29.38
1199.00 4.225664 29.38
1200.00 4.225664 29.38
1201.00 4.225664 29.38
1202.00 4.225664 29.38
1203.00 4.225664 29.38
1204.00 4.225664 29.38
1205.00 4.225664 29.38
1206.00 4.225664 29.38
1207.00 4.225664 29.38
1208.00 4.225664 29.38
1209.00 4.225664 29.38
1210.00 4.225664 29.38
1211.00 4.225664 29.38
1212.00 4.225664 29.38
1213.00 4.225664 29.38
1214.00 4.225664 29.38
1215.00 4.225664 29.38
1216.00 4.225664 29.38
1217.00 4.225664 29.38
1218.00 4.225664 29.38
1219.00 4.225664 29.38
1220.00 4.225664 29.38
1221.00 4.225664 29.38
1222.00 4.225664 29.38
1223.00 4.225664 29.38
1224.00 4.225664 29.38
1225.00 4.225664 29.38
1226.00 4.225664 29.38
1227.00 4.225664 29.38
1228.00 4.225664 29.38
1229.00 4.225664 29.38
1230.00 4.225664 29.38
1231.00 4.225664 29.38
1232.00 4.225664 29.38
1233.00 4.225664 29.38
1234.00 4.225664 29.38
1235.00 4.225664 29.38
1236.00 4.225664 29.38
1237.00 4.225664 29.38
1238.00 4.225664 29.38
1239.00 4.225664 29.38
1240.00 4.225664 29.38
1241.00 4.225664 29.38
1242.00 4.225664 29.38
1243.00 4.225664 29.38
1244.00 4.225664 29.38
1245.00 4.225664 29.38
1246.00 4.225664 29.38
1247.00 4.225664 29.38
1248.00 4.225664 29.38
1249.00 4.225664 29.38
1250.00 4.225664 29.38
1251.00 4.225664 29.38
1252.00 4.225664 29.38
1253.00 4.225664 29.38
1254.00 4.225664 29.38
1255.00 4.225664 29.38
1256.00 4.225664 29.38
1257.00 4.225664 29.38
1258.00 4.225664 29.38
1259.00 4.225664 29.38
1260.00 4.225664 29.38
1261.00 4.225664 29.38
1262.00 4.225664 29.38
1263.00 4.225664 29.38
1264.00 4.225664 29.38
1265.00 4.225664 29.38
1266.00 4.225664 29.38
1267.00 4.225664 29.38
1268.00 4.225664 29.38
1269.00 4.225664 29.38
1270.00 4.225664 29.38
1271.00 4.225664 29.38
1272.00 4.225664 29.38
1273.00 4.225664 29.38
1274.00 4.225664 29.38
1275.00 4.225664 29.38
1276.00 4.225664 29.38
1277.00 4.225664 29.38
1278.00 4.225664 29.38
1279.00 4.225664 29.38
1280.00 4.225664 29.38
1281.00 4.225664 29.38
1282.00 4.225664 29.38
1283.00 4.225664 29.38
1284.00 4.225664 29.38
1285.00 4.225664 29.38
1286.00 4.225664 29.38
1287.00 4.225664 29.38
1288.00 4.225664 29.38
1289.00 4.225664 29.38
1290.00 4.225664 29.38
1291.00 4.225664 29.38
1292.00 4.225664 29.38
1293.00 4.225664 29.38
1294.00 4.225664 29.38
1295.00 4.225664 29.38
1296.00 4.225664 29.38
1297.00 4.225664 29.38
1298.00 4.225664 29.38
1299.00 4.225664 29.38
1300.00 4.225664 29.38
1301.00 4.225664 29.38
1302.00 4.225664 29.38
1303.00 4.225664 29.38
1304.00 4.225664 29.38
1305.00 4.225664 29.38
1306.00 4.225664 29.38
1307.00 4.225664 29.38
1308.00 4.225664 29.38
1309.00 4.225664 29.38
1310.00 4.225664 29.38
1311.00 4.225664 29.38
1312.00 4.225664 29.38
1313.00 4.225664 29.38
1314.00 4.225664 29.38
1315.00 4.225664 29.38
1316.00 4.225664 29.38
1317.00 4.225664 29.38
1318.00 4.225664 29.38
1319.00 4.225664 29.38
1320.00 4.225664 29.38
1321.00 4.225664 29.38
1322.00 4.225664 29.38
1323.00 4.225664 29.38
1324.00 4.225664 29.38
1325.00 4.225664 29.38
1326.00 4.225664 29.38
1327.00 4.225664 29.38
1328.00 4.225664 29.38
1329.00 4.225664 29.38
1330.00 4.225664 29.38
1331.00 4.225664 29.38
1332.00 4.225664 29.38
1333.00 4.225664 29.38
1334.00 4.225664 29.38
1335.00 4.225664 29.38
1336.00 4.225664 29.38
1337.00 4.225664 29.38
1338.00 4.225664 29.38
1339.00 4.225664 29.38
1340.00 4.225664 29.38
1341.00 4.225664 29.38
1342.00 4.225664 29.38
1343.00 4.225664 29.38
1344.00 4.225664 29.38
1345.00 4.225664 29.38
1346.00 4.225664 29.38
1347.00 4.225664 29.38
1348.00 4.225664 29.38
1349.00 4.225664 29.38
1350.00 4.225664 29.38
1351.00 4.225664 29.38
1352.00 4.225664 29.38
1353.00 4.225664 29.38
1354.00 4.225664 29.38
1355.00 4.225664 29.38
1356.00 4.225664 29.38
1357.00 4.225664 29.38
1358.00 4.225664 29.38
1359.00 4.225664 29.38
1360.00 4.225664 29.38
1361.00 4.225664 29.38
1362.00 4.225664 29.38
1363.00 4.225664 29.38
1364.00 4.225664 29.38
1365.00 4.225664 29.38
1366.00 4.225664 29.38
1367.00 4.225664 29.38
1368.00 4.225664 29.38
1369.00 4.225664 29.38
1370.00 4.225664 29.38
1371.00 4.225664 29.38
1372.00 4.225664 29.38
1373.00 4.225664 29.38
1374.00 4.225664 29.38
1375.00 4.225664 29.38
1376.00 4.225664 29.38
1377.00 4.225664 29.38
1378.00 4.225664 29.38
1379.00 4.225664 29.38
1380.00 4.225664 29.38
1381.00 4.225664 29.38
1382.00 4.225664 29.38
1383.00 4.225664 29.38
1384.00 4.225664 29.38
1385.00 4.225664 29.38
1386.00 4.225664 29.38
1387.00 4.225664 29.38
1388.00 4.225664 29.38
1389.00 4.225664 29.38
1390.00 4.225664 29.38
1391.00 4.225664 29.38
1392.00 4.225664 29.38
1393.00 4.225664 29.38
1394.00 4.225664 29.38
1395.00 4.225664 29.38
1396.00 4.225664 29.38
1397.00 4.225664 29.38
1398.00 4.225664 29.38
1399.00 4.225664 29.38
1400.00 4.225664 29.38
1401.00 4.225664 29.38
1402.00 4.225664 29.38
1403.00 4.225664 29.38
1404.00 4.225664 29.38
1405.00 4.225664 29.38
1406.00 4.225664 29.38
1407.00 4.225664 29.38
1408.00 4.225664 29.38
1409.00 4.225664 29.38
1410.00 4.225664 29.38
1411.00 4.225664 29.38
1412.00 4.225664 29.38
1413.00 4.225664 29.38
1414.00 4.225664 29.38
1415.00 4.225664 29.38
1416.00 4.225664 29.38
1417.00 4.225664 29.38
1418.00 4.225664 29.38
1419.00 4.225664 29.38
1420.00 4.225664 29.38
1421.00 4.225664 29.38
1422.00 4.225664 29.38
1423.00 4.225664 29.38
1424.00 4.225664 29.38
1425.00 4.225664 29.38
1426.00 4.225664 29.38
1427.00 4.225664 29.38
1428.00 4.225664 29.38
1429.00 4.225664 29.38
1430.00 4.225664 29.38
1431.00 4.225664 29.38
1432.00 4.225664 29.38
1433.00 4.225664 29.38
1434.00 4.225664 29.38
1435.00 4.225664 29.38
1436.00 4.225664 29.38
1437.00 4.225664 29.38
1438.00 4.225664 29.38
1439.00 4.225664 29.38
1440.00 4.225664 29.38
1441.00 4.225664 29.38
1442.00 4.225664 29.38
1443.00 4.225664 29.38
1444.00 4.225664 29.38
1445.00 4.225664 29.38
1446.00 4.225664 29.38
1447.00 4.225664 29.38
1448.00 4.225664 29.38
1449.00 4.225664 29.38
1450.00 4.225664 29.38
1451.00 4.225664 29.38
1452.00 4.225664 29.38
1453.00 4.225664 29.38
1454.00 4.225664 29.38
1455.00 4.225664 29.38
1456.00 4.225664 29.38
1457.00 4.225664 29.38
1458.00 4.225664 29.38
1459.00 4.225664 29.38
1460.00 4.225664 29.38
1461.00 4.225664 29.38
1462.00 4.225664 29.38
1463.00 4.225664 29.38
1464.00 4.225664 29.38
1465.00 4.225664 29.38
1466.00 4.225664 29.38
1467.00 4.225664 29.38
1468.00 4.225664 29.38
1469.00 4.225664 29.38
1470.00 4.225664 29.38
1471.00 4.225664 29.38
1472.00 4.225664 29.38
1473.00 4.225664 29.38
1474.00 4.225664 29.38
1475.00 4.225664 29.38
1476.00 4.225664 29.38
1477.00 4.225664 29.38
1478.00 4.225664 29.38
1479.00 4.225664 29.38
1480.00 4.225664 29.38
1481.00 4.225664 29.38
1482.00 4.225664 29.38
1483.00 4.225664 29.38
1484.00 4.225664 29.38
1485.00 4.225664 29.38
1486.00 4.225664 29.38
1487.00 4.225664 29.38
1488.00 4.225664 29.38
1489.00 4.225664 29.38
1490.00 4.225664 29.38
1491.00 4.225664 29.38
1492.00 4.225664 29.38
1493.00 4.225664 29.38
1494.00 4.225664 29.38
1495.00 4.225664 29.38
1496.00 4.225664 29.38
1497.00 4.225664 29.38
1498.00 4.225664 29.38
1499.00 4.225664 29.38
1500.00 4.225664 29.38
1501.00 4.225664 29.38
1502.00 4.225664 29.38
1503.00 4.225664 29.38
1504.00 4.225664 29.38
1505.00 4.225664 29.38
1506.00 4.225664 29.38
1507.00 4.225664 29.38
1508.00 4.225664 29.38
1509.00 4.225664 29.38
1510.00 4.225664 29.38
1511.00 4.225664 29.38
1512.00 4.225664 29.38
1513.00 4.225664 29.38
1514.00 4.225664 29.38
1515.00 4.225664 29.38
1516.00 4.225664 29.38
1517.00 4.225664 29.38
1518.00 4.225664 29.38
1519.00 4.225664 29.38
1520.00 4.225664 29.38
1521.00 4.225664 29.38
1522.00 4.225664 29.38
1523.00 4.225664 29.38
1524.00 4.225664 29.38
1525.00 4.225664 29.38
1526.00 4.225664 29.38
1527.00 4.225664 29.38
1528.00 4.225664 29.38
1529.00 4.225664 29.38
1530.00 4.225664 29.38
1531.00 4.225664 29.38
1532.00 4.225664 29.38
1533.00 4.225664 29.38
1534.00 4.225664 29.38
1535.00 4.225664 29.38
1536.00 4.225664 29.38
1537.00 4.225664 29.38
1538.00 4.225664 29.38
1539.00 4.225664 29.38
1540.00 4.225664 29.38
1541.00 4.225664 29.38
1542.00 4.225664 29.38
1543.00 4.225664 29.38
1544.00 4.225664 29.38
1545.00 4.225664 29.38
1546.00 4.225664 29.38
1547.00 4.225664 29.38
1548.00 4.225664 29.38
1549.00 4.225664 29.38
1550.00 4.225664 29.38
1551.00 4.225664 29.38
1552.00 4.225664 29.38
1553.00 4.225664 29.38
1554.00 4.225664 29.38
1555.00 4.225664 29.38
1556.00 4.225664 29.38
1557.00 4.225664 29.38
1558.00 4.225664 29.38
1559.00 4.225664 29.38
1560.00 4.225664 29.38
1561.00 4.225664 29.38
1562.00 4.225664 29.38
1563.00 4.225664 29.38
1564.00 4.225664 29.38
1565.00 4.225664 29.38
1566.00 4.225664 29.38
1567.00 4.225664 29.38
1568.00 4.225664 29.38
1569.00 4.225664 29.38
1570.00 4.225664 29.38
1571.00 4.225664 29.38
1572.00 4.225664 29.38
1573.00 4.225664 29.38
1574.00 4.225664 29.38
1575.00 4.225664 29.38
1576.00 4.225664 29.38
1577.00 4.225664 29.38
1578.00 4.225664 29.38
1579.00 4.225664 29.38
1580.00 4.225664 29.38
1581.00 4.225664 29.38
1582.00 4.225664 29.38
1583.00 4.225664 29.38
1584.00 4.225664 29.38
1585.00 4.225664 29.38
1586.00 4.225664 29.38
1587.00 4.225664 29.38
1588.00 4.225664 29.38
1589.00 4.225664 29.38
1590.00 4.225664 29.38
1591.00 4.225664 29.38
1592.00 4.225664 29.38
1593.00 4.225664 29.38
1594.00 4.225664 29.38
1595.00 4.225664 29.38
1596.00 4.225664 29.38
1597.00 4.225664 29.38
1598.00 4.225664 29.38
1599.00 4.225664 29.38
1600.00 4.225664 29.38
1601.00 4.225664 29.38
1602.00 4.225664 29.38
1603.00 4.225664 29.38
1604.00 4.225664 29.38
1605.00 4.225664 29.38
1606.00 4.225664 29.38
1607.00 4.225664 29.38
1608.00 4.225664 29.38
1609.00 4.225664 29.38
1610.00 4.225664 29.38
1611.00 4.225664 29.38
1612.00 4.225664 29.38
1613.00 4.225664 29.38
1614.00 4.225664 29.38
1615.00 4.225664 29.38
1616.00 4.225664 29.38
1617.00 4.225664 29.38
1618.00 4.225664 29.38
1619.00 4.225664 29.38
1620.00 4.225664 29.38
1621.00 4.225664 29.38
1622.00 4.225664 29.38
1623.00 4.225664 29.38
1624.00 4.225664 29.38
1625.00 4.225664 29.38
1626.00 4.225664 29.38
1627.00 4.225664 29.38
1628.00 4.225664 29.38
1629.00 4.225664 29.38
1630.00 4.225664 29.38
1631.00 4.225664 29.38
1632.00 4.225664 29.38
1633.00 4.225664 29.38
1634.00 4.225664 29.38
1635.00 4.225664 29.38
1636.00 4.225664 29.38
1637.00 4.225664 29.38
1638.00 4.225664 29.38
1639.00 4.225664 29.38
1640.00 4.225664 29.38
1641.00 4.225664 29.38
1642.00 4.225664 29.38
1643.00 4.225664 29.38
1644.00 4.225664 29.38
1645.00 4.225664 29.38
1646.00 4.225664 29.38
1647.00 4.225664 29.38
1648.00 4.225664 29.38
1649.00 4.225664 29.38
1650.00 4.225664 29.38
1651.00 4.225664 29.38
1652.00 4.225664 29.38
1653.00 4.225664 29.38
1654.00 4.225664 29.38
1655.00 4.225664 29.38
1656.00 4.225664 29.38
1657.00 4.225664 29.38
1658.00 4.225664 29.38
1659.00 4.225664 29.38
1660.00 4.225664 29.38
1661.00 4.225664 29.38
1662.00 4.225664 29.38
1663.00 4.225664 29.38
1664.00 4.225664 29.38
1665.00 4.225664 29.38
1666.00 4.225664 29.38
1667.00 4.225664 29.38
1668.00 4.225664 29.38
1669.00 4.225664 29.38
1670.00 4.225664 29.38
1671.00 4.225664 29.38
1672.00 4.225664 29.38
1673.00 4.225664 29.38
1674.00 4.225664 29.38
1675.00 4.225664 29.38
1676.00 4.225664 29.38
1677.00 4.225664 29.38
1678.00 4.225664 29.38
1679.00 4.225664 29.38
1680.00 4.225664 29.38
1681.00 4.225664 29.38
1682.00 4.225664 29.38
1683.00 4.225664 29.38
1684.00 4.225664 29.38
1685.00 4.225664 29.38
1686.00 4.225664 29.38
1687.00 4.225664 29.38
1688.00 4.225664 29.38
1689.00 4.225664 29.38
1690.00 4.225664 29.38
1691.00 4.225664 29.38
1692.00 4.225664 29.38
1693.00 4.225664 29.38
1694.00 4.225664 29.38
1695.00 4.225664 29.38
1696.00 4.225664 29.38
1697.00 4.225664 29.38
1698.00 4.225664 29.38
1699.00 4.225664 29.38
1700.00 4.225664 29.38
1701.00 4.225664 29.38
1702.00 4.225664 29.38
1703.00 4.225664 29.38
1704.00 4.225664 29.38
1705.00 4.225664 29.38
1706.00 4.225664 29.38
1707.00 4.225664 29.38
1708.00 4.225664 29.38
1709.00 4.225664 29.38
1710.00 4.225664 29.38
1711.00 4.225664 29.38
1712.00 4.225664 29.38
1713.00 4.225664 29.38
1714.00 4.225664 29.38
1715.00 4.225664 29.38
1716.00 4.225664 29.38
1717.00 4.225664 29.38
1718.00 4.225664 29.38
1719.00 4.225664 29.38
1720.00 4.225664 29.38
1721.00 4.225664 29.38
1722.00 4.225664 29.38
1723.00 4.225664 29.38
1724.00 4.225664 29.38
1725.00 4.225664 29.38
1726.00 4.225664 29.38
1727.00 4.225664 29.38
1728.00 4.225664 29.38
1729.00 4.225664 29.38
1730.00 4.225664 29.38
1731.00 4.225664 29.38
1732.00 4.225664 29.38
1733.00 4.225664 29.38
1734.00 4.225664 29.38
1735.00 4.225664 29.38
1736.00 4.225664 29.38
1737.00 4.225664 29.38
1738.00 4.225664 29.38
1739.00 4.225664 29.38
1740.00 4.225664 29.38
1741.00 4.225664 29.38
1742.00 4.225664 29.38
1743.00 4.225664 29.38
1744.00 4.225664 29.38
1745.00 4.225664 29.38
1746.00 4.225664 29.38
1747.00 4.225664 29.38
1748.00 4.225664 29.38
1749.00 4.225664 29.38
1750.00 4.225664 29.38
1751.00 4.225664 29.38
1752.00 4.225664 29.38
1753.00 4.225664 29.38
1754.00 4.225664 29.38
1755.00 4.225664 29.38
1756.00 4.225664 29.38
1757.00 4.225664 29.38
1758.00 4.225664 29.38
1759.00 4.225664 29.38
1760.00 4.225664 29.38
1761.00 4.225664 29.38
1762.00 4.225664 29.38
1763.00 4.225664 29.38
1764.00 4.225664 29.38
1765.00 4.225664 29.38
1766.00 4.225664 29.38
1767.00 4.225664 29.38
1768.00 4.225664 29.38
1769.00 4.225664 29.38
1770.00 4.225664 29.38
1771.00 4.225664 29.38
1772.00 4.225664 29.38
1773.00 4.225664 29.38
1774.00 4.225664 29.38
1775.00 4.225664 29.38
1776.00 4.225664 29.38
1777.00 4.225664 29.38
1778.00 4.225664 29.38
1779.00 4.225664 29.38
1780.00 4.225664 29.38
1781.00 4.225664 29.38
1782.00 4.225664 29.38
1783.00 4.225664 29.38
1784.00 4.225664 29.38
1785.00 4.225664 29.38
1786.00 4.225664 29.38
1787.00 4.225664 29.38
1788.00 4.225664 29.38
1789.00 4.225664 29.38
1790.00 4.225664 29.38
1791.00 4.225664 29.38
1792.00 4.225664 29.38
1793.00 4.225664 29.38
1794.00 4.225664 29.38
1795.00 4.225664 29.38
1796.00 4.225664 29.38
1797.00 4.225664 29.38
1798.00 4.225664 29.38
1799.00 4.225664 29.38
1800.00 4.225664 29.38
1801.00 4.225664 29.38
1802.00 4.225664 29.38
1803.00 4.225664 29.38
1804.00 4.225664 29.38
1805.00 4.225664 29.38
1806.00 4.225664 29.38
1807.00 4.225664 29.38
1808.00 4.225664 29.38
1809.00 4.225664 29.38
1810.00 4.225664 29.38
1811.00 4.225664 29.38
1812.00 4.225664 29.38
1813.00 4.225664 29.38
1814.00 4.225664 29.38
1815.00 4.225664 29.38
1816.00 4.225664 29.38
1817.00 4.225664 29.38
1818.00 4.225664 29.38
1819.00 4.225664 29.38
1820.00 4.225664 29.38
1821.00 4.225664 29.38
1822.00 4.225664 29.38
1823.00 4.225664 29.38
1824.00 4.225664 29.38
1825.00 4.225664 29.38
1826.00 4.225664 29.38
1827.00 4.225664 29.38
1828.00 4.225664 29.38
1829.00 4.225664 29.38
1830.00 4.225664 29.38
1831.00 4.225664 29.38
1832.00 4.225664 29.38
1833.00 4.225664 29.38
1834.00 4.225664 29.38
1835.00 4.225664 29.38
1836.00 4.225664 29.38
1837.00 4.225664 29.38
1838.00 4.225664 29.38
1839.00 4.225664 29.38
1840.00 4.225664 29.38
1841.00 4.225664 29.38
1842.00 4.225664 29.38
1843.00 4.225664 29.38
1844.00 4.225664 29.38
1845.00 4.225664 29.38
1846.00 4.225664 29.38
1847.00 4.225664 29.38
1848.00 4.225664 29.38
1849.00 4.225664 29.38
1850.00 4.225664 29.38
1851.00 4.225664 29.38
1852.00 4.225664 29.38
1853.00 4.225664 29.38
1854.00 4.225664 29.38
1855.00 4.225664 29.38
1856.00 4.225664 29.38
1857.00 4.225664 29.38
1858.00 4.225664 29.38
1859.00 4.225664 29.38
1860.00 4.225664 29.38
1861.00 4.225664 29.38
1862.00 4.225664 29.38
1863.00 4.225664 29.38
1864.00 4.225664 29.38
1865.00 4.225664 29.38
1866.00 4.225664 29.38
1867.00 4.225664 29.38
1868.00 4.225664 29.38
1869.00 4.225664 29.38
1870.00 4.225664 29.38
1871.00 4.225664 29.38
1872.00 4.225664 29.38
1873.00 4.225664 29.38
1874.00 4.225664 29.38
1875.00 4.225664 29.38
1876.00 4.225664 29.38
1877.00 4.225664 29.38
1878.00 4.225664 29.38
1879.00 4.225664 29.38
1880.00 4.225664 29.38
1881.00 4.225664 29.38
1882.00 4.225664 29.38
1883.00 4.225664 29.38
1884.00 4.225664 29.38
1885.00 4.225664 29.38
1886.00 4.225664 29.38
1887.00 4.225664 29.38
1888.00 4.225664 29.38
1889.00 4.225664 29.38
1890.00 4.225664 29.38
1891.00 4.225664 29.38
1892.00 4.225664 29.38
1893.00 4.225664 29.38
1894.00 4.225664 29.38
1895.00 4.225664 29.38
1896.00 4.225664 29.38
1897.00 4.225664 29.38
1898.00 4.225664 29.38
1899.00 4.225664 29.38
1900.00 4.225664 29.38
1901.00 4.225664 29.38
1902.00 4.225664 29.38
1903.00 4.225664 29.38
1904.00 4.225664 29.38
1905.00 4.225664 29.38
1906.00 4.225664 29.38
1907.00 4.225664 29.38
1908.00 4.225664 29.38
1909.00 4.225664 29.38
1910.00 4.225664 29.38
1911.00 4.225664 29.38
1912.00 4.225664 29.38
1913.00 4.225664 29.38
1914.00 4.225664 29.38
1915.00 4.225664 29.38
1916.00 4.225664 29.38
1917.00 4.225664 29.38
1918.00 4.225664 29.38
1919.00 4.225664 29.38
1920.00 4.225664 29.38
1921.00 4.225664 29.38
1922.00 4.225664 29.38
1923.00 4.225664 29.38
1924.00 4.225664 29.38
1925.00 4.225664 29.38
1926.00 4.225664 29.38
1927.00 4.225664 29.38
1928.00 4.225664 29.38
1929.00 4.225664 29.38
1930.00 4.225664 29.38
1931.00 4.225664 29.38
1932.00 4.225664 29.38
1933.00 4.225664 29.38
1934.00 4.225664 29.38
1935.00 4.225664 29.38
1936.00 4.225664 29.38
1937.00 4.225664 29.38
1938.00 4.225664 29.38
1939.00 4.225664 29.38
1940.00 4.225664 29.38
1941.00 4.225664 29.38
1942.00 4.225664 29.38
1943.00 4.225664 29.38
1944.00 4.225664 29.38
1945.00 4.225664 29.38
1946.00 4.225664 29.38
1947.00 4.225664 29.38
1948.00 4.225664 29.38
1949.00 4.225664 29.38
1950.00 4.225664 29.38
1951.00 4.225664 29.38
1952.00 4.225664 29.38
1953.00 4.225664 29.38
1954.00 4.225664 29.38
1955.00 4.225664 29.38
1956.00 4.225664 29.38
1957.00 4.225664 29.38
1958.00 4.225664 29.38
1959.00 4.225664 29.38
1960.00 4.225664 29.38
1961.00 4.225664 29.38
1962.00 4.225664 29.38
1963.00 4.225664 29.38
1964.00 4.225664 29.38
1965.00 4.225664 29.38
1966.00 4.225664 29.38
1967.00 4.225664 29.38
1968.00 4.225664 29.38
1969.00 4.225664 29.38
1970.00 4.225664 29.38
1971.00 4.225664 29.38
1972.00 4.225664 29.38
1973.00 4.225664 29.38
1974.00 4.225664 29.38
1975.00 4.225664 29.38
1976.00 4.225664 29.38
1977.00 4.225664 29.38
1978.00 4.225664 29.38
1979.00 4.225664 29.38
1980.00 4.225664 29.38
1981.00 4.225664 29.38
1982.00 4.225664 29.38
1983.00 4.225664 29.38
1984.00 4.225664 29.38
1985.00 4.225664 29.38
1986.00 4.225664 29.38
1987.00 4.225664 29.38
1988.00 4.225664 29.38
1989.00 4.225664 29.38
1990.00 4.225664 29.38
1991.00 4.225664 29.38
1992.00 4.225664 29.38
1993.00 4.225664 29.38
1994.00 4.225664 29.38
1995.00 4.225664 29.38
1996.00 4.225664 29.38
1997.00 4.225664 29.38
1998.00 4.225664 29.38
1999.00 4.225664 29.38
2000.00 4.225664 29.38
