0.00 0.315886 4.25
1.00 0.315390 4.25
2.00 0.314897 4.25
3.00 0.314413 4.24
4.00 0.313947 4.24
5.00 0.313492 4.24
6.00 0.313046 4.24
7.00 0.312607 4.24
8.00 0.312176 4.24
9.00 0.311765 4.23
10.00 0.311381 4.22
11.00 0.311013 4.22
12.00 0.310652 4.22
13.00 0.310296 4.22
14.00 0.309945 4.22
15.00 0.309595 4.22
16.00 0.309248 4.22
17.00 0.308902 4.22
18.00 0.308556 4.22
19.00 0.308209 4.22
20.00 0.307872 4.21
21.00 0.307581 4.21
22.00 0.307293 4.21
23.00 0.307009 4.21
24.00 0.306726 4.21
25.00 0.306454 4.20
26.00 0.306236 4.20
27.00 0.306023 4.20
28.00 0.305814 4.20
29.00 0.305607 4.20
30.00 0.305402 4.20
31.00 0.305199 4.20
32.00 0.305021 4.19
33.00 0.304851 4.19
34.00 0.304685 4.19
35.00 0.304522 4.19
36.00 0.304360 4.19
37.00 0.304200 4.19
38.00 0.304040 4.19
39.00 0.303882 4.19
40.00 0.303724 4.19
41.00 0.303566 4.19
42.00 0.303409 4.19
43.00 0.303252 4.19
44.00 0.303095 4.19
45.00 0.302954 4.18
46.00 0.302838 4.18
47.00 0.302727 4.17
48.00 0.302647 4.17
49.00 0.302574 4.17
50.00 0.302506 4.17
51.00 0.302443 4.17
52.00 0.302384 4.17
53.00 0.302328 4.17
54.00 0.302275 4.17
55.00 0.302225 4.17
56.00 0.302178 4.17
57.00 0.302133 4.17
58.00 0.302090 4.17
59.00 0.302049 4.17
60.00 0.302010 4.17
61.00 0.301972 4.17
62.00 0.301936 4.17
63.00 0.301901 4.17
64.00 0.301867 4.17
65.00 0.301835 4.17
66.00 0.301804 4.17
67.00 0.301774 4.17
68.00 0.301745 4.17
69.00 0.301717 4.17
70.00 0.301689 4.17
71.00 0.301663 4.17
72.00 0.301637 4.17
73.00 0.301612 4.17
74.00 0.301588 4.17
75.00 0.301564 4.17
76.00 0.301541 4.17
77.00 0.301518 4.17
78.00 0.301496 4.17
79.00 0.301475 4.17
80.00 0.301454 4.17
81.00 0.301434 4.17
82.00 0.301414 4.17
83.00 0.301394 4.17
84.00 0.301375 4.17
85.00 0.301356 4.17
86.00 0.301337 4.17
87.00 0.301319 4.17
88.00 0.301302 4.17
89.00 0.301284 4.17
90.00 0.301267 4.17
91.00 0.301250 4.17
92.00 0.301234 4.17
93.00 0.301217 4.17
94.00 0.301201 4.17
95.00 0.301185 4.17
96.00 0.301170 4.17
97.00 0.301154 4.17
98.00 0.301139 4.17
99.00 0.301124 4.17
100.00 0.301109 4.17
101.00 0.301095 4.17
102.00 0.301080 4.17
103.00 0.301066 4.17
104.00 0.301052 4.17
105.00 0.301038 4.17
106.00 0.301025 4.17
107.00 0.301011 4.17
108.00 0.300997 4.17
109.00 0.300984 4.17
110.00 0.300971 4.17
111.00 0.300958 4.17
112.00 0.300945 4.17
113.00 0.300932 4.17
114.00 0.300919 4.17
115.00 0.300907 4.17
116.00 0.300894 4.17
117.00 0.300882 4.17
118.00 0.300870 4.17
119.00 0.300857 4.17
120.00 0.300845 4.17
121.00 0.300833 4.17
122.00 0.300821 4.17
123.00 0.300809 4.17
124.00 0.300798 4.17
125.00 0.300786 4.17
126.00 0.300774 4.17
127.00 0.300763 4.17
128.00 0.300751 4.17
129.00 0.300739 4.17
130.00 0.300728 4.17
131.00 0.300717 4.17
132.00 0.300705 4.17
133.00 0.300694 4.17
134.00 0.300683 4.17
135.00 0.300672 4.17
136.00 0.300661 4.17
137.00 0.300650 4.17
138.00 0.300639 4.17
139.00 0.300628 4.17
140.00 0.300617 4.17
141.00 0.300606 4.17
142.00 0.300595 4.17
143.00 0.300584 4.17
144.00 0.300573 4.17
145.00 0.300562 4.17
146.00 0.300552 4.17
147.00 0.300541 4.17
148.00 0.300530 4.17
149.00 0.300519 4.17
150.00 0.300509 4.17
151.00 0.300498 4.17
152.00 0.300488 4.17
153.00 0.300478 4.16
154.00 0.300468 4.16
155.00 0.300459 4.16
156.00 0.300450 4.16
157.00 0.300441 4.16
158.00 0.300432 4.16
159.00 0.300424 4.16
160.00 0.300415 4.16
161.00 0.300407 4.16
162.00 0.300398 4.16
163.00 0.300390 4.16
164.00 0.300382 4.16
165.00 0.300374 4.16
166.00 0.300366 4.16
167.00 0.300359 4.16
168.00 0.300351 4.16
169.00 0.300343 4.16
170.00 0.300336 4.16
171.00 0.300328 4.16
172.00 0.300321 4.16
173.00 0.300314 4.16
174.00 0.300307 4.16
175.00 0.300300 4.16
176.00 0.300293 4.16
177.00 0.300286 4.16
178.00 0.300279 4.16
179.00 0.300272 4.16
180.00 0.300266 4.16
181.00 0.300259 4.16
182.00 0.300253 4.16
183.00 0.300246 4.16
184.00 0.300240 4.16
185.00 0.300233 4.16
186.00 0.300227 4.16
187.00 0.300221 4.16
188.00 0.300215 4.16
189.00 0.300209 4.16
190.00 0.300203 4.16
191.00 0.300197 4.16
192.00 0.300191 4.16
193.00 0.300185 4.16
194.00 0.300179 4.16
195.00 0.300173 4.16
196.00 0.300168 4.16
197.00 0.300162 4.16
198.00 0.300157 4.16
199.00 0.300151 4.16
200.00 0.300145 4.16
201.00 0.300140 4.16
202.00 0.300135 4.16
203.00 0.300129 4.16
204.00 0.300124 4.16
205.00 0.300119 4.16
206.00 0.300114 4.16
207.00 0.300108 4.16
208.00 0.300103 4.16
209.00 0.300098 4.16
210.00 0.300093 4.16
211.00 0.300088 4.16
212.00 0.300083 4.16
213.00 0.300078 4.16
214.00 0.300074 4.16
215.00 0.300069 4.16
216.00 0.300064 4.16
217.00 0.300059 4.16
218.00 0.300054 4.16
219.00 0.300050 4.16
220.00 0.300045 4.16
221.00 0.300041 4.16
222.00 0.300036 4.16
223.00 0.300031 4.16
224.00 0.300027 4.16
225.00 0.300022 4.16
226.00 0.300018 4.16
227.00 0.300014 4.16
228.00 0.300009 4.16
229.00 0.300005 4.16
230.00 0.300001 4.16
231.00 0.299996 4.16
232.00 0.299992 4.16
233.00 0.299988 4.16
234.00 0.299984 4.16
235.00 0.299980 4.16
236.00 0.299975 4.16
237.00 0.299971 4.16
238.00 0.299967 4.16
239.00 0.299963 4.16
240.00 0.299959 4.16
241.00 0.299955 4.16
242.00 0.299951 4.16
243.00 0.299947 4.16
244.00 0.299943 4.16
245.00 0.299939 4.16
246.00 0.299935 4.16
247.00 0.299932 4.16
248.00 0.299928 4.16
249.00 0.299924 4.16
250.00 0.299920 4.16
251.00 0.299916 4.16
252.00 0.299913 4.16
253.00 0.299909 4.16
254.00 0.299905 4.16
255.00 0.299902 4.16
256.00 0.299898 4.16
257.00 0.299894 4.16
258.00 0.299891 4.16
259.00 0.299888 4.15
260.00 0.299886 4.15
261.00 0.299884 4.15
262.00 0.299882 4.15
263.00 0.299881 4.15
264.00 0.299880 4.15
265.00 0.299879 4.15
266.00 0.299877 4.15
267.00 0.299877 4.15
268.00 0.299876 4.15
269.00 0.299875 4.15
270.00 0.299874 4.15
271.00 0.299873 4.15
272.00 0.299873 4.15
273.00 0.299872 4.15
274.00 0.299872 4.15
275.00 0.299871 4.15
276.00 0.299871 4.15
277.00 0.299871 4.15
278.00 0.299870 4.15
279.00 0.299870 4.15
280.00 0.299870 4.15
281.00 0.299869 4.15
282.00 0.299869 4.15
283.00 0.299869 4.15
284.00 0.299869 4.15
285.00 0.299869 4.15
286.00 0.299869 4.15
287.00 0.299868 4.15
288.00 0.299868 4.15
289.00 0.299868 4.15
290.00 0.299868 4.15
291.00 0.299868 4.15
292.00 0.299868 4.15
293.00 0.299868 4.15
294.00 0.299868 4.15
295.00 0.299868 4.15
296.00 0.299868 4.15
297.00 0.299867 4.15
298.00 0.299867 4.15
299.00 0.299867 4.15
300.00 0.299867 4.15
301.00 0.299867 4.15
302.00 0.299867 4.15
303.00 0.299867 4.15
304.00 0.299867 4.15
305.00 0.299867 4.15
306.00 0.299867 4.15
307.00 0.299867 4.15
308.00 0.299867 4.15
309.00 0.299867 4.15
310.00 0.299867 4.15
311.00 0.299867 4.15
312.00 0.299867 4.15
313.00 0.299867 4.15
314.00 0.299867 4.15
315.00 0.299867 4.15
316.00 0.299867 4.15
317.00 0.299867 4.15
318.00 0.299867 4.15
319.00 0.299867 4.15
320.00 0.299867 4.15
321.00 0.299867 4.15
322.00 0.299867 4.15
323.00 0.299867 4.15
324.00 0.299867 4.15
325.00 0.299867 4.15
326.00 0.299867 4.15
327.00 0.299867 4.15
328.00 0.299867 4.15
329.00 0.299867 4.15
330.00 0.299867 4.15
331.00 0.299867 4.15
332.00 0.299867 4.15
333.00 0.299867 4.15
334.00 0.299867 4.15
335.00 0.299867 4.15
336.00 0.299867 4.15
337.00 0.299867 4.15
338.00 0.299867 4.15
339.00 0.299867 4.15
340.00 0.299867 4.15
341.00 0.299867 4.15
342.00 0.299867 4.15
343.00 0.299867 4.15
344.00 0.299867 4.15
345.00 0.299867 4.15
346.00 0.299867 4.15
347.00 0.299867 4.15
348.00 0.299867 4.15
349.00 0.299867 4.15
350.00 0.299867 4.15
351.00 0.299867 4.15
352.00 0.299867 4.15
353.00 0.299867 4.15
354.00 0.299867 4.15
355.00 0.299867 4.15
356.00 0.299867 4.15
357.00 0.299867 4.15
358.00 0.299867 4.15
359.00 0.299867 4.15
360.00 0.299867 4.15
361.00 0.299867 4.15
362.00 0.299867 4.15
363.00 0.299867 4.15
364.00 0.299867 4.15
365.00 0.299867 4.15
366.00 0.299867 4.15
367.00 0.299867 4.15
368.00 0.299867 4.15
369.00 0.299867 4.15
370.00 0.299867 4.15
371.00 0.299867 4.15
372.00 0.299867 4.15
373.00 0.299867 4.15
374.00 0.299867 4.15
375.00 0.299867 4.15
376.00 0.299867 4.15
377.00 0.299867 4.15
378.00 0.299867 4.15
379.00 0.299867 4.15
380.00 0.299867 4.15
381.00 0.299867 4.15
382.00 0.299867 4.15
383.00 0.299867 4.15
384.00 0.299867 4.15
385.00 0.299867 4.15
386.00 0.299867 4.15
387.00 0.299867 4.15
388.00 0.299867 4.15
389.00 0.299867 4.15
390.00 0.299867 4.15
391.00 0.299867 4.15
392.00 0.299867 4.15
393.00 0.299867 4.15
394.00 0.299867 4.15
395.00 0.299867 4.15
396.00 0.299867 4.15
397.00 0.299867 4.15
398.00 0.299867 4.15
399.00 0.299867 4.15
400.00 0.299867 4.15
401.00 0.299867 4.15
402.00 0.299867 4.15
403.00 0.299867 4.15
404.00 0.299867 4.15
405.00 0.299867 4.15
406.00 0.299867 4.15
407.00 0.299867 4.15
408.00 0.299867 4.15
409.00 0.299867 4.15
410.00 0.299867 4.15
411.00 0.299867 4.15
412.00 0.299867 4.15
413.00 0.299867 4.15
414.00 0.299867 4.15
415.00 0.299867 4.15
416.00 0.299867 4.15
417.00 0.299867 4.15
418.00 0.299867 4.15
419.00 0.299867 4.15
420.00 0.299867 4.15
421.00 0.299867 4.15
422.00 0.299867 4.15
423.00 0.299867 4.15
424.00 0.299867 4.15
425.00 0.299867 4.15
426.00 0.299867 4.15
427.00 0.299867 4.15
428.00 0.299867 4.15
429.00 0.299867 4.15
430.00 0.299867 4.15
431.00 0.299867 4.15
432.00 0.299867 4.15
433.00 0.299867 4.15
434.00 0.299867 4.15
435.00 0.299867 4.15
436.00 0.299867 4.15
437.00 0.299867 4.15
438.00 0.299867 4.15
439.00 0.299867 4.15
440.00 0.299867 4.15
441.00 0.299867 4.15
442.00 0.299867 4.15
443.00 0.299867 4.15
444.00 0.299867 4.15
445.00 0.299867 4.15
446.00 0.299867 4.15
447.00 0.299867 4.15
448.00 0.299867 4.15
449.00 0.299867 4.15
450.00 0.299867 4.15
451.00 0.299867 4.15
452.00 0.299867 4.15
453.00 0.299867 4.15
454.00 0.299867 4.15
455.00 0.299867 4.15
456.00 0.299867 4.15
457.00 0.299867 4.15
458.00 0.299867 4.15
459.00 0.299867 4.15
460.00 0.299867 4.15
461.00 0.299867 4.15
462.00 0.299867 4.15
463.00 0.299867 4.15
464.00 0.299867 4.15
465.00 0.299867 4.15
466.00 0.299867 4.15
467.00 0.299867 4.15
468.00 0.299867 4.15
469.00 0.299867 4.15
470.00 0.299867 4.15
471.00 0.299867 4.15
472.00 0.299867 4.15
473.00 0.299867 4.15
474.00 0.299867 4.15
475.00 0.299867 4.15
476.00 0.299867 4.15
477.00 0.299867 4.15
478.00 0.299867 4.15
479.00 0.299867 4.15
480.00 0.299867 4.15
481.00 0.299867 4.15
482.00 0.299867 4.15
483.00 0.299867 4.15
484.00 0.299867 4.15
485.00 0.299867 4.15
486.00 0.299867 4.15
487.00 0.299867 4.15
488.00 0.299867 4.15
489.00 0.299867 4.15
490.00 0.299867 4.15
491.00 0.299867 4.15
492.00 0.299867 4.15
493.00 0.299867 4.15
494.00 0.299867 4.15
495.00 0.299867 4.15
496.00 0.299867 4.15
497.00 0.299867 4.15
498.00 0.299867 4.15
499.00 0.299867 4.15
500.00 0.299867 4.15
501.00 0.299867 4.15
502.00 0.299867 4.15
503.00 0.299867 4.15
504.00 0.299867 4.15
505.00 0.299867 4.15
506.00 0.299867 4.15
507.00 0.299867 4.15
508.00 0.299867 4.15
509.00 0.299867 4.15
510.00 0.299867 4.15
511.00 0.299867 4.15
512.00 0.299867 4.15
513.00 0.299867 4.15
514.00 0.299867 4.15
515.00 0.299867 4.15
516.00 0.299867 4.15
517.00 0.299867 4.15
518.00 0.299867 4.15
519.00 0.299867 4.15
520.00 0.299867 4.15
521.00 0.299867 4.15
522.00 0.299867 4.15
523.00 0.299867 4.15
524.00 0.299867 4.15
525.00 0.299867 4.15
526.00 0.299867 4.15
527.00 0.299867 4.15
528.00 0.299867 4.15
529.00 0.299867 4.15
530.00 0.299867 4.15
531.00 0.299867 4.15
532.00 0.299867 4.15
533.00 0.299867 4.15
534.00 0.299867 4.15
535.00 0.299867 4.15
536.00 0.299867 4.15
537.00 0.299867 4.15
538.00 0.299867 4.15
539.00 0.299867 4.15
540.00 0.299867 4.15
541.00 0.299867 4.15
542.00 0.299867 4.15
543.00 0.299867 4.15
544.00 0.299867 4.15
545.00 0.299867 4.15
546.00 0.299867 4.15
547.00 0.299867 4.15
548.00 0.299867 4.15
549.00 0.299867 4.15
550.00 0.299867 4.15
551.00 0.299867 4.15
552.00 0.299867 4.15
553.00 0.299867 4.15
554.00 0.299867 4.15
555.00 0.299867 4.15
556.00 0.299867 4.15
557.00 0.299867 4.15
558.00 0.299867 4.15
559.00 0.299867 4.15
560.00 0.299867 4.15
561.00 0.299867 4.15
562.00 0.299867 4.15
563.00 0.299867 4.15
564.00 0.299867 4.15
565.00 0.299867 4.15
566.00 0.299867 4.15
567.00 0.299867 4.15
568.00 0.299867 4.15
569.00 0.299867 4.15
570.00 0.299867 4.15
571.00 0.299867 4.15
572.00 0.299867 4.15
573.00 0.299867 4.15
574.00 0.299867 4.15
575.00 0.299867 4.15
576.00 0.299867 4.15
577.00 0.299867 4.15
578.00 0.299867 4.15
579.00 0.299867 4.15
580.00 0.299867 4.15
581.00 0.299867 4.15
582.00 0.299867 4.15
583.00 0.299867 4.15
584.00 0.299867 4.15
585.00 0.299867 4.15
586.00 0.299867 4.15
587.00 0.299867 4.15
588.00 0.299867 4.15
589.00 0.299867 4.15
590.00 0.299867 4.15
591.00 0.299867 4.15
592.00 0.299867 4.15
593.00 0.299867 4.15
594.00 0.299867 4.15
595.00 0.299867 4.15
596.00 0.299867 4.15
597.00 0.299867 4.15
598.00 0.299867 4.15
599.00 0.299867 4.15
600.00 0.299867 4.15
601.00 0.299867 4.15
602.00 0.299867 4.15
603.00 0.299867 4.15
604.00 0.299867 4.15
605.00 0.299867 4.15
606.00 0.299867 4.15
607.00 0.299867 4.15
608.00 0.299867 4.15
609.00 0.299867 4.15
610.00 0.299867 4.15
611.00 0.299867 4.15
612.00 0.299867 4.15
613.00 0.299867 4.15
614.00 0.299867 4.15
615.00 0.299867 4.15
616.00 0.299867 4.15
617.00 0.299867 4.15
618.00 0.299867 4.15
619.00 0.299867 4.15
620.00 0.299867 4.15
621.00 0.299867 4.15
622.00 0.299867 4.15
623.00 0.299867 4.15
624.00 0.299867 4.15
625.00 0.299867 4.15
626.00 0.299867 4.15
627.00 0.299867 4.15
628.00 0.299867 4.15
629.00 0.299867 4.15
630.00 0.299867 4.15
631.00 0.299867 4.15
632.00 0.299867 4.15
633.00 0.299867 4.15
634.00 0.299867 4.15
635.00 0.299867 4.15
636.00 0.299867 4.15
637.00 0.299867 4.15
638.00 0.299867 4.15
639.00 0.299867 4.15
640.00 0.299867 4.15
641.00 0.299867 4.15
642.00 0.299867 4.15
643.00 0.299867 4.15
644.00 0.299867 4.15
645.00 0.299867 4.15
646.00 0.299867 4.15
647.00 0.299867 4.15
648.00 0.299867 4.15
649.00 0.299867 4.15
650.00 0.299867 4.15
651.00 0.299867 4.15
652.00 0.299867 4.15
653.00 0.299867 4.15
654.00 0.299867 4.15
655.00 0.299867 4.15
656.00 0.299867 4.15
657.00 0.299867 4.15
658.00 0.299867 4.15
659.00 0.299867 4.15
660.00 0.299867 4.15
661.00 0.299867 4.15
662.00 0.299867 4.15
663.00 0.299867 4.15
664.00 0.299867 4.15
665.00 0.299867 4.15
666.00 0.299867 4.15
667.00 0.299867 4.15
668.00 0.299867 4.15
669.00 0.299867 4.15
670.00 0.299867 4.15
671.00 0.299867 4.15
672.00 0.299867 4.15
673.00 0.299867 4.15
674.00 0.299867 4.15
675.00 0.299867 4.15
676.00 0.299867 4.15
677.00 0.299867 4.15
678.00 0.299867 4.15
679.00 0.299867 4.15
680.00 0.299867 4.15
681.00 0.299867 4.15
682.00 0.299867 4.15
683.00 0.299867 4.15
684.00 0.299867 4.15
685.00 0.299867 4.15
686.00 0.299867 4.15
687.00 0.299867 4.15
688.00 0.299867 4.15
689.00 0.299867 4.15
690.00 0.299867 4.15
691.00 0.299867 4.15
692.00 0.299867 4.15
693.00 0.299867 4.15
694.00 0.299867 4.15
695.00 0.299867 4.15
696.00 0.299867 4.15
697.00 0.299867 4.15
698.00 0.299867 4.15
699.00 0.299867 4.15
700.00 0.299867 4.15
701.00 0.299867 4.15
702.00 0.299867 4.15
703.00 0.299867 4.15
704.00 0.299867 4.15
705.00 0.299867 4.15
706.00 0.299867 4.15
707.00 0.299867 4.15
708.00 0.299867 4.15
709.00 0.299867 4.15
710.00 0.299867 4.15
711.00 0.299867 4.15
712.00 0.299867 4.15
713.00 0.299867 4.15
714.00 0.299867 4.15
715.00 0.299867 4.15
716.00 0.299867 4.15
717.00 0.299867 4.15
718.00 0.299867 4.15
719.00 0.299867 4.15
720.00 0.299867 4.15
721.00 0.299867 4.15
722.00 0.299867 4.15
723.00 0.299867 4.15
724.00 0.299867 4.15
725.00 0.299867 4.15
726.00 0.299867 4.15
727.00 0.299867 4.15
728.00 0.299867 4.15
729.00 0.299867 4.15
730.00 0.299867 4.15
731.00 0.299867 4.15
732.00 0.299867 4.15
733.00 0.299867 4.15
734.00 0.299867 4.15
735.00 0.299867 4.15
736.00 0.299867 4.15
737.00 0.299867 4.15
738.00 0.299867 4.15
739.00 0.299867 4.15
740.00 0.299867 4.15
741.00 0.299867 4.15
742.00 0.299867 4.15
743.00 0.299867 4.15
744.00 0.299867 4.15
745.00 0.299867 4.15
746.00 0.299867 4.15
747.00 0.299867 4.15
748.00 0.299867 4.15
749.00 0.299867 4.15
750.00 0.299867 4.15
751.00 0.299867 4.15
752.00 0.299867 4.15
753.00 0.299867 4.15
754.00 0.299867 4.15
755.00 0.299867 4.15
756.00 0.299867 4.15
757.00 0.299867 4.15
758.00 0.299867 4.15
759.00 0.299867 4.15
760.00 0.299867 4.15
761.00 0.299867 4.15
762.00 0.299867 4.15
763.00 0.299867 4.15
764.00 0.299867 4.15
765.00 0.299867 4.15
766.00 0.299867 4.15
767.00 0.299867 4.15
768.00 0.299867 4.15
769.00 0.299867 4.15
770.00 0.299867 4.15
771.00 0.299867 4.15
772.00 0.299867 4.15
773.00 0.299867 4.15
774.00 0.299867 4.15
775.00 0.299867 4.15
776.00 0.299867 4.15
777.00 0.299867 4.15
778.00 0.299867 4.15
779.00 0.299867 4.15
780.00 0.299867 4.15
781.00 0.299867 4.15
782.00 0.299867 4.15
783.00 0.299867 4.15
784.00 0.299867 4.15
785.00 0.299867 4.15
786.00 0.299867 4.15
787.00 0.299867 4.15
788.00 0.299867 4.15
789.00 0.299867 4.15
790.00 0.299867 4.15
791.00 0.299867 4.15
792.00 0.299867 4.15
793.00 0.299867 4.15
794.00 0.299867 4.15
795.00 0.299867 4.15
796.00 0.299867 4.15
797.00 0.299867 4.15
798.00 0.299867 4.15
799.00 0.299867 4.15
800.00 0.299867 4.15
801.00 0.299867 4.15
802.00 0.299867 4.15
803.00 0.299867 4.15
804.00 0.299867 4.15
805.00 0.299867 4.15
806.00 0.299867 4.15
807.00 0.299867 4.15
808.00 0.299867 4.15
809.00 0.299867 4.15
810.00 0.299867 4.15
811.00 0.299867 4.15
812.00 0.299867 4.15
813.00 0.299867 4.15
814.00 0.299867 4.15
815.00 0.299867 4.15
816.00 0.299867 4.15
817.00 0.299867 4.15
818.00 0.299867 4.15
819.00 0.299867 4.15
820.00 0.299867 4.15
821.00 0.299867 4.15
822.00 0.299867 4.15
823.00 0.299867 4.15
824.00 0.299867 4.15
825.00 0.299867 4.15
826.00 0.299867 4.15
827.00 0.299867 4.15
828.00 0.299867 4.15
829.00 0.299867 4.15
830.00 0.299867 4.15
831.00 0.299867 4.15
832.00 0.299867 4.15
833.00 0.299867 4.15
834.00 0.299867 4.15
835.00 0.299867 4.15
836.00 0.299867 4.15
837.00 0.299867 4.15
838.00 0.299867 4.15
839.00 0.299867 4.15
840.00 0.299867 4.15
841.00 0.299867 4.15
842.00 0.299867 4.15
843.00 0.299867 4.15
844.00 0.299867 4.15
845.00 0.299867 4.15
846.00 0.299867 4.15
847.00 0.299867 4.15
848.00 0.299867 4.15
849.00 0.299867 4.15
850.00 0.299867 4.15
851.00 0.299867 4.15
852.00 0.299867 4.15
853.00 0.299867 4.15
854.00 0.299867 4.15
855.00 0.299867 4.15
856.00 0.299867 4.15
857.00 0.299867 4.15
858.00 0.299867 4.15
859.00 0.299867 4.15
860.00 0.299867 4.15
861.00 0.299867 4.15
862.00 0.299867 4.15
863.00 0.299867 4.15
864.00 0.299867 4.15
865.00 0.299867 4.15
866.00 0.299867 4.15
867.00 0.299867 4.15
868.00 0.299867 4.15
869.00 0.299867 4.15
870.00 0.299867 4.15
871.00 0.299867 4.15
872.00 0.299867 4.15
873.00 0.299867 4.15
874.00 0.299867 4.15
875.00 0.299867 4.15
876.00 0.299867 4.15
877.00 0.299867 4.15
878.00 0.299867 4.15
879.00 0.299867 4.15
880.00 0.299867 4.15
881.00 0.299867 4.15
882.00 0.299867 4.15
883.00 0.299867 4.15
884.00 0.299867 4.15
885.00 0.299867 4.15
886.00 0.299867 4.15
887.00 0.299867 4.15
888.00 0.299867 4.15
889.00 0.299867 4.15
890.00 0.299867 4.15
891.00 0.299867 4.15
892.00 0.299867 4.15
893.00 0.299867 4.15
894.00 0.299867 4.15
895.00 0.299867 4.15
896.00 0.299867 4.15
897.00 0.299867 4.15
898.00 0.299867 4.15
899.00 0.299867 4.15
900.00 0.299867 4.15
901.00 0.299867 4.15
902.00 0.299867 4.15
903.00 0.299867 4.15
904.00 0.299867 4.15
905.00 0.299867 4.15
906.00 0.299867 4.15
907.00 0.299867 4.15
908.00 0.299867 4.15
909.00 0.299867 4.15
910.00 0.299867 4.15
911.00 0.299867 4.15
912.00 0.299867 4.15
913.00 0.299867 4.15
914.00 0.299867 4.15
915.00 0.299867 4.15
916.00 0.299867 4.15
917.00 0.299867 4.15
918.00 0.299867 4.15
919.00 0.299867 4.15
920.00 0.299867 4.15
921.00 0.299867 4.15
922.00 0.299867 4.15
923.00 0.299867 4.15
924.00 0.299867 4.15
925.00 0.299867 4.15
926.00 0.299867 4.15
927.00 0.299867 4.15
928.00 0.299867 4.15
929.00 0.299867 4.15
930.00 0.299867 4.15
931.00 0.299867 4.15
932.00 0.299867 4.15
933.00 0.299867 4.15
934.00 0.299867 4.15
935.00 0.299867 4.15
936.00 0.299867 4.15
937.00 0.299867 4.15
938.00 0.299867 4.15
939.00 0.299867 4.15
940.00 0.299867 4.15
941.00 0.299867 4.15
942.00 0.299867 4.15
943.00 0.299867 4.15
944.00 0.299867 4.15
945.00 0.299867 4.15
946.00 0.299867 4.15
947.00 0.299867 4.15
948.00 0.299867 4.15
949.00 0.299867 4.15
950.00 0.299867 4.15
951.00 0.299867 4.15
952.00 0.299867 4.15
953.00 0.299867 4.15
954.00 0.299867 4.15
955.00 0.299867 4.15
956.00 0.299867 4.15
957.00 0.299867 4.15
958.00 0.299867 4.15
959.00 0.299867 4.15
960.00 0.299867 4.15
961.00 0.299867 4.15
962.00 0.299867 4.15
963.00 0.299867 4.15
964.00 0.299867 4.15
965.00 0.299867 4.15
966.00 0.299867 4.15
967.00 0.299867 4.15
968.00 0.299867 4.15
969.00 0.299867 4.15
970.00 0.299867 4.15
971.00 0.299867 4.15
972.00 0.299867 4.15
973.00 0.299867 4.15
974.00 0.299867 4.15
975.00 0.299867 4.15
976.00 0.299867 4.15
977.00 0.299867 4.15
978.00 0.299867 4.15
979.00 0.299867 4.15
980.00 0.299867 4.15
981.00 0.299867 4.15
982.00 0.299867 4.15
983.00 0.299867 4.15
984.00 0.299867 4.15
985.00 0.299867 4.15
986.00 0.299867 4.15
987.00 0.299867 4.15
988.00 0.299867 4.15
989.00 0.299867 4.15
990.00 0.299867 4.15
991.00 0.299867 4.15
992.00 0.299867 4.15
993.00 0.299867 4.15
994.00 0.299867 4.15
995.00 0.299867 4.15
996.00 0.299867 4.15
997.00 0.299867 4.15
998.00 0.299867 4.15
999.00 0.299867 4.15
1000.00 0.299867 4.15
1001.00 0.299867 4.15
1002.00 0.299867 4.15
1003.00 0.299867 4.15
1004.00 0.299867 4.15
1005.00 0.299867 4.15
1006.00 0.299867 4.15
1007.00 0.299867 4.15
1008.00 0.299867 4.15
1009.00 0.299867 4.15
1010.00 0.299867 4.15
1011.00 0.299867 4.15
1012.00 0.299867 4.15
1013.00 0.299867 4.15
1014.00 0.299867 4.15
1015.00 0.299867 4.15
1016.00 0.299867 4.15
1017.00 0.299867 4.15
1018.00 0.299867 4.15
1019.00 0.299867 4.15
1020.00 0.299867 4.15
1021.00 0.299867 4.15
1022.00 0.299867 4.15
1023.00 0.299867 4.15
1024.00 0.299867 4.15
1025.00 0.299867 4.15
1026.00 0.299867 4.15
1027.00 0.299867 4.15
1028.00 0.299867 4.15
1029.00 0.299867 4.15
1030.00 0.299867 4.15
1031.00 0.299867 4.15
1032.00 0.299867 4.15
1033.00 0.299867 4.15
1034.00 0.299867 4.15
1035.00 0.299867 4.15
1036.00 0.299867 4.15
1037.00 0.299867 4.15
1038.00 0.299867 4.15
1039.00 0.299867 4.15
1040.00 0.299867 4.15
1041.00 0.299867 4.15
1042.00 0.299867 4.15
1043.00 0.299867 4.15
1044.00 0.299867 4.15
1045.00 0.299867 4.15
1046.00 0.299867 4.15
1047.00 0.299867 4.15
1048.00 0.299867 4.15
1049.00 0.299867 4.15
1050.00 0.299867 4.15
1051.00 0.299867 4.15
1052.00 0.299867 4.15
1053.00 0.299867 4.15
1054.00 0.299867 4.15
1055.00 0.299867 4.15
1056.00 0.299867 4.15
1057.00 0.299867 4.15
1058.00 0.299867 4.15
1059.00 0.299867 4.15
1060.00 0.299867 4.15
1061.00 0.299867 4.15
1062.00 0.299867 4.15
1063.00 0.299867 4.15
1064.00 0.299867 4.15
1065.00 0.299867 4.15
1066.00 0.299867 4.15
1067.00 0.299867 4.15
1068.00 0.299867 4.15
1069.00 0.299867 4.15
1070.00 0.299867 4.15
1071.00 0.299867 4.15
1072.00 0.299867 4.15
1073.00 0.299867 4.15
1074.00 0.299867 4.15
1075.00 0.299867 4.15
1076.00 0.299867 4.15
1077.00 0.299867 4.15
1078.00 0.299867 4.15
1079.00 0.299867 4.15
1080.00 0.299867 4.15
1081.00 0.299867 4.15
1082.00 0.299867 4.15
1083.00 0.299867 4.15
1084.00 0.299867 4.15
1085.00 0.299867 4.15
1086.00 0.299867 4.15
1087.00 0.299867 4.15
1088.00 0.299867 4.15
1089.00 0.299867 4.15
1090.00 0.299867 4.15
1091.00 0.299867 4.15
1092.00 0.299867 4.15
1093.00 0.299867 4.15
1094.00 0.299867 4.15
1095.00 0.299867 4.15
1096.00 0.299867 4.15
1097.00 0.299867 4.15
1098.00 0.299867 4.15
1099.00 0.299867 4.15
1100.00 0.299867 4.15
1101.00 0.299867 4.15
1102.00 0.299867 4.15
1103.00 0.299867 4.15
1104.00 0.299867 4.15
1105.00 0.299867 4.15
1106.00 0.299867 4.15
1107.00 0.299867 4.15
1108.00 0.299867 4.15
1109.00 0.299867 4.15
1110.00 0.299867 4.15
1111.00 0.299867 4.15
1112.00 0.299867 4.15
1113.00 0.299867 4.15
1114.00 0.299867 4.15
1115.00 0.299867 4.15
1116.00 0.299867 4.15
1117.00 0.299867 4.15
1118.00 0.299867 4.15
1119.00 0.299867 4.15
1120.00 0.299867 4.15
1121.00 0.299867 4.15
1122.00 0.299867 4.15
1123.00 0.299867 4.15
1124.00 0.299867 4.15
1125.00 0.299867 4.15
1126.00 0.299867 4.15
1127.00 0.299867 4.15
1128.00 0.299867 4.15
1129.00 0.299867 4.15
1130.00 0.299867 4.15
1131.00 0.299867 4.15
1132.00 0.299867 4.15
1133.00 0.299867 4.15
1134.00 0.299867 4.15
1135.00 0.299867 4.15
1136.00 0.299867 4.15
1137.00 0.299867 4.15
1138.00 0.299867 4.15
1139.00 0.299867 4.15
1140.00 0.299867 4.15
1141.00 0.299867 4.15
1142.00 0.299867 4.15
1143.00 0.299867 4.15
1144.00 0.299867 4.15
1145.00 0.299867 4.15
1146.00 0.299867 4.15
1147.00 0.299867 4.15
1148.00 0.299867 4.15
1149.00 0.299867 4.15
1150.00 0.299867 4.15
1151.00 0.299867 4.15
1152.00 0.299867 4.15
1153.00 0.299867 4.15
1154.00 0.299867 4.15
1155.00 0.299867 4.15
1156.00 0.299867 4.15
1157.00 0.299867 4.15
1158.00 0.299867 4.15
1159.00 0.299867 4.15
1160.00 0.299867 4.15
1161.00 0.299867 4.15
1162.00 0.299867 4.15
1163.00 0.299867 4.15
1164.00 0.299867 4.15
1165.00 0.299867 4.15
1166.00 0.299867 4.15
1167.00 0.299867 4.15
1168.00 0.299867 4.15
1169.00 0.299867 4.15
1170.00 0.299867 4.15
1171.00 0.299867 4.15
1172.00 0.299867 4.15
1173.00 0.299867 4.15
1174.00 0.299867 4.15
1175.00 0.299867 4.15
1176.00 0.299867 4.15
1177.00 0.299867 4.15
1178.00 0.299867 4.15
1179.00 0.299867 4.15
1180.00 0.299867 4.15
1181.00 0.299867 4.15
1182.00 0.299867 4.15
1183.00 0.299867 4.15
1184.00 0.299867 4.15
1185.00 0.299867 4.15
1186.00 0.299867 4.15
1187.00 0.299867 4.15
1188.00 0.299867 4.15
1189.00 0.299867 4.15
1190.00 0.299867 4.15
1191.00 0.299867 4.15
1192.00 0.299867 4.15
1193.00 0.299867 4.15
1194.00 0.299867 4.15
1195.00 0.299867 4.15
1196.00 0.299867 4.15
1197.00 0.299867 4.15
1198.00 0.299867 4.15
1199.00 0.299867 4.15
1200.00 0.299867 4.15
1201.00 0.299867 4.15
1202.00 0.299867 4.15
1203.00 0.299867 4.15
1204.00 0.299867 4.15
1205.00 0.299867 4.15
1206.00 0.299867 4.15
1207.00 0.299867 4.15
1208.00 0.299867 4.15
1209.00 0.299867 4.15
1210.00 0.299867 4.15
1211.00 0.299867 4.15
1212.00 0.299867 4.15
1213.00 0.299867 4.15
1214.00 0.299867 4.15
1215.00 0.299867 4.15
1216.00 0.299867 4.15
1217.00 0.299867 4.15
1218.00 0.299867 4.15
1219.00 0.299867 4.15
1220.00 0.299867 4.15
1221.00 0.299867 4.15
1222.00 0.299867 4.15
1223.00 0.299867 4.15
1224.00 0.299867 4.15
1225.00 0.299867 4.15
1226.00 0.299867 4.15
1227.00 0.299867 4.15
1228.00 0.299867 4.15
1229.00 0.299867 4.15
1230.00 0.299867 4.15
1231.00 0.299867 4.15
1232.00 0.299867 4.15
1233.00 0.299867 4.15
1234.00 0.299867 4.15
1235.00 0.299867 4.15
1236.00 0.299867 4.15
1237.00 0.299867 4.15
1238.00 0.299867 4.15
1239.00 0.299867 4.15
1240.00 0.299867 4.15
1241.00 0.299867 4.15
1242.00 0.299867 4.15
1243.00 0.299867 4.15
1244.00 0.299867 4.15
1245.00 0.299867 4.15
1246.00 0.299867 4.15
1247.00 0.299867 4.15
1248.00 0.299867 4.15
1249.00 0.299867 4.15
1250.00 0.299867 4.15
1251.00 0.299867 4.15
1252.00 0.299867 4.15
1253.00 0.299867 4.15
1254.00 0.299867 4.15
1255.00 0.299867 4.15
1256.00 0.299867 4.15
1257.00 0.299867 4.15
1258.00 0.299867 4.15
1259.00 0.299867 4.15
1260.00 0.299867 4.15
1261.00 0.299867 4.15
1262.00 0.299867 4.15
1263.00 0.299867 4.15
1264.00 0.299867 4.15
1265.00 0.299867 4.15
1266.00 0.299867 4.15
1267.00 0.299867 4.15
1268.00 0.299867 4.15
1269.00 0.299867 4.15
1270.00 0.299867 4.15
1271.00 0.299867 4.15
1272.00 0.299867 4.15
1273.00 0.299867 4.15
1274.00 0.299867 4.15
1275.00 0.299867 4.15
1276.00 0.299867 4.15
1277.00 0.299867 4.15
1278.00 0.299867 4.15
1279.00 0.299867 4.15
1280.00 0.299867 4.15
1281.00 0.299867 4.15
1282.00 0.299867 4.15
1283.00 0.299867 4.15
1284.00 0.299867 4.15
1285.00 0.299867 4.15
1286.00 0.299867 4.15
1287.00 0.299867 4.15
1288.00 0.299867 4.15
1289.00 0.299867 4.15
1290.00 0.299867 4.15
1291.00 0.299867 4.15
1292.00 0.299867 4.15
1293.00 0.299867 4.15
1294.00 0.299867 4.15
1295.00 0.299867 4.15
1296.00 0.299867 4.15
1297.00 0.299867 4.15
1298.00 0.299867 4.15
1299.00 0.299867 4.15
1300.00 0.299867 4.15
1301.00 0.299867 4.15
1302.00 0.299867 4.15
1303.00 0.299867 4.15
1304.00 0.299867 4.15
1305.00 0.299867 4.15
1306.00 0.299867 4.15
1307.00 0.299867 4.15
1308.00 0.299867 4.15
1309.00 0.299867 4.15
1310.00 0.299867 4.15
1311.00 0.299867 4.15
1312.00 0.299867 4.15
1313.00 0.299867 4.15
1314.00 0.299867 4.15
1315.00 0.299867 4.15
1316.00 0.299867 4.15
1317.00 0.299867 4.15
1318.00 0.299867 4.15
1319.00 0.299867 4.15
1320.00 0.299867 4.15
1321.00 0.299867 4.15
1322.00 0.299867 4.15
1323.00 0.299867 4.15
1324.00 0.299867 4.15
1325.00 0.299867 4.15
1326.00 0.299867 4.15
1327.00 0.299867 4.15
1328.00 0.299867 4.15
1329.00 0.299867 4.15
1330.00 0.299867 4.15
1331.00 0.299867 4.15
1332.00 0.299867 4.15
1333.00 0.299867 4.15
1334.00 0.299867 4.15
1335.00 0.299867 4.15
1336.00 0.299867 4.15
1337.00 0.299867 4.15
1338.00 0.299867 4.15
1339.00 0.299867 4.15
1340.00 0.299867 4.15
1341.00 0.299867 4.15
1342.00 0.299867 4.15
1343.00 0.299867 4.15
1344.00 0.299867 4.15
1345.00 0.299867 4.15
1346.00 0.299867 4.15
1347.00 0.299867 4.15
1348.00 0.299867 4.15
1349.00 0.299867 4.15
1350.00 0.299867 4.15
1351.00 0.299867 4.15
1352.00 0.299867 4.15
1353.00 0.299867 4.15
1354.00 0.299867 4.15
1355.00 0.299867 4.15
1356.00 0.299867 4.15
1357.00 0.299867 4.15
1358.00 0.299867 4.15
1359.00 0.299867 4.15
1360.00 0.299867 4.15
1361.00 0.299867 4.15
1362.00 0.299867 4.15
1363.00 0.299867 4.15
1364.00 0.299867 4.15
1365.00 0.299867 4.15
1366.00 0.299867 4.15
1367.00 0.299867 4.15
1368.00 0.299867 4.15
1369.00 0.299867 4.15
1370.00 0.299867 4.15
1371.00 0.299867 4.15
1372.00 0.299867 4.15
1373.00 0.299867 4.15
1374.00 0.299867 4.15
1375.00 0.299867 4.15
1376.00 0.299867 4.15
1377.00 0.299867 4.15
1378.00 0.299867 4.15
1379.00 0.299867 4.15
1380.00 0.299867 4.15
1381.00 0.299867 4.15
1382.00 0.299867 4.15
1383.00 0.299867 4.15
1384.00 0.299867 4.15
1385.00 0.299867 4.15
1386.00 0.299867 4.15
1387.00 0.299867 4.15
1388.00 0.299867 4.15
1389.00 0.299867 4.15
1390.00 0.299867 4.15
1391.00 0.299867 4.15
1392.00 0.299867 4.15
1393.00 0.299867 4.15
1394.00 0.299867 4.15
1395.00 0.299867 4.15
1396.00 0.299867 4.15
1397.00 0.299867 4.15
1398.00 0.299867 4.15
1399.00 0.299867 4.15
1400.00 0.299867 4.15
1401.00 0.299867 4.15
1402.00 0.299867 4.15
1403.00 0.299867 4.15
1404.00 0.299867 4.15
1405.00 0.299867 4.15
1406.00 0.299867 4.15
1407.00 0.299867 4.15
1408.00 0.299867 4.15
1409.00 0.299867 4.15
1410.00 0.299867 4.15
1411.00 0.299867 4.15
1412.00 0.299867 4.15
1413.00 0.299867 4.15
1414.00 0.299867 4.15
1415.00 0.299867 4.15
1416.00 0.299867 4.15
1417.00 0.299867 4.15
1418.00 0.299867 4.15
1419.00 0.299867 4.15
1420.00 0.299867 4.15
1421.00 0.299867 4.15
1422.00 0.299867 4.15
1423.00 0.299867 4.15
1424.00 0.299867 4.15
1425.00 0.299867 4.15
1426.00 0.299867 4.15
1427.00 0.299867 4.15
1428.00 0.299867 4.15
1429.00 0.299867 4.15
1430.00 0.299867 4.15
1431.00 0.299867 4.15
1432.00 0.299867 4.15
1433.00 0.299867 4.15
1434.00 0.299867 4.15
1435.00 0.299867 4.15
1436.00 0.299867 4.15
1437.00 0.299867 4.15
1438.00 0.299867 4.15
1439.00 0.299867 4.15
1440.00 0.299867 4.15
1441.00 0.299867 4.15
1442.00 0.299867 4.15
1443.00 0.299867 4.15
1444.00 0.299867 4.15
1445.00 0.299867 4.15
1446.00 0.299867 4.15
1447.00 0.299867 4.15
1448.00 0.299867 4.15
1449.00 0.299867 4.15
1450.00 0.299867 4.15
1451.00 0.299867 4.15
1452.00 0.299867 4.15
1453.00 0.299867 4.15
1454.00 0.299867 4.15
1455.00 0.299867 4.15
1456.00 0.299867 4.15
1457.00 0.299867 4.15
1458.00 0.299867 4.15
1459.00 0.299867 4.15
1460.00 0.299867 4.15
1461.00 0.299867 4.15
1462.00 0.299867 4.15
1463.00 0.299867 4.15
1464.00 0.299867 4.15
1465.00 0.299867 4.15
1466.00 0.299867 4.15
1467.00 0.299867 4.15
1468.00 0.299867 4.15
1469.00 0.299867 4.15
1470.00 0.299867 4.15
1471.00 0.299867 4.15
1472.00 0.299867 4.15
1473.00 0.299867 4.15
1474.00 0.299867 4.15
1475.00 0.299867 4.15
1476.00 0.299867 4.15
1477.00 0.299867 4.15
1478.00 0.299867 4.15
1479.00 0.299867 4.15
1480.00 0.299867 4.15
1481.00 0.299867 4.15
1482.00 0.299867 4.15
1483.00 0.299867 4.15
1484.00 0.299867 4.15
1485.00 0.299867 4.15
1486.00 0.299867 4.15
1487.00 0.299867 4.15
1488.00 0.299867 4.15
1489.00 0.299867 4.15
1490.00 0.299867 4.15
1491.00 0.299867 4.15
1492.00 0.299867 4.15
1493.00 0.299867 4.15
1494.00 0.299867 4.15
1495.00 0.299867 4.15
1496.00 0.299867 4.15
1497.00 0.299867 4.15
1498.00 0.299867 4.15
1499.00 0.299867 4.15
1500.00 0.299867 4.15
1501.00 0.299867 4.15
1502.00 0.299867 4.15
1503.00 0.299867 4.15
1504.00 0.299867 4.15
1505.00 0.299867 4.15
1506.00 0.299867 4.15
1507.00 0.299867 4.15
1508.00 0.299867 4.15
1509.00 0.299867 4.15
1510.00 0.299867 4.15
1511.00 0.299867 4.15
1512.00 0.299867 4.15
1513.00 0.299867 4.15
1514.00 0.299867 4.15
1515.00 0.299867 4.15
1516.00 0.299867 4.15
1517.00 0.299867 4.15
1518.00 0.299867 4.15
1519.00 0.299867 4.15
1520.00 0.299867 4.15
1521.00 0.299867 4.15
1522.00 0.299867 4.15
1523.00 0.299867 4.15
1524.00 0.299867 4.15
1525.00 0.299867 4.15
1526.00 0.299867 4.15
1527.00 0.299867 4.15
1528.00 0.299867 4.15
1529.00 0.299867 4.15
1530.00 0.299867 4.15
1531.00 0.299867 4.15
1532.00 0.299867 4.15
1533.00 0.299867 4.15
1534.00 0.299867 4.15
1535.00 0.299867 4.15
1536.00 0.299867 4.15
1537.00 0.299867 4.15
1538.00 0.299867 4.15
1539.00 0.299867 4.15
1540.00 0.299867 4.15
1541.00 0.299867 4.15
1542.00 0.299867 4.15
1543.00 0.299867 4.15
1544.00 0.299867 4.15
1545.00 0.299867 4.15
1546.00 0.299867 4.15
1547.00 0.299867 4.15
1548.00 0.299867 4.15
1549.00 0.299867 4.15
1550.00 0.299867 4.15
1551.00 0.299867 4.15
1552.00 0.299867 4.15
1553.00 0.299867 4.15
1554.00 0.299867 4.15
1555.00 0.299867 4.15
1556.00 0.299867 4.15
1557.00 0.299867 4.15
1558.00 0.299867 4.15
1559.00 0.299867 4.15
1560.00 0.299867 4.15
1561.00 0.299867 4.15
1562.00 0.299867 4.15
1563.00 0.299867 4.15
1564.00 0.299867 4.15
1565.00 0.299867 4.15
1566.00 0.299867 4.15
1567.00 0.299867 4.15
1568.00 0.299867 4.15
1569.00 0.299867 4.15
1570.00 0.299867 4.15
1571.00 0.299867 4.15
1572.00 0.299867 4.15
1573.00 0.299867 4.15
1574.00 0.299867 4.15
1575.00 0.299867 4.15
1576.00 0.299867 4.15
1577.00 0.299867 4.15
1578.00 0.299867 4.15
1579.00 0.299867 4.15
1580.00 0.299867 4.15
1581.00 0.299867 4.15
1582.00 0.299867 4.15
1583.00 0.299867 4.15
1584.00 0.299867 4.15
1585.00 0.299867 4.15
1586.00 0.299867 4.15
1587.00 0.299867 4.15
1588.00 0.299867 4.15
1589.00 0.299867 4.15
1590.00 0.299867 4.15
1591.00 0.299867 4.15
1592.00 0.299867 4.15
1593.00 0.299867 4.15
1594.00 0.299867 4.15
1595.00 0.299867 4.15
1596.00 0.299867 4.15
1597.00 0.299867 4.15
1598.00 0.299867 4.15
1599.00 0.299867 4.15
1600.00 0.299867 4.15
1601.00 0.299867 4.15
1602.00 0.299867 4.15
1603.00 0.299867 4.15
1604.00 0.299867 4.15
1605.00 0.299867 4.15
1606.00 0.299867 4.15
1607.00 0.299867 4.15
1608.00 0.299867 4.15
1609.00 0.299867 4.15
1610.00 0.299867 4.15
1611.00 0.299867 4.15
1612.00 0.299867 4.15
1613.00 0.299867 4.15
1614.00 0.299867 4.15
1615.00 0.299867 4.15
1616.00 0.299867 4.15
1617.00 0.299867 4.15
1618.00 0.299867 4.15
1619.00 0.299867 4.15
1620.00 0.299867 4.15
1621.00 0.299867 4.15
1622.00 0.299867 4.15
1623.00 0.299867 4.15
1624.00 0.299867 4.15
1625.00 0.299867 4.15
1626.00 0.299867 4.15
1627.00 0.299867 4.15
1628.00 0.299867 4.15
1629.00 0.299867 4.15
1630.00 0.299867 4.15
1631.00 0.299867 4.15
1632.00 0.299867 4.15
1633.00 0.299867 4.15
1634.00 0.299867 4.15
1635.00 0.299867 4.15
1636.00 0.299867 4.15
1637.00 0.299867 4.15
1638.00 0.299867 4.15
1639.00 0.299867 4.15
1640.00 0.299867 4.15
1641.00 0.299867 4.15
1642.00 0.299867 4.15
1643.00 0.299867 4.15
1644.00 0.299867 4.15
1645.00 0.299867 4.15
1646.00 0.299867 4.15
1647.00 0.299867 4.15
1648.00 0.299867 4.15
1649.00 0.299867 4.15
1650.00 0.299867 4.15
1651.00 0.299867 4.15
1652.00 0.299867 4.15
1653.00 0.299867 4.15
1654.00 0.299867 4.15
1655.00 0.299867 4.15
1656.00 0.299867 4.15
1657.00 0.299867 4.15
1658.00 0.299867 4.15
1659.00 0.299867 4.15
1660.00 0.299867 4.15
1661.00 0.299867 4.15
1662.00 0.299867 4.15
1663.00 0.299867 4.15
1664.00 0.299867 4.15
1665.00 0.299867 4.15
1666.00 0.299867 4.15
1667.00 0.299867 4.15
1668.00 0.299867 4.15
1669.00 0.299867 4.15
1670.00 0.299867 4.15
1671.00 0.299867 4.15
1672.00 0.299867 4.15
1673.00 0.299867 4.15
1674.00 0.299867 4.15
1675.00 0.299867 4.15
1676.00 0.299867 4.15
1677.00 0.299867 4.15
1678.00 0.299867 4.15
1679.00 0.299867 4.15
1680.00 0.299867 4.15
1681.00 0.299867 4.15
1682.00 0.299867 4.15
1683.00 0.299867 4.15
1684.00 0.299867 4.15
1685.00 0.299867 4.15
1686.00 0.299867 4.15
1687.00 0.299867 4.15
1688.00 0.299867 4.15
1689.00 0.299867 4.15
1690.00 0.299867 4.15
1691.00 0.299867 4.15
1692.00 0.299867 4.15
1693.00 0.299867 4.15
1694.00 0.299867 4.15
1695.00 0.299867 4.15
1696.00 0.299867 4.15
1697.00 0.299867 4.15
1698.00 0.299867 4.15
1699.00 0.299867 4.15
1700.00 0.299867 4.15
1701.00 0.299867 4.15
1702.00 0.299867 4.15
1703.00 0.299867 4.15
1704.00 0.299867 4.15
1705.00 0.299867 4.15
1706.00 0.299867 4.15
1707.00 0.299867 4.15
1708.00 0.299867 4.15
1709.00 0.299867 4.15
1710.00 0.299867 4.15
1711.00 0.299867 4.15
1712.00 0.299867 4.15
1713.00 0.299867 4.15
1714.00 0.299867 4.15
1715.00 0.299867 4.15
1716.00 0.299867 4.15
1717.00 0.299867 4.15
1718.00 0.299867 4.15
1719.00 0.299867 4.15
1720.00 0.299867 4.15
1721.00 0.299867 4.15
1722.00 0.299867 4.15
1723.00 0.299867 4.15
1724.00 0.299867 4.15
1725.00 0.299867 4.15
1726.00 0.299867 4.15
1727.00 0.299867 4.15
1728.00 0.299867 4.15
1729.00 0.299867 4.15
1730.00 0.299867 4.15
1731.00 0.299867 4.15
1732.00 0.299867 4.15
1733.00 0.299867 4.15
1734.00 0.299867 4.15
1735.00 0.299867 4.15
1736.00 0.299867 4.15
1737.00 0.299867 4.15
1738.00 0.299867 4.15
1739.00 0.299867 4.15
1740.00 0.299867 4.15
1741.00 0.299867 4.15
1742.00 0.299867 4.15
1743.00 0.299867 4.15
1744.00 0.299867 4.15
1745.00 0.299867 4.15
1746.00 0.299867 4.15
1747.00 0.299867 4.15
1748.00 0.299867 4.15
1749.00 0.299867 4.15
1750.00 0.299867 4.15
1751.00 0.299867 4.15
1752.00 0.299867 4.15
1753.00 0.299867 4.15
1754.00 0.299867 4.15
1755.00 0.299867 4.15
1756.00 0.299867 4.15
1757.00 0.299867 4.15
1758.00 0.299867 4.15
1759.00 0.299867 4.15
1760.00 0.299867 4.15
1761.00 0.299867 4.15
1762.00 0.299867 4.15
1763.00 0.299867 4.15
1764.00 0.299867 4.15
1765.00 0.299867 4.15
1766.00 0.299867 4.15
1767.00 0.299867 4.15
1768.00 0.299867 4.15
1769.00 0.299867 4.15
1770.00 0.299867 4.15
1771.00 0.299867 4.15
1772.00 0.299867 4.15
1773.00 0.299867 4.15
1774.00 0.299867 4.15
1775.00 0.299867 4.15
1776.00 0.299867 4.15
1777.00 0.299867 4.15
1778.00 0.299867 4.15
1779.00 0.299867 4.15
1780.00 0.299867 4.15
1781.00 0.299867 4.15
1782.00 0.299867 4.15
1783.00 0.299867 4.15
1784.00 0.299867 4.15
1785.00 0.299867 4.15
1786.00 0.299867 4.15
1787.00 0.299867 4.15
1788.00 0.299867 4.15
1789.00 0.299867 4.15
1790.00 0.299867 4.15
1791.00 0.299867 4.15
1792.00 0.299867 4.15
1793.00 0.299867 4.15
1794.00 0.299867 4.15
1795.00 0.299867 4.15
1796.00 0.299867 4.15
1797.00 0.299867 4.15
1798.00 0.299867 4.15
1799.00 0.299867 4.15
1800.00 0.299867 4.15
1801.00 0.299867 4.15
1802.00 0.299867 4.15
1803.00 0.299867 4.15
1804.00 0.299867 4.15
1805.00 0.299867 4.15
1806.00 0.299867 4.15
1807.00 0.299867 4.15
1808.00 0.299867 4.15
1809.00 0.299867 4.15
1810.00 0.299867 4.15
1811.00 0.299867 4.15
1812.00 0.299867 4.15
1813.00 0.299867 4.15
1814.00 0.299867 4.15
1815.00 0.299867 4.15
1816.00 0.299867 4.15
1817.00 0.299867 4.15
1818.00 0.299867 4.15
1819.00 0.299867 4.15
1820.00 0.299867 4.15
1821.00 0.299867 4.15
1822.00 0.299867 4.15
1823.00 0.299867 4.15
1824.00 0.299867 4.15
1825.00 0.299867 4.15
1826.00 0.299867 4.15
1827.00 0.299867 4.15
1828.00 0.299867 4.15
1829.00 0.299867 4.15
1830.00 0.299867 4.15
1831.00 0.299867 4.15
1832.00 0.299867 4.15
1833.00 0.299867 4.15
1834.00 0.299867 4.15
1835.00 0.299867 4.15
1836.00 0.299867 4.15
1837.00 0.299867 4.15
1838.00 0.299867 4.15
1839.00 0.299867 4.15
1840.00 0.299867 4.15
1841.00 0.299867 4.15
1842.00 0.299867 4.15
1843.00 0.299867 4.15
1844.00 0.299867 4.15
1845.00 0.299867 4.15
1846.00 0.299867 4.15
1847.00 0.299867 4.15
1848.00 0.299867 4.15
1849.00 0.299867 4.15
1850.00 0.299867 4.15
1851.00 0.299867 4.15
1852.00 0.299867 4.15
1853.00 0.299867 4.15
1854.00 0.299867 4.15
1855.00 0.299867 4.15
1856.00 0.299867 4.15
1857.00 0.299867 4.15
1858.00 0.299867 4.15
1859.00 0.299867 4.15
1860.00 0.299867 4.15
1861.00 0.299867 4.15
1862.00 0.299867 4.15
1863.00 0.299867 4.15
1864.00 0.299867 4.15
1865.00 0.299867 4.15
1866.00 0.299867 4.15
1867.00 0.299867 4.15
1868.00 0.299867 4.15
1869.00 0.299867 4.15
1870.00 0.299867 4.15
1871.00 0.299867 4.15
1872.00 0.299867 4.15
1873.00 0.299867 4.15
1874.00 0.299867 4.15
1875.00 0.299867 4.15
1876.00 0.299867 4.15
1877.00 0.299867 4.15
1878.00 0.299867 4.15
1879.00 0.299867 4.15
1880.00 0.299867 4.15
1881.00 0.299867 4.15
1882.00 0.299867 4.15
1883.00 0.299867 4.15
1884.00 0.299867 4.15
1885.00 0.299867 4.15
1886.00 0.299867 4.15
1887.00 0.299867 4.15
1888.00 0.299867 4.15
1889.00 0.299867 4.15
1890.00 0.299867 4.15
1891.00 0.299867 4.15
1892.00 0.299867 4.15
1893.00 0.299867 4.15
1894.00 0.299867 4.15
1895.00 0.299867 4.15
1896.00 0.299867 4.15
1897.00 0.299867 4.15
1898.00 0.299867 4.15
1899.00 0.299867 4.15
1900.00 0.299867 4.15
1901.00 0.299867 4.15
1902.00 0.299867 4.15
1903.00 0.299867 4.15
1904.00 0.299867 4.15
1905.00 0.299867 4.15
1906.00 0.299867 4.15
1907.00 0.299867 4.15
1908.00 0.299867 4.15
1909.00 0.299867 4.15
1910.00 0.299867 4.15
1911.00 0.299867 4.15
1912.00 0.299867 4.15
1913.00 0.299867 4.15
1914.00 0.299867 4.15
1915.00 0.299867 4.15
1916.00 0.299867 4.15
1917.00 0.299867 4.15
1918.00 0.299867 4.15
1919.00 0.299867 4.15
1920.00 0.299867 4.15
1921.00 0.299867 4.15
1922.00 0.299867 4.15
1923.00 0.299867 4.15
1924.00 0.299867 4.15
1925.00 0.299867 4.15
1926.00 0.299867 4.15
1927.00 0.299867 4.15
1928.00 0.299867 4.15
1929.00 0.299867 4.15
1930.00 0.299867 4.15
1931.00 0.299867 4.15
1932.00 0.299867 4.15
1933.00 0.299867 4.15
1934.00 0.299867 4.15
1935.00 0.299867 4.15
1936.00 0.299867 4.15
1937.00 0.299867 4.15
1938.00 0.299867 4.15
1939.00 0.299867 4.15
1940.00 0.299867 4.15
1941.00 0.299867 4.15
1942.00 0.299867 4.15
1943.00 0.299867 4.15
1944.00 0.299867 4.15
1945.00 0.299867 4.15
1946.00 0.299867 4.15
1947.00 0.299867 4.15
1948.00 0.299867 4.15
1949.00 0.299867 4.15
1950.00 0.299867 4.15
1951.00 0.299867 4.15
1952.00 0.299867 4.15
1953.00 0.299867 4.15
1954.00 0.299867 4.15
1955.00 0.299867 4.15
1956.00 0.299867 4.15
1957.00 0.299867 4.15
1958.00 0.299867 4.15
1959.00 0.299867 4.15
1960.00 0.299867 4.15
1961.00 0.299867 4.15
1962.00 0.299867 4.15
1963.00 0.299867 4.15
1964.00 0.299867 4.15
1965.00 0.299867 4.15
1966.00 0.299867 4.15
1967.00 0.299867 4.15
1968.00 0.299867 4.15
1969.00 0.299867 4.15
1970.00 0.299867 4.15
1971.00 0.299867 4.15
1972.00 0.299867 4.15
1973.00 0.299867 4.15
1974.00 0.299867 4.15
1975.00 0.299867 4.15
1976.00 0.299867 4.15
1977.00 0.299867 4.15
1978.00 0.299867 4.15
1979.00 0.299867 4.15
1980.00 0.299867 4.15
1981.00 0.299867 4.15
1982.00 0.299867 4.15
1983.00 0.299867 4.15
1984.00 0.299867 4.15
1985.00 0.299867 4.15
1986.00 0.299867 4.15
1987.00 0.299867 4.15
1988.00 0.299867 4.15
1989.00 0.299867 4.15
1990.00 0.299867 4.15
1991.00 0.299867 4.15
1992.00 0.299867 4.15
1993.00 0.299867 4.15
1994.00 0.299867 4.15
1995.00 0.299867 4.15
1996.00 0.299867 4.15
1997.00 0.299867 4.15
1998.00 0.299867 4.15
1999.00 0.299867 4.15
2000.00 0.299867 4.15
