0.00 0.467645 5.04
1.00 0.466593 5.04
2.00 0.465544 5.03
3.00 0.464494 5.03
4.00 0.463442 5.03
5.00 0.462389 5.03
6.00 0.461334 5.03
7.00 0.460278 5.03
8.00 0.459224 5.02
9.00 0.458171 5.02
10.00 0.457117 5.02
11.00 0.456067 5.01
12.00 0.455019 5.01
13.00 0.453969 5.01
14.00 0.452919 5.01
15.00 0.451867 5.01
16.00 0.450814 5.01
17.00 0.449759 5.01
18.00 0.448705 5.00
19.00 0.447659 5.00
20.00 0.446611 5.00
21.00 0.445579 4.98
22.00 0.444556 4.98
23.00 0.443532 4.98
24.00 0.442508 4.98
25.00 0.441484 4.98
26.00 0.440458 4.98
27.00 0.439430 4.98
28.00 0.438401 4.98
29.00 0.437369 4.98
30.00 0.436335 4.98
31.00 0.435299 4.98
32.00 0.434259 4.98
33.00 0.433228 4.97
34.00 0.432194 4.97
35.00 0.431157 4.97
36.00 0.430120 4.96
37.00 0.429111 4.94
38.00 0.428111 4.94
39.00 0.427108 4.94
40.00 0.426103 4.94
41.00 0.425106 4.93
42.00 0.424108 4.93
43.00 0.423107 4.93
44.00 0.422102 4.93
45.00 0.421113 4.92
46.00 0.420121 4.92
47.00 0.419125 4.92
48.00 0.418126 4.91
49.00 0.417129 4.91
50.00 0.416127 4.91
51.00 0.415134 4.90
52.00 0.414146 4.90
53.00 0.413155 4.90
54.00 0.412158 4.90
55.00 0.411157 4.90
56.00 0.410151 4.90
57.00 0.409140 4.90
58.00 0.408124 4.90
59.00 0.407108 4.89
60.00 0.406107 4.87
61.00 0.405129 4.87
62.00 0.404148 4.87
63.00 0.403164 4.86
64.00 0.402193 4.86
65.00 0.401235 4.84
66.00 0.400295 4.84
67.00 0.399374 4.81
68.00 0.398470 4.81
69.00 0.397565 4.81
70.00 0.396657 4.81
71.00 0.395755 4.80
72.00 0.394862 4.79
73.00 0.393990 4.79
74.00 0.393115 4.79
75.00 0.392238 4.79
76.00 0.391366 4.78
77.00 0.390498 4.78
78.00 0.389628 4.78
79.00 0.388772 4.76
80.00 0.387927 4.76
81.00 0.387081 4.76
82.00 0.386231 4.76
83.00 0.385378 4.76
84.00 0.384522 4.76
85.00 0.383663 4.76
86.00 0.382800 4.75
87.00 0.381941 4.74
88.00 0.381111 4.72
89.00 0.380304 4.71
90.00 0.379524 4.69
91.00 0.378768 4.67
92.00 0.378017 4.67
93.00 0.377264 4.67
94.00 0.376510 4.67
95.00 0.375754 4.67
96.00 0.374996 4.67
97.00 0.374240 4.66
98.00 0.373487 4.66
99.00 0.372731 4.65
100.00 0.371988 4.64
101.00 0.371258 4.64
102.00 0.370527 4.64
103.00 0.369794 4.64
104.00 0.369074 4.62
105.00 0.368370 4.62
106.00 0.367663 4.62
107.00 0.366955 4.62
108.00 0.366258 4.61
109.00 0.365570 4.61
110.00 0.364879 4.61
111.00 0.364186 4.61
112.00 0.363491 4.61
113.00 0.362792 4.61
114.00 0.362091 4.60
115.00 0.361400 4.59
116.00 0.360725 4.58
117.00 0.360071 4.56
118.00 0.359434 4.55
119.00 0.358808 4.54
120.00 0.358188 4.54
121.00 0.357567 4.54
122.00 0.356945 4.54
123.00 0.356336 4.53
124.00 0.355738 4.52
125.00 0.355147 4.52
126.00 0.354570 4.51
127.00 0.354003 4.51
128.00 0.353436 4.51
129.00 0.352867 4.51
130.00 0.352297 4.51
131.00 0.351725 4.51
132.00 0.351160 4.50
133.00 0.350598 4.50
134.00 0.350039 4.49
135.00 0.349485 4.48
136.00 0.348934 4.48
137.00 0.348381 4.48
138.00 0.347827 4.48
139.00 0.347278 4.47
140.00 0.346749 4.46
141.00 0.346232 4.46
142.00 0.345713 4.46
143.00 0.345216 4.44
144.00 0.344734 4.44
145.00 0.344251 4.44
146.00 0.343768 4.44
147.00 0.343284 4.44
148.00 0.342800 4.44
149.00 0.342314 4.44
150.00 0.341827 4.44
151.00 0.341339 4.44
152.00 0.340849 4.44
153.00 0.340358 4.44
154.00 0.339865 4.43
155.00 0.339381 4.43
156.00 0.338896 4.43
157.00 0.338410 4.43
158.00 0.337922 4.43
159.00 0.337444 4.42
160.00 0.336973 4.42
161.00 0.336501 4.42
162.00 0.336036 4.41
163.00 0.335570 4.41
164.00 0.335124 4.40
165.00 0.334681 4.39
166.00 0.334248 4.39
167.00 0.333817 4.38
168.00 0.333388 4.38
169.00 0.332958 4.38
170.00 0.332534 4.37
171.00 0.332109 4.37
172.00 0.331684 4.37
173.00 0.331270 4.36
174.00 0.330861 4.36
175.00 0.330464 4.34
176.00 0.330078 4.34
177.00 0.329693 4.34
178.00 0.329318 4.32
179.00 0.328968 4.32
180.00 0.328618 4.32
181.00 0.328270 4.32
182.00 0.327923 4.32
183.00 0.327577 4.32
184.00 0.327231 4.32
185.00 0.326886 4.31
186.00 0.326542 4.31
187.00 0.326199 4.31
188.00 0.325861 4.30
189.00 0.325538 4.30
190.00 0.325217 4.30
191.00 0.324895 4.30
192.00 0.324573 4.30
193.00 0.324251 4.29
194.00 0.323934 4.29
195.00 0.323617 4.29
196.00 0.323300 4.29
197.00 0.322982 4.29
198.00 0.322664 4.29
199.00 0.322346 4.28
200.00 0.322032 4.28
201.00 0.321717 4.28
202.00 0.321402 4.28
203.00 0.321086 4.28
204.00 0.320769 4.28
205.00 0.320452 4.28
206.00 0.320133 4.28
207.00 0.319814 4.28
208.00 0.319493 4.28
209.00 0.319172 4.28
210.00 0.318849 4.28
211.00 0.318526 4.28
212.00 0.318205 4.27
213.00 0.317885 4.27
214.00 0.317563 4.27
215.00 0.317250 4.26
216.00 0.316956 4.24
217.00 0.316683 4.24
218.00 0.316411 4.24
219.00 0.316140 4.24
220.00 0.315877 4.23
221.00 0.315617 4.23
222.00 0.315359 4.23
223.00 0.315101 4.23
224.00 0.314843 4.23
225.00 0.314586 4.23
226.00 0.314330 4.23
227.00 0.314075 4.22
228.00 0.313823 4.22
229.00 0.313572 4.22
230.00 0.313322 4.22
231.00 0.313071 4.22
232.00 0.312820 4.22
233.00 0.312569 4.22
234.00 0.312330 4.21
235.00 0.312095 4.21
236.00 0.311859 4.21
237.00 0.311634 4.20
238.00 0.311414 4.20
239.00 0.311194 4.20
240.00 0.310976 4.20
241.00 0.310764 4.19
242.00 0.310558 4.19
243.00 0.310353 4.19
244.00 0.310150 4.19
245.00 0.309946 4.19
246.00 0.309746 4.18
247.00 0.309548 4.18
248.00 0.309350 4.18
249.00 0.309154 4.18
250.00 0.308957 4.18
251.00 0.308762 4.18
252.00 0.308566 4.18
253.00 0.308371 4.18
254.00 0.308180 4.17
255.00 0.308003 4.17
256.00 0.307827 4.17
257.00 0.307656 4.16
258.00 0.307490 4.16
259.00 0.307324 4.16
260.00 0.307159 4.16
261.00 0.306997 4.15
262.00 0.306836 4.15
263.00 0.306677 4.15
264.00 0.306518 4.15
265.00 0.306360 4.15
266.00 0.306203 4.15
267.00 0.306046 4.15
268.00 0.305890 4.15
269.00 0.305734 4.15
270.00 0.305578 4.15
271.00 0.305423 4.15
272.00 0.305268 4.15
273.00 0.305113 4.15
274.00 0.304958 4.15
275.00 0.304804 4.15
276.00 0.304649 4.15
277.00 0.304494 4.15
278.00 0.304340 4.15
279.00 0.304185 4.15
280.00 0.304033 4.14
281.00 0.303882 4.14
282.00 0.303730 4.14
283.00 0.303579 4.14
284.00 0.303427 4.14
285.00 0.303276 4.14
286.00 0.303124 4.14
287.00 0.302972 4.14
288.00 0.302821 4.14
289.00 0.302668 4.14
290.00 0.302516 4.14
291.00 0.302364 4.14
292.00 0.302211 4.14
293.00 0.302058 4.14
294.00 0.301905 4.14
295.00 0.301752 4.14
296.00 0.301598 4.14
297.00 0.301444 4.14
298.00 0.301291 4.13
299.00 0.301150 4.13
300.00 0.301009 4.13
301.00 0.300873 4.12
302.00 0.300746 4.12
303.00 0.300621 4.12
304.00 0.300496 4.12
305.00 0.300372 4.12
306.00 0.300249 4.12
307.00 0.300126 4.12
308.00 0.300004 4.12
309.00 0.299882 4.12
310.00 0.299760 4.12
311.00 0.299639 4.12
312.00 0.299517 4.12
313.00 0.299404 4.11
314.00 0.299292 4.11
315.00 0.299183 4.10
316.00 0.299074 4.10
317.00 0.298966 4.10
318.00 0.298859 4.10
319.00 0.298752 4.10
320.00 0.298645 4.10
321.00 0.298539 4.10
322.00 0.298434 4.10
323.00 0.298328 4.10
324.00 0.298224 4.10
325.00 0.298120 4.09
326.00 0.298018 4.09
327.00 0.297917 4.09
328.00 0.297817 4.09
329.00 0.297717 4.09
330.00 0.297618 4.08
331.00 0.297521 4.08
332.00 0.297424 4.08
333.00 0.297328 4.08
334.00 0.297233 4.08
335.00 0.297137 4.08
336.00 0.297042 4.08
337.00 0.296948 4.08
338.00 0.296854 4.08
339.00 0.296760 4.08
340.00 0.296666 4.08
341.00 0.296573 4.08
342.00 0.296480 4.08
343.00 0.296388 4.08
344.00 0.296295 4.08
345.00 0.296203 4.08
346.00 0.296111 4.08
347.00 0.296019 4.08
348.00 0.295928 4.08
349.00 0.295836 4.08
350.00 0.295745 4.08
351.00 0.295654 4.08
352.00 0.295564 4.07
353.00 0.295480 4.07
354.00 0.295397 4.07
355.00 0.295315 4.07
356.00 0.295233 4.07
357.00 0.295152 4.07
358.00 0.295070 4.07
359.00 0.294990 4.07
360.00 0.294909 4.07
361.00 0.294829 4.07
362.00 0.294749 4.07
363.00 0.294669 4.07
364.00 0.294589 4.07
365.00 0.294510 4.07
366.00 0.294431 4.07
367.00 0.294352 4.07
368.00 0.294273 4.07
369.00 0.294195 4.07
370.00 0.294116 4.07
371.00 0.294039 4.06
372.00 0.293964 4.06
373.00 0.293890 4.06
374.00 0.293815 4.06
375.00 0.293742 4.05
376.00 0.293671 4.05
377.00 0.293601 4.05
378.00 0.293531 4.05
379.00 0.293461 4.05
380.00 0.293392 4.04
381.00 0.293328 4.03
382.00 0.293265 4.03
383.00 0.293203 4.03
384.00 0.293141 4.03
385.00 0.293079 4.03
386.00 0.293019 4.03
387.00 0.292965 4.02
388.00 0.292915 4.02
389.00 0.292865 4.02
390.00 0.292816 4.02
391.00 0.292768 4.02
392.00 0.292721 4.02
393.00 0.292675 4.02
394.00 0.292629 4.02
395.00 0.292583 4.02
396.00 0.292539 4.02
397.00 0.292494 4.02
398.00 0.292451 4.02
399.00 0.292408 4.02
400.00 0.292365 4.02
401.00 0.292323 4.02
402.00 0.292281 4.02
403.00 0.292240 4.02
404.00 0.292200 4.02
405.00 0.292159 4.02
406.00 0.292119 4.02
407.00 0.292080 4.02
408.00 0.292041 4.02
409.00 0.292002 4.02
410.00 0.291964 4.02
411.00 0.291926 4.02
412.00 0.291889 4.02
413.00 0.291851 4.02
414.00 0.291815 4.02
415.00 0.291778 4.02
416.00 0.291742 4.02
417.00 0.291706 4.02
418.00 0.291671 4.02
419.00 0.291636 4.02
420.00 0.291601 4.02
421.00 0.291567 4.02
422.00 0.291532 4.02
423.00 0.291498 4.02
424.00 0.291465 4.02
425.00 0.291432 4.02
426.00 0.291399 4.02
427.00 0.291366 4.02
428.00 0.291334 4.02
429.00 0.291301 4.02
430.00 0.291270 4.02
431.00 0.291238 4.02
432.00 0.291207 4.02
433.00 0.291176 4.02
434.00 0.291145 4.02
435.00 0.291114 4.02
436.00 0.291084 4.02
437.00 0.291054 4.02
438.00 0.291024 4.02
439.00 0.290994 4.02
440.00 0.290965 4.02
441.00 0.290936 4.02
442.00 0.290907 4.02
443.00 0.290878 4.02
444.00 0.290850 4.02
445.00 0.290822 4.02
446.00 0.290794 4.02
447.00 0.290766 4.02
448.00 0.290738 4.02
449.00 0.290711 4.02
450.00 0.290684 4.02
451.00 0.290657 4.02
452.00 0.290630 4.02
453.00 0.290603 4.02
454.00 0.290577 4.02
455.00 0.290551 4.02
456.00 0.290525 4.02
457.00 0.290499 4.02
458.00 0.290473 4.02
459.00 0.290448 4.02
460.00 0.290423 4.02
461.00 0.290398 4.02
462.00 0.290373 4.02
463.00 0.290348 4.02
464.00 0.290323 4.02
465.00 0.290299 4.02
466.00 0.290275 4.02
467.00 0.290251 4.02
468.00 0.290227 4.02
469.00 0.290203 4.02
470.00 0.290179 4.02
471.00 0.290156 4.02
472.00 0.290133 4.02
473.00 0.290109 4.02
474.00 0.290086 4.02
475.00 0.290064 4.02
476.00 0.290041 4.02
477.00 0.290018 4.02
478.00 0.289996 4.02
479.00 0.289974 4.02
480.00 0.289951 4.02
481.00 0.289929 4.02
482.00 0.289908 4.02
483.00 0.289886 4.02
484.00 0.289864 4.02
485.00 0.289843 4.02
486.00 0.289821 4.02
487.00 0.289800 4.02
488.00 0.289779 4.02
489.00 0.289758 4.02
490.00 0.289737 4.02
491.00 0.289717 4.02
492.00 0.289696 4.02
493.00 0.289676 4.02
494.00 0.289655 4.02
495.00 0.289635 4.02
496.00 0.289615 4.02
497.00 0.289595 4.02
498.00 0.289575 4.02
499.00 0.289555 4.02
500.00 0.289535 4.02
501.00 0.289516 4.02
502.00 0.289496 4.02
503.00 0.289477 4.02
504.00 0.289458 4.02
505.00 0.289439 4.02
506.00 0.289419 4.02
507.00 0.289400 4.02
508.00 0.289382 4.02
509.00 0.289363 4.02
510.00 0.289344 4.02
511.00 0.289326 4.02
512.00 0.289307 4.02
513.00 0.289289 4.02
514.00 0.289270 4.02
515.00 0.289252 4.02
516.00 0.289234 4.02
517.00 0.289216 4.02
518.00 0.289198 4.02
519.00 0.289180 4.02
520.00 0.289162 4.02
521.00 0.289145 4.02
522.00 0.289127 4.02
523.00 0.289110 4.02
524.00 0.289092 4.02
525.00 0.289075 4.02
526.00 0.289058 4.02
527.00 0.289040 4.02
528.00 0.289023 4.02
529.00 0.289006 4.02
530.00 0.288989 4.02
531.00 0.288972 4.02
532.00 0.288956 4.02
533.00 0.288939 4.02
534.00 0.288922 4.02
535.00 0.288906 4.02
536.00 0.288889 4.02
537.00 0.288873 4.02
538.00 0.288856 4.02
539.00 0.288840 4.02
540.00 0.288824 4.02
541.00 0.288808 4.01
542.00 0.288792 4.01
543.00 0.288776 4.01
544.00 0.288760 4.01
545.00 0.288745 4.01
546.00 0.288729 4.01
547.00 0.288714 4.01
548.00 0.288699 4.01
549.00 0.288683 4.01
550.00 0.288668 4.01
551.00 0.288653 4.01
552.00 0.288638 4.01
553.00 0.288623 4.01
554.00 0.288608 4.01
555.00 0.288593 4.01
556.00 0.288578 4.01
557.00 0.288564 4.01
558.00 0.288549 4.01
559.00 0.288534 4.01
560.00 0.288520 4.01
561.00 0.288506 4.01
562.00 0.288491 4.01
563.00 0.288477 4.01
564.00 0.288463 4.01
565.00 0.288448 4.01
566.00 0.288434 4.01
567.00 0.288420 4.01
568.00 0.288406 4.01
569.00 0.288392 4.01
570.00 0.288378 4.01
571.00 0.288364 4.01
572.00 0.288351 4.01
573.00 0.288337 4.01
574.00 0.288323 4.01
575.00 0.288309 4.01
576.00 0.288296 4.01
577.00 0.288282 4.01
578.00 0.288269 4.01
579.00 0.288255 4.01
580.00 0.288242 4.01
581.00 0.288229 4.01
582.00 0.288216 4.01
583.00 0.288202 4.01
584.00 0.288189 4.01
585.00 0.288176 4.01
586.00 0.288163 4.01
587.00 0.288150 4.01
588.00 0.288137 4.01
589.00 0.288124 4.01
590.00 0.288111 4.01
591.00 0.288098 4.01
592.00 0.288085 4.01
593.00 0.288073 4.01
594.00 0.288060 4.01
595.00 0.288047 4.01
596.00 0.288035 4.01
597.00 0.288022 4.01
598.00 0.288010 4.01
599.00 0.287997 4.01
600.00 0.287985 4.01
601.00 0.287972 4.01
602.00 0.287960 4.01
603.00 0.287947 4.01
604.00 0.287935 4.01
605.00 0.287923 4.01
606.00 0.287911 4.01
607.00 0.287898 4.01
608.00 0.287886 4.01
609.00 0.287874 4.01
610.00 0.287862 4.01
611.00 0.287850 4.01
612.00 0.287838 4.01
613.00 0.287826 4.01
614.00 0.287814 4.01
615.00 0.287802 4.01
616.00 0.287790 4.01
617.00 0.287778 4.01
618.00 0.287766 4.01
619.00 0.287754 4.01
620.00 0.287743 4.01
621.00 0.287731 4.01
622.00 0.287719 4.01
623.00 0.287707 4.01
624.00 0.287696 4.01
625.00 0.287684 4.01
626.00 0.287673 4.01
627.00 0.287661 4.01
628.00 0.287649 4.01
629.00 0.287638 4.01
630.00 0.287626 4.01
631.00 0.287615 4.01
632.00 0.287603 4.01
633.00 0.287592 4.01
634.00 0.287581 4.01
635.00 0.287569 4.01
636.00 0.287558 4.01
637.00 0.287547 4.01
638.00 0.287535 4.01
639.00 0.287524 4.01
640.00 0.287513 4.01
641.00 0.287501 4.01
642.00 0.287490 4.01
643.00 0.287479 4.01
644.00 0.287468 4.01
645.00 0.287457 4.01
646.00 0.287445 4.01
647.00 0.287434 4.01
648.00 0.287423 4.01
649.00 0.287412 4.01
650.00 0.287401 4.01
651.00 0.287390 4.01
652.00 0.287379 4.01
653.00 0.287368 4.01
654.00 0.287357 4.01
655.00 0.287346 4.01
656.00 0.287335 4.01
657.00 0.287324 4.01
658.00 0.287313 4.01
659.00 0.287302 4.01
660.00 0.287291 4.01
661.00 0.287280 4.01
662.00 0.287270 4.01
663.00 0.287259 4.01
664.00 0.287248 4.01
665.00 0.287237 4.01
666.00 0.287226 4.01
667.00 0.287215 4.01
668.00 0.287205 4.01
669.00 0.287194 4.01
670.00 0.287183 4.01
671.00 0.287172 4.01
672.00 0.287161 4.01
673.00 0.287151 4.01
674.00 0.287140 4.01
675.00 0.287129 4.01
676.00 0.287118 4.01
677.00 0.287108 4.01
678.00 0.287097 4.01
679.00 0.287086 4.01
680.00 0.287076 4.01
681.00 0.287065 4.01
682.00 0.287056 4.00
683.00 0.287046 4.00
684.00 0.287037 4.00
685.00 0.287029 4.00
686.00 0.287020 4.00
687.00 0.287011 4.00
688.00 0.287002 4.00
689.00 0.286993 4.00
690.00 0.286985 4.00
691.00 0.286976 4.00
692.00 0.286968 4.00
693.00 0.286959 4.00
694.00 0.286951 4.00
695.00 0.286942 4.00
696.00 0.286934 4.00
697.00 0.286926 4.00
698.00 0.286918 4.00
699.00 0.286910 4.00
700.00 0.286901 4.00
701.00 0.286893 4.00
702.00 0.286885 4.00
703.00 0.286877 4.00
704.00 0.286869 4.00
705.00 0.286862 4.00
706.00 0.286854 4.00
707.00 0.286846 4.00
708.00 0.286838 4.00
709.00 0.286830 4.00
710.00 0.286823 4.00
711.00 0.286815 4.00
712.00 0.286808 4.00
713.00 0.286800 4.00
714.00 0.286793 4.00
715.00 0.286785 4.00
716.00 0.286778 4.00
717.00 0.286770 4.00
718.00 0.286763 4.00
719.00 0.286756 4.00
720.00 0.286748 4.00
721.00 0.286741 4.00
722.00 0.286734 4.00
723.00 0.286727 4.00
724.00 0.286720 4.00
725.00 0.286713 4.00
726.00 0.286706 4.00
727.00 0.286699 4.00
728.00 0.286692 4.00
729.00 0.286685 4.00
730.00 0.286678 4.00
731.00 0.286671 4.00
732.00 0.286664 4.00
733.00 0.286657 4.00
734.00 0.286651 4.00
735.00 0.286644 4.00
736.00 0.286637 4.00
737.00 0.286631 4.00
738.00 0.286624 4.00
739.00 0.286617 4.00
740.00 0.286611 4.00
741.00 0.286604 4.00
742.00 0.286598 4.00
743.00 0.286591 4.00
744.00 0.286585 4.00
745.00 0.286578 4.00
746.00 0.286572 4.00
747.00 0.286566 4.00
748.00 0.286559 4.00
749.00 0.286553 4.00
750.00 0.286547 4.00
751.00 0.286541 4.00
752.00 0.286535 4.00
753.00 0.286528 4.00
754.00 0.286522 4.00
755.00 0.286516 4.00
756.00 0.286510 4.00
757.00 0.286504 4.00
758.00 0.286498 4.00
759.00 0.286492 4.00
760.00 0.286486 4.00
761.00 0.286480 4.00
762.00 0.286474 4.00
763.00 0.286469 4.00
764.00 0.286463 4.00
765.00 0.286457 4.00
766.00 0.286451 4.00
767.00 0.286445 4.00
768.00 0.286440 4.00
769.00 0.286434 4.00
770.00 0.286428 4.00
771.00 0.286423 4.00
772.00 0.286417 4.00
773.00 0.286411 4.00
774.00 0.286406 4.00
775.00 0.286400 4.00
776.00 0.286395 4.00
777.00 0.286389 4.00
778.00 0.286384 4.00
779.00 0.286378 4.00
780.00 0.286373 4.00
781.00 0.286368 4.00
782.00 0.286362 4.00
783.00 0.286357 4.00
784.00 0.286351 4.00
785.00 0.286346 4.00
786.00 0.286341 4.00
787.00 0.286336 4.00
788.00 0.286330 4.00
789.00 0.286325 4.00
790.00 0.286320 4.00
791.00 0.286315 4.00
792.00 0.286310 4.00
793.00 0.286305 4.00
794.00 0.286299 4.00
795.00 0.286294 4.00
796.00 0.286289 4.00
797.00 0.286284 4.00
798.00 0.286279 4.00
799.00 0.286274 4.00
800.00 0.286269 4.00
801.00 0.286264 4.00
802.00 0.286260 4.00
803.00 0.286255 4.00
804.00 0.286250 4.00
805.00 0.286245 4.00
806.00 0.286240 4.00
807.00 0.286235 4.00
808.00 0.286230 4.00
809.00 0.286226 4.00
810.00 0.286221 4.00
811.00 0.286216 4.00
812.00 0.286211 4.00
813.00 0.286207 4.00
814.00 0.286202 4.00
815.00 0.286197 4.00
816.00 0.286193 4.00
817.00 0.286188 4.00
818.00 0.286184 4.00
819.00 0.286179 4.00
820.00 0.286175 4.00
821.00 0.286170 4.00
822.00 0.286165 4.00
823.00 0.286161 4.00
824.00 0.286156 4.00
825.00 0.286152 4.00
826.00 0.286148 4.00
827.00 0.286143 4.00
828.00 0.286139 4.00
829.00 0.286134 4.00
830.00 0.286130 4.00
831.00 0.286126 4.00
832.00 0.286121 4.00
833.00 0.286117 4.00
834.00 0.286113 4.00
835.00 0.286108 4.00
836.00 0.286104 4.00
837.00 0.286100 4.00
838.00 0.286096 4.00
839.00 0.286091 4.00
840.00 0.286087 4.00
841.00 0.286083 4.00
842.00 0.286079 4.00
843.00 0.286075 4.00
844.00 0.286071 4.00
845.00 0.286067 4.00
846.00 0.286062 4.00
847.00 0.286058 4.00
848.00 0.286054 4.00
849.00 0.286050 4.00
850.00 0.286046 4.00
851.00 0.286042 4.00
852.00 0.286038 4.00
853.00 0.286034 4.00
854.00 0.286030 4.00
855.00 0.286026 4.00
856.00 0.286022 4.00
857.00 0.286019 4.00
858.00 0.286015 4.00
859.00 0.286011 4.00
860.00 0.286007 4.00
861.00 0.286003 4.00
862.00 0.285999 4.00
863.00 0.285995 4.00
864.00 0.285992 4.00
865.00 0.285988 4.00
866.00 0.285984 4.00
867.00 0.285980 4.00
868.00 0.285976 4.00
869.00 0.285973 4.00
870.00 0.285969 4.00
871.00 0.285965 4.00
872.00 0.285962 4.00
873.00 0.285958 4.00
874.00 0.285954 4.00
875.00 0.285951 4.00
876.00 0.285947 4.00
877.00 0.285943 4.00
878.00 0.285940 4.00
879.00 0.285936 4.00
880.00 0.285933 4.00
881.00 0.285929 4.00
882.00 0.285926 4.00
883.00 0.285922 4.00
884.00 0.285918 4.00
885.00 0.285915 4.00
886.00 0.285911 4.00
887.00 0.285908 4.00
888.00 0.285904 4.00
889.00 0.285901 4.00
890.00 0.285898 4.00
891.00 0.285894 4.00
892.00 0.285891 4.00
893.00 0.285887 4.00
894.00 0.285884 4.00
895.00 0.285881 4.00
896.00 0.285877 4.00
897.00 0.285874 4.00
898.00 0.285870 4.00
899.00 0.285867 4.00
900.00 0.285864 4.00
901.00 0.285861 4.00
902.00 0.285857 4.00
903.00 0.285854 4.00
904.00 0.285851 4.00
905.00 0.285847 4.00
906.00 0.285844 4.00
907.00 0.285841 4.00
908.00 0.285838 4.00
909.00 0.285835 4.00
910.00 0.285831 4.00
911.00 0.285828 4.00
912.00 0.285825 4.00
913.00 0.285822 4.00
914.00 0.285819 4.00
915.00 0.285816 4.00
916.00 0.285812 4.00
917.00 0.285809 4.00
918.00 0.285806 4.00
919.00 0.285803 4.00
920.00 0.285800 4.00
921.00 0.285797 4.00
922.00 0.285794 4.00
923.00 0.285791 4.00
924.00 0.285788 4.00
925.00 0.285785 4.00
926.00 0.285782 4.00
927.00 0.285779 4.00
928.00 0.285776 4.00
929.00 0.285773 4.00
930.00 0.285770 4.00
931.00 0.285767 4.00
932.00 0.285764 4.00
933.00 0.285761 4.00
934.00 0.285758 4.00
935.00 0.285755 4.00
936.00 0.285752 4.00
937.00 0.285749 4.00
938.00 0.285747 4.00
939.00 0.285744 4.00
940.00 0.285741 4.00
941.00 0.285738 4.00
942.00 0.285735 4.00
943.00 0.285732 4.00
944.00 0.285729 4.00
945.00 0.285727 4.00
946.00 0.285724 4.00
947.00 0.285721 4.00
948.00 0.285718 4.00
949.00 0.285715 4.00
950.00 0.285713 4.00
951.00 0.285710 4.00
952.00 0.285707 4.00
953.00 0.285704 4.00
954.00 0.285702 4.00
955.00 0.285699 4.00
956.00 0.285696 4.00
957.00 0.285694 4.00
958.00 0.285691 4.00
959.00 0.285688 4.00
960.00 0.285686 4.00
961.00 0.285683 4.00
962.00 0.285680 4.00
963.00 0.285678 4.00
964.00 0.285675 4.00
965.00 0.285672 4.00
966.00 0.285670 4.00
967.00 0.285667 4.00
968.00 0.285665 4.00
969.00 0.285662 4.00
970.00 0.285659 4.00
971.00 0.285657 4.00
972.00 0.285654 4.00
973.00 0.285652 4.00
974.00 0.285649 4.00
975.00 0.285647 4.00
976.00 0.285644 4.00
977.00 0.285642 4.00
978.00 0.285639 4.00
979.00 0.285637 4.00
980.00 0.285634 4.00
981.00 0.285632 4.00
982.00 0.285629 4.00
983.00 0.285627 4.00
984.00 0.285624 4.00
985.00 0.285622 4.00
986.00 0.285619 4.00
987.00 0.285617 4.00
988.00 0.285615 4.00
989.00 0.285612 4.00
990.00 0.285610 4.00
991.00 0.285607 4.00
992.00 0.285605 4.00
993.00 0.285603 4.00
994.00 0.285600 4.00
995.00 0.285598 4.00
996.00 0.285595 4.00
997.00 0.285593 4.00
998.00 0.285591 4.00
999.00 0.285588 4.00
1000.00 0.285586 4.00
1001.00 0.285584 4.00
1002.00 0.285581 4.00
1003.00 0.285579 4.00
1004.00 0.285577 4.00
1005.00 0.285575 4.00
1006.00 0.285572 4.00
1007.00 0.285570 4.00
1008.00 0.285568 4.00
1009.00 0.285565 4.00
1010.00 0.285563 4.00
1011.00 0.285561 4.00
1012.00 0.285559 4.00
1013.00 0.285557 4.00
1014.00 0.285554 4.00
1015.00 0.285552 4.00
1016.00 0.285550 4.00
1017.00 0.285548 4.00
1018.00 0.285545 4.00
1019.00 0.285543 4.00
1020.00 0.285541 4.00
1021.00 0.285539 4.00
1022.00 0.285537 4.00
1023.00 0.285535 4.00
1024.00 0.285532 4.00
1025.00 0.285530 4.00
1026.00 0.285528 4.00
1027.00 0.285526 4.00
1028.00 0.285524 4.00
1029.00 0.285522 4.00
1030.00 0.285520 4.00
1031.00 0.285518 4.00
1032.00 0.285516 4.00
1033.00 0.285513 4.00
1034.00 0.285511 4.00
1035.00 0.285509 4.00
1036.00 0.285507 4.00
1037.00 0.285505 4.00
1038.00 0.285503 3.99
1039.00 0.285502 3.99
1040.00 0.285500 3.99
1041.00 0.285498 3.99
1042.00 0.285497 3.99
1043.00 0.285495 3.99
1044.00 0.285494 3.99
1045.00 0.285492 3.99
1046.00 0.285491 3.99
1047.00 0.285489 3.99
1048.00 0.285488 3.99
1049.00 0.285486 3.99
1050.00 0.285485 3.99
1051.00 0.285483 3.99
1052.00 0.285482 3.99
1053.00 0.285480 3.99
1054.00 0.285479 3.99
1055.00 0.285477 3.99
1056.00 0.285476 3.99
1057.00 0.285475 3.99
1058.00 0.285473 3.99
1059.00 0.285472 3.99
1060.00 0.285470 3.99
1061.00 0.285469 3.99
1062.00 0.285468 3.99
1063.00 0.285466 3.99
1064.00 0.285465 3.99
1065.00 0.285464 3.99
1066.00 0.285462 3.99
1067.00 0.285461 3.99
1068.00 0.285460 3.99
1069.00 0.285459 3.99
1070.00 0.285457 3.99
1071.00 0.285456 3.99
1072.00 0.285455 3.99
1073.00 0.285454 3.99
1074.00 0.285452 3.99
1075.00 0.285451 3.99
1076.00 0.285450 3.99
1077.00 0.285449 3.99
1078.00 0.285448 3.99
1079.00 0.285446 3.99
1080.00 0.285445 3.99
1081.00 0.285444 3.99
1082.00 0.285443 3.99
1083.00 0.285442 3.99
1084.00 0.285441 3.99
1085.00 0.285439 3.99
1086.00 0.285438 3.99
1087.00 0.285437 3.99
1088.00 0.285436 3.99
1089.00 0.285435 3.99
1090.00 0.285434 3.99
1091.00 0.285433 3.99
1092.00 0.285432 3.99
1093.00 0.285431 3.99
1094.00 0.285430 3.99
1095.00 0.285429 3.99
1096.00 0.285428 3.99
1097.00 0.285427 3.99
1098.00 0.285426 3.99
1099.00 0.285425 3.99
1100.00 0.285424 3.99
1101.00 0.285423 3.99
1102.00 0.285422 3.99
1103.00 0.285421 3.99
1104.00 0.285420 3.99
1105.00 0.285419 3.99
1106.00 0.285418 3.99
1107.00 0.285417 3.99
1108.00 0.285416 3.99
1109.00 0.285415 3.99
1110.00 0.285414 3.99
1111.00 0.285413 3.99
1112.00 0.285412 3.99
1113.00 0.285411 3.99
1114.00 0.285410 3.99
1115.00 0.285409 3.99
1116.00 0.285408 3.99
1117.00 0.285407 3.99
1118.00 0.285407 3.99
1119.00 0.285406 3.99
1120.00 0.285405 3.99
1121.00 0.285404 3.99
1122.00 0.285403 3.99
1123.00 0.285402 3.99
1124.00 0.285401 3.99
1125.00 0.285400 3.99
1126.00 0.285400 3.99
1127.00 0.285399 3.99
1128.00 0.285398 3.99
1129.00 0.285397 3.99
1130.00 0.285396 3.99
1131.00 0.285396 3.99
1132.00 0.285395 3.99
1133.00 0.285394 3.99
1134.00 0.285393 3.99
1135.00 0.285392 3.99
1136.00 0.285392 3.99
1137.00 0.285391 3.99
1138.00 0.285390 3.99
1139.00 0.285389 3.99
1140.00 0.285389 3.99
1141.00 0.285388 3.99
1142.00 0.285387 3.99
1143.00 0.285386 3.99
1144.00 0.285386 3.99
1145.00 0.285385 3.99
1146.00 0.285384 3.99
1147.00 0.285383 3.99
1148.00 0.285383 3.99
1149.00 0.285382 3.99
1150.00 0.285381 3.99
1151.00 0.285381 3.99
1152.00 0.285380 3.99
1153.00 0.285379 3.99
1154.00 0.285378 3.99
1155.00 0.285378 3.99
1156.00 0.285377 3.99
1157.00 0.285376 3.99
1158.00 0.285376 3.99
1159.00 0.285375 3.99
1160.00 0.285374 3.99
1161.00 0.285374 3.99
1162.00 0.285373 3.99
1163.00 0.285373 3.99
1164.00 0.285372 3.99
1165.00 0.285371 3.99
1166.00 0.285371 3.99
1167.00 0.285370 3.99
1168.00 0.285369 3.99
1169.00 0.285369 3.99
1170.00 0.285368 3.99
1171.00 0.285368 3.99
1172.00 0.285367 3.99
1173.00 0.285366 3.99
1174.00 0.285366 3.99
1175.00 0.285365 3.99
1176.00 0.285365 3.99
1177.00 0.285364 3.99
1178.00 0.285363 3.99
1179.00 0.285363 3.99
1180.00 0.285362 3.99
1181.00 0.285362 3.99
1182.00 0.285361 3.99
1183.00 0.285361 3.99
1184.00 0.285360 3.99
1185.00 0.285359 3.99
1186.00 0.285359 3.99
1187.00 0.285358 3.99
1188.00 0.285358 3.99
1189.00 0.285357 3.99
1190.00 0.285357 3.99
1191.00 0.285356 3.99
1192.00 0.285356 3.99
1193.00 0.285355 3.99
1194.00 0.285355 3.99
1195.00 0.285354 3.99
1196.00 0.285354 3.99
1197.00 0.285353 3.99
1198.00 0.285353 3.99
1199.00 0.285352 3.99
1200.00 0.285352 3.99
1201.00 0.285351 3.99
1202.00 0.285351 3.99
1203.00 0.285350 3.99
1204.00 0.285350 3.99
1205.00 0.285349 3.99
1206.00 0.285349 3.99
1207.00 0.285348 3.99
1208.00 0.285348 3.99
1209.00 0.285347 3.99
1210.00 0.285347 3.99
1211.00 0.285346 3.99
1212.00 0.285346 3.99
1213.00 0.285346 3.99
1214.00 0.285345 3.99
1215.00 0.285345 3.99
1216.00 0.285344 3.99
1217.00 0.285344 3.99
1218.00 0.285343 3.99
1219.00 0.285343 3.99
1220.00 0.285343 3.99
1221.00 0.285342 3.99
1222.00 0.285342 3.99
1223.00 0.285341 3.99
1224.00 0.285341 3.99
1225.00 0.285340 3.99
1226.00 0.285340 3.99
1227.00 0.285340 3.99
1228.00 0.285339 3.99
1229.00 0.285339 3.99
1230.00 0.285338 3.99
1231.00 0.285338 3.99
1232.00 0.285338 3.99
1233.00 0.285337 3.99
1234.00 0.285337 3.99
1235.00 0.285336 3.99
1236.00 0.285336 3.99
1237.00 0.285336 3.99
1238.00 0.285335 3.99
1239.00 0.285335 3.99
1240.00 0.285335 3.99
1241.00 0.285334 3.99
1242.00 0.285334 3.99
1243.00 0.285333 3.99
1244.00 0.285333 3.99
1245.00 0.285333 3.99
1246.00 0.285332 3.99
1247.00 0.285332 3.99
1248.00 0.285332 3.99
1249.00 0.285331 3.99
1250.00 0.285331 3.99
1251.00 0.285331 3.99
1252.00 0.285330 3.99
1253.00 0.285330 3.99
1254.00 0.285330 3.99
1255.00 0.285329 3.99
1256.00 0.285329 3.99
1257.00 0.285329 3.99
1258.00 0.285328 3.99
1259.00 0.285328 3.99
1260.00 0.285328 3.99
1261.00 0.285327 3.99
1262.00 0.285327 3.99
1263.00 0.285327 3.99
1264.00 0.285326 3.99
1265.00 0.285326 3.99
1266.00 0.285326 3.99
1267.00 0.285325 3.99
1268.00 0.285325 3.99
1269.00 0.285325 3.99
1270.00 0.285325 3.99
1271.00 0.285324 3.99
1272.00 0.285324 3.99
1273.00 0.285324 3.99
1274.00 0.285323 3.99
1275.00 0.285323 3.99
1276.00 0.285323 3.99
1277.00 0.285322 3.99
1278.00 0.285322 3.99
1279.00 0.285322 3.99
1280.00 0.285322 3.99
1281.00 0.285321 3.99
1282.00 0.285321 3.99
1283.00 0.285321 3.99
1284.00 0.285321 3.99
1285.00 0.285320 3.99
1286.00 0.285320 3.99
1287.00 0.285320 3.99
1288.00 0.285319 3.99
1289.00 0.285319 3.99
1290.00 0.285319 3.99
1291.00 0.285319 3.99
1292.00 0.285318 3.99
1293.00 0.285318 3.99
1294.00 0.285318 3.99
1295.00 0.285318 3.99
1296.00 0.285317 3.99
1297.00 0.285317 3.99
1298.00 0.285317 3.99
1299.00 0.285317 3.99
1300.00 0.285316 3.99
1301.00 0.285316 3.99
1302.00 0.285316 3.99
1303.00 0.285316 3.99
1304.00 0.285315 3.99
1305.00 0.285315 3.99
1306.00 0.285315 3.99
1307.00 0.285315 3.99
1308.00 0.285315 3.99
1309.00 0.285314 3.99
1310.00 0.285314 3.99
1311.00 0.285314 3.99
1312.00 0.285314 3.99
1313.00 0.285313 3.99
1314.00 0.285313 3.99
1315.00 0.285313 3.99
1316.00 0.285313 3.99
1317.00 0.285313 3.99
1318.00 0.285312 3.99
1319.00 0.285312 3.99
1320.00 0.285312 3.99
1321.00 0.285312 3.99
1322.00 0.285311 3.99
1323.00 0.285311 3.99
1324.00 0.285311 3.99
1325.00 0.285311 3.99
1326.00 0.285311 3.99
1327.00 0.285310 3.99
1328.00 0.285310 3.99
1329.00 0.285310 3.99
1330.00 0.285310 3.99
1331.00 0.285310 3.99
1332.00 0.285309 3.99
1333.00 0.285309 3.99
1334.00 0.285309 3.99
1335.00 0.285309 3.99
1336.00 0.285309 3.99
1337.00 0.285308 3.99
1338.00 0.285308 3.99
1339.00 0.285308 3.99
1340.00 0.285308 3.99
1341.00 0.285308 3.99
1342.00 0.285308 3.99
1343.00 0.285307 3.99
1344.00 0.285307 3.99
1345.00 0.285307 3.99
1346.00 0.285307 3.99
1347.00 0.285307 3.99
1348.00 0.285306 3.99
1349.00 0.285306 3.99
1350.00 0.285306 3.99
1351.00 0.285306 3.99
1352.00 0.285306 3.99
1353.00 0.285306 3.99
1354.00 0.285305 3.99
1355.00 0.285305 3.99
1356.00 0.285305 3.99
1357.00 0.285305 3.99
1358.00 0.285305 3.99
1359.00 0.285305 3.99
1360.00 0.285304 3.99
1361.00 0.285304 3.99
1362.00 0.285304 3.99
1363.00 0.285304 3.99
1364.00 0.285304 3.99
1365.00 0.285304 3.99
1366.00 0.285304 3.99
1367.00 0.285303 3.99
1368.00 0.285303 3.99
1369.00 0.285303 3.99
1370.00 0.285303 3.99
1371.00 0.285303 3.99
1372.00 0.285303 3.99
1373.00 0.285302 3.99
1374.00 0.285302 3.99
1375.00 0.285302 3.99
1376.00 0.285302 3.99
1377.00 0.285302 3.99
1378.00 0.285302 3.99
1379.00 0.285302 3.99
1380.00 0.285301 3.99
1381.00 0.285301 3.99
1382.00 0.285301 3.99
1383.00 0.285301 3.99
1384.00 0.285301 3.99
1385.00 0.285301 3.99
1386.00 0.285301 3.99
1387.00 0.285301 3.99
1388.00 0.285300 3.99
1389.00 0.285300 3.99
1390.00 0.285300 3.99
1391.00 0.285300 3.99
1392.00 0.285300 3.99
1393.00 0.285300 3.99
1394.00 0.285300 3.99
1395.00 0.285300 3.99
1396.00 0.285299 3.99
1397.00 0.285299 3.99
1398.00 0.285299 3.99
1399.00 0.285299 3.99
1400.00 0.285299 3.99
1401.00 0.285299 3.99
1402.00 0.285299 3.99
1403.00 0.285299 3.99
1404.00 0.285298 3.99
1405.00 0.285298 3.99
1406.00 0.285298 3.99
1407.00 0.285298 3.99
1408.00 0.285298 3.99
1409.00 0.285298 3.99
1410.00 0.285298 3.99
1411.00 0.285298 3.99
1412.00 0.285297 3.99
1413.00 0.285297 3.99
1414.00 0.285297 3.99
1415.00 0.285297 3.99
1416.00 0.285297 3.99
1417.00 0.285297 3.99
1418.00 0.285297 3.99
1419.00 0.285297 3.99
1420.00 0.285297 3.99
1421.00 0.285297 3.99
1422.00 0.285296 3.99
1423.00 0.285296 3.99
1424.00 0.285296 3.99
1425.00 0.285296 3.99
1426.00 0.285296 3.99
1427.00 0.285296 3.99
1428.00 0.285296 3.99
1429.00 0.285296 3.99
1430.00 0.285296 3.99
1431.00 0.285296 3.99
1432.00 0.285295 3.99
1433.00 0.285295 3.99
1434.00 0.285295 3.99
1435.00 0.285295 3.99
1436.00 0.285295 3.99
1437.00 0.285295 3.99
1438.00 0.285295 3.99
1439.00 0.285295 3.99
1440.00 0.285295 3.99
1441.00 0.285295 3.99
1442.00 0.285294 3.99
1443.00 0.285294 3.99
1444.00 0.285294 3.99
1445.00 0.285294 3.99
1446.00 0.285294 3.99
1447.00 0.285294 3.99
1448.00 0.285294 3.99
1449.00 0.285294 3.99
1450.00 0.285294 3.99
1451.00 0.285294 3.99
1452.00 0.285294 3.99
1453.00 0.285294 3.99
1454.00 0.285293 3.99
1455.00 0.285293 3.99
1456.00 0.285293 3.99
1457.00 0.285293 3.99
1458.00 0.285293 3.99
1459.00 0.285293 3.99
1460.00 0.285293 3.99
1461.00 0.285293 3.99
1462.00 0.285293 3.99
1463.00 0.285293 3.99
1464.00 0.285293 3.99
1465.00 0.285293 3.99
1466.00 0.285292 3.99
1467.00 0.285292 3.99
1468.00 0.285292 3.99
1469.00 0.285292 3.99
1470.00 0.285292 3.99
1471.00 0.285292 3.99
1472.00 0.285292 3.99
1473.00 0.285292 3.99
1474.00 0.285292 3.99
1475.00 0.285292 3.99
1476.00 0.285292 3.99
1477.00 0.285292 3.99
1478.00 0.285292 3.99
1479.00 0.285292 3.99
1480.00 0.285291 3.99
1481.00 0.285291 3.99
1482.00 0.285291 3.99
1483.00 0.285291 3.99
1484.00 0.285291 3.99
1485.00 0.285291 3.99
1486.00 0.285291 3.99
1487.00 0.285291 3.99
1488.00 0.285291 3.99
1489.00 0.285291 3.99
1490.00 0.285291 3.99
1491.00 0.285291 3.99
1492.00 0.285291 3.99
1493.00 0.285291 3.99
1494.00 0.285291 3.99
1495.00 0.285290 3.99
1496.00 0.285290 3.99
1497.00 0.285290 3.99
1498.00 0.285290 3.99
1499.00 0.285290 3.99
1500.00 0.285290 3.99
1501.00 0.285290 3.99
1502.00 0.285290 3.99
1503.00 0.285290 3.99
1504.00 0.285290 3.99
1505.00 0.285290 3.99
1506.00 0.285290 3.99
1507.00 0.285290 3.99
1508.00 0.285290 3.99
1509.00 0.285290 3.99
1510.00 0.285290 3.99
1511.00 0.285289 3.99
1512.00 0.285289 3.99
1513.00 0.285289 3.99
1514.00 0.285289 3.99
1515.00 0.285289 3.99
1516.00 0.285289 3.99
1517.00 0.285289 3.99
1518.00 0.285289 3.99
1519.00 0.285289 3.99
1520.00 0.285289 3.99
1521.00 0.285289 3.99
1522.00 0.285289 3.99
1523.00 0.285289 3.99
1524.00 0.285289 3.99
1525.00 0.285289 3.99
1526.00 0.285289 3.99
1527.00 0.285289 3.99
1528.00 0.285289 3.99
1529.00 0.285289 3.99
1530.00 0.285288 3.99
1531.00 0.285288 3.99
1532.00 0.285288 3.99
1533.00 0.285288 3.99
1534.00 0.285288 3.99
1535.00 0.285288 3.99
1536.00 0.285288 3.99
1537.00 0.285288 3.99
1538.00 0.285288 3.99
1539.00 0.285288 3.99
1540.00 0.285288 3.99
1541.00 0.285288 3.99
1542.00 0.285288 3.99
1543.00 0.285288 3.99
1544.00 0.285288 3.99
1545.00 0.285288 3.99
1546.00 0.285288 3.99
1547.00 0.285288 3.99
1548.00 0.285288 3.99
1549.00 0.285288 3.99
1550.00 0.285288 3.99
1551.00 0.285288 3.99
1552.00 0.285287 3.99
1553.00 0.285287 3.99
1554.00 0.285287 3.99
1555.00 0.285287 3.99
1556.00 0.285287 3.99
1557.00 0.285287 3.99
1558.00 0.285287 3.99
1559.00 0.285287 3.99
1560.00 0.285287 3.99
1561.00 0.285287 3.99
1562.00 0.285287 3.99
1563.00 0.285287 3.99
1564.00 0.285287 3.99
1565.00 0.285287 3.99
1566.00 0.285287 3.99
1567.00 0.285287 3.99
1568.00 0.285287 3.99
1569.00 0.285287 3.99
1570.00 0.285287 3.99
1571.00 0.285287 3.99
1572.00 0.285287 3.99
1573.00 0.285287 3.99
1574.00 0.285287 3.99
1575.00 0.285287 3.99
1576.00 0.285287 3.99
1577.00 0.285286 3.99
1578.00 0.285286 3.99
1579.00 0.285286 3.99
1580.00 0.285286 3.99
1581.00 0.285286 3.99
1582.00 0.285286 3.99
1583.00 0.285286 3.99
1584.00 0.285286 3.99
1585.00 0.285286 3.99
1586.00 0.285286 3.99
1587.00 0.285286 3.99
1588.00 0.285286 3.99
1589.00 0.285286 3.99
1590.00 0.285286 3.99
1591.00 0.285286 3.99
1592.00 0.285286 3.99
1593.00 0.285286 3.99
1594.00 0.285286 3.99
1595.00 0.285286 3.99
1596.00 0.285286 3.99
1597.00 0.285286 3.99
1598.00 0.285286 3.99
1599.00 0.285286 3.99
1600.00 0.285286 3.99
1601.00 0.285286 3.99
1602.00 0.285286 3.99
1603.00 0.285286 3.99
1604.00 0.285286 3.99
1605.00 0.285286 3.99
1606.00 0.285286 3.99
1607.00 0.285286 3.99
1608.00 0.285285 3.99
1609.00 0.285285 3.99
1610.00 0.285285 3.99
1611.00 0.285285 3.99
1612.00 0.285285 3.99
1613.00 0.285285 3.99
1614.00 0.285285 3.99
1615.00 0.285285 3.99
1616.00 0.285285 3.99
1617.00 0.285285 3.99
1618.00 0.285285 3.99
1619.00 0.285285 3.99
1620.00 0.285285 3.99
1621.00 0.285285 3.99
1622.00 0.285285 3.99
1623.00 0.285285 3.99
1624.00 0.285285 3.99
1625.00 0.285285 3.99
1626.00 0.285285 3.99
1627.00 0.285285 3.99
1628.00 0.285285 3.99
1629.00 0.285285 3.99
1630.00 0.285285 3.99
1631.00 0.285285 3.99
1632.00 0.285285 3.99
1633.00 0.285285 3.99
1634.00 0.285285 3.99
1635.00 0.285285 3.99
1636.00 0.285285 3.99
1637.00 0.285285 3.99
1638.00 0.285285 3.99
1639.00 0.285285 3.99
1640.00 0.285285 3.99
1641.00 0.285285 3.99
1642.00 0.285285 3.99
1643.00 0.285285 3.99
1644.00 0.285285 3.99
1645.00 0.285285 3.99
1646.00 0.285285 3.99
1647.00 0.285284 3.99
1648.00 0.285284 3.99
1649.00 0.285284 3.99
1650.00 0.285284 3.99
1651.00 0.285284 3.99
1652.00 0.285284 3.99
1653.00 0.285284 3.99
1654.00 0.285284 3.99
1655.00 0.285284 3.99
1656.00 0.285284 3.99
1657.00 0.285284 3.99
1658.00 0.285284 3.99
1659.00 0.285284 3.99
1660.00 0.285284 3.99
1661.00 0.285284 3.99
1662.00 0.285284 3.99
1663.00 0.285284 3.99
1664.00 0.285284 3.99
1665.00 0.285284 3.99
1666.00 0.285284 3.99
1667.00 0.285284 3.99
1668.00 0.285284 3.99
1669.00 0.285284 3.99
1670.00 0.285284 3.99
1671.00 0.285284 3.99
1672.00 0.285284 3.99
1673.00 0.285284 3.99
1674.00 0.285284 3.99
1675.00 0.285284 3.99
1676.00 0.285284 3.99
1677.00 0.285284 3.99
1678.00 0.285284 3.99
1679.00 0.285284 3.99
1680.00 0.285284 3.99
1681.00 0.285284 3.99
1682.00 0.285284 3.99
1683.00 0.285284 3.99
1684.00 0.285284 3.99
1685.00 0.285284 3.99
1686.00 0.285284 3.99
1687.00 0.285284 3.99
1688.00 0.285284 3.99
1689.00 0.285284 3.99
1690.00 0.285284 3.99
1691.00 0.285284 3.99
1692.00 0.285284 3.99
1693.00 0.285284 3.99
1694.00 0.285284 3.99
1695.00 0.285284 3.99
1696.00 0.285284 3.99
1697.00 0.285284 3.99
1698.00 0.285284 3.99
1699.00 0.285283 3.99
1700.00 0.285283 3.99
1701.00 0.285283 3.99
1702.00 0.285283 3.99
1703.00 0.285283 3.99
1704.00 0.285283 3.99
1705.00 0.285283 3.99
1706.00 0.285283 3.99
1707.00 0.285283 3.99
1708.00 0.285283 3.99
1709.00 0.285283 3.99
1710.00 0.285283 3.99
1711.00 0.285283 3.99
1712.00 0.285283 3.99
1713.00 0.285283 3.99
1714.00 0.285283 3.99
1715.00 0.285283 3.99
1716.00 0.285283 3.99
1717.00 0.285283 3.99
1718.00 0.285283 3.99
1719.00 0.285283 3.99
1720.00 0.285283 3.99
1721.00 0.285283 3.99
1722.00 0.285283 3.99
1723.00 0.285283 3.99
1724.00 0.285283 3.99
1725.00 0.285283 3.99
1726.00 0.285283 3.99
1727.00 0.285283 3.99
1728.00 0.285283 3.99
1729.00 0.285283 3.99
1730.00 0.285283 3.99
1731.00 0.285283 3.99
1732.00 0.285283 3.99
1733.00 0.285283 3.99
1734.00 0.285283 3.99
1735.00 0.285283 3.99
1736.00 0.285283 3.99
1737.00 0.285283 3.99
1738.00 0.285283 3.99
1739.00 0.285283 3.99
1740.00 0.285283 3.99
1741.00 0.285283 3.99
1742.00 0.285283 3.99
1743.00 0.285283 3.99
1744.00 0.285283 3.99
1745.00 0.285283 3.99
1746.00 0.285283 3.99
1747.00 0.285283 3.99
1748.00 0.285283 3.99
1749.00 0.285283 3.99
1750.00 0.285283 3.99
1751.00 0.285283 3.99
1752.00 0.285283 3.99
1753.00 0.285283 3.99
1754.00 0.285283 3.99
1755.00 0.285283 3.99
1756.00 0.285283 3.99
1757.00 0.285283 3.99
1758.00 0.285283 3.99
1759.00 0.285283 3.99
1760.00 0.285283 3.99
1761.00 0.285283 3.99
1762.00 0.285283 3.99
1763.00 0.285283 3.99
1764.00 0.285283 3.99
1765.00 0.285283 3.99
1766.00 0.285283 3.99
1767.00 0.285283 3.99
1768.00 0.285283 3.99
1769.00 0.285283 3.99
1770.00 0.285283 3.99
1771.00 0.285283 3.99
1772.00 0.285283 3.99
1773.00 0.285283 3.99
1774.00 0.285283 3.99
1775.00 0.285283 3.99
1776.00 0.285283 3.99
1777.00 0.285283 3.99
1778.00 0.285283 3.99
1779.00 0.285283 3.99
1780.00 0.285283 3.99
1781.00 0.285283 3.99
1782.00 0.285282 3.99
1783.00 0.285282 3.99
1784.00 0.285282 3.99
1785.00 0.285282 3.99
1786.00 0.285282 3.99
1787.00 0.285282 3.99
1788.00 0.285282 3.99
1789.00 0.285282 3.99
1790.00 0.285282 3.99
1791.00 0.285282 3.99
1792.00 0.285282 3.99
1793.00 0.285282 3.99
1794.00 0.285282 3.99
1795.00 0.285282 3.99
1796.00 0.285282 3.99
1797.00 0.285282 3.99
1798.00 0.285282 3.99
1799.00 0.285282 3.99
1800.00 0.285282 3.99
1801.00 0.285282 3.99
1802.00 0.285282 3.99
1803.00 0.285282 3.99
1804.00 0.285282 3.99
1805.00 0.285282 3.99
1806.00 0.285282 3.99
1807.00 0.285282 3.99
1808.00 0.285282 3.99
1809.00 0.285282 3.99
1810.00 0.285282 3.99
1811.00 0.285282 3.99
1812.00 0.285282 3.99
1813.00 0.285282 3.99
1814.00 0.285282 3.99
1815.00 0.285282 3.99
1816.00 0.285282 3.99
1817.00 0.285282 3.99
1818.00 0.285282 3.99
1819.00 0.285282 3.99
1820.00 0.285282 3.99
1821.00 0.285282 3.99
1822.00 0.285282 3.99
1823.00 0.285282 3.99
1824.00 0.285282 3.99
1825.00 0.285282 3.99
1826.00 0.285282 3.99
1827.00 0.285282 3.99
1828.00 0.285282 3.99
1829.00 0.285282 3.99
1830.00 0.285282 3.99
1831.00 0.285282 3.99
1832.00 0.285282 3.99
1833.00 0.285282 3.99
1834.00 0.285282 3.99
1835.00 0.285282 3.99
1836.00 0.285282 3.99
1837.00 0.285282 3.99
1838.00 0.285282 3.99
1839.00 0.285282 3.99
1840.00 0.285282 3.99
1841.00 0.285282 3.99
1842.00 0.285282 3.99
1843.00 0.285282 3.99
1844.00 0.285282 3.99
1845.00 0.285282 3.99
1846.00 0.285282 3.99
1847.00 0.285282 3.99
1848.00 0.285282 3.99
1849.00 0.285282 3.99
1850.00 0.285282 3.99
1851.00 0.285282 3.99
1852.00 0.285282 3.99
1853.00 0.285282 3.99
1854.00 0.285282 3.99
1855.00 0.285282 3.99
1856.00 0.285282 3.99
1857.00 0.285282 3.99
1858.00 0.285282 3.99
1859.00 0.285282 3.99
1860.00 0.285282 3.99
1861.00 0.285282 3.99
1862.00 0.285282 3.99
1863.00 0.285282 3.99
1864.00 0.285282 3.99
1865.00 0.285282 3.99
1866.00 0.285282 3.99
1867.00 0.285282 3.99
1868.00 0.285282 3.99
1869.00 0.285282 3.99
1870.00 0.285282 3.99
1871.00 0.285282 3.99
1872.00 0.285282 3.99
1873.00 0.285282 3.99
1874.00 0.285282 3.99
1875.00 0.285282 3.99
1876.00 0.285282 3.99
1877.00 0.285282 3.99
1878.00 0.285282 3.99
1879.00 0.285282 3.99
1880.00 0.285282 3.99
1881.00 0.285282 3.99
1882.00 0.285282 3.99
1883.00 0.285282 3.99
1884.00 0.285282 3.99
1885.00 0.285282 3.99
1886.00 0.285282 3.99
1887.00 0.285282 3.99
1888.00 0.285282 3.99
1889.00 0.285282 3.99
1890.00 0.285282 3.99
1891.00 0.285282 3.99
1892.00 0.285282 3.99
1893.00 0.285282 3.99
1894.00 0.285282 3.99
1895.00 0.285282 3.99
1896.00 0.285282 3.99
1897.00 0.285282 3.99
1898.00 0.285282 3.99
1899.00 0.285282 3.99
1900.00 0.285282 3.99
1901.00 0.285282 3.99
1902.00 0.285282 3.99
1903.00 0.285282 3.99
1904.00 0.285282 3.99
1905.00 0.285282 3.99
1906.00 0.285282 3.99
1907.00 0.285282 3.99
1908.00 0.285282 3.99
1909.00 0.285282 3.99
1910.00 0.285282 3.99
1911.00 0.285282 3.99
1912.00 0.285282 3.99
1913.00 0.285282 3.99
1914.00 0.285282 3.99
1915.00 0.285282 3.99
1916.00 0.285282 3.99
1917.00 0.285282 3.99
1918.00 0.285282 3.99
1919.00 0.285282 3.99
1920.00 0.285282 3.99
1921.00 0.285282 3.99
1922.00 0.285282 3.99
1923.00 0.285282 3.99
1924.00 0.285282 3.99
1925.00 0.285282 3.99
1926.00 0.285282 3.99
1927.00 0.285282 3.99
1928.00 0.285282 3.99
1929.00 0.285282 3.99
1930.00 0.285282 3.99
1931.00 0.285282 3.99
1932.00 0.285282 3.99
1933.00 0.285282 3.99
1934.00 0.285282 3.99
1935.00 0.285282 3.99
1936.00 0.285282 3.99
1937.00 0.285282 3.99
1938.00 0.285282 3.99
1939.00 0.285282 3.99
1940.00 0.285282 3.99
1941.00 0.285282 3.99
1942.00 0.285282 3.99
1943.00 0.285282 3.99
1944.00 0.285282 3.99
1945.00 0.285282 3.99
1946.00 0.285282 3.99
1947.00 0.285282 3.99
1948.00 0.285282 3.99
1949.00 0.285282 3.99
1950.00 0.285282 3.99
1951.00 0.285282 3.99
1952.00 0.285282 3.99
1953.00 0.285282 3.99
1954.00 0.285282 3.99
1955.00 0.285282 3.99
1956.00 0.285282 3.99
1957.00 0.285282 3.99
1958.00 0.285282 3.99
1959.00 0.285282 3.99
1960.00 0.285282 3.99
1961.00 0.285282 3.99
1962.00 0.285282 3.99
1963.00 0.285282 3.99
1964.00 0.285282 3.99
1965.00 0.285282 3.99
1966.00 0.285282 3.99
1967.00 0.285282 3.99
1968.00 0.285282 3.99
1969.00 0.285282 3.99
1970.00 0.285282 3.99
1971.00 0.285282 3.99
1972.00 0.285282 3.99
1973.00 0.285282 3.99
1974.00 0.285282 3.99
1975.00 0.285282 3.99
1976.00 0.285282 3.99
1977.00 0.285282 3.99
1978.00 0.285282 3.99
1979.00 0.285282 3.99
1980.00 0.285281 3.99
1981.00 0.285281 3.99
1982.00 0.285281 3.99
1983.00 0.285281 3.99
1984.00 0.285281 3.99
1985.00 0.285281 3.99
1986.00 0.285281 3.99
1987.00 0.285281 3.99
1988.00 0.285281 3.99
1989.00 0.285281 3.99
1990.00 0.285281 3.99
1991.00 0.285281 3.99
1992.00 0.285281 3.99
1993.00 0.285281 3.99
1994.00 0.285281 3.99
1995.00 0.285281 3.99
1996.00 0.285281 3.99
1997.00 0.285281 3.99
1998.00 0.285281 3.99
1999.00 0.285281 3.99
2000.00 0.285281 3.99
