0.00 3.656652 27.30
1.00 3.650475 27.29
2.00 3.644272 27.29
3.00 3.638042 27.29
4.00 3.631784 27.29
5.00 3.625499 27.29
6.00 3.619185 27.29
7.00 3.612843 27.29
8.00 3.606473 27.29
9.00 3.600074 27.29
10.00 3.593646 27.29
11.00 3.587188 27.28
12.00 3.580719 27.27
13.00 3.574230 27.27
14.00 3.567714 27.26
15.00 3.561176 27.26
16.00 3.554611 27.26
17.00 3.548017 27.26
18.00 3.541397 27.25
19.00 3.534762 27.24
20.00 3.528100 27.24
21.00 3.521443 27.23
22.00 3.514765 27.22
23.00 3.508085 27.21
24.00 3.501382 27.20
25.00 3.494654 27.20
26.00 3.487903 27.19
27.00 3.481121 27.19
28.00 3.474308 27.19
29.00 3.467463 27.18
30.00 3.460612 27.17
31.00 3.453742 27.17
32.00 3.446841 27.16
33.00 3.439913 27.15
34.00 3.433051 27.12
35.00 3.426194 27.12
36.00 3.419309 27.12
37.00 3.412392 27.12
38.00 3.405459 27.11
39.00 3.398497 27.11
40.00 3.391503 27.10
41.00 3.384482 27.09
42.00 3.377450 27.08
43.00 3.370398 27.08
44.00 3.363358 27.05
45.00 3.356340 27.04
46.00 3.349296 27.03
47.00 3.342231 27.03
48.00 3.335156 27.01
49.00 3.328085 27.00
50.00 3.321001 26.98
51.00 3.313953 26.95
52.00 3.306951 26.92
53.00 3.299926 26.92
54.00 3.292918 26.90
55.00 3.285921 26.88
56.00 3.278932 26.87
57.00 3.271919 26.86
58.00 3.264933 26.83
59.00 3.257958 26.82
60.00 3.250955 26.81
61.00 3.243943 26.79
62.00 3.236944 26.79
63.00 3.229963 26.75
64.00 3.222980 26.73
65.00 3.216034 26.70
66.00 3.209076 26.70
67.00 3.202086 26.69
68.00 3.195093 26.66
69.00 3.188142 26.64
70.00 3.181226 26.62
71.00 3.174304 26.61
72.00 3.167393 26.58
73.00 3.160522 26.56
74.00 3.153713 26.52
75.00 3.146936 26.49
76.00 3.140183 26.47
77.00 3.133405 26.47
78.00 3.126596 26.45
79.00 3.119784 26.43
80.00 3.112965 26.43
81.00 3.106132 26.42
82.00 3.099305 26.41
83.00 3.092460 26.41
84.00 3.085608 26.36
85.00 3.078776 26.34
86.00 3.071992 26.28
87.00 3.065340 26.24
88.00 3.058788 26.20
89.00 3.052346 26.17
90.00 3.045915 26.15
91.00 3.039471 26.14
92.00 3.033010 26.14
93.00 3.026554 26.10
94.00 3.020130 26.06
95.00 3.013743 26.02
96.00 3.007357 26.02
97.00 3.000954 25.99
98.00 2.994582 25.95
99.00 2.988251 25.92
100.00 2.981969 25.88
101.00 2.975723 25.85
102.00 2.969511 25.83
103.00 2.963293 25.82
104.00 2.957096 25.79
105.00 2.950891 25.77
106.00 2.944700 25.74
107.00 2.938528 25.74
108.00 2.932338 25.71
109.00 2.926166 25.70
110.00 2.919983 25.69
111.00 2.913821 25.67
112.00 2.907689 25.63
113.00 2.901576 25.60
114.00 2.895457 25.57
115.00 2.889388 25.55
116.00 2.883393 25.48
117.00 2.877470 25.48
118.00 2.871566 25.45
119.00 2.865668 25.42
120.00 2.859783 25.42
121.00 2.853876 25.42
122.00 2.847945 25.41
123.00 2.842034 25.39
124.00 2.836166 25.37
125.00 2.830293 25.36
126.00 2.824471 25.32
127.00 2.818667 25.30
128.00 2.812860 25.30
129.00 2.807056 25.28
130.00 2.801262 25.27
131.00 2.795458 25.26
132.00 2.789689 25.22
133.00 2.783937 25.22
134.00 2.778190 25.17
135.00 2.772514 25.11
136.00 2.766894 25.08
137.00 2.761294 25.06
138.00 2.755706 25.05
139.00 2.750137 25.03
140.00 2.744548 25.03
141.00 2.738945 25.01
142.00 2.733365 25.00
143.00 2.727789 24.96
144.00 2.722287 24.93
145.00 2.716841 24.91
146.00 2.711432 24.88
147.00 2.706060 24.86
148.00 2.700706 24.82
149.00 2.695347 24.81
150.00 2.689965 24.81
151.00 2.684558 24.81
152.00 2.679145 24.77
153.00 2.673800 24.75
154.00 2.668496 24.75
155.00 2.663191 24.72
156.00 2.657914 24.70
157.00 2.652634 24.68
158.00 2.647350 24.68
159.00 2.642062 24.65
160.00 2.636810 24.62
161.00 2.631592 24.58
162.00 2.626452 24.57
163.00 2.621321 24.56
164.00 2.616208 24.53
165.00 2.611134 24.49
166.00 2.606135 24.47
167.00 2.601183 24.43
168.00 2.596249 24.42
169.00 2.591337 24.38
170.00 2.586462 24.37
171.00 2.581611 24.32
172.00 2.576834 24.28
173.00 2.572100 24.26
174.00 2.567359 24.26
175.00 2.562619 24.22
176.00 2.557923 24.21
177.00 2.553277 24.16
178.00 2.548665 24.14
179.00 2.544046 24.13
180.00 2.539418 24.13
181.00 2.534795 24.12
182.00 2.530172 24.12
183.00 2.525550 24.10
184.00 2.520919 24.08
185.00 2.516296 24.06
186.00 2.511692 24.04
187.00 2.507131 24.00
188.00 2.502558 24.00
189.00 2.497970 23.99
190.00 2.493392 23.94
191.00 2.488883 23.91
192.00 2.484413 23.89
193.00 2.479965 23.86
194.00 2.475523 23.85
195.00 2.471096 23.83
196.00 2.466699 23.81
197.00 2.462306 23.81
198.00 2.457919 23.79
199.00 2.453560 23.77
200.00 2.449190 23.77
201.00 2.444856 23.72
202.00 2.440528 23.71
203.00 2.436193 23.70
204.00 2.431860 23.70
205.00 2.427512 23.70
206.00 2.423211 23.65
207.00 2.418932 23.64
208.00 2.414674 23.63
209.00 2.410428 23.60
210.00 2.406190 23.59
211.00 2.401962 23.55
212.00 2.397756 23.52
213.00 2.393562 23.50
214.00 2.389370 23.49
215.00 2.385189 23.44
216.00 2.381084 23.40
217.00 2.377024 23.38
218.00 2.372984 23.35
219.00 2.368967 23.35
220.00 2.364939 23.35
221.00 2.360898 23.35
222.00 2.356846 23.34
223.00 2.352790 23.32
224.00 2.348795 23.28
225.00 2.344830 23.28
226.00 2.340853 23.27
227.00 2.336871 23.27
228.00 2.332877 23.26
229.00 2.328867 23.26
230.00 2.324843 23.25
231.00 2.320825 23.21
232.00 2.316853 23.17
233.00 2.312906 23.15
234.00 2.308954 23.14
235.00 2.304998 23.14
236.00 2.301052 23.12
237.00 2.297125 23.09
238.00 2.293230 23.06
239.00 2.289350 23.04
240.00 2.285505 23.02
241.00 2.281691 22.97
242.00 2.277937 22.93
243.00 2.274230 22.89
244.00 2.270539 22.86
245.00 2.266878 22.83
246.00 2.263238 22.81
247.00 2.259592 22.80
248.00 2.255967 22.80
249.00 2.252361 22.78
250.00 2.248758 22.78
251.00 2.245160 22.75
252.00 2.241570 22.74
253.00 2.237988 22.72
254.00 2.234420 22.70
255.00 2.230894 22.69
256.00 2.227372 22.67
257.00 2.223842 22.67
258.00 2.220339 22.64
259.00 2.216871 22.61
260.00 2.213436 22.60
261.00 2.210041 22.57
262.00 2.206693 22.55
263.00 2.203383 22.50
264.00 2.200142 22.44
265.00 2.196983 22.43
266.00 2.193831 22.42
267.00 2.190688 22.41
268.00 2.187561 22.39
269.00 2.184466 22.37
270.00 2.181413 22.35
271.00 2.178366 22.34
272.00 2.175345 22.34
273.00 2.172323 22.33
274.00 2.169309 22.33
275.00 2.166311 22.30
276.00 2.163338 22.29
277.00 2.160374 22.28
278.00 2.157417 22.26
279.00 2.154509 22.24
280.00 2.151604 22.23
281.00 2.148693 22.23
282.00 2.145793 22.20
283.00 2.142906 22.19
284.00 2.140022 22.17
285.00 2.137167 22.15
286.00 2.134332 22.13
287.00 2.131534 22.08
288.00 2.128783 22.05
289.00 2.126074 22.03
290.00 2.123368 22.02
291.00 2.120657 22.01
292.00 2.117945 21.99
293.00 2.115240 21.97
294.00 2.112578 21.93
295.00 2.109965 21.91
296.00 2.107379 21.90
297.00 2.104802 21.90
298.00 2.102222 21.89
299.00 2.099683 21.86
300.00 2.097183 21.84
301.00 2.094691 21.84
302.00 2.092194 21.83
303.00 2.089710 21.80
304.00 2.087262 21.78
305.00 2.084829 21.78
306.00 2.082405 21.77
307.00 2.079989 21.74
308.00 2.077577 21.71
309.00 2.075198 21.70
310.00 2.072849 21.68
311.00 2.070509 21.68
312.00 2.068165 21.67
313.00 2.065829 21.65
314.00 2.063506 21.65
315.00 2.061193 21.61
316.00 2.058948 21.59
317.00 2.056719 21.57
318.00 2.054520 21.55
319.00 2.052336 21.53
320.00 2.050168 21.53
321.00 2.048045 21.47
322.00 2.046011 21.43
323.00 2.043995 21.42
324.00 2.041984 21.42
325.00 2.039973 21.41
326.00 2.037964 21.41
327.00 2.035952 21.38
328.00 2.033942 21.37
329.00 2.031946 21.35
330.00 2.029965 21.34
331.00 2.027985 21.34
332.00 2.026029 21.31
333.00 2.024105 21.29
334.00 2.022204 21.27
335.00 2.020319 21.26
336.00 2.018449 21.25
337.00 2.016584 21.24
338.00 2.014730 21.22
339.00 2.012904 21.20
340.00 2.011103 21.18
341.00 2.009340 21.15
342.00 2.007615 21.10
343.00 2.005957 21.07
344.00 2.004325 21.05
345.00 2.002708 21.05
346.00 2.001092 21.03
347.00 1.999498 21.01
348.00 1.997924 21.00
349.00 1.996348 21.00
350.00 1.994790 20.99
351.00 1.993244 20.98
352.00 1.991732 20.96
353.00 1.990232 20.96
354.00 1.988759 20.94
355.00 1.987292 20.93
356.00 1.985841 20.92
357.00 1.984400 20.91
358.00 1.982960 20.91
359.00 1.981519 20.89
360.00 1.980096 20.85
361.00 1.978695 20.84
362.00 1.977297 20.83
363.00 1.975915 20.81
364.00 1.974554 20.80
365.00 1.973205 20.79
366.00 1.971875 20.78
367.00 1.970560 20.76
368.00 1.969259 20.75
369.00 1.967956 20.75
370.00 1.966651 20.74
371.00 1.965344 20.74
372.00 1.964079 20.68
373.00 1.962863 20.65
374.00 1.961656 20.64
375.00 1.960473 20.62
376.00 1.959314 20.60
377.00 1.958187 20.59
378.00 1.957066 20.56
379.00 1.955983 20.56
380.00 1.954901 20.55
381.00 1.953845 20.54
382.00 1.952800 20.53
383.00 1.951768 20.52
384.00 1.950763 20.49
385.00 1.949784 20.47
386.00 1.948815 20.47
387.00 1.947848 20.47
388.00 1.946883 20.47
389.00 1.945928 20.45
390.00 1.944981 20.45
391.00 1.944035 20.44
392.00 1.943101 20.42
393.00 1.942185 20.42
394.00 1.941287 20.40
395.00 1.940397 20.40
396.00 1.939510 20.38
397.00 1.938626 20.38
398.00 1.937745 20.37
399.00 1.936887 20.36
400.00 1.936043 20.35
401.00 1.935218 20.34
402.00 1.934398 20.33
403.00 1.933606 20.32
404.00 1.932839 20.30
405.00 1.932087 20.29
406.00 1.931345 20.28
407.00 1.930616 20.28
408.00 1.929895 20.26
409.00 1.929203 20.25
410.00 1.928518 20.24
411.00 1.927838 20.24
412.00 1.927160 20.24
413.00 1.926488 20.23
414.00 1.925818 20.23
415.00 1.925150 20.23
416.00 1.924484 20.23
417.00 1.923825 20.22
418.00 1.923172 20.22
419.00 1.922521 20.22
420.00 1.921883 20.21
421.00 1.921250 20.21
422.00 1.920627 20.20
423.00 1.920009 20.20
424.00 1.919393 20.19
425.00 1.918785 20.18
426.00 1.918184 20.17
427.00 1.917594 20.17
428.00 1.917018 20.15
429.00 1.916454 20.14
430.00 1.915901 20.13
431.00 1.915355 20.11
432.00 1.914823 20.11
433.00 1.914292 20.11
434.00 1.913762 20.11
435.00 1.913232 20.11
436.00 1.912703 20.11
437.00 1.912175 20.10
438.00 1.911650 20.09
439.00 1.911126 20.09
440.00 1.910615 20.08
441.00 1.910105 20.08
442.00 1.909595 20.08
443.00 1.909087 20.07
444.00 1.908592 20.07
445.00 1.908106 20.06
446.00 1.907626 20.05
447.00 1.907163 20.04
448.00 1.906708 20.03
449.00 1.906256 20.03
450.00 1.905810 20.01
451.00 1.905380 20.01
452.00 1.904966 20.00
453.00 1.904556 20.00
454.00 1.904149 20.00
455.00 1.903745 20.00
456.00 1.903344 19.99
457.00 1.902957 19.99
458.00 1.902573 19.99
459.00 1.902194 19.98
460.00 1.901818 19.98
461.00 1.901444 19.98
462.00 1.901073 19.98
463.00 1.900702 19.98
464.00 1.900334 19.98
465.00 1.899974 19.97
466.00 1.899617 19.97
467.00 1.899264 19.96
468.00 1.898925 19.95
469.00 1.898596 19.95
470.00 1.898269 19.95
471.00 1.897944 19.95
472.00 1.897621 19.95
473.00 1.897300 19.95
474.00 1.896980 19.95
475.00 1.896662 19.95
476.00 1.896350 19.94
477.00 1.896043 19.94
478.00 1.895739 19.93
479.00 1.895442 19.93
480.00 1.895147 19.93
481.00 1.894853 19.93
482.00 1.894561 19.93
483.00 1.894280 19.91
484.00 1.894009 19.91
485.00 1.893739 19.91
486.00 1.893471 19.91
487.00 1.893205 19.91
488.00 1.892940 19.91
489.00 1.892677 19.91
490.00 1.892416 19.91
491.00 1.892155 19.91
492.00 1.891896 19.91
493.00 1.891639 19.91
494.00 1.891390 19.90
495.00 1.891145 19.90
496.00 1.890902 19.90
497.00 1.890661 19.90
498.00 1.890420 19.90
499.00 1.890191 19.89
500.00 1.889965 19.89
501.00 1.889741 19.89
502.00 1.889518 19.89
503.00 1.889296 19.89
504.00 1.889077 19.89
505.00 1.888858 19.89
506.00 1.888641 19.89
507.00 1.888425 19.89
508.00 1.888214 19.87
509.00 1.888007 19.87
510.00 1.887801 19.87
511.00 1.887596 19.87
512.00 1.887392 19.87
513.00 1.887190 19.87
514.00 1.886989 19.87
515.00 1.886792 19.86
516.00 1.886601 19.86
517.00 1.886411 19.86
518.00 1.886222 19.86
519.00 1.886034 19.86
520.00 1.885848 19.86
521.00 1.885662 19.86
522.00 1.885478 19.86
523.00 1.885295 19.86
524.00 1.885113 19.86
525.00 1.884932 19.86
526.00 1.884751 19.86
527.00 1.884572 19.86
528.00 1.884393 19.86
529.00 1.884216 19.86
530.00 1.884039 19.85
531.00 1.883865 19.85
532.00 1.883692 19.85
533.00 1.883519 19.85
534.00 1.883348 19.85
535.00 1.883177 19.85
536.00 1.883008 19.84
537.00 1.882839 19.84
538.00 1.882672 19.84
539.00 1.882505 19.84
540.00 1.882339 19.84
541.00 1.882174 19.84
542.00 1.882009 19.84
543.00 1.881845 19.84
544.00 1.881682 19.84
545.00 1.881519 19.84
546.00 1.881357 19.84
547.00 1.881195 19.84
548.00 1.881034 19.84
549.00 1.880873 19.84
550.00 1.880713 19.84
551.00 1.880553 19.84
552.00 1.880394 19.84
553.00 1.880236 19.83
554.00 1.880083 19.83
555.00 1.879931 19.83
556.00 1.879779 19.83
557.00 1.879627 19.83
558.00 1.879476 19.83
559.00 1.879325 19.83
560.00 1.879175 19.83
561.00 1.879026 19.82
562.00 1.878877 19.82
563.00 1.878728 19.82
564.00 1.878580 19.82
565.00 1.878433 19.81
566.00 1.878287 19.81
567.00 1.878141 19.81
568.00 1.877996 19.81
569.00 1.877851 19.81
570.00 1.877706 19.81
571.00 1.877562 19.81
572.00 1.877418 19.80
573.00 1.877281 19.79
574.00 1.877144 19.79
575.00 1.877009 19.79
576.00 1.876873 19.79
577.00 1.876739 19.79
578.00 1.876604 19.79
579.00 1.876473 19.78
580.00 1.876344 19.78
581.00 1.876217 19.78
582.00 1.876089 19.77
583.00 1.875963 19.77
584.00 1.875838 19.77
585.00 1.875713 19.77
586.00 1.875589 19.76
587.00 1.875467 19.76
588.00 1.875344 19.76
589.00 1.875223 19.76
590.00 1.875101 19.76
591.00 1.874980 19.76
592.00 1.874860 19.76
593.00 1.874740 19.76
594.00 1.874620 19.76
595.00 1.874500 19.76
596.00 1.874381 19.76
597.00 1.874262 19.76
598.00 1.874144 19.75
599.00 1.874027 19.75
600.00 1.873911 19.75
601.00 1.873794 19.75
602.00 1.873678 19.75
603.00 1.873563 19.75
604.00 1.873447 19.75
605.00 1.873332 19.75
606.00 1.873217 19.75
607.00 1.873102 19.75
608.00 1.872989 19.74
609.00 1.872877 19.74
610.00 1.872765 19.74
611.00 1.872653 19.74
612.00 1.872542 19.74
613.00 1.872431 19.74
614.00 1.872320 19.74
615.00 1.872210 19.74
616.00 1.872101 19.73
617.00 1.871997 19.73
618.00 1.871894 19.73
619.00 1.871791 19.73
620.00 1.871689 19.73
621.00 1.871587 19.73
622.00 1.871486 19.73
623.00 1.871385 19.73
624.00 1.871284 19.73
625.00 1.871185 19.72
626.00 1.871087 19.71
627.00 1.870990 19.71
628.00 1.870893 19.71
629.00 1.870796 19.71
630.00 1.870700 19.71
631.00 1.870604 19.71
632.00 1.870508 19.71
633.00 1.870413 19.71
634.00 1.870318 19.71
635.00 1.870224 19.71
636.00 1.870129 19.71
637.00 1.870035 19.71
638.00 1.869942 19.71
639.00 1.869848 19.71
640.00 1.869755 19.70
641.00 1.869668 19.70
642.00 1.869583 19.69
643.00 1.869502 19.69
644.00 1.869423 19.69
645.00 1.869344 19.69
646.00 1.869266 19.69
647.00 1.869188 19.69
648.00 1.869112 19.69
649.00 1.869036 19.69
650.00 1.868961 19.69
651.00 1.868886 19.69
652.00 1.868812 19.69
653.00 1.868738 19.69
654.00 1.868665 19.69
655.00 1.868593 19.69
656.00 1.868521 19.68
657.00 1.868453 19.68
658.00 1.868385 19.68
659.00 1.868317 19.68
660.00 1.868250 19.68
661.00 1.868184 19.68
662.00 1.868120 19.67
663.00 1.868058 19.67
664.00 1.867997 19.67
665.00 1.867937 19.67
666.00 1.867877 19.67
667.00 1.867818 19.67
668.00 1.867759 19.67
669.00 1.867702 19.67
670.00 1.867644 19.67
671.00 1.867587 19.67
672.00 1.867531 19.67
673.00 1.867475 19.67
674.00 1.867420 19.67
675.00 1.867365 19.67
676.00 1.867310 19.67
677.00 1.867256 19.67
678.00 1.867203 19.67
679.00 1.867149 19.67
680.00 1.867097 19.67
681.00 1.867044 19.67
682.00 1.866992 19.67
683.00 1.866942 19.66
684.00 1.866894 19.66
685.00 1.866846 19.65
686.00 1.866799 19.65
687.00 1.866752 19.65
688.00 1.866706 19.65
689.00 1.866660 19.65
690.00 1.866615 19.65
691.00 1.866570 19.65
692.00 1.866526 19.65
693.00 1.866482 19.65
694.00 1.866438 19.65
695.00 1.866395 19.65
696.00 1.866352 19.65
697.00 1.866310 19.65
698.00 1.866268 19.65
699.00 1.866226 19.64
700.00 1.866186 19.64
701.00 1.866145 19.64
702.00 1.866106 19.64
703.00 1.866066 19.64
704.00 1.866027 19.64
705.00 1.865989 19.64
706.00 1.865950 19.64
707.00 1.865912 19.64
708.00 1.865875 19.64
709.00 1.865838 19.64
710.00 1.865801 19.64
711.00 1.865764 19.64
712.00 1.865728 19.64
713.00 1.865692 19.64
714.00 1.865656 19.64
715.00 1.865621 19.64
716.00 1.865586 19.64
717.00 1.865551 19.64
718.00 1.865517 19.64
719.00 1.865483 19.64
720.00 1.865449 19.64
721.00 1.865415 19.64
722.00 1.865382 19.64
723.00 1.865349 19.64
724.00 1.865316 19.64
725.00 1.865283 19.64
726.00 1.865251 19.64
727.00 1.865219 19.64
728.00 1.865187 19.64
729.00 1.865155 19.64
730.00 1.865124 19.64
731.00 1.865093 19.64
732.00 1.865062 19.64
733.00 1.865031 19.64
734.00 1.865001 19.64
735.00 1.864971 19.64
736.00 1.864941 19.64
737.00 1.864911 19.64
738.00 1.864881 19.64
739.00 1.864852 19.64
740.00 1.864822 19.64
741.00 1.864793 19.64
742.00 1.864765 19.64
743.00 1.864736 19.64
744.00 1.864707 19.64
745.00 1.864679 19.64
746.00 1.864651 19.64
747.00 1.864623 19.64
748.00 1.864595 19.64
749.00 1.864568 19.64
750.00 1.864541 19.64
751.00 1.864515 19.63
752.00 1.864489 19.63
753.00 1.864463 19.63
754.00 1.864438 19.63
755.00 1.864413 19.63
756.00 1.864388 19.63
757.00 1.864363 19.63
758.00 1.864338 19.63
759.00 1.864314 19.63
760.00 1.864290 19.63
761.00 1.864265 19.63
762.00 1.864241 19.63
763.00 1.864217 19.63
764.00 1.864194 19.63
765.00 1.864170 19.63
766.00 1.864147 19.63
767.00 1.864123 19.63
768.00 1.864100 19.63
769.00 1.864078 19.62
770.00 1.864056 19.62
771.00 1.864034 19.62
772.00 1.864013 19.62
773.00 1.863992 19.62
774.00 1.863971 19.62
775.00 1.863950 19.62
776.00 1.863929 19.62
777.00 1.863909 19.62
778.00 1.863889 19.62
779.00 1.863868 19.62
780.00 1.863848 19.62
781.00 1.863829 19.62
782.00 1.863809 19.62
783.00 1.863789 19.62
784.00 1.863770 19.62
785.00 1.863751 19.62
786.00 1.863731 19.62
787.00 1.863712 19.62
788.00 1.863693 19.62
789.00 1.863675 19.62
790.00 1.863656 19.62
791.00 1.863638 19.62
792.00 1.863619 19.62
793.00 1.863601 19.62
794.00 1.863583 19.62
795.00 1.863565 19.62
796.00 1.863547 19.62
797.00 1.863529 19.62
798.00 1.863512 19.62
799.00 1.863494 19.62
800.00 1.863477 19.62
801.00 1.863459 19.62
802.00 1.863442 19.62
803.00 1.863425 19.62
804.00 1.863408 19.62
805.00 1.863391 19.62
806.00 1.863375 19.61
807.00 1.863358 19.61
808.00 1.863342 19.61
809.00 1.863326 19.61
810.00 1.863311 19.61
811.00 1.863295 19.61
812.00 1.863279 19.61
813.00 1.863264 19.61
814.00 1.863248 19.61
815.00 1.863233 19.61
816.00 1.863218 19.61
817.00 1.863203 19.61
818.00 1.863188 19.61
819.00 1.863173 19.61
820.00 1.863158 19.61
821.00 1.863143 19.61
822.00 1.863128 19.61
823.00 1.863114 19.61
824.00 1.863099 19.61
825.00 1.863085 19.61
826.00 1.863071 19.61
827.00 1.863057 19.61
828.00 1.863042 19.61
829.00 1.863028 19.60
830.00 1.863015 19.60
831.00 1.863001 19.60
832.00 1.862987 19.60
833.00 1.862974 19.60
834.00 1.862960 19.60
835.00 1.862947 19.60
836.00 1.862933 19.60
837.00 1.862920 19.60
838.00 1.862907 19.60
839.00 1.862894 19.60
840.00 1.862881 19.60
841.00 1.862868 19.60
842.00 1.862855 19.60
843.00 1.862842 19.60
844.00 1.862830 19.60
845.00 1.862817 19.60
846.00 1.862805 19.60
847.00 1.862792 19.60
848.00 1.862780 19.59
849.00 1.862768 19.59
850.00 1.862756 19.59
851.00 1.862745 19.59
852.00 1.862733 19.59
853.00 1.862722 19.59
854.00 1.862710 19.59
855.00 1.862699 19.59
856.00 1.862687 19.59
857.00 1.862676 19.59
858.00 1.862665 19.59
859.00 1.862654 19.59
860.00 1.862643 19.59
861.00 1.862632 19.59
862.00 1.862621 19.59
863.00 1.862610 19.59
864.00 1.862600 19.59
865.00 1.862589 19.59
866.00 1.862579 19.59
867.00 1.862568 19.59
868.00 1.862558 19.59
869.00 1.862547 19.59
870.00 1.862537 19.59
871.00 1.862527 19.59
872.00 1.862517 19.59
873.00 1.862507 19.59
874.00 1.862496 19.59
875.00 1.862487 19.59
876.00 1.862477 19.59
877.00 1.862467 19.59
878.00 1.862457 19.59
879.00 1.862447 19.59
880.00 1.862438 19.59
881.00 1.862428 19.59
882.00 1.862418 19.59
883.00 1.862409 19.59
884.00 1.862399 19.59
885.00 1.862390 19.59
886.00 1.862381 19.59
887.00 1.862372 19.59
888.00 1.862362 19.59
889.00 1.862353 19.59
890.00 1.862344 19.59
891.00 1.862335 19.59
892.00 1.862326 19.59
893.00 1.862317 19.59
894.00 1.862308 19.59
895.00 1.862299 19.59
896.00 1.862290 19.59
897.00 1.862282 19.59
898.00 1.862273 19.59
899.00 1.862264 19.59
900.00 1.862256 19.59
901.00 1.862247 19.59
902.00 1.862239 19.59
903.00 1.862230 19.59
904.00 1.862222 19.59
905.00 1.862213 19.59
906.00 1.862205 19.59
907.00 1.862197 19.59
908.00 1.862188 19.59
909.00 1.862180 19.59
910.00 1.862172 19.59
911.00 1.862164 19.58
912.00 1.862156 19.58
913.00 1.862149 19.58
914.00 1.862141 19.57
915.00 1.862135 19.57
916.00 1.862129 19.57
917.00 1.862122 19.57
918.00 1.862116 19.57
919.00 1.862110 19.57
920.00 1.862104 19.57
921.00 1.862098 19.57
922.00 1.862092 19.57
923.00 1.862086 19.57
924.00 1.862081 19.57
925.00 1.862075 19.57
926.00 1.862069 19.57
927.00 1.862064 19.57
928.00 1.862059 19.57
929.00 1.862053 19.57
930.00 1.862048 19.57
931.00 1.862043 19.57
932.00 1.862037 19.57
933.00 1.862032 19.57
934.00 1.862027 19.57
935.00 1.862022 19.57
936.00 1.862017 19.57
937.00 1.862012 19.57
938.00 1.862008 19.57
939.00 1.862003 19.57
940.00 1.861998 19.57
941.00 1.861993 19.57
942.00 1.861989 19.57
943.00 1.861984 19.57
944.00 1.861980 19.57
945.00 1.861975 19.57
946.00 1.861971 19.57
947.00 1.861966 19.57
948.00 1.861962 19.57
949.00 1.861958 19.57
950.00 1.861954 19.57
951.00 1.861950 19.57
952.00 1.861945 19.57
953.00 1.861941 19.57
954.00 1.861937 19.57
955.00 1.861933 19.57
956.00 1.861929 19.57
957.00 1.861925 19.57
958.00 1.861922 19.57
959.00 1.861918 19.57
960.00 1.861914 19.57
961.00 1.861910 19.56
962.00 1.861907 19.56
963.00 1.861903 19.56
964.00 1.861900 19.56
965.00 1.861896 19.56
966.00 1.861893 19.56
967.00 1.861889 19.56
968.00 1.861886 19.56
969.00 1.861882 19.56
970.00 1.861879 19.56
971.00 1.861876 19.56
972.00 1.861873 19.56
973.00 1.861869 19.56
974.00 1.861866 19.56
975.00 1.861863 19.56
976.00 1.861860 19.56
977.00 1.861857 19.56
978.00 1.861854 19.56
979.00 1.861851 19.56
980.00 1.861848 19.56
981.00 1.861845 19.56
982.00 1.861842 19.56
983.00 1.861839 19.56
984.00 1.861837 19.56
985.00 1.861834 19.56
986.00 1.861831 19.56
987.00 1.861828 19.56
988.00 1.861826 19.56
989.00 1.861823 19.56
990.00 1.861820 19.56
991.00 1.861818 19.56
992.00 1.861815 19.56
993.00 1.861813 19.56
994.00 1.861810 19.56
995.00 1.861808 19.56
996.00 1.861805 19.56
997.00 1.861803 19.56
998.00 1.861801 19.56
999.00 1.861798 19.56
1000.00 1.861796 19.56
1001.00 1.861793 19.56
1002.00 1.861791 19.56
1003.00 1.861789 19.56
1004.00 1.861787 19.56
1005.00 1.861784 19.56
1006.00 1.861782 19.56
1007.00 1.861780 19.56
1008.00 1.861778 19.56
1009.00 1.861776 19.56
1010.00 1.861774 19.56
1011.00 1.861772 19.56
1012.00 1.861770 19.56
1013.00 1.861768 19.56
1014.00 1.861766 19.56
1015.00 1.861764 19.56
1016.00 1.861762 19.56
1017.00 1.861760 19.56
1018.00 1.861758 19.56
1019.00 1.861756 19.56
1020.00 1.861754 19.56
1021.00 1.861752 19.56
1022.00 1.861750 19.56
1023.00 1.861748 19.56
1024.00 1.861747 19.56
1025.00 1.861745 19.56
1026.00 1.861743 19.56
1027.00 1.861741 19.56
1028.00 1.861740 19.56
1029.00 1.861738 19.56
1030.00 1.861736 19.56
1031.00 1.861735 19.56
1032.00 1.861733 19.56
1033.00 1.861731 19.56
1034.00 1.861730 19.56
1035.00 1.861728 19.56
1036.00 1.861726 19.56
1037.00 1.861725 19.56
1038.00 1.861723 19.56
1039.00 1.861722 19.56
1040.00 1.861720 19.56
1041.00 1.861719 19.56
1042.00 1.861717 19.56
1043.00 1.861716 19.56
1044.00 1.861714 19.56
1045.00 1.861713 19.56
1046.00 1.861712 19.56
1047.00 1.861710 19.56
1048.00 1.861709 19.56
1049.00 1.861707 19.56
1050.00 1.861706 19.56
1051.00 1.861705 19.56
1052.00 1.861703 19.56
1053.00 1.861702 19.56
1054.00 1.861701 19.56
1055.00 1.861699 19.56
1056.00 1.861698 19.56
1057.00 1.861697 19.56
1058.00 1.861696 19.56
1059.00 1.861694 19.56
1060.00 1.861693 19.56
1061.00 1.861692 19.56
1062.00 1.861691 19.56
1063.00 1.861690 19.56
1064.00 1.861688 19.56
1065.00 1.861687 19.56
1066.00 1.861686 19.56
1067.00 1.861685 19.56
1068.00 1.861684 19.56
1069.00 1.861683 19.56
1070.00 1.861682 19.56
1071.00 1.861680 19.56
1072.00 1.861679 19.56
1073.00 1.861678 19.56
1074.00 1.861677 19.56
1075.00 1.861676 19.56
1076.00 1.861675 19.56
1077.00 1.861674 19.56
1078.00 1.861673 19.56
1079.00 1.861672 19.56
1080.00 1.861671 19.56
1081.00 1.861670 19.56
1082.00 1.861669 19.56
1083.00 1.861668 19.56
1084.00 1.861667 19.56
1085.00 1.861666 19.56
1086.00 1.861665 19.56
1087.00 1.861664 19.56
1088.00 1.861663 19.56
1089.00 1.861663 19.56
1090.00 1.861662 19.56
1091.00 1.861661 19.56
1092.00 1.861660 19.56
1093.00 1.861659 19.56
1094.00 1.861658 19.56
1095.00 1.861657 19.56
1096.00 1.861656 19.56
1097.00 1.861656 19.56
1098.00 1.861655 19.56
1099.00 1.861654 19.56
1100.00 1.861653 19.56
1101.00 1.861652 19.56
1102.00 1.861651 19.56
1103.00 1.861651 19.56
1104.00 1.861650 19.56
1105.00 1.861649 19.56
1106.00 1.861648 19.56
1107.00 1.861648 19.56
1108.00 1.861647 19.56
1109.00 1.861646 19.56
1110.00 1.861645 19.56
1111.00 1.861645 19.56
1112.00 1.861644 19.56
1113.00 1.861643 19.56
1114.00 1.861643 19.56
1115.00 1.861642 19.56
1116.00 1.861641 19.56
1117.00 1.861640 19.56
1118.00 1.861640 19.56
1119.00 1.861639 19.56
1120.00 1.861638 19.56
1121.00 1.861638 19.56
1122.00 1.861637 19.56
1123.00 1.861636 19.56
1124.00 1.861636 19.56
1125.00 1.861635 19.56
1126.00 1.861635 19.56
1127.00 1.861634 19.56
1128.00 1.861633 19.56
1129.00 1.861633 19.56
1130.00 1.861632 19.56
1131.00 1.861631 19.56
1132.00 1.861631 19.56
1133.00 1.861630 19.56
1134.00 1.861630 19.56
1135.00 1.861629 19.56
1136.00 1.861629 19.56
1137.00 1.861628 19.56
1138.00 1.861627 19.56
1139.00 1.861627 19.56
1140.00 1.861626 19.56
1141.00 1.861626 19.56
1142.00 1.861625 19.56
1143.00 1.861625 19.56
1144.00 1.861624 19.56
1145.00 1.861624 19.56
1146.00 1.861623 19.56
1147.00 1.861623 19.56
1148.00 1.861622 19.56
1149.00 1.861622 19.56
1150.00 1.861621 19.56
1151.00 1.861621 19.56
1152.00 1.861620 19.56
1153.00 1.861620 19.56
1154.00 1.861619 19.56
1155.00 1.861619 19.56
1156.00 1.861618 19.56
1157.00 1.861618 19.56
1158.00 1.861617 19.56
1159.00 1.861617 19.56
1160.00 1.861616 19.56
1161.00 1.861616 19.56
1162.00 1.861615 19.56
1163.00 1.861615 19.56
1164.00 1.861615 19.56
1165.00 1.861614 19.56
1166.00 1.861614 19.56
1167.00 1.861613 19.56
1168.00 1.861613 19.56
1169.00 1.861612 19.56
1170.00 1.861612 19.56
1171.00 1.861612 19.56
1172.00 1.861611 19.56
1173.00 1.861611 19.56
1174.00 1.861610 19.56
1175.00 1.861610 19.56
1176.00 1.861610 19.56
1177.00 1.861609 19.56
1178.00 1.861609 19.56
1179.00 1.861608 19.56
1180.00 1.861608 19.56
1181.00 1.861608 19.56
1182.00 1.861607 19.56
1183.00 1.861607 19.56
1184.00 1.861606 19.56
1185.00 1.861606 19.56
1186.00 1.861606 19.56
1187.00 1.861605 19.56
1188.00 1.861605 19.56
1189.00 1.861605 19.56
1190.00 1.861604 19.56
1191.00 1.861604 19.56
1192.00 1.861604 19.56
1193.00 1.861603 19.56
1194.00 1.861603 19.56
1195.00 1.861603 19.56
1196.00 1.861602 19.56
1197.00 1.861602 19.56
1198.00 1.861602 19.56
1199.00 1.861601 19.56
1200.00 1.861601 19.56
1201.00 1.861601 19.56
1202.00 1.861600 19.56
1203.00 1.861600 19.56
1204.00 1.861600 19.56
1205.00 1.861599 19.56
1206.00 1.861599 19.56
1207.00 1.861599 19.56
1208.00 1.861599 19.56
1209.00 1.861598 19.56
1210.00 1.861598 19.56
1211.00 1.861598 19.56
1212.00 1.861597 19.56
1213.00 1.861597 19.56
1214.00 1.861597 19.56
1215.00 1.861597 19.56
1216.00 1.861596 19.56
1217.00 1.861596 19.56
1218.00 1.861596 19.56
1219.00 1.861595 19.56
1220.00 1.861595 19.56
1221.00 1.861595 19.56
1222.00 1.861595 19.56
1223.00 1.861594 19.56
1224.00 1.861594 19.56
1225.00 1.861594 19.56
1226.00 1.861594 19.56
1227.00 1.861593 19.56
1228.00 1.861593 19.56
1229.00 1.861593 19.56
1230.00 1.861593 19.56
1231.00 1.861592 19.56
1232.00 1.861592 19.56
1233.00 1.861592 19.56
1234.00 1.861592 19.56
1235.00 1.861591 19.56
1236.00 1.861591 19.56
1237.00 1.861591 19.56
1238.00 1.861591 19.56
1239.00 1.861590 19.56
1240.00 1.861590 19.56
1241.00 1.861590 19.56
1242.00 1.861590 19.56
1243.00 1.861589 19.56
1244.00 1.861589 19.56
1245.00 1.861589 19.56
1246.00 1.861589 19.56
1247.00 1.861589 19.56
1248.00 1.861588 19.56
1249.00 1.861588 19.56
1250.00 1.861588 19.56
1251.00 1.861588 19.56
1252.00 1.861588 19.56
1253.00 1.861587 19.56
1254.00 1.861587 19.56
1255.00 1.861587 19.56
1256.00 1.861587 19.56
1257.00 1.861586 19.56
1258.00 1.861586 19.56
1259.00 1.861586 19.56
1260.00 1.861586 19.56
1261.00 1.861586 19.56
1262.00 1.861586 19.56
1263.00 1.861585 19.56
1264.00 1.861585 19.56
1265.00 1.861585 19.56
1266.00 1.861585 19.56
1267.00 1.861585 19.56
1268.00 1.861584 19.56
1269.00 1.861584 19.56
1270.00 1.861584 19.56
1271.00 1.861584 19.56
1272.00 1.861584 19.56
1273.00 1.861583 19.56
1274.00 1.861583 19.56
1275.00 1.861583 19.56
1276.00 1.861583 19.56
1277.00 1.861583 19.56
1278.00 1.861583 19.56
1279.00 1.861582 19.56
1280.00 1.861582 19.56
1281.00 1.861582 19.56
1282.00 1.861582 19.56
1283.00 1.861582 19.56
1284.00 1.861582 19.56
1285.00 1.861581 19.56
1286.00 1.861581 19.56
1287.00 1.861581 19.56
1288.00 1.861581 19.56
1289.00 1.861581 19.56
1290.00 1.861581 19.56
1291.00 1.861580 19.56
1292.00 1.861580 19.56
1293.00 1.861580 19.56
1294.00 1.861580 19.56
1295.00 1.861580 19.56
1296.00 1.861580 19.56
1297.00 1.861579 19.56
1298.00 1.861579 19.56
1299.00 1.861579 19.56
1300.00 1.861579 19.56
1301.00 1.861579 19.56
1302.00 1.861579 19.56
1303.00 1.861579 19.56
1304.00 1.861578 19.56
1305.00 1.861578 19.56
1306.00 1.861578 19.56
1307.00 1.861578 19.56
1308.00 1.861578 19.56
1309.00 1.861578 19.56
1310.00 1.861578 19.56
1311.00 1.861577 19.56
1312.00 1.861577 19.56
1313.00 1.861577 19.56
1314.00 1.861577 19.56
1315.00 1.861577 19.56
1316.00 1.861577 19.56
1317.00 1.861577 19.56
1318.00 1.861576 19.56
1319.00 1.861576 19.56
1320.00 1.861576 19.56
1321.00 1.861576 19.56
1322.00 1.861576 19.56
1323.00 1.861576 19.56
1324.00 1.861576 19.56
1325.00 1.861575 19.56
1326.00 1.861575 19.56
1327.00 1.861575 19.56
1328.00 1.861575 19.56
1329.00 1.861575 19.56
1330.00 1.861575 19.56
1331.00 1.861575 19.56
1332.00 1.861575 19.56
1333.00 1.861574 19.56
1334.00 1.861574 19.56
1335.00 1.861574 19.56
1336.00 1.861574 19.56
1337.00 1.861574 19.56
1338.00 1.861574 19.56
1339.00 1.861574 19.56
1340.00 1.861574 19.56
1341.00 1.861574 19.56
1342.00 1.861573 19.56
1343.00 1.861573 19.56
1344.00 1.861573 19.56
1345.00 1.861573 19.56
1346.00 1.861573 19.56
1347.00 1.861573 19.56
1348.00 1.861573 19.56
1349.00 1.861573 19.56
1350.00 1.861572 19.56
1351.00 1.861572 19.56
1352.00 1.861572 19.56
1353.00 1.861572 19.56
1354.00 1.861572 19.56
1355.00 1.861572 19.56
1356.00 1.861572 19.56
1357.00 1.861572 19.56
1358.00 1.861572 19.56
1359.00 1.861571 19.56
1360.00 1.861571 19.56
1361.00 1.861571 19.56
1362.00 1.861571 19.56
1363.00 1.861571 19.56
1364.00 1.861571 19.56
1365.00 1.861571 19.56
1366.00 1.861571 19.56
1367.00 1.861571 19.56
1368.00 1.861571 19.56
1369.00 1.861570 19.56
1370.00 1.861570 19.56
1371.00 1.861570 19.56
1372.00 1.861570 19.56
1373.00 1.861570 19.56
1374.00 1.861570 19.56
1375.00 1.861570 19.56
1376.00 1.861570 19.56
1377.00 1.861570 19.56
1378.00 1.861570 19.56
1379.00 1.861569 19.56
1380.00 1.861569 19.56
1381.00 1.861569 19.56
1382.00 1.861569 19.56
1383.00 1.861569 19.56
1384.00 1.861569 19.56
1385.00 1.861569 19.56
1386.00 1.861569 19.56
1387.00 1.861569 19.56
1388.00 1.861569 19.56
1389.00 1.861568 19.56
1390.00 1.861568 19.56
1391.00 1.861568 19.56
1392.00 1.861568 19.56
1393.00 1.861568 19.56
1394.00 1.861568 19.56
1395.00 1.861568 19.56
1396.00 1.861568 19.56
1397.00 1.861568 19.56
1398.00 1.861568 19.56
1399.00 1.861568 19.56
1400.00 1.861567 19.56
1401.00 1.861567 19.56
1402.00 1.861567 19.56
1403.00 1.861567 19.56
1404.00 1.861567 19.56
1405.00 1.861567 19.56
1406.00 1.861567 19.56
1407.00 1.861567 19.56
1408.00 1.861567 19.56
1409.00 1.861567 19.56
1410.00 1.861567 19.56
1411.00 1.861566 19.56
1412.00 1.861566 19.56
1413.00 1.861566 19.56
1414.00 1.861566 19.56
1415.00 1.861566 19.56
1416.00 1.861566 19.56
1417.00 1.861566 19.56
1418.00 1.861566 19.56
1419.00 1.861566 19.56
1420.00 1.861566 19.56
1421.00 1.861566 19.56
1422.00 1.861566 19.56
1423.00 1.861565 19.56
1424.00 1.861565 19.56
1425.00 1.861565 19.56
1426.00 1.861565 19.56
1427.00 1.861565 19.56
1428.00 1.861565 19.56
1429.00 1.861565 19.56
1430.00 1.861565 19.56
1431.00 1.861565 19.56
1432.00 1.861565 19.56
1433.00 1.861565 19.56
1434.00 1.861565 19.56
1435.00 1.861564 19.56
1436.00 1.861564 19.56
1437.00 1.861564 19.56
1438.00 1.861564 19.56
1439.00 1.861564 19.56
1440.00 1.861564 19.56
1441.00 1.861564 19.56
1442.00 1.861564 19.56
1443.00 1.861564 19.56
1444.00 1.861564 19.56
1445.00 1.861564 19.56
1446.00 1.861564 19.56
1447.00 1.861564 19.56
1448.00 1.861563 19.56
1449.00 1.861563 19.56
1450.00 1.861563 19.56
1451.00 1.861563 19.56
1452.00 1.861563 19.56
1453.00 1.861563 19.56
1454.00 1.861563 19.56
1455.00 1.861563 19.56
1456.00 1.861563 19.56
1457.00 1.861563 19.56
1458.00 1.861563 19.56
1459.00 1.861563 19.56
1460.00 1.861563 19.56
1461.00 1.861562 19.56
1462.00 1.861562 19.56
1463.00 1.861562 19.56
1464.00 1.861562 19.56
1465.00 1.861562 19.56
1466.00 1.861562 19.56
1467.00 1.861562 19.56
1468.00 1.861562 19.56
1469.00 1.861562 19.56
1470.00 1.861562 19.56
1471.00 1.861562 19.56
1472.00 1.861562 19.56
1473.00 1.861562 19.56
1474.00 1.861562 19.56
1475.00 1.861561 19.56
1476.00 1.861561 19.56
1477.00 1.861561 19.56
1478.00 1.861561 19.56
1479.00 1.861561 19.56
1480.00 1.861561 19.56
1481.00 1.861561 19.56
1482.00 1.861561 19.56
1483.00 1.861561 19.56
1484.00 1.861561 19.56
1485.00 1.861561 19.56
1486.00 1.861561 19.56
1487.00 1.861561 19.56
1488.00 1.861561 19.56
1489.00 1.861560 19.56
1490.00 1.861560 19.56
1491.00 1.861560 19.56
1492.00 1.861560 19.56
1493.00 1.861560 19.56
1494.00 1.861560 19.56
1495.00 1.861560 19.56
1496.00 1.861560 19.56
1497.00 1.861560 19.56
1498.00 1.861560 19.56
1499.00 1.861560 19.56
1500.00 1.861560 19.56
1501.00 1.861560 19.56
1502.00 1.861560 19.56
1503.00 1.861560 19.56
1504.00 1.861559 19.56
1505.00 1.861559 19.56
1506.00 1.861559 19.56
1507.00 1.861559 19.56
1508.00 1.861559 19.56
1509.00 1.861559 19.56
1510.00 1.861559 19.56
1511.00 1.861559 19.56
1512.00 1.861559 19.56
1513.00 1.861559 19.56
1514.00 1.861559 19.56
1515.00 1.861559 19.56
1516.00 1.861559 19.56
1517.00 1.861559 19.56
1518.00 1.861559 19.56
1519.00 1.861558 19.56
1520.00 1.861558 19.56
1521.00 1.861558 19.56
1522.00 1.861558 19.56
1523.00 1.861558 19.56
1524.00 1.861558 19.56
1525.00 1.861558 19.56
1526.00 1.861558 19.56
1527.00 1.861558 19.56
1528.00 1.861558 19.56
1529.00 1.861558 19.56
1530.00 1.861558 19.56
1531.00 1.861558 19.56
1532.00 1.861558 19.56
1533.00 1.861558 19.56
1534.00 1.861558 19.56
1535.00 1.861557 19.56
1536.00 1.861557 19.56
1537.00 1.861557 19.56
1538.00 1.861557 19.56
1539.00 1.861557 19.56
1540.00 1.861557 19.56
1541.00 1.861557 19.56
1542.00 1.861557 19.56
1543.00 1.861557 19.56
1544.00 1.861557 19.56
1545.00 1.861557 19.56
1546.00 1.861557 19.56
1547.00 1.861557 19.56
1548.00 1.861557 19.56
1549.00 1.861557 19.56
1550.00 1.861557 19.56
1551.00 1.861556 19.56
1552.00 1.861556 19.56
1553.00 1.861556 19.56
1554.00 1.861556 19.56
1555.00 1.861556 19.56
1556.00 1.861556 19.56
1557.00 1.861556 19.56
1558.00 1.861556 19.56
1559.00 1.861556 19.56
1560.00 1.861556 19.56
1561.00 1.861556 19.56
1562.00 1.861556 19.56
1563.00 1.861556 19.56
1564.00 1.861556 19.56
1565.00 1.861556 19.56
1566.00 1.861556 19.56
1567.00 1.861555 19.56
1568.00 1.861555 19.56
1569.00 1.861555 19.56
1570.00 1.861555 19.56
1571.00 1.861555 19.56
1572.00 1.861555 19.56
1573.00 1.861555 19.56
1574.00 1.861555 19.56
1575.00 1.861555 19.56
1576.00 1.861555 19.56
1577.00 1.861555 19.56
1578.00 1.861555 19.56
1579.00 1.861555 19.56
1580.00 1.861555 19.56
1581.00 1.861555 19.56
1582.00 1.861555 19.56
1583.00 1.861555 19.56
1584.00 1.861554 19.56
1585.00 1.861554 19.56
1586.00 1.861554 19.56
1587.00 1.861554 19.56
1588.00 1.861554 19.56
1589.00 1.861554 19.56
1590.00 1.861554 19.56
1591.00 1.861554 19.56
1592.00 1.861554 19.56
1593.00 1.861554 19.56
1594.00 1.861554 19.56
1595.00 1.861554 19.56
1596.00 1.861554 19.56
1597.00 1.861554 19.56
1598.00 1.861554 19.56
1599.00 1.861554 19.56
1600.00 1.861554 19.56
1601.00 1.861554 19.56
1602.00 1.861553 19.56
1603.00 1.861553 19.56
1604.00 1.861553 19.56
1605.00 1.861553 19.56
1606.00 1.861553 19.56
1607.00 1.861553 19.56
1608.00 1.861553 19.56
1609.00 1.861553 19.56
1610.00 1.861553 19.56
1611.00 1.861553 19.56
1612.00 1.861553 19.56
1613.00 1.861553 19.56
1614.00 1.861553 19.56
1615.00 1.861553 19.56
1616.00 1.861553 19.56
1617.00 1.861553 19.56
1618.00 1.861553 19.56
1619.00 1.861552 19.56
1620.00 1.861552 19.56
1621.00 1.861552 19.56
1622.00 1.861552 19.56
1623.00 1.861552 19.56
1624.00 1.861552 19.56
1625.00 1.861552 19.56
1626.00 1.861552 19.56
1627.00 1.861552 19.56
1628.00 1.861552 19.56
1629.00 1.861552 19.56
1630.00 1.861552 19.56
1631.00 1.861552 19.56
1632.00 1.861552 19.56
1633.00 1.861552 19.56
1634.00 1.861552 19.56
1635.00 1.861552 19.56
1636.00 1.861552 19.56
1637.00 1.861551 19.56
1638.00 1.861551 19.56
1639.00 1.861551 19.56
1640.00 1.861551 19.56
1641.00 1.861551 19.56
1642.00 1.861551 19.56
1643.00 1.861551 19.56
1644.00 1.861551 19.56
1645.00 1.861551 19.56
1646.00 1.861551 19.56
1647.00 1.861551 19.56
1648.00 1.861551 19.56
1649.00 1.861551 19.56
1650.00 1.861551 19.56
1651.00 1.861551 19.56
1652.00 1.861551 19.56
1653.00 1.861551 19.56
1654.00 1.861551 19.56
1655.00 1.861551 19.56
1656.00 1.861550 19.56
1657.00 1.861550 19.56
1658.00 1.861550 19.56
1659.00 1.861550 19.56
1660.00 1.861550 19.56
1661.00 1.861550 19.56
1662.00 1.861550 19.56
1663.00 1.861550 19.56
1664.00 1.861550 19.56
1665.00 1.861550 19.56
1666.00 1.861550 19.56
1667.00 1.861550 19.56
1668.00 1.861550 19.56
1669.00 1.861550 19.56
1670.00 1.861550 19.56
1671.00 1.861550 19.56
1672.00 1.861550 19.56
1673.00 1.861550 19.56
1674.00 1.861549 19.56
1675.00 1.861549 19.56
1676.00 1.861549 19.56
1677.00 1.861549 19.56
1678.00 1.861549 19.56
1679.00 1.861549 19.56
1680.00 1.861549 19.56
1681.00 1.861549 19.56
1682.00 1.861549 19.56
1683.00 1.861549 19.56
1684.00 1.861549 19.56
1685.00 1.861549 19.56
1686.00 1.861549 19.56
1687.00 1.861549 19.56
1688.00 1.861549 19.56
1689.00 1.861549 19.56
1690.00 1.861549 19.56
1691.00 1.861549 19.56
1692.00 1.861549 19.56
1693.00 1.861548 19.56
1694.00 1.861548 19.56
1695.00 1.861548 19.56
1696.00 1.861548 19.56
1697.00 1.861548 19.56
1698.00 1.861548 19.56
1699.00 1.861548 19.56
1700.00 1.861548 19.56
1701.00 1.861548 19.56
1702.00 1.861548 19.56
1703.00 1.861548 19.56
1704.00 1.861548 19.56
1705.00 1.861548 19.56
1706.00 1.861548 19.56
1707.00 1.861548 19.56
1708.00 1.861548 19.56
1709.00 1.861548 19.56
1710.00 1.861548 19.56
1711.00 1.861548 19.56
1712.00 1.861547 19.56
1713.00 1.861547 19.56
1714.00 1.861547 19.56
1715.00 1.861547 19.56
1716.00 1.861547 19.56
1717.00 1.861547 19.56
1718.00 1.861547 19.56
1719.00 1.861547 19.56
1720.00 1.861547 19.56
1721.00 1.861547 19.56
1722.00 1.861547 19.56
1723.00 1.861547 19.56
1724.00 1.861547 19.56
1725.00 1.861547 19.56
1726.00 1.861547 19.56
1727.00 1.861547 19.56
1728.00 1.861547 19.56
1729.00 1.861547 19.56
1730.00 1.861547 19.56
1731.00 1.861546 19.56
1732.00 1.861546 19.56
1733.00 1.861546 19.56
1734.00 1.861546 19.56
1735.00 1.861546 19.56
1736.00 1.861546 19.56
1737.00 1.861546 19.56
1738.00 1.861546 19.56
1739.00 1.861546 19.56
1740.00 1.861546 19.56
1741.00 1.861546 19.56
1742.00 1.861546 19.56
1743.00 1.861546 19.56
1744.00 1.861546 19.56
1745.00 1.861546 19.56
1746.00 1.861546 19.56
1747.00 1.861546 19.56
1748.00 1.861546 19.56
1749.00 1.861546 19.56
1750.00 1.861545 19.56
1751.00 1.861545 19.56
1752.00 1.861545 19.56
1753.00 1.861545 19.56
1754.00 1.861545 19.56
1755.00 1.861545 19.56
1756.00 1.861545 19.56
1757.00 1.861545 19.56
1758.00 1.861545 19.56
1759.00 1.861545 19.56
1760.00 1.861545 19.56
1761.00 1.861545 19.56
1762.00 1.861545 19.56
1763.00 1.861545 19.56
1764.00 1.861545 19.56
1765.00 1.861545 19.56
1766.00 1.861545 19.56
1767.00 1.861545 19.56
1768.00 1.861545 19.56
1769.00 1.861544 19.56
1770.00 1.861544 19.56
1771.00 1.861544 19.56
1772.00 1.861544 19.56
1773.00 1.861544 19.56
1774.00 1.861544 19.56
1775.00 1.861544 19.56
1776.00 1.861544 19.56
1777.00 1.861544 19.56
1778.00 1.861544 19.56
1779.00 1.861544 19.56
1780.00 1.861544 19.56
1781.00 1.861544 19.56
1782.00 1.861544 19.56
1783.00 1.861544 19.56
1784.00 1.861544 19.56
1785.00 1.861544 19.56
1786.00 1.861544 19.56
1787.00 1.861544 19.56
1788.00 1.861544 19.56
1789.00 1.861543 19.56
1790.00 1.861543 19.56
1791.00 1.861543 19.56
1792.00 1.861543 19.56
1793.00 1.861543 19.56
1794.00 1.861543 19.56
1795.00 1.861543 19.56
1796.00 1.861543 19.56
1797.00 1.861543 19.56
1798.00 1.861543 19.56
1799.00 1.861543 19.56
1800.00 1.861543 19.56
1801.00 1.861543 19.56
1802.00 1.861543 19.56
1803.00 1.861543 19.56
1804.00 1.861543 19.56
1805.00 1.861543 19.56
1806.00 1.861543 19.56
1807.00 1.861543 19.56
1808.00 1.861542 19.56
1809.00 1.861542 19.56
1810.00 1.861542 19.56
1811.00 1.861542 19.56
1812.00 1.861542 19.56
1813.00 1.861542 19.56
1814.00 1.861542 19.56
1815.00 1.861542 19.56
1816.00 1.861542 19.56
1817.00 1.861542 19.56
1818.00 1.861542 19.56
1819.00 1.861542 19.56
1820.00 1.861542 19.56
1821.00 1.861542 19.56
1822.00 1.861542 19.56
1823.00 1.861542 19.56
1824.00 1.861542 19.56
1825.00 1.861542 19.56
1826.00 1.861542 19.56
1827.00 1.861542 19.56
1828.00 1.861541 19.56
1829.00 1.861541 19.56
1830.00 1.861541 19.56
1831.00 1.861541 19.56
1832.00 1.861541 19.56
1833.00 1.861541 19.56
1834.00 1.861541 19.56
1835.00 1.861541 19.56
1836.00 1.861541 19.56
1837.00 1.861541 19.56
1838.00 1.861541 19.56
1839.00 1.861541 19.56
1840.00 1.861541 19.56
1841.00 1.861541 19.56
1842.00 1.861541 19.56
1843.00 1.861541 19.56
1844.00 1.861541 19.56
1845.00 1.861541 19.56
1846.00 1.861541 19.56
1847.00 1.861540 19.56
1848.00 1.861540 19.56
1849.00 1.861540 19.56
1850.00 1.861540 19.56
1851.00 1.861540 19.56
1852.00 1.861540 19.56
1853.00 1.861540 19.56
1854.00 1.861540 19.56
1855.00 1.861540 19.56
1856.00 1.861540 19.56
1857.00 1.861540 19.56
1858.00 1.861540 19.56
1859.00 1.861540 19.56
1860.00 1.861540 19.56
1861.00 1.861540 19.56
1862.00 1.861540 19.56
1863.00 1.861540 19.56
1864.00 1.861540 19.56
1865.00 1.861540 19.56
1866.00 1.861540 19.56
1867.00 1.861539 19.56
1868.00 1.861539 19.56
1869.00 1.861539 19.56
1870.00 1.861539 19.56
1871.00 1.861539 19.56
1872.00 1.861539 19.56
1873.00 1.861539 19.56
1874.00 1.861539 19.56
1875.00 1.861539 19.56
1876.00 1.861539 19.56
1877.00 1.861539 19.56
1878.00 1.861539 19.56
1879.00 1.861539 19.56
1880.00 1.861539 19.56
1881.00 1.861539 19.56
1882.00 1.861539 19.56
1883.00 1.861539 19.56
1884.00 1.861539 19.56
1885.00 1.861539 19.56
1886.00 1.861538 19.56
1887.00 1.861538 19.56
1888.00 1.861538 19.56
1889.00 1.861538 19.56
1890.00 1.861538 19.56
1891.00 1.861538 19.56
1892.00 1.861538 19.56
1893.00 1.861538 19.56
1894.00 1.861538 19.56
1895.00 1.861538 19.56
1896.00 1.861538 19.56
1897.00 1.861538 19.56
1898.00 1.861538 19.56
1899.00 1.861538 19.56
1900.00 1.861538 19.56
1901.00 1.861538 19.56
1902.00 1.861538 19.56
1903.00 1.861538 19.56
1904.00 1.861538 19.56
1905.00 1.861538 19.56
1906.00 1.861537 19.56
1907.00 1.861537 19.56
1908.00 1.861537 19.56
1909.00 1.861537 19.56
1910.00 1.861537 19.56
1911.00 1.861537 19.56
1912.00 1.861537 19.56
1913.00 1.861537 19.56
1914.00 1.861537 19.56
1915.00 1.861537 19.56
1916.00 1.861537 19.56
1917.00 1.861537 19.56
1918.00 1.861537 19.56
1919.00 1.861537 19.56
1920.00 1.861537 19.56
1921.00 1.861537 19.56
1922.00 1.861537 19.56
1923.00 1.861537 19.56
1924.00 1.861537 19.56
1925.00 1.861536 19.56
1926.00 1.861536 19.56
1927.00 1.861536 19.56
1928.00 1.861536 19.56
1929.00 1.861536 19.56
1930.00 1.861536 19.56
1931.00 1.861536 19.56
1932.00 1.861536 19.56
1933.00 1.861536 19.56
1934.00 1.861536 19.56
1935.00 1.861536 19.56
1936.00 1.861536 19.56
1937.00 1.861536 19.56
1938.00 1.861536 19.56
1939.00 1.861536 19.56
1940.00 1.861536 19.56
1941.00 1.861536 19.56
1942.00 1.861536 19.56
1943.00 1.861536 19.56
1944.00 1.861536 19.56
1945.00 1.861535 19.56
1946.00 1.861535 19.56
1947.00 1.861535 19.56
1948.00 1.861535 19.56
1949.00 1.861535 19.56
1950.00 1.861535 19.56
1951.00 1.861535 19.56
1952.00 1.861535 19.56
1953.00 1.861535 19.56
1954.00 1.861535 19.56
1955.00 1.861535 19.56
1956.00 1.861535 19.56
1957.00 1.861535 19.56
1958.00 1.861535 19.56
1959.00 1.861535 19.56
1960.00 1.861535 19.56
1961.00 1.861535 19.56
1962.00 1.861535 19.56
1963.00 1.861535 19.56
1964.00 1.861534 19.56
1965.00 1.861534 19.56
1966.00 1.861534 19.56
1967.00 1.861534 19.56
1968.00 1.861534 19.56
1969.00 1.861534 19.56
1970.00 1.861534 19.56
1971.00 1.861534 19.56
1972.00 1.861534 19.56
1973.00 1.861534 19.56
1974.00 1.861534 19.56
1975.00 1.861534 19.56
1976.00 1.861534 19.56
1977.00 1.861534 19.56
1978.00 1.861534 19.56
1979.00 1.861534 19.56
1980.00 1.861534 19.56
1981.00 1.861534 19.56
1982.00 1.861534 19.56
1983.00 1.861533 19.56
1984.00 1.861533 19.56
1985.00 1.861533 19.56
1986.00 1.861533 19.56
1987.00 1.861533 19.56
1988.00 1.861533 19.56
1989.00 1.861533 19.56
1990.00 1.861533 19.56
1991.00 1.861533 19.56
1992.00 1.861533 19.56
1993.00 1.861533 19.56
1994.00 1.861533 19.56
1995.00 1.861533 19.56
1996.00 1.861533 19.56
1997.00 1.861533 19.56
1998.00 1.861533 19.56
1999.00 1.861533 19.56
2000.00 1.861533 19.56
