0.00 0.459362 3.66
1.00 0.458300 3.66
2.00 0.457234 3.66
3.00 0.456162 3.66
4.00 0.455086 3.66
5.00 0.454004 3.66
6.00 0.452918 3.66
7.00 0.451826 3.66
8.00 0.450729 3.66
9.00 0.449626 3.66
10.00 0.448518 3.66
11.00 0.447405 3.65
12.00 0.446306 3.65
13.00 0.445203 3.65
14.00 0.444097 3.65
15.00 0.442986 3.65
16.00 0.441870 3.65
17.00 0.440749 3.65
18.00 0.439622 3.65
19.00 0.438490 3.65
20.00 0.437351 3.65
21.00 0.436205 3.65
22.00 0.435052 3.65
23.00 0.433891 3.65
24.00 0.432724 3.64
25.00 0.431569 3.64
26.00 0.430414 3.63
27.00 0.429271 3.63
28.00 0.428122 3.63
29.00 0.426966 3.63
30.00 0.425803 3.63
31.00 0.424633 3.62
32.00 0.423485 3.61
33.00 0.422356 3.61
34.00 0.421223 3.61
35.00 0.420083 3.61
36.00 0.418938 3.61
37.00 0.417802 3.60
38.00 0.416681 3.59
39.00 0.415571 3.59
40.00 0.414455 3.59
41.00 0.413353 3.58
42.00 0.412295 3.57
43.00 0.411237 3.57
44.00 0.410175 3.57
45.00 0.409106 3.57
46.00 0.408030 3.57
47.00 0.406956 3.56
48.00 0.405890 3.56
49.00 0.404817 3.56
50.00 0.403738 3.56
51.00 0.402671 3.55
52.00 0.401605 3.55
53.00 0.400531 3.55
54.00 0.399451 3.55
55.00 0.398371 3.53
56.00 0.397352 3.53
57.00 0.396328 3.53
58.00 0.395297 3.53
59.00 0.394288 3.52
60.00 0.393276 3.52
61.00 0.392257 3.52
62.00 0.391231 3.52
63.00 0.390197 3.52
64.00 0.389180 3.51
65.00 0.388167 3.51
66.00 0.387158 3.50
67.00 0.386167 3.50
68.00 0.385170 3.50
69.00 0.384165 3.50
70.00 0.383152 3.50
71.00 0.382132 3.50
72.00 0.381137 3.49
73.00 0.380159 3.48
74.00 0.379187 3.48
75.00 0.378237 3.47
76.00 0.377285 3.47
77.00 0.376327 3.47
78.00 0.375361 3.47
79.00 0.374392 3.46
80.00 0.373445 3.46
81.00 0.372491 3.46
82.00 0.371531 3.46
83.00 0.370588 3.44
84.00 0.369684 3.43
85.00 0.368817 3.43
86.00 0.367945 3.43
87.00 0.367068 3.43
88.00 0.366190 3.42
89.00 0.365320 3.42
90.00 0.364443 3.42
91.00 0.363576 3.41
92.00 0.362717 3.41
93.00 0.361853 3.41
94.00 0.360982 3.41
95.00 0.360106 3.40
96.00 0.359299 3.38
97.00 0.358494 3.38
98.00 0.357684 3.38
99.00 0.356869 3.38
100.00 0.356064 3.37
101.00 0.355294 3.36
102.00 0.354537 3.36
103.00 0.353778 3.36
104.00 0.353014 3.36
105.00 0.352246 3.36
106.00 0.351472 3.36
107.00 0.350722 3.33
108.00 0.350033 3.33
109.00 0.349343 3.33
110.00 0.348649 3.33
111.00 0.347951 3.33
112.00 0.347250 3.33
113.00 0.346544 3.33
114.00 0.345833 3.33
115.00 0.345117 3.33
116.00 0.344398 3.32
117.00 0.343701 3.31
118.00 0.343013 3.31
119.00 0.342346 3.29
120.00 0.341730 3.28
121.00 0.341131 3.27
122.00 0.340552 3.27
123.00 0.339972 3.27
124.00 0.339394 3.26
125.00 0.338849 3.25
126.00 0.338309 3.25
127.00 0.337769 3.25
128.00 0.337227 3.25
129.00 0.336684 3.25
130.00 0.336138 3.25
131.00 0.335590 3.25
132.00 0.335039 3.25
133.00 0.334486 3.25
134.00 0.333930 3.25
135.00 0.333370 3.25
136.00 0.332819 3.23
137.00 0.332305 3.23
138.00 0.331811 3.22
139.00 0.331331 3.22
140.00 0.330851 3.22
141.00 0.330373 3.21
142.00 0.329921 3.21
143.00 0.329469 3.21
144.00 0.329016 3.21
145.00 0.328562 3.21
146.00 0.328106 3.21
147.00 0.327649 3.21
148.00 0.327190 3.21
149.00 0.326728 3.21
150.00 0.326264 3.21
151.00 0.325797 3.21
152.00 0.325327 3.21
153.00 0.324857 3.20
154.00 0.324404 3.19
155.00 0.323972 3.19
156.00 0.323539 3.19
157.00 0.323105 3.19
158.00 0.322675 3.18
159.00 0.322246 3.18
160.00 0.321847 3.16
161.00 0.321462 3.16
162.00 0.321079 3.16
163.00 0.320696 3.16
164.00 0.320312 3.16
165.00 0.319929 3.16
166.00 0.319545 3.16
167.00 0.319159 3.16
168.00 0.318773 3.16
169.00 0.318385 3.16
170.00 0.318000 3.15
171.00 0.317619 3.15
172.00 0.317237 3.15
173.00 0.316854 3.15
174.00 0.316490 3.14
175.00 0.316150 3.13
176.00 0.315813 3.13
177.00 0.315476 3.13
178.00 0.315140 3.13
179.00 0.314804 3.13
180.00 0.314467 3.13
181.00 0.314131 3.13
182.00 0.313793 3.13
183.00 0.313455 3.13
184.00 0.313116 3.13
185.00 0.312776 3.13
186.00 0.312456 3.12
187.00 0.312144 3.12
188.00 0.311832 3.12
189.00 0.311521 3.12
190.00 0.311209 3.12
191.00 0.310896 3.12
192.00 0.310583 3.12
193.00 0.310268 3.12
194.00 0.309953 3.12
195.00 0.309637 3.12
196.00 0.309318 3.12
197.00 0.308999 3.12
198.00 0.308677 3.12
199.00 0.308355 3.11
200.00 0.308049 3.10
201.00 0.307756 3.10
202.00 0.307464 3.10
203.00 0.307171 3.10
204.00 0.306879 3.10
205.00 0.306586 3.10
206.00 0.306293 3.10
207.00 0.306000 3.10
208.00 0.305705 3.10
209.00 0.305410 3.10
210.00 0.305114 3.10
211.00 0.304824 3.09
212.00 0.304538 3.09
213.00 0.304251 3.09
214.00 0.303964 3.09
215.00 0.303676 3.09
216.00 0.303390 3.08
217.00 0.303115 3.07
218.00 0.302859 3.07
219.00 0.302603 3.07
220.00 0.302362 3.06
221.00 0.302129 3.06
222.00 0.301898 3.06
223.00 0.301668 3.06
224.00 0.301440 3.06
225.00 0.301212 3.06
226.00 0.300985 3.06
227.00 0.300759 3.06
228.00 0.300533 3.06
229.00 0.300307 3.06
230.00 0.300082 3.06
231.00 0.299856 3.06
232.00 0.299631 3.06
233.00 0.299405 3.06
234.00 0.299188 3.05
235.00 0.298976 3.05
236.00 0.298765 3.05
237.00 0.298554 3.05
238.00 0.298343 3.05
239.00 0.298133 3.05
240.00 0.297922 3.05
241.00 0.297711 3.05
242.00 0.297500 3.05
243.00 0.297289 3.05
244.00 0.297078 3.05
245.00 0.296866 3.05
246.00 0.296653 3.05
247.00 0.296440 3.05
248.00 0.296226 3.05
249.00 0.296012 3.05
250.00 0.295797 3.05
251.00 0.295581 3.05
252.00 0.295364 3.05
253.00 0.295146 3.05
254.00 0.294928 3.05
255.00 0.294708 3.05
256.00 0.294487 3.05
257.00 0.294266 3.05
258.00 0.294043 3.05
259.00 0.293819 3.05
260.00 0.293594 3.05
261.00 0.293384 3.04
262.00 0.293178 3.04
263.00 0.292972 3.04
264.00 0.292766 3.04
265.00 0.292560 3.04
266.00 0.292363 3.03
267.00 0.292170 3.03
268.00 0.291980 3.02
269.00 0.291796 3.02
270.00 0.291614 3.02
271.00 0.291432 3.01
272.00 0.291255 3.01
273.00 0.291078 3.01
274.00 0.290902 3.01
275.00 0.290726 3.01
276.00 0.290551 3.01
277.00 0.290377 3.01
278.00 0.290203 3.01
279.00 0.290029 3.01
280.00 0.289856 3.00
281.00 0.289692 3.00
282.00 0.289529 3.00
283.00 0.289372 2.99
284.00 0.289228 2.99
285.00 0.289085 2.99
286.00 0.288943 2.99
287.00 0.288803 2.99
288.00 0.288664 2.99
289.00 0.288526 2.99
290.00 0.288389 2.99
291.00 0.288253 2.99
292.00 0.288117 2.99
293.00 0.287982 2.99
294.00 0.287850 2.98
295.00 0.287719 2.98
296.00 0.287588 2.98
297.00 0.287459 2.98
298.00 0.287330 2.98
299.00 0.287201 2.98
300.00 0.287073 2.98
301.00 0.286946 2.98
302.00 0.286818 2.98
303.00 0.286692 2.98
304.00 0.286565 2.98
305.00 0.286439 2.98
306.00 0.286313 2.98
307.00 0.286187 2.98
308.00 0.286061 2.98
309.00 0.285936 2.98
310.00 0.285810 2.98
311.00 0.285685 2.98
312.00 0.285560 2.98
313.00 0.285434 2.98
314.00 0.285309 2.98
315.00 0.285184 2.98
316.00 0.285059 2.98
317.00 0.284933 2.98
318.00 0.284808 2.98
319.00 0.284682 2.98
320.00 0.284556 2.98
321.00 0.284431 2.98
322.00 0.284304 2.98
323.00 0.284178 2.98
324.00 0.284052 2.98
325.00 0.283926 2.97
326.00 0.283803 2.97
327.00 0.283679 2.97
328.00 0.283555 2.97
329.00 0.283431 2.97
330.00 0.283307 2.97
331.00 0.283183 2.97
332.00 0.283063 2.96
333.00 0.282953 2.96
334.00 0.282843 2.96
335.00 0.282734 2.96
336.00 0.282626 2.96
337.00 0.282518 2.96
338.00 0.282411 2.96
339.00 0.282304 2.96
340.00 0.282198 2.96
341.00 0.282091 2.96
342.00 0.281986 2.96
343.00 0.281880 2.96
344.00 0.281775 2.96
345.00 0.281670 2.96
346.00 0.281565 2.96
347.00 0.281460 2.96
348.00 0.281355 2.96
349.00 0.281250 2.96
350.00 0.281150 2.95
351.00 0.281051 2.95
352.00 0.280952 2.95
353.00 0.280854 2.95
354.00 0.280756 2.95
355.00 0.280659 2.95
356.00 0.280561 2.95
357.00 0.280464 2.95
358.00 0.280367 2.95
359.00 0.280277 2.94
360.00 0.280189 2.94
361.00 0.280103 2.94
362.00 0.280017 2.94
363.00 0.279931 2.94
364.00 0.279847 2.94
365.00 0.279763 2.94
366.00 0.279680 2.94
367.00 0.279597 2.94
368.00 0.279514 2.94
369.00 0.279433 2.94
370.00 0.279351 2.94
371.00 0.279270 2.94
372.00 0.279190 2.94
373.00 0.279110 2.94
374.00 0.279032 2.93
375.00 0.278958 2.93
376.00 0.278884 2.93
377.00 0.278810 2.93
378.00 0.278737 2.93
379.00 0.278665 2.93
380.00 0.278594 2.93
381.00 0.278523 2.93
382.00 0.278452 2.93
383.00 0.278382 2.93
384.00 0.278315 2.92
385.00 0.278255 2.92
386.00 0.278197 2.92
387.00 0.278140 2.92
388.00 0.278084 2.92
389.00 0.278029 2.92
390.00 0.277974 2.92
391.00 0.277920 2.92
392.00 0.277867 2.92
393.00 0.277815 2.92
394.00 0.277763 2.92
395.00 0.277711 2.92
396.00 0.277660 2.92
397.00 0.277610 2.92
398.00 0.277560 2.92
399.00 0.277511 2.92
400.00 0.277462 2.92
401.00 0.277414 2.92
402.00 0.277366 2.92
403.00 0.277319 2.92
404.00 0.277272 2.92
405.00 0.277225 2.92
406.00 0.277179 2.92
407.00 0.277133 2.92
408.00 0.277088 2.92
409.00 0.277043 2.92
410.00 0.276999 2.92
411.00 0.276954 2.92
412.00 0.276910 2.92
413.00 0.276867 2.92
414.00 0.276824 2.92
415.00 0.276781 2.92
416.00 0.276738 2.92
417.00 0.276696 2.92
418.00 0.276654 2.92
419.00 0.276613 2.92
420.00 0.276572 2.92
421.00 0.276531 2.92
422.00 0.276490 2.92
423.00 0.276449 2.92
424.00 0.276409 2.92
425.00 0.276369 2.92
426.00 0.276330 2.92
427.00 0.276291 2.92
428.00 0.276251 2.92
429.00 0.276213 2.92
430.00 0.276174 2.92
431.00 0.276136 2.92
432.00 0.276098 2.92
433.00 0.276060 2.92
434.00 0.276022 2.92
435.00 0.275985 2.92
436.00 0.275947 2.92
437.00 0.275910 2.92
438.00 0.275874 2.92
439.00 0.275837 2.92
440.00 0.275801 2.92
441.00 0.275765 2.92
442.00 0.275729 2.92
443.00 0.275693 2.92
444.00 0.275657 2.92
445.00 0.275622 2.92
446.00 0.275586 2.92
447.00 0.275551 2.92
448.00 0.275516 2.92
449.00 0.275482 2.92
450.00 0.275447 2.92
451.00 0.275413 2.92
452.00 0.275379 2.92
453.00 0.275344 2.92
454.00 0.275311 2.92
455.00 0.275277 2.92
456.00 0.275243 2.92
457.00 0.275210 2.92
458.00 0.275176 2.92
459.00 0.275143 2.92
460.00 0.275110 2.92
461.00 0.275077 2.92
462.00 0.275044 2.92
463.00 0.275012 2.92
464.00 0.274979 2.92
465.00 0.274947 2.92
466.00 0.274914 2.92
467.00 0.274882 2.92
468.00 0.274850 2.92
469.00 0.274818 2.92
470.00 0.274786 2.92
471.00 0.274754 2.92
472.00 0.274723 2.92
473.00 0.274691 2.92
474.00 0.274660 2.92
475.00 0.274628 2.92
476.00 0.274597 2.92
477.00 0.274566 2.92
478.00 0.274535 2.92
479.00 0.274504 2.92
480.00 0.274473 2.92
481.00 0.274442 2.92
482.00 0.274412 2.91
483.00 0.274382 2.91
484.00 0.274352 2.91
485.00 0.274322 2.91
486.00 0.274293 2.91
487.00 0.274263 2.91
488.00 0.274234 2.91
489.00 0.274204 2.91
490.00 0.274175 2.91
491.00 0.274146 2.91
492.00 0.274117 2.91
493.00 0.274088 2.91
494.00 0.274060 2.91
495.00 0.274031 2.91
496.00 0.274002 2.91
497.00 0.273974 2.91
498.00 0.273946 2.91
499.00 0.273917 2.91
500.00 0.273889 2.91
501.00 0.273861 2.91
502.00 0.273833 2.91
503.00 0.273805 2.91
504.00 0.273777 2.91
505.00 0.273750 2.91
506.00 0.273722 2.91
507.00 0.273694 2.91
508.00 0.273667 2.91
509.00 0.273639 2.91
510.00 0.273612 2.91
511.00 0.273585 2.91
512.00 0.273557 2.91
513.00 0.273530 2.91
514.00 0.273503 2.91
515.00 0.273476 2.91
516.00 0.273449 2.91
517.00 0.273422 2.91
518.00 0.273395 2.91
519.00 0.273368 2.91
520.00 0.273342 2.91
521.00 0.273315 2.91
522.00 0.273288 2.91
523.00 0.273261 2.91
524.00 0.273235 2.91
525.00 0.273208 2.91
526.00 0.273182 2.91
527.00 0.273155 2.91
528.00 0.273129 2.91
529.00 0.273102 2.91
530.00 0.273076 2.91
531.00 0.273050 2.91
532.00 0.273023 2.91
533.00 0.272997 2.91
534.00 0.272971 2.91
535.00 0.272945 2.91
536.00 0.272918 2.91
537.00 0.272892 2.91
538.00 0.272866 2.91
539.00 0.272840 2.91
540.00 0.272814 2.91
541.00 0.272788 2.91
542.00 0.272762 2.91
543.00 0.272737 2.90
544.00 0.272712 2.90
545.00 0.272688 2.90
546.00 0.272663 2.90
547.00 0.272639 2.90
548.00 0.272614 2.90
549.00 0.272590 2.90
550.00 0.272566 2.90
551.00 0.272542 2.90
552.00 0.272518 2.90
553.00 0.272494 2.90
554.00 0.272471 2.90
555.00 0.272447 2.90
556.00 0.272423 2.90
557.00 0.272400 2.90
558.00 0.272376 2.90
559.00 0.272353 2.90
560.00 0.272330 2.90
561.00 0.272306 2.90
562.00 0.272283 2.90
563.00 0.272261 2.89
564.00 0.272241 2.89
565.00 0.272222 2.89
566.00 0.272203 2.89
567.00 0.272184 2.89
568.00 0.272165 2.89
569.00 0.272147 2.89
570.00 0.272129 2.89
571.00 0.272111 2.89
572.00 0.272094 2.89
573.00 0.272077 2.89
574.00 0.272059 2.89
575.00 0.272042 2.89
576.00 0.272026 2.89
577.00 0.272009 2.89
578.00 0.271993 2.89
579.00 0.271976 2.89
580.00 0.271960 2.89
581.00 0.271945 2.89
582.00 0.271929 2.89
583.00 0.271913 2.89
584.00 0.271898 2.89
585.00 0.271883 2.89
586.00 0.271868 2.89
587.00 0.271853 2.89
588.00 0.271838 2.89
589.00 0.271823 2.89
590.00 0.271809 2.89
591.00 0.271794 2.89
592.00 0.271780 2.89
593.00 0.271766 2.89
594.00 0.271752 2.89
595.00 0.271738 2.89
596.00 0.271724 2.89
597.00 0.271711 2.89
598.00 0.271697 2.89
599.00 0.271684 2.89
600.00 0.271670 2.89
601.00 0.271657 2.89
602.00 0.271644 2.89
603.00 0.271631 2.89
604.00 0.271618 2.89
605.00 0.271606 2.89
606.00 0.271593 2.89
607.00 0.271581 2.89
608.00 0.271568 2.89
609.00 0.271556 2.89
610.00 0.271544 2.89
611.00 0.271532 2.89
612.00 0.271520 2.89
613.00 0.271508 2.89
614.00 0.271496 2.89
615.00 0.271484 2.89
616.00 0.271473 2.89
617.00 0.271461 2.89
618.00 0.271450 2.89
619.00 0.271439 2.89
620.00 0.271427 2.89
621.00 0.271416 2.89
622.00 0.271405 2.89
623.00 0.271394 2.89
624.00 0.271383 2.89
625.00 0.271372 2.89
626.00 0.271362 2.89
627.00 0.271351 2.89
628.00 0.271340 2.89
629.00 0.271330 2.89
630.00 0.271320 2.89
631.00 0.271309 2.89
632.00 0.271299 2.89
633.00 0.271289 2.89
634.00 0.271279 2.89
635.00 0.271269 2.89
636.00 0.271259 2.89
637.00 0.271249 2.89
638.00 0.271239 2.89
639.00 0.271229 2.89
640.00 0.271220 2.89
641.00 0.271210 2.89
642.00 0.271200 2.89
643.00 0.271191 2.89
644.00 0.271181 2.89
645.00 0.271172 2.89
646.00 0.271163 2.89
647.00 0.271154 2.89
648.00 0.271144 2.89
649.00 0.271135 2.89
650.00 0.271126 2.89
651.00 0.271117 2.89
652.00 0.271108 2.89
653.00 0.271100 2.89
654.00 0.271091 2.89
655.00 0.271082 2.89
656.00 0.271073 2.89
657.00 0.271065 2.89
658.00 0.271056 2.89
659.00 0.271048 2.89
660.00 0.271039 2.89
661.00 0.271031 2.89
662.00 0.271023 2.89
663.00 0.271014 2.89
664.00 0.271006 2.89
665.00 0.270998 2.89
666.00 0.270990 2.89
667.00 0.270982 2.89
668.00 0.270974 2.89
669.00 0.270966 2.89
670.00 0.270958 2.89
671.00 0.270950 2.89
672.00 0.270942 2.89
673.00 0.270934 2.89
674.00 0.270927 2.89
675.00 0.270919 2.89
676.00 0.270911 2.89
677.00 0.270904 2.89
678.00 0.270896 2.89
679.00 0.270889 2.89
680.00 0.270881 2.89
681.00 0.270874 2.89
682.00 0.270866 2.89
683.00 0.270859 2.89
684.00 0.270852 2.89
685.00 0.270845 2.89
686.00 0.270837 2.89
687.00 0.270830 2.89
688.00 0.270823 2.89
689.00 0.270816 2.89
690.00 0.270809 2.89
691.00 0.270802 2.89
692.00 0.270795 2.89
693.00 0.270788 2.89
694.00 0.270781 2.89
695.00 0.270775 2.89
696.00 0.270768 2.89
697.00 0.270761 2.89
698.00 0.270754 2.89
699.00 0.270748 2.89
700.00 0.270741 2.89
701.00 0.270734 2.89
702.00 0.270728 2.89
703.00 0.270721 2.89
704.00 0.270715 2.89
705.00 0.270708 2.89
706.00 0.270702 2.89
707.00 0.270696 2.89
708.00 0.270689 2.89
709.00 0.270683 2.89
710.00 0.270677 2.89
711.00 0.270670 2.89
712.00 0.270664 2.89
713.00 0.270658 2.89
714.00 0.270652 2.89
715.00 0.270646 2.89
716.00 0.270640 2.89
717.00 0.270634 2.89
718.00 0.270628 2.89
719.00 0.270622 2.89
720.00 0.270616 2.89
721.00 0.270610 2.89
722.00 0.270604 2.89
723.00 0.270598 2.89
724.00 0.270592 2.89
725.00 0.270586 2.89
726.00 0.270581 2.89
727.00 0.270575 2.89
728.00 0.270569 2.89
729.00 0.270564 2.89
730.00 0.270558 2.89
731.00 0.270552 2.89
732.00 0.270547 2.89
733.00 0.270541 2.89
734.00 0.270536 2.89
735.00 0.270530 2.89
736.00 0.270525 2.89
737.00 0.270519 2.89
738.00 0.270514 2.89
739.00 0.270508 2.89
740.00 0.270503 2.89
741.00 0.270498 2.89
742.00 0.270492 2.89
743.00 0.270487 2.89
744.00 0.270482 2.89
745.00 0.270476 2.89
746.00 0.270471 2.89
747.00 0.270466 2.89
748.00 0.270461 2.89
749.00 0.270456 2.89
750.00 0.270451 2.89
751.00 0.270445 2.89
752.00 0.270440 2.89
753.00 0.270435 2.89
754.00 0.270430 2.89
755.00 0.270425 2.89
756.00 0.270420 2.89
757.00 0.270415 2.89
758.00 0.270410 2.89
759.00 0.270405 2.89
760.00 0.270401 2.89
761.00 0.270396 2.89
762.00 0.270391 2.89
763.00 0.270386 2.89
764.00 0.270381 2.89
765.00 0.270376 2.89
766.00 0.270372 2.89
767.00 0.270367 2.89
768.00 0.270362 2.89
769.00 0.270358 2.89
770.00 0.270353 2.89
771.00 0.270348 2.89
772.00 0.270344 2.89
773.00 0.270339 2.89
774.00 0.270334 2.89
775.00 0.270330 2.89
776.00 0.270325 2.89
777.00 0.270321 2.89
778.00 0.270316 2.89
779.00 0.270312 2.89
780.00 0.270307 2.89
781.00 0.270303 2.89
782.00 0.270298 2.89
783.00 0.270294 2.89
784.00 0.270289 2.89
785.00 0.270285 2.89
786.00 0.270281 2.89
787.00 0.270276 2.89
788.00 0.270272 2.89
789.00 0.270268 2.89
790.00 0.270263 2.89
791.00 0.270259 2.89
792.00 0.270255 2.89
793.00 0.270251 2.89
794.00 0.270246 2.89
795.00 0.270242 2.89
796.00 0.270238 2.89
797.00 0.270234 2.89
798.00 0.270230 2.89
799.00 0.270226 2.89
800.00 0.270221 2.89
801.00 0.270217 2.89
802.00 0.270213 2.89
803.00 0.270209 2.89
804.00 0.270205 2.89
805.00 0.270201 2.89
806.00 0.270197 2.89
807.00 0.270193 2.89
808.00 0.270189 2.89
809.00 0.270185 2.89
810.00 0.270181 2.89
811.00 0.270177 2.89
812.00 0.270173 2.89
813.00 0.270169 2.89
814.00 0.270166 2.89
815.00 0.270162 2.89
816.00 0.270158 2.89
817.00 0.270154 2.89
818.00 0.270150 2.89
819.00 0.270146 2.89
820.00 0.270142 2.89
821.00 0.270139 2.89
822.00 0.270135 2.89
823.00 0.270131 2.89
824.00 0.270127 2.89
825.00 0.270124 2.89
826.00 0.270120 2.89
827.00 0.270116 2.89
828.00 0.270112 2.89
829.00 0.270109 2.89
830.00 0.270105 2.89
831.00 0.270101 2.89
832.00 0.270098 2.89
833.00 0.270094 2.89
834.00 0.270091 2.89
835.00 0.270087 2.89
836.00 0.270083 2.89
837.00 0.270080 2.89
838.00 0.270076 2.89
839.00 0.270073 2.89
840.00 0.270069 2.89
841.00 0.270066 2.89
842.00 0.270062 2.89
843.00 0.270059 2.89
844.00 0.270055 2.89
845.00 0.270052 2.89
846.00 0.270048 2.89
847.00 0.270045 2.89
848.00 0.270041 2.89
849.00 0.270038 2.89
850.00 0.270035 2.89
851.00 0.270031 2.89
852.00 0.270028 2.88
853.00 0.270024 2.88
854.00 0.270021 2.88
855.00 0.270018 2.88
856.00 0.270015 2.88
857.00 0.270011 2.88
858.00 0.270008 2.88
859.00 0.270005 2.88
860.00 0.270002 2.88
861.00 0.269998 2.88
862.00 0.269995 2.88
863.00 0.269992 2.88
864.00 0.269989 2.88
865.00 0.269986 2.88
866.00 0.269983 2.88
867.00 0.269979 2.88
868.00 0.269976 2.88
869.00 0.269973 2.88
870.00 0.269970 2.88
871.00 0.269967 2.88
872.00 0.269964 2.88
873.00 0.269961 2.88
874.00 0.269958 2.88
875.00 0.269955 2.88
876.00 0.269952 2.88
877.00 0.269949 2.88
878.00 0.269946 2.88
879.00 0.269943 2.88
880.00 0.269940 2.88
881.00 0.269937 2.87
882.00 0.269935 2.87
883.00 0.269932 2.87
884.00 0.269930 2.87
885.00 0.269927 2.87
886.00 0.269925 2.87
887.00 0.269923 2.87
888.00 0.269920 2.87
889.00 0.269918 2.87
890.00 0.269916 2.87
891.00 0.269913 2.87
892.00 0.269911 2.87
893.00 0.269909 2.87
894.00 0.269907 2.87
895.00 0.269905 2.87
896.00 0.269903 2.87
897.00 0.269900 2.87
898.00 0.269898 2.87
899.00 0.269896 2.87
900.00 0.269894 2.87
901.00 0.269892 2.87
902.00 0.269890 2.87
903.00 0.269888 2.87
904.00 0.269887 2.87
905.00 0.269885 2.87
906.00 0.269883 2.87
907.00 0.269881 2.87
908.00 0.269879 2.87
909.00 0.269877 2.87
910.00 0.269875 2.87
911.00 0.269874 2.87
912.00 0.269872 2.87
913.00 0.269870 2.87
914.00 0.269869 2.87
915.00 0.269867 2.87
916.00 0.269865 2.87
917.00 0.269864 2.87
918.00 0.269862 2.87
919.00 0.269860 2.87
920.00 0.269859 2.87
921.00 0.269857 2.87
922.00 0.269856 2.87
923.00 0.269854 2.87
924.00 0.269853 2.87
925.00 0.269851 2.87
926.00 0.269850 2.87
927.00 0.269848 2.87
928.00 0.269847 2.87
929.00 0.269845 2.87
930.00 0.269844 2.87
931.00 0.269842 2.87
932.00 0.269841 2.87
933.00 0.269840 2.87
934.00 0.269838 2.87
935.00 0.269837 2.87
936.00 0.269836 2.87
937.00 0.269834 2.87
938.00 0.269833 2.87
939.00 0.269832 2.87
940.00 0.269831 2.87
941.00 0.269829 2.87
942.00 0.269828 2.87
943.00 0.269827 2.87
944.00 0.269826 2.87
945.00 0.269824 2.87
946.00 0.269823 2.87
947.00 0.269822 2.87
948.00 0.269821 2.87
949.00 0.269820 2.87
950.00 0.269819 2.87
951.00 0.269818 2.87
952.00 0.269817 2.87
953.00 0.269815 2.87
954.00 0.269814 2.87
955.00 0.269813 2.87
956.00 0.269812 2.87
957.00 0.269811 2.87
958.00 0.269810 2.87
959.00 0.269809 2.87
960.00 0.269808 2.87
961.00 0.269807 2.87
962.00 0.269806 2.87
963.00 0.269805 2.87
964.00 0.269804 2.87
965.00 0.269803 2.87
966.00 0.269802 2.87
967.00 0.269801 2.87
968.00 0.269800 2.87
969.00 0.269800 2.87
970.00 0.269799 2.87
971.00 0.269798 2.87
972.00 0.269797 2.87
973.00 0.269796 2.87
974.00 0.269795 2.87
975.00 0.269794 2.87
976.00 0.269793 2.87
977.00 0.269793 2.87
978.00 0.269792 2.87
979.00 0.269791 2.87
980.00 0.269790 2.87
981.00 0.269789 2.87
982.00 0.269789 2.87
983.00 0.269788 2.87
984.00 0.269787 2.87
985.00 0.269786 2.87
986.00 0.269786 2.87
987.00 0.269785 2.87
988.00 0.269784 2.87
989.00 0.269783 2.87
990.00 0.269783 2.87
991.00 0.269782 2.87
992.00 0.269781 2.87
993.00 0.269780 2.87
994.00 0.269780 2.87
995.00 0.269779 2.87
996.00 0.269778 2.87
997.00 0.269778 2.87
998.00 0.269777 2.87
999.00 0.269776 2.87
1000.00 0.269776 2.87
1001.00 0.269775 2.87
1002.00 0.269775 2.87
1003.00 0.269774 2.87
1004.00 0.269773 2.87
1005.00 0.269773 2.87
1006.00 0.269772 2.87
1007.00 0.269771 2.87
1008.00 0.269771 2.87
1009.00 0.269770 2.87
1010.00 0.269770 2.87
1011.00 0.269769 2.87
1012.00 0.269769 2.87
1013.00 0.269768 2.87
1014.00 0.269767 2.87
1015.00 0.269767 2.87
1016.00 0.269766 2.87
1017.00 0.269766 2.87
1018.00 0.269765 2.87
1019.00 0.269765 2.87
1020.00 0.269764 2.87
1021.00 0.269764 2.87
1022.00 0.269763 2.87
1023.00 0.269763 2.87
1024.00 0.269762 2.87
1025.00 0.269762 2.87
1026.00 0.269761 2.87
1027.00 0.269761 2.87
1028.00 0.269760 2.87
1029.00 0.269760 2.87
1030.00 0.269759 2.87
1031.00 0.269759 2.87
1032.00 0.269758 2.87
1033.00 0.269758 2.87
1034.00 0.269758 2.87
1035.00 0.269757 2.87
1036.00 0.269757 2.87
1037.00 0.269756 2.87
1038.00 0.269756 2.87
1039.00 0.269755 2.87
1040.00 0.269755 2.87
1041.00 0.269755 2.87
1042.00 0.269754 2.87
1043.00 0.269754 2.87
1044.00 0.269753 2.87
1045.00 0.269753 2.87
1046.00 0.269753 2.87
1047.00 0.269752 2.87
1048.00 0.269752 2.87
1049.00 0.269751 2.87
1050.00 0.269751 2.87
1051.00 0.269751 2.87
1052.00 0.269750 2.87
1053.00 0.269750 2.87
1054.00 0.269750 2.87
1055.00 0.269749 2.87
1056.00 0.269749 2.87
1057.00 0.269749 2.87
1058.00 0.269748 2.87
1059.00 0.269748 2.87
1060.00 0.269748 2.87
1061.00 0.269747 2.87
1062.00 0.269747 2.87
1063.00 0.269747 2.87
1064.00 0.269746 2.87
1065.00 0.269746 2.87
1066.00 0.269746 2.87
1067.00 0.269745 2.87
1068.00 0.269745 2.87
1069.00 0.269745 2.87
1070.00 0.269744 2.87
1071.00 0.269744 2.87
1072.00 0.269744 2.87
1073.00 0.269744 2.87
1074.00 0.269743 2.87
1075.00 0.269743 2.87
1076.00 0.269743 2.87
1077.00 0.269742 2.87
1078.00 0.269742 2.87
1079.00 0.269742 2.87
1080.00 0.269742 2.87
1081.00 0.269741 2.87
1082.00 0.269741 2.87
1083.00 0.269741 2.87
1084.00 0.269741 2.87
1085.00 0.269740 2.87
1086.00 0.269740 2.87
1087.00 0.269740 2.87
1088.00 0.269740 2.87
1089.00 0.269739 2.87
1090.00 0.269739 2.87
1091.00 0.269739 2.87
1092.00 0.269739 2.87
1093.00 0.269738 2.87
1094.00 0.269738 2.87
1095.00 0.269738 2.87
1096.00 0.269738 2.87
1097.00 0.269737 2.87
1098.00 0.269737 2.87
1099.00 0.269737 2.87
1100.00 0.269737 2.87
1101.00 0.269737 2.87
1102.00 0.269736 2.87
1103.00 0.269736 2.87
1104.00 0.269736 2.87
1105.00 0.269736 2.87
1106.00 0.269736 2.87
1107.00 0.269735 2.87
1108.00 0.269735 2.87
1109.00 0.269735 2.87
1110.00 0.269735 2.87
1111.00 0.269735 2.87
1112.00 0.269734 2.87
1113.00 0.269734 2.87
1114.00 0.269734 2.87
1115.00 0.269734 2.87
1116.00 0.269734 2.87
1117.00 0.269733 2.87
1118.00 0.269733 2.87
1119.00 0.269733 2.87
1120.00 0.269733 2.87
1121.00 0.269733 2.87
1122.00 0.269733 2.87
1123.00 0.269732 2.87
1124.00 0.269732 2.87
1125.00 0.269732 2.87
1126.00 0.269732 2.87
1127.00 0.269732 2.87
1128.00 0.269732 2.87
1129.00 0.269731 2.87
1130.00 0.269731 2.87
1131.00 0.269731 2.87
1132.00 0.269731 2.87
1133.00 0.269731 2.87
1134.00 0.269731 2.87
1135.00 0.269731 2.87
1136.00 0.269730 2.87
1137.00 0.269730 2.87
1138.00 0.269730 2.87
1139.00 0.269730 2.87
1140.00 0.269730 2.87
1141.00 0.269730 2.87
1142.00 0.269730 2.87
1143.00 0.269729 2.87
1144.00 0.269729 2.87
1145.00 0.269729 2.87
1146.00 0.269729 2.87
1147.00 0.269729 2.87
1148.00 0.269729 2.87
1149.00 0.269729 2.87
1150.00 0.269728 2.87
1151.00 0.269728 2.87
1152.00 0.269728 2.87
1153.00 0.269728 2.87
1154.00 0.269728 2.87
1155.00 0.269728 2.87
1156.00 0.269728 2.87
1157.00 0.269728 2.87
1158.00 0.269728 2.87
1159.00 0.269727 2.87
1160.00 0.269727 2.87
1161.00 0.269727 2.87
1162.00 0.269727 2.87
1163.00 0.269727 2.87
1164.00 0.269727 2.87
1165.00 0.269727 2.87
1166.00 0.269727 2.87
1167.00 0.269727 2.87
1168.00 0.269726 2.87
1169.00 0.269726 2.87
1170.00 0.269726 2.87
1171.00 0.269726 2.87
1172.00 0.269726 2.87
1173.00 0.269726 2.87
1174.00 0.269726 2.87
1175.00 0.269726 2.87
1176.00 0.269726 2.87
1177.00 0.269726 2.87
1178.00 0.269725 2.87
1179.00 0.269725 2.87
1180.00 0.269725 2.87
1181.00 0.269725 2.87
1182.00 0.269725 2.87
1183.00 0.269725 2.87
1184.00 0.269725 2.87
1185.00 0.269725 2.87
1186.00 0.269725 2.87
1187.00 0.269725 2.87
1188.00 0.269725 2.87
1189.00 0.269725 2.87
1190.00 0.269724 2.87
1191.00 0.269724 2.87
1192.00 0.269724 2.87
1193.00 0.269724 2.87
1194.00 0.269724 2.87
1195.00 0.269724 2.87
1196.00 0.269724 2.87
1197.00 0.269724 2.87
1198.00 0.269724 2.87
1199.00 0.269724 2.87
1200.00 0.269724 2.87
1201.00 0.269724 2.87
1202.00 0.269724 2.87
1203.00 0.269723 2.87
1204.00 0.269723 2.87
1205.00 0.269723 2.87
1206.00 0.269723 2.87
1207.00 0.269723 2.87
1208.00 0.269723 2.87
1209.00 0.269723 2.87
1210.00 0.269723 2.87
1211.00 0.269723 2.87
1212.00 0.269723 2.87
1213.00 0.269723 2.87
1214.00 0.269723 2.87
1215.00 0.269723 2.87
1216.00 0.269723 2.87
1217.00 0.269723 2.87
1218.00 0.269722 2.87
1219.00 0.269722 2.87
1220.00 0.269722 2.87
1221.00 0.269722 2.87
1222.00 0.269722 2.87
1223.00 0.269722 2.87
1224.00 0.269722 2.87
1225.00 0.269722 2.87
1226.00 0.269722 2.87
1227.00 0.269722 2.87
1228.00 0.269722 2.87
1229.00 0.269722 2.87
1230.00 0.269722 2.87
1231.00 0.269722 2.87
1232.00 0.269722 2.87
1233.00 0.269722 2.87
1234.00 0.269722 2.87
1235.00 0.269722 2.87
1236.00 0.269721 2.87
1237.00 0.269721 2.87
1238.00 0.269721 2.87
1239.00 0.269721 2.87
1240.00 0.269721 2.87
1241.00 0.269721 2.87
1242.00 0.269721 2.87
1243.00 0.269721 2.87
1244.00 0.269721 2.87
1245.00 0.269721 2.87
1246.00 0.269721 2.87
1247.00 0.269721 2.87
1248.00 0.269721 2.87
1249.00 0.269721 2.87
1250.00 0.269721 2.87
1251.00 0.269721 2.87
1252.00 0.269721 2.87
1253.00 0.269721 2.87
1254.00 0.269721 2.87
1255.00 0.269721 2.87
1256.00 0.269721 2.87
1257.00 0.269721 2.87
1258.00 0.269721 2.87
1259.00 0.269720 2.87
1260.00 0.269720 2.87
1261.00 0.269720 2.87
1262.00 0.269720 2.87
1263.00 0.269720 2.87
1264.00 0.269720 2.87
1265.00 0.269720 2.87
1266.00 0.269720 2.87
1267.00 0.269720 2.87
1268.00 0.269720 2.87
1269.00 0.269720 2.87
1270.00 0.269720 2.87
1271.00 0.269720 2.87
1272.00 0.269720 2.87
1273.00 0.269720 2.87
1274.00 0.269720 2.87
1275.00 0.269720 2.87
1276.00 0.269720 2.87
1277.00 0.269720 2.87
1278.00 0.269720 2.87
1279.00 0.269720 2.87
1280.00 0.269720 2.87
1281.00 0.269720 2.87
1282.00 0.269720 2.87
1283.00 0.269720 2.87
1284.00 0.269720 2.87
1285.00 0.269720 2.87
1286.00 0.269720 2.87
1287.00 0.269720 2.87
1288.00 0.269720 2.87
1289.00 0.269720 2.87
1290.00 0.269719 2.87
1291.00 0.269719 2.87
1292.00 0.269719 2.87
1293.00 0.269719 2.87
1294.00 0.269719 2.87
1295.00 0.269719 2.87
1296.00 0.269719 2.87
1297.00 0.269719 2.87
1298.00 0.269719 2.87
1299.00 0.269719 2.87
1300.00 0.269719 2.87
1301.00 0.269719 2.87
1302.00 0.269719 2.87
1303.00 0.269719 2.87
1304.00 0.269719 2.87
1305.00 0.269719 2.87
1306.00 0.269719 2.87
1307.00 0.269719 2.87
1308.00 0.269719 2.87
1309.00 0.269719 2.87
1310.00 0.269719 2.87
1311.00 0.269719 2.87
1312.00 0.269719 2.87
1313.00 0.269719 2.87
1314.00 0.269719 2.87
1315.00 0.269719 2.87
1316.00 0.269719 2.87
1317.00 0.269719 2.87
1318.00 0.269719 2.87
1319.00 0.269719 2.87
1320.00 0.269719 2.87
1321.00 0.269719 2.87
1322.00 0.269719 2.87
1323.00 0.269719 2.87
1324.00 0.269719 2.87
1325.00 0.269719 2.87
1326.00 0.269719 2.87
1327.00 0.269719 2.87
1328.00 0.269719 2.87
1329.00 0.269719 2.87
1330.00 0.269719 2.87
1331.00 0.269719 2.87
1332.00 0.269719 2.87
1333.00 0.269719 2.87
1334.00 0.269719 2.87
1335.00 0.269719 2.87
1336.00 0.269718 2.87
1337.00 0.269718 2.87
1338.00 0.269718 2.87
1339.00 0.269718 2.87
1340.00 0.269718 2.87
1341.00 0.269718 2.87
1342.00 0.269718 2.87
1343.00 0.269718 2.87
1344.00 0.269718 2.87
1345.00 0.269718 2.87
1346.00 0.269718 2.87
1347.00 0.269718 2.87
1348.00 0.269718 2.87
1349.00 0.269718 2.87
1350.00 0.269718 2.87
1351.00 0.269718 2.87
1352.00 0.269718 2.87
1353.00 0.269718 2.87
1354.00 0.269718 2.87
1355.00 0.269718 2.87
1356.00 0.269718 2.87
1357.00 0.269718 2.87
1358.00 0.269718 2.87
1359.00 0.269718 2.87
1360.00 0.269718 2.87
1361.00 0.269718 2.87
1362.00 0.269718 2.87
1363.00 0.269718 2.87
1364.00 0.269718 2.87
1365.00 0.269718 2.87
1366.00 0.269718 2.87
1367.00 0.269718 2.87
1368.00 0.269718 2.87
1369.00 0.269718 2.87
1370.00 0.269718 2.87
1371.00 0.269718 2.87
1372.00 0.269718 2.87
1373.00 0.269718 2.87
1374.00 0.269718 2.87
1375.00 0.269718 2.87
1376.00 0.269718 2.87
1377.00 0.269718 2.87
1378.00 0.269718 2.87
1379.00 0.269718 2.87
1380.00 0.269718 2.87
1381.00 0.269718 2.87
1382.00 0.269718 2.87
1383.00 0.269718 2.87
1384.00 0.269718 2.87
1385.00 0.269718 2.87
1386.00 0.269718 2.87
1387.00 0.269718 2.87
1388.00 0.269718 2.87
1389.00 0.269718 2.87
1390.00 0.269718 2.87
1391.00 0.269718 2.87
1392.00 0.269718 2.87
1393.00 0.269718 2.87
1394.00 0.269718 2.87
1395.00 0.269718 2.87
1396.00 0.269718 2.87
1397.00 0.269718 2.87
1398.00 0.269718 2.87
1399.00 0.269718 2.87
1400.00 0.269718 2.87
1401.00 0.269718 2.87
1402.00 0.269718 2.87
1403.00 0.269718 2.87
1404.00 0.269718 2.87
1405.00 0.269718 2.87
1406.00 0.269718 2.87
1407.00 0.269718 2.87
1408.00 0.269718 2.87
1409.00 0.269718 2.87
1410.00 0.269718 2.87
1411.00 0.269718 2.87
1412.00 0.269718 2.87
1413.00 0.269718 2.87
1414.00 0.269718 2.87
1415.00 0.269718 2.87
1416.00 0.269718 2.87
1417.00 0.269718 2.87
1418.00 0.269718 2.87
1419.00 0.269718 2.87
1420.00 0.269718 2.87
1421.00 0.269718 2.87
1422.00 0.269718 2.87
1423.00 0.269718 2.87
1424.00 0.269718 2.87
1425.00 0.269718 2.87
1426.00 0.269718 2.87
1427.00 0.269718 2.87
1428.00 0.269718 2.87
1429.00 0.269718 2.87
1430.00 0.269718 2.87
1431.00 0.269718 2.87
1432.00 0.269718 2.87
1433.00 0.269718 2.87
1434.00 0.269717 2.87
1435.00 0.269717 2.87
1436.00 0.269717 2.87
1437.00 0.269717 2.87
1438.00 0.269717 2.87
1439.00 0.269717 2.87
1440.00 0.269717 2.87
1441.00 0.269717 2.87
1442.00 0.269717 2.87
1443.00 0.269717 2.87
1444.00 0.269717 2.87
1445.00 0.269717 2.87
1446.00 0.269717 2.87
1447.00 0.269717 2.87
1448.00 0.269717 2.87
1449.00 0.269717 2.87
1450.00 0.269717 2.87
1451.00 0.269717 2.87
1452.00 0.269717 2.87
1453.00 0.269717 2.87
1454.00 0.269717 2.87
1455.00 0.269717 2.87
1456.00 0.269717 2.87
1457.00 0.269717 2.87
1458.00 0.269717 2.87
1459.00 0.269717 2.87
1460.00 0.269717 2.87
1461.00 0.269717 2.87
1462.00 0.269717 2.87
1463.00 0.269717 2.87
1464.00 0.269717 2.87
1465.00 0.269717 2.87
1466.00 0.269717 2.87
1467.00 0.269717 2.87
1468.00 0.269717 2.87
1469.00 0.269717 2.87
1470.00 0.269717 2.87
1471.00 0.269717 2.87
1472.00 0.269717 2.87
1473.00 0.269717 2.87
1474.00 0.269717 2.87
1475.00 0.269717 2.87
1476.00 0.269717 2.87
1477.00 0.269717 2.87
1478.00 0.269717 2.87
1479.00 0.269717 2.87
1480.00 0.269717 2.87
1481.00 0.269717 2.87
1482.00 0.269717 2.87
1483.00 0.269717 2.87
1484.00 0.269717 2.87
1485.00 0.269717 2.87
1486.00 0.269717 2.87
1487.00 0.269717 2.87
1488.00 0.269717 2.87
1489.00 0.269717 2.87
1490.00 0.269717 2.87
1491.00 0.269717 2.87
1492.00 0.269717 2.87
1493.00 0.269717 2.87
1494.00 0.269717 2.87
1495.00 0.269717 2.87
1496.00 0.269717 2.87
1497.00 0.269717 2.87
1498.00 0.269717 2.87
1499.00 0.269717 2.87
1500.00 0.269717 2.87
1501.00 0.269717 2.87
1502.00 0.269717 2.87
1503.00 0.269717 2.87
1504.00 0.269717 2.87
1505.00 0.269717 2.87
1506.00 0.269717 2.87
1507.00 0.269717 2.87
1508.00 0.269717 2.87
1509.00 0.269717 2.87
1510.00 0.269717 2.87
1511.00 0.269717 2.87
1512.00 0.269717 2.87
1513.00 0.269717 2.87
1514.00 0.269717 2.87
1515.00 0.269717 2.87
1516.00 0.269717 2.87
1517.00 0.269717 2.87
1518.00 0.269717 2.87
1519.00 0.269717 2.87
1520.00 0.269717 2.87
1521.00 0.269717 2.87
1522.00 0.269717 2.87
1523.00 0.269717 2.87
1524.00 0.269717 2.87
1525.00 0.269717 2.87
1526.00 0.269717 2.87
1527.00 0.269717 2.87
1528.00 0.269717 2.87
1529.00 0.269717 2.87
1530.00 0.269717 2.87
1531.00 0.269717 2.87
1532.00 0.269717 2.87
1533.00 0.269717 2.87
1534.00 0.269717 2.87
1535.00 0.269717 2.87
1536.00 0.269717 2.87
1537.00 0.269717 2.87
1538.00 0.269717 2.87
1539.00 0.269717 2.87
1540.00 0.269717 2.87
1541.00 0.269717 2.87
1542.00 0.269717 2.87
1543.00 0.269717 2.87
1544.00 0.269717 2.87
1545.00 0.269717 2.87
1546.00 0.269717 2.87
1547.00 0.269717 2.87
1548.00 0.269717 2.87
1549.00 0.269717 2.87
1550.00 0.269717 2.87
1551.00 0.269717 2.87
1552.00 0.269717 2.87
1553.00 0.269717 2.87
1554.00 0.269717 2.87
1555.00 0.269717 2.87
1556.00 0.269717 2.87
1557.00 0.269717 2.87
1558.00 0.269717 2.87
1559.00 0.269717 2.87
1560.00 0.269717 2.87
1561.00 0.269717 2.87
1562.00 0.269717 2.87
1563.00 0.269717 2.87
1564.00 0.269717 2.87
1565.00 0.269717 2.87
1566.00 0.269717 2.87
1567.00 0.269717 2.87
1568.00 0.269717 2.87
1569.00 0.269717 2.87
1570.00 0.269717 2.87
1571.00 0.269717 2.87
1572.00 0.269717 2.87
1573.00 0.269717 2.87
1574.00 0.269717 2.87
1575.00 0.269717 2.87
1576.00 0.269717 2.87
1577.00 0.269717 2.87
1578.00 0.269717 2.87
1579.00 0.269717 2.87
1580.00 0.269717 2.87
1581.00 0.269717 2.87
1582.00 0.269717 2.87
1583.00 0.269717 2.87
1584.00 0.269717 2.87
1585.00 0.269717 2.87
1586.00 0.269717 2.87
1587.00 0.269717 2.87
1588.00 0.269717 2.87
1589.00 0.269717 2.87
1590.00 0.269717 2.87
1591.00 0.269717 2.87
1592.00 0.269717 2.87
1593.00 0.269717 2.87
1594.00 0.269717 2.87
1595.00 0.269717 2.87
1596.00 0.269717 2.87
1597.00 0.269717 2.87
1598.00 0.269717 2.87
1599.00 0.269717 2.87
1600.00 0.269717 2.87
1601.00 0.269717 2.87
1602.00 0.269717 2.87
1603.00 0.269717 2.87
1604.00 0.269717 2.87
1605.00 0.269717 2.87
1606.00 0.269717 2.87
1607.00 0.269717 2.87
1608.00 0.269717 2.87
1609.00 0.269717 2.87
1610.00 0.269717 2.87
1611.00 0.269717 2.87
1612.00 0.269717 2.87
1613.00 0.269717 2.87
1614.00 0.269717 2.87
1615.00 0.269717 2.87
1616.00 0.269717 2.87
1617.00 0.269717 2.87
1618.00 0.269717 2.87
1619.00 0.269717 2.87
1620.00 0.269717 2.87
1621.00 0.269717 2.87
1622.00 0.269717 2.87
1623.00 0.269717 2.87
1624.00 0.269717 2.87
1625.00 0.269717 2.87
1626.00 0.269717 2.87
1627.00 0.269717 2.87
1628.00 0.269717 2.87
1629.00 0.269717 2.87
1630.00 0.269717 2.87
1631.00 0.269717 2.87
1632.00 0.269717 2.87
1633.00 0.269717 2.87
1634.00 0.269717 2.87
1635.00 0.269717 2.87
1636.00 0.269717 2.87
1637.00 0.269717 2.87
1638.00 0.269717 2.87
1639.00 0.269717 2.87
1640.00 0.269717 2.87
1641.00 0.269717 2.87
1642.00 0.269717 2.87
1643.00 0.269717 2.87
1644.00 0.269717 2.87
1645.00 0.269717 2.87
1646.00 0.269717 2.87
1647.00 0.269717 2.87
1648.00 0.269717 2.87
1649.00 0.269717 2.87
1650.00 0.269717 2.87
1651.00 0.269717 2.87
1652.00 0.269717 2.87
1653.00 0.269717 2.87
1654.00 0.269717 2.87
1655.00 0.269717 2.87
1656.00 0.269717 2.87
1657.00 0.269717 2.87
1658.00 0.269717 2.87
1659.00 0.269717 2.87
1660.00 0.269717 2.87
1661.00 0.269717 2.87
1662.00 0.269717 2.87
1663.00 0.269717 2.87
1664.00 0.269717 2.87
1665.00 0.269717 2.87
1666.00 0.269717 2.87
1667.00 0.269717 2.87
1668.00 0.269717 2.87
1669.00 0.269717 2.87
1670.00 0.269717 2.87
1671.00 0.269717 2.87
1672.00 0.269717 2.87
1673.00 0.269717 2.87
1674.00 0.269717 2.87
1675.00 0.269717 2.87
1676.00 0.269717 2.87
1677.00 0.269717 2.87
1678.00 0.269717 2.87
1679.00 0.269717 2.87
1680.00 0.269717 2.87
1681.00 0.269717 2.87
1682.00 0.269717 2.87
1683.00 0.269717 2.87
1684.00 0.269717 2.87
1685.00 0.269717 2.87
1686.00 0.269717 2.87
1687.00 0.269717 2.87
1688.00 0.269717 2.87
1689.00 0.269717 2.87
1690.00 0.269717 2.87
1691.00 0.269717 2.87
1692.00 0.269717 2.87
1693.00 0.269717 2.87
1694.00 0.269717 2.87
1695.00 0.269717 2.87
1696.00 0.269717 2.87
1697.00 0.269717 2.87
1698.00 0.269717 2.87
1699.00 0.269717 2.87
1700.00 0.269717 2.87
1701.00 0.269717 2.87
1702.00 0.269717 2.87
1703.00 0.269717 2.87
1704.00 0.269717 2.87
1705.00 0.269717 2.87
1706.00 0.269717 2.87
1707.00 0.269717 2.87
1708.00 0.269717 2.87
1709.00 0.269717 2.87
1710.00 0.269717 2.87
1711.00 0.269717 2.87
1712.00 0.269717 2.87
1713.00 0.269717 2.87
1714.00 0.269717 2.87
1715.00 0.269717 2.87
1716.00 0.269717 2.87
1717.00 0.269717 2.87
1718.00 0.269717 2.87
1719.00 0.269717 2.87
1720.00 0.269717 2.87
1721.00 0.269717 2.87
1722.00 0.269717 2.87
1723.00 0.269717 2.87
1724.00 0.269717 2.87
1725.00 0.269717 2.87
1726.00 0.269717 2.87
1727.00 0.269717 2.87
1728.00 0.269717 2.87
1729.00 0.269717 2.87
1730.00 0.269717 2.87
1731.00 0.269717 2.87
1732.00 0.269717 2.87
1733.00 0.269717 2.87
1734.00 0.269717 2.87
1735.00 0.269717 2.87
1736.00 0.269717 2.87
1737.00 0.269717 2.87
1738.00 0.269717 2.87
1739.00 0.269717 2.87
1740.00 0.269717 2.87
1741.00 0.269717 2.87
1742.00 0.269717 2.87
1743.00 0.269717 2.87
1744.00 0.269717 2.87
1745.00 0.269717 2.87
1746.00 0.269717 2.87
1747.00 0.269717 2.87
1748.00 0.269717 2.87
1749.00 0.269717 2.87
1750.00 0.269717 2.87
1751.00 0.269717 2.87
1752.00 0.269717 2.87
1753.00 0.269717 2.87
1754.00 0.269717 2.87
1755.00 0.269717 2.87
1756.00 0.269717 2.87
1757.00 0.269717 2.87
1758.00 0.269717 2.87
1759.00 0.269717 2.87
1760.00 0.269717 2.87
1761.00 0.269717 2.87
1762.00 0.269717 2.87
1763.00 0.269717 2.87
1764.00 0.269717 2.87
1765.00 0.269717 2.87
1766.00 0.269717 2.87
1767.00 0.269717 2.87
1768.00 0.269717 2.87
1769.00 0.269717 2.87
1770.00 0.269717 2.87
1771.00 0.269717 2.87
1772.00 0.269717 2.87
1773.00 0.269717 2.87
1774.00 0.269717 2.87
1775.00 0.269717 2.87
1776.00 0.269717 2.87
1777.00 0.269717 2.87
1778.00 0.269717 2.87
1779.00 0.269717 2.87
1780.00 0.269717 2.87
1781.00 0.269717 2.87
1782.00 0.269717 2.87
1783.00 0.269717 2.87
1784.00 0.269717 2.87
1785.00 0.269717 2.87
1786.00 0.269717 2.87
1787.00 0.269717 2.87
1788.00 0.269717 2.87
1789.00 0.269717 2.87
1790.00 0.269717 2.87
1791.00 0.269717 2.87
1792.00 0.269717 2.87
1793.00 0.269717 2.87
1794.00 0.269717 2.87
1795.00 0.269717 2.87
1796.00 0.269717 2.87
1797.00 0.269717 2.87
1798.00 0.269717 2.87
1799.00 0.269717 2.87
1800.00 0.269717 2.87
1801.00 0.269717 2.87
1802.00 0.269717 2.87
1803.00 0.269717 2.87
1804.00 0.269717 2.87
1805.00 0.269717 2.87
1806.00 0.269717 2.87
1807.00 0.269717 2.87
1808.00 0.269717 2.87
1809.00 0.269717 2.87
1810.00 0.269717 2.87
1811.00 0.269717 2.87
1812.00 0.269717 2.87
1813.00 0.269717 2.87
1814.00 0.269717 2.87
1815.00 0.269717 2.87
1816.00 0.269717 2.87
1817.00 0.269717 2.87
1818.00 0.269717 2.87
1819.00 0.269717 2.87
1820.00 0.269717 2.87
1821.00 0.269717 2.87
1822.00 0.269717 2.87
1823.00 0.269717 2.87
1824.00 0.269717 2.87
1825.00 0.269717 2.87
1826.00 0.269717 2.87
1827.00 0.269717 2.87
1828.00 0.269717 2.87
1829.00 0.269717 2.87
1830.00 0.269717 2.87
1831.00 0.269717 2.87
1832.00 0.269717 2.87
1833.00 0.269717 2.87
1834.00 0.269717 2.87
1835.00 0.269717 2.87
1836.00 0.269717 2.87
1837.00 0.269717 2.87
1838.00 0.269717 2.87
1839.00 0.269717 2.87
1840.00 0.269717 2.87
1841.00 0.269717 2.87
1842.00 0.269717 2.87
1843.00 0.269717 2.87
1844.00 0.269717 2.87
1845.00 0.269717 2.87
1846.00 0.269717 2.87
1847.00 0.269717 2.87
1848.00 0.269717 2.87
1849.00 0.269717 2.87
1850.00 0.269717 2.87
1851.00 0.269717 2.87
1852.00 0.269717 2.87
1853.00 0.269717 2.87
1854.00 0.269717 2.87
1855.00 0.269717 2.87
1856.00 0.269717 2.87
1857.00 0.269717 2.87
1858.00 0.269717 2.87
1859.00 0.269717 2.87
1860.00 0.269717 2.87
1861.00 0.269717 2.87
1862.00 0.269717 2.87
1863.00 0.269717 2.87
1864.00 0.269717 2.87
1865.00 0.269717 2.87
1866.00 0.269717 2.87
1867.00 0.269717 2.87
1868.00 0.269717 2.87
1869.00 0.269717 2.87
1870.00 0.269717 2.87
1871.00 0.269717 2.87
1872.00 0.269717 2.87
1873.00 0.269717 2.87
1874.00 0.269717 2.87
1875.00 0.269717 2.87
1876.00 0.269717 2.87
1877.00 0.269717 2.87
1878.00 0.269717 2.87
1879.00 0.269717 2.87
1880.00 0.269717 2.87
1881.00 0.269717 2.87
1882.00 0.269717 2.87
1883.00 0.269717 2.87
1884.00 0.269717 2.87
1885.00 0.269717 2.87
1886.00 0.269717 2.87
1887.00 0.269717 2.87
1888.00 0.269717 2.87
1889.00 0.269717 2.87
1890.00 0.269717 2.87
1891.00 0.269717 2.87
1892.00 0.269717 2.87
1893.00 0.269717 2.87
1894.00 0.269717 2.87
1895.00 0.269717 2.87
1896.00 0.269717 2.87
1897.00 0.269717 2.87
1898.00 0.269717 2.87
1899.00 0.269717 2.87
1900.00 0.269717 2.87
1901.00 0.269717 2.87
1902.00 0.269717 2.87
1903.00 0.269717 2.87
1904.00 0.269717 2.87
1905.00 0.269717 2.87
1906.00 0.269717 2.87
1907.00 0.269717 2.87
1908.00 0.269717 2.87
1909.00 0.269717 2.87
1910.00 0.269717 2.87
1911.00 0.269717 2.87
1912.00 0.269717 2.87
1913.00 0.269717 2.87
1914.00 0.269717 2.87
1915.00 0.269717 2.87
1916.00 0.269717 2.87
1917.00 0.269717 2.87
1918.00 0.269717 2.87
1919.00 0.269717 2.87
1920.00 0.269717 2.87
1921.00 0.269717 2.87
1922.00 0.269717 2.87
1923.00 0.269717 2.87
1924.00 0.269717 2.87
1925.00 0.269717 2.87
1926.00 0.269717 2.87
1927.00 0.269717 2.87
1928.00 0.269717 2.87
1929.00 0.269717 2.87
1930.00 0.269717 2.87
1931.00 0.269717 2.87
1932.00 0.269717 2.87
1933.00 0.269717 2.87
1934.00 0.269717 2.87
1935.00 0.269717 2.87
1936.00 0.269717 2.87
1937.00 0.269717 2.87
1938.00 0.269717 2.87
1939.00 0.269717 2.87
1940.00 0.269717 2.87
1941.00 0.269717 2.87
1942.00 0.269717 2.87
1943.00 0.269717 2.87
1944.00 0.269717 2.87
1945.00 0.269717 2.87
1946.00 0.269717 2.87
1947.00 0.269717 2.87
1948.00 0.269717 2.87
1949.00 0.269717 2.87
1950.00 0.269717 2.87
1951.00 0.269717 2.87
1952.00 0.269717 2.87
1953.00 0.269717 2.87
1954.00 0.269717 2.87
1955.00 0.269717 2.87
1956.00 0.269717 2.87
1957.00 0.269717 2.87
1958.00 0.269717 2.87
1959.00 0.269717 2.87
1960.00 0.269717 2.87
1961.00 0.269717 2.87
1962.00 0.269717 2.87
1963.00 0.269717 2.87
1964.00 0.269717 2.87
1965.00 0.269717 2.87
1966.00 0.269717 2.87
1967.00 0.269717 2.87
1968.00 0.269717 2.87
1969.00 0.269717 2.87
1970.00 0.269717 2.87
1971.00 0.269717 2.87
1972.00 0.269717 2.87
1973.00 0.269717 2.87
1974.00 0.269717 2.87
1975.00 0.269717 2.87
1976.00 0.269717 2.87
1977.00 0.269717 2.87
1978.00 0.269717 2.87
1979.00 0.269717 2.87
1980.00 0.269717 2.87
1981.00 0.269717 2.87
1982.00 0.269717 2.87
1983.00 0.269717 2.87
1984.00 0.269717 2.87
1985.00 0.269717 2.87
1986.00 0.269717 2.87
1987.00 0.269717 2.87
1988.00 0.269717 2.87
1989.00 0.269717 2.87
1990.00 0.269717 2.87
1991.00 0.269717 2.87
1992.00 0.269717 2.87
1993.00 0.269717 2.87
1994.00 0.269717 2.87
1995.00 0.269717 2.87
1996.00 0.269717 2.87
1997.00 0.269717 2.87
1998.00 0.269717 2.87
1999.00 0.269717 2.87
2000.00 0.269717 2.87
