0.00 1.030056 8.08
1.00 1.027660 8.08
2.00 1.025251 8.08
3.00 1.022828 8.08
4.00 1.020392 8.08
5.00 1.017942 8.08
6.00 1.015478 8.08
7.00 1.012999 8.08
8.00 1.010505 8.08
9.00 1.007996 8.08
10.00 1.005470 8.08
11.00 1.002928 8.08
12.00 1.000369 8.08
13.00 0.997791 8.08
14.00 0.995195 8.08
15.00 0.992579 8.08
16.00 0.989956 8.07
17.00 0.987316 8.07
18.00 0.984681 8.06
19.00 0.982034 8.06
20.00 0.979448 8.03
21.00 0.976870 8.03
22.00 0.974281 8.03
23.00 0.971680 8.03
24.00 0.969108 8.00
25.00 0.966563 8.00
26.00 0.964038 7.99
27.00 0.961519 7.99
28.00 0.958989 7.99
29.00 0.956445 7.99
30.00 0.953887 7.99
31.00 0.951352 7.96
32.00 0.948854 7.96
33.00 0.946353 7.95
34.00 0.943841 7.95
35.00 0.941330 7.93
36.00 0.938836 7.93
37.00 0.936335 7.92
38.00 0.933817 7.92
39.00 0.931355 7.89
40.00 0.928926 7.88
41.00 0.926521 7.88
42.00 0.924129 7.87
43.00 0.921732 7.87
44.00 0.919326 7.86
45.00 0.916907 7.86
46.00 0.914471 7.86
47.00 0.912054 7.84
48.00 0.909680 7.83
49.00 0.907358 7.81
50.00 0.905057 7.81
51.00 0.902785 7.79
52.00 0.900543 7.79
53.00 0.898288 7.79
54.00 0.896019 7.79
55.00 0.893733 7.79
56.00 0.891438 7.78
57.00 0.889189 7.74
58.00 0.886974 7.73
59.00 0.884768 7.73
60.00 0.882583 7.71
61.00 0.880419 7.71
62.00 0.878245 7.70
63.00 0.876088 7.69
64.00 0.873935 7.66
65.00 0.871838 7.64
66.00 0.869788 7.62
67.00 0.867785 7.62
68.00 0.865774 7.62
69.00 0.863803 7.61
70.00 0.861823 7.61
71.00 0.859869 7.58
72.00 0.857961 7.57
73.00 0.856079 7.57
74.00 0.854190 7.57
75.00 0.852306 7.56
76.00 0.850441 7.55
77.00 0.848585 7.54
78.00 0.846765 7.53
79.00 0.844956 7.52
80.00 0.843194 7.51
81.00 0.841470 7.50
82.00 0.839748 7.50
83.00 0.838019 7.50
84.00 0.836280 7.50
85.00 0.834543 7.49
86.00 0.832830 7.49
87.00 0.831113 7.48
88.00 0.829389 7.48
89.00 0.827661 7.47
90.00 0.825921 7.47
91.00 0.824168 7.47
92.00 0.822402 7.47
93.00 0.820659 7.45
94.00 0.818977 7.42
95.00 0.817341 7.41
96.00 0.815713 7.41
97.00 0.814082 7.40
98.00 0.812478 7.38
99.00 0.810900 7.38
100.00 0.809316 7.38
101.00 0.807725 7.37
102.00 0.806137 7.37
103.00 0.804582 7.36
104.00 0.803020 7.35
105.00 0.801468 7.34
106.00 0.799941 7.33
107.00 0.798423 7.33
108.00 0.796897 7.33
109.00 0.795362 7.33
110.00 0.793856 7.31
111.00 0.792377 7.31
112.00 0.790896 7.30
113.00 0.789418 7.30
114.00 0.787950 7.29
115.00 0.786503 7.28
116.00 0.785085 7.27
117.00 0.783702 7.25
118.00 0.782356 7.25
119.00 0.781025 7.24
120.00 0.779715 7.23
121.00 0.778410 7.23
122.00 0.777109 7.22
123.00 0.775814 7.22
124.00 0.774515 7.22
125.00 0.773212 7.22
126.00 0.771924 7.20
127.00 0.770658 7.19
128.00 0.769433 7.18
129.00 0.768245 7.17
130.00 0.767062 7.16
131.00 0.765917 7.16
132.00 0.764771 7.16
133.00 0.763622 7.16
134.00 0.762478 7.14
135.00 0.761352 7.14
136.00 0.760225 7.13
137.00 0.759105 7.13
138.00 0.757985 7.12
139.00 0.756905 7.11
140.00 0.755840 7.10
141.00 0.754796 7.09
142.00 0.753767 7.08
143.00 0.752739 7.08
144.00 0.751711 7.07
145.00 0.750698 7.07
146.00 0.749683 7.07
147.00 0.748667 7.07
148.00 0.747667 7.06
149.00 0.746686 7.06
150.00 0.745703 7.06
151.00 0.744753 7.05
152.00 0.743825 7.04
153.00 0.742917 7.03
154.00 0.742011 7.03
155.00 0.741104 7.03
156.00 0.740195 7.03
157.00 0.739283 7.03
158.00 0.738368 7.03
159.00 0.737449 7.03
160.00 0.736525 7.03
161.00 0.735596 7.03
162.00 0.734662 7.03
163.00 0.733722 7.03
164.00 0.732797 7.02
165.00 0.731882 7.02
166.00 0.730974 7.01
167.00 0.730089 7.01
168.00 0.729200 7.01
169.00 0.728308 7.01
170.00 0.727415 7.00
171.00 0.726537 7.00
172.00 0.725655 7.00
173.00 0.724768 7.00
174.00 0.723887 6.99
175.00 0.723009 6.99
176.00 0.722127 6.98
177.00 0.721271 6.98
178.00 0.720412 6.98
179.00 0.719575 6.97
180.00 0.718743 6.96
181.00 0.717910 6.96
182.00 0.717074 6.96
183.00 0.716235 6.96
184.00 0.715400 6.95
185.00 0.714592 6.95
186.00 0.713802 6.94
187.00 0.713012 6.94
188.00 0.712220 6.94
189.00 0.711426 6.94
190.00 0.710629 6.94
191.00 0.709832 6.93
192.00 0.709032 6.93
193.00 0.708239 6.92
194.00 0.707450 6.92
195.00 0.706657 6.92
196.00 0.705861 6.92
197.00 0.705062 6.92
198.00 0.704258 6.92
199.00 0.703451 6.92
200.00 0.702647 6.91
201.00 0.701848 6.91
202.00 0.701046 6.90
203.00 0.700276 6.88
204.00 0.699529 6.88
205.00 0.698803 6.87
206.00 0.698083 6.87
207.00 0.697364 6.87
208.00 0.696646 6.87
209.00 0.695945 6.86
210.00 0.695257 6.86
211.00 0.694572 6.84
212.00 0.693897 6.84
213.00 0.693223 6.84
214.00 0.692555 6.83
215.00 0.691894 6.82
216.00 0.691241 6.82
217.00 0.690595 6.81
218.00 0.689959 6.81
219.00 0.689325 6.81
220.00 0.688692 6.81
221.00 0.688061 6.81
222.00 0.687429 6.81
223.00 0.686798 6.80
224.00 0.686182 6.79
225.00 0.685590 6.79
226.00 0.684999 6.79
227.00 0.684410 6.79
228.00 0.683820 6.79
229.00 0.683239 6.78
230.00 0.682663 6.78
231.00 0.682087 6.78
232.00 0.681511 6.78
233.00 0.680941 6.77
234.00 0.680378 6.76
235.00 0.679833 6.75
236.00 0.679295 6.74
237.00 0.678758 6.74
238.00 0.678224 6.74
239.00 0.677691 6.74
240.00 0.677178 6.73
241.00 0.676673 6.73
242.00 0.676171 6.73
243.00 0.675696 6.72
244.00 0.675228 6.72
245.00 0.674768 6.71
246.00 0.674313 6.71
247.00 0.673859 6.71
248.00 0.673407 6.71
249.00 0.672957 6.71
250.00 0.672523 6.70
251.00 0.672105 6.69
252.00 0.671696 6.69
253.00 0.671288 6.69
254.00 0.670883 6.69
255.00 0.670480 6.69
256.00 0.670078 6.69
257.00 0.669677 6.69
258.00 0.669276 6.69
259.00 0.668876 6.69
260.00 0.668477 6.69
261.00 0.668077 6.69
262.00 0.667677 6.69
263.00 0.667276 6.69
264.00 0.666875 6.69
265.00 0.666473 6.69
266.00 0.666070 6.69
267.00 0.665666 6.69
268.00 0.665260 6.69
269.00 0.664854 6.69
270.00 0.664445 6.69
271.00 0.664035 6.69
272.00 0.663625 6.68
273.00 0.663219 6.67
274.00 0.662816 6.67
275.00 0.662412 6.67
276.00 0.662024 6.66
277.00 0.661643 6.66
278.00 0.661263 6.66
279.00 0.660883 6.66
280.00 0.660504 6.66
281.00 0.660126 6.66
282.00 0.659759 6.65
283.00 0.659431 6.64
284.00 0.659110 6.64
285.00 0.658791 6.64
286.00 0.658475 6.64
287.00 0.658161 6.64
288.00 0.657848 6.64
289.00 0.657538 6.64
290.00 0.657228 6.64
291.00 0.656919 6.64
292.00 0.656611 6.64
293.00 0.656306 6.63
294.00 0.656006 6.62
295.00 0.655708 6.62
296.00 0.655412 6.62
297.00 0.655116 6.62
298.00 0.654821 6.62
299.00 0.654526 6.62
300.00 0.654232 6.62
301.00 0.653937 6.62
302.00 0.653646 6.61
303.00 0.653356 6.61
304.00 0.653067 6.61
305.00 0.652776 6.61
306.00 0.652486 6.61
307.00 0.652194 6.61
308.00 0.651902 6.61
309.00 0.651610 6.61
310.00 0.651316 6.61
311.00 0.651021 6.61
312.00 0.650743 6.60
313.00 0.650465 6.60
314.00 0.650188 6.60
315.00 0.649911 6.60
316.00 0.649635 6.60
317.00 0.649358 6.60
318.00 0.649081 6.59
319.00 0.648806 6.59
320.00 0.648531 6.59
321.00 0.648258 6.57
322.00 0.647991 6.57
323.00 0.647741 6.56
324.00 0.647492 6.56
325.00 0.647246 6.55
326.00 0.647004 6.55
327.00 0.646763 6.55
328.00 0.646541 6.54
329.00 0.646326 6.54
330.00 0.646114 6.54
331.00 0.645906 6.53
332.00 0.645702 6.53
333.00 0.645500 6.53
334.00 0.645300 6.53
335.00 0.645100 6.52
336.00 0.644904 6.52
337.00 0.644710 6.52
338.00 0.644517 6.52
339.00 0.644324 6.52
340.00 0.644133 6.52
341.00 0.643943 6.52
342.00 0.643753 6.52
343.00 0.643564 6.52
344.00 0.643376 6.52
345.00 0.643188 6.52
346.00 0.643001 6.52
347.00 0.642819 6.50
348.00 0.642641 6.50
349.00 0.642464 6.50
350.00 0.642287 6.50
351.00 0.642111 6.50
352.00 0.641935 6.50
353.00 0.641760 6.50
354.00 0.641584 6.50
355.00 0.641409 6.50
356.00 0.641234 6.50
357.00 0.641071 6.49
358.00 0.640910 6.49
359.00 0.640749 6.49
360.00 0.640590 6.48
361.00 0.640433 6.48
362.00 0.640276 6.48
363.00 0.640121 6.48
364.00 0.639966 6.48
365.00 0.639812 6.48
366.00 0.639663 6.47
367.00 0.639515 6.47
368.00 0.639367 6.47
369.00 0.639220 6.47
370.00 0.639073 6.47
371.00 0.638927 6.47
372.00 0.638780 6.47
373.00 0.638636 6.46
374.00 0.638495 6.45
375.00 0.638355 6.45
376.00 0.638217 6.45
377.00 0.638079 6.45
378.00 0.637942 6.45
379.00 0.637806 6.45
380.00 0.637670 6.45
381.00 0.637535 6.45
382.00 0.637400 6.45
383.00 0.637267 6.45
384.00 0.637133 6.45
385.00 0.637000 6.45
386.00 0.636868 6.45
387.00 0.636736 6.45
388.00 0.636604 6.45
389.00 0.636486 6.44
390.00 0.636374 6.44
391.00 0.636264 6.44
392.00 0.636155 6.44
393.00 0.636047 6.44
394.00 0.635945 6.43
395.00 0.635850 6.43
396.00 0.635756 6.43
397.00 0.635664 6.43
398.00 0.635573 6.43
399.00 0.635484 6.43
400.00 0.635395 6.43
401.00 0.635308 6.43
402.00 0.635222 6.43
403.00 0.635137 6.43
404.00 0.635053 6.43
405.00 0.634970 6.43
406.00 0.634888 6.43
407.00 0.634807 6.43
408.00 0.634727 6.43
409.00 0.634647 6.43
410.00 0.634568 6.43
411.00 0.634491 6.43
412.00 0.634413 6.43
413.00 0.634337 6.43
414.00 0.634262 6.43
415.00 0.634187 6.43
416.00 0.634113 6.43
417.00 0.634039 6.43
418.00 0.633966 6.43
419.00 0.633894 6.43
420.00 0.633823 6.43
421.00 0.633752 6.43
422.00 0.633682 6.43
423.00 0.633612 6.43
424.00 0.633543 6.43
425.00 0.633474 6.43
426.00 0.633406 6.43
427.00 0.633339 6.43
428.00 0.633272 6.43
429.00 0.633206 6.43
430.00 0.633140 6.43
431.00 0.633075 6.43
432.00 0.633010 6.43
433.00 0.632945 6.43
434.00 0.632881 6.43
435.00 0.632818 6.43
436.00 0.632755 6.43
437.00 0.632693 6.43
438.00 0.632630 6.43
439.00 0.632569 6.43
440.00 0.632509 6.42
441.00 0.632452 6.42
442.00 0.632396 6.42
443.00 0.632341 6.42
444.00 0.632286 6.42
445.00 0.632232 6.42
446.00 0.632178 6.42
447.00 0.632125 6.42
448.00 0.632073 6.42
449.00 0.632021 6.42
450.00 0.631970 6.42
451.00 0.631919 6.42
452.00 0.631869 6.42
453.00 0.631819 6.42
454.00 0.631770 6.42
455.00 0.631721 6.42
456.00 0.631672 6.42
457.00 0.631624 6.42
458.00 0.631576 6.42
459.00 0.631529 6.42
460.00 0.631482 6.42
461.00 0.631436 6.42
462.00 0.631390 6.42
463.00 0.631344 6.42
464.00 0.631299 6.42
465.00 0.631254 6.42
466.00 0.631210 6.42
467.00 0.631165 6.42
468.00 0.631122 6.42
469.00 0.631078 6.42
470.00 0.631035 6.42
471.00 0.630992 6.41
472.00 0.630950 6.41
473.00 0.630908 6.41
474.00 0.630867 6.41
475.00 0.630825 6.41
476.00 0.630785 6.41
477.00 0.630744 6.41
478.00 0.630704 6.41
479.00 0.630664 6.41
480.00 0.630624 6.41
481.00 0.630584 6.41
482.00 0.630545 6.41
483.00 0.630506 6.41
484.00 0.630468 6.41
485.00 0.630430 6.41
486.00 0.630392 6.41
487.00 0.630354 6.41
488.00 0.630316 6.41
489.00 0.630279 6.41
490.00 0.630242 6.41
491.00 0.630205 6.41
492.00 0.630169 6.41
493.00 0.630132 6.41
494.00 0.630096 6.41
495.00 0.630061 6.41
496.00 0.630025 6.41
497.00 0.629990 6.41
498.00 0.629955 6.41
499.00 0.629920 6.41
500.00 0.629885 6.41
501.00 0.629850 6.41
502.00 0.629816 6.41
503.00 0.629782 6.41
504.00 0.629748 6.41
505.00 0.629714 6.41
506.00 0.629681 6.41
507.00 0.629647 6.41
508.00 0.629614 6.41
509.00 0.629581 6.41
510.00 0.629549 6.41
511.00 0.629516 6.41
512.00 0.629484 6.41
513.00 0.629451 6.41
514.00 0.629419 6.41
515.00 0.629387 6.41
516.00 0.629355 6.41
517.00 0.629324 6.41
518.00 0.629292 6.41
519.00 0.629261 6.41
520.00 0.629230 6.41
521.00 0.629199 6.41
522.00 0.629168 6.41
523.00 0.629137 6.41
524.00 0.629107 6.41
525.00 0.629076 6.41
526.00 0.629046 6.41
527.00 0.629015 6.41
528.00 0.628985 6.41
529.00 0.628955 6.41
530.00 0.628926 6.41
531.00 0.628896 6.41
532.00 0.628866 6.41
533.00 0.628837 6.41
534.00 0.628807 6.41
535.00 0.628778 6.41
536.00 0.628749 6.41
537.00 0.628720 6.41
538.00 0.628691 6.41
539.00 0.628662 6.41
540.00 0.628633 6.41
541.00 0.628605 6.41
542.00 0.628576 6.41
543.00 0.628548 6.41
544.00 0.628519 6.41
545.00 0.628491 6.41
546.00 0.628463 6.41
547.00 0.628435 6.41
548.00 0.628407 6.41
549.00 0.628379 6.41
550.00 0.628351 6.41
551.00 0.628323 6.41
552.00 0.628295 6.41
553.00 0.628268 6.41
554.00 0.628240 6.41
555.00 0.628213 6.41
556.00 0.628186 6.41
557.00 0.628158 6.41
558.00 0.628131 6.41
559.00 0.628104 6.41
560.00 0.628077 6.41
561.00 0.628050 6.41
562.00 0.628023 6.41
563.00 0.627996 6.41
564.00 0.627969 6.41
565.00 0.627942 6.41
566.00 0.627916 6.41
567.00 0.627889 6.41
568.00 0.627862 6.41
569.00 0.627836 6.41
570.00 0.627810 6.41
571.00 0.627783 6.41
572.00 0.627757 6.41
573.00 0.627731 6.41
574.00 0.627704 6.41
575.00 0.627678 6.41
576.00 0.627652 6.41
577.00 0.627626 6.41
578.00 0.627600 6.41
579.00 0.627574 6.41
580.00 0.627548 6.41
581.00 0.627522 6.41
582.00 0.627497 6.41
583.00 0.627471 6.41
584.00 0.627445 6.41
585.00 0.627419 6.41
586.00 0.627394 6.41
587.00 0.627368 6.41
588.00 0.627343 6.41
589.00 0.627317 6.41
590.00 0.627292 6.41
591.00 0.627266 6.41
592.00 0.627241 6.41
593.00 0.627216 6.41
594.00 0.627190 6.41
595.00 0.627165 6.41
596.00 0.627140 6.41
597.00 0.627115 6.41
598.00 0.627090 6.41
599.00 0.627064 6.41
600.00 0.627039 6.41
601.00 0.627014 6.41
602.00 0.626991 6.40
603.00 0.626971 6.40
604.00 0.626952 6.40
605.00 0.626933 6.40
606.00 0.626914 6.40
607.00 0.626895 6.40
608.00 0.626877 6.40
609.00 0.626859 6.40
610.00 0.626841 6.40
611.00 0.626823 6.40
612.00 0.626806 6.40
613.00 0.626788 6.40
614.00 0.626771 6.40
615.00 0.626754 6.40
616.00 0.626737 6.40
617.00 0.626721 6.40
618.00 0.626704 6.40
619.00 0.626688 6.40
620.00 0.626672 6.40
621.00 0.626656 6.40
622.00 0.626640 6.40
623.00 0.626625 6.40
624.00 0.626609 6.40
625.00 0.626594 6.40
626.00 0.626579 6.40
627.00 0.626564 6.40
628.00 0.626549 6.40
629.00 0.626534 6.40
630.00 0.626520 6.40
631.00 0.626505 6.40
632.00 0.626491 6.40
633.00 0.626477 6.40
634.00 0.626462 6.40
635.00 0.626449 6.40
636.00 0.626435 6.40
637.00 0.626421 6.40
638.00 0.626407 6.40
639.00 0.626394 6.40
640.00 0.626380 6.40
641.00 0.626367 6.40
642.00 0.626354 6.40
643.00 0.626341 6.40
644.00 0.626328 6.40
645.00 0.626315 6.40
646.00 0.626302 6.40
647.00 0.626290 6.40
648.00 0.626277 6.40
649.00 0.626265 6.40
650.00 0.626252 6.40
651.00 0.626240 6.40
652.00 0.626228 6.40
653.00 0.626216 6.40
654.00 0.626204 6.40
655.00 0.626192 6.40
656.00 0.626180 6.40
657.00 0.626168 6.40
658.00 0.626157 6.40
659.00 0.626145 6.40
660.00 0.626134 6.40
661.00 0.626122 6.39
662.00 0.626111 6.39
663.00 0.626100 6.39
664.00 0.626089 6.39
665.00 0.626079 6.39
666.00 0.626068 6.39
667.00 0.626057 6.39
668.00 0.626047 6.39
669.00 0.626037 6.38
670.00 0.626027 6.38
671.00 0.626017 6.38
672.00 0.626007 6.38
673.00 0.625997 6.38
674.00 0.625988 6.38
675.00 0.625978 6.38
676.00 0.625969 6.38
677.00 0.625960 6.38
678.00 0.625951 6.38
679.00 0.625942 6.38
680.00 0.625933 6.38
681.00 0.625924 6.38
682.00 0.625915 6.38
683.00 0.625907 6.38
684.00 0.625898 6.38
685.00 0.625890 6.38
686.00 0.625882 6.38
687.00 0.625873 6.38
688.00 0.625865 6.38
689.00 0.625857 6.38
690.00 0.625849 6.38
691.00 0.625841 6.38
692.00 0.625834 6.38
693.00 0.625826 6.38
694.00 0.625818 6.38
695.00 0.625811 6.38
696.00 0.625804 6.38
697.00 0.625796 6.38
698.00 0.625789 6.38
699.00 0.625782 6.38
700.00 0.625775 6.38
701.00 0.625768 6.38
702.00 0.625761 6.38
703.00 0.625754 6.38
704.00 0.625747 6.38
705.00 0.625740 6.38
706.00 0.625733 6.38
707.00 0.625727 6.38
708.00 0.625720 6.38
709.00 0.625714 6.38
710.00 0.625707 6.38
711.00 0.625701 6.38
712.00 0.625695 6.38
713.00 0.625689 6.38
714.00 0.625683 6.38
715.00 0.625676 6.38
716.00 0.625670 6.38
717.00 0.625665 6.38
718.00 0.625659 6.38
719.00 0.625653 6.38
720.00 0.625647 6.38
721.00 0.625641 6.38
722.00 0.625636 6.38
723.00 0.625630 6.38
724.00 0.625625 6.38
725.00 0.625619 6.38
726.00 0.625614 6.38
727.00 0.625608 6.38
728.00 0.625603 6.38
729.00 0.625598 6.38
730.00 0.625592 6.38
731.00 0.625587 6.38
732.00 0.625582 6.38
733.00 0.625577 6.38
734.00 0.625572 6.38
735.00 0.625567 6.38
736.00 0.625562 6.38
737.00 0.625557 6.38
738.00 0.625553 6.38
739.00 0.625548 6.38
740.00 0.625543 6.38
741.00 0.625538 6.38
742.00 0.625534 6.38
743.00 0.625529 6.38
744.00 0.625525 6.38
745.00 0.625520 6.38
746.00 0.625516 6.38
747.00 0.625511 6.38
748.00 0.625507 6.38
749.00 0.625503 6.38
750.00 0.625498 6.38
751.00 0.625494 6.38
752.00 0.625490 6.38
753.00 0.625486 6.38
754.00 0.625482 6.38
755.00 0.625478 6.38
756.00 0.625474 6.38
757.00 0.625470 6.38
758.00 0.625466 6.38
759.00 0.625462 6.38
760.00 0.625458 6.38
761.00 0.625454 6.38
762.00 0.625450 6.38
763.00 0.625447 6.38
764.00 0.625443 6.38
765.00 0.625439 6.38
766.00 0.625436 6.38
767.00 0.625432 6.38
768.00 0.625428 6.38
769.00 0.625425 6.38
770.00 0.625421 6.38
771.00 0.625418 6.38
772.00 0.625414 6.38
773.00 0.625411 6.38
774.00 0.625408 6.38
775.00 0.625404 6.38
776.00 0.625401 6.38
777.00 0.625398 6.38
778.00 0.625394 6.38
779.00 0.625391 6.38
780.00 0.625388 6.38
781.00 0.625385 6.38
782.00 0.625382 6.38
783.00 0.625379 6.38
784.00 0.625376 6.38
785.00 0.625373 6.38
786.00 0.625370 6.38
787.00 0.625367 6.38
788.00 0.625364 6.38
789.00 0.625361 6.38
790.00 0.625358 6.38
791.00 0.625355 6.38
792.00 0.625352 6.38
793.00 0.625349 6.38
794.00 0.625347 6.38
795.00 0.625344 6.38
796.00 0.625341 6.38
797.00 0.625338 6.38
798.00 0.625336 6.38
799.00 0.625333 6.38
800.00 0.625330 6.38
801.00 0.625328 6.38
802.00 0.625325 6.38
803.00 0.625323 6.38
804.00 0.625320 6.38
805.00 0.625318 6.38
806.00 0.625315 6.38
807.00 0.625313 6.38
808.00 0.625310 6.38
809.00 0.625308 6.38
810.00 0.625306 6.38
811.00 0.625303 6.38
812.00 0.625301 6.38
813.00 0.625299 6.38
814.00 0.625296 6.38
815.00 0.625294 6.38
816.00 0.625292 6.38
817.00 0.625290 6.38
818.00 0.625287 6.38
819.00 0.625285 6.38
820.00 0.625283 6.38
821.00 0.625281 6.38
822.00 0.625279 6.38
823.00 0.625277 6.38
824.00 0.625274 6.38
825.00 0.625272 6.38
826.00 0.625270 6.38
827.00 0.625268 6.38
828.00 0.625266 6.38
829.00 0.625264 6.38
830.00 0.625262 6.38
831.00 0.625260 6.38
832.00 0.625259 6.38
833.00 0.625257 6.38
834.00 0.625255 6.38
835.00 0.625253 6.38
836.00 0.625251 6.38
837.00 0.625249 6.38
838.00 0.625247 6.38
839.00 0.625246 6.38
840.00 0.625244 6.38
841.00 0.625242 6.38
842.00 0.625240 6.38
843.00 0.625238 6.38
844.00 0.625237 6.38
845.00 0.625235 6.38
846.00 0.625233 6.38
847.00 0.625232 6.38
848.00 0.625230 6.38
849.00 0.625228 6.38
850.00 0.625227 6.38
851.00 0.625225 6.38
852.00 0.625224 6.38
853.00 0.625222 6.38
854.00 0.625220 6.38
855.00 0.625219 6.38
856.00 0.625217 6.38
857.00 0.625216 6.38
858.00 0.625214 6.38
859.00 0.625213 6.38
860.00 0.625211 6.38
861.00 0.625210 6.38
862.00 0.625208 6.38
863.00 0.625207 6.38
864.00 0.625206 6.38
865.00 0.625204 6.38
866.00 0.625203 6.38
867.00 0.625201 6.38
868.00 0.625200 6.38
869.00 0.625199 6.38
870.00 0.625197 6.38
871.00 0.625196 6.38
872.00 0.625195 6.38
873.00 0.625193 6.38
874.00 0.625192 6.38
875.00 0.625191 6.38
876.00 0.625190 6.38
877.00 0.625188 6.38
878.00 0.625187 6.38
879.00 0.625186 6.38
880.00 0.625185 6.38
881.00 0.625183 6.38
882.00 0.625182 6.38
883.00 0.625181 6.38
884.00 0.625180 6.38
885.00 0.625179 6.38
886.00 0.625178 6.38
887.00 0.625176 6.38
888.00 0.625175 6.38
889.00 0.625174 6.38
890.00 0.625173 6.38
891.00 0.625172 6.38
892.00 0.625171 6.38
893.00 0.625170 6.38
894.00 0.625169 6.38
895.00 0.625168 6.38
896.00 0.625167 6.38
897.00 0.625166 6.38
898.00 0.625165 6.38
899.00 0.625164 6.38
900.00 0.625163 6.38
901.00 0.625162 6.38
902.00 0.625161 6.38
903.00 0.625160 6.38
904.00 0.625159 6.38
905.00 0.625158 6.38
906.00 0.625157 6.38
907.00 0.625156 6.38
908.00 0.625155 6.38
909.00 0.625154 6.38
910.00 0.625153 6.38
911.00 0.625152 6.38
912.00 0.625151 6.38
913.00 0.625150 6.38
914.00 0.625149 6.38
915.00 0.625149 6.38
916.00 0.625148 6.38
917.00 0.625147 6.38
918.00 0.625146 6.38
919.00 0.625145 6.38
920.00 0.625144 6.38
921.00 0.625144 6.38
922.00 0.625143 6.38
923.00 0.625142 6.38
924.00 0.625141 6.38
925.00 0.625140 6.38
926.00 0.625140 6.38
927.00 0.625139 6.38
928.00 0.625138 6.38
929.00 0.625137 6.38
930.00 0.625136 6.38
931.00 0.625136 6.38
932.00 0.625135 6.38
933.00 0.625134 6.38
934.00 0.625134 6.38
935.00 0.625133 6.38
936.00 0.625132 6.38
937.00 0.625131 6.38
938.00 0.625131 6.38
939.00 0.625130 6.38
940.00 0.625129 6.38
941.00 0.625129 6.38
942.00 0.625128 6.38
943.00 0.625127 6.38
944.00 0.625127 6.38
945.00 0.625126 6.38
946.00 0.625125 6.38
947.00 0.625125 6.38
948.00 0.625124 6.38
949.00 0.625123 6.38
950.00 0.625123 6.38
951.00 0.625122 6.38
952.00 0.625122 6.38
953.00 0.625121 6.38
954.00 0.625120 6.38
955.00 0.625120 6.38
956.00 0.625119 6.38
957.00 0.625119 6.38
958.00 0.625118 6.38
959.00 0.625117 6.38
960.00 0.625117 6.38
961.00 0.625116 6.38
962.00 0.625116 6.38
963.00 0.625115 6.38
964.00 0.625115 6.38
965.00 0.625114 6.38
966.00 0.625114 6.38
967.00 0.625113 6.38
968.00 0.625113 6.38
969.00 0.625112 6.38
970.00 0.625112 6.38
971.00 0.625111 6.38
972.00 0.625110 6.38
973.00 0.625110 6.38
974.00 0.625109 6.38
975.00 0.625109 6.38
976.00 0.625109 6.38
977.00 0.625108 6.38
978.00 0.625108 6.38
979.00 0.625107 6.38
980.00 0.625107 6.38
981.00 0.625106 6.38
982.00 0.625106 6.38
983.00 0.625105 6.38
984.00 0.625105 6.38
985.00 0.625104 6.38
986.00 0.625104 6.38
987.00 0.625103 6.38
988.00 0.625103 6.38
989.00 0.625103 6.38
990.00 0.625102 6.38
991.00 0.625102 6.38
992.00 0.625101 6.38
993.00 0.625101 6.38
994.00 0.625101 6.38
995.00 0.625100 6.38
996.00 0.625100 6.38
997.00 0.625099 6.38
998.00 0.625099 6.38
999.00 0.625099 6.38
1000.00 0.625098 6.38
1001.00 0.625098 6.38
1002.00 0.625097 6.38
1003.00 0.625097 6.38
1004.00 0.625097 6.38
1005.00 0.625096 6.38
1006.00 0.625096 6.38
1007.00 0.625096 6.38
1008.00 0.625095 6.38
1009.00 0.625095 6.38
1010.00 0.625094 6.38
1011.00 0.625094 6.38
1012.00 0.625094 6.38
1013.00 0.625093 6.38
1014.00 0.625093 6.38
1015.00 0.625093 6.38
1016.00 0.625092 6.38
1017.00 0.625092 6.38
1018.00 0.625092 6.38
1019.00 0.625091 6.38
1020.00 0.625091 6.38
1021.00 0.625091 6.38
1022.00 0.625091 6.38
1023.00 0.625090 6.38
1024.00 0.625090 6.38
1025.00 0.625090 6.38
1026.00 0.625089 6.38
1027.00 0.625089 6.38
1028.00 0.625089 6.38
1029.00 0.625088 6.38
1030.00 0.625088 6.38
1031.00 0.625088 6.38
1032.00 0.625088 6.38
1033.00 0.625087 6.38
1034.00 0.625087 6.38
1035.00 0.625087 6.38
1036.00 0.625086 6.38
1037.00 0.625086 6.38
1038.00 0.625086 6.38
1039.00 0.625086 6.38
1040.00 0.625085 6.38
1041.00 0.625085 6.38
1042.00 0.625085 6.38
1043.00 0.625085 6.38
1044.00 0.625084 6.38
1045.00 0.625084 6.38
1046.00 0.625084 6.38
1047.00 0.625084 6.38
1048.00 0.625083 6.38
1049.00 0.625083 6.38
1050.00 0.625083 6.38
1051.00 0.625083 6.38
1052.00 0.625082 6.38
1053.00 0.625082 6.38
1054.00 0.625082 6.38
1055.00 0.625082 6.38
1056.00 0.625081 6.38
1057.00 0.625081 6.38
1058.00 0.625081 6.38
1059.00 0.625081 6.38
1060.00 0.625081 6.38
1061.00 0.625080 6.38
1062.00 0.625080 6.38
1063.00 0.625080 6.38
1064.00 0.625080 6.38
1065.00 0.625080 6.38
1066.00 0.625079 6.38
1067.00 0.625079 6.38
1068.00 0.625079 6.38
1069.00 0.625079 6.38
1070.00 0.625078 6.38
1071.00 0.625078 6.38
1072.00 0.625078 6.38
1073.00 0.625078 6.38
1074.00 0.625078 6.38
1075.00 0.625078 6.38
1076.00 0.625077 6.38
1077.00 0.625077 6.38
1078.00 0.625077 6.38
1079.00 0.625077 6.38
1080.00 0.625077 6.38
1081.00 0.625076 6.38
1082.00 0.625076 6.38
1083.00 0.625076 6.38
1084.00 0.625076 6.38
1085.00 0.625076 6.38
1086.00 0.625076 6.38
1087.00 0.625075 6.38
1088.00 0.625075 6.38
1089.00 0.625075 6.38
1090.00 0.625075 6.38
1091.00 0.625075 6.38
1092.00 0.625075 6.38
1093.00 0.625074 6.38
1094.00 0.625074 6.38
1095.00 0.625074 6.38
1096.00 0.625074 6.38
1097.00 0.625074 6.38
1098.00 0.625074 6.38
1099.00 0.625074 6.38
1100.00 0.625073 6.38
1101.00 0.625073 6.38
1102.00 0.625073 6.38
1103.00 0.625073 6.38
1104.00 0.625073 6.38
1105.00 0.625073 6.38
1106.00 0.625072 6.38
1107.00 0.625072 6.38
1108.00 0.625072 6.38
1109.00 0.625072 6.38
1110.00 0.625072 6.38
1111.00 0.625072 6.38
1112.00 0.625072 6.38
1113.00 0.625072 6.38
1114.00 0.625071 6.38
1115.00 0.625071 6.38
1116.00 0.625071 6.38
1117.00 0.625071 6.38
1118.00 0.625071 6.38
1119.00 0.625071 6.38
1120.00 0.625071 6.38
1121.00 0.625071 6.38
1122.00 0.625070 6.38
1123.00 0.625070 6.38
1124.00 0.625070 6.38
1125.00 0.625070 6.38
1126.00 0.625070 6.38
1127.00 0.625070 6.38
1128.00 0.625070 6.38
1129.00 0.625070 6.38
1130.00 0.625069 6.38
1131.00 0.625069 6.38
1132.00 0.625069 6.38
1133.00 0.625069 6.38
1134.00 0.625069 6.38
1135.00 0.625069 6.38
1136.00 0.625069 6.38
1137.00 0.625069 6.38
1138.00 0.625069 6.38
1139.00 0.625069 6.38
1140.00 0.625068 6.38
1141.00 0.625068 6.38
1142.00 0.625068 6.38
1143.00 0.625068 6.38
1144.00 0.625068 6.38
1145.00 0.625068 6.38
1146.00 0.625068 6.38
1147.00 0.625068 6.38
1148.00 0.625068 6.38
1149.00 0.625068 6.38
1150.00 0.625067 6.38
1151.00 0.625067 6.38
1152.00 0.625067 6.38
1153.00 0.625067 6.38
1154.00 0.625067 6.38
1155.00 0.625067 6.38
1156.00 0.625067 6.38
1157.00 0.625067 6.38
1158.00 0.625067 6.38
1159.00 0.625067 6.38
1160.00 0.625067 6.38
1161.00 0.625067 6.38
1162.00 0.625066 6.38
1163.00 0.625066 6.38
1164.00 0.625066 6.38
1165.00 0.625066 6.38
1166.00 0.625066 6.38
1167.00 0.625066 6.38
1168.00 0.625066 6.38
1169.00 0.625066 6.38
1170.00 0.625066 6.38
1171.00 0.625066 6.38
1172.00 0.625066 6.38
1173.00 0.625066 6.38
1174.00 0.625066 6.38
1175.00 0.625065 6.38
1176.00 0.625065 6.38
1177.00 0.625065 6.38
1178.00 0.625065 6.38
1179.00 0.625065 6.38
1180.00 0.625065 6.38
1181.00 0.625065 6.38
1182.00 0.625065 6.38
1183.00 0.625065 6.38
1184.00 0.625065 6.38
1185.00 0.625065 6.38
1186.00 0.625065 6.38
1187.00 0.625065 6.38
1188.00 0.625065 6.38
1189.00 0.625064 6.38
1190.00 0.625064 6.38
1191.00 0.625064 6.38
1192.00 0.625064 6.38
1193.00 0.625064 6.38
1194.00 0.625064 6.38
1195.00 0.625064 6.38
1196.00 0.625064 6.38
1197.00 0.625064 6.38
1198.00 0.625064 6.38
1199.00 0.625064 6.38
1200.00 0.625064 6.38
1201.00 0.625064 6.38
1202.00 0.625064 6.38
1203.00 0.625064 6.38
1204.00 0.625064 6.38
1205.00 0.625064 6.38
1206.00 0.625063 6.38
1207.00 0.625063 6.38
1208.00 0.625063 6.38
1209.00 0.625063 6.38
1210.00 0.625063 6.38
1211.00 0.625063 6.38
1212.00 0.625063 6.38
1213.00 0.625063 6.38
1214.00 0.625063 6.38
1215.00 0.625063 6.38
1216.00 0.625063 6.38
1217.00 0.625063 6.38
1218.00 0.625063 6.38
1219.00 0.625063 6.38
1220.00 0.625063 6.38
1221.00 0.625063 6.38
1222.00 0.625063 6.38
1223.00 0.625063 6.38
1224.00 0.625063 6.38
1225.00 0.625063 6.38
1226.00 0.625063 6.38
1227.00 0.625062 6.38
1228.00 0.625062 6.38
1229.00 0.625062 6.38
1230.00 0.625062 6.38
1231.00 0.625062 6.38
1232.00 0.625062 6.38
1233.00 0.625062 6.38
1234.00 0.625062 6.38
1235.00 0.625062 6.38
1236.00 0.625062 6.38
1237.00 0.625062 6.38
1238.00 0.625062 6.38
1239.00 0.625062 6.38
1240.00 0.625062 6.38
1241.00 0.625062 6.38
1242.00 0.625062 6.38
1243.00 0.625062 6.38
1244.00 0.625062 6.38
1245.00 0.625062 6.38
1246.00 0.625062 6.38
1247.00 0.625062 6.38
1248.00 0.625062 6.38
1249.00 0.625062 6.38
1250.00 0.625062 6.38
1251.00 0.625062 6.38
1252.00 0.625061 6.38
1253.00 0.625061 6.38
1254.00 0.625061 6.38
1255.00 0.625061 6.38
1256.00 0.625061 6.38
1257.00 0.625061 6.38
1258.00 0.625061 6.38
1259.00 0.625061 6.38
1260.00 0.625061 6.38
1261.00 0.625061 6.38
1262.00 0.625061 6.38
1263.00 0.625061 6.38
1264.00 0.625061 6.38
1265.00 0.625061 6.38
1266.00 0.625061 6.38
1267.00 0.625061 6.38
1268.00 0.625061 6.38
1269.00 0.625061 6.38
1270.00 0.625061 6.38
1271.00 0.625061 6.38
1272.00 0.625061 6.38
1273.00 0.625061 6.38
1274.00 0.625061 6.38
1275.00 0.625061 6.38
1276.00 0.625061 6.38
1277.00 0.625061 6.38
1278.00 0.625061 6.38
1279.00 0.625061 6.38
1280.00 0.625061 6.38
1281.00 0.625061 6.38
1282.00 0.625061 6.38
1283.00 0.625061 6.38
1284.00 0.625061 6.38
1285.00 0.625061 6.38
1286.00 0.625060 6.38
1287.00 0.625060 6.38
1288.00 0.625060 6.38
1289.00 0.625060 6.38
1290.00 0.625060 6.38
1291.00 0.625060 6.38
1292.00 0.625060 6.38
1293.00 0.625060 6.38
1294.00 0.625060 6.38
1295.00 0.625060 6.38
1296.00 0.625060 6.38
1297.00 0.625060 6.38
1298.00 0.625060 6.38
1299.00 0.625060 6.38
1300.00 0.625060 6.38
1301.00 0.625060 6.38
1302.00 0.625060 6.38
1303.00 0.625060 6.38
1304.00 0.625060 6.38
1305.00 0.625060 6.38
1306.00 0.625060 6.38
1307.00 0.625060 6.38
1308.00 0.625060 6.38
1309.00 0.625060 6.38
1310.00 0.625060 6.38
1311.00 0.625060 6.38
1312.00 0.625060 6.38
1313.00 0.625060 6.38
1314.00 0.625060 6.38
1315.00 0.625060 6.38
1316.00 0.625060 6.38
1317.00 0.625060 6.38
1318.00 0.625060 6.38
1319.00 0.625060 6.38
1320.00 0.625060 6.38
1321.00 0.625060 6.38
1322.00 0.625060 6.38
1323.00 0.625060 6.38
1324.00 0.625060 6.38
1325.00 0.625060 6.38
1326.00 0.625060 6.38
1327.00 0.625060 6.38
1328.00 0.625060 6.38
1329.00 0.625060 6.38
1330.00 0.625060 6.38
1331.00 0.625060 6.38
1332.00 0.625060 6.38
1333.00 0.625060 6.38
1334.00 0.625060 6.38
1335.00 0.625060 6.38
1336.00 0.625060 6.38
1337.00 0.625059 6.38
1338.00 0.625059 6.38
1339.00 0.625059 6.38
1340.00 0.625059 6.38
1341.00 0.625059 6.38
1342.00 0.625059 6.38
1343.00 0.625059 6.38
1344.00 0.625059 6.38
1345.00 0.625059 6.38
1346.00 0.625059 6.38
1347.00 0.625059 6.38
1348.00 0.625059 6.38
1349.00 0.625059 6.38
1350.00 0.625059 6.38
1351.00 0.625059 6.38
1352.00 0.625059 6.38
1353.00 0.625059 6.38
1354.00 0.625059 6.38
1355.00 0.625059 6.38
1356.00 0.625059 6.38
1357.00 0.625059 6.38
1358.00 0.625059 6.38
1359.00 0.625059 6.38
1360.00 0.625059 6.38
1361.00 0.625059 6.38
1362.00 0.625059 6.38
1363.00 0.625059 6.38
1364.00 0.625059 6.38
1365.00 0.625059 6.38
1366.00 0.625059 6.38
1367.00 0.625059 6.38
1368.00 0.625059 6.38
1369.00 0.625059 6.38
1370.00 0.625059 6.38
1371.00 0.625059 6.38
1372.00 0.625059 6.38
1373.00 0.625059 6.38
1374.00 0.625059 6.38
1375.00 0.625059 6.38
1376.00 0.625059 6.38
1377.00 0.625059 6.38
1378.00 0.625059 6.38
1379.00 0.625059 6.38
1380.00 0.625059 6.38
1381.00 0.625059 6.38
1382.00 0.625059 6.38
1383.00 0.625059 6.38
1384.00 0.625059 6.38
1385.00 0.625059 6.38
1386.00 0.625059 6.38
1387.00 0.625059 6.38
1388.00 0.625059 6.38
1389.00 0.625059 6.38
1390.00 0.625059 6.38
1391.00 0.625059 6.38
1392.00 0.625059 6.38
1393.00 0.625059 6.38
1394.00 0.625059 6.38
1395.00 0.625059 6.38
1396.00 0.625059 6.38
1397.00 0.625059 6.38
1398.00 0.625059 6.38
1399.00 0.625059 6.38
1400.00 0.625059 6.38
1401.00 0.625059 6.38
1402.00 0.625059 6.38
1403.00 0.625059 6.38
1404.00 0.625059 6.38
1405.00 0.625059 6.38
1406.00 0.625059 6.38
1407.00 0.625059 6.38
1408.00 0.625059 6.38
1409.00 0.625059 6.38
1410.00 0.625059 6.38
1411.00 0.625059 6.38
1412.00 0.625059 6.38
1413.00 0.625059 6.38
1414.00 0.625059 6.38
1415.00 0.625059 6.38
1416.00 0.625059 6.38
1417.00 0.625059 6.38
1418.00 0.625059 6.38
1419.00 0.625059 6.38
1420.00 0.625059 6.38
1421.00 0.625059 6.38
1422.00 0.625059 6.38
1423.00 0.625059 6.38
1424.00 0.625059 6.38
1425.00 0.625059 6.38
1426.00 0.625059 6.38
1427.00 0.625059 6.38
1428.00 0.625059 6.38
1429.00 0.625059 6.38
1430.00 0.625059 6.38
1431.00 0.625059 6.38
1432.00 0.625059 6.38
1433.00 0.625059 6.38
1434.00 0.625059 6.38
1435.00 0.625059 6.38
1436.00 0.625059 6.38
1437.00 0.625058 6.38
1438.00 0.625058 6.38
1439.00 0.625058 6.38
1440.00 0.625058 6.38
1441.00 0.625058 6.38
1442.00 0.625058 6.38
1443.00 0.625058 6.38
1444.00 0.625058 6.38
1445.00 0.625058 6.38
1446.00 0.625058 6.38
1447.00 0.625058 6.38
1448.00 0.625058 6.38
1449.00 0.625058 6.38
1450.00 0.625058 6.38
1451.00 0.625058 6.38
1452.00 0.625058 6.38
1453.00 0.625058 6.38
1454.00 0.625058 6.38
1455.00 0.625058 6.38
1456.00 0.625058 6.38
1457.00 0.625058 6.38
1458.00 0.625058 6.38
1459.00 0.625058 6.38
1460.00 0.625058 6.38
1461.00 0.625058 6.38
1462.00 0.625058 6.38
1463.00 0.625058 6.38
1464.00 0.625058 6.38
1465.00 0.625058 6.38
1466.00 0.625058 6.38
1467.00 0.625058 6.38
1468.00 0.625058 6.38
1469.00 0.625058 6.38
1470.00 0.625058 6.38
1471.00 0.625058 6.38
1472.00 0.625058 6.38
1473.00 0.625058 6.38
1474.00 0.625058 6.38
1475.00 0.625058 6.38
1476.00 0.625058 6.38
1477.00 0.625058 6.38
1478.00 0.625058 6.38
1479.00 0.625058 6.38
1480.00 0.625058 6.38
1481.00 0.625058 6.38
1482.00 0.625058 6.38
1483.00 0.625058 6.38
1484.00 0.625058 6.38
1485.00 0.625058 6.38
1486.00 0.625058 6.38
1487.00 0.625058 6.38
1488.00 0.625058 6.38
1489.00 0.625058 6.38
1490.00 0.625058 6.38
1491.00 0.625058 6.38
1492.00 0.625058 6.38
1493.00 0.625058 6.38
1494.00 0.625058 6.38
1495.00 0.625058 6.38
1496.00 0.625058 6.38
1497.00 0.625058 6.38
1498.00 0.625058 6.38
1499.00 0.625058 6.38
1500.00 0.625058 6.38
1501.00 0.625058 6.38
1502.00 0.625058 6.38
1503.00 0.625058 6.38
1504.00 0.625058 6.38
1505.00 0.625058 6.38
1506.00 0.625058 6.38
1507.00 0.625058 6.38
1508.00 0.625058 6.38
1509.00 0.625058 6.38
1510.00 0.625058 6.38
1511.00 0.625058 6.38
1512.00 0.625058 6.38
1513.00 0.625058 6.38
1514.00 0.625058 6.38
1515.00 0.625058 6.38
1516.00 0.625058 6.38
1517.00 0.625058 6.38
1518.00 0.625058 6.38
1519.00 0.625058 6.38
1520.00 0.625058 6.38
1521.00 0.625058 6.38
1522.00 0.625058 6.38
1523.00 0.625058 6.38
1524.00 0.625058 6.38
1525.00 0.625058 6.38
1526.00 0.625058 6.38
1527.00 0.625058 6.38
1528.00 0.625058 6.38
1529.00 0.625058 6.38
1530.00 0.625058 6.38
1531.00 0.625058 6.38
1532.00 0.625058 6.38
1533.00 0.625058 6.38
1534.00 0.625058 6.38
1535.00 0.625058 6.38
1536.00 0.625058 6.38
1537.00 0.625058 6.38
1538.00 0.625058 6.38
1539.00 0.625058 6.38
1540.00 0.625058 6.38
1541.00 0.625058 6.38
1542.00 0.625058 6.38
1543.00 0.625058 6.38
1544.00 0.625058 6.38
1545.00 0.625058 6.38
1546.00 0.625058 6.38
1547.00 0.625058 6.38
1548.00 0.625058 6.38
1549.00 0.625058 6.38
1550.00 0.625058 6.38
1551.00 0.625058 6.38
1552.00 0.625058 6.38
1553.00 0.625058 6.38
1554.00 0.625058 6.38
1555.00 0.625058 6.38
1556.00 0.625058 6.38
1557.00 0.625058 6.38
1558.00 0.625058 6.38
1559.00 0.625058 6.38
1560.00 0.625058 6.38
1561.00 0.625058 6.38
1562.00 0.625058 6.38
1563.00 0.625058 6.38
1564.00 0.625058 6.38
1565.00 0.625058 6.38
1566.00 0.625058 6.38
1567.00 0.625058 6.38
1568.00 0.625058 6.38
1569.00 0.625058 6.38
1570.00 0.625058 6.38
1571.00 0.625058 6.38
1572.00 0.625058 6.38
1573.00 0.625058 6.38
1574.00 0.625058 6.38
1575.00 0.625058 6.38
1576.00 0.625058 6.38
1577.00 0.625058 6.38
1578.00 0.625058 6.38
1579.00 0.625058 6.38
1580.00 0.625058 6.38
1581.00 0.625058 6.38
1582.00 0.625058 6.38
1583.00 0.625058 6.38
1584.00 0.625058 6.38
1585.00 0.625058 6.38
1586.00 0.625058 6.38
1587.00 0.625058 6.38
1588.00 0.625058 6.38
1589.00 0.625058 6.38
1590.00 0.625058 6.38
1591.00 0.625058 6.38
1592.00 0.625058 6.38
1593.00 0.625058 6.38
1594.00 0.625058 6.38
1595.00 0.625058 6.38
1596.00 0.625058 6.38
1597.00 0.625058 6.38
1598.00 0.625058 6.38
1599.00 0.625058 6.38
1600.00 0.625058 6.38
1601.00 0.625058 6.38
1602.00 0.625058 6.38
1603.00 0.625058 6.38
1604.00 0.625058 6.38
1605.00 0.625058 6.38
1606.00 0.625058 6.38
1607.00 0.625058 6.38
1608.00 0.625058 6.38
1609.00 0.625058 6.38
1610.00 0.625058 6.38
1611.00 0.625058 6.38
1612.00 0.625058 6.38
1613.00 0.625058 6.38
1614.00 0.625058 6.38
1615.00 0.625058 6.38
1616.00 0.625058 6.38
1617.00 0.625058 6.38
1618.00 0.625058 6.38
1619.00 0.625058 6.38
1620.00 0.625058 6.38
1621.00 0.625058 6.38
1622.00 0.625058 6.38
1623.00 0.625058 6.38
1624.00 0.625058 6.38
1625.00 0.625058 6.38
1626.00 0.625058 6.38
1627.00 0.625058 6.38
1628.00 0.625058 6.38
1629.00 0.625058 6.38
1630.00 0.625058 6.38
1631.00 0.625058 6.38
1632.00 0.625058 6.38
1633.00 0.625058 6.38
1634.00 0.625058 6.38
1635.00 0.625058 6.38
1636.00 0.625058 6.38
1637.00 0.625058 6.38
1638.00 0.625058 6.38
1639.00 0.625058 6.38
1640.00 0.625058 6.38
1641.00 0.625058 6.38
1642.00 0.625058 6.38
1643.00 0.625058 6.38
1644.00 0.625058 6.38
1645.00 0.625058 6.38
1646.00 0.625058 6.38
1647.00 0.625058 6.38
1648.00 0.625058 6.38
1649.00 0.625058 6.38
1650.00 0.625058 6.38
1651.00 0.625058 6.38
1652.00 0.625058 6.38
1653.00 0.625058 6.38
1654.00 0.625058 6.38
1655.00 0.625058 6.38
1656.00 0.625058 6.38
1657.00 0.625058 6.38
1658.00 0.625058 6.38
1659.00 0.625058 6.38
1660.00 0.625058 6.38
1661.00 0.625058 6.38
1662.00 0.625058 6.38
1663.00 0.625058 6.38
1664.00 0.625058 6.38
1665.00 0.625058 6.38
1666.00 0.625058 6.38
1667.00 0.625058 6.38
1668.00 0.625058 6.38
1669.00 0.625058 6.38
1670.00 0.625058 6.38
1671.00 0.625058 6.38
1672.00 0.625058 6.38
1673.00 0.625058 6.38
1674.00 0.625058 6.38
1675.00 0.625058 6.38
1676.00 0.625058 6.38
1677.00 0.625058 6.38
1678.00 0.625058 6.38
1679.00 0.625058 6.38
1680.00 0.625058 6.38
1681.00 0.625058 6.38
1682.00 0.625058 6.38
1683.00 0.625058 6.38
1684.00 0.625058 6.38
1685.00 0.625058 6.38
1686.00 0.625058 6.38
1687.00 0.625058 6.38
1688.00 0.625058 6.38
1689.00 0.625058 6.38
1690.00 0.625058 6.38
1691.00 0.625058 6.38
1692.00 0.625058 6.38
1693.00 0.625058 6.38
1694.00 0.625058 6.38
1695.00 0.625058 6.38
1696.00 0.625058 6.38
1697.00 0.625058 6.38
1698.00 0.625058 6.38
1699.00 0.625058 6.38
1700.00 0.625058 6.38
1701.00 0.625058 6.38
1702.00 0.625058 6.38
1703.00 0.625058 6.38
1704.00 0.625058 6.38
1705.00 0.625058 6.38
1706.00 0.625058 6.38
1707.00 0.625058 6.38
1708.00 0.625058 6.38
1709.00 0.625058 6.38
1710.00 0.625058 6.38
1711.00 0.625058 6.38
1712.00 0.625058 6.38
1713.00 0.625058 6.38
1714.00 0.625058 6.38
1715.00 0.625058 6.38
1716.00 0.625058 6.38
1717.00 0.625058 6.38
1718.00 0.625058 6.38
1719.00 0.625058 6.38
1720.00 0.625058 6.38
1721.00 0.625058 6.38
1722.00 0.625058 6.38
1723.00 0.625058 6.38
1724.00 0.625058 6.38
1725.00 0.625058 6.38
1726.00 0.625058 6.38
1727.00 0.625058 6.38
1728.00 0.625058 6.38
1729.00 0.625058 6.38
1730.00 0.625058 6.38
1731.00 0.625058 6.38
1732.00 0.625058 6.38
1733.00 0.625058 6.38
1734.00 0.625058 6.38
1735.00 0.625058 6.38
1736.00 0.625058 6.38
1737.00 0.625058 6.38
1738.00 0.625058 6.38
1739.00 0.625058 6.38
1740.00 0.625058 6.38
1741.00 0.625058 6.38
1742.00 0.625058 6.38
1743.00 0.625058 6.38
1744.00 0.625058 6.38
1745.00 0.625058 6.38
1746.00 0.625058 6.38
1747.00 0.625058 6.38
1748.00 0.625058 6.38
1749.00 0.625058 6.38
1750.00 0.625058 6.38
1751.00 0.625058 6.38
1752.00 0.625058 6.38
1753.00 0.625058 6.38
1754.00 0.625058 6.38
1755.00 0.625058 6.38
1756.00 0.625058 6.38
1757.00 0.625058 6.38
1758.00 0.625058 6.38
1759.00 0.625058 6.38
1760.00 0.625058 6.38
1761.00 0.625058 6.38
1762.00 0.625058 6.38
1763.00 0.625058 6.38
1764.00 0.625058 6.38
1765.00 0.625058 6.38
1766.00 0.625058 6.38
1767.00 0.625058 6.38
1768.00 0.625058 6.38
1769.00 0.625058 6.38
1770.00 0.625058 6.38
1771.00 0.625058 6.38
1772.00 0.625058 6.38
1773.00 0.625058 6.38
1774.00 0.625058 6.38
1775.00 0.625058 6.38
1776.00 0.625058 6.38
1777.00 0.625058 6.38
1778.00 0.625058 6.38
1779.00 0.625058 6.38
1780.00 0.625058 6.38
1781.00 0.625058 6.38
1782.00 0.625058 6.38
1783.00 0.625058 6.38
1784.00 0.625058 6.38
1785.00 0.625058 6.38
1786.00 0.625058 6.38
1787.00 0.625058 6.38
1788.00 0.625058 6.38
1789.00 0.625058 6.38
1790.00 0.625058 6.38
1791.00 0.625058 6.38
1792.00 0.625058 6.38
1793.00 0.625058 6.38
1794.00 0.625058 6.38
1795.00 0.625058 6.38
1796.00 0.625058 6.38
1797.00 0.625058 6.38
1798.00 0.625058 6.38
1799.00 0.625058 6.38
1800.00 0.625058 6.38
1801.00 0.625058 6.38
1802.00 0.625058 6.38
1803.00 0.625058 6.38
1804.00 0.625058 6.38
1805.00 0.625058 6.38
1806.00 0.625058 6.38
1807.00 0.625058 6.38
1808.00 0.625058 6.38
1809.00 0.625058 6.38
1810.00 0.625058 6.38
1811.00 0.625058 6.38
1812.00 0.625058 6.38
1813.00 0.625058 6.38
1814.00 0.625058 6.38
1815.00 0.625058 6.38
1816.00 0.625058 6.38
1817.00 0.625058 6.38
1818.00 0.625058 6.38
1819.00 0.625058 6.38
1820.00 0.625058 6.38
1821.00 0.625058 6.38
1822.00 0.625058 6.38
1823.00 0.625058 6.38
1824.00 0.625058 6.38
1825.00 0.625058 6.38
1826.00 0.625058 6.38
1827.00 0.625058 6.38
1828.00 0.625058 6.38
1829.00 0.625058 6.38
1830.00 0.625058 6.38
1831.00 0.625058 6.38
1832.00 0.625058 6.38
1833.00 0.625058 6.38
1834.00 0.625058 6.38
1835.00 0.625058 6.38
1836.00 0.625058 6.38
1837.00 0.625058 6.38
1838.00 0.625058 6.38
1839.00 0.625058 6.38
1840.00 0.625058 6.38
1841.00 0.625058 6.38
1842.00 0.625058 6.38
1843.00 0.625058 6.38
1844.00 0.625058 6.38
1845.00 0.625058 6.38
1846.00 0.625058 6.38
1847.00 0.625058 6.38
1848.00 0.625058 6.38
1849.00 0.625058 6.38
1850.00 0.625058 6.38
1851.00 0.625058 6.38
1852.00 0.625058 6.38
1853.00 0.625058 6.38
1854.00 0.625058 6.38
1855.00 0.625058 6.38
1856.00 0.625058 6.38
1857.00 0.625058 6.38
1858.00 0.625058 6.38
1859.00 0.625058 6.38
1860.00 0.625058 6.38
1861.00 0.625058 6.38
1862.00 0.625058 6.38
1863.00 0.625058 6.38
1864.00 0.625058 6.38
1865.00 0.625058 6.38
1866.00 0.625058 6.38
1867.00 0.625058 6.38
1868.00 0.625058 6.38
1869.00 0.625058 6.38
1870.00 0.625058 6.38
1871.00 0.625058 6.38
1872.00 0.625058 6.38
1873.00 0.625058 6.38
1874.00 0.625058 6.38
1875.00 0.625058 6.38
1876.00 0.625058 6.38
1877.00 0.625058 6.38
1878.00 0.625058 6.38
1879.00 0.625058 6.38
1880.00 0.625058 6.38
1881.00 0.625058 6.38
1882.00 0.625058 6.38
1883.00 0.625058 6.38
1884.00 0.625058 6.38
1885.00 0.625058 6.38
1886.00 0.625058 6.38
1887.00 0.625058 6.38
1888.00 0.625058 6.38
1889.00 0.625058 6.38
1890.00 0.625058 6.38
1891.00 0.625058 6.38
1892.00 0.625058 6.38
1893.00 0.625058 6.38
1894.00 0.625058 6.38
1895.00 0.625058 6.38
1896.00 0.625058 6.38
1897.00 0.625058 6.38
1898.00 0.625058 6.38
1899.00 0.625058 6.38
1900.00 0.625058 6.38
1901.00 0.625058 6.38
1902.00 0.625058 6.38
1903.00 0.625058 6.38
1904.00 0.625058 6.38
1905.00 0.625058 6.38
1906.00 0.625058 6.38
1907.00 0.625058 6.38
1908.00 0.625058 6.38
1909.00 0.625058 6.38
1910.00 0.625058 6.38
1911.00 0.625058 6.38
1912.00 0.625058 6.38
1913.00 0.625058 6.38
1914.00 0.625058 6.38
1915.00 0.625058 6.38
1916.00 0.625058 6.38
1917.00 0.625058 6.38
1918.00 0.625058 6.38
1919.00 0.625058 6.38
1920.00 0.625058 6.38
1921.00 0.625058 6.38
1922.00 0.625058 6.38
1923.00 0.625058 6.38
1924.00 0.625058 6.38
1925.00 0.625058 6.38
1926.00 0.625058 6.38
1927.00 0.625058 6.38
1928.00 0.625058 6.38
1929.00 0.625058 6.38
1930.00 0.625058 6.38
1931.00 0.625058 6.38
1932.00 0.625058 6.38
1933.00 0.625058 6.38
1934.00 0.625058 6.38
1935.00 0.625058 6.38
1936.00 0.625058 6.38
1937.00 0.625058 6.38
1938.00 0.625058 6.38
1939.00 0.625058 6.38
1940.00 0.625058 6.38
1941.00 0.625058 6.38
1942.00 0.625058 6.38
1943.00 0.625058 6.38
1944.00 0.625058 6.38
1945.00 0.625058 6.38
1946.00 0.625058 6.38
1947.00 0.625058 6.38
1948.00 0.625058 6.38
1949.00 0.625058 6.38
1950.00 0.625058 6.38
1951.00 0.625058 6.38
1952.00 0.625058 6.38
1953.00 0.625058 6.38
1954.00 0.625058 6.38
1955.00 0.625058 6.38
1956.00 0.625058 6.38
1957.00 0.625058 6.38
1958.00 0.625058 6.38
1959.00 0.625058 6.38
1960.00 0.625058 6.38
1961.00 0.625058 6.38
1962.00 0.625058 6.38
1963.00 0.625058 6.38
1964.00 0.625058 6.38
1965.00 0.625058 6.38
1966.00 0.625058 6.38
1967.00 0.625058 6.38
1968.00 0.625058 6.38
1969.00 0.625058 6.38
1970.00 0.625058 6.38
1971.00 0.625058 6.38
1972.00 0.625058 6.38
1973.00 0.625058 6.38
1974.00 0.625058 6.38
1975.00 0.625058 6.38
1976.00 0.625058 6.38
1977.00 0.625058 6.38
1978.00 0.625058 6.38
1979.00 0.625058 6.38
1980.00 0.625058 6.38
1981.00 0.625058 6.38
1982.00 0.625058 6.38
1983.00 0.625058 6.38
1984.00 0.625058 6.38
1985.00 0.625058 6.38
1986.00 0.625058 6.38
1987.00 0.625058 6.38
1988.00 0.625058 6.38
1989.00 0.625058 6.38
1990.00 0.625058 6.38
1991.00 0.625058 6.38
1992.00 0.625058 6.38
1993.00 0.625058 6.38
1994.00 0.625058 6.38
1995.00 0.625058 6.38
1996.00 0.625058 6.38
1997.00 0.625058 6.38
1998.00 0.625058 6.38
1999.00 0.625058 6.38
2000.00 0.625058 6.38
