0.00 0.503306 3.79
1.00 0.502263 3.79
2.00 0.501215 3.79
3.00 0.500164 3.79
4.00 0.499108 3.79
5.00 0.498048 3.79
6.00 0.496986 3.78
7.00 0.495931 3.78
8.00 0.494873 3.78
9.00 0.493813 3.78
10.00 0.492750 3.78
11.00 0.491684 3.78
12.00 0.490614 3.78
13.00 0.489541 3.78
14.00 0.488464 3.78
15.00 0.487382 3.78
16.00 0.486295 3.78
17.00 0.485202 3.78
18.00 0.484104 3.78
19.00 0.482999 3.78
20.00 0.481888 3.78
21.00 0.480769 3.78
22.00 0.479643 3.78
23.00 0.478509 3.78
24.00 0.477367 3.78
25.00 0.476217 3.78
26.00 0.475057 3.78
27.00 0.473889 3.78
28.00 0.472712 3.78
29.00 0.471534 3.77
30.00 0.470392 3.76
31.00 0.469283 3.75
32.00 0.468172 3.75
33.00 0.467055 3.75
34.00 0.465944 3.74
35.00 0.464844 3.74
36.00 0.463738 3.74
37.00 0.462624 3.74
38.00 0.461533 3.73
39.00 0.460438 3.73
40.00 0.459335 3.73
41.00 0.458224 3.73
42.00 0.457116 3.72
43.00 0.456020 3.72
44.00 0.454923 3.71
45.00 0.453870 3.70
46.00 0.452820 3.70
47.00 0.451762 3.70
48.00 0.450719 3.69
49.00 0.449674 3.69
50.00 0.448651 3.68
51.00 0.447625 3.68
52.00 0.446592 3.68
53.00 0.445582 3.67
54.00 0.444569 3.67
55.00 0.443554 3.66
56.00 0.442556 3.65
57.00 0.441585 3.65
58.00 0.440635 3.64
59.00 0.439694 3.63
60.00 0.438761 3.63
61.00 0.437822 3.63
62.00 0.436878 3.63
63.00 0.435930 3.62
64.00 0.435004 3.62
65.00 0.434072 3.62
66.00 0.433144 3.61
67.00 0.432231 3.61
68.00 0.431314 3.60
69.00 0.430410 3.60
70.00 0.429523 3.59
71.00 0.428658 3.58
72.00 0.427798 3.58
73.00 0.426955 3.57
74.00 0.426116 3.57
75.00 0.425272 3.57
76.00 0.424424 3.57
77.00 0.423570 3.57
78.00 0.422711 3.56
79.00 0.421881 3.55
80.00 0.421059 3.55
81.00 0.420234 3.55
82.00 0.419408 3.54
83.00 0.418602 3.54
84.00 0.417792 3.54
85.00 0.416991 3.53
86.00 0.416202 3.53
87.00 0.415409 3.53
88.00 0.414629 3.52
89.00 0.413869 3.50
90.00 0.413136 3.50
91.00 0.412400 3.50
92.00 0.411682 3.49
93.00 0.410967 3.49
94.00 0.410249 3.49
95.00 0.409527 3.49
96.00 0.408806 3.48
97.00 0.408106 3.47
98.00 0.407417 3.47
99.00 0.406750 3.45
100.00 0.406098 3.45
101.00 0.405466 3.44
102.00 0.404847 3.43
103.00 0.404248 3.43
104.00 0.403647 3.43
105.00 0.403043 3.43
106.00 0.402459 3.42
107.00 0.401895 3.41
108.00 0.401334 3.41
109.00 0.400772 3.41
110.00 0.400207 3.41
111.00 0.399641 3.41
112.00 0.399071 3.41
113.00 0.398501 3.40
114.00 0.397953 3.40
115.00 0.397411 3.39
116.00 0.396890 3.36
117.00 0.396425 3.36
118.00 0.395960 3.36
119.00 0.395496 3.36
120.00 0.395032 3.36
121.00 0.394567 3.36
122.00 0.394101 3.36
123.00 0.393633 3.36
124.00 0.393163 3.36
125.00 0.392701 3.35
126.00 0.392254 3.35
127.00 0.391821 3.34
128.00 0.391391 3.34
129.00 0.390961 3.34
130.00 0.390529 3.34
131.00 0.390096 3.34
132.00 0.389662 3.34
133.00 0.389225 3.34
134.00 0.388792 3.33
135.00 0.388374 3.33
136.00 0.387956 3.33
137.00 0.387537 3.33
138.00 0.387131 3.32
139.00 0.386740 3.31
140.00 0.386369 3.31
141.00 0.385998 3.31
142.00 0.385627 3.31
143.00 0.385255 3.31
144.00 0.384883 3.31
145.00 0.384509 3.31
146.00 0.384134 3.31
147.00 0.383758 3.31
148.00 0.383379 3.31
149.00 0.382999 3.31
150.00 0.382617 3.31
151.00 0.382232 3.31
152.00 0.381856 3.30
153.00 0.381483 3.30
154.00 0.381124 3.29
155.00 0.380771 3.29
156.00 0.380418 3.29
157.00 0.380064 3.29
158.00 0.379709 3.29
159.00 0.379353 3.29
160.00 0.379001 3.28
161.00 0.378661 3.28
162.00 0.378320 3.28
163.00 0.377978 3.28
164.00 0.377636 3.28
165.00 0.377292 3.28
166.00 0.376957 3.27
167.00 0.376635 3.27
168.00 0.376313 3.27
169.00 0.375990 3.27
170.00 0.375667 3.26
171.00 0.375366 3.26
172.00 0.375065 3.26
173.00 0.374764 3.26
174.00 0.374463 3.26
175.00 0.374168 3.25
176.00 0.373879 3.25
177.00 0.373591 3.25
178.00 0.373301 3.25
179.00 0.373012 3.25
180.00 0.372722 3.25
181.00 0.372430 3.25
182.00 0.372138 3.25
183.00 0.371845 3.25
184.00 0.371550 3.25
185.00 0.371254 3.25
186.00 0.370957 3.25
187.00 0.370658 3.25
188.00 0.370357 3.25
189.00 0.370055 3.25
190.00 0.369752 3.24
191.00 0.369471 3.23
192.00 0.369196 3.23
193.00 0.368921 3.23
194.00 0.368646 3.23
195.00 0.368371 3.23
196.00 0.368095 3.23
197.00 0.367818 3.23
198.00 0.367541 3.23
199.00 0.367263 3.23
200.00 0.366984 3.23
201.00 0.366718 3.22
202.00 0.366462 3.21
203.00 0.366218 3.21
204.00 0.365974 3.21
205.00 0.365737 3.20
206.00 0.365517 3.20
207.00 0.365298 3.20
208.00 0.365080 3.20
209.00 0.364864 3.20
210.00 0.364648 3.20
211.00 0.364432 3.20
212.00 0.364217 3.20
213.00 0.364003 3.20
214.00 0.363788 3.20
215.00 0.363573 3.20
216.00 0.363358 3.20
217.00 0.363142 3.20
218.00 0.362927 3.20
219.00 0.362710 3.20
220.00 0.362493 3.20
221.00 0.362275 3.20
222.00 0.362057 3.20
223.00 0.361837 3.20
224.00 0.361617 3.20
225.00 0.361395 3.20
226.00 0.361172 3.20
227.00 0.360948 3.20
228.00 0.360723 3.20
229.00 0.360504 3.19
230.00 0.360285 3.19
231.00 0.360065 3.19
232.00 0.359845 3.19
233.00 0.359623 3.19
234.00 0.359400 3.19
235.00 0.359177 3.19
236.00 0.358961 3.18
237.00 0.358755 3.18
238.00 0.358548 3.18
239.00 0.358342 3.18
240.00 0.358135 3.18
241.00 0.357928 3.18
242.00 0.357721 3.18
243.00 0.357513 3.18
244.00 0.357304 3.18
245.00 0.357105 3.17
246.00 0.356915 3.17
247.00 0.356725 3.17
248.00 0.356536 3.17
249.00 0.356346 3.17
250.00 0.356157 3.17
251.00 0.355967 3.17
252.00 0.355782 3.16
253.00 0.355608 3.16
254.00 0.355434 3.16
255.00 0.355261 3.16
256.00 0.355088 3.16
257.00 0.354916 3.16
258.00 0.354743 3.16
259.00 0.354571 3.16
260.00 0.354398 3.16
261.00 0.354225 3.16
262.00 0.354053 3.16
263.00 0.353879 3.16
264.00 0.353709 3.15
265.00 0.353547 3.15
266.00 0.353386 3.15
267.00 0.353226 3.15
268.00 0.353065 3.15
269.00 0.352905 3.15
270.00 0.352744 3.15
271.00 0.352584 3.15
272.00 0.352424 3.15
273.00 0.352263 3.15
274.00 0.352102 3.15
275.00 0.351940 3.15
276.00 0.351779 3.15
277.00 0.351616 3.15
278.00 0.351454 3.15
279.00 0.351291 3.15
280.00 0.351127 3.15
281.00 0.350963 3.15
282.00 0.350798 3.15
283.00 0.350632 3.15
284.00 0.350466 3.15
285.00 0.350299 3.15
286.00 0.350131 3.15
287.00 0.349962 3.15
288.00 0.349793 3.15
289.00 0.349623 3.15
290.00 0.349451 3.15
291.00 0.349279 3.15
292.00 0.349120 3.14
293.00 0.348963 3.14
294.00 0.348807 3.14
295.00 0.348650 3.14
296.00 0.348502 3.13
297.00 0.348359 3.13
298.00 0.348217 3.13
299.00 0.348075 3.13
300.00 0.347934 3.13
301.00 0.347793 3.13
302.00 0.347652 3.13
303.00 0.347511 3.13
304.00 0.347370 3.13
305.00 0.347230 3.13
306.00 0.347089 3.13
307.00 0.346948 3.13
308.00 0.346807 3.13
309.00 0.346665 3.13
310.00 0.346524 3.13
311.00 0.346382 3.13
312.00 0.346240 3.13
313.00 0.346098 3.13
314.00 0.345956 3.12
315.00 0.345819 3.12
316.00 0.345682 3.12
317.00 0.345546 3.12
318.00 0.345409 3.12
319.00 0.345272 3.12
320.00 0.345135 3.12
321.00 0.344998 3.12
322.00 0.344861 3.12
323.00 0.344723 3.12
324.00 0.344585 3.12
325.00 0.344447 3.11
326.00 0.344321 3.11
327.00 0.344194 3.11
328.00 0.344068 3.11
329.00 0.343943 3.11
330.00 0.343817 3.11
331.00 0.343692 3.11
332.00 0.343566 3.11
333.00 0.343441 3.11
334.00 0.343316 3.11
335.00 0.343190 3.11
336.00 0.343065 3.11
337.00 0.342939 3.11
338.00 0.342814 3.11
339.00 0.342688 3.11
340.00 0.342561 3.11
341.00 0.342435 3.11
342.00 0.342308 3.11
343.00 0.342181 3.11
344.00 0.342054 3.11
345.00 0.341926 3.11
346.00 0.341798 3.11
347.00 0.341669 3.11
348.00 0.341540 3.11
349.00 0.341410 3.11
350.00 0.341280 3.11
351.00 0.341149 3.11
352.00 0.341021 3.10
353.00 0.340893 3.10
354.00 0.340765 3.10
355.00 0.340636 3.10
356.00 0.340517 3.09
357.00 0.340398 3.09
358.00 0.340280 3.09
359.00 0.340162 3.09
360.00 0.340044 3.09
361.00 0.339927 3.09
362.00 0.339810 3.09
363.00 0.339692 3.09
364.00 0.339575 3.09
365.00 0.339458 3.09
366.00 0.339341 3.09
367.00 0.339226 3.08
368.00 0.339121 3.08
369.00 0.339017 3.08
370.00 0.338913 3.08
371.00 0.338810 3.08
372.00 0.338708 3.08
373.00 0.338605 3.08
374.00 0.338504 3.08
375.00 0.338402 3.08
376.00 0.338301 3.08
377.00 0.338200 3.08
378.00 0.338099 3.08
379.00 0.338004 3.07
380.00 0.337912 3.07
381.00 0.337822 3.07
382.00 0.337733 3.07
383.00 0.337644 3.07
384.00 0.337555 3.07
385.00 0.337467 3.07
386.00 0.337380 3.07
387.00 0.337293 3.07
388.00 0.337206 3.07
389.00 0.337120 3.07
390.00 0.337034 3.07
391.00 0.336949 3.07
392.00 0.336863 3.07
393.00 0.336779 3.07
394.00 0.336694 3.07
395.00 0.336609 3.07
396.00 0.336525 3.07
397.00 0.336441 3.07
398.00 0.336357 3.07
399.00 0.336274 3.07
400.00 0.336190 3.07
401.00 0.336107 3.07
402.00 0.336024 3.07
403.00 0.335941 3.07
404.00 0.335858 3.07
405.00 0.335775 3.07
406.00 0.335692 3.07
407.00 0.335609 3.07
408.00 0.335527 3.07
409.00 0.335444 3.07
410.00 0.335361 3.07
411.00 0.335279 3.07
412.00 0.335196 3.07
413.00 0.335113 3.07
414.00 0.335031 3.07
415.00 0.334948 3.07
416.00 0.334865 3.07
417.00 0.334782 3.07
418.00 0.334699 3.07
419.00 0.334617 3.07
420.00 0.334533 3.07
421.00 0.334450 3.07
422.00 0.334367 3.07
423.00 0.334284 3.07
424.00 0.334200 3.07
425.00 0.334116 3.07
426.00 0.334032 3.07
427.00 0.333948 3.07
428.00 0.333864 3.07
429.00 0.333780 3.07
430.00 0.333695 3.07
431.00 0.333610 3.07
432.00 0.333525 3.07
433.00 0.333439 3.07
434.00 0.333354 3.07
435.00 0.333268 3.07
436.00 0.333182 3.07
437.00 0.333095 3.07
438.00 0.333008 3.07
439.00 0.332921 3.07
440.00 0.332834 3.07
441.00 0.332746 3.07
442.00 0.332658 3.07
443.00 0.332569 3.07
444.00 0.332480 3.07
445.00 0.332400 3.05
446.00 0.332323 3.05
447.00 0.332246 3.05
448.00 0.332170 3.05
449.00 0.332093 3.05
450.00 0.332018 3.05
451.00 0.331942 3.05
452.00 0.331867 3.05
453.00 0.331791 3.05
454.00 0.331716 3.05
455.00 0.331642 3.05
456.00 0.331567 3.05
457.00 0.331492 3.05
458.00 0.331418 3.05
459.00 0.331344 3.05
460.00 0.331269 3.05
461.00 0.331195 3.05
462.00 0.331121 3.05
463.00 0.331047 3.05
464.00 0.330972 3.05
465.00 0.330898 3.05
466.00 0.330824 3.05
467.00 0.330750 3.05
468.00 0.330676 3.05
469.00 0.330602 3.05
470.00 0.330527 3.05
471.00 0.330453 3.05
472.00 0.330378 3.05
473.00 0.330304 3.05
474.00 0.330229 3.05
475.00 0.330155 3.05
476.00 0.330080 3.05
477.00 0.330005 3.05
478.00 0.329930 3.05
479.00 0.329855 3.05
480.00 0.329779 3.05
481.00 0.329704 3.05
482.00 0.329628 3.05
483.00 0.329552 3.05
484.00 0.329476 3.05
485.00 0.329400 3.05
486.00 0.329324 3.05
487.00 0.329247 3.05
488.00 0.329171 3.05
489.00 0.329094 3.05
490.00 0.329017 3.05
491.00 0.328939 3.05
492.00 0.328868 3.04
493.00 0.328798 3.04
494.00 0.328728 3.04
495.00 0.328658 3.04
496.00 0.328588 3.04
497.00 0.328519 3.04
498.00 0.328450 3.04
499.00 0.328381 3.04
500.00 0.328312 3.04
501.00 0.328243 3.04
502.00 0.328174 3.04
503.00 0.328106 3.04
504.00 0.328037 3.04
505.00 0.327969 3.04
506.00 0.327902 3.03
507.00 0.327840 3.03
508.00 0.327779 3.03
509.00 0.327719 3.03
510.00 0.327659 3.03
511.00 0.327599 3.03
512.00 0.327540 3.03
513.00 0.327481 3.03
514.00 0.327422 3.03
515.00 0.327364 3.03
516.00 0.327306 3.03
517.00 0.327248 3.03
518.00 0.327190 3.03
519.00 0.327132 3.03
520.00 0.327075 3.03
521.00 0.327018 3.03
522.00 0.326961 3.03
523.00 0.326904 3.03
524.00 0.326848 3.03
525.00 0.326792 3.03
526.00 0.326735 3.03
527.00 0.326679 3.03
528.00 0.326624 3.03
529.00 0.326568 3.03
530.00 0.326512 3.03
531.00 0.326457 3.03
532.00 0.326401 3.03
533.00 0.326346 3.03
534.00 0.326291 3.03
535.00 0.326236 3.03
536.00 0.326181 3.03
537.00 0.326127 3.03
538.00 0.326072 3.03
539.00 0.326017 3.03
540.00 0.325963 3.03
541.00 0.325908 3.03
542.00 0.325854 3.03
543.00 0.325800 3.03
544.00 0.325745 3.03
545.00 0.325691 3.03
546.00 0.325637 3.03
547.00 0.325583 3.03
548.00 0.325529 3.03
549.00 0.325475 3.03
550.00 0.325422 3.02
551.00 0.325373 3.02
552.00 0.325324 3.02
553.00 0.325276 3.02
554.00 0.325228 3.02
555.00 0.325180 3.02
556.00 0.325132 3.02
557.00 0.325085 3.01
558.00 0.325040 3.01
559.00 0.324995 3.01
560.00 0.324950 3.01
561.00 0.324905 3.01
562.00 0.324861 3.01
563.00 0.324817 3.01
564.00 0.324774 3.01
565.00 0.324730 3.01
566.00 0.324687 3.01
567.00 0.324645 3.01
568.00 0.324602 3.01
569.00 0.324560 3.01
570.00 0.324518 3.01
571.00 0.324476 3.01
572.00 0.324434 3.01
573.00 0.324393 3.01
574.00 0.324352 3.01
575.00 0.324311 3.01
576.00 0.324270 3.01
577.00 0.324230 3.01
578.00 0.324189 3.01
579.00 0.324149 3.01
580.00 0.324109 3.01
581.00 0.324069 3.01
582.00 0.324029 3.01
583.00 0.323990 3.01
584.00 0.323951 3.01
585.00 0.323911 3.01
586.00 0.323872 3.01
587.00 0.323834 3.01
588.00 0.323795 3.01
589.00 0.323756 3.01
590.00 0.323718 3.01
591.00 0.323679 3.01
592.00 0.323641 3.01
593.00 0.323603 3.01
594.00 0.323565 3.01
595.00 0.323527 3.01
596.00 0.323490 3.01
597.00 0.323452 3.01
598.00 0.323415 3.01
599.00 0.323377 3.01
600.00 0.323340 3.01
601.00 0.323303 3.01
602.00 0.323266 3.01
603.00 0.323229 3.01
604.00 0.323192 3.01
605.00 0.323155 3.01
606.00 0.323119 3.01
607.00 0.323082 3.01
608.00 0.323045 3.01
609.00 0.323009 3.01
610.00 0.322973 3.01
611.00 0.322936 3.01
612.00 0.322900 3.01
613.00 0.322864 3.01
614.00 0.322828 3.01
615.00 0.322792 3.01
616.00 0.322756 3.01
617.00 0.322720 3.01
618.00 0.322684 3.01
619.00 0.322648 3.01
620.00 0.322612 3.01
621.00 0.322577 3.01
622.00 0.322541 3.01
623.00 0.322505 3.01
624.00 0.322470 3.01
625.00 0.322434 3.01
626.00 0.322399 3.01
627.00 0.322363 3.01
628.00 0.322328 3.01
629.00 0.322292 3.01
630.00 0.322257 3.01
631.00 0.322221 3.01
632.00 0.322186 3.01
633.00 0.322151 3.01
634.00 0.322115 3.01
635.00 0.322080 3.01
636.00 0.322045 3.01
637.00 0.322009 3.01
638.00 0.321974 3.01
639.00 0.321939 3.01
640.00 0.321903 3.01
641.00 0.321868 3.01
642.00 0.321833 3.01
643.00 0.321797 3.01
644.00 0.321762 3.00
645.00 0.321728 3.00
646.00 0.321693 3.00
647.00 0.321658 3.00
648.00 0.321624 3.00
649.00 0.321589 3.00
650.00 0.321555 3.00
651.00 0.321521 3.00
652.00 0.321486 3.00
653.00 0.321452 3.00
654.00 0.321418 3.00
655.00 0.321383 3.00
656.00 0.321349 3.00
657.00 0.321315 3.00
658.00 0.321281 3.00
659.00 0.321246 3.00
660.00 0.321212 3.00
661.00 0.321178 3.00
662.00 0.321144 3.00
663.00 0.321109 3.00
664.00 0.321075 3.00
665.00 0.321041 3.00
666.00 0.321007 3.00
667.00 0.320972 3.00
668.00 0.320938 3.00
669.00 0.320904 3.00
670.00 0.320870 3.00
671.00 0.320835 3.00
672.00 0.320801 3.00
673.00 0.320767 3.00
674.00 0.320734 2.99
675.00 0.320701 2.99
676.00 0.320668 2.99
677.00 0.320636 2.99
678.00 0.320603 2.99
679.00 0.320571 2.99
680.00 0.320538 2.99
681.00 0.320506 2.99
682.00 0.320474 2.99
683.00 0.320442 2.99
684.00 0.320410 2.99
685.00 0.320378 2.99
686.00 0.320346 2.99
687.00 0.320314 2.99
688.00 0.320282 2.99
689.00 0.320251 2.99
690.00 0.320219 2.99
691.00 0.320187 2.99
692.00 0.320156 2.99
693.00 0.320124 2.99
694.00 0.320093 2.99
695.00 0.320061 2.99
696.00 0.320030 2.99
697.00 0.319998 2.99
698.00 0.319967 2.99
699.00 0.319935 2.99
700.00 0.319904 2.99
701.00 0.319872 2.99
702.00 0.319841 2.99
703.00 0.319810 2.99
704.00 0.319779 2.98
705.00 0.319751 2.98
706.00 0.319724 2.98
707.00 0.319697 2.98
708.00 0.319670 2.98
709.00 0.319643 2.98
710.00 0.319616 2.98
711.00 0.319590 2.98
712.00 0.319564 2.98
713.00 0.319538 2.98
714.00 0.319512 2.98
715.00 0.319486 2.98
716.00 0.319461 2.98
717.00 0.319435 2.98
718.00 0.319410 2.98
719.00 0.319385 2.98
720.00 0.319360 2.98
721.00 0.319336 2.98
722.00 0.319311 2.98
723.00 0.319286 2.98
724.00 0.319262 2.98
725.00 0.319238 2.98
726.00 0.319214 2.98
727.00 0.319190 2.98
728.00 0.319166 2.98
729.00 0.319142 2.98
730.00 0.319118 2.98
731.00 0.319095 2.98
732.00 0.319071 2.98
733.00 0.319048 2.98
734.00 0.319025 2.98
735.00 0.319002 2.98
736.00 0.318979 2.98
737.00 0.318956 2.98
738.00 0.318933 2.98
739.00 0.318910 2.98
740.00 0.318887 2.98
741.00 0.318865 2.98
742.00 0.318842 2.98
743.00 0.318820 2.98
744.00 0.318798 2.98
745.00 0.318776 2.98
746.00 0.318753 2.98
747.00 0.318731 2.98
748.00 0.318709 2.98
749.00 0.318687 2.98
750.00 0.318666 2.98
751.00 0.318644 2.98
752.00 0.318622 2.98
753.00 0.318601 2.98
754.00 0.318579 2.98
755.00 0.318558 2.98
756.00 0.318536 2.98
757.00 0.318515 2.98
758.00 0.318493 2.98
759.00 0.318472 2.98
760.00 0.318451 2.98
761.00 0.318430 2.98
762.00 0.318409 2.98
763.00 0.318388 2.98
764.00 0.318367 2.98
765.00 0.318346 2.98
766.00 0.318325 2.98
767.00 0.318304 2.98
768.00 0.318284 2.98
769.00 0.318263 2.98
770.00 0.318242 2.98
771.00 0.318222 2.98
772.00 0.318203 2.97
773.00 0.318185 2.97
774.00 0.318167 2.97
775.00 0.318150 2.97
776.00 0.318132 2.97
777.00 0.318115 2.97
778.00 0.318098 2.97
779.00 0.318081 2.97
780.00 0.318065 2.97
781.00 0.318048 2.97
782.00 0.318032 2.97
783.00 0.318015 2.97
784.00 0.317999 2.97
785.00 0.317983 2.97
786.00 0.317968 2.97
787.00 0.317952 2.97
788.00 0.317936 2.97
789.00 0.317921 2.96
790.00 0.317906 2.96
791.00 0.317891 2.96
792.00 0.317877 2.96
793.00 0.317862 2.96
794.00 0.317848 2.96
795.00 0.317834 2.96
796.00 0.317820 2.96
797.00 0.317806 2.96
798.00 0.317792 2.96
799.00 0.317779 2.96
800.00 0.317765 2.96
801.00 0.317752 2.96
802.00 0.317738 2.96
803.00 0.317725 2.96
804.00 0.317712 2.96
805.00 0.317699 2.96
806.00 0.317686 2.96
807.00 0.317674 2.96
808.00 0.317661 2.96
809.00 0.317649 2.96
810.00 0.317636 2.96
811.00 0.317624 2.96
812.00 0.317612 2.96
813.00 0.317600 2.96
814.00 0.317588 2.96
815.00 0.317576 2.96
816.00 0.317564 2.96
817.00 0.317553 2.96
818.00 0.317541 2.96
819.00 0.317530 2.96
820.00 0.317518 2.96
821.00 0.317507 2.96
822.00 0.317496 2.96
823.00 0.317485 2.96
824.00 0.317474 2.96
825.00 0.317463 2.96
826.00 0.317452 2.96
827.00 0.317441 2.96
828.00 0.317431 2.96
829.00 0.317420 2.96
830.00 0.317410 2.96
831.00 0.317399 2.96
832.00 0.317389 2.96
833.00 0.317379 2.96
834.00 0.317369 2.96
835.00 0.317359 2.96
836.00 0.317349 2.96
837.00 0.317339 2.96
838.00 0.317329 2.96
839.00 0.317319 2.96
840.00 0.317309 2.96
841.00 0.317300 2.96
842.00 0.317290 2.96
843.00 0.317281 2.96
844.00 0.317271 2.96
845.00 0.317262 2.96
846.00 0.317253 2.96
847.00 0.317244 2.96
848.00 0.317235 2.96
849.00 0.317226 2.96
850.00 0.317217 2.96
851.00 0.317208 2.96
852.00 0.317199 2.96
853.00 0.317190 2.96
854.00 0.317181 2.96
855.00 0.317173 2.96
856.00 0.317164 2.96
857.00 0.317155 2.96
858.00 0.317147 2.96
859.00 0.317139 2.96
860.00 0.317130 2.96
861.00 0.317122 2.96
862.00 0.317114 2.96
863.00 0.317106 2.96
864.00 0.317097 2.96
865.00 0.317089 2.96
866.00 0.317081 2.96
867.00 0.317073 2.96
868.00 0.317066 2.96
869.00 0.317058 2.96
870.00 0.317050 2.96
871.00 0.317042 2.96
872.00 0.317035 2.96
873.00 0.317027 2.96
874.00 0.317019 2.96
875.00 0.317012 2.96
876.00 0.317005 2.96
877.00 0.316997 2.96
878.00 0.316990 2.96
879.00 0.316983 2.96
880.00 0.316975 2.96
881.00 0.316968 2.96
882.00 0.316961 2.96
883.00 0.316954 2.96
884.00 0.316947 2.96
885.00 0.316940 2.96
886.00 0.316933 2.96
887.00 0.316926 2.96
888.00 0.316919 2.96
889.00 0.316912 2.96
890.00 0.316906 2.96
891.00 0.316899 2.96
892.00 0.316892 2.96
893.00 0.316886 2.96
894.00 0.316879 2.96
895.00 0.316872 2.96
896.00 0.316866 2.96
897.00 0.316859 2.96
898.00 0.316853 2.96
899.00 0.316847 2.96
900.00 0.316840 2.96
901.00 0.316834 2.96
902.00 0.316828 2.96
903.00 0.316822 2.96
904.00 0.316815 2.96
905.00 0.316809 2.96
906.00 0.316803 2.96
907.00 0.316797 2.96
908.00 0.316791 2.96
909.00 0.316785 2.96
910.00 0.316779 2.96
911.00 0.316774 2.96
912.00 0.316768 2.96
913.00 0.316762 2.96
914.00 0.316756 2.96
915.00 0.316750 2.96
916.00 0.316745 2.96
917.00 0.316739 2.96
918.00 0.316733 2.96
919.00 0.316728 2.96
920.00 0.316722 2.96
921.00 0.316717 2.96
922.00 0.316711 2.96
923.00 0.316706 2.96
924.00 0.316701 2.96
925.00 0.316695 2.96
926.00 0.316690 2.96
927.00 0.316685 2.96
928.00 0.316679 2.96
929.00 0.316674 2.96
930.00 0.316669 2.96
931.00 0.316664 2.96
932.00 0.316659 2.96
933.00 0.316653 2.96
934.00 0.316648 2.96
935.00 0.316643 2.96
936.00 0.316638 2.96
937.00 0.316633 2.96
938.00 0.316628 2.96
939.00 0.316623 2.96
940.00 0.316619 2.96
941.00 0.316614 2.96
942.00 0.316609 2.96
943.00 0.316604 2.96
944.00 0.316599 2.96
945.00 0.316595 2.96
946.00 0.316590 2.96
947.00 0.316585 2.96
948.00 0.316581 2.96
949.00 0.316576 2.96
950.00 0.316571 2.96
951.00 0.316567 2.96
952.00 0.316562 2.96
953.00 0.316558 2.96
954.00 0.316553 2.96
955.00 0.316549 2.96
956.00 0.316545 2.96
957.00 0.316540 2.96
958.00 0.316536 2.96
959.00 0.316531 2.96
960.00 0.316527 2.96
961.00 0.316523 2.96
962.00 0.316519 2.96
963.00 0.316514 2.96
964.00 0.316510 2.96
965.00 0.316506 2.96
966.00 0.316502 2.96
967.00 0.316498 2.96
968.00 0.316494 2.96
969.00 0.316490 2.96
970.00 0.316485 2.96
971.00 0.316481 2.96
972.00 0.316477 2.96
973.00 0.316473 2.96
974.00 0.316469 2.96
975.00 0.316466 2.96
976.00 0.316462 2.96
977.00 0.316458 2.96
978.00 0.316454 2.96
979.00 0.316450 2.96
980.00 0.316446 2.96
981.00 0.316442 2.96
982.00 0.316439 2.96
983.00 0.316435 2.96
984.00 0.316431 2.96
985.00 0.316427 2.96
986.00 0.316424 2.96
987.00 0.316420 2.96
988.00 0.316416 2.96
989.00 0.316413 2.96
990.00 0.316409 2.96
991.00 0.316406 2.96
992.00 0.316402 2.96
993.00 0.316399 2.96
994.00 0.316395 2.96
995.00 0.316392 2.96
996.00 0.316388 2.96
997.00 0.316385 2.96
998.00 0.316381 2.96
999.00 0.316378 2.96
1000.00 0.316374 2.96
1001.00 0.316371 2.96
1002.00 0.316368 2.96
1003.00 0.316364 2.96
1004.00 0.316361 2.96
1005.00 0.316358 2.96
1006.00 0.316354 2.96
1007.00 0.316351 2.96
1008.00 0.316348 2.96
1009.00 0.316345 2.96
1010.00 0.316341 2.96
1011.00 0.316338 2.96
1012.00 0.316335 2.96
1013.00 0.316332 2.96
1014.00 0.316329 2.96
1015.00 0.316326 2.96
1016.00 0.316323 2.96
1017.00 0.316320 2.96
1018.00 0.316316 2.96
1019.00 0.316313 2.96
1020.00 0.316310 2.96
1021.00 0.316307 2.96
1022.00 0.316304 2.96
1023.00 0.316301 2.96
1024.00 0.316299 2.96
1025.00 0.316296 2.96
1026.00 0.316293 2.96
1027.00 0.316290 2.96
1028.00 0.316287 2.96
1029.00 0.316284 2.96
1030.00 0.316281 2.96
1031.00 0.316278 2.96
1032.00 0.316275 2.96
1033.00 0.316273 2.96
1034.00 0.316270 2.96
1035.00 0.316267 2.96
1036.00 0.316264 2.96
1037.00 0.316262 2.96
1038.00 0.316259 2.96
1039.00 0.316256 2.96
1040.00 0.316253 2.96
1041.00 0.316251 2.96
1042.00 0.316248 2.96
1043.00 0.316245 2.96
1044.00 0.316243 2.96
1045.00 0.316240 2.96
1046.00 0.316238 2.96
1047.00 0.316235 2.96
1048.00 0.316232 2.96
1049.00 0.316230 2.96
1050.00 0.316227 2.96
1051.00 0.316225 2.96
1052.00 0.316222 2.96
1053.00 0.316220 2.96
1054.00 0.316217 2.96
1055.00 0.316215 2.96
1056.00 0.316212 2.96
1057.00 0.316210 2.96
1058.00 0.316207 2.96
1059.00 0.316205 2.96
1060.00 0.316202 2.96
1061.00 0.316200 2.96
1062.00 0.316198 2.96
1063.00 0.316195 2.96
1064.00 0.316193 2.96
1065.00 0.316191 2.96
1066.00 0.316188 2.96
1067.00 0.316186 2.96
1068.00 0.316184 2.96
1069.00 0.316181 2.96
1070.00 0.316179 2.96
1071.00 0.316177 2.96
1072.00 0.316175 2.96
1073.00 0.316172 2.96
1074.00 0.316170 2.96
1075.00 0.316168 2.96
1076.00 0.316166 2.96
1077.00 0.316163 2.96
1078.00 0.316161 2.96
1079.00 0.316159 2.96
1080.00 0.316157 2.96
1081.00 0.316155 2.96
1082.00 0.316153 2.96
1083.00 0.316150 2.96
1084.00 0.316148 2.96
1085.00 0.316146 2.96
1086.00 0.316144 2.96
1087.00 0.316142 2.96
1088.00 0.316140 2.96
1089.00 0.316138 2.96
1090.00 0.316136 2.96
1091.00 0.316134 2.96
1092.00 0.316132 2.96
1093.00 0.316130 2.96
1094.00 0.316128 2.96
1095.00 0.316126 2.96
1096.00 0.316124 2.96
1097.00 0.316122 2.96
1098.00 0.316120 2.96
1099.00 0.316118 2.96
1100.00 0.316116 2.96
1101.00 0.316114 2.96
1102.00 0.316112 2.96
1103.00 0.316110 2.96
1104.00 0.316108 2.96
1105.00 0.316106 2.96
1106.00 0.316104 2.96
1107.00 0.316103 2.96
1108.00 0.316101 2.96
1109.00 0.316099 2.96
1110.00 0.316097 2.96
1111.00 0.316095 2.96
1112.00 0.316093 2.96
1113.00 0.316092 2.96
1114.00 0.316090 2.96
1115.00 0.316088 2.96
1116.00 0.316086 2.96
1117.00 0.316084 2.96
1118.00 0.316083 2.96
1119.00 0.316081 2.96
1120.00 0.316079 2.96
1121.00 0.316077 2.96
1122.00 0.316076 2.96
1123.00 0.316074 2.96
1124.00 0.316072 2.96
1125.00 0.316071 2.96
1126.00 0.316069 2.96
1127.00 0.316067 2.96
1128.00 0.316066 2.96
1129.00 0.316064 2.96
1130.00 0.316062 2.96
1131.00 0.316061 2.96
1132.00 0.316059 2.96
1133.00 0.316057 2.96
1134.00 0.316056 2.96
1135.00 0.316054 2.96
1136.00 0.316052 2.96
1137.00 0.316051 2.96
1138.00 0.316049 2.96
1139.00 0.316048 2.96
1140.00 0.316046 2.96
1141.00 0.316045 2.96
1142.00 0.316043 2.96
1143.00 0.316041 2.96
1144.00 0.316040 2.96
1145.00 0.316038 2.96
1146.00 0.316037 2.96
1147.00 0.316035 2.96
1148.00 0.316034 2.96
1149.00 0.316032 2.96
1150.00 0.316031 2.96
1151.00 0.316029 2.96
1152.00 0.316028 2.96
1153.00 0.316026 2.96
1154.00 0.316025 2.96
1155.00 0.316024 2.96
1156.00 0.316022 2.96
1157.00 0.316021 2.96
1158.00 0.316019 2.96
1159.00 0.316018 2.96
1160.00 0.316016 2.96
1161.00 0.316015 2.96
1162.00 0.316014 2.96
1163.00 0.316012 2.96
1164.00 0.316011 2.96
1165.00 0.316009 2.96
1166.00 0.316008 2.96
1167.00 0.316007 2.96
1168.00 0.316005 2.96
1169.00 0.316004 2.96
1170.00 0.316003 2.96
1171.00 0.316001 2.96
1172.00 0.316000 2.96
1173.00 0.315999 2.96
1174.00 0.315997 2.96
1175.00 0.315996 2.96
1176.00 0.315995 2.96
1177.00 0.315993 2.96
1178.00 0.315992 2.96
1179.00 0.315991 2.96
1180.00 0.315990 2.96
1181.00 0.315988 2.96
1182.00 0.315987 2.96
1183.00 0.315986 2.96
1184.00 0.315984 2.96
1185.00 0.315983 2.96
1186.00 0.315982 2.96
1187.00 0.315981 2.96
1188.00 0.315980 2.96
1189.00 0.315978 2.96
1190.00 0.315977 2.96
1191.00 0.315976 2.96
1192.00 0.315975 2.96
1193.00 0.315973 2.96
1194.00 0.315972 2.96
1195.00 0.315971 2.96
1196.00 0.315970 2.96
1197.00 0.315969 2.96
1198.00 0.315968 2.96
1199.00 0.315966 2.96
1200.00 0.315965 2.96
1201.00 0.315964 2.96
1202.00 0.315963 2.96
1203.00 0.315962 2.96
1204.00 0.315961 2.96
1205.00 0.315960 2.96
1206.00 0.315958 2.96
1207.00 0.315957 2.96
1208.00 0.315956 2.96
1209.00 0.315955 2.96
1210.00 0.315954 2.96
1211.00 0.315953 2.96
1212.00 0.315952 2.96
1213.00 0.315951 2.96
1214.00 0.315950 2.96
1215.00 0.315949 2.96
1216.00 0.315948 2.96
1217.00 0.315947 2.96
1218.00 0.315946 2.96
1219.00 0.315944 2.96
1220.00 0.315943 2.96
1221.00 0.315942 2.96
1222.00 0.315941 2.96
1223.00 0.315940 2.96
1224.00 0.315939 2.96
1225.00 0.315938 2.96
1226.00 0.315937 2.96
1227.00 0.315936 2.96
1228.00 0.315935 2.96
1229.00 0.315934 2.96
1230.00 0.315933 2.96
1231.00 0.315932 2.96
1232.00 0.315931 2.96
1233.00 0.315930 2.96
1234.00 0.315929 2.96
1235.00 0.315928 2.96
1236.00 0.315927 2.96
1237.00 0.315926 2.96
1238.00 0.315926 2.96
1239.00 0.315925 2.96
1240.00 0.315924 2.96
1241.00 0.315923 2.96
1242.00 0.315922 2.96
1243.00 0.315921 2.96
1244.00 0.315920 2.96
1245.00 0.315919 2.96
1246.00 0.315918 2.96
1247.00 0.315917 2.96
1248.00 0.315916 2.96
1249.00 0.315915 2.96
1250.00 0.315914 2.96
1251.00 0.315914 2.96
1252.00 0.315913 2.96
1253.00 0.315912 2.96
1254.00 0.315911 2.96
1255.00 0.315910 2.96
1256.00 0.315909 2.96
1257.00 0.315908 2.96
1258.00 0.315907 2.96
1259.00 0.315907 2.96
1260.00 0.315906 2.96
1261.00 0.315905 2.96
1262.00 0.315904 2.96
1263.00 0.315903 2.96
1264.00 0.315902 2.96
1265.00 0.315902 2.96
1266.00 0.315901 2.96
1267.00 0.315900 2.96
1268.00 0.315899 2.96
1269.00 0.315898 2.96
1270.00 0.315897 2.96
1271.00 0.315897 2.96
1272.00 0.315896 2.96
1273.00 0.315895 2.96
1274.00 0.315894 2.96
1275.00 0.315893 2.96
1276.00 0.315893 2.96
1277.00 0.315892 2.96
1278.00 0.315891 2.96
1279.00 0.315890 2.96
1280.00 0.315890 2.96
1281.00 0.315889 2.96
1282.00 0.315888 2.96
1283.00 0.315887 2.96
1284.00 0.315886 2.96
1285.00 0.315886 2.96
1286.00 0.315885 2.96
1287.00 0.315884 2.96
1288.00 0.315883 2.96
1289.00 0.315883 2.96
1290.00 0.315882 2.96
1291.00 0.315881 2.96
1292.00 0.315881 2.96
1293.00 0.315880 2.96
1294.00 0.315879 2.96
1295.00 0.315878 2.95
1296.00 0.315878 2.95
1297.00 0.315877 2.95
1298.00 0.315876 2.95
1299.00 0.315876 2.95
1300.00 0.315875 2.95
1301.00 0.315874 2.95
1302.00 0.315874 2.95
1303.00 0.315873 2.95
1304.00 0.315872 2.95
1305.00 0.315872 2.95
1306.00 0.315871 2.95
1307.00 0.315870 2.95
1308.00 0.315870 2.95
1309.00 0.315869 2.95
1310.00 0.315868 2.95
1311.00 0.315868 2.95
1312.00 0.315867 2.95
1313.00 0.315866 2.95
1314.00 0.315866 2.95
1315.00 0.315865 2.95
1316.00 0.315865 2.95
1317.00 0.315864 2.95
1318.00 0.315863 2.95
1319.00 0.315863 2.95
1320.00 0.315862 2.95
1321.00 0.315862 2.95
1322.00 0.315861 2.95
1323.00 0.315860 2.95
1324.00 0.315860 2.95
1325.00 0.315859 2.95
1326.00 0.315859 2.95
1327.00 0.315858 2.95
1328.00 0.315857 2.95
1329.00 0.315857 2.95
1330.00 0.315856 2.95
1331.00 0.315856 2.95
1332.00 0.315855 2.95
1333.00 0.315855 2.95
1334.00 0.315854 2.95
1335.00 0.315854 2.95
1336.00 0.315853 2.95
1337.00 0.315852 2.95
1338.00 0.315852 2.95
1339.00 0.315851 2.95
1340.00 0.315851 2.95
1341.00 0.315850 2.95
1342.00 0.315850 2.95
1343.00 0.315849 2.95
1344.00 0.315849 2.95
1345.00 0.315848 2.95
1346.00 0.315848 2.95
1347.00 0.315847 2.95
1348.00 0.315847 2.95
1349.00 0.315846 2.95
1350.00 0.315846 2.95
1351.00 0.315845 2.95
1352.00 0.315845 2.95
1353.00 0.315844 2.95
1354.00 0.315844 2.95
1355.00 0.315843 2.95
1356.00 0.315843 2.95
1357.00 0.315842 2.95
1358.00 0.315842 2.95
1359.00 0.315841 2.95
1360.00 0.315841 2.95
1361.00 0.315840 2.95
1362.00 0.315840 2.95
1363.00 0.315840 2.95
1364.00 0.315839 2.95
1365.00 0.315839 2.95
1366.00 0.315838 2.95
1367.00 0.315838 2.95
1368.00 0.315837 2.95
1369.00 0.315837 2.95
1370.00 0.315836 2.95
1371.00 0.315836 2.95
1372.00 0.315836 2.95
1373.00 0.315835 2.95
1374.00 0.315835 2.95
1375.00 0.315834 2.95
1376.00 0.315834 2.95
1377.00 0.315833 2.95
1378.00 0.315833 2.95
1379.00 0.315833 2.95
1380.00 0.315832 2.95
1381.00 0.315832 2.95
1382.00 0.315831 2.95
1383.00 0.315831 2.95
1384.00 0.315831 2.95
1385.00 0.315830 2.95
1386.00 0.315830 2.95
1387.00 0.315829 2.95
1388.00 0.315829 2.95
1389.00 0.315829 2.95
1390.00 0.315828 2.95
1391.00 0.315828 2.95
1392.00 0.315827 2.95
1393.00 0.315827 2.95
1394.00 0.315827 2.95
1395.00 0.315826 2.95
1396.00 0.315826 2.95
1397.00 0.315825 2.95
1398.00 0.315825 2.95
1399.00 0.315825 2.95
1400.00 0.315824 2.95
1401.00 0.315824 2.95
1402.00 0.315824 2.95
1403.00 0.315823 2.95
1404.00 0.315823 2.95
1405.00 0.315823 2.95
1406.00 0.315822 2.95
1407.00 0.315822 2.95
1408.00 0.315822 2.95
1409.00 0.315821 2.95
1410.00 0.315821 2.95
1411.00 0.315820 2.95
1412.00 0.315820 2.95
1413.00 0.315820 2.95
1414.00 0.315819 2.95
1415.00 0.315819 2.95
1416.00 0.315819 2.95
1417.00 0.315818 2.95
1418.00 0.315818 2.95
1419.00 0.315818 2.95
1420.00 0.315817 2.95
1421.00 0.315817 2.95
1422.00 0.315817 2.95
1423.00 0.315817 2.95
1424.00 0.315816 2.95
1425.00 0.315816 2.95
1426.00 0.315816 2.95
1427.00 0.315815 2.95
1428.00 0.315815 2.95
1429.00 0.315815 2.95
1430.00 0.315814 2.95
1431.00 0.315814 2.95
1432.00 0.315814 2.95
1433.00 0.315813 2.95
1434.00 0.315813 2.95
1435.00 0.315813 2.95
1436.00 0.315813 2.95
1437.00 0.315812 2.95
1438.00 0.315812 2.95
1439.00 0.315812 2.95
1440.00 0.315811 2.95
1441.00 0.315811 2.95
1442.00 0.315811 2.95
1443.00 0.315811 2.95
1444.00 0.315810 2.95
1445.00 0.315810 2.95
1446.00 0.315810 2.95
1447.00 0.315809 2.95
1448.00 0.315809 2.95
1449.00 0.315809 2.95
1450.00 0.315809 2.95
1451.00 0.315808 2.95
1452.00 0.315808 2.95
1453.00 0.315808 2.95
1454.00 0.315808 2.95
1455.00 0.315807 2.95
1456.00 0.315807 2.95
1457.00 0.315807 2.95
1458.00 0.315807 2.95
1459.00 0.315806 2.95
1460.00 0.315806 2.95
1461.00 0.315806 2.95
1462.00 0.315806 2.95
1463.00 0.315805 2.95
1464.00 0.315805 2.95
1465.00 0.315805 2.95
1466.00 0.315805 2.95
1467.00 0.315804 2.95
1468.00 0.315804 2.95
1469.00 0.315804 2.95
1470.00 0.315804 2.95
1471.00 0.315803 2.95
1472.00 0.315803 2.95
1473.00 0.315803 2.95
1474.00 0.315803 2.95
1475.00 0.315802 2.95
1476.00 0.315802 2.95
1477.00 0.315802 2.95
1478.00 0.315802 2.95
1479.00 0.315802 2.95
1480.00 0.315801 2.95
1481.00 0.315801 2.95
1482.00 0.315801 2.95
1483.00 0.315801 2.95
1484.00 0.315800 2.95
1485.00 0.315800 2.95
1486.00 0.315800 2.95
1487.00 0.315800 2.95
1488.00 0.315800 2.95
1489.00 0.315799 2.95
1490.00 0.315799 2.95
1491.00 0.315799 2.95
1492.00 0.315799 2.95
1493.00 0.315798 2.95
1494.00 0.315798 2.95
1495.00 0.315798 2.95
1496.00 0.315798 2.95
1497.00 0.315798 2.95
1498.00 0.315797 2.95
1499.00 0.315797 2.95
1500.00 0.315797 2.95
1501.00 0.315797 2.95
1502.00 0.315797 2.95
1503.00 0.315796 2.95
1504.00 0.315796 2.95
1505.00 0.315796 2.95
1506.00 0.315796 2.95
1507.00 0.315796 2.95
1508.00 0.315796 2.95
1509.00 0.315795 2.95
1510.00 0.315795 2.95
1511.00 0.315795 2.95
1512.00 0.315795 2.95
1513.00 0.315795 2.95
1514.00 0.315794 2.95
1515.00 0.315794 2.95
1516.00 0.315794 2.95
1517.00 0.315794 2.95
1518.00 0.315794 2.95
1519.00 0.315794 2.95
1520.00 0.315793 2.95
1521.00 0.315793 2.95
1522.00 0.315793 2.95
1523.00 0.315793 2.95
1524.00 0.315793 2.95
1525.00 0.315792 2.95
1526.00 0.315792 2.95
1527.00 0.315792 2.95
1528.00 0.315792 2.95
1529.00 0.315792 2.95
1530.00 0.315792 2.95
1531.00 0.315791 2.95
1532.00 0.315791 2.95
1533.00 0.315791 2.95
1534.00 0.315791 2.95
1535.00 0.315791 2.95
1536.00 0.315791 2.95
1537.00 0.315791 2.95
1538.00 0.315790 2.95
1539.00 0.315790 2.95
1540.00 0.315790 2.95
1541.00 0.315790 2.95
1542.00 0.315790 2.95
1543.00 0.315790 2.95
1544.00 0.315789 2.95
1545.00 0.315789 2.95
1546.00 0.315789 2.95
1547.00 0.315789 2.95
1548.00 0.315789 2.95
1549.00 0.315789 2.95
1550.00 0.315789 2.95
1551.00 0.315788 2.95
1552.00 0.315788 2.95
1553.00 0.315788 2.95
1554.00 0.315788 2.95
1555.00 0.315788 2.95
1556.00 0.315788 2.95
1557.00 0.315788 2.95
1558.00 0.315787 2.95
1559.00 0.315787 2.95
1560.00 0.315787 2.95
1561.00 0.315787 2.95
1562.00 0.315787 2.95
1563.00 0.315787 2.95
1564.00 0.315787 2.95
1565.00 0.315786 2.95
1566.00 0.315786 2.95
1567.00 0.315786 2.95
1568.00 0.315786 2.95
1569.00 0.315786 2.95
1570.00 0.315786 2.95
1571.00 0.315786 2.95
1572.00 0.315786 2.95
1573.00 0.315785 2.95
1574.00 0.315785 2.95
1575.00 0.315785 2.95
1576.00 0.315785 2.95
1577.00 0.315785 2.95
1578.00 0.315785 2.95
1579.00 0.315785 2.95
1580.00 0.315785 2.95
1581.00 0.315784 2.95
1582.00 0.315784 2.95
1583.00 0.315784 2.95
1584.00 0.315784 2.95
1585.00 0.315784 2.95
1586.00 0.315784 2.95
1587.00 0.315784 2.95
1588.00 0.315784 2.95
1589.00 0.315783 2.95
1590.00 0.315783 2.95
1591.00 0.315783 2.95
1592.00 0.315783 2.95
1593.00 0.315783 2.95
1594.00 0.315783 2.95
1595.00 0.315783 2.95
1596.00 0.315783 2.95
1597.00 0.315783 2.95
1598.00 0.315782 2.95
1599.00 0.315782 2.95
1600.00 0.315782 2.95
1601.00 0.315782 2.95
1602.00 0.315782 2.95
1603.00 0.315782 2.95
1604.00 0.315782 2.95
1605.00 0.315782 2.95
1606.00 0.315782 2.95
1607.00 0.315782 2.95
1608.00 0.315781 2.95
1609.00 0.315781 2.95
1610.00 0.315781 2.95
1611.00 0.315781 2.95
1612.00 0.315781 2.95
1613.00 0.315781 2.95
1614.00 0.315781 2.95
1615.00 0.315781 2.95
1616.00 0.315781 2.95
1617.00 0.315781 2.95
1618.00 0.315780 2.95
1619.00 0.315780 2.95
1620.00 0.315780 2.95
1621.00 0.315780 2.95
1622.00 0.315780 2.95
1623.00 0.315780 2.95
1624.00 0.315780 2.95
1625.00 0.315780 2.95
1626.00 0.315780 2.95
1627.00 0.315780 2.95
1628.00 0.315780 2.95
1629.00 0.315779 2.95
1630.00 0.315779 2.95
1631.00 0.315779 2.95
1632.00 0.315779 2.95
1633.00 0.315779 2.95
1634.00 0.315779 2.95
1635.00 0.315779 2.95
1636.00 0.315779 2.95
1637.00 0.315779 2.95
1638.00 0.315779 2.95
1639.00 0.315779 2.95
1640.00 0.315778 2.95
1641.00 0.315778 2.95
1642.00 0.315778 2.95
1643.00 0.315778 2.95
1644.00 0.315778 2.95
1645.00 0.315778 2.95
1646.00 0.315778 2.95
1647.00 0.315778 2.95
1648.00 0.315778 2.95
1649.00 0.315778 2.95
1650.00 0.315778 2.95
1651.00 0.315778 2.95
1652.00 0.315777 2.95
1653.00 0.315777 2.95
1654.00 0.315777 2.95
1655.00 0.315777 2.95
1656.00 0.315777 2.95
1657.00 0.315777 2.95
1658.00 0.315777 2.95
1659.00 0.315777 2.95
1660.00 0.315777 2.95
1661.00 0.315777 2.95
1662.00 0.315777 2.95
1663.00 0.315777 2.95
1664.00 0.315777 2.95
1665.00 0.315776 2.95
1666.00 0.315776 2.95
1667.00 0.315776 2.95
1668.00 0.315776 2.95
1669.00 0.315776 2.95
1670.00 0.315776 2.95
1671.00 0.315776 2.95
1672.00 0.315776 2.95
1673.00 0.315776 2.95
1674.00 0.315776 2.95
1675.00 0.315776 2.95
1676.00 0.315776 2.95
1677.00 0.315776 2.95
1678.00 0.315776 2.95
1679.00 0.315776 2.95
1680.00 0.315775 2.95
1681.00 0.315775 2.95
1682.00 0.315775 2.95
1683.00 0.315775 2.95
1684.00 0.315775 2.95
1685.00 0.315775 2.95
1686.00 0.315775 2.95
1687.00 0.315775 2.95
1688.00 0.315775 2.95
1689.00 0.315775 2.95
1690.00 0.315775 2.95
1691.00 0.315775 2.95
1692.00 0.315775 2.95
1693.00 0.315775 2.95
1694.00 0.315775 2.95
1695.00 0.315775 2.95
1696.00 0.315774 2.95
1697.00 0.315774 2.95
1698.00 0.315774 2.95
1699.00 0.315774 2.95
1700.00 0.315774 2.95
1701.00 0.315774 2.95
1702.00 0.315774 2.95
1703.00 0.315774 2.95
1704.00 0.315774 2.95
1705.00 0.315774 2.95
1706.00 0.315774 2.95
1707.00 0.315774 2.95
1708.00 0.315774 2.95
1709.00 0.315774 2.95
1710.00 0.315774 2.95
1711.00 0.315774 2.95
1712.00 0.315774 2.95
1713.00 0.315773 2.95
1714.00 0.315773 2.95
1715.00 0.315773 2.95
1716.00 0.315773 2.95
1717.00 0.315773 2.95
1718.00 0.315773 2.95
1719.00 0.315773 2.95
1720.00 0.315773 2.95
1721.00 0.315773 2.95
1722.00 0.315773 2.95
1723.00 0.315773 2.95
1724.00 0.315773 2.95
1725.00 0.315773 2.95
1726.00 0.315773 2.95
1727.00 0.315773 2.95
1728.00 0.315773 2.95
1729.00 0.315773 2.95
1730.00 0.315773 2.95
1731.00 0.315773 2.95
1732.00 0.315773 2.95
1733.00 0.315772 2.95
1734.00 0.315772 2.95
1735.00 0.315772 2.95
1736.00 0.315772 2.95
1737.00 0.315772 2.95
1738.00 0.315772 2.95
1739.00 0.315772 2.95
1740.00 0.315772 2.95
1741.00 0.315772 2.95
1742.00 0.315772 2.95
1743.00 0.315772 2.95
1744.00 0.315772 2.95
1745.00 0.315772 2.95
1746.00 0.315772 2.95
1747.00 0.315772 2.95
1748.00 0.315772 2.95
1749.00 0.315772 2.95
1750.00 0.315772 2.95
1751.00 0.315772 2.95
1752.00 0.315772 2.95
1753.00 0.315772 2.95
1754.00 0.315772 2.95
1755.00 0.315771 2.95
1756.00 0.315771 2.95
1757.00 0.315771 2.95
1758.00 0.315771 2.95
1759.00 0.315771 2.95
1760.00 0.315771 2.95
1761.00 0.315771 2.95
1762.00 0.315771 2.95
1763.00 0.315771 2.95
1764.00 0.315771 2.95
1765.00 0.315771 2.95
1766.00 0.315771 2.95
1767.00 0.315771 2.95
1768.00 0.315771 2.95
1769.00 0.315771 2.95
1770.00 0.315771 2.95
1771.00 0.315771 2.95
1772.00 0.315771 2.95
1773.00 0.315771 2.95
1774.00 0.315771 2.95
1775.00 0.315771 2.95
1776.00 0.315771 2.95
1777.00 0.315771 2.95
1778.00 0.315771 2.95
1779.00 0.315771 2.95
1780.00 0.315770 2.95
1781.00 0.315770 2.95
1782.00 0.315770 2.95
1783.00 0.315770 2.95
1784.00 0.315770 2.95
1785.00 0.315770 2.95
1786.00 0.315770 2.95
1787.00 0.315770 2.95
1788.00 0.315770 2.95
1789.00 0.315770 2.95
1790.00 0.315770 2.95
1791.00 0.315770 2.95
1792.00 0.315770 2.95
1793.00 0.315770 2.95
1794.00 0.315770 2.95
1795.00 0.315770 2.95
1796.00 0.315770 2.95
1797.00 0.315770 2.95
1798.00 0.315770 2.95
1799.00 0.315770 2.95
1800.00 0.315770 2.95
1801.00 0.315770 2.95
1802.00 0.315770 2.95
1803.00 0.315770 2.95
1804.00 0.315770 2.95
1805.00 0.315770 2.95
1806.00 0.315770 2.95
1807.00 0.315770 2.95
1808.00 0.315770 2.95
1809.00 0.315770 2.95
1810.00 0.315769 2.95
1811.00 0.315769 2.95
1812.00 0.315769 2.95
1813.00 0.315769 2.95
1814.00 0.315769 2.95
1815.00 0.315769 2.95
1816.00 0.315769 2.95
1817.00 0.315769 2.95
1818.00 0.315769 2.95
1819.00 0.315769 2.95
1820.00 0.315769 2.95
1821.00 0.315769 2.95
1822.00 0.315769 2.95
1823.00 0.315769 2.95
1824.00 0.315769 2.95
1825.00 0.315769 2.95
1826.00 0.315769 2.95
1827.00 0.315769 2.95
1828.00 0.315769 2.95
1829.00 0.315769 2.95
1830.00 0.315769 2.95
1831.00 0.315769 2.95
1832.00 0.315769 2.95
1833.00 0.315769 2.95
1834.00 0.315769 2.95
1835.00 0.315769 2.95
1836.00 0.315769 2.95
1837.00 0.315769 2.95
1838.00 0.315769 2.95
1839.00 0.315769 2.95
1840.00 0.315769 2.95
1841.00 0.315769 2.95
1842.00 0.315769 2.95
1843.00 0.315769 2.95
1844.00 0.315769 2.95
1845.00 0.315769 2.95
1846.00 0.315769 2.95
1847.00 0.315768 2.95
1848.00 0.315768 2.95
1849.00 0.315768 2.95
1850.00 0.315768 2.95
1851.00 0.315768 2.95
1852.00 0.315768 2.95
1853.00 0.315768 2.95
1854.00 0.315768 2.95
1855.00 0.315768 2.95
1856.00 0.315768 2.95
1857.00 0.315768 2.95
1858.00 0.315768 2.95
1859.00 0.315768 2.95
1860.00 0.315768 2.95
1861.00 0.315768 2.95
1862.00 0.315768 2.95
1863.00 0.315768 2.95
1864.00 0.315768 2.95
1865.00 0.315768 2.95
1866.00 0.315768 2.95
1867.00 0.315768 2.95
1868.00 0.315768 2.95
1869.00 0.315768 2.95
1870.00 0.315768 2.95
1871.00 0.315768 2.95
1872.00 0.315768 2.95
1873.00 0.315768 2.95
1874.00 0.315768 2.95
1875.00 0.315768 2.95
1876.00 0.315768 2.95
1877.00 0.315768 2.95
1878.00 0.315768 2.95
1879.00 0.315768 2.95
1880.00 0.315768 2.95
1881.00 0.315768 2.95
1882.00 0.315768 2.95
1883.00 0.315768 2.95
1884.00 0.315768 2.95
1885.00 0.315768 2.95
1886.00 0.315768 2.95
1887.00 0.315768 2.95
1888.00 0.315768 2.95
1889.00 0.315768 2.95
1890.00 0.315768 2.95
1891.00 0.315768 2.95
1892.00 0.315768 2.95
1893.00 0.315768 2.95
1894.00 0.315768 2.95
1895.00 0.315767 2.95
1896.00 0.315767 2.95
1897.00 0.315767 2.95
1898.00 0.315767 2.95
1899.00 0.315767 2.95
1900.00 0.315767 2.95
1901.00 0.315767 2.95
1902.00 0.315767 2.95
1903.00 0.315767 2.95
1904.00 0.315767 2.95
1905.00 0.315767 2.95
1906.00 0.315767 2.95
1907.00 0.315767 2.95
1908.00 0.315767 2.95
1909.00 0.315767 2.95
1910.00 0.315767 2.95
1911.00 0.315767 2.95
1912.00 0.315767 2.95
1913.00 0.315767 2.95
1914.00 0.315767 2.95
1915.00 0.315767 2.95
1916.00 0.315767 2.95
1917.00 0.315767 2.95
1918.00 0.315767 2.95
1919.00 0.315767 2.95
1920.00 0.315767 2.95
1921.00 0.315767 2.95
1922.00 0.315767 2.95
1923.00 0.315767 2.95
1924.00 0.315767 2.95
1925.00 0.315767 2.95
1926.00 0.315767 2.95
1927.00 0.315767 2.95
1928.00 0.315767 2.95
1929.00 0.315767 2.95
1930.00 0.315767 2.95
1931.00 0.315767 2.95
1932.00 0.315767 2.95
1933.00 0.315767 2.95
1934.00 0.315767 2.95
1935.00 0.315767 2.95
1936.00 0.315767 2.95
1937.00 0.315767 2.95
1938.00 0.315767 2.95
1939.00 0.315767 2.95
1940.00 0.315767 2.95
1941.00 0.315767 2.95
1942.00 0.315767 2.95
1943.00 0.315767 2.95
1944.00 0.315767 2.95
1945.00 0.315767 2.95
1946.00 0.315767 2.95
1947.00 0.315767 2.95
1948.00 0.315767 2.95
1949.00 0.315767 2.95
1950.00 0.315767 2.95
1951.00 0.315767 2.95
1952.00 0.315767 2.95
1953.00 0.315767 2.95
1954.00 0.315767 2.95
1955.00 0.315767 2.95
1956.00 0.315767 2.95
1957.00 0.315767 2.95
1958.00 0.315767 2.95
1959.00 0.315767 2.95
1960.00 0.315767 2.95
1961.00 0.315767 2.95
1962.00 0.315766 2.95
1963.00 0.315766 2.95
1964.00 0.315766 2.95
1965.00 0.315766 2.95
1966.00 0.315766 2.95
1967.00 0.315766 2.95
1968.00 0.315766 2.95
1969.00 0.315766 2.95
1970.00 0.315766 2.95
1971.00 0.315766 2.95
1972.00 0.315766 2.95
1973.00 0.315766 2.95
1974.00 0.315766 2.95
1975.00 0.315766 2.95
1976.00 0.315766 2.95
1977.00 0.315766 2.95
1978.00 0.315766 2.95
1979.00 0.315766 2.95
1980.00 0.315766 2.95
1981.00 0.315766 2.95
1982.00 0.315766 2.95
1983.00 0.315766 2.95
1984.00 0.315766 2.95
1985.00 0.315766 2.95
1986.00 0.315766 2.95
1987.00 0.315766 2.95
1988.00 0.315766 2.95
1989.00 0.315766 2.95
1990.00 0.315766 2.95
1991.00 0.315766 2.95
1992.00 0.315766 2.95
1993.00 0.315766 2.95
1994.00 0.315766 2.95
1995.00 0.315766 2.95
1996.00 0.315766 2.95
1997.00 0.315766 2.95
1998.00 0.315766 2.95
1999.00 0.315766 2.95
2000.00 0.315766 2.95
