0.00 0.539683 4.36
1.00 0.538514 4.36
2.00 0.537340 4.36
3.00 0.536160 4.36
4.00 0.534973 4.36
5.00 0.533781 4.36
6.00 0.532581 4.36
7.00 0.531376 4.36
8.00 0.530163 4.36
9.00 0.528943 4.36
10.00 0.527716 4.36
11.00 0.526482 4.36
12.00 0.525239 4.36
13.00 0.523988 4.36
14.00 0.522728 4.36
15.00 0.521459 4.36
16.00 0.520180 4.36
17.00 0.518892 4.36
18.00 0.517592 4.36
19.00 0.516282 4.36
20.00 0.514961 4.36
21.00 0.513655 4.35
22.00 0.512341 4.35
23.00 0.511017 4.35
24.00 0.509696 4.34
25.00 0.508387 4.34
26.00 0.507090 4.33
27.00 0.505799 4.33
28.00 0.504499 4.33
29.00 0.503191 4.33
30.00 0.501878 4.32
31.00 0.500614 4.31
32.00 0.499349 4.31
33.00 0.498075 4.31
34.00 0.496793 4.31
35.00 0.495500 4.31
36.00 0.494196 4.31
37.00 0.492881 4.31
38.00 0.491554 4.31
39.00 0.490214 4.31
40.00 0.488861 4.31
41.00 0.487495 4.31
42.00 0.486139 4.30
43.00 0.484813 4.28
44.00 0.483519 4.28
45.00 0.482216 4.28
46.00 0.480927 4.26
47.00 0.479701 4.25
48.00 0.478489 4.25
49.00 0.477270 4.25
50.00 0.476042 4.25
51.00 0.474825 4.23
52.00 0.473602 4.23
53.00 0.472370 4.23
54.00 0.471128 4.22
55.00 0.469911 4.22
56.00 0.468684 4.22
57.00 0.467447 4.22
58.00 0.466212 4.21
59.00 0.465001 4.19
60.00 0.463836 4.19
61.00 0.462691 4.18
62.00 0.461556 4.18
63.00 0.460451 4.17
64.00 0.459346 4.17
65.00 0.458233 4.17
66.00 0.457111 4.17
67.00 0.456003 4.16
68.00 0.454898 4.16
69.00 0.453785 4.16
70.00 0.452662 4.16
71.00 0.451530 4.16
72.00 0.450395 4.14
73.00 0.449311 4.14
74.00 0.448231 4.13
75.00 0.447176 4.13
76.00 0.446113 4.13
77.00 0.445058 4.12
78.00 0.444022 4.12
79.00 0.442978 4.12
80.00 0.441926 4.12
81.00 0.440883 4.11
82.00 0.439843 4.11
83.00 0.438822 4.10
84.00 0.437801 4.10
85.00 0.436773 4.10
86.00 0.435746 4.09
87.00 0.434755 4.08
88.00 0.433772 4.08
89.00 0.432821 4.07
90.00 0.431868 4.07
91.00 0.430916 4.06
92.00 0.429993 4.06
93.00 0.429063 4.06
94.00 0.428128 4.05
95.00 0.427200 4.05
96.00 0.426264 4.05
97.00 0.425321 4.05
98.00 0.424369 4.05
99.00 0.423409 4.05
100.00 0.422440 4.05
101.00 0.421492 4.04
102.00 0.420560 4.02
103.00 0.419668 4.02
104.00 0.418774 4.01
105.00 0.417913 4.01
106.00 0.417082 3.99
107.00 0.416290 3.99
108.00 0.415495 3.99
109.00 0.414696 3.99
110.00 0.413893 3.99
111.00 0.413084 3.99
112.00 0.412269 3.99
113.00 0.411447 3.98
114.00 0.410630 3.98
115.00 0.409828 3.97
116.00 0.409025 3.96
117.00 0.408253 3.96
118.00 0.407476 3.96
119.00 0.406694 3.96
120.00 0.405908 3.96
121.00 0.405136 3.95
122.00 0.404412 3.94
123.00 0.403693 3.94
124.00 0.402969 3.94
125.00 0.402255 3.93
126.00 0.401558 3.93
127.00 0.400858 3.93
128.00 0.400180 3.91
129.00 0.399531 3.91
130.00 0.398880 3.91
131.00 0.398226 3.91
132.00 0.397569 3.91
133.00 0.396907 3.91
134.00 0.396263 3.90
135.00 0.395626 3.90
136.00 0.394985 3.90
137.00 0.394340 3.90
138.00 0.393698 3.89
139.00 0.393083 3.89
140.00 0.392472 3.88
141.00 0.391881 3.87
142.00 0.391308 3.86
143.00 0.390736 3.86
144.00 0.390190 3.85
145.00 0.389647 3.85
146.00 0.389104 3.85
147.00 0.388558 3.85
148.00 0.388038 3.83
149.00 0.387541 3.83
150.00 0.387045 3.82
151.00 0.386554 3.82
152.00 0.386063 3.82
153.00 0.385570 3.82
154.00 0.385076 3.82
155.00 0.384602 3.81
156.00 0.384132 3.81
157.00 0.383661 3.81
158.00 0.383191 3.80
159.00 0.382743 3.80
160.00 0.382315 3.79
161.00 0.381900 3.79
162.00 0.381486 3.79
163.00 0.381073 3.79
164.00 0.380659 3.79
165.00 0.380275 3.78
166.00 0.379894 3.78
167.00 0.379512 3.78
168.00 0.379131 3.78
169.00 0.378750 3.78
170.00 0.378368 3.78
171.00 0.377986 3.78
172.00 0.377619 3.77
173.00 0.377266 3.77
174.00 0.376914 3.77
175.00 0.376562 3.77
176.00 0.376209 3.77
177.00 0.375856 3.77
178.00 0.375501 3.77
179.00 0.375146 3.77
180.00 0.374795 3.76
181.00 0.374456 3.76
182.00 0.374116 3.76
183.00 0.373775 3.76
184.00 0.373433 3.76
185.00 0.373089 3.76
186.00 0.372746 3.75
187.00 0.372415 3.74
188.00 0.372098 3.74
189.00 0.371782 3.74
190.00 0.371467 3.74
191.00 0.371151 3.74
192.00 0.370835 3.74
193.00 0.370534 3.73
194.00 0.370243 3.73
195.00 0.369953 3.73
196.00 0.369665 3.73
197.00 0.369376 3.73
198.00 0.369088 3.73
199.00 0.368800 3.73
200.00 0.368515 3.72
201.00 0.368250 3.72
202.00 0.367987 3.72
203.00 0.367725 3.72
204.00 0.367464 3.72
205.00 0.367203 3.72
206.00 0.366952 3.71
207.00 0.366716 3.71
208.00 0.366481 3.71
209.00 0.366248 3.71
210.00 0.366018 3.70
211.00 0.365801 3.70
212.00 0.365585 3.70
213.00 0.365375 3.69
214.00 0.365166 3.69
215.00 0.364959 3.69
216.00 0.364753 3.69
217.00 0.364547 3.69
218.00 0.364342 3.69
219.00 0.364139 3.69
220.00 0.363935 3.69
221.00 0.363732 3.69
222.00 0.363529 3.69
223.00 0.363327 3.69
224.00 0.363124 3.69
225.00 0.362921 3.69
226.00 0.362718 3.69
227.00 0.362515 3.69
228.00 0.362312 3.69
229.00 0.362108 3.69
230.00 0.361903 3.69
231.00 0.361698 3.69
232.00 0.361492 3.69
233.00 0.361285 3.69
234.00 0.361078 3.69
235.00 0.360872 3.68
236.00 0.360666 3.68
237.00 0.360460 3.68
238.00 0.360253 3.68
239.00 0.360045 3.68
240.00 0.359836 3.68
241.00 0.359626 3.68
242.00 0.359416 3.68
243.00 0.359209 3.67
244.00 0.359006 3.67
245.00 0.358804 3.67
246.00 0.358601 3.67
247.00 0.358397 3.67
248.00 0.358193 3.67
249.00 0.357989 3.67
250.00 0.357784 3.67
251.00 0.357589 3.66
252.00 0.357396 3.66
253.00 0.357211 3.65
254.00 0.357037 3.65
255.00 0.356864 3.65
256.00 0.356694 3.65
257.00 0.356524 3.65
258.00 0.356355 3.65
259.00 0.356187 3.65
260.00 0.356034 3.63
261.00 0.355904 3.63
262.00 0.355777 3.63
263.00 0.355652 3.63
264.00 0.355530 3.63
265.00 0.355410 3.63
266.00 0.355293 3.63
267.00 0.355176 3.63
268.00 0.355062 3.63
269.00 0.354949 3.63
270.00 0.354837 3.63
271.00 0.354727 3.63
272.00 0.354618 3.63
273.00 0.354510 3.63
274.00 0.354403 3.63
275.00 0.354298 3.63
276.00 0.354193 3.63
277.00 0.354090 3.63
278.00 0.353988 3.62
279.00 0.353893 3.62
280.00 0.353800 3.62
281.00 0.353708 3.62
282.00 0.353617 3.62
283.00 0.353528 3.62
284.00 0.353440 3.62
285.00 0.353353 3.62
286.00 0.353267 3.62
287.00 0.353182 3.62
288.00 0.353098 3.62
289.00 0.353015 3.62
290.00 0.352933 3.62
291.00 0.352852 3.62
292.00 0.352772 3.62
293.00 0.352692 3.62
294.00 0.352615 3.61
295.00 0.352540 3.61
296.00 0.352467 3.61
297.00 0.352394 3.61
298.00 0.352323 3.61
299.00 0.352252 3.61
300.00 0.352182 3.61
301.00 0.352113 3.61
302.00 0.352045 3.61
303.00 0.351978 3.61
304.00 0.351911 3.61
305.00 0.351845 3.61
306.00 0.351780 3.61
307.00 0.351716 3.61
308.00 0.351652 3.61
309.00 0.351588 3.61
310.00 0.351526 3.61
311.00 0.351464 3.61
312.00 0.351402 3.61
313.00 0.351341 3.61
314.00 0.351280 3.61
315.00 0.351220 3.61
316.00 0.351160 3.61
317.00 0.351101 3.61
318.00 0.351042 3.61
319.00 0.350984 3.61
320.00 0.350926 3.61
321.00 0.350868 3.61
322.00 0.350811 3.61
323.00 0.350754 3.61
324.00 0.350698 3.61
325.00 0.350641 3.61
326.00 0.350586 3.61
327.00 0.350530 3.61
328.00 0.350474 3.61
329.00 0.350419 3.61
330.00 0.350364 3.61
331.00 0.350310 3.61
332.00 0.350255 3.61
333.00 0.350201 3.61
334.00 0.350147 3.61
335.00 0.350093 3.61
336.00 0.350040 3.61
337.00 0.349986 3.61
338.00 0.349933 3.61
339.00 0.349880 3.61
340.00 0.349827 3.61
341.00 0.349774 3.61
342.00 0.349721 3.61
343.00 0.349668 3.61
344.00 0.349615 3.61
345.00 0.349563 3.61
346.00 0.349510 3.61
347.00 0.349458 3.61
348.00 0.349405 3.61
349.00 0.349353 3.61
350.00 0.349301 3.61
351.00 0.349248 3.61
352.00 0.349196 3.61
353.00 0.349144 3.61
354.00 0.349091 3.61
355.00 0.349039 3.61
356.00 0.348987 3.61
357.00 0.348934 3.61
358.00 0.348882 3.61
359.00 0.348829 3.61
360.00 0.348777 3.61
361.00 0.348724 3.61
362.00 0.348671 3.61
363.00 0.348618 3.61
364.00 0.348565 3.61
365.00 0.348512 3.61
366.00 0.348459 3.61
367.00 0.348406 3.61
368.00 0.348353 3.61
369.00 0.348299 3.61
370.00 0.348245 3.61
371.00 0.348192 3.61
372.00 0.348138 3.61
373.00 0.348083 3.61
374.00 0.348029 3.61
375.00 0.347975 3.61
376.00 0.347920 3.61
377.00 0.347865 3.61
378.00 0.347810 3.61
379.00 0.347755 3.61
380.00 0.347699 3.61
381.00 0.347643 3.61
382.00 0.347588 3.61
383.00 0.347531 3.61
384.00 0.347475 3.61
385.00 0.347418 3.61
386.00 0.347361 3.61
387.00 0.347304 3.61
388.00 0.347247 3.61
389.00 0.347189 3.61
390.00 0.347131 3.61
391.00 0.347073 3.61
392.00 0.347014 3.61
393.00 0.346956 3.61
394.00 0.346898 3.60
395.00 0.346844 3.60
396.00 0.346791 3.60
397.00 0.346738 3.60
398.00 0.346686 3.60
399.00 0.346633 3.60
400.00 0.346581 3.60
401.00 0.346529 3.60
402.00 0.346477 3.60
403.00 0.346425 3.60
404.00 0.346373 3.60
405.00 0.346321 3.60
406.00 0.346269 3.60
407.00 0.346218 3.60
408.00 0.346166 3.60
409.00 0.346115 3.60
410.00 0.346064 3.60
411.00 0.346013 3.60
412.00 0.345961 3.60
413.00 0.345910 3.60
414.00 0.345859 3.60
415.00 0.345808 3.60
416.00 0.345757 3.60
417.00 0.345707 3.60
418.00 0.345656 3.60
419.00 0.345605 3.60
420.00 0.345554 3.60
421.00 0.345503 3.60
422.00 0.345452 3.60
423.00 0.345408 3.59
424.00 0.345365 3.59
425.00 0.345322 3.59
426.00 0.345280 3.59
427.00 0.345238 3.59
428.00 0.345197 3.59
429.00 0.345156 3.59
430.00 0.345115 3.59
431.00 0.345075 3.59
432.00 0.345035 3.59
433.00 0.344995 3.59
434.00 0.344956 3.59
435.00 0.344916 3.59
436.00 0.344878 3.59
437.00 0.344839 3.59
438.00 0.344800 3.59
439.00 0.344762 3.59
440.00 0.344724 3.59
441.00 0.344688 3.58
442.00 0.344653 3.58
443.00 0.344618 3.58
444.00 0.344584 3.58
445.00 0.344551 3.58
446.00 0.344518 3.58
447.00 0.344485 3.58
448.00 0.344453 3.57
449.00 0.344425 3.57
450.00 0.344398 3.57
451.00 0.344371 3.57
452.00 0.344345 3.57
453.00 0.344320 3.57
454.00 0.344295 3.57
455.00 0.344270 3.57
456.00 0.344246 3.57
457.00 0.344223 3.57
458.00 0.344200 3.57
459.00 0.344177 3.57
460.00 0.344155 3.57
461.00 0.344133 3.57
462.00 0.344112 3.57
463.00 0.344091 3.57
464.00 0.344070 3.57
465.00 0.344050 3.57
466.00 0.344030 3.57
467.00 0.344011 3.57
468.00 0.343992 3.57
469.00 0.343973 3.57
470.00 0.343954 3.57
471.00 0.343936 3.57
472.00 0.343918 3.57
473.00 0.343901 3.57
474.00 0.343883 3.57
475.00 0.343866 3.57
476.00 0.343850 3.57
477.00 0.343833 3.57
478.00 0.343817 3.57
479.00 0.343801 3.57
480.00 0.343786 3.57
481.00 0.343770 3.57
482.00 0.343755 3.57
483.00 0.343740 3.57
484.00 0.343726 3.57
485.00 0.343711 3.57
486.00 0.343697 3.57
487.00 0.343683 3.57
488.00 0.343669 3.57
489.00 0.343656 3.57
490.00 0.343643 3.57
491.00 0.343630 3.57
492.00 0.343617 3.57
493.00 0.343604 3.57
494.00 0.343592 3.57
495.00 0.343579 3.57
496.00 0.343567 3.57
497.00 0.343555 3.57
498.00 0.343544 3.57
499.00 0.343532 3.57
500.00 0.343521 3.57
501.00 0.343510 3.57
502.00 0.343499 3.57
503.00 0.343488 3.57
504.00 0.343477 3.57
505.00 0.343467 3.57
506.00 0.343456 3.57
507.00 0.343446 3.57
508.00 0.343436 3.57
509.00 0.343426 3.57
510.00 0.343417 3.57
511.00 0.343407 3.57
512.00 0.343398 3.57
513.00 0.343388 3.57
514.00 0.343379 3.57
515.00 0.343370 3.57
516.00 0.343361 3.57
517.00 0.343353 3.57
518.00 0.343344 3.57
519.00 0.343335 3.57
520.00 0.343327 3.57
521.00 0.343319 3.57
522.00 0.343311 3.57
523.00 0.343303 3.57
524.00 0.343295 3.57
525.00 0.343287 3.57
526.00 0.343279 3.57
527.00 0.343272 3.57
528.00 0.343265 3.57
529.00 0.343257 3.57
530.00 0.343250 3.57
531.00 0.343243 3.57
532.00 0.343236 3.57
533.00 0.343229 3.57
534.00 0.343222 3.57
535.00 0.343216 3.57
536.00 0.343209 3.57
537.00 0.343202 3.57
538.00 0.343196 3.57
539.00 0.343190 3.57
540.00 0.343183 3.57
541.00 0.343177 3.57
542.00 0.343171 3.57
543.00 0.343165 3.57
544.00 0.343159 3.57
545.00 0.343154 3.57
546.00 0.343148 3.57
547.00 0.343142 3.57
548.00 0.343137 3.57
549.00 0.343131 3.57
550.00 0.343126 3.57
551.00 0.343121 3.57
552.00 0.343115 3.57
553.00 0.343110 3.57
554.00 0.343105 3.57
555.00 0.343100 3.57
556.00 0.343095 3.57
557.00 0.343090 3.57
558.00 0.343085 3.57
559.00 0.343081 3.57
560.00 0.343076 3.57
561.00 0.343071 3.57
562.00 0.343067 3.57
563.00 0.343062 3.57
564.00 0.343058 3.57
565.00 0.343053 3.57
566.00 0.343049 3.57
567.00 0.343045 3.57
568.00 0.343041 3.57
569.00 0.343037 3.57
570.00 0.343033 3.57
571.00 0.343029 3.57
572.00 0.343025 3.57
573.00 0.343021 3.57
574.00 0.343017 3.57
575.00 0.343013 3.57
576.00 0.343009 3.57
577.00 0.343006 3.57
578.00 0.343002 3.57
579.00 0.342998 3.57
580.00 0.342995 3.57
581.00 0.342991 3.57
582.00 0.342988 3.57
583.00 0.342985 3.57
584.00 0.342981 3.57
585.00 0.342978 3.57
586.00 0.342975 3.57
587.00 0.342971 3.57
588.00 0.342968 3.57
589.00 0.342965 3.57
590.00 0.342962 3.57
591.00 0.342959 3.57
592.00 0.342956 3.57
593.00 0.342953 3.57
594.00 0.342950 3.57
595.00 0.342947 3.57
596.00 0.342944 3.57
597.00 0.342942 3.57
598.00 0.342939 3.57
599.00 0.342936 3.57
600.00 0.342933 3.57
601.00 0.342931 3.57
602.00 0.342928 3.57
603.00 0.342926 3.57
604.00 0.342923 3.57
605.00 0.342920 3.57
606.00 0.342918 3.57
607.00 0.342916 3.57
608.00 0.342913 3.57
609.00 0.342911 3.57
610.00 0.342908 3.57
611.00 0.342906 3.57
612.00 0.342904 3.57
613.00 0.342902 3.57
614.00 0.342899 3.57
615.00 0.342897 3.57
616.00 0.342895 3.57
617.00 0.342893 3.57
618.00 0.342891 3.57
619.00 0.342889 3.57
620.00 0.342887 3.57
621.00 0.342885 3.57
622.00 0.342883 3.57
623.00 0.342881 3.57
624.00 0.342879 3.57
625.00 0.342877 3.57
626.00 0.342875 3.57
627.00 0.342873 3.57
628.00 0.342871 3.57
629.00 0.342869 3.57
630.00 0.342868 3.57
631.00 0.342866 3.57
632.00 0.342864 3.57
633.00 0.342862 3.57
634.00 0.342861 3.57
635.00 0.342859 3.57
636.00 0.342857 3.57
637.00 0.342856 3.57
638.00 0.342854 3.57
639.00 0.342853 3.57
640.00 0.342851 3.57
641.00 0.342849 3.57
642.00 0.342848 3.57
643.00 0.342846 3.57
644.00 0.342845 3.57
645.00 0.342843 3.57
646.00 0.342842 3.57
647.00 0.342841 3.57
648.00 0.342839 3.57
649.00 0.342838 3.57
650.00 0.342836 3.57
651.00 0.342835 3.57
652.00 0.342834 3.57
653.00 0.342832 3.57
654.00 0.342831 3.57
655.00 0.342830 3.57
656.00 0.342829 3.57
657.00 0.342827 3.57
658.00 0.342826 3.57
659.00 0.342825 3.57
660.00 0.342824 3.57
661.00 0.342822 3.57
662.00 0.342821 3.57
663.00 0.342820 3.57
664.00 0.342819 3.57
665.00 0.342818 3.57
666.00 0.342817 3.57
667.00 0.342816 3.57
668.00 0.342815 3.57
669.00 0.342814 3.57
670.00 0.342812 3.57
671.00 0.342811 3.57
672.00 0.342810 3.57
673.00 0.342809 3.57
674.00 0.342808 3.57
675.00 0.342807 3.57
676.00 0.342806 3.57
677.00 0.342806 3.57
678.00 0.342805 3.57
679.00 0.342804 3.57
680.00 0.342803 3.57
681.00 0.342802 3.57
682.00 0.342801 3.57
683.00 0.342800 3.57
684.00 0.342799 3.57
685.00 0.342798 3.57
686.00 0.342797 3.57
687.00 0.342797 3.57
688.00 0.342796 3.57
689.00 0.342795 3.57
690.00 0.342794 3.57
691.00 0.342793 3.57
692.00 0.342793 3.57
693.00 0.342792 3.57
694.00 0.342791 3.57
695.00 0.342790 3.57
696.00 0.342790 3.57
697.00 0.342789 3.57
698.00 0.342788 3.57
699.00 0.342787 3.57
700.00 0.342787 3.57
701.00 0.342786 3.57
702.00 0.342785 3.57
703.00 0.342785 3.57
704.00 0.342784 3.57
705.00 0.342783 3.57
706.00 0.342783 3.57
707.00 0.342782 3.57
708.00 0.342781 3.57
709.00 0.342781 3.57
710.00 0.342780 3.57
711.00 0.342779 3.57
712.00 0.342779 3.57
713.00 0.342778 3.57
714.00 0.342778 3.57
715.00 0.342777 3.57
716.00 0.342777 3.57
717.00 0.342776 3.57
718.00 0.342775 3.57
719.00 0.342775 3.57
720.00 0.342774 3.57
721.00 0.342774 3.57
722.00 0.342773 3.57
723.00 0.342773 3.57
724.00 0.342772 3.57
725.00 0.342772 3.57
726.00 0.342771 3.57
727.00 0.342771 3.57
728.00 0.342770 3.57
729.00 0.342770 3.57
730.00 0.342769 3.57
731.00 0.342769 3.57
732.00 0.342768 3.57
733.00 0.342768 3.57
734.00 0.342767 3.57
735.00 0.342767 3.57
736.00 0.342767 3.57
737.00 0.342766 3.57
738.00 0.342766 3.57
739.00 0.342765 3.57
740.00 0.342765 3.57
741.00 0.342764 3.57
742.00 0.342764 3.57
743.00 0.342764 3.57
744.00 0.342763 3.57
745.00 0.342763 3.57
746.00 0.342762 3.57
747.00 0.342762 3.57
748.00 0.342762 3.57
749.00 0.342761 3.57
750.00 0.342761 3.57
751.00 0.342761 3.57
752.00 0.342760 3.57
753.00 0.342760 3.57
754.00 0.342760 3.57
755.00 0.342759 3.57
756.00 0.342759 3.57
757.00 0.342759 3.57
758.00 0.342758 3.57
759.00 0.342758 3.57
760.00 0.342758 3.57
761.00 0.342757 3.57
762.00 0.342757 3.57
763.00 0.342757 3.57
764.00 0.342756 3.57
765.00 0.342756 3.57
766.00 0.342756 3.57
767.00 0.342755 3.57
768.00 0.342755 3.57
769.00 0.342755 3.57
770.00 0.342755 3.57
771.00 0.342754 3.57
772.00 0.342754 3.57
773.00 0.342754 3.57
774.00 0.342753 3.57
775.00 0.342753 3.57
776.00 0.342753 3.57
777.00 0.342753 3.57
778.00 0.342752 3.57
779.00 0.342752 3.57
780.00 0.342752 3.57
781.00 0.342752 3.57
782.00 0.342751 3.57
783.00 0.342751 3.57
784.00 0.342751 3.57
785.00 0.342751 3.57
786.00 0.342751 3.57
787.00 0.342750 3.57
788.00 0.342750 3.57
789.00 0.342750 3.57
790.00 0.342750 3.57
791.00 0.342749 3.57
792.00 0.342749 3.57
793.00 0.342749 3.57
794.00 0.342749 3.57
795.00 0.342749 3.57
796.00 0.342748 3.57
797.00 0.342748 3.57
798.00 0.342748 3.57
799.00 0.342748 3.57
800.00 0.342748 3.57
801.00 0.342747 3.57
802.00 0.342747 3.57
803.00 0.342747 3.57
804.00 0.342747 3.57
805.00 0.342747 3.57
806.00 0.342747 3.57
807.00 0.342746 3.57
808.00 0.342746 3.57
809.00 0.342746 3.57
810.00 0.342746 3.57
811.00 0.342746 3.57
812.00 0.342746 3.57
813.00 0.342745 3.57
814.00 0.342745 3.57
815.00 0.342745 3.57
816.00 0.342745 3.57
817.00 0.342745 3.57
818.00 0.342745 3.57
819.00 0.342744 3.57
820.00 0.342744 3.57
821.00 0.342744 3.57
822.00 0.342744 3.57
823.00 0.342744 3.57
824.00 0.342744 3.57
825.00 0.342744 3.57
826.00 0.342743 3.57
827.00 0.342743 3.57
828.00 0.342743 3.57
829.00 0.342743 3.57
830.00 0.342743 3.57
831.00 0.342743 3.57
832.00 0.342743 3.57
833.00 0.342743 3.57
834.00 0.342742 3.57
835.00 0.342742 3.57
836.00 0.342742 3.57
837.00 0.342742 3.57
838.00 0.342742 3.57
839.00 0.342742 3.57
840.00 0.342742 3.57
841.00 0.342742 3.57
842.00 0.342742 3.57
843.00 0.342741 3.57
844.00 0.342741 3.57
845.00 0.342741 3.57
846.00 0.342741 3.57
847.00 0.342741 3.57
848.00 0.342741 3.57
849.00 0.342741 3.57
850.00 0.342741 3.57
851.00 0.342741 3.57
852.00 0.342740 3.57
853.00 0.342740 3.57
854.00 0.342740 3.57
855.00 0.342740 3.57
856.00 0.342740 3.57
857.00 0.342740 3.57
858.00 0.342740 3.57
859.00 0.342740 3.57
860.00 0.342740 3.57
861.00 0.342740 3.57
862.00 0.342740 3.57
863.00 0.342739 3.57
864.00 0.342739 3.57
865.00 0.342739 3.57
866.00 0.342739 3.57
867.00 0.342739 3.57
868.00 0.342739 3.57
869.00 0.342739 3.57
870.00 0.342739 3.57
871.00 0.342739 3.57
872.00 0.342739 3.57
873.00 0.342739 3.57
874.00 0.342739 3.57
875.00 0.342739 3.57
876.00 0.342738 3.57
877.00 0.342738 3.57
878.00 0.342738 3.57
879.00 0.342738 3.57
880.00 0.342738 3.57
881.00 0.342738 3.57
882.00 0.342738 3.57
883.00 0.342738 3.57
884.00 0.342738 3.57
885.00 0.342738 3.57
886.00 0.342738 3.57
887.00 0.342738 3.57
888.00 0.342738 3.57
889.00 0.342738 3.57
890.00 0.342738 3.57
891.00 0.342738 3.57
892.00 0.342737 3.57
893.00 0.342737 3.57
894.00 0.342737 3.57
895.00 0.342737 3.57
896.00 0.342737 3.57
897.00 0.342737 3.57
898.00 0.342737 3.57
899.00 0.342737 3.57
900.00 0.342737 3.57
901.00 0.342737 3.57
902.00 0.342737 3.57
903.00 0.342737 3.57
904.00 0.342737 3.57
905.00 0.342737 3.57
906.00 0.342737 3.57
907.00 0.342737 3.57
908.00 0.342737 3.57
909.00 0.342737 3.57
910.00 0.342737 3.57
911.00 0.342737 3.57
912.00 0.342736 3.57
913.00 0.342736 3.57
914.00 0.342736 3.57
915.00 0.342736 3.57
916.00 0.342736 3.57
917.00 0.342736 3.57
918.00 0.342736 3.57
919.00 0.342736 3.57
920.00 0.342736 3.57
921.00 0.342736 3.57
922.00 0.342736 3.57
923.00 0.342736 3.57
924.00 0.342736 3.57
925.00 0.342736 3.57
926.00 0.342736 3.57
927.00 0.342736 3.57
928.00 0.342736 3.57
929.00 0.342736 3.57
930.00 0.342736 3.57
931.00 0.342736 3.57
932.00 0.342736 3.57
933.00 0.342736 3.57
934.00 0.342736 3.57
935.00 0.342736 3.57
936.00 0.342736 3.57
937.00 0.342736 3.57
938.00 0.342736 3.57
939.00 0.342735 3.57
940.00 0.342735 3.57
941.00 0.342735 3.57
942.00 0.342735 3.57
943.00 0.342735 3.57
944.00 0.342735 3.57
945.00 0.342735 3.57
946.00 0.342735 3.57
947.00 0.342735 3.57
948.00 0.342735 3.57
949.00 0.342735 3.57
950.00 0.342735 3.57
951.00 0.342735 3.57
952.00 0.342735 3.57
953.00 0.342735 3.57
954.00 0.342735 3.57
955.00 0.342735 3.57
956.00 0.342735 3.57
957.00 0.342735 3.57
958.00 0.342735 3.57
959.00 0.342735 3.57
960.00 0.342735 3.57
961.00 0.342735 3.57
962.00 0.342735 3.57
963.00 0.342735 3.57
964.00 0.342735 3.57
965.00 0.342735 3.57
966.00 0.342735 3.57
967.00 0.342735 3.57
968.00 0.342735 3.57
969.00 0.342735 3.57
970.00 0.342735 3.57
971.00 0.342735 3.57
972.00 0.342735 3.57
973.00 0.342735 3.57
974.00 0.342735 3.57
975.00 0.342735 3.57
976.00 0.342735 3.57
977.00 0.342735 3.57
978.00 0.342735 3.57
979.00 0.342735 3.57
980.00 0.342734 3.57
981.00 0.342734 3.57
982.00 0.342734 3.57
983.00 0.342734 3.57
984.00 0.342734 3.57
985.00 0.342734 3.57
986.00 0.342734 3.57
987.00 0.342734 3.57
988.00 0.342734 3.57
989.00 0.342734 3.57
990.00 0.342734 3.57
991.00 0.342734 3.57
992.00 0.342734 3.57
993.00 0.342734 3.57
994.00 0.342734 3.57
995.00 0.342734 3.57
996.00 0.342734 3.57
997.00 0.342734 3.57
998.00 0.342734 3.57
999.00 0.342734 3.57
1000.00 0.342734 3.57
1001.00 0.342734 3.57
1002.00 0.342734 3.57
1003.00 0.342734 3.57
1004.00 0.342734 3.57
1005.00 0.342734 3.57
1006.00 0.342734 3.57
1007.00 0.342734 3.57
1008.00 0.342734 3.57
1009.00 0.342734 3.57
1010.00 0.342734 3.57
1011.00 0.342734 3.57
1012.00 0.342734 3.57
1013.00 0.342734 3.57
1014.00 0.342734 3.57
1015.00 0.342734 3.57
1016.00 0.342734 3.57
1017.00 0.342734 3.57
1018.00 0.342734 3.57
1019.00 0.342734 3.57
1020.00 0.342734 3.57
1021.00 0.342734 3.57
1022.00 0.342734 3.57
1023.00 0.342734 3.57
1024.00 0.342734 3.57
1025.00 0.342734 3.57
1026.00 0.342734 3.57
1027.00 0.342734 3.57
1028.00 0.342734 3.57
1029.00 0.342734 3.57
1030.00 0.342734 3.57
1031.00 0.342734 3.57
1032.00 0.342734 3.57
1033.00 0.342734 3.57
1034.00 0.342734 3.57
1035.00 0.342734 3.57
1036.00 0.342734 3.57
1037.00 0.342734 3.57
1038.00 0.342734 3.57
1039.00 0.342734 3.57
1040.00 0.342734 3.57
1041.00 0.342734 3.57
1042.00 0.342734 3.57
1043.00 0.342734 3.57
1044.00 0.342734 3.57
1045.00 0.342734 3.57
1046.00 0.342734 3.57
1047.00 0.342734 3.57
1048.00 0.342734 3.57
1049.00 0.342734 3.57
1050.00 0.342734 3.57
1051.00 0.342734 3.57
1052.00 0.342734 3.57
1053.00 0.342734 3.57
1054.00 0.342734 3.57
1055.00 0.342734 3.57
1056.00 0.342734 3.57
1057.00 0.342734 3.57
1058.00 0.342734 3.57
1059.00 0.342734 3.57
1060.00 0.342734 3.57
1061.00 0.342734 3.57
1062.00 0.342734 3.57
1063.00 0.342734 3.57
1064.00 0.342734 3.57
1065.00 0.342734 3.57
1066.00 0.342734 3.57
1067.00 0.342734 3.57
1068.00 0.342734 3.57
1069.00 0.342734 3.57
1070.00 0.342734 3.57
1071.00 0.342734 3.57
1072.00 0.342734 3.57
1073.00 0.342734 3.57
1074.00 0.342734 3.57
1075.00 0.342734 3.57
1076.00 0.342734 3.57
1077.00 0.342733 3.57
1078.00 0.342733 3.57
1079.00 0.342733 3.57
1080.00 0.342733 3.57
1081.00 0.342733 3.57
1082.00 0.342733 3.57
1083.00 0.342733 3.57
1084.00 0.342733 3.57
1085.00 0.342733 3.57
1086.00 0.342733 3.57
1087.00 0.342733 3.57
1088.00 0.342733 3.57
1089.00 0.342733 3.57
1090.00 0.342733 3.57
1091.00 0.342733 3.57
1092.00 0.342733 3.57
1093.00 0.342733 3.57
1094.00 0.342733 3.57
1095.00 0.342733 3.57
1096.00 0.342733 3.57
1097.00 0.342733 3.57
1098.00 0.342733 3.57
1099.00 0.342733 3.57
1100.00 0.342733 3.57
1101.00 0.342733 3.57
1102.00 0.342733 3.57
1103.00 0.342733 3.57
1104.00 0.342733 3.57
1105.00 0.342733 3.57
1106.00 0.342733 3.57
1107.00 0.342733 3.57
1108.00 0.342733 3.57
1109.00 0.342733 3.57
1110.00 0.342733 3.57
1111.00 0.342733 3.57
1112.00 0.342733 3.57
1113.00 0.342733 3.57
1114.00 0.342733 3.57
1115.00 0.342733 3.57
1116.00 0.342733 3.57
1117.00 0.342733 3.57
1118.00 0.342733 3.57
1119.00 0.342733 3.57
1120.00 0.342733 3.57
1121.00 0.342733 3.57
1122.00 0.342733 3.57
1123.00 0.342733 3.57
1124.00 0.342733 3.57
1125.00 0.342733 3.57
1126.00 0.342733 3.57
1127.00 0.342733 3.57
1128.00 0.342733 3.57
1129.00 0.342733 3.57
1130.00 0.342733 3.57
1131.00 0.342733 3.57
1132.00 0.342733 3.57
1133.00 0.342733 3.57
1134.00 0.342733 3.57
1135.00 0.342733 3.57
1136.00 0.342733 3.57
1137.00 0.342733 3.57
1138.00 0.342733 3.57
1139.00 0.342733 3.57
1140.00 0.342733 3.57
1141.00 0.342733 3.57
1142.00 0.342733 3.57
1143.00 0.342733 3.57
1144.00 0.342733 3.57
1145.00 0.342733 3.57
1146.00 0.342733 3.57
1147.00 0.342733 3.57
1148.00 0.342733 3.57
1149.00 0.342733 3.57
1150.00 0.342733 3.57
1151.00 0.342733 3.57
1152.00 0.342733 3.57
1153.00 0.342733 3.57
1154.00 0.342733 3.57
1155.00 0.342733 3.57
1156.00 0.342733 3.57
1157.00 0.342733 3.57
1158.00 0.342733 3.57
1159.00 0.342733 3.57
1160.00 0.342733 3.57
1161.00 0.342733 3.57
1162.00 0.342733 3.57
1163.00 0.342733 3.57
1164.00 0.342733 3.57
1165.00 0.342733 3.57
1166.00 0.342733 3.57
1167.00 0.342733 3.57
1168.00 0.342733 3.57
1169.00 0.342733 3.57
1170.00 0.342733 3.57
1171.00 0.342733 3.57
1172.00 0.342733 3.57
1173.00 0.342733 3.57
1174.00 0.342733 3.57
1175.00 0.342733 3.57
1176.00 0.342733 3.57
1177.00 0.342733 3.57
1178.00 0.342733 3.57
1179.00 0.342733 3.57
1180.00 0.342733 3.57
1181.00 0.342733 3.57
1182.00 0.342733 3.57
1183.00 0.342733 3.57
1184.00 0.342733 3.57
1185.00 0.342733 3.57
1186.00 0.342733 3.57
1187.00 0.342733 3.57
1188.00 0.342733 3.57
1189.00 0.342733 3.57
1190.00 0.342733 3.57
1191.00 0.342733 3.57
1192.00 0.342733 3.57
1193.00 0.342733 3.57
1194.00 0.342733 3.57
1195.00 0.342733 3.57
1196.00 0.342733 3.57
1197.00 0.342733 3.57
1198.00 0.342733 3.57
1199.00 0.342733 3.57
1200.00 0.342733 3.57
1201.00 0.342733 3.57
1202.00 0.342733 3.57
1203.00 0.342733 3.57
1204.00 0.342733 3.57
1205.00 0.342733 3.57
1206.00 0.342733 3.57
1207.00 0.342733 3.57
1208.00 0.342733 3.57
1209.00 0.342733 3.57
1210.00 0.342733 3.57
1211.00 0.342733 3.57
1212.00 0.342733 3.57
1213.00 0.342733 3.57
1214.00 0.342733 3.57
1215.00 0.342733 3.57
1216.00 0.342733 3.57
1217.00 0.342733 3.57
1218.00 0.342733 3.57
1219.00 0.342733 3.57
1220.00 0.342733 3.57
1221.00 0.342733 3.57
1222.00 0.342733 3.57
1223.00 0.342733 3.57
1224.00 0.342733 3.57
1225.00 0.342733 3.57
1226.00 0.342733 3.57
1227.00 0.342733 3.57
1228.00 0.342733 3.57
1229.00 0.342733 3.57
1230.00 0.342733 3.57
1231.00 0.342733 3.57
1232.00 0.342733 3.57
1233.00 0.342733 3.57
1234.00 0.342733 3.57
1235.00 0.342733 3.57
1236.00 0.342733 3.57
1237.00 0.342733 3.57
1238.00 0.342733 3.57
1239.00 0.342733 3.57
1240.00 0.342733 3.57
1241.00 0.342733 3.57
1242.00 0.342733 3.57
1243.00 0.342733 3.57
1244.00 0.342733 3.57
1245.00 0.342733 3.57
1246.00 0.342733 3.57
1247.00 0.342733 3.57
1248.00 0.342733 3.57
1249.00 0.342733 3.57
1250.00 0.342733 3.57
1251.00 0.342733 3.57
1252.00 0.342733 3.57
1253.00 0.342733 3.57
1254.00 0.342733 3.57
1255.00 0.342733 3.57
1256.00 0.342733 3.57
1257.00 0.342733 3.57
1258.00 0.342733 3.57
1259.00 0.342733 3.57
1260.00 0.342733 3.57
1261.00 0.342733 3.57
1262.00 0.342733 3.57
1263.00 0.342733 3.57
1264.00 0.342733 3.57
1265.00 0.342733 3.57
1266.00 0.342733 3.57
1267.00 0.342733 3.57
1268.00 0.342733 3.57
1269.00 0.342733 3.57
1270.00 0.342733 3.57
1271.00 0.342733 3.57
1272.00 0.342733 3.57
1273.00 0.342733 3.57
1274.00 0.342733 3.57
1275.00 0.342733 3.57
1276.00 0.342733 3.57
1277.00 0.342733 3.57
1278.00 0.342733 3.57
1279.00 0.342733 3.57
1280.00 0.342733 3.57
1281.00 0.342733 3.57
1282.00 0.342733 3.57
1283.00 0.342733 3.57
1284.00 0.342733 3.57
1285.00 0.342733 3.57
1286.00 0.342733 3.57
1287.00 0.342733 3.57
1288.00 0.342733 3.57
1289.00 0.342733 3.57
1290.00 0.342733 3.57
1291.00 0.342733 3.57
1292.00 0.342733 3.57
1293.00 0.342733 3.57
1294.00 0.342733 3.57
1295.00 0.342733 3.57
1296.00 0.342733 3.57
1297.00 0.342733 3.57
1298.00 0.342733 3.57
1299.00 0.342733 3.57
1300.00 0.342733 3.57
1301.00 0.342733 3.57
1302.00 0.342733 3.57
1303.00 0.342733 3.57
1304.00 0.342733 3.57
1305.00 0.342733 3.57
1306.00 0.342733 3.57
1307.00 0.342733 3.57
1308.00 0.342733 3.57
1309.00 0.342733 3.57
1310.00 0.342733 3.57
1311.00 0.342733 3.57
1312.00 0.342733 3.57
1313.00 0.342733 3.57
1314.00 0.342733 3.57
1315.00 0.342733 3.57
1316.00 0.342733 3.57
1317.00 0.342733 3.57
1318.00 0.342733 3.57
1319.00 0.342733 3.57
1320.00 0.342733 3.57
1321.00 0.342733 3.57
1322.00 0.342733 3.57
1323.00 0.342733 3.57
1324.00 0.342733 3.57
1325.00 0.342733 3.57
1326.00 0.342733 3.57
1327.00 0.342733 3.57
1328.00 0.342733 3.57
1329.00 0.342733 3.57
1330.00 0.342733 3.57
1331.00 0.342733 3.57
1332.00 0.342733 3.57
1333.00 0.342733 3.57
1334.00 0.342733 3.57
1335.00 0.342733 3.57
1336.00 0.342733 3.57
1337.00 0.342733 3.57
1338.00 0.342733 3.57
1339.00 0.342733 3.57
1340.00 0.342733 3.57
1341.00 0.342733 3.57
1342.00 0.342733 3.57
1343.00 0.342733 3.57
1344.00 0.342733 3.57
1345.00 0.342733 3.57
1346.00 0.342733 3.57
1347.00 0.342733 3.57
1348.00 0.342733 3.57
1349.00 0.342733 3.57
1350.00 0.342733 3.57
1351.00 0.342733 3.57
1352.00 0.342733 3.57
1353.00 0.342733 3.57
1354.00 0.342733 3.57
1355.00 0.342733 3.57
1356.00 0.342733 3.57
1357.00 0.342733 3.57
1358.00 0.342733 3.57
1359.00 0.342733 3.57
1360.00 0.342733 3.57
1361.00 0.342733 3.57
1362.00 0.342733 3.57
1363.00 0.342733 3.57
1364.00 0.342733 3.57
1365.00 0.342733 3.57
1366.00 0.342733 3.57
1367.00 0.342733 3.57
1368.00 0.342733 3.57
1369.00 0.342733 3.57
1370.00 0.342733 3.57
1371.00 0.342733 3.57
1372.00 0.342733 3.57
1373.00 0.342733 3.57
1374.00 0.342733 3.57
1375.00 0.342733 3.57
1376.00 0.342733 3.57
1377.00 0.342733 3.57
1378.00 0.342733 3.57
1379.00 0.342733 3.57
1380.00 0.342733 3.57
1381.00 0.342733 3.57
1382.00 0.342733 3.57
1383.00 0.342733 3.57
1384.00 0.342733 3.57
1385.00 0.342733 3.57
1386.00 0.342733 3.57
1387.00 0.342733 3.57
1388.00 0.342733 3.57
1389.00 0.342733 3.57
1390.00 0.342733 3.57
1391.00 0.342733 3.57
1392.00 0.342733 3.57
1393.00 0.342733 3.57
1394.00 0.342733 3.57
1395.00 0.342733 3.57
1396.00 0.342733 3.57
1397.00 0.342733 3.57
1398.00 0.342733 3.57
1399.00 0.342733 3.57
1400.00 0.342733 3.57
1401.00 0.342733 3.57
1402.00 0.342733 3.57
1403.00 0.342733 3.57
1404.00 0.342733 3.57
1405.00 0.342733 3.57
1406.00 0.342733 3.57
1407.00 0.342733 3.57
1408.00 0.342733 3.57
1409.00 0.342733 3.57
1410.00 0.342733 3.57
1411.00 0.342733 3.57
1412.00 0.342733 3.57
1413.00 0.342733 3.57
1414.00 0.342733 3.57
1415.00 0.342733 3.57
1416.00 0.342733 3.57
1417.00 0.342733 3.57
1418.00 0.342733 3.57
1419.00 0.342733 3.57
1420.00 0.342733 3.57
1421.00 0.342733 3.57
1422.00 0.342733 3.57
1423.00 0.342733 3.57
1424.00 0.342733 3.57
1425.00 0.342733 3.57
1426.00 0.342733 3.57
1427.00 0.342733 3.57
1428.00 0.342733 3.57
1429.00 0.342733 3.57
1430.00 0.342733 3.57
1431.00 0.342733 3.57
1432.00 0.342733 3.57
1433.00 0.342733 3.57
1434.00 0.342733 3.57
1435.00 0.342733 3.57
1436.00 0.342733 3.57
1437.00 0.342733 3.57
1438.00 0.342733 3.57
1439.00 0.342733 3.57
1440.00 0.342733 3.57
1441.00 0.342733 3.57
1442.00 0.342733 3.57
1443.00 0.342733 3.57
1444.00 0.342733 3.57
1445.00 0.342733 3.57
1446.00 0.342733 3.57
1447.00 0.342733 3.57
1448.00 0.342733 3.57
1449.00 0.342733 3.57
1450.00 0.342733 3.57
1451.00 0.342733 3.57
1452.00 0.342733 3.57
1453.00 0.342733 3.57
1454.00 0.342733 3.57
1455.00 0.342733 3.57
1456.00 0.342733 3.57
1457.00 0.342733 3.57
1458.00 0.342733 3.57
1459.00 0.342733 3.57
1460.00 0.342733 3.57
1461.00 0.342733 3.57
1462.00 0.342733 3.57
1463.00 0.342733 3.57
1464.00 0.342733 3.57
1465.00 0.342733 3.57
1466.00 0.342733 3.57
1467.00 0.342733 3.57
1468.00 0.342733 3.57
1469.00 0.342733 3.57
1470.00 0.342733 3.57
1471.00 0.342733 3.57
1472.00 0.342733 3.57
1473.00 0.342733 3.57
1474.00 0.342733 3.57
1475.00 0.342733 3.57
1476.00 0.342733 3.57
1477.00 0.342733 3.57
1478.00 0.342733 3.57
1479.00 0.342733 3.57
1480.00 0.342733 3.57
1481.00 0.342733 3.57
1482.00 0.342733 3.57
1483.00 0.342733 3.57
1484.00 0.342733 3.57
1485.00 0.342733 3.57
1486.00 0.342733 3.57
1487.00 0.342733 3.57
1488.00 0.342733 3.57
1489.00 0.342733 3.57
1490.00 0.342733 3.57
1491.00 0.342733 3.57
1492.00 0.342733 3.57
1493.00 0.342733 3.57
1494.00 0.342733 3.57
1495.00 0.342733 3.57
1496.00 0.342733 3.57
1497.00 0.342733 3.57
1498.00 0.342733 3.57
1499.00 0.342733 3.57
1500.00 0.342733 3.57
1501.00 0.342733 3.57
1502.00 0.342733 3.57
1503.00 0.342733 3.57
1504.00 0.342733 3.57
1505.00 0.342733 3.57
1506.00 0.342733 3.57
1507.00 0.342733 3.57
1508.00 0.342733 3.57
1509.00 0.342733 3.57
1510.00 0.342733 3.57
1511.00 0.342733 3.57
1512.00 0.342733 3.57
1513.00 0.342733 3.57
1514.00 0.342733 3.57
1515.00 0.342733 3.57
1516.00 0.342733 3.57
1517.00 0.342733 3.57
1518.00 0.342733 3.57
1519.00 0.342733 3.57
1520.00 0.342733 3.57
1521.00 0.342733 3.57
1522.00 0.342733 3.57
1523.00 0.342733 3.57
1524.00 0.342733 3.57
1525.00 0.342733 3.57
1526.00 0.342733 3.57
1527.00 0.342733 3.57
1528.00 0.342733 3.57
1529.00 0.342733 3.57
1530.00 0.342733 3.57
1531.00 0.342733 3.57
1532.00 0.342733 3.57
1533.00 0.342733 3.57
1534.00 0.342733 3.57
1535.00 0.342733 3.57
1536.00 0.342733 3.57
1537.00 0.342733 3.57
1538.00 0.342733 3.57
1539.00 0.342733 3.57
1540.00 0.342733 3.57
1541.00 0.342733 3.57
1542.00 0.342733 3.57
1543.00 0.342733 3.57
1544.00 0.342733 3.57
1545.00 0.342733 3.57
1546.00 0.342733 3.57
1547.00 0.342733 3.57
1548.00 0.342733 3.57
1549.00 0.342733 3.57
1550.00 0.342733 3.57
1551.00 0.342733 3.57
1552.00 0.342733 3.57
1553.00 0.342733 3.57
1554.00 0.342733 3.57
1555.00 0.342733 3.57
1556.00 0.342733 3.57
1557.00 0.342733 3.57
1558.00 0.342733 3.57
1559.00 0.342733 3.57
1560.00 0.342733 3.57
1561.00 0.342733 3.57
1562.00 0.342733 3.57
1563.00 0.342733 3.57
1564.00 0.342733 3.57
1565.00 0.342733 3.57
1566.00 0.342733 3.57
1567.00 0.342733 3.57
1568.00 0.342733 3.57
1569.00 0.342733 3.57
1570.00 0.342733 3.57
1571.00 0.342733 3.57
1572.00 0.342733 3.57
1573.00 0.342733 3.57
1574.00 0.342733 3.57
1575.00 0.342733 3.57
1576.00 0.342733 3.57
1577.00 0.342733 3.57
1578.00 0.342733 3.57
1579.00 0.342733 3.57
1580.00 0.342733 3.57
1581.00 0.342733 3.57
1582.00 0.342733 3.57
1583.00 0.342733 3.57
1584.00 0.342733 3.57
1585.00 0.342733 3.57
1586.00 0.342733 3.57
1587.00 0.342733 3.57
1588.00 0.342733 3.57
1589.00 0.342733 3.57
1590.00 0.342733 3.57
1591.00 0.342733 3.57
1592.00 0.342733 3.57
1593.00 0.342733 3.57
1594.00 0.342733 3.57
1595.00 0.342733 3.57
1596.00 0.342733 3.57
1597.00 0.342733 3.57
1598.00 0.342733 3.57
1599.00 0.342733 3.57
1600.00 0.342733 3.57
1601.00 0.342733 3.57
1602.00 0.342733 3.57
1603.00 0.342733 3.57
1604.00 0.342733 3.57
1605.00 0.342733 3.57
1606.00 0.342733 3.57
1607.00 0.342733 3.57
1608.00 0.342733 3.57
1609.00 0.342733 3.57
1610.00 0.342733 3.57
1611.00 0.342733 3.57
1612.00 0.342733 3.57
1613.00 0.342733 3.57
1614.00 0.342733 3.57
1615.00 0.342733 3.57
1616.00 0.342733 3.57
1617.00 0.342733 3.57
1618.00 0.342733 3.57
1619.00 0.342733 3.57
1620.00 0.342733 3.57
1621.00 0.342733 3.57
1622.00 0.342733 3.57
1623.00 0.342733 3.57
1624.00 0.342733 3.57
1625.00 0.342733 3.57
1626.00 0.342733 3.57
1627.00 0.342733 3.57
1628.00 0.342733 3.57
1629.00 0.342733 3.57
1630.00 0.342733 3.57
1631.00 0.342733 3.57
1632.00 0.342733 3.57
1633.00 0.342733 3.57
1634.00 0.342733 3.57
1635.00 0.342733 3.57
1636.00 0.342733 3.57
1637.00 0.342733 3.57
1638.00 0.342733 3.57
1639.00 0.342733 3.57
1640.00 0.342733 3.57
1641.00 0.342733 3.57
1642.00 0.342733 3.57
1643.00 0.342733 3.57
1644.00 0.342733 3.57
1645.00 0.342733 3.57
1646.00 0.342733 3.57
1647.00 0.342733 3.57
1648.00 0.342733 3.57
1649.00 0.342733 3.57
1650.00 0.342733 3.57
1651.00 0.342733 3.57
1652.00 0.342733 3.57
1653.00 0.342733 3.57
1654.00 0.342733 3.57
1655.00 0.342733 3.57
1656.00 0.342733 3.57
1657.00 0.342733 3.57
1658.00 0.342733 3.57
1659.00 0.342733 3.57
1660.00 0.342733 3.57
1661.00 0.342733 3.57
1662.00 0.342733 3.57
1663.00 0.342733 3.57
1664.00 0.342733 3.57
1665.00 0.342733 3.57
1666.00 0.342733 3.57
1667.00 0.342733 3.57
1668.00 0.342733 3.57
1669.00 0.342733 3.57
1670.00 0.342733 3.57
1671.00 0.342733 3.57
1672.00 0.342733 3.57
1673.00 0.342733 3.57
1674.00 0.342733 3.57
1675.00 0.342733 3.57
1676.00 0.342733 3.57
1677.00 0.342733 3.57
1678.00 0.342733 3.57
1679.00 0.342733 3.57
1680.00 0.342733 3.57
1681.00 0.342733 3.57
1682.00 0.342733 3.57
1683.00 0.342733 3.57
1684.00 0.342733 3.57
1685.00 0.342733 3.57
1686.00 0.342733 3.57
1687.00 0.342733 3.57
1688.00 0.342733 3.57
1689.00 0.342733 3.57
1690.00 0.342733 3.57
1691.00 0.342733 3.57
1692.00 0.342733 3.57
1693.00 0.342733 3.57
1694.00 0.342733 3.57
1695.00 0.342733 3.57
1696.00 0.342733 3.57
1697.00 0.342733 3.57
1698.00 0.342733 3.57
1699.00 0.342733 3.57
1700.00 0.342733 3.57
1701.00 0.342733 3.57
1702.00 0.342733 3.57
1703.00 0.342733 3.57
1704.00 0.342733 3.57
1705.00 0.342733 3.57
1706.00 0.342733 3.57
1707.00 0.342733 3.57
1708.00 0.342733 3.57
1709.00 0.342733 3.57
1710.00 0.342733 3.57
1711.00 0.342733 3.57
1712.00 0.342733 3.57
1713.00 0.342733 3.57
1714.00 0.342733 3.57
1715.00 0.342733 3.57
1716.00 0.342733 3.57
1717.00 0.342733 3.57
1718.00 0.342733 3.57
1719.00 0.342733 3.57
1720.00 0.342733 3.57
1721.00 0.342733 3.57
1722.00 0.342733 3.57
1723.00 0.342733 3.57
1724.00 0.342733 3.57
1725.00 0.342733 3.57
1726.00 0.342733 3.57
1727.00 0.342733 3.57
1728.00 0.342733 3.57
1729.00 0.342733 3.57
1730.00 0.342733 3.57
1731.00 0.342733 3.57
1732.00 0.342733 3.57
1733.00 0.342733 3.57
1734.00 0.342733 3.57
1735.00 0.342733 3.57
1736.00 0.342733 3.57
1737.00 0.342733 3.57
1738.00 0.342733 3.57
1739.00 0.342733 3.57
1740.00 0.342733 3.57
1741.00 0.342733 3.57
1742.00 0.342733 3.57
1743.00 0.342733 3.57
1744.00 0.342733 3.57
1745.00 0.342733 3.57
1746.00 0.342733 3.57
1747.00 0.342733 3.57
1748.00 0.342733 3.57
1749.00 0.342733 3.57
1750.00 0.342733 3.57
1751.00 0.342733 3.57
1752.00 0.342733 3.57
1753.00 0.342733 3.57
1754.00 0.342733 3.57
1755.00 0.342733 3.57
1756.00 0.342733 3.57
1757.00 0.342733 3.57
1758.00 0.342733 3.57
1759.00 0.342733 3.57
1760.00 0.342733 3.57
1761.00 0.342733 3.57
1762.00 0.342733 3.57
1763.00 0.342733 3.57
1764.00 0.342733 3.57
1765.00 0.342733 3.57
1766.00 0.342733 3.57
1767.00 0.342733 3.57
1768.00 0.342733 3.57
1769.00 0.342733 3.57
1770.00 0.342733 3.57
1771.00 0.342733 3.57
1772.00 0.342733 3.57
1773.00 0.342733 3.57
1774.00 0.342733 3.57
1775.00 0.342733 3.57
1776.00 0.342733 3.57
1777.00 0.342733 3.57
1778.00 0.342733 3.57
1779.00 0.342733 3.57
1780.00 0.342733 3.57
1781.00 0.342733 3.57
1782.00 0.342733 3.57
1783.00 0.342733 3.57
1784.00 0.342733 3.57
1785.00 0.342733 3.57
1786.00 0.342733 3.57
1787.00 0.342733 3.57
1788.00 0.342733 3.57
1789.00 0.342733 3.57
1790.00 0.342733 3.57
1791.00 0.342733 3.57
1792.00 0.342733 3.57
1793.00 0.342733 3.57
1794.00 0.342733 3.57
1795.00 0.342733 3.57
1796.00 0.342733 3.57
1797.00 0.342733 3.57
1798.00 0.342733 3.57
1799.00 0.342733 3.57
1800.00 0.342733 3.57
1801.00 0.342733 3.57
1802.00 0.342733 3.57
1803.00 0.342733 3.57
1804.00 0.342733 3.57
1805.00 0.342733 3.57
1806.00 0.342733 3.57
1807.00 0.342733 3.57
1808.00 0.342733 3.57
1809.00 0.342733 3.57
1810.00 0.342733 3.57
1811.00 0.342733 3.57
1812.00 0.342733 3.57
1813.00 0.342733 3.57
1814.00 0.342733 3.57
1815.00 0.342733 3.57
1816.00 0.342733 3.57
1817.00 0.342733 3.57
1818.00 0.342733 3.57
1819.00 0.342733 3.57
1820.00 0.342733 3.57
1821.00 0.342733 3.57
1822.00 0.342733 3.57
1823.00 0.342733 3.57
1824.00 0.342733 3.57
1825.00 0.342733 3.57
1826.00 0.342733 3.57
1827.00 0.342733 3.57
1828.00 0.342733 3.57
1829.00 0.342733 3.57
1830.00 0.342733 3.57
1831.00 0.342733 3.57
1832.00 0.342733 3.57
1833.00 0.342733 3.57
1834.00 0.342733 3.57
1835.00 0.342733 3.57
1836.00 0.342733 3.57
1837.00 0.342733 3.57
1838.00 0.342733 3.57
1839.00 0.342733 3.57
1840.00 0.342733 3.57
1841.00 0.342733 3.57
1842.00 0.342733 3.57
1843.00 0.342733 3.57
1844.00 0.342733 3.57
1845.00 0.342733 3.57
1846.00 0.342733 3.57
1847.00 0.342733 3.57
1848.00 0.342733 3.57
1849.00 0.342733 3.57
1850.00 0.342733 3.57
1851.00 0.342733 3.57
1852.00 0.342733 3.57
1853.00 0.342733 3.57
1854.00 0.342733 3.57
1855.00 0.342733 3.57
1856.00 0.342733 3.57
1857.00 0.342733 3.57
1858.00 0.342733 3.57
1859.00 0.342733 3.57
1860.00 0.342733 3.57
1861.00 0.342733 3.57
1862.00 0.342733 3.57
1863.00 0.342733 3.57
1864.00 0.342733 3.57
1865.00 0.342733 3.57
1866.00 0.342733 3.57
1867.00 0.342733 3.57
1868.00 0.342733 3.57
1869.00 0.342733 3.57
1870.00 0.342733 3.57
1871.00 0.342733 3.57
1872.00 0.342733 3.57
1873.00 0.342733 3.57
1874.00 0.342733 3.57
1875.00 0.342733 3.57
1876.00 0.342733 3.57
1877.00 0.342733 3.57
1878.00 0.342733 3.57
1879.00 0.342733 3.57
1880.00 0.342733 3.57
1881.00 0.342733 3.57
1882.00 0.342733 3.57
1883.00 0.342733 3.57
1884.00 0.342733 3.57
1885.00 0.342733 3.57
1886.00 0.342733 3.57
1887.00 0.342733 3.57
1888.00 0.342733 3.57
1889.00 0.342733 3.57
1890.00 0.342733 3.57
1891.00 0.342733 3.57
1892.00 0.342733 3.57
1893.00 0.342733 3.57
1894.00 0.342733 3.57
1895.00 0.342733 3.57
1896.00 0.342733 3.57
1897.00 0.342733 3.57
1898.00 0.342733 3.57
1899.00 0.342733 3.57
1900.00 0.342733 3.57
1901.00 0.342733 3.57
1902.00 0.342733 3.57
1903.00 0.342733 3.57
1904.00 0.342733 3.57
1905.00 0.342733 3.57
1906.00 0.342733 3.57
1907.00 0.342733 3.57
1908.00 0.342733 3.57
1909.00 0.342733 3.57
1910.00 0.342733 3.57
1911.00 0.342733 3.57
1912.00 0.342733 3.57
1913.00 0.342733 3.57
1914.00 0.342733 3.57
1915.00 0.342733 3.57
1916.00 0.342733 3.57
1917.00 0.342733 3.57
1918.00 0.342733 3.57
1919.00 0.342733 3.57
1920.00 0.342733 3.57
1921.00 0.342733 3.57
1922.00 0.342733 3.57
1923.00 0.342733 3.57
1924.00 0.342733 3.57
1925.00 0.342733 3.57
1926.00 0.342733 3.57
1927.00 0.342733 3.57
1928.00 0.342733 3.57
1929.00 0.342733 3.57
1930.00 0.342733 3.57
1931.00 0.342733 3.57
1932.00 0.342733 3.57
1933.00 0.342733 3.57
1934.00 0.342733 3.57
1935.00 0.342733 3.57
1936.00 0.342733 3.57
1937.00 0.342733 3.57
1938.00 0.342733 3.57
1939.00 0.342733 3.57
1940.00 0.342733 3.57
1941.00 0.342733 3.57
1942.00 0.342733 3.57
1943.00 0.342733 3.57
1944.00 0.342733 3.57
1945.00 0.342733 3.57
1946.00 0.342733 3.57
1947.00 0.342733 3.57
1948.00 0.342733 3.57
1949.00 0.342733 3.57
1950.00 0.342733 3.57
1951.00 0.342733 3.57
1952.00 0.342733 3.57
1953.00 0.342733 3.57
1954.00 0.342733 3.57
1955.00 0.342733 3.57
1956.00 0.342733 3.57
1957.00 0.342733 3.57
1958.00 0.342733 3.57
1959.00 0.342733 3.57
1960.00 0.342733 3.57
1961.00 0.342733 3.57
1962.00 0.342733 3.57
1963.00 0.342733 3.57
1964.00 0.342733 3.57
1965.00 0.342733 3.57
1966.00 0.342733 3.57
1967.00 0.342733 3.57
1968.00 0.342733 3.57
1969.00 0.342733 3.57
1970.00 0.342733 3.57
1971.00 0.342733 3.57
1972.00 0.342733 3.57
1973.00 0.342733 3.57
1974.00 0.342733 3.57
1975.00 0.342733 3.57
1976.00 0.342733 3.57
1977.00 0.342733 3.57
1978.00 0.342733 3.57
1979.00 0.342733 3.57
1980.00 0.342733 3.57
1981.00 0.342733 3.57
1982.00 0.342733 3.57
1983.00 0.342733 3.57
1984.00 0.342733 3.57
1985.00 0.342733 3.57
1986.00 0.342733 3.57
1987.00 0.342733 3.57
1988.00 0.342733 3.57
1989.00 0.342733 3.57
1990.00 0.342733 3.57
1991.00 0.342733 3.57
1992.00 0.342733 3.57
1993.00 0.342733 3.57
1994.00 0.342733 3.57
1995.00 0.342733 3.57
1996.00 0.342733 3.57
1997.00 0.342733 3.57
1998.00 0.342733 3.57
1999.00 0.342733 3.57
2000.00 0.342733 3.57
