0.00 0.289788 3.75
1.00 0.289049 3.75
2.00 0.288311 3.75
3.00 0.287572 3.75
4.00 0.286835 3.75
5.00 0.286098 3.75
6.00 0.285361 3.75
7.00 0.284624 3.75
8.00 0.283887 3.75
9.00 0.283151 3.75
10.00 0.282414 3.75
11.00 0.281677 3.75
12.00 0.280941 3.75
13.00 0.280203 3.75
14.00 0.279465 3.75
15.00 0.278727 3.75
16.00 0.277987 3.75
17.00 0.277247 3.75
18.00 0.276505 3.75
19.00 0.275763 3.75
20.00 0.275018 3.75
21.00 0.274278 3.74
22.00 0.273537 3.74
23.00 0.272795 3.74
24.00 0.272051 3.74
25.00 0.271312 3.73
26.00 0.270598 3.72
27.00 0.269885 3.72
28.00 0.269172 3.72
29.00 0.268458 3.72
30.00 0.267744 3.72
31.00 0.267029 3.72
32.00 0.266312 3.72
33.00 0.265593 3.72
34.00 0.264873 3.72
35.00 0.264151 3.72
36.00 0.263428 3.71
37.00 0.262715 3.70
38.00 0.262002 3.70
39.00 0.261288 3.69
40.00 0.260577 3.69
41.00 0.259864 3.69
42.00 0.259149 3.69
43.00 0.258456 3.68
44.00 0.257762 3.68
45.00 0.257066 3.68
46.00 0.256367 3.68
47.00 0.255665 3.68
48.00 0.254960 3.68
49.00 0.254266 3.66
50.00 0.253588 3.65
51.00 0.252914 3.65
52.00 0.252238 3.65
53.00 0.251560 3.65
54.00 0.250880 3.65
55.00 0.250223 3.63
56.00 0.249592 3.61
57.00 0.248970 3.61
58.00 0.248351 3.60
59.00 0.247762 3.58
60.00 0.247191 3.58
61.00 0.246621 3.57
62.00 0.246060 3.56
63.00 0.245532 3.54
64.00 0.245012 3.54
65.00 0.244515 3.51
66.00 0.244038 3.51
67.00 0.243560 3.51
68.00 0.243085 3.49
69.00 0.242621 3.48
70.00 0.242164 3.47
71.00 0.241734 3.46
72.00 0.241306 3.46
73.00 0.240876 3.46
74.00 0.240454 3.45
75.00 0.240033 3.45
76.00 0.239622 3.43
77.00 0.239234 3.43
78.00 0.238864 3.41
79.00 0.238513 3.41
80.00 0.238165 3.40
81.00 0.237839 3.38
82.00 0.237555 3.37
83.00 0.237271 3.37
84.00 0.236988 3.37
85.00 0.236705 3.36
86.00 0.236425 3.36
87.00 0.236147 3.35
88.00 0.235869 3.35
89.00 0.235591 3.35
90.00 0.235314 3.34
91.00 0.235042 3.34
92.00 0.234769 3.34
93.00 0.234518 3.32
94.00 0.234272 3.31
95.00 0.234042 3.28
96.00 0.233846 3.27
97.00 0.233664 3.26
98.00 0.233491 3.26
99.00 0.233328 3.24
100.00 0.233172 3.24
101.00 0.233016 3.24
102.00 0.232862 3.24
103.00 0.232709 3.24
104.00 0.232560 3.23
105.00 0.232413 3.23
106.00 0.232268 3.22
107.00 0.232124 3.22
108.00 0.231981 3.22
109.00 0.231838 3.22
110.00 0.231696 3.22
111.00 0.231554 3.22
112.00 0.231412 3.22
113.00 0.231271 3.22
114.00 0.231130 3.22
115.00 0.230989 3.22
116.00 0.230848 3.22
117.00 0.230708 3.22
118.00 0.230570 3.21
119.00 0.230433 3.21
120.00 0.230296 3.21
121.00 0.230159 3.21
122.00 0.230027 3.20
123.00 0.229902 3.20
124.00 0.229780 3.19
125.00 0.229658 3.19
126.00 0.229536 3.19
127.00 0.229415 3.19
128.00 0.229294 3.19
129.00 0.229183 3.18
130.00 0.229079 3.18
131.00 0.228976 3.18
132.00 0.228873 3.18
133.00 0.228772 3.17
134.00 0.228674 3.17
135.00 0.228577 3.17
136.00 0.228480 3.16
137.00 0.228385 3.15
138.00 0.228293 3.15
139.00 0.228202 3.15
140.00 0.228110 3.15
141.00 0.228020 3.15
142.00 0.227931 3.14
143.00 0.227843 3.14
144.00 0.227756 3.14
145.00 0.227669 3.14
146.00 0.227583 3.14
147.00 0.227497 3.14
148.00 0.227411 3.14
149.00 0.227326 3.14
150.00 0.227241 3.14
151.00 0.227157 3.14
152.00 0.227076 3.13
153.00 0.227000 3.12
154.00 0.226928 3.12
155.00 0.226857 3.12
156.00 0.226786 3.12
157.00 0.226717 3.11
158.00 0.226653 3.11
159.00 0.226589 3.11
160.00 0.226526 3.11
161.00 0.226463 3.11
162.00 0.226402 3.10
163.00 0.226342 3.10
164.00 0.226286 3.09
165.00 0.226230 3.09
166.00 0.226176 3.09
167.00 0.226121 3.09
168.00 0.226067 3.09
169.00 0.226014 3.09
170.00 0.225961 3.09
171.00 0.225910 3.08
172.00 0.225860 3.08
173.00 0.225812 3.08
174.00 0.225763 3.08
175.00 0.225715 3.08
176.00 0.225668 3.08
177.00 0.225622 3.07
178.00 0.225578 3.07
179.00 0.225533 3.07
180.00 0.225490 3.07
181.00 0.225446 3.07
182.00 0.225403 3.07
183.00 0.225360 3.07
184.00 0.225317 3.07
185.00 0.225275 3.07
186.00 0.225233 3.07
187.00 0.225191 3.07
188.00 0.225149 3.07
189.00 0.225108 3.07
190.00 0.225066 3.07
191.00 0.225025 3.07
192.00 0.224985 3.07
193.00 0.224946 3.06
194.00 0.224908 3.06
195.00 0.224871 3.06
196.00 0.224834 3.06
197.00 0.224798 3.06
198.00 0.224761 3.06
199.00 0.224725 3.06
200.00 0.224689 3.06
201.00 0.224653 3.06
202.00 0.224617 3.06
203.00 0.224582 3.05
204.00 0.224548 3.05
205.00 0.224514 3.05
206.00 0.224481 3.05
207.00 0.224447 3.05
208.00 0.224414 3.05
209.00 0.224381 3.05
210.00 0.224348 3.05
211.00 0.224315 3.05
212.00 0.224282 3.05
213.00 0.224249 3.05
214.00 0.224218 3.04
215.00 0.224188 3.04
216.00 0.224158 3.04
217.00 0.224127 3.04
218.00 0.224097 3.04
219.00 0.224068 3.04
220.00 0.224038 3.04
221.00 0.224008 3.04
222.00 0.223978 3.04
223.00 0.223949 3.04
224.00 0.223919 3.04
225.00 0.223890 3.04
226.00 0.223860 3.04
227.00 0.223831 3.04
228.00 0.223802 3.04
229.00 0.223773 3.03
230.00 0.223750 3.02
231.00 0.223732 3.02
232.00 0.223715 3.02
233.00 0.223699 3.02
234.00 0.223682 3.02
235.00 0.223667 3.02
236.00 0.223651 3.02
237.00 0.223636 3.02
238.00 0.223621 3.02
239.00 0.223607 3.02
240.00 0.223592 3.02
241.00 0.223578 3.02
242.00 0.223564 3.02
243.00 0.223551 3.02
244.00 0.223537 3.02
245.00 0.223524 3.02
246.00 0.223511 3.02
247.00 0.223498 3.02
248.00 0.223485 3.02
249.00 0.223472 3.02
250.00 0.223460 3.02
251.00 0.223449 3.01
252.00 0.223438 3.01
253.00 0.223428 3.01
254.00 0.223417 3.01
255.00 0.223407 3.01
256.00 0.223397 3.01
257.00 0.223387 3.01
258.00 0.223377 3.01
259.00 0.223368 3.01
260.00 0.223358 3.01
261.00 0.223349 3.01
262.00 0.223339 3.01
263.00 0.223330 3.01
264.00 0.223321 3.01
265.00 0.223312 3.01
266.00 0.223303 3.01
267.00 0.223295 3.01
268.00 0.223286 3.01
269.00 0.223278 3.01
270.00 0.223269 3.01
271.00 0.223261 3.01
272.00 0.223253 3.01
273.00 0.223245 3.01
274.00 0.223237 3.01
275.00 0.223229 3.01
276.00 0.223221 3.01
277.00 0.223213 3.01
278.00 0.223206 3.01
279.00 0.223198 3.01
280.00 0.223191 3.01
281.00 0.223184 3.01
282.00 0.223176 3.01
283.00 0.223169 3.01
284.00 0.223162 3.01
285.00 0.223155 3.01
286.00 0.223148 3.01
287.00 0.223141 3.01
288.00 0.223134 3.01
289.00 0.223128 3.01
290.00 0.223121 3.01
291.00 0.223115 3.01
292.00 0.223108 3.01
293.00 0.223102 3.01
294.00 0.223095 3.01
295.00 0.223089 3.01
296.00 0.223083 3.01
297.00 0.223077 3.01
298.00 0.223071 3.01
299.00 0.223064 3.01
300.00 0.223059 3.01
301.00 0.223053 3.01
302.00 0.223047 3.01
303.00 0.223041 3.01
304.00 0.223035 3.01
305.00 0.223030 3.01
306.00 0.223024 3.01
307.00 0.223018 3.01
308.00 0.223013 3.01
309.00 0.223007 3.01
310.00 0.223002 3.01
311.00 0.222996 3.01
312.00 0.222991 3.01
313.00 0.222986 3.01
314.00 0.222981 3.01
315.00 0.222975 3.01
316.00 0.222970 3.01
317.00 0.222965 3.01
318.00 0.222960 3.01
319.00 0.222955 3.01
320.00 0.222950 3.01
321.00 0.222945 3.01
322.00 0.222940 3.01
323.00 0.222936 3.01
324.00 0.222931 3.01
325.00 0.222926 3.01
326.00 0.222921 3.01
327.00 0.222917 3.01
328.00 0.222912 3.01
329.00 0.222907 3.01
330.00 0.222903 3.01
331.00 0.222898 3.01
332.00 0.222894 3.01
333.00 0.222889 3.01
334.00 0.222885 3.01
335.00 0.222880 3.01
336.00 0.222876 3.01
337.00 0.222872 3.01
338.00 0.222867 3.01
339.00 0.222863 3.01
340.00 0.222859 3.01
341.00 0.222855 3.01
342.00 0.222850 3.01
343.00 0.222846 3.01
344.00 0.222842 3.01
345.00 0.222838 3.01
346.00 0.222834 3.01
347.00 0.222830 3.01
348.00 0.222826 3.01
349.00 0.222822 3.01
350.00 0.222818 3.01
351.00 0.222814 3.01
352.00 0.222810 3.01
353.00 0.222806 3.01
354.00 0.222802 3.01
355.00 0.222798 3.01
356.00 0.222794 3.01
357.00 0.222790 3.01
358.00 0.222787 3.01
359.00 0.222783 3.01
360.00 0.222779 3.01
361.00 0.222775 3.01
362.00 0.222771 3.01
363.00 0.222768 3.01
364.00 0.222764 3.01
365.00 0.222760 3.01
366.00 0.222757 3.01
367.00 0.222753 3.01
368.00 0.222749 3.01
369.00 0.222746 3.01
370.00 0.222742 3.01
371.00 0.222739 3.01
372.00 0.222735 3.01
373.00 0.222731 3.01
374.00 0.222728 3.01
375.00 0.222724 3.01
376.00 0.222721 3.01
377.00 0.222717 3.01
378.00 0.222714 3.00
379.00 0.222712 3.00
380.00 0.222710 3.00
381.00 0.222707 3.00
382.00 0.222705 3.00
383.00 0.222702 3.00
384.00 0.222700 3.00
385.00 0.222698 3.00
386.00 0.222695 3.00
387.00 0.222693 3.00
388.00 0.222691 3.00
389.00 0.222689 3.00
390.00 0.222686 3.00
391.00 0.222684 3.00
392.00 0.222682 3.00
393.00 0.222680 3.00
394.00 0.222677 3.00
395.00 0.222675 3.00
396.00 0.222673 3.00
397.00 0.222671 3.00
398.00 0.222669 3.00
399.00 0.222667 3.00
400.00 0.222664 3.00
401.00 0.222662 3.00
402.00 0.222660 3.00
403.00 0.222658 3.00
404.00 0.222656 3.00
405.00 0.222654 3.00
406.00 0.222652 3.00
407.00 0.222650 3.00
408.00 0.222648 3.00
409.00 0.222646 3.00
410.00 0.222644 3.00
411.00 0.222642 3.00
412.00 0.222640 3.00
413.00 0.222638 3.00
414.00 0.222636 3.00
415.00 0.222634 3.00
416.00 0.222632 3.00
417.00 0.222630 3.00
418.00 0.222628 3.00
419.00 0.222626 3.00
420.00 0.222624 3.00
421.00 0.222623 3.00
422.00 0.222621 3.00
423.00 0.222619 3.00
424.00 0.222617 3.00
425.00 0.222615 3.00
426.00 0.222613 3.00
427.00 0.222611 3.00
428.00 0.222609 3.00
429.00 0.222608 3.00
430.00 0.222606 3.00
431.00 0.222604 3.00
432.00 0.222602 3.00
433.00 0.222600 3.00
434.00 0.222598 3.00
435.00 0.222597 3.00
436.00 0.222595 3.00
437.00 0.222593 3.00
438.00 0.222591 3.00
439.00 0.222590 3.00
440.00 0.222588 3.00
441.00 0.222586 3.00
442.00 0.222584 3.00
443.00 0.222582 3.00
444.00 0.222581 3.00
445.00 0.222579 3.00
446.00 0.222577 3.00
447.00 0.222575 3.00
448.00 0.222574 3.00
449.00 0.222572 3.00
450.00 0.222570 3.00
451.00 0.222568 3.00
452.00 0.222567 2.99
453.00 0.222566 2.99
454.00 0.222565 2.99
455.00 0.222565 2.99
456.00 0.222564 2.99
457.00 0.222563 2.99
458.00 0.222562 2.99
459.00 0.222562 2.99
460.00 0.222561 2.99
461.00 0.222560 2.99
462.00 0.222560 2.99
463.00 0.222559 2.99
464.00 0.222558 2.99
465.00 0.222558 2.99
466.00 0.222557 2.99
467.00 0.222557 2.99
468.00 0.222556 2.99
469.00 0.222555 2.99
470.00 0.222555 2.99
471.00 0.222554 2.99
472.00 0.222554 2.99
473.00 0.222553 2.99
474.00 0.222552 2.99
475.00 0.222552 2.99
476.00 0.222551 2.99
477.00 0.222551 2.99
478.00 0.222550 2.99
479.00 0.222550 2.99
480.00 0.222549 2.99
481.00 0.222549 2.99
482.00 0.222548 2.99
483.00 0.222548 2.99
484.00 0.222547 2.99
485.00 0.222547 2.99
486.00 0.222546 2.99
487.00 0.222546 2.99
488.00 0.222545 2.99
489.00 0.222545 2.99
490.00 0.222544 2.99
491.00 0.222544 2.99
492.00 0.222543 2.99
493.00 0.222543 2.99
494.00 0.222542 2.99
495.00 0.222542 2.99
496.00 0.222541 2.99
497.00 0.222541 2.99
498.00 0.222540 2.99
499.00 0.222540 2.99
500.00 0.222540 2.99
501.00 0.222539 2.99
502.00 0.222539 2.99
503.00 0.222538 2.99
504.00 0.222538 2.99
505.00 0.222538 2.99
506.00 0.222537 2.99
507.00 0.222537 2.99
508.00 0.222536 2.99
509.00 0.222536 2.99
510.00 0.222536 2.99
511.00 0.222535 2.99
512.00 0.222535 2.99
513.00 0.222534 2.99
514.00 0.222534 2.99
515.00 0.222534 2.99
516.00 0.222533 2.99
517.00 0.222533 2.99
518.00 0.222532 2.99
519.00 0.222532 2.99
520.00 0.222532 2.99
521.00 0.222531 2.99
522.00 0.222531 2.99
523.00 0.222531 2.99
524.00 0.222530 2.99
525.00 0.222530 2.99
526.00 0.222530 2.99
527.00 0.222529 2.99
528.00 0.222529 2.99
529.00 0.222529 2.99
530.00 0.222528 2.99
531.00 0.222528 2.99
532.00 0.222528 2.99
533.00 0.222527 2.99
534.00 0.222527 2.99
535.00 0.222527 2.99
536.00 0.222526 2.99
537.00 0.222526 2.99
538.00 0.222526 2.99
539.00 0.222525 2.99
540.00 0.222525 2.99
541.00 0.222525 2.99
542.00 0.222524 2.99
543.00 0.222524 2.99
544.00 0.222524 2.99
545.00 0.222523 2.99
546.00 0.222523 2.99
547.00 0.222523 2.99
548.00 0.222522 2.99
549.00 0.222522 2.99
550.00 0.222522 2.99
551.00 0.222521 2.99
552.00 0.222521 2.99
553.00 0.222521 2.99
554.00 0.222521 2.99
555.00 0.222520 2.99
556.00 0.222520 2.99
557.00 0.222520 2.99
558.00 0.222519 2.99
559.00 0.222519 2.99
560.00 0.222519 2.99
561.00 0.222518 2.99
562.00 0.222518 2.99
563.00 0.222518 2.99
564.00 0.222518 2.99
565.00 0.222517 2.99
566.00 0.222517 2.99
567.00 0.222517 2.99
568.00 0.222516 2.99
569.00 0.222516 2.99
570.00 0.222516 2.99
571.00 0.222516 2.99
572.00 0.222515 2.99
573.00 0.222515 2.99
574.00 0.222515 2.99
575.00 0.222514 2.99
576.00 0.222514 2.99
577.00 0.222514 2.99
578.00 0.222514 2.99
579.00 0.222513 2.99
580.00 0.222513 2.99
581.00 0.222513 2.99
582.00 0.222512 2.99
583.00 0.222512 2.99
584.00 0.222512 2.99
585.00 0.222512 2.99
586.00 0.222511 2.99
587.00 0.222511 2.99
588.00 0.222511 2.99
589.00 0.222511 2.99
590.00 0.222510 2.99
591.00 0.222510 2.99
592.00 0.222510 2.99
593.00 0.222509 2.99
594.00 0.222509 2.99
595.00 0.222509 2.99
596.00 0.222509 2.99
597.00 0.222508 2.99
598.00 0.222508 2.99
599.00 0.222508 2.99
600.00 0.222508 2.99
601.00 0.222507 2.99
602.00 0.222507 2.99
603.00 0.222507 2.99
604.00 0.222506 2.99
605.00 0.222506 2.99
606.00 0.222506 2.99
607.00 0.222506 2.99
608.00 0.222505 2.99
609.00 0.222505 2.99
610.00 0.222505 2.99
611.00 0.222505 2.99
612.00 0.222504 2.99
613.00 0.222504 2.99
614.00 0.222504 2.99
615.00 0.222503 2.99
616.00 0.222503 2.99
617.00 0.222503 2.99
618.00 0.222503 2.99
619.00 0.222502 2.99
620.00 0.222502 2.99
621.00 0.222502 2.99
622.00 0.222502 2.99
623.00 0.222501 2.99
624.00 0.222501 2.99
625.00 0.222501 2.99
626.00 0.222500 2.99
627.00 0.222500 2.99
628.00 0.222500 2.99
629.00 0.222500 2.99
630.00 0.222499 2.99
631.00 0.222499 2.99
632.00 0.222499 2.99
633.00 0.222499 2.99
634.00 0.222498 2.99
635.00 0.222498 2.99
636.00 0.222498 2.99
637.00 0.222497 2.99
638.00 0.222497 2.99
639.00 0.222497 2.99
640.00 0.222497 2.99
641.00 0.222496 2.99
642.00 0.222496 2.99
643.00 0.222496 2.99
644.00 0.222495 2.99
645.00 0.222495 2.99
646.00 0.222495 2.99
647.00 0.222495 2.99
648.00 0.222494 2.99
649.00 0.222494 2.99
650.00 0.222494 2.99
651.00 0.222494 2.99
652.00 0.222493 2.99
653.00 0.222493 2.99
654.00 0.222493 2.99
655.00 0.222492 2.99
656.00 0.222492 2.99
657.00 0.222492 2.99
658.00 0.222492 2.99
659.00 0.222491 2.99
660.00 0.222491 2.99
661.00 0.222491 2.99
662.00 0.222490 2.99
663.00 0.222490 2.99
664.00 0.222490 2.99
665.00 0.222490 2.99
666.00 0.222489 2.99
667.00 0.222489 2.99
668.00 0.222489 2.99
669.00 0.222488 2.99
670.00 0.222488 2.99
671.00 0.222488 2.99
672.00 0.222488 2.99
673.00 0.222487 2.99
674.00 0.222487 2.99
675.00 0.222487 2.99
676.00 0.222486 2.99
677.00 0.222486 2.99
678.00 0.222486 2.99
679.00 0.222485 2.99
680.00 0.222485 2.99
681.00 0.222485 2.99
682.00 0.222485 2.99
683.00 0.222484 2.99
684.00 0.222484 2.99
685.00 0.222484 2.99
686.00 0.222483 2.99
687.00 0.222483 2.99
688.00 0.222483 2.99
689.00 0.222482 2.99
690.00 0.222482 2.99
691.00 0.222482 2.99
692.00 0.222482 2.99
693.00 0.222481 2.99
694.00 0.222481 2.99
695.00 0.222481 2.99
696.00 0.222480 2.99
697.00 0.222480 2.99
698.00 0.222480 2.99
699.00 0.222479 2.99
700.00 0.222479 2.99
701.00 0.222479 2.99
702.00 0.222478 2.99
703.00 0.222478 2.99
704.00 0.222478 2.99
705.00 0.222477 2.99
706.00 0.222477 2.99
707.00 0.222477 2.99
708.00 0.222476 2.99
709.00 0.222476 2.99
710.00 0.222476 2.99
711.00 0.222476 2.99
712.00 0.222475 2.99
713.00 0.222475 2.99
714.00 0.222475 2.99
715.00 0.222474 2.99
716.00 0.222474 2.99
717.00 0.222474 2.99
718.00 0.222473 2.99
719.00 0.222473 2.99
720.00 0.222473 2.99
721.00 0.222472 2.99
722.00 0.222472 2.99
723.00 0.222472 2.99
724.00 0.222471 2.99
725.00 0.222471 2.99
726.00 0.222471 2.99
727.00 0.222470 2.99
728.00 0.222470 2.99
729.00 0.222470 2.99
730.00 0.222469 2.99
731.00 0.222469 2.99
732.00 0.222468 2.99
733.00 0.222468 2.99
734.00 0.222468 2.99
735.00 0.222467 2.99
736.00 0.222467 2.99
737.00 0.222467 2.99
738.00 0.222466 2.99
739.00 0.222466 2.99
740.00 0.222466 2.99
741.00 0.222465 2.99
742.00 0.222465 2.99
743.00 0.222465 2.99
744.00 0.222464 2.99
745.00 0.222464 2.99
746.00 0.222464 2.99
747.00 0.222463 2.99
748.00 0.222463 2.99
749.00 0.222462 2.99
750.00 0.222462 2.99
751.00 0.222462 2.99
752.00 0.222461 2.99
753.00 0.222461 2.99
754.00 0.222461 2.99
755.00 0.222460 2.99
756.00 0.222460 2.99
757.00 0.222459 2.99
758.00 0.222459 2.99
759.00 0.222459 2.99
760.00 0.222458 2.99
761.00 0.222458 2.99
762.00 0.222458 2.99
763.00 0.222457 2.99
764.00 0.222457 2.99
765.00 0.222456 2.99
766.00 0.222456 2.99
767.00 0.222456 2.99
768.00 0.222455 2.99
769.00 0.222455 2.99
770.00 0.222454 2.99
771.00 0.222454 2.99
772.00 0.222454 2.99
773.00 0.222453 2.99
774.00 0.222453 2.99
775.00 0.222452 2.99
776.00 0.222452 2.99
777.00 0.222452 2.99
778.00 0.222451 2.99
779.00 0.222451 2.99
780.00 0.222450 2.99
781.00 0.222450 2.99
782.00 0.222450 2.99
783.00 0.222449 2.99
784.00 0.222449 2.99
785.00 0.222448 2.99
786.00 0.222448 2.99
787.00 0.222447 2.99
788.00 0.222447 2.99
789.00 0.222447 2.99
790.00 0.222446 2.99
791.00 0.222446 2.99
792.00 0.222445 2.99
793.00 0.222445 2.99
794.00 0.222444 2.99
795.00 0.222444 2.99
796.00 0.222444 2.99
797.00 0.222443 2.99
798.00 0.222443 2.99
799.00 0.222442 2.99
800.00 0.222442 2.99
801.00 0.222441 2.99
802.00 0.222441 2.99
803.00 0.222441 2.99
804.00 0.222440 2.99
805.00 0.222440 2.99
806.00 0.222439 2.99
807.00 0.222439 2.99
808.00 0.222438 2.99
809.00 0.222438 2.99
810.00 0.222437 2.99
811.00 0.222437 2.99
812.00 0.222436 2.99
813.00 0.222436 2.99
814.00 0.222435 2.99
815.00 0.222435 2.99
816.00 0.222435 2.99
817.00 0.222434 2.99
818.00 0.222434 2.99
819.00 0.222433 2.99
820.00 0.222433 2.99
821.00 0.222432 2.99
822.00 0.222432 2.99
823.00 0.222431 2.99
824.00 0.222431 2.99
825.00 0.222430 2.99
826.00 0.222430 2.99
827.00 0.222429 2.99
828.00 0.222429 2.99
829.00 0.222428 2.99
830.00 0.222428 2.99
831.00 0.222427 2.99
832.00 0.222427 2.99
833.00 0.222426 2.99
834.00 0.222426 2.99
835.00 0.222425 2.99
836.00 0.222425 2.99
837.00 0.222424 2.99
838.00 0.222424 2.99
839.00 0.222423 2.99
840.00 0.222423 2.99
841.00 0.222422 2.99
842.00 0.222422 2.99
843.00 0.222421 2.99
844.00 0.222421 2.99
845.00 0.222420 2.99
846.00 0.222420 2.99
847.00 0.222419 2.99
848.00 0.222419 2.99
849.00 0.222418 2.99
850.00 0.222417 2.99
851.00 0.222417 2.99
852.00 0.222416 2.99
853.00 0.222416 2.99
854.00 0.222415 2.99
855.00 0.222415 2.99
856.00 0.222414 2.99
857.00 0.222414 2.99
858.00 0.222413 2.99
859.00 0.222413 2.99
860.00 0.222412 2.99
861.00 0.222411 2.99
862.00 0.222411 2.99
863.00 0.222410 2.99
864.00 0.222410 2.99
865.00 0.222409 2.99
866.00 0.222409 2.99
867.00 0.222408 2.99
868.00 0.222407 2.99
869.00 0.222407 2.99
870.00 0.222406 2.99
871.00 0.222406 2.99
872.00 0.222405 2.99
873.00 0.222404 2.99
874.00 0.222404 2.99
875.00 0.222403 2.99
876.00 0.222403 2.99
877.00 0.222402 2.99
878.00 0.222402 2.99
879.00 0.222401 2.99
880.00 0.222400 2.99
881.00 0.222400 2.99
882.00 0.222399 2.99
883.00 0.222398 2.99
884.00 0.222398 2.99
885.00 0.222397 2.99
886.00 0.222397 2.99
887.00 0.222396 2.99
888.00 0.222395 2.99
889.00 0.222395 2.99
890.00 0.222394 2.99
891.00 0.222394 2.99
892.00 0.222393 2.99
893.00 0.222392 2.99
894.00 0.222392 2.99
895.00 0.222391 2.99
896.00 0.222390 2.99
897.00 0.222390 2.99
898.00 0.222389 2.99
899.00 0.222388 2.99
900.00 0.222388 2.99
901.00 0.222387 2.99
902.00 0.222386 2.99
903.00 0.222386 2.99
904.00 0.222385 2.99
905.00 0.222384 2.99
906.00 0.222384 2.99
907.00 0.222383 2.99
908.00 0.222382 2.99
909.00 0.222382 2.99
910.00 0.222381 2.99
911.00 0.222380 2.99
912.00 0.222380 2.99
913.00 0.222379 2.99
914.00 0.222378 2.99
915.00 0.222378 2.99
916.00 0.222377 2.99
917.00 0.222376 2.99
918.00 0.222375 2.99
919.00 0.222375 2.99
920.00 0.222374 2.99
921.00 0.222373 2.99
922.00 0.222373 2.99
923.00 0.222372 2.99
924.00 0.222371 2.99
925.00 0.222371 2.98
926.00 0.222371 2.98
927.00 0.222371 2.98
928.00 0.222371 2.98
929.00 0.222370 2.98
930.00 0.222370 2.98
931.00 0.222370 2.98
932.00 0.222370 2.98
933.00 0.222370 2.98
934.00 0.222370 2.98
935.00 0.222370 2.98
936.00 0.222370 2.98
937.00 0.222370 2.98
938.00 0.222370 2.98
939.00 0.222370 2.98
940.00 0.222370 2.98
941.00 0.222369 2.98
942.00 0.222369 2.98
943.00 0.222369 2.98
944.00 0.222369 2.98
945.00 0.222369 2.98
946.00 0.222369 2.98
947.00 0.222369 2.98
948.00 0.222369 2.98
949.00 0.222369 2.98
950.00 0.222369 2.98
951.00 0.222369 2.98
952.00 0.222369 2.98
953.00 0.222369 2.98
954.00 0.222369 2.98
955.00 0.222368 2.98
956.00 0.222368 2.98
957.00 0.222368 2.98
958.00 0.222368 2.98
959.00 0.222368 2.98
960.00 0.222368 2.98
961.00 0.222368 2.98
962.00 0.222368 2.98
963.00 0.222368 2.98
964.00 0.222368 2.98
965.00 0.222368 2.98
966.00 0.222368 2.98
967.00 0.222368 2.98
968.00 0.222368 2.98
969.00 0.222368 2.98
970.00 0.222368 2.98
971.00 0.222368 2.98
972.00 0.222367 2.98
973.00 0.222367 2.98
974.00 0.222367 2.98
975.00 0.222367 2.98
976.00 0.222367 2.98
977.00 0.222367 2.98
978.00 0.222367 2.98
979.00 0.222367 2.98
980.00 0.222367 2.98
981.00 0.222367 2.98
982.00 0.222367 2.98
983.00 0.222367 2.98
984.00 0.222367 2.98
985.00 0.222367 2.98
986.00 0.222367 2.98
987.00 0.222367 2.98
988.00 0.222367 2.98
989.00 0.222367 2.98
990.00 0.222367 2.98
991.00 0.222366 2.98
992.00 0.222366 2.98
993.00 0.222366 2.98
994.00 0.222366 2.98
995.00 0.222366 2.98
996.00 0.222366 2.98
997.00 0.222366 2.98
998.00 0.222366 2.98
999.00 0.222366 2.98
1000.00 0.222366 2.98
1001.00 0.222366 2.98
1002.00 0.222366 2.98
1003.00 0.222366 2.98
1004.00 0.222366 2.98
1005.00 0.222366 2.98
1006.00 0.222366 2.98
1007.00 0.222366 2.98
1008.00 0.222366 2.98
1009.00 0.222366 2.98
1010.00 0.222366 2.98
1011.00 0.222366 2.98
1012.00 0.222366 2.98
1013.00 0.222365 2.98
1014.00 0.222365 2.98
1015.00 0.222365 2.98
1016.00 0.222365 2.98
1017.00 0.222365 2.98
1018.00 0.222365 2.98
1019.00 0.222365 2.98
1020.00 0.222365 2.98
1021.00 0.222365 2.98
1022.00 0.222365 2.98
1023.00 0.222365 2.98
1024.00 0.222365 2.98
1025.00 0.222365 2.98
1026.00 0.222365 2.98
1027.00 0.222365 2.98
1028.00 0.222365 2.98
1029.00 0.222365 2.98
1030.00 0.222365 2.98
1031.00 0.222365 2.98
1032.00 0.222365 2.98
1033.00 0.222365 2.98
1034.00 0.222365 2.98
1035.00 0.222365 2.98
1036.00 0.222365 2.98
1037.00 0.222365 2.98
1038.00 0.222365 2.98
1039.00 0.222364 2.98
1040.00 0.222364 2.98
1041.00 0.222364 2.98
1042.00 0.222364 2.98
1043.00 0.222364 2.98
1044.00 0.222364 2.98
1045.00 0.222364 2.98
1046.00 0.222364 2.98
1047.00 0.222364 2.98
1048.00 0.222364 2.98
1049.00 0.222364 2.98
1050.00 0.222364 2.98
1051.00 0.222364 2.98
1052.00 0.222364 2.98
1053.00 0.222364 2.98
1054.00 0.222364 2.98
1055.00 0.222364 2.98
1056.00 0.222364 2.98
1057.00 0.222364 2.98
1058.00 0.222364 2.98
1059.00 0.222364 2.98
1060.00 0.222364 2.98
1061.00 0.222364 2.98
1062.00 0.222364 2.98
1063.00 0.222364 2.98
1064.00 0.222364 2.98
1065.00 0.222364 2.98
1066.00 0.222364 2.98
1067.00 0.222364 2.98
1068.00 0.222364 2.98
1069.00 0.222363 2.98
1070.00 0.222363 2.98
1071.00 0.222363 2.98
1072.00 0.222363 2.98
1073.00 0.222363 2.98
1074.00 0.222363 2.98
1075.00 0.222363 2.98
1076.00 0.222363 2.98
1077.00 0.222363 2.98
1078.00 0.222363 2.98
1079.00 0.222363 2.98
1080.00 0.222363 2.98
1081.00 0.222363 2.98
1082.00 0.222363 2.98
1083.00 0.222363 2.98
1084.00 0.222363 2.98
1085.00 0.222363 2.98
1086.00 0.222363 2.98
1087.00 0.222363 2.98
1088.00 0.222363 2.98
1089.00 0.222363 2.98
1090.00 0.222363 2.98
1091.00 0.222363 2.98
1092.00 0.222363 2.98
1093.00 0.222363 2.98
1094.00 0.222363 2.98
1095.00 0.222363 2.98
1096.00 0.222363 2.98
1097.00 0.222363 2.98
1098.00 0.222363 2.98
1099.00 0.222363 2.98
1100.00 0.222363 2.98
1101.00 0.222363 2.98
1102.00 0.222363 2.98
1103.00 0.222363 2.98
1104.00 0.222363 2.98
1105.00 0.222363 2.98
1106.00 0.222363 2.98
1107.00 0.222362 2.98
1108.00 0.222362 2.98
1109.00 0.222362 2.98
1110.00 0.222362 2.98
1111.00 0.222362 2.98
1112.00 0.222362 2.98
1113.00 0.222362 2.98
1114.00 0.222362 2.98
1115.00 0.222362 2.98
1116.00 0.222362 2.98
1117.00 0.222362 2.98
1118.00 0.222362 2.98
1119.00 0.222362 2.98
1120.00 0.222362 2.98
1121.00 0.222362 2.98
1122.00 0.222362 2.98
1123.00 0.222362 2.98
1124.00 0.222362 2.98
1125.00 0.222362 2.98
1126.00 0.222362 2.98
1127.00 0.222362 2.98
1128.00 0.222362 2.98
1129.00 0.222362 2.98
1130.00 0.222362 2.98
1131.00 0.222362 2.98
1132.00 0.222362 2.98
1133.00 0.222362 2.98
1134.00 0.222362 2.98
1135.00 0.222362 2.98
1136.00 0.222362 2.98
1137.00 0.222362 2.98
1138.00 0.222362 2.98
1139.00 0.222362 2.98
1140.00 0.222362 2.98
1141.00 0.222362 2.98
1142.00 0.222362 2.98
1143.00 0.222362 2.98
1144.00 0.222362 2.98
1145.00 0.222362 2.98
1146.00 0.222362 2.98
1147.00 0.222362 2.98
1148.00 0.222362 2.98
1149.00 0.222362 2.98
1150.00 0.222362 2.98
1151.00 0.222362 2.98
1152.00 0.222362 2.98
1153.00 0.222362 2.98
1154.00 0.222362 2.98
1155.00 0.222361 2.98
1156.00 0.222361 2.98
1157.00 0.222361 2.98
1158.00 0.222361 2.98
1159.00 0.222361 2.98
1160.00 0.222361 2.98
1161.00 0.222361 2.98
1162.00 0.222361 2.98
1163.00 0.222361 2.98
1164.00 0.222361 2.98
1165.00 0.222361 2.98
1166.00 0.222361 2.98
1167.00 0.222361 2.98
1168.00 0.222361 2.98
1169.00 0.222361 2.98
1170.00 0.222361 2.98
1171.00 0.222361 2.98
1172.00 0.222361 2.98
1173.00 0.222361 2.98
1174.00 0.222361 2.98
1175.00 0.222361 2.98
1176.00 0.222361 2.98
1177.00 0.222361 2.98
1178.00 0.222361 2.98
1179.00 0.222361 2.98
1180.00 0.222361 2.98
1181.00 0.222361 2.98
1182.00 0.222361 2.98
1183.00 0.222361 2.98
1184.00 0.222361 2.98
1185.00 0.222361 2.98
1186.00 0.222361 2.98
1187.00 0.222361 2.98
1188.00 0.222361 2.98
1189.00 0.222361 2.98
1190.00 0.222361 2.98
1191.00 0.222361 2.98
1192.00 0.222361 2.98
1193.00 0.222361 2.98
1194.00 0.222361 2.98
1195.00 0.222361 2.98
1196.00 0.222361 2.98
1197.00 0.222361 2.98
1198.00 0.222361 2.98
1199.00 0.222361 2.98
1200.00 0.222361 2.98
1201.00 0.222361 2.98
1202.00 0.222361 2.98
1203.00 0.222361 2.98
1204.00 0.222361 2.98
1205.00 0.222361 2.98
1206.00 0.222361 2.98
1207.00 0.222361 2.98
1208.00 0.222361 2.98
1209.00 0.222361 2.98
1210.00 0.222361 2.98
1211.00 0.222361 2.98
1212.00 0.222361 2.98
1213.00 0.222361 2.98
1214.00 0.222361 2.98
1215.00 0.222361 2.98
1216.00 0.222361 2.98
1217.00 0.222361 2.98
1218.00 0.222361 2.98
1219.00 0.222361 2.98
1220.00 0.222361 2.98
1221.00 0.222360 2.98
1222.00 0.222360 2.98
1223.00 0.222360 2.98
1224.00 0.222360 2.98
1225.00 0.222360 2.98
1226.00 0.222360 2.98
1227.00 0.222360 2.98
1228.00 0.222360 2.98
1229.00 0.222360 2.98
1230.00 0.222360 2.98
1231.00 0.222360 2.98
1232.00 0.222360 2.98
1233.00 0.222360 2.98
1234.00 0.222360 2.98
1235.00 0.222360 2.98
1236.00 0.222360 2.98
1237.00 0.222360 2.98
1238.00 0.222360 2.98
1239.00 0.222360 2.98
1240.00 0.222360 2.98
1241.00 0.222360 2.98
1242.00 0.222360 2.98
1243.00 0.222360 2.98
1244.00 0.222360 2.98
1245.00 0.222360 2.98
1246.00 0.222360 2.98
1247.00 0.222360 2.98
1248.00 0.222360 2.98
1249.00 0.222360 2.98
1250.00 0.222360 2.98
1251.00 0.222360 2.98
1252.00 0.222360 2.98
1253.00 0.222360 2.98
1254.00 0.222360 2.98
1255.00 0.222360 2.98
1256.00 0.222360 2.98
1257.00 0.222360 2.98
1258.00 0.222360 2.98
1259.00 0.222360 2.98
1260.00 0.222360 2.98
1261.00 0.222360 2.98
1262.00 0.222360 2.98
1263.00 0.222360 2.98
1264.00 0.222360 2.98
1265.00 0.222360 2.98
1266.00 0.222360 2.98
1267.00 0.222360 2.98
1268.00 0.222360 2.98
1269.00 0.222360 2.98
1270.00 0.222360 2.98
1271.00 0.222360 2.98
1272.00 0.222360 2.98
1273.00 0.222360 2.98
1274.00 0.222360 2.98
1275.00 0.222360 2.98
1276.00 0.222360 2.98
1277.00 0.222360 2.98
1278.00 0.222360 2.98
1279.00 0.222360 2.98
1280.00 0.222360 2.98
1281.00 0.222360 2.98
1282.00 0.222360 2.98
1283.00 0.222360 2.98
1284.00 0.222360 2.98
1285.00 0.222360 2.98
1286.00 0.222360 2.98
1287.00 0.222360 2.98
1288.00 0.222360 2.98
1289.00 0.222360 2.98
1290.00 0.222360 2.98
1291.00 0.222360 2.98
1292.00 0.222360 2.98
1293.00 0.222360 2.98
1294.00 0.222360 2.98
1295.00 0.222360 2.98
1296.00 0.222360 2.98
1297.00 0.222360 2.98
1298.00 0.222360 2.98
1299.00 0.222360 2.98
1300.00 0.222360 2.98
1301.00 0.222360 2.98
1302.00 0.222360 2.98
1303.00 0.222360 2.98
1304.00 0.222360 2.98
1305.00 0.222360 2.98
1306.00 0.222360 2.98
1307.00 0.222360 2.98
1308.00 0.222360 2.98
1309.00 0.222360 2.98
1310.00 0.222360 2.98
1311.00 0.222360 2.98
1312.00 0.222360 2.98
1313.00 0.222360 2.98
1314.00 0.222360 2.98
1315.00 0.222360 2.98
1316.00 0.222360 2.98
1317.00 0.222360 2.98
1318.00 0.222360 2.98
1319.00 0.222360 2.98
1320.00 0.222360 2.98
1321.00 0.222360 2.98
1322.00 0.222360 2.98
1323.00 0.222360 2.98
1324.00 0.222360 2.98
1325.00 0.222360 2.98
1326.00 0.222359 2.98
1327.00 0.222359 2.98
1328.00 0.222359 2.98
1329.00 0.222359 2.98
1330.00 0.222359 2.98
1331.00 0.222359 2.98
1332.00 0.222359 2.98
1333.00 0.222359 2.98
1334.00 0.222359 2.98
1335.00 0.222359 2.98
1336.00 0.222359 2.98
1337.00 0.222359 2.98
1338.00 0.222359 2.98
1339.00 0.222359 2.98
1340.00 0.222359 2.98
1341.00 0.222359 2.98
1342.00 0.222359 2.98
1343.00 0.222359 2.98
1344.00 0.222359 2.98
1345.00 0.222359 2.98
1346.00 0.222359 2.98
1347.00 0.222359 2.98
1348.00 0.222359 2.98
1349.00 0.222359 2.98
1350.00 0.222359 2.98
1351.00 0.222359 2.98
1352.00 0.222359 2.98
1353.00 0.222359 2.98
1354.00 0.222359 2.98
1355.00 0.222359 2.98
1356.00 0.222359 2.98
1357.00 0.222359 2.98
1358.00 0.222359 2.98
1359.00 0.222359 2.98
1360.00 0.222359 2.98
1361.00 0.222359 2.98
1362.00 0.222359 2.98
1363.00 0.222359 2.98
1364.00 0.222359 2.98
1365.00 0.222359 2.98
1366.00 0.222359 2.98
1367.00 0.222359 2.98
1368.00 0.222359 2.98
1369.00 0.222359 2.98
1370.00 0.222359 2.98
1371.00 0.222359 2.98
1372.00 0.222359 2.98
1373.00 0.222359 2.98
1374.00 0.222359 2.98
1375.00 0.222359 2.98
1376.00 0.222359 2.98
1377.00 0.222359 2.98
1378.00 0.222359 2.98
1379.00 0.222359 2.98
1380.00 0.222359 2.98
1381.00 0.222359 2.98
1382.00 0.222359 2.98
1383.00 0.222359 2.98
1384.00 0.222359 2.98
1385.00 0.222359 2.98
1386.00 0.222359 2.98
1387.00 0.222359 2.98
1388.00 0.222359 2.98
1389.00 0.222359 2.98
1390.00 0.222359 2.98
1391.00 0.222359 2.98
1392.00 0.222359 2.98
1393.00 0.222359 2.98
1394.00 0.222359 2.98
1395.00 0.222359 2.98
1396.00 0.222359 2.98
1397.00 0.222359 2.98
1398.00 0.222359 2.98
1399.00 0.222359 2.98
1400.00 0.222359 2.98
1401.00 0.222359 2.98
1402.00 0.222359 2.98
1403.00 0.222359 2.98
1404.00 0.222359 2.98
1405.00 0.222359 2.98
1406.00 0.222359 2.98
1407.00 0.222359 2.98
1408.00 0.222359 2.98
1409.00 0.222359 2.98
1410.00 0.222359 2.98
1411.00 0.222359 2.98
1412.00 0.222359 2.98
1413.00 0.222359 2.98
1414.00 0.222359 2.98
1415.00 0.222359 2.98
1416.00 0.222359 2.98
1417.00 0.222359 2.98
1418.00 0.222359 2.98
1419.00 0.222359 2.98
1420.00 0.222359 2.98
1421.00 0.222359 2.98
1422.00 0.222359 2.98
1423.00 0.222359 2.98
1424.00 0.222359 2.98
1425.00 0.222359 2.98
1426.00 0.222359 2.98
1427.00 0.222359 2.98
1428.00 0.222359 2.98
1429.00 0.222359 2.98
1430.00 0.222359 2.98
1431.00 0.222359 2.98
1432.00 0.222359 2.98
1433.00 0.222359 2.98
1434.00 0.222359 2.98
1435.00 0.222359 2.98
1436.00 0.222359 2.98
1437.00 0.222359 2.98
1438.00 0.222359 2.98
1439.00 0.222359 2.98
1440.00 0.222359 2.98
1441.00 0.222359 2.98
1442.00 0.222359 2.98
1443.00 0.222359 2.98
1444.00 0.222359 2.98
1445.00 0.222359 2.98
1446.00 0.222359 2.98
1447.00 0.222359 2.98
1448.00 0.222359 2.98
1449.00 0.222359 2.98
1450.00 0.222359 2.98
1451.00 0.222359 2.98
1452.00 0.222359 2.98
1453.00 0.222359 2.98
1454.00 0.222359 2.98
1455.00 0.222359 2.98
1456.00 0.222359 2.98
1457.00 0.222359 2.98
1458.00 0.222359 2.98
1459.00 0.222359 2.98
1460.00 0.222359 2.98
1461.00 0.222359 2.98
1462.00 0.222359 2.98
1463.00 0.222359 2.98
1464.00 0.222359 2.98
1465.00 0.222359 2.98
1466.00 0.222359 2.98
1467.00 0.222359 2.98
1468.00 0.222359 2.98
1469.00 0.222359 2.98
1470.00 0.222359 2.98
1471.00 0.222359 2.98
1472.00 0.222359 2.98
1473.00 0.222359 2.98
1474.00 0.222359 2.98
1475.00 0.222359 2.98
1476.00 0.222359 2.98
1477.00 0.222359 2.98
1478.00 0.222359 2.98
1479.00 0.222359 2.98
1480.00 0.222359 2.98
1481.00 0.222359 2.98
1482.00 0.222359 2.98
1483.00 0.222359 2.98
1484.00 0.222359 2.98
1485.00 0.222359 2.98
1486.00 0.222359 2.98
1487.00 0.222359 2.98
1488.00 0.222359 2.98
1489.00 0.222359 2.98
1490.00 0.222359 2.98
1491.00 0.222359 2.98
1492.00 0.222359 2.98
1493.00 0.222359 2.98
1494.00 0.222359 2.98
1495.00 0.222359 2.98
1496.00 0.222359 2.98
1497.00 0.222359 2.98
1498.00 0.222359 2.98
1499.00 0.222359 2.98
1500.00 0.222359 2.98
1501.00 0.222359 2.98
1502.00 0.222359 2.98
1503.00 0.222359 2.98
1504.00 0.222359 2.98
1505.00 0.222359 2.98
1506.00 0.222359 2.98
1507.00 0.222359 2.98
1508.00 0.222359 2.98
1509.00 0.222359 2.98
1510.00 0.222359 2.98
1511.00 0.222359 2.98
1512.00 0.222359 2.98
1513.00 0.222359 2.98
1514.00 0.222359 2.98
1515.00 0.222359 2.98
1516.00 0.222359 2.98
1517.00 0.222359 2.98
1518.00 0.222359 2.98
1519.00 0.222359 2.98
1520.00 0.222359 2.98
1521.00 0.222359 2.98
1522.00 0.222359 2.98
1523.00 0.222359 2.98
1524.00 0.222359 2.98
1525.00 0.222359 2.98
1526.00 0.222359 2.98
1527.00 0.222359 2.98
1528.00 0.222359 2.98
1529.00 0.222359 2.98
1530.00 0.222359 2.98
1531.00 0.222359 2.98
1532.00 0.222359 2.98
1533.00 0.222359 2.98
1534.00 0.222359 2.98
1535.00 0.222359 2.98
1536.00 0.222359 2.98
1537.00 0.222359 2.98
1538.00 0.222359 2.98
1539.00 0.222359 2.98
1540.00 0.222359 2.98
1541.00 0.222359 2.98
1542.00 0.222359 2.98
1543.00 0.222359 2.98
1544.00 0.222359 2.98
1545.00 0.222359 2.98
1546.00 0.222359 2.98
1547.00 0.222359 2.98
1548.00 0.222359 2.98
1549.00 0.222359 2.98
1550.00 0.222359 2.98
1551.00 0.222359 2.98
1552.00 0.222359 2.98
1553.00 0.222359 2.98
1554.00 0.222359 2.98
1555.00 0.222359 2.98
1556.00 0.222359 2.98
1557.00 0.222359 2.98
1558.00 0.222359 2.98
1559.00 0.222359 2.98
1560.00 0.222359 2.98
1561.00 0.222359 2.98
1562.00 0.222359 2.98
1563.00 0.222359 2.98
1564.00 0.222359 2.98
1565.00 0.222359 2.98
1566.00 0.222359 2.98
1567.00 0.222359 2.98
1568.00 0.222359 2.98
1569.00 0.222359 2.98
1570.00 0.222359 2.98
1571.00 0.222359 2.98
1572.00 0.222359 2.98
1573.00 0.222359 2.98
1574.00 0.222359 2.98
1575.00 0.222359 2.98
1576.00 0.222358 2.98
1577.00 0.222358 2.98
1578.00 0.222358 2.98
1579.00 0.222358 2.98
1580.00 0.222358 2.98
1581.00 0.222358 2.98
1582.00 0.222358 2.98
1583.00 0.222358 2.98
1584.00 0.222358 2.98
1585.00 0.222358 2.98
1586.00 0.222358 2.98
1587.00 0.222358 2.98
1588.00 0.222358 2.98
1589.00 0.222358 2.98
1590.00 0.222358 2.98
1591.00 0.222358 2.98
1592.00 0.222358 2.98
1593.00 0.222358 2.98
1594.00 0.222358 2.98
1595.00 0.222358 2.98
1596.00 0.222358 2.98
1597.00 0.222358 2.98
1598.00 0.222358 2.98
1599.00 0.222358 2.98
1600.00 0.222358 2.98
1601.00 0.222358 2.98
1602.00 0.222358 2.98
1603.00 0.222358 2.98
1604.00 0.222358 2.98
1605.00 0.222358 2.98
1606.00 0.222358 2.98
1607.00 0.222358 2.98
1608.00 0.222358 2.98
1609.00 0.222358 2.98
1610.00 0.222358 2.98
1611.00 0.222358 2.98
1612.00 0.222358 2.98
1613.00 0.222358 2.98
1614.00 0.222358 2.98
1615.00 0.222358 2.98
1616.00 0.222358 2.98
1617.00 0.222358 2.98
1618.00 0.222358 2.98
1619.00 0.222358 2.98
1620.00 0.222358 2.98
1621.00 0.222358 2.98
1622.00 0.222358 2.98
1623.00 0.222358 2.98
1624.00 0.222358 2.98
1625.00 0.222358 2.98
1626.00 0.222358 2.98
1627.00 0.222358 2.98
1628.00 0.222358 2.98
1629.00 0.222358 2.98
1630.00 0.222358 2.98
1631.00 0.222358 2.98
1632.00 0.222358 2.98
1633.00 0.222358 2.98
1634.00 0.222358 2.98
1635.00 0.222358 2.98
1636.00 0.222358 2.98
1637.00 0.222358 2.98
1638.00 0.222358 2.98
1639.00 0.222358 2.98
1640.00 0.222358 2.98
1641.00 0.222358 2.98
1642.00 0.222358 2.98
1643.00 0.222358 2.98
1644.00 0.222358 2.98
1645.00 0.222358 2.98
1646.00 0.222358 2.98
1647.00 0.222358 2.98
1648.00 0.222358 2.98
1649.00 0.222358 2.98
1650.00 0.222358 2.98
1651.00 0.222358 2.98
1652.00 0.222358 2.98
1653.00 0.222358 2.98
1654.00 0.222358 2.98
1655.00 0.222358 2.98
1656.00 0.222358 2.98
1657.00 0.222358 2.98
1658.00 0.222358 2.98
1659.00 0.222358 2.98
1660.00 0.222358 2.98
1661.00 0.222358 2.98
1662.00 0.222358 2.98
1663.00 0.222358 2.98
1664.00 0.222358 2.98
1665.00 0.222358 2.98
1666.00 0.222358 2.98
1667.00 0.222358 2.98
1668.00 0.222358 2.98
1669.00 0.222358 2.98
1670.00 0.222358 2.98
1671.00 0.222358 2.98
1672.00 0.222358 2.98
1673.00 0.222358 2.98
1674.00 0.222358 2.98
1675.00 0.222358 2.98
1676.00 0.222358 2.98
1677.00 0.222358 2.98
1678.00 0.222358 2.98
1679.00 0.222358 2.98
1680.00 0.222358 2.98
1681.00 0.222358 2.98
1682.00 0.222358 2.98
1683.00 0.222358 2.98
1684.00 0.222358 2.98
1685.00 0.222358 2.98
1686.00 0.222358 2.98
1687.00 0.222358 2.98
1688.00 0.222358 2.98
1689.00 0.222358 2.98
1690.00 0.222358 2.98
1691.00 0.222358 2.98
1692.00 0.222358 2.98
1693.00 0.222358 2.98
1694.00 0.222358 2.98
1695.00 0.222358 2.98
1696.00 0.222358 2.98
1697.00 0.222358 2.98
1698.00 0.222358 2.98
1699.00 0.222358 2.98
1700.00 0.222358 2.98
1701.00 0.222358 2.98
1702.00 0.222358 2.98
1703.00 0.222358 2.98
1704.00 0.222358 2.98
1705.00 0.222358 2.98
1706.00 0.222358 2.98
1707.00 0.222358 2.98
1708.00 0.222358 2.98
1709.00 0.222358 2.98
1710.00 0.222358 2.98
1711.00 0.222358 2.98
1712.00 0.222358 2.98
1713.00 0.222358 2.98
1714.00 0.222358 2.98
1715.00 0.222358 2.98
1716.00 0.222358 2.98
1717.00 0.222358 2.98
1718.00 0.222358 2.98
1719.00 0.222358 2.98
1720.00 0.222358 2.98
1721.00 0.222358 2.98
1722.00 0.222358 2.98
1723.00 0.222358 2.98
1724.00 0.222358 2.98
1725.00 0.222358 2.98
1726.00 0.222358 2.98
1727.00 0.222358 2.98
1728.00 0.222358 2.98
1729.00 0.222358 2.98
1730.00 0.222358 2.98
1731.00 0.222358 2.98
1732.00 0.222358 2.98
1733.00 0.222358 2.98
1734.00 0.222358 2.98
1735.00 0.222358 2.98
1736.00 0.222358 2.98
1737.00 0.222358 2.98
1738.00 0.222358 2.98
1739.00 0.222358 2.98
1740.00 0.222358 2.98
1741.00 0.222358 2.98
1742.00 0.222358 2.98
1743.00 0.222358 2.98
1744.00 0.222358 2.98
1745.00 0.222358 2.98
1746.00 0.222358 2.98
1747.00 0.222358 2.98
1748.00 0.222358 2.98
1749.00 0.222358 2.98
1750.00 0.222358 2.98
1751.00 0.222358 2.98
1752.00 0.222358 2.98
1753.00 0.222358 2.98
1754.00 0.222358 2.98
1755.00 0.222358 2.98
1756.00 0.222358 2.98
1757.00 0.222358 2.98
1758.00 0.222358 2.98
1759.00 0.222358 2.98
1760.00 0.222358 2.98
1761.00 0.222358 2.98
1762.00 0.222358 2.98
1763.00 0.222358 2.98
1764.00 0.222358 2.98
1765.00 0.222358 2.98
1766.00 0.222358 2.98
1767.00 0.222358 2.98
1768.00 0.222358 2.98
1769.00 0.222358 2.98
1770.00 0.222358 2.98
1771.00 0.222358 2.98
1772.00 0.222358 2.98
1773.00 0.222358 2.98
1774.00 0.222358 2.98
1775.00 0.222358 2.98
1776.00 0.222358 2.98
1777.00 0.222358 2.98
1778.00 0.222358 2.98
1779.00 0.222358 2.98
1780.00 0.222358 2.98
1781.00 0.222358 2.98
1782.00 0.222358 2.98
1783.00 0.222358 2.98
1784.00 0.222358 2.98
1785.00 0.222358 2.98
1786.00 0.222358 2.98
1787.00 0.222358 2.98
1788.00 0.222358 2.98
1789.00 0.222358 2.98
1790.00 0.222358 2.98
1791.00 0.222358 2.98
1792.00 0.222358 2.98
1793.00 0.222358 2.98
1794.00 0.222358 2.98
1795.00 0.222358 2.98
1796.00 0.222358 2.98
1797.00 0.222358 2.98
1798.00 0.222358 2.98
1799.00 0.222358 2.98
1800.00 0.222358 2.98
1801.00 0.222358 2.98
1802.00 0.222358 2.98
1803.00 0.222358 2.98
1804.00 0.222358 2.98
1805.00 0.222358 2.98
1806.00 0.222358 2.98
1807.00 0.222358 2.98
1808.00 0.222358 2.98
1809.00 0.222358 2.98
1810.00 0.222358 2.98
1811.00 0.222358 2.98
1812.00 0.222358 2.98
1813.00 0.222358 2.98
1814.00 0.222358 2.98
1815.00 0.222358 2.98
1816.00 0.222358 2.98
1817.00 0.222358 2.98
1818.00 0.222358 2.98
1819.00 0.222358 2.98
1820.00 0.222358 2.98
1821.00 0.222358 2.98
1822.00 0.222358 2.98
1823.00 0.222358 2.98
1824.00 0.222358 2.98
1825.00 0.222358 2.98
1826.00 0.222358 2.98
1827.00 0.222358 2.98
1828.00 0.222358 2.98
1829.00 0.222358 2.98
1830.00 0.222358 2.98
1831.00 0.222358 2.98
1832.00 0.222358 2.98
1833.00 0.222358 2.98
1834.00 0.222358 2.98
1835.00 0.222358 2.98
1836.00 0.222358 2.98
1837.00 0.222358 2.98
1838.00 0.222358 2.98
1839.00 0.222358 2.98
1840.00 0.222358 2.98
1841.00 0.222358 2.98
1842.00 0.222358 2.98
1843.00 0.222358 2.98
1844.00 0.222358 2.98
1845.00 0.222358 2.98
1846.00 0.222358 2.98
1847.00 0.222358 2.98
1848.00 0.222358 2.98
1849.00 0.222358 2.98
1850.00 0.222358 2.98
1851.00 0.222358 2.98
1852.00 0.222358 2.98
1853.00 0.222358 2.98
1854.00 0.222358 2.98
1855.00 0.222358 2.98
1856.00 0.222358 2.98
1857.00 0.222358 2.98
1858.00 0.222358 2.98
1859.00 0.222358 2.98
1860.00 0.222358 2.98
1861.00 0.222358 2.98
1862.00 0.222358 2.98
1863.00 0.222358 2.98
1864.00 0.222358 2.98
1865.00 0.222358 2.98
1866.00 0.222358 2.98
1867.00 0.222358 2.98
1868.00 0.222358 2.98
1869.00 0.222358 2.98
1870.00 0.222358 2.98
1871.00 0.222358 2.98
1872.00 0.222358 2.98
1873.00 0.222358 2.98
1874.00 0.222358 2.98
1875.00 0.222358 2.98
1876.00 0.222358 2.98
1877.00 0.222358 2.98
1878.00 0.222358 2.98
1879.00 0.222358 2.98
1880.00 0.222358 2.98
1881.00 0.222358 2.98
1882.00 0.222358 2.98
1883.00 0.222358 2.98
1884.00 0.222358 2.98
1885.00 0.222358 2.98
1886.00 0.222358 2.98
1887.00 0.222358 2.98
1888.00 0.222358 2.98
1889.00 0.222358 2.98
1890.00 0.222358 2.98
1891.00 0.222358 2.98
1892.00 0.222358 2.98
1893.00 0.222358 2.98
1894.00 0.222358 2.98
1895.00 0.222358 2.98
1896.00 0.222358 2.98
1897.00 0.222358 2.98
1898.00 0.222358 2.98
1899.00 0.222358 2.98
1900.00 0.222358 2.98
1901.00 0.222358 2.98
1902.00 0.222358 2.98
1903.00 0.222358 2.98
1904.00 0.222358 2.98
1905.00 0.222358 2.98
1906.00 0.222358 2.98
1907.00 0.222358 2.98
1908.00 0.222358 2.98
1909.00 0.222358 2.98
1910.00 0.222358 2.98
1911.00 0.222358 2.98
1912.00 0.222358 2.98
1913.00 0.222358 2.98
1914.00 0.222358 2.98
1915.00 0.222358 2.98
1916.00 0.222358 2.98
1917.00 0.222358 2.98
1918.00 0.222358 2.98
1919.00 0.222358 2.98
1920.00 0.222358 2.98
1921.00 0.222358 2.98
1922.00 0.222358 2.98
1923.00 0.222358 2.98
1924.00 0.222358 2.98
1925.00 0.222358 2.98
1926.00 0.222358 2.98
1927.00 0.222358 2.98
1928.00 0.222358 2.98
1929.00 0.222358 2.98
1930.00 0.222358 2.98
1931.00 0.222358 2.98
1932.00 0.222358 2.98
1933.00 0.222358 2.98
1934.00 0.222358 2.98
1935.00 0.222358 2.98
1936.00 0.222358 2.98
1937.00 0.222358 2.98
1938.00 0.222358 2.98
1939.00 0.222358 2.98
1940.00 0.222358 2.98
1941.00 0.222358 2.98
1942.00 0.222358 2.98
1943.00 0.222358 2.98
1944.00 0.222358 2.98
1945.00 0.222358 2.98
1946.00 0.222358 2.98
1947.00 0.222358 2.98
1948.00 0.222358 2.98
1949.00 0.222358 2.98
1950.00 0.222358 2.98
1951.00 0.222358 2.98
1952.00 0.222358 2.98
1953.00 0.222358 2.98
1954.00 0.222358 2.98
1955.00 0.222358 2.98
1956.00 0.222358 2.98
1957.00 0.222358 2.98
1958.00 0.222358 2.98
1959.00 0.222358 2.98
1960.00 0.222358 2.98
1961.00 0.222358 2.98
1962.00 0.222358 2.98
1963.00 0.222358 2.98
1964.00 0.222358 2.98
1965.00 0.222358 2.98
1966.00 0.222358 2.98
1967.00 0.222358 2.98
1968.00 0.222358 2.98
1969.00 0.222358 2.98
1970.00 0.222358 2.98
1971.00 0.222358 2.98
1972.00 0.222358 2.98
1973.00 0.222358 2.98
1974.00 0.222358 2.98
1975.00 0.222358 2.98
1976.00 0.222358 2.98
1977.00 0.222358 2.98
1978.00 0.222358 2.98
1979.00 0.222358 2.98
1980.00 0.222358 2.98
1981.00 0.222358 2.98
1982.00 0.222358 2.98
1983.00 0.222358 2.98
1984.00 0.222358 2.98
1985.00 0.222358 2.98
1986.00 0.222358 2.98
1987.00 0.222358 2.98
1988.00 0.222358 2.98
1989.00 0.222358 2.98
1990.00 0.222358 2.98
1991.00 0.222358 2.98
1992.00 0.222358 2.98
1993.00 0.222358 2.98
1994.00 0.222358 2.98
1995.00 0.222358 2.98
1996.00 0.222358 2.98
1997.00 0.222358 2.98
1998.00 0.222358 2.98
1999.00 0.222358 2.98
2000.00 0.222358 2.98
