0.00 0.423098 5.71
1.00 0.422428 5.71
2.00 0.421760 5.71
3.00 0.421093 5.71
4.00 0.420432 5.70
5.00 0.419781 5.69
6.00 0.419144 5.69
7.00 0.418510 5.69
8.00 0.417881 5.69
9.00 0.417253 5.69
10.00 0.416628 5.69
11.00 0.416003 5.69
12.00 0.415387 5.68
13.00 0.414776 5.68
14.00 0.414165 5.68
15.00 0.413558 5.67
16.00 0.412956 5.67
17.00 0.412353 5.67
18.00 0.411750 5.67
19.00 0.411146 5.67
20.00 0.410541 5.67
21.00 0.409934 5.67
22.00 0.409325 5.67
23.00 0.408714 5.67
24.00 0.408100 5.67
25.00 0.407520 5.66
26.00 0.406959 5.65
27.00 0.406404 5.65
28.00 0.405852 5.65
29.00 0.405302 5.65
30.00 0.404754 5.65
31.00 0.404206 5.65
32.00 0.403659 5.65
33.00 0.403111 5.65
34.00 0.402564 5.65
35.00 0.402016 5.65
36.00 0.401467 5.65
37.00 0.400917 5.65
38.00 0.400366 5.65
39.00 0.399825 5.64
40.00 0.399313 5.64
41.00 0.398805 5.64
42.00 0.398333 5.63
43.00 0.397879 5.63
44.00 0.397431 5.63
45.00 0.396997 5.62
46.00 0.396586 5.62
47.00 0.396181 5.62
48.00 0.395780 5.62
49.00 0.395384 5.62
50.00 0.394991 5.62
51.00 0.394600 5.62
52.00 0.394211 5.62
53.00 0.393825 5.61
54.00 0.393454 5.61
55.00 0.393089 5.60
56.00 0.392771 5.59
57.00 0.392495 5.58
58.00 0.392232 5.58
59.00 0.391977 5.58
60.00 0.391728 5.58
61.00 0.391486 5.58
62.00 0.391248 5.58
63.00 0.391014 5.58
64.00 0.390783 5.58
65.00 0.390556 5.58
66.00 0.390332 5.58
67.00 0.390110 5.58
68.00 0.389929 5.56
69.00 0.389763 5.56
70.00 0.389603 5.56
71.00 0.389447 5.56
72.00 0.389296 5.56
73.00 0.389149 5.56
74.00 0.389017 5.55
75.00 0.388890 5.55
76.00 0.388768 5.54
77.00 0.388653 5.54
78.00 0.388542 5.54
79.00 0.388433 5.54
80.00 0.388328 5.54
81.00 0.388225 5.54
82.00 0.388136 5.53
83.00 0.388053 5.53
84.00 0.387974 5.53
85.00 0.387898 5.53
86.00 0.387825 5.53
87.00 0.387754 5.53
88.00 0.387686 5.53
89.00 0.387619 5.53
90.00 0.387555 5.53
91.00 0.387492 5.53
92.00 0.387432 5.53
93.00 0.387372 5.53
94.00 0.387315 5.53
95.00 0.387258 5.53
96.00 0.387203 5.53
97.00 0.387150 5.53
98.00 0.387097 5.53
99.00 0.387046 5.53
100.00 0.386995 5.53
101.00 0.386946 5.53
102.00 0.386898 5.53
103.00 0.386850 5.53
104.00 0.386804 5.53
105.00 0.386758 5.53
106.00 0.386714 5.53
107.00 0.386670 5.53
108.00 0.386626 5.53
109.00 0.386584 5.53
110.00 0.386542 5.53
111.00 0.386501 5.53
112.00 0.386461 5.53
113.00 0.386421 5.53
114.00 0.386382 5.53
115.00 0.386343 5.53
116.00 0.386307 5.52
117.00 0.386278 5.52
118.00 0.386250 5.52
119.00 0.386224 5.52
120.00 0.386199 5.52
121.00 0.386175 5.52
122.00 0.386152 5.52
123.00 0.386129 5.52
124.00 0.386108 5.52
125.00 0.386088 5.52
126.00 0.386068 5.52
127.00 0.386050 5.52
128.00 0.386032 5.52
129.00 0.386014 5.52
130.00 0.385998 5.52
131.00 0.385982 5.52
132.00 0.385966 5.52
133.00 0.385951 5.52
134.00 0.385939 5.51
135.00 0.385930 5.51
136.00 0.385922 5.51
137.00 0.385915 5.51
138.00 0.385908 5.51
139.00 0.385902 5.51
140.00 0.385896 5.51
141.00 0.385891 5.51
142.00 0.385886 5.51
143.00 0.385882 5.51
144.00 0.385878 5.51
145.00 0.385874 5.51
146.00 0.385871 5.51
147.00 0.385867 5.51
148.00 0.385864 5.51
149.00 0.385861 5.51
150.00 0.385859 5.51
151.00 0.385856 5.51
152.00 0.385854 5.51
153.00 0.385852 5.51
154.00 0.385849 5.51
155.00 0.385847 5.51
156.00 0.385846 5.51
157.00 0.385844 5.51
158.00 0.385842 5.51
159.00 0.385840 5.51
160.00 0.385839 5.51
161.00 0.385837 5.51
162.00 0.385836 5.51
163.00 0.385834 5.51
164.00 0.385833 5.51
165.00 0.385831 5.51
166.00 0.385830 5.51
167.00 0.385829 5.51
168.00 0.385827 5.51
169.00 0.385826 5.51
170.00 0.385825 5.51
171.00 0.385824 5.51
172.00 0.385823 5.51
173.00 0.385821 5.51
174.00 0.385820 5.51
175.00 0.385819 5.51
176.00 0.385818 5.51
177.00 0.385817 5.51
178.00 0.385816 5.51
179.00 0.385815 5.51
180.00 0.385814 5.51
181.00 0.385813 5.51
182.00 0.385812 5.51
183.00 0.385810 5.51
184.00 0.385809 5.51
185.00 0.385808 5.51
186.00 0.385807 5.51
187.00 0.385806 5.51
188.00 0.385805 5.51
189.00 0.385804 5.51
190.00 0.385803 5.51
191.00 0.385802 5.51
192.00 0.385801 5.51
193.00 0.385800 5.51
194.00 0.385799 5.51
195.00 0.385798 5.51
196.00 0.385797 5.51
197.00 0.385796 5.51
198.00 0.385795 5.51
199.00 0.385794 5.51
200.00 0.385793 5.51
201.00 0.385792 5.51
202.00 0.385791 5.51
203.00 0.385790 5.51
204.00 0.385789 5.51
205.00 0.385789 5.51
206.00 0.385788 5.51
207.00 0.385787 5.51
208.00 0.385786 5.51
209.00 0.385785 5.51
210.00 0.385784 5.51
211.00 0.385783 5.51
212.00 0.385782 5.51
213.00 0.385781 5.51
214.00 0.385780 5.51
215.00 0.385779 5.51
216.00 0.385778 5.51
217.00 0.385777 5.51
218.00 0.385776 5.51
219.00 0.385775 5.51
220.00 0.385774 5.51
221.00 0.385773 5.51
222.00 0.385772 5.51
223.00 0.385771 5.51
224.00 0.385770 5.51
225.00 0.385769 5.51
226.00 0.385768 5.51
227.00 0.385767 5.51
228.00 0.385766 5.51
229.00 0.385765 5.51
230.00 0.385764 5.51
231.00 0.385763 5.51
232.00 0.385762 5.51
233.00 0.385761 5.51
234.00 0.385760 5.51
235.00 0.385759 5.51
236.00 0.385758 5.51
237.00 0.385758 5.51
238.00 0.385757 5.51
239.00 0.385756 5.51
240.00 0.385755 5.51
241.00 0.385754 5.51
242.00 0.385753 5.51
243.00 0.385752 5.51
244.00 0.385751 5.51
245.00 0.385750 5.51
246.00 0.385749 5.51
247.00 0.385748 5.51
248.00 0.385747 5.51
249.00 0.385746 5.51
250.00 0.385745 5.51
251.00 0.385744 5.51
252.00 0.385743 5.51
253.00 0.385742 5.51
254.00 0.385741 5.51
255.00 0.385740 5.51
256.00 0.385739 5.51
257.00 0.385738 5.51
258.00 0.385737 5.51
259.00 0.385736 5.51
260.00 0.385735 5.51
261.00 0.385734 5.51
262.00 0.385733 5.51
263.00 0.385732 5.51
264.00 0.385731 5.51
265.00 0.385730 5.51
266.00 0.385730 5.51
267.00 0.385729 5.51
268.00 0.385728 5.51
269.00 0.385727 5.51
270.00 0.385726 5.51
271.00 0.385725 5.51
272.00 0.385724 5.51
273.00 0.385723 5.51
274.00 0.385722 5.51
275.00 0.385721 5.51
276.00 0.385720 5.51
277.00 0.385719 5.51
278.00 0.385718 5.51
279.00 0.385717 5.51
280.00 0.385716 5.51
281.00 0.385715 5.51
282.00 0.385714 5.51
283.00 0.385713 5.51
284.00 0.385712 5.51
285.00 0.385711 5.51
286.00 0.385710 5.51
287.00 0.385709 5.51
288.00 0.385708 5.51
289.00 0.385707 5.51
290.00 0.385706 5.51
291.00 0.385705 5.51
292.00 0.385704 5.51
293.00 0.385703 5.51
294.00 0.385703 5.50
295.00 0.385703 5.50
296.00 0.385702 5.50
297.00 0.385702 5.50
298.00 0.385702 5.50
299.00 0.385702 5.50
300.00 0.385702 5.50
301.00 0.385702 5.50
302.00 0.385701 5.50
303.00 0.385701 5.50
304.00 0.385701 5.50
305.00 0.385701 5.50
306.00 0.385701 5.50
307.00 0.385701 5.50
308.00 0.385701 5.50
309.00 0.385701 5.50
310.00 0.385701 5.50
311.00 0.385700 5.50
312.00 0.385700 5.50
313.00 0.385700 5.50
314.00 0.385700 5.50
315.00 0.385700 5.50
316.00 0.385700 5.50
317.00 0.385700 5.50
318.00 0.385700 5.50
319.00 0.385700 5.50
320.00 0.385700 5.50
321.00 0.385700 5.50
322.00 0.385700 5.50
323.00 0.385700 5.50
324.00 0.385700 5.50
325.00 0.385700 5.50
326.00 0.385699 5.50
327.00 0.385699 5.50
328.00 0.385699 5.50
329.00 0.385699 5.50
330.00 0.385699 5.50
331.00 0.385699 5.50
332.00 0.385699 5.50
333.00 0.385699 5.50
334.00 0.385699 5.50
335.00 0.385699 5.50
336.00 0.385699 5.50
337.00 0.385699 5.50
338.00 0.385699 5.50
339.00 0.385699 5.50
340.00 0.385699 5.50
341.00 0.385699 5.50
342.00 0.385699 5.50
343.00 0.385699 5.50
344.00 0.385699 5.50
345.00 0.385699 5.50
346.00 0.385699 5.50
347.00 0.385699 5.50
348.00 0.385699 5.50
349.00 0.385699 5.50
350.00 0.385699 5.50
351.00 0.385699 5.50
352.00 0.385699 5.50
353.00 0.385699 5.50
354.00 0.385699 5.50
355.00 0.385699 5.50
356.00 0.385699 5.50
357.00 0.385699 5.50
358.00 0.385699 5.50
359.00 0.385699 5.50
360.00 0.385699 5.50
361.00 0.385699 5.50
362.00 0.385699 5.50
363.00 0.385699 5.50
364.00 0.385699 5.50
365.00 0.385699 5.50
366.00 0.385699 5.50
367.00 0.385699 5.50
368.00 0.385699 5.50
369.00 0.385699 5.50
370.00 0.385699 5.50
371.00 0.385699 5.50
372.00 0.385699 5.50
373.00 0.385699 5.50
374.00 0.385699 5.50
375.00 0.385699 5.50
376.00 0.385699 5.50
377.00 0.385699 5.50
378.00 0.385699 5.50
379.00 0.385699 5.50
380.00 0.385699 5.50
381.00 0.385699 5.50
382.00 0.385699 5.50
383.00 0.385699 5.50
384.00 0.385699 5.50
385.00 0.385699 5.50
386.00 0.385699 5.50
387.00 0.385699 5.50
388.00 0.385699 5.50
389.00 0.385699 5.50
390.00 0.385699 5.50
391.00 0.385699 5.50
392.00 0.385699 5.50
393.00 0.385699 5.50
394.00 0.385699 5.50
395.00 0.385699 5.50
396.00 0.385699 5.50
397.00 0.385699 5.50
398.00 0.385699 5.50
399.00 0.385699 5.50
400.00 0.385699 5.50
401.00 0.385699 5.50
402.00 0.385699 5.50
403.00 0.385699 5.50
404.00 0.385699 5.50
405.00 0.385699 5.50
406.00 0.385699 5.50
407.00 0.385699 5.50
408.00 0.385699 5.50
409.00 0.385699 5.50
410.00 0.385699 5.50
411.00 0.385699 5.50
412.00 0.385699 5.50
413.00 0.385699 5.50
414.00 0.385699 5.50
415.00 0.385699 5.50
416.00 0.385699 5.50
417.00 0.385699 5.50
418.00 0.385699 5.50
419.00 0.385699 5.50
420.00 0.385699 5.50
421.00 0.385699 5.50
422.00 0.385699 5.50
423.00 0.385699 5.50
424.00 0.385699 5.50
425.00 0.385699 5.50
426.00 0.385699 5.50
427.00 0.385699 5.50
428.00 0.385699 5.50
429.00 0.385699 5.50
430.00 0.385699 5.50
431.00 0.385699 5.50
432.00 0.385699 5.50
433.00 0.385699 5.50
434.00 0.385699 5.50
435.00 0.385699 5.50
436.00 0.385699 5.50
437.00 0.385699 5.50
438.00 0.385699 5.50
439.00 0.385699 5.50
440.00 0.385699 5.50
441.00 0.385699 5.50
442.00 0.385699 5.50
443.00 0.385699 5.50
444.00 0.385699 5.50
445.00 0.385699 5.50
446.00 0.385699 5.50
447.00 0.385699 5.50
448.00 0.385699 5.50
449.00 0.385699 5.50
450.00 0.385699 5.50
451.00 0.385699 5.50
452.00 0.385699 5.50
453.00 0.385699 5.50
454.00 0.385699 5.50
455.00 0.385699 5.50
456.00 0.385699 5.50
457.00 0.385699 5.50
458.00 0.385699 5.50
459.00 0.385699 5.50
460.00 0.385699 5.50
461.00 0.385699 5.50
462.00 0.385699 5.50
463.00 0.385699 5.50
464.00 0.385699 5.50
465.00 0.385699 5.50
466.00 0.385699 5.50
467.00 0.385699 5.50
468.00 0.385699 5.50
469.00 0.385699 5.50
470.00 0.385699 5.50
471.00 0.385699 5.50
472.00 0.385699 5.50
473.00 0.385699 5.50
474.00 0.385699 5.50
475.00 0.385699 5.50
476.00 0.385699 5.50
477.00 0.385699 5.50
478.00 0.385699 5.50
479.00 0.385699 5.50
480.00 0.385699 5.50
481.00 0.385699 5.50
482.00 0.385699 5.50
483.00 0.385699 5.50
484.00 0.385699 5.50
485.00 0.385699 5.50
486.00 0.385699 5.50
487.00 0.385699 5.50
488.00 0.385699 5.50
489.00 0.385699 5.50
490.00 0.385699 5.50
491.00 0.385699 5.50
492.00 0.385699 5.50
493.00 0.385699 5.50
494.00 0.385699 5.50
495.00 0.385699 5.50
496.00 0.385699 5.50
497.00 0.385699 5.50
498.00 0.385699 5.50
499.00 0.385699 5.50
500.00 0.385699 5.50
501.00 0.385699 5.50
502.00 0.385699 5.50
503.00 0.385699 5.50
504.00 0.385699 5.50
505.00 0.385699 5.50
506.00 0.385699 5.50
507.00 0.385699 5.50
508.00 0.385699 5.50
509.00 0.385699 5.50
510.00 0.385699 5.50
511.00 0.385699 5.50
512.00 0.385699 5.50
513.00 0.385699 5.50
514.00 0.385699 5.50
515.00 0.385699 5.50
516.00 0.385699 5.50
517.00 0.385699 5.50
518.00 0.385699 5.50
519.00 0.385699 5.50
520.00 0.385699 5.50
521.00 0.385699 5.50
522.00 0.385699 5.50
523.00 0.385699 5.50
524.00 0.385699 5.50
525.00 0.385699 5.50
526.00 0.385699 5.50
527.00 0.385699 5.50
528.00 0.385699 5.50
529.00 0.385699 5.50
530.00 0.385699 5.50
531.00 0.385699 5.50
532.00 0.385699 5.50
533.00 0.385699 5.50
534.00 0.385699 5.50
535.00 0.385699 5.50
536.00 0.385699 5.50
537.00 0.385699 5.50
538.00 0.385699 5.50
539.00 0.385699 5.50
540.00 0.385699 5.50
541.00 0.385699 5.50
542.00 0.385699 5.50
543.00 0.385699 5.50
544.00 0.385699 5.50
545.00 0.385699 5.50
546.00 0.385699 5.50
547.00 0.385699 5.50
548.00 0.385699 5.50
549.00 0.385699 5.50
550.00 0.385699 5.50
551.00 0.385699 5.50
552.00 0.385699 5.50
553.00 0.385699 5.50
554.00 0.385699 5.50
555.00 0.385699 5.50
556.00 0.385699 5.50
557.00 0.385699 5.50
558.00 0.385699 5.50
559.00 0.385699 5.50
560.00 0.385699 5.50
561.00 0.385699 5.50
562.00 0.385699 5.50
563.00 0.385699 5.50
564.00 0.385699 5.50
565.00 0.385699 5.50
566.00 0.385699 5.50
567.00 0.385699 5.50
568.00 0.385699 5.50
569.00 0.385699 5.50
570.00 0.385699 5.50
571.00 0.385699 5.50
572.00 0.385699 5.50
573.00 0.385699 5.50
574.00 0.385699 5.50
575.00 0.385699 5.50
576.00 0.385699 5.50
577.00 0.385699 5.50
578.00 0.385699 5.50
579.00 0.385699 5.50
580.00 0.385699 5.50
581.00 0.385699 5.50
582.00 0.385699 5.50
583.00 0.385699 5.50
584.00 0.385699 5.50
585.00 0.385699 5.50
586.00 0.385699 5.50
587.00 0.385699 5.50
588.00 0.385699 5.50
589.00 0.385699 5.50
590.00 0.385699 5.50
591.00 0.385699 5.50
592.00 0.385699 5.50
593.00 0.385699 5.50
594.00 0.385699 5.50
595.00 0.385699 5.50
596.00 0.385699 5.50
597.00 0.385699 5.50
598.00 0.385699 5.50
599.00 0.385699 5.50
600.00 0.385699 5.50
601.00 0.385699 5.50
602.00 0.385699 5.50
603.00 0.385699 5.50
604.00 0.385699 5.50
605.00 0.385699 5.50
606.00 0.385699 5.50
607.00 0.385699 5.50
608.00 0.385699 5.50
609.00 0.385699 5.50
610.00 0.385699 5.50
611.00 0.385699 5.50
612.00 0.385699 5.50
613.00 0.385699 5.50
614.00 0.385699 5.50
615.00 0.385699 5.50
616.00 0.385699 5.50
617.00 0.385699 5.50
618.00 0.385699 5.50
619.00 0.385699 5.50
620.00 0.385699 5.50
621.00 0.385699 5.50
622.00 0.385699 5.50
623.00 0.385699 5.50
624.00 0.385699 5.50
625.00 0.385699 5.50
626.00 0.385699 5.50
627.00 0.385699 5.50
628.00 0.385699 5.50
629.00 0.385699 5.50
630.00 0.385699 5.50
631.00 0.385699 5.50
632.00 0.385699 5.50
633.00 0.385699 5.50
634.00 0.385699 5.50
635.00 0.385699 5.50
636.00 0.385699 5.50
637.00 0.385699 5.50
638.00 0.385699 5.50
639.00 0.385699 5.50
640.00 0.385699 5.50
641.00 0.385699 5.50
642.00 0.385699 5.50
643.00 0.385699 5.50
644.00 0.385699 5.50
645.00 0.385699 5.50
646.00 0.385699 5.50
647.00 0.385699 5.50
648.00 0.385699 5.50
649.00 0.385699 5.50
650.00 0.385699 5.50
651.00 0.385699 5.50
652.00 0.385699 5.50
653.00 0.385699 5.50
654.00 0.385699 5.50
655.00 0.385699 5.50
656.00 0.385699 5.50
657.00 0.385699 5.50
658.00 0.385699 5.50
659.00 0.385699 5.50
660.00 0.385699 5.50
661.00 0.385699 5.50
662.00 0.385699 5.50
663.00 0.385699 5.50
664.00 0.385699 5.50
665.00 0.385699 5.50
666.00 0.385699 5.50
667.00 0.385699 5.50
668.00 0.385699 5.50
669.00 0.385699 5.50
670.00 0.385699 5.50
671.00 0.385699 5.50
672.00 0.385699 5.50
673.00 0.385699 5.50
674.00 0.385699 5.50
675.00 0.385699 5.50
676.00 0.385699 5.50
677.00 0.385699 5.50
678.00 0.385699 5.50
679.00 0.385699 5.50
680.00 0.385699 5.50
681.00 0.385699 5.50
682.00 0.385699 5.50
683.00 0.385699 5.50
684.00 0.385699 5.50
685.00 0.385699 5.50
686.00 0.385699 5.50
687.00 0.385699 5.50
688.00 0.385699 5.50
689.00 0.385699 5.50
690.00 0.385699 5.50
691.00 0.385699 5.50
692.00 0.385699 5.50
693.00 0.385699 5.50
694.00 0.385699 5.50
695.00 0.385699 5.50
696.00 0.385699 5.50
697.00 0.385699 5.50
698.00 0.385699 5.50
699.00 0.385699 5.50
700.00 0.385699 5.50
701.00 0.385699 5.50
702.00 0.385699 5.50
703.00 0.385699 5.50
704.00 0.385699 5.50
705.00 0.385699 5.50
706.00 0.385699 5.50
707.00 0.385699 5.50
708.00 0.385699 5.50
709.00 0.385699 5.50
710.00 0.385699 5.50
711.00 0.385699 5.50
712.00 0.385699 5.50
713.00 0.385699 5.50
714.00 0.385699 5.50
715.00 0.385699 5.50
716.00 0.385699 5.50
717.00 0.385699 5.50
718.00 0.385699 5.50
719.00 0.385699 5.50
720.00 0.385699 5.50
721.00 0.385699 5.50
722.00 0.385699 5.50
723.00 0.385699 5.50
724.00 0.385699 5.50
725.00 0.385699 5.50
726.00 0.385699 5.50
727.00 0.385699 5.50
728.00 0.385699 5.50
729.00 0.385699 5.50
730.00 0.385699 5.50
731.00 0.385699 5.50
732.00 0.385699 5.50
733.00 0.385699 5.50
734.00 0.385699 5.50
735.00 0.385699 5.50
736.00 0.385699 5.50
737.00 0.385699 5.50
738.00 0.385699 5.50
739.00 0.385699 5.50
740.00 0.385699 5.50
741.00 0.385699 5.50
742.00 0.385699 5.50
743.00 0.385699 5.50
744.00 0.385699 5.50
745.00 0.385699 5.50
746.00 0.385699 5.50
747.00 0.385699 5.50
748.00 0.385699 5.50
749.00 0.385699 5.50
750.00 0.385699 5.50
751.00 0.385699 5.50
752.00 0.385699 5.50
753.00 0.385699 5.50
754.00 0.385699 5.50
755.00 0.385699 5.50
756.00 0.385699 5.50
757.00 0.385699 5.50
758.00 0.385699 5.50
759.00 0.385699 5.50
760.00 0.385699 5.50
761.00 0.385699 5.50
762.00 0.385699 5.50
763.00 0.385699 5.50
764.00 0.385699 5.50
765.00 0.385699 5.50
766.00 0.385699 5.50
767.00 0.385699 5.50
768.00 0.385699 5.50
769.00 0.385699 5.50
770.00 0.385699 5.50
771.00 0.385699 5.50
772.00 0.385699 5.50
773.00 0.385699 5.50
774.00 0.385699 5.50
775.00 0.385699 5.50
776.00 0.385699 5.50
777.00 0.385699 5.50
778.00 0.385699 5.50
779.00 0.385699 5.50
780.00 0.385699 5.50
781.00 0.385699 5.50
782.00 0.385699 5.50
783.00 0.385699 5.50
784.00 0.385699 5.50
785.00 0.385699 5.50
786.00 0.385699 5.50
787.00 0.385699 5.50
788.00 0.385699 5.50
789.00 0.385699 5.50
790.00 0.385699 5.50
791.00 0.385699 5.50
792.00 0.385699 5.50
793.00 0.385699 5.50
794.00 0.385699 5.50
795.00 0.385699 5.50
796.00 0.385699 5.50
797.00 0.385699 5.50
798.00 0.385699 5.50
799.00 0.385699 5.50
800.00 0.385699 5.50
801.00 0.385699 5.50
802.00 0.385699 5.50
803.00 0.385699 5.50
804.00 0.385699 5.50
805.00 0.385699 5.50
806.00 0.385699 5.50
807.00 0.385699 5.50
808.00 0.385699 5.50
809.00 0.385699 5.50
810.00 0.385699 5.50
811.00 0.385699 5.50
812.00 0.385699 5.50
813.00 0.385699 5.50
814.00 0.385699 5.50
815.00 0.385699 5.50
816.00 0.385699 5.50
817.00 0.385699 5.50
818.00 0.385699 5.50
819.00 0.385699 5.50
820.00 0.385699 5.50
821.00 0.385699 5.50
822.00 0.385699 5.50
823.00 0.385699 5.50
824.00 0.385699 5.50
825.00 0.385699 5.50
826.00 0.385699 5.50
827.00 0.385699 5.50
828.00 0.385699 5.50
829.00 0.385699 5.50
830.00 0.385699 5.50
831.00 0.385699 5.50
832.00 0.385699 5.50
833.00 0.385699 5.50
834.00 0.385699 5.50
835.00 0.385699 5.50
836.00 0.385699 5.50
837.00 0.385699 5.50
838.00 0.385699 5.50
839.00 0.385699 5.50
840.00 0.385699 5.50
841.00 0.385699 5.50
842.00 0.385699 5.50
843.00 0.385699 5.50
844.00 0.385699 5.50
845.00 0.385699 5.50
846.00 0.385699 5.50
847.00 0.385699 5.50
848.00 0.385699 5.50
849.00 0.385699 5.50
850.00 0.385699 5.50
851.00 0.385699 5.50
852.00 0.385699 5.50
853.00 0.385699 5.50
854.00 0.385699 5.50
855.00 0.385699 5.50
856.00 0.385699 5.50
857.00 0.385699 5.50
858.00 0.385699 5.50
859.00 0.385699 5.50
860.00 0.385699 5.50
861.00 0.385699 5.50
862.00 0.385699 5.50
863.00 0.385699 5.50
864.00 0.385699 5.50
865.00 0.385699 5.50
866.00 0.385699 5.50
867.00 0.385699 5.50
868.00 0.385699 5.50
869.00 0.385699 5.50
870.00 0.385699 5.50
871.00 0.385699 5.50
872.00 0.385699 5.50
873.00 0.385699 5.50
874.00 0.385699 5.50
875.00 0.385699 5.50
876.00 0.385699 5.50
877.00 0.385699 5.50
878.00 0.385699 5.50
879.00 0.385699 5.50
880.00 0.385699 5.50
881.00 0.385699 5.50
882.00 0.385699 5.50
883.00 0.385699 5.50
884.00 0.385699 5.50
885.00 0.385699 5.50
886.00 0.385699 5.50
887.00 0.385699 5.50
888.00 0.385699 5.50
889.00 0.385699 5.50
890.00 0.385699 5.50
891.00 0.385699 5.50
892.00 0.385699 5.50
893.00 0.385699 5.50
894.00 0.385699 5.50
895.00 0.385699 5.50
896.00 0.385699 5.50
897.00 0.385699 5.50
898.00 0.385699 5.50
899.00 0.385699 5.50
900.00 0.385699 5.50
901.00 0.385699 5.50
902.00 0.385699 5.50
903.00 0.385699 5.50
904.00 0.385699 5.50
905.00 0.385699 5.50
906.00 0.385699 5.50
907.00 0.385699 5.50
908.00 0.385699 5.50
909.00 0.385699 5.50
910.00 0.385699 5.50
911.00 0.385699 5.50
912.00 0.385699 5.50
913.00 0.385699 5.50
914.00 0.385699 5.50
915.00 0.385699 5.50
916.00 0.385699 5.50
917.00 0.385699 5.50
918.00 0.385699 5.50
919.00 0.385699 5.50
920.00 0.385699 5.50
921.00 0.385699 5.50
922.00 0.385699 5.50
923.00 0.385699 5.50
924.00 0.385699 5.50
925.00 0.385699 5.50
926.00 0.385699 5.50
927.00 0.385699 5.50
928.00 0.385699 5.50
929.00 0.385699 5.50
930.00 0.385699 5.50
931.00 0.385699 5.50
932.00 0.385699 5.50
933.00 0.385699 5.50
934.00 0.385699 5.50
935.00 0.385699 5.50
936.00 0.385699 5.50
937.00 0.385699 5.50
938.00 0.385699 5.50
939.00 0.385699 5.50
940.00 0.385699 5.50
941.00 0.385699 5.50
942.00 0.385699 5.50
943.00 0.385699 5.50
944.00 0.385699 5.50
945.00 0.385699 5.50
946.00 0.385699 5.50
947.00 0.385699 5.50
948.00 0.385699 5.50
949.00 0.385699 5.50
950.00 0.385699 5.50
951.00 0.385699 5.50
952.00 0.385699 5.50
953.00 0.385699 5.50
954.00 0.385699 5.50
955.00 0.385699 5.50
956.00 0.385699 5.50
957.00 0.385699 5.50
958.00 0.385699 5.50
959.00 0.385699 5.50
960.00 0.385699 5.50
961.00 0.385699 5.50
962.00 0.385699 5.50
963.00 0.385699 5.50
964.00 0.385699 5.50
965.00 0.385699 5.50
966.00 0.385699 5.50
967.00 0.385699 5.50
968.00 0.385699 5.50
969.00 0.385699 5.50
970.00 0.385699 5.50
971.00 0.385699 5.50
972.00 0.385699 5.50
973.00 0.385699 5.50
974.00 0.385699 5.50
975.00 0.385699 5.50
976.00 0.385699 5.50
977.00 0.385699 5.50
978.00 0.385699 5.50
979.00 0.385699 5.50
980.00 0.385699 5.50
981.00 0.385699 5.50
982.00 0.385699 5.50
983.00 0.385699 5.50
984.00 0.385699 5.50
985.00 0.385699 5.50
986.00 0.385699 5.50
987.00 0.385699 5.50
988.00 0.385699 5.50
989.00 0.385699 5.50
990.00 0.385699 5.50
991.00 0.385699 5.50
992.00 0.385699 5.50
993.00 0.385699 5.50
994.00 0.385699 5.50
995.00 0.385699 5.50
996.00 0.385699 5.50
997.00 0.385699 5.50
998.00 0.385699 5.50
999.00 0.385699 5.50
1000.00 0.385699 5.50
1001.00 0.385699 5.50
1002.00 0.385699 5.50
1003.00 0.385699 5.50
1004.00 0.385699 5.50
1005.00 0.385699 5.50
1006.00 0.385699 5.50
1007.00 0.385699 5.50
1008.00 0.385699 5.50
1009.00 0.385699 5.50
1010.00 0.385699 5.50
1011.00 0.385699 5.50
1012.00 0.385699 5.50
1013.00 0.385699 5.50
1014.00 0.385699 5.50
1015.00 0.385699 5.50
1016.00 0.385699 5.50
1017.00 0.385699 5.50
1018.00 0.385699 5.50
1019.00 0.385699 5.50
1020.00 0.385699 5.50
1021.00 0.385699 5.50
1022.00 0.385699 5.50
1023.00 0.385699 5.50
1024.00 0.385699 5.50
1025.00 0.385699 5.50
1026.00 0.385699 5.50
1027.00 0.385699 5.50
1028.00 0.385699 5.50
1029.00 0.385699 5.50
1030.00 0.385699 5.50
1031.00 0.385699 5.50
1032.00 0.385699 5.50
1033.00 0.385699 5.50
1034.00 0.385699 5.50
1035.00 0.385699 5.50
1036.00 0.385699 5.50
1037.00 0.385699 5.50
1038.00 0.385699 5.50
1039.00 0.385699 5.50
1040.00 0.385699 5.50
1041.00 0.385699 5.50
1042.00 0.385699 5.50
1043.00 0.385699 5.50
1044.00 0.385699 5.50
1045.00 0.385699 5.50
1046.00 0.385699 5.50
1047.00 0.385699 5.50
1048.00 0.385699 5.50
1049.00 0.385699 5.50
1050.00 0.385699 5.50
1051.00 0.385699 5.50
1052.00 0.385699 5.50
1053.00 0.385699 5.50
1054.00 0.385699 5.50
1055.00 0.385699 5.50
1056.00 0.385699 5.50
1057.00 0.385699 5.50
1058.00 0.385699 5.50
1059.00 0.385699 5.50
1060.00 0.385699 5.50
1061.00 0.385699 5.50
1062.00 0.385699 5.50
1063.00 0.385699 5.50
1064.00 0.385699 5.50
1065.00 0.385699 5.50
1066.00 0.385699 5.50
1067.00 0.385699 5.50
1068.00 0.385699 5.50
1069.00 0.385699 5.50
1070.00 0.385699 5.50
1071.00 0.385699 5.50
1072.00 0.385699 5.50
1073.00 0.385699 5.50
1074.00 0.385699 5.50
1075.00 0.385699 5.50
1076.00 0.385699 5.50
1077.00 0.385699 5.50
1078.00 0.385699 5.50
1079.00 0.385699 5.50
1080.00 0.385699 5.50
1081.00 0.385699 5.50
1082.00 0.385699 5.50
1083.00 0.385699 5.50
1084.00 0.385699 5.50
1085.00 0.385699 5.50
1086.00 0.385699 5.50
1087.00 0.385699 5.50
1088.00 0.385699 5.50
1089.00 0.385699 5.50
1090.00 0.385699 5.50
1091.00 0.385699 5.50
1092.00 0.385699 5.50
1093.00 0.385699 5.50
1094.00 0.385699 5.50
1095.00 0.385699 5.50
1096.00 0.385699 5.50
1097.00 0.385699 5.50
1098.00 0.385699 5.50
1099.00 0.385699 5.50
1100.00 0.385699 5.50
1101.00 0.385699 5.50
1102.00 0.385699 5.50
1103.00 0.385699 5.50
1104.00 0.385699 5.50
1105.00 0.385699 5.50
1106.00 0.385699 5.50
1107.00 0.385699 5.50
1108.00 0.385699 5.50
1109.00 0.385699 5.50
1110.00 0.385699 5.50
1111.00 0.385699 5.50
1112.00 0.385699 5.50
1113.00 0.385699 5.50
1114.00 0.385699 5.50
1115.00 0.385699 5.50
1116.00 0.385699 5.50
1117.00 0.385699 5.50
1118.00 0.385699 5.50
1119.00 0.385699 5.50
1120.00 0.385699 5.50
1121.00 0.385699 5.50
1122.00 0.385699 5.50
1123.00 0.385699 5.50
1124.00 0.385699 5.50
1125.00 0.385699 5.50
1126.00 0.385699 5.50
1127.00 0.385699 5.50
1128.00 0.385699 5.50
1129.00 0.385699 5.50
1130.00 0.385699 5.50
1131.00 0.385699 5.50
1132.00 0.385699 5.50
1133.00 0.385699 5.50
1134.00 0.385699 5.50
1135.00 0.385699 5.50
1136.00 0.385699 5.50
1137.00 0.385699 5.50
1138.00 0.385699 5.50
1139.00 0.385699 5.50
1140.00 0.385699 5.50
1141.00 0.385699 5.50
1142.00 0.385699 5.50
1143.00 0.385699 5.50
1144.00 0.385699 5.50
1145.00 0.385699 5.50
1146.00 0.385699 5.50
1147.00 0.385699 5.50
1148.00 0.385699 5.50
1149.00 0.385699 5.50
1150.00 0.385699 5.50
1151.00 0.385699 5.50
1152.00 0.385699 5.50
1153.00 0.385699 5.50
1154.00 0.385699 5.50
1155.00 0.385699 5.50
1156.00 0.385699 5.50
1157.00 0.385699 5.50
1158.00 0.385699 5.50
1159.00 0.385699 5.50
1160.00 0.385699 5.50
1161.00 0.385699 5.50
1162.00 0.385699 5.50
1163.00 0.385699 5.50
1164.00 0.385699 5.50
1165.00 0.385699 5.50
1166.00 0.385699 5.50
1167.00 0.385699 5.50
1168.00 0.385699 5.50
1169.00 0.385699 5.50
1170.00 0.385699 5.50
1171.00 0.385699 5.50
1172.00 0.385699 5.50
1173.00 0.385699 5.50
1174.00 0.385699 5.50
1175.00 0.385699 5.50
1176.00 0.385699 5.50
1177.00 0.385699 5.50
1178.00 0.385699 5.50
1179.00 0.385699 5.50
1180.00 0.385699 5.50
1181.00 0.385699 5.50
1182.00 0.385699 5.50
1183.00 0.385699 5.50
1184.00 0.385699 5.50
1185.00 0.385699 5.50
1186.00 0.385699 5.50
1187.00 0.385699 5.50
1188.00 0.385699 5.50
1189.00 0.385699 5.50
1190.00 0.385699 5.50
1191.00 0.385699 5.50
1192.00 0.385699 5.50
1193.00 0.385699 5.50
1194.00 0.385699 5.50
1195.00 0.385699 5.50
1196.00 0.385699 5.50
1197.00 0.385699 5.50
1198.00 0.385699 5.50
1199.00 0.385699 5.50
1200.00 0.385699 5.50
1201.00 0.385699 5.50
1202.00 0.385699 5.50
1203.00 0.385699 5.50
1204.00 0.385699 5.50
1205.00 0.385699 5.50
1206.00 0.385699 5.50
1207.00 0.385699 5.50
1208.00 0.385699 5.50
1209.00 0.385699 5.50
1210.00 0.385699 5.50
1211.00 0.385699 5.50
1212.00 0.385699 5.50
1213.00 0.385699 5.50
1214.00 0.385699 5.50
1215.00 0.385699 5.50
1216.00 0.385699 5.50
1217.00 0.385699 5.50
1218.00 0.385699 5.50
1219.00 0.385699 5.50
1220.00 0.385699 5.50
1221.00 0.385699 5.50
1222.00 0.385699 5.50
1223.00 0.385699 5.50
1224.00 0.385699 5.50
1225.00 0.385699 5.50
1226.00 0.385699 5.50
1227.00 0.385699 5.50
1228.00 0.385699 5.50
1229.00 0.385699 5.50
1230.00 0.385699 5.50
1231.00 0.385699 5.50
1232.00 0.385699 5.50
1233.00 0.385699 5.50
1234.00 0.385699 5.50
1235.00 0.385699 5.50
1236.00 0.385699 5.50
1237.00 0.385699 5.50
1238.00 0.385699 5.50
1239.00 0.385699 5.50
1240.00 0.385699 5.50
1241.00 0.385699 5.50
1242.00 0.385699 5.50
1243.00 0.385699 5.50
1244.00 0.385699 5.50
1245.00 0.385699 5.50
1246.00 0.385699 5.50
1247.00 0.385699 5.50
1248.00 0.385699 5.50
1249.00 0.385699 5.50
1250.00 0.385699 5.50
1251.00 0.385699 5.50
1252.00 0.385699 5.50
1253.00 0.385699 5.50
1254.00 0.385699 5.50
1255.00 0.385699 5.50
1256.00 0.385699 5.50
1257.00 0.385699 5.50
1258.00 0.385699 5.50
1259.00 0.385699 5.50
1260.00 0.385699 5.50
1261.00 0.385699 5.50
1262.00 0.385699 5.50
1263.00 0.385699 5.50
1264.00 0.385699 5.50
1265.00 0.385699 5.50
1266.00 0.385699 5.50
1267.00 0.385699 5.50
1268.00 0.385699 5.50
1269.00 0.385699 5.50
1270.00 0.385699 5.50
1271.00 0.385699 5.50
1272.00 0.385699 5.50
1273.00 0.385699 5.50
1274.00 0.385699 5.50
1275.00 0.385699 5.50
1276.00 0.385699 5.50
1277.00 0.385699 5.50
1278.00 0.385699 5.50
1279.00 0.385699 5.50
1280.00 0.385699 5.50
1281.00 0.385699 5.50
1282.00 0.385699 5.50
1283.00 0.385699 5.50
1284.00 0.385699 5.50
1285.00 0.385699 5.50
1286.00 0.385699 5.50
1287.00 0.385699 5.50
1288.00 0.385699 5.50
1289.00 0.385699 5.50
1290.00 0.385699 5.50
1291.00 0.385699 5.50
1292.00 0.385699 5.50
1293.00 0.385699 5.50
1294.00 0.385699 5.50
1295.00 0.385699 5.50
1296.00 0.385699 5.50
1297.00 0.385699 5.50
1298.00 0.385699 5.50
1299.00 0.385699 5.50
1300.00 0.385699 5.50
1301.00 0.385699 5.50
1302.00 0.385699 5.50
1303.00 0.385699 5.50
1304.00 0.385699 5.50
1305.00 0.385699 5.50
1306.00 0.385699 5.50
1307.00 0.385699 5.50
1308.00 0.385699 5.50
1309.00 0.385699 5.50
1310.00 0.385699 5.50
1311.00 0.385699 5.50
1312.00 0.385699 5.50
1313.00 0.385699 5.50
1314.00 0.385699 5.50
1315.00 0.385699 5.50
1316.00 0.385699 5.50
1317.00 0.385699 5.50
1318.00 0.385699 5.50
1319.00 0.385699 5.50
1320.00 0.385699 5.50
1321.00 0.385699 5.50
1322.00 0.385699 5.50
1323.00 0.385699 5.50
1324.00 0.385699 5.50
1325.00 0.385699 5.50
1326.00 0.385699 5.50
1327.00 0.385699 5.50
1328.00 0.385699 5.50
1329.00 0.385699 5.50
1330.00 0.385699 5.50
1331.00 0.385699 5.50
1332.00 0.385699 5.50
1333.00 0.385699 5.50
1334.00 0.385699 5.50
1335.00 0.385699 5.50
1336.00 0.385699 5.50
1337.00 0.385699 5.50
1338.00 0.385699 5.50
1339.00 0.385699 5.50
1340.00 0.385699 5.50
1341.00 0.385699 5.50
1342.00 0.385699 5.50
1343.00 0.385699 5.50
1344.00 0.385699 5.50
1345.00 0.385699 5.50
1346.00 0.385699 5.50
1347.00 0.385699 5.50
1348.00 0.385699 5.50
1349.00 0.385699 5.50
1350.00 0.385699 5.50
1351.00 0.385699 5.50
1352.00 0.385699 5.50
1353.00 0.385699 5.50
1354.00 0.385699 5.50
1355.00 0.385699 5.50
1356.00 0.385699 5.50
1357.00 0.385699 5.50
1358.00 0.385699 5.50
1359.00 0.385699 5.50
1360.00 0.385699 5.50
1361.00 0.385699 5.50
1362.00 0.385699 5.50
1363.00 0.385699 5.50
1364.00 0.385699 5.50
1365.00 0.385699 5.50
1366.00 0.385699 5.50
1367.00 0.385699 5.50
1368.00 0.385699 5.50
1369.00 0.385699 5.50
1370.00 0.385699 5.50
1371.00 0.385699 5.50
1372.00 0.385699 5.50
1373.00 0.385699 5.50
1374.00 0.385699 5.50
1375.00 0.385699 5.50
1376.00 0.385699 5.50
1377.00 0.385699 5.50
1378.00 0.385699 5.50
1379.00 0.385699 5.50
1380.00 0.385699 5.50
1381.00 0.385699 5.50
1382.00 0.385699 5.50
1383.00 0.385699 5.50
1384.00 0.385699 5.50
1385.00 0.385699 5.50
1386.00 0.385699 5.50
1387.00 0.385699 5.50
1388.00 0.385699 5.50
1389.00 0.385699 5.50
1390.00 0.385699 5.50
1391.00 0.385699 5.50
1392.00 0.385699 5.50
1393.00 0.385699 5.50
1394.00 0.385699 5.50
1395.00 0.385699 5.50
1396.00 0.385699 5.50
1397.00 0.385699 5.50
1398.00 0.385699 5.50
1399.00 0.385699 5.50
1400.00 0.385699 5.50
1401.00 0.385699 5.50
1402.00 0.385699 5.50
1403.00 0.385699 5.50
1404.00 0.385699 5.50
1405.00 0.385699 5.50
1406.00 0.385699 5.50
1407.00 0.385699 5.50
1408.00 0.385699 5.50
1409.00 0.385699 5.50
1410.00 0.385699 5.50
1411.00 0.385699 5.50
1412.00 0.385699 5.50
1413.00 0.385699 5.50
1414.00 0.385699 5.50
1415.00 0.385699 5.50
1416.00 0.385699 5.50
1417.00 0.385699 5.50
1418.00 0.385699 5.50
1419.00 0.385699 5.50
1420.00 0.385699 5.50
1421.00 0.385699 5.50
1422.00 0.385699 5.50
1423.00 0.385699 5.50
1424.00 0.385699 5.50
1425.00 0.385699 5.50
1426.00 0.385699 5.50
1427.00 0.385699 5.50
1428.00 0.385699 5.50
1429.00 0.385699 5.50
1430.00 0.385699 5.50
1431.00 0.385699 5.50
1432.00 0.385699 5.50
1433.00 0.385699 5.50
1434.00 0.385699 5.50
1435.00 0.385699 5.50
1436.00 0.385699 5.50
1437.00 0.385699 5.50
1438.00 0.385699 5.50
1439.00 0.385699 5.50
1440.00 0.385699 5.50
1441.00 0.385699 5.50
1442.00 0.385699 5.50
1443.00 0.385699 5.50
1444.00 0.385699 5.50
1445.00 0.385699 5.50
1446.00 0.385699 5.50
1447.00 0.385699 5.50
1448.00 0.385699 5.50
1449.00 0.385699 5.50
1450.00 0.385699 5.50
1451.00 0.385699 5.50
1452.00 0.385699 5.50
1453.00 0.385699 5.50
1454.00 0.385699 5.50
1455.00 0.385699 5.50
1456.00 0.385699 5.50
1457.00 0.385699 5.50
1458.00 0.385699 5.50
1459.00 0.385699 5.50
1460.00 0.385699 5.50
1461.00 0.385699 5.50
1462.00 0.385699 5.50
1463.00 0.385699 5.50
1464.00 0.385699 5.50
1465.00 0.385699 5.50
1466.00 0.385699 5.50
1467.00 0.385699 5.50
1468.00 0.385699 5.50
1469.00 0.385699 5.50
1470.00 0.385699 5.50
1471.00 0.385699 5.50
1472.00 0.385699 5.50
1473.00 0.385699 5.50
1474.00 0.385699 5.50
1475.00 0.385699 5.50
1476.00 0.385699 5.50
1477.00 0.385699 5.50
1478.00 0.385699 5.50
1479.00 0.385699 5.50
1480.00 0.385699 5.50
1481.00 0.385699 5.50
1482.00 0.385699 5.50
1483.00 0.385699 5.50
1484.00 0.385699 5.50
1485.00 0.385699 5.50
1486.00 0.385699 5.50
1487.00 0.385699 5.50
1488.00 0.385699 5.50
1489.00 0.385699 5.50
1490.00 0.385699 5.50
1491.00 0.385699 5.50
1492.00 0.385699 5.50
1493.00 0.385699 5.50
1494.00 0.385699 5.50
1495.00 0.385699 5.50
1496.00 0.385699 5.50
1497.00 0.385699 5.50
1498.00 0.385699 5.50
1499.00 0.385699 5.50
1500.00 0.385699 5.50
1501.00 0.385699 5.50
1502.00 0.385699 5.50
1503.00 0.385699 5.50
1504.00 0.385699 5.50
1505.00 0.385699 5.50
1506.00 0.385699 5.50
1507.00 0.385699 5.50
1508.00 0.385699 5.50
1509.00 0.385699 5.50
1510.00 0.385699 5.50
1511.00 0.385699 5.50
1512.00 0.385699 5.50
1513.00 0.385699 5.50
1514.00 0.385699 5.50
1515.00 0.385699 5.50
1516.00 0.385699 5.50
1517.00 0.385699 5.50
1518.00 0.385699 5.50
1519.00 0.385699 5.50
1520.00 0.385699 5.50
1521.00 0.385699 5.50
1522.00 0.385699 5.50
1523.00 0.385699 5.50
1524.00 0.385699 5.50
1525.00 0.385699 5.50
1526.00 0.385699 5.50
1527.00 0.385699 5.50
1528.00 0.385699 5.50
1529.00 0.385699 5.50
1530.00 0.385699 5.50
1531.00 0.385699 5.50
1532.00 0.385699 5.50
1533.00 0.385699 5.50
1534.00 0.385699 5.50
1535.00 0.385699 5.50
1536.00 0.385699 5.50
1537.00 0.385699 5.50
1538.00 0.385699 5.50
1539.00 0.385699 5.50
1540.00 0.385699 5.50
1541.00 0.385699 5.50
1542.00 0.385699 5.50
1543.00 0.385699 5.50
1544.00 0.385699 5.50
1545.00 0.385699 5.50
1546.00 0.385699 5.50
1547.00 0.385699 5.50
1548.00 0.385699 5.50
1549.00 0.385699 5.50
1550.00 0.385699 5.50
1551.00 0.385699 5.50
1552.00 0.385699 5.50
1553.00 0.385699 5.50
1554.00 0.385699 5.50
1555.00 0.385699 5.50
1556.00 0.385699 5.50
1557.00 0.385699 5.50
1558.00 0.385699 5.50
1559.00 0.385699 5.50
1560.00 0.385699 5.50
1561.00 0.385699 5.50
1562.00 0.385699 5.50
1563.00 0.385699 5.50
1564.00 0.385699 5.50
1565.00 0.385699 5.50
1566.00 0.385699 5.50
1567.00 0.385699 5.50
1568.00 0.385699 5.50
1569.00 0.385699 5.50
1570.00 0.385699 5.50
1571.00 0.385699 5.50
1572.00 0.385699 5.50
1573.00 0.385699 5.50
1574.00 0.385699 5.50
1575.00 0.385699 5.50
1576.00 0.385699 5.50
1577.00 0.385699 5.50
1578.00 0.385699 5.50
1579.00 0.385699 5.50
1580.00 0.385699 5.50
1581.00 0.385699 5.50
1582.00 0.385699 5.50
1583.00 0.385699 5.50
1584.00 0.385699 5.50
1585.00 0.385699 5.50
1586.00 0.385699 5.50
1587.00 0.385699 5.50
1588.00 0.385699 5.50
1589.00 0.385699 5.50
1590.00 0.385699 5.50
1591.00 0.385699 5.50
1592.00 0.385699 5.50
1593.00 0.385699 5.50
1594.00 0.385699 5.50
1595.00 0.385699 5.50
1596.00 0.385699 5.50
1597.00 0.385699 5.50
1598.00 0.385699 5.50
1599.00 0.385699 5.50
1600.00 0.385699 5.50
1601.00 0.385699 5.50
1602.00 0.385699 5.50
1603.00 0.385699 5.50
1604.00 0.385699 5.50
1605.00 0.385699 5.50
1606.00 0.385699 5.50
1607.00 0.385699 5.50
1608.00 0.385699 5.50
1609.00 0.385699 5.50
1610.00 0.385699 5.50
1611.00 0.385699 5.50
1612.00 0.385699 5.50
1613.00 0.385699 5.50
1614.00 0.385699 5.50
1615.00 0.385699 5.50
1616.00 0.385699 5.50
1617.00 0.385699 5.50
1618.00 0.385699 5.50
1619.00 0.385699 5.50
1620.00 0.385699 5.50
1621.00 0.385699 5.50
1622.00 0.385699 5.50
1623.00 0.385699 5.50
1624.00 0.385699 5.50
1625.00 0.385699 5.50
1626.00 0.385699 5.50
1627.00 0.385699 5.50
1628.00 0.385699 5.50
1629.00 0.385699 5.50
1630.00 0.385699 5.50
1631.00 0.385699 5.50
1632.00 0.385699 5.50
1633.00 0.385699 5.50
1634.00 0.385699 5.50
1635.00 0.385699 5.50
1636.00 0.385699 5.50
1637.00 0.385699 5.50
1638.00 0.385699 5.50
1639.00 0.385699 5.50
1640.00 0.385699 5.50
1641.00 0.385699 5.50
1642.00 0.385699 5.50
1643.00 0.385699 5.50
1644.00 0.385699 5.50
1645.00 0.385699 5.50
1646.00 0.385699 5.50
1647.00 0.385699 5.50
1648.00 0.385699 5.50
1649.00 0.385699 5.50
1650.00 0.385699 5.50
1651.00 0.385699 5.50
1652.00 0.385699 5.50
1653.00 0.385699 5.50
1654.00 0.385699 5.50
1655.00 0.385699 5.50
1656.00 0.385699 5.50
1657.00 0.385699 5.50
1658.00 0.385699 5.50
1659.00 0.385699 5.50
1660.00 0.385699 5.50
1661.00 0.385699 5.50
1662.00 0.385699 5.50
1663.00 0.385699 5.50
1664.00 0.385699 5.50
1665.00 0.385699 5.50
1666.00 0.385699 5.50
1667.00 0.385699 5.50
1668.00 0.385699 5.50
1669.00 0.385699 5.50
1670.00 0.385699 5.50
1671.00 0.385699 5.50
1672.00 0.385699 5.50
1673.00 0.385699 5.50
1674.00 0.385699 5.50
1675.00 0.385699 5.50
1676.00 0.385699 5.50
1677.00 0.385699 5.50
1678.00 0.385699 5.50
1679.00 0.385699 5.50
1680.00 0.385699 5.50
1681.00 0.385699 5.50
1682.00 0.385699 5.50
1683.00 0.385699 5.50
1684.00 0.385699 5.50
1685.00 0.385699 5.50
1686.00 0.385699 5.50
1687.00 0.385699 5.50
1688.00 0.385699 5.50
1689.00 0.385699 5.50
1690.00 0.385699 5.50
1691.00 0.385699 5.50
1692.00 0.385699 5.50
1693.00 0.385699 5.50
1694.00 0.385699 5.50
1695.00 0.385699 5.50
1696.00 0.385699 5.50
1697.00 0.385699 5.50
1698.00 0.385699 5.50
1699.00 0.385699 5.50
1700.00 0.385699 5.50
1701.00 0.385699 5.50
1702.00 0.385699 5.50
1703.00 0.385699 5.50
1704.00 0.385699 5.50
1705.00 0.385699 5.50
1706.00 0.385699 5.50
1707.00 0.385699 5.50
1708.00 0.385699 5.50
1709.00 0.385699 5.50
1710.00 0.385699 5.50
1711.00 0.385699 5.50
1712.00 0.385699 5.50
1713.00 0.385699 5.50
1714.00 0.385699 5.50
1715.00 0.385699 5.50
1716.00 0.385699 5.50
1717.00 0.385699 5.50
1718.00 0.385699 5.50
1719.00 0.385699 5.50
1720.00 0.385699 5.50
1721.00 0.385699 5.50
1722.00 0.385699 5.50
1723.00 0.385699 5.50
1724.00 0.385699 5.50
1725.00 0.385699 5.50
1726.00 0.385699 5.50
1727.00 0.385699 5.50
1728.00 0.385699 5.50
1729.00 0.385699 5.50
1730.00 0.385699 5.50
1731.00 0.385699 5.50
1732.00 0.385699 5.50
1733.00 0.385699 5.50
1734.00 0.385699 5.50
1735.00 0.385699 5.50
1736.00 0.385699 5.50
1737.00 0.385699 5.50
1738.00 0.385699 5.50
1739.00 0.385699 5.50
1740.00 0.385699 5.50
1741.00 0.385699 5.50
1742.00 0.385699 5.50
1743.00 0.385699 5.50
1744.00 0.385699 5.50
1745.00 0.385699 5.50
1746.00 0.385699 5.50
1747.00 0.385699 5.50
1748.00 0.385699 5.50
1749.00 0.385699 5.50
1750.00 0.385699 5.50
1751.00 0.385699 5.50
1752.00 0.385699 5.50
1753.00 0.385699 5.50
1754.00 0.385699 5.50
1755.00 0.385699 5.50
1756.00 0.385699 5.50
1757.00 0.385699 5.50
1758.00 0.385699 5.50
1759.00 0.385699 5.50
1760.00 0.385699 5.50
1761.00 0.385699 5.50
1762.00 0.385699 5.50
1763.00 0.385699 5.50
1764.00 0.385699 5.50
1765.00 0.385699 5.50
1766.00 0.385699 5.50
1767.00 0.385699 5.50
1768.00 0.385699 5.50
1769.00 0.385699 5.50
1770.00 0.385699 5.50
1771.00 0.385699 5.50
1772.00 0.385699 5.50
1773.00 0.385699 5.50
1774.00 0.385699 5.50
1775.00 0.385699 5.50
1776.00 0.385699 5.50
1777.00 0.385699 5.50
1778.00 0.385699 5.50
1779.00 0.385699 5.50
1780.00 0.385699 5.50
1781.00 0.385699 5.50
1782.00 0.385699 5.50
1783.00 0.385699 5.50
1784.00 0.385699 5.50
1785.00 0.385699 5.50
1786.00 0.385699 5.50
1787.00 0.385699 5.50
1788.00 0.385699 5.50
1789.00 0.385699 5.50
1790.00 0.385699 5.50
1791.00 0.385699 5.50
1792.00 0.385699 5.50
1793.00 0.385699 5.50
1794.00 0.385699 5.50
1795.00 0.385699 5.50
1796.00 0.385699 5.50
1797.00 0.385699 5.50
1798.00 0.385699 5.50
1799.00 0.385699 5.50
1800.00 0.385699 5.50
1801.00 0.385699 5.50
1802.00 0.385699 5.50
1803.00 0.385699 5.50
1804.00 0.385699 5.50
1805.00 0.385699 5.50
1806.00 0.385699 5.50
1807.00 0.385699 5.50
1808.00 0.385699 5.50
1809.00 0.385699 5.50
1810.00 0.385699 5.50
1811.00 0.385699 5.50
1812.00 0.385699 5.50
1813.00 0.385699 5.50
1814.00 0.385699 5.50
1815.00 0.385699 5.50
1816.00 0.385699 5.50
1817.00 0.385699 5.50
1818.00 0.385699 5.50
1819.00 0.385699 5.50
1820.00 0.385699 5.50
1821.00 0.385699 5.50
1822.00 0.385699 5.50
1823.00 0.385699 5.50
1824.00 0.385699 5.50
1825.00 0.385699 5.50
1826.00 0.385699 5.50
1827.00 0.385699 5.50
1828.00 0.385699 5.50
1829.00 0.385699 5.50
1830.00 0.385699 5.50
1831.00 0.385699 5.50
1832.00 0.385699 5.50
1833.00 0.385699 5.50
1834.00 0.385699 5.50
1835.00 0.385699 5.50
1836.00 0.385699 5.50
1837.00 0.385699 5.50
1838.00 0.385699 5.50
1839.00 0.385699 5.50
1840.00 0.385699 5.50
1841.00 0.385699 5.50
1842.00 0.385699 5.50
1843.00 0.385699 5.50
1844.00 0.385699 5.50
1845.00 0.385699 5.50
1846.00 0.385699 5.50
1847.00 0.385699 5.50
1848.00 0.385699 5.50
1849.00 0.385699 5.50
1850.00 0.385699 5.50
1851.00 0.385699 5.50
1852.00 0.385699 5.50
1853.00 0.385699 5.50
1854.00 0.385699 5.50
1855.00 0.385699 5.50
1856.00 0.385699 5.50
1857.00 0.385699 5.50
1858.00 0.385699 5.50
1859.00 0.385699 5.50
1860.00 0.385699 5.50
1861.00 0.385699 5.50
1862.00 0.385699 5.50
1863.00 0.385699 5.50
1864.00 0.385699 5.50
1865.00 0.385699 5.50
1866.00 0.385699 5.50
1867.00 0.385699 5.50
1868.00 0.385699 5.50
1869.00 0.385699 5.50
1870.00 0.385699 5.50
1871.00 0.385699 5.50
1872.00 0.385699 5.50
1873.00 0.385699 5.50
1874.00 0.385699 5.50
1875.00 0.385699 5.50
1876.00 0.385699 5.50
1877.00 0.385699 5.50
1878.00 0.385699 5.50
1879.00 0.385699 5.50
1880.00 0.385699 5.50
1881.00 0.385699 5.50
1882.00 0.385699 5.50
1883.00 0.385699 5.50
1884.00 0.385699 5.50
1885.00 0.385699 5.50
1886.00 0.385699 5.50
1887.00 0.385699 5.50
1888.00 0.385699 5.50
1889.00 0.385699 5.50
1890.00 0.385699 5.50
1891.00 0.385699 5.50
1892.00 0.385699 5.50
1893.00 0.385699 5.50
1894.00 0.385699 5.50
1895.00 0.385699 5.50
1896.00 0.385699 5.50
1897.00 0.385699 5.50
1898.00 0.385699 5.50
1899.00 0.385699 5.50
1900.00 0.385699 5.50
1901.00 0.385699 5.50
1902.00 0.385699 5.50
1903.00 0.385699 5.50
1904.00 0.385699 5.50
1905.00 0.385699 5.50
1906.00 0.385699 5.50
1907.00 0.385699 5.50
1908.00 0.385699 5.50
1909.00 0.385699 5.50
1910.00 0.385699 5.50
1911.00 0.385699 5.50
1912.00 0.385699 5.50
1913.00 0.385699 5.50
1914.00 0.385699 5.50
1915.00 0.385699 5.50
1916.00 0.385699 5.50
1917.00 0.385699 5.50
1918.00 0.385699 5.50
1919.00 0.385699 5.50
1920.00 0.385699 5.50
1921.00 0.385699 5.50
1922.00 0.385699 5.50
1923.00 0.385699 5.50
1924.00 0.385699 5.50
1925.00 0.385699 5.50
1926.00 0.385699 5.50
1927.00 0.385699 5.50
1928.00 0.385699 5.50
1929.00 0.385699 5.50
1930.00 0.385699 5.50
1931.00 0.385699 5.50
1932.00 0.385699 5.50
1933.00 0.385699 5.50
1934.00 0.385699 5.50
1935.00 0.385699 5.50
1936.00 0.385699 5.50
1937.00 0.385699 5.50
1938.00 0.385699 5.50
1939.00 0.385699 5.50
1940.00 0.385699 5.50
1941.00 0.385699 5.50
1942.00 0.385699 5.50
1943.00 0.385699 5.50
1944.00 0.385699 5.50
1945.00 0.385699 5.50
1946.00 0.385699 5.50
1947.00 0.385699 5.50
1948.00 0.385699 5.50
1949.00 0.385699 5.50
1950.00 0.385699 5.50
1951.00 0.385699 5.50
1952.00 0.385699 5.50
1953.00 0.385699 5.50
1954.00 0.385699 5.50
1955.00 0.385699 5.50
1956.00 0.385699 5.50
1957.00 0.385699 5.50
1958.00 0.385699 5.50
1959.00 0.385699 5.50
1960.00 0.385699 5.50
1961.00 0.385699 5.50
1962.00 0.385699 5.50
1963.00 0.385699 5.50
1964.00 0.385699 5.50
1965.00 0.385699 5.50
1966.00 0.385699 5.50
1967.00 0.385699 5.50
1968.00 0.385699 5.50
1969.00 0.385699 5.50
1970.00 0.385699 5.50
1971.00 0.385699 5.50
1972.00 0.385699 5.50
1973.00 0.385699 5.50
1974.00 0.385699 5.50
1975.00 0.385699 5.50
1976.00 0.385699 5.50
1977.00 0.385699 5.50
1978.00 0.385699 5.50
1979.00 0.385699 5.50
1980.00 0.385699 5.50
1981.00 0.385699 5.50
1982.00 0.385699 5.50
1983.00 0.385699 5.50
1984.00 0.385699 5.50
1985.00 0.385699 5.50
1986.00 0.385699 5.50
1987.00 0.385699 5.50
1988.00 0.385699 5.50
1989.00 0.385699 5.50
1990.00 0.385699 5.50
1991.00 0.385699 5.50
1992.00 0.385699 5.50
1993.00 0.385699 5.50
1994.00 0.385699 5.50
1995.00 0.385699 5.50
1996.00 0.385699 5.50
1997.00 0.385699 5.50
1998.00 0.385699 5.50
1999.00 0.385699 5.50
2000.00 0.385699 5.50
