0.00 0.230059 3.16
1.00 0.229007 3.16
2.00 0.227950 3.16
3.00 0.226890 3.16
4.00 0.225824 3.16
5.00 0.224755 3.16
6.00 0.223681 3.16
7.00 0.222602 3.16
8.00 0.221518 3.16
9.00 0.220429 3.16
10.00 0.219339 3.15
11.00 0.218255 3.15
12.00 0.217166 3.15
13.00 0.216071 3.15
14.00 0.214970 3.15
15.00 0.213863 3.15
16.00 0.212747 3.15
17.00 0.211624 3.15
18.00 0.210492 3.15
19.00 0.209351 3.15
20.00 0.208199 3.15
21.00 0.207038 3.15
22.00 0.205866 3.15
23.00 0.204683 3.15
24.00 0.203488 3.15
25.00 0.202282 3.15
26.00 0.201064 3.15
27.00 0.199843 3.14
28.00 0.198617 3.14
29.00 0.197398 3.13
30.00 0.196225 3.10
31.00 0.195075 3.10
32.00 0.193938 3.09
33.00 0.192796 3.09
34.00 0.191702 3.07
35.00 0.190623 3.06
36.00 0.189563 3.03
37.00 0.188555 3.02
38.00 0.187544 3.02
39.00 0.186526 3.02
40.00 0.185508 3.01
41.00 0.184511 3.00
42.00 0.183534 3.00
43.00 0.182552 2.99
44.00 0.181594 2.99
45.00 0.180629 2.99
46.00 0.179655 2.99
47.00 0.178672 2.99
48.00 0.177695 2.98
49.00 0.176798 2.95
50.00 0.175906 2.95
51.00 0.175027 2.94
52.00 0.174178 2.92
53.00 0.173375 2.91
54.00 0.172593 2.89
55.00 0.171895 2.86
56.00 0.171208 2.86
57.00 0.170516 2.86
58.00 0.169834 2.85
59.00 0.169167 2.84
60.00 0.168499 2.84
61.00 0.167826 2.84
62.00 0.167174 2.83
63.00 0.166562 2.81
64.00 0.165971 2.81
65.00 0.165380 2.80
66.00 0.164808 2.80
67.00 0.164247 2.79
68.00 0.163713 2.78
69.00 0.163191 2.77
70.00 0.162717 2.75
71.00 0.162255 2.75
72.00 0.161813 2.73
73.00 0.161413 2.72
74.00 0.161023 2.72
75.00 0.160632 2.72
76.00 0.160238 2.72
77.00 0.159843 2.72
78.00 0.159475 2.70
79.00 0.159123 2.70
80.00 0.158770 2.70
81.00 0.158416 2.70
82.00 0.158059 2.70
83.00 0.157701 2.70
84.00 0.157353 2.69
85.00 0.157009 2.69
86.00 0.156671 2.68
87.00 0.156353 2.67
88.00 0.156062 2.65
89.00 0.155810 2.64
90.00 0.155572 2.64
91.00 0.155336 2.64
92.00 0.155100 2.64
93.00 0.154866 2.64
94.00 0.154632 2.64
95.00 0.154397 2.64
96.00 0.154163 2.64
97.00 0.153929 2.64
98.00 0.153711 2.63
99.00 0.153498 2.63
100.00 0.153286 2.63
101.00 0.153073 2.63
102.00 0.152866 2.61
103.00 0.152671 2.61
104.00 0.152477 2.61
105.00 0.152283 2.61
106.00 0.152088 2.61
107.00 0.151906 2.59
108.00 0.151740 2.59
109.00 0.151577 2.58
110.00 0.151420 2.58
111.00 0.151264 2.58
112.00 0.151108 2.58
113.00 0.150953 2.58
114.00 0.150813 2.56
115.00 0.150681 2.56
116.00 0.150550 2.56
117.00 0.150420 2.56
118.00 0.150291 2.56
119.00 0.150162 2.56
120.00 0.150034 2.55
121.00 0.149910 2.55
122.00 0.149787 2.55
123.00 0.149664 2.55
124.00 0.149544 2.54
125.00 0.149439 2.54
126.00 0.149335 2.54
127.00 0.149231 2.54
128.00 0.149129 2.54
129.00 0.149027 2.54
130.00 0.148926 2.54
131.00 0.148834 2.53
132.00 0.148750 2.53
133.00 0.148666 2.53
134.00 0.148584 2.53
135.00 0.148502 2.53
136.00 0.148421 2.53
137.00 0.148341 2.53
138.00 0.148262 2.53
139.00 0.148183 2.53
140.00 0.148105 2.53
141.00 0.148027 2.53
142.00 0.147950 2.53
143.00 0.147876 2.52
144.00 0.147813 2.52
145.00 0.147751 2.52
146.00 0.147690 2.52
147.00 0.147629 2.52
148.00 0.147570 2.52
149.00 0.147512 2.52
150.00 0.147454 2.52
151.00 0.147397 2.52
152.00 0.147340 2.52
153.00 0.147284 2.52
154.00 0.147229 2.52
155.00 0.147174 2.52
156.00 0.147119 2.52
157.00 0.147065 2.52
158.00 0.147011 2.52
159.00 0.146958 2.52
160.00 0.146904 2.52
161.00 0.146852 2.52
162.00 0.146799 2.52
163.00 0.146747 2.52
164.00 0.146695 2.52
165.00 0.146643 2.52
166.00 0.146591 2.52
167.00 0.146540 2.52
168.00 0.146488 2.52
169.00 0.146437 2.52
170.00 0.146386 2.52
171.00 0.146335 2.52
172.00 0.146284 2.52
173.00 0.146237 2.51
174.00 0.146191 2.51
175.00 0.146146 2.51
176.00 0.146102 2.51
177.00 0.146057 2.51
178.00 0.146013 2.51
179.00 0.145969 2.51
180.00 0.145925 2.51
181.00 0.145881 2.51
182.00 0.145837 2.51
183.00 0.145794 2.51
184.00 0.145750 2.51
185.00 0.145706 2.51
186.00 0.145667 2.50
187.00 0.145631 2.50
188.00 0.145596 2.49
189.00 0.145564 2.49
190.00 0.145532 2.49
191.00 0.145501 2.49
192.00 0.145470 2.49
193.00 0.145439 2.49
194.00 0.145409 2.49
195.00 0.145379 2.49
196.00 0.145349 2.49
197.00 0.145319 2.49
198.00 0.145290 2.49
199.00 0.145261 2.49
200.00 0.145233 2.49
201.00 0.145204 2.49
202.00 0.145176 2.49
203.00 0.145147 2.49
204.00 0.145119 2.49
205.00 0.145092 2.49
206.00 0.145064 2.49
207.00 0.145036 2.49
208.00 0.145009 2.49
209.00 0.144985 2.48
210.00 0.144961 2.48
211.00 0.144938 2.48
212.00 0.144915 2.48
213.00 0.144893 2.48
214.00 0.144870 2.48
215.00 0.144848 2.48
216.00 0.144826 2.48
217.00 0.144804 2.48
218.00 0.144782 2.48
219.00 0.144761 2.48
220.00 0.144739 2.48
221.00 0.144718 2.48
222.00 0.144697 2.48
223.00 0.144676 2.48
224.00 0.144656 2.48
225.00 0.144635 2.48
226.00 0.144615 2.48
227.00 0.144594 2.48
228.00 0.144574 2.48
229.00 0.144554 2.48
230.00 0.144534 2.48
231.00 0.144514 2.48
232.00 0.144494 2.48
233.00 0.144475 2.48
234.00 0.144455 2.48
235.00 0.144435 2.48
236.00 0.144416 2.48
237.00 0.144397 2.48
238.00 0.144378 2.48
239.00 0.144358 2.48
240.00 0.144339 2.48
241.00 0.144320 2.48
242.00 0.144303 2.47
243.00 0.144288 2.47
244.00 0.144273 2.47
245.00 0.144259 2.47
246.00 0.144245 2.47
247.00 0.144231 2.47
248.00 0.144217 2.47
249.00 0.144203 2.47
250.00 0.144190 2.47
251.00 0.144176 2.47
252.00 0.144163 2.47
253.00 0.144150 2.47
254.00 0.144138 2.46
255.00 0.144126 2.46
256.00 0.144114 2.46
257.00 0.144102 2.46
258.00 0.144091 2.46
259.00 0.144079 2.46
260.00 0.144068 2.46
261.00 0.144056 2.46
262.00 0.144045 2.46
263.00 0.144034 2.46
264.00 0.144023 2.46
265.00 0.144013 2.46
266.00 0.144002 2.46
267.00 0.143991 2.46
268.00 0.143981 2.46
269.00 0.143970 2.46
270.00 0.143960 2.46
271.00 0.143950 2.46
272.00 0.143939 2.46
273.00 0.143929 2.46
274.00 0.143919 2.46
275.00 0.143909 2.46
276.00 0.143900 2.45
277.00 0.143893 2.45
278.00 0.143887 2.45
279.00 0.143880 2.45
280.00 0.143873 2.45
281.00 0.143867 2.45
282.00 0.143861 2.45
283.00 0.143855 2.45
284.00 0.143849 2.45
285.00 0.143843 2.45
286.00 0.143837 2.45
287.00 0.143831 2.45
288.00 0.143826 2.45
289.00 0.143820 2.45
290.00 0.143815 2.45
291.00 0.143809 2.45
292.00 0.143804 2.45
293.00 0.143799 2.45
294.00 0.143794 2.45
295.00 0.143788 2.45
296.00 0.143783 2.45
297.00 0.143778 2.45
298.00 0.143773 2.45
299.00 0.143768 2.45
300.00 0.143763 2.45
301.00 0.143758 2.45
302.00 0.143754 2.45
303.00 0.143749 2.45
304.00 0.143744 2.45
305.00 0.143739 2.45
306.00 0.143735 2.45
307.00 0.143730 2.45
308.00 0.143726 2.45
309.00 0.143721 2.45
310.00 0.143717 2.45
311.00 0.143712 2.45
312.00 0.143708 2.45
313.00 0.143703 2.45
314.00 0.143699 2.45
315.00 0.143694 2.45
316.00 0.143690 2.45
317.00 0.143686 2.45
318.00 0.143682 2.45
319.00 0.143677 2.45
320.00 0.143673 2.45
321.00 0.143669 2.45
322.00 0.143665 2.45
323.00 0.143661 2.45
324.00 0.143657 2.45
325.00 0.143653 2.45
326.00 0.143648 2.45
327.00 0.143644 2.45
328.00 0.143640 2.45
329.00 0.143636 2.45
330.00 0.143633 2.45
331.00 0.143629 2.45
332.00 0.143625 2.45
333.00 0.143621 2.45
334.00 0.143617 2.45
335.00 0.143613 2.45
336.00 0.143609 2.45
337.00 0.143605 2.45
338.00 0.143602 2.45
339.00 0.143598 2.45
340.00 0.143594 2.45
341.00 0.143590 2.45
342.00 0.143587 2.45
343.00 0.143583 2.45
344.00 0.143579 2.45
345.00 0.143576 2.45
346.00 0.143572 2.45
347.00 0.143568 2.45
348.00 0.143565 2.45
349.00 0.143561 2.45
350.00 0.143558 2.45
351.00 0.143554 2.45
352.00 0.143551 2.45
353.00 0.143547 2.45
354.00 0.143544 2.45
355.00 0.143540 2.45
356.00 0.143537 2.45
357.00 0.143533 2.45
358.00 0.143530 2.45
359.00 0.143526 2.45
360.00 0.143523 2.45
361.00 0.143520 2.45
362.00 0.143516 2.45
363.00 0.143513 2.45
364.00 0.143509 2.45
365.00 0.143506 2.45
366.00 0.143503 2.45
367.00 0.143499 2.45
368.00 0.143496 2.45
369.00 0.143493 2.45
370.00 0.143490 2.45
371.00 0.143486 2.45
372.00 0.143483 2.45
373.00 0.143480 2.45
374.00 0.143477 2.45
375.00 0.143473 2.45
376.00 0.143470 2.45
377.00 0.143467 2.45
378.00 0.143464 2.45
379.00 0.143461 2.45
380.00 0.143457 2.45
381.00 0.143454 2.45
382.00 0.143451 2.45
383.00 0.143448 2.45
384.00 0.143445 2.45
385.00 0.143442 2.45
386.00 0.143439 2.45
387.00 0.143436 2.45
388.00 0.143432 2.45
389.00 0.143429 2.45
390.00 0.143426 2.45
391.00 0.143423 2.45
392.00 0.143420 2.45
393.00 0.143417 2.45
394.00 0.143414 2.45
395.00 0.143411 2.45
396.00 0.143408 2.45
397.00 0.143405 2.45
398.00 0.143402 2.45
399.00 0.143399 2.45
400.00 0.143396 2.45
401.00 0.143393 2.45
402.00 0.143390 2.45
403.00 0.143387 2.45
404.00 0.143385 2.45
405.00 0.143382 2.45
406.00 0.143379 2.45
407.00 0.143376 2.45
408.00 0.143373 2.45
409.00 0.143370 2.45
410.00 0.143367 2.45
411.00 0.143364 2.45
412.00 0.143361 2.45
413.00 0.143358 2.45
414.00 0.143356 2.45
415.00 0.143353 2.45
416.00 0.143350 2.45
417.00 0.143347 2.45
418.00 0.143344 2.45
419.00 0.143341 2.45
420.00 0.143339 2.45
421.00 0.143336 2.45
422.00 0.143333 2.45
423.00 0.143330 2.45
424.00 0.143327 2.45
425.00 0.143325 2.45
426.00 0.143322 2.45
427.00 0.143319 2.45
428.00 0.143316 2.45
429.00 0.143314 2.45
430.00 0.143311 2.45
431.00 0.143308 2.45
432.00 0.143305 2.45
433.00 0.143303 2.45
434.00 0.143300 2.45
435.00 0.143297 2.45
436.00 0.143295 2.45
437.00 0.143292 2.45
438.00 0.143289 2.45
439.00 0.143286 2.45
440.00 0.143284 2.45
441.00 0.143281 2.45
442.00 0.143278 2.45
443.00 0.143276 2.45
444.00 0.143273 2.45
445.00 0.143270 2.45
446.00 0.143268 2.45
447.00 0.143265 2.45
448.00 0.143263 2.45
449.00 0.143260 2.45
450.00 0.143257 2.45
451.00 0.143255 2.45
452.00 0.143252 2.45
453.00 0.143249 2.45
454.00 0.143247 2.45
455.00 0.143244 2.45
456.00 0.143242 2.45
457.00 0.143239 2.45
458.00 0.143236 2.45
459.00 0.143234 2.45
460.00 0.143231 2.45
461.00 0.143229 2.45
462.00 0.143226 2.45
463.00 0.143223 2.45
464.00 0.143221 2.45
465.00 0.143218 2.45
466.00 0.143216 2.45
467.00 0.143213 2.45
468.00 0.143211 2.45
469.00 0.143208 2.45
470.00 0.143206 2.45
471.00 0.143203 2.45
472.00 0.143200 2.45
473.00 0.143198 2.45
474.00 0.143195 2.45
475.00 0.143193 2.45
476.00 0.143190 2.45
477.00 0.143188 2.45
478.00 0.143185 2.45
479.00 0.143183 2.45
480.00 0.143180 2.45
481.00 0.143178 2.45
482.00 0.143175 2.45
483.00 0.143173 2.45
484.00 0.143170 2.45
485.00 0.143168 2.45
486.00 0.143165 2.45
487.00 0.143163 2.45
488.00 0.143160 2.45
489.00 0.143158 2.45
490.00 0.143155 2.45
491.00 0.143153 2.45
492.00 0.143150 2.45
493.00 0.143148 2.45
494.00 0.143146 2.45
495.00 0.143143 2.45
496.00 0.143141 2.45
497.00 0.143138 2.45
498.00 0.143136 2.45
499.00 0.143133 2.45
500.00 0.143131 2.45
501.00 0.143128 2.45
502.00 0.143126 2.45
503.00 0.143123 2.45
504.00 0.143121 2.45
505.00 0.143119 2.45
506.00 0.143116 2.45
507.00 0.143114 2.45
508.00 0.143111 2.45
509.00 0.143109 2.45
510.00 0.143106 2.45
511.00 0.143104 2.45
512.00 0.143102 2.45
513.00 0.143099 2.45
514.00 0.143097 2.45
515.00 0.143094 2.45
516.00 0.143092 2.45
517.00 0.143090 2.45
518.00 0.143087 2.45
519.00 0.143085 2.45
520.00 0.143083 2.44
521.00 0.143081 2.44
522.00 0.143080 2.44
523.00 0.143078 2.44
524.00 0.143077 2.44
525.00 0.143075 2.44
526.00 0.143074 2.44
527.00 0.143073 2.44
528.00 0.143072 2.44
529.00 0.143070 2.44
530.00 0.143069 2.44
531.00 0.143068 2.44
532.00 0.143067 2.44
533.00 0.143066 2.44
534.00 0.143065 2.44
535.00 0.143064 2.44
536.00 0.143063 2.44
537.00 0.143061 2.44
538.00 0.143060 2.44
539.00 0.143059 2.44
540.00 0.143058 2.44
541.00 0.143058 2.44
542.00 0.143057 2.44
543.00 0.143056 2.44
544.00 0.143055 2.44
545.00 0.143054 2.44
546.00 0.143053 2.44
547.00 0.143052 2.44
548.00 0.143051 2.44
549.00 0.143050 2.44
550.00 0.143050 2.44
551.00 0.143049 2.44
552.00 0.143048 2.44
553.00 0.143047 2.44
554.00 0.143047 2.44
555.00 0.143046 2.44
556.00 0.143045 2.44
557.00 0.143044 2.44
558.00 0.143044 2.44
559.00 0.143043 2.44
560.00 0.143042 2.44
561.00 0.143042 2.44
562.00 0.143041 2.44
563.00 0.143040 2.44
564.00 0.143040 2.44
565.00 0.143039 2.44
566.00 0.143038 2.44
567.00 0.143038 2.44
568.00 0.143037 2.44
569.00 0.143037 2.44
570.00 0.143036 2.44
571.00 0.143035 2.44
572.00 0.143035 2.44
573.00 0.143034 2.44
574.00 0.143034 2.44
575.00 0.143033 2.44
576.00 0.143033 2.44
577.00 0.143032 2.44
578.00 0.143032 2.44
579.00 0.143031 2.44
580.00 0.143031 2.44
581.00 0.143030 2.44
582.00 0.143030 2.44
583.00 0.143029 2.44
584.00 0.143029 2.44
585.00 0.143028 2.44
586.00 0.143028 2.44
587.00 0.143027 2.44
588.00 0.143027 2.44
589.00 0.143027 2.44
590.00 0.143026 2.44
591.00 0.143026 2.44
592.00 0.143025 2.44
593.00 0.143025 2.44
594.00 0.143024 2.44
595.00 0.143024 2.44
596.00 0.143024 2.44
597.00 0.143023 2.44
598.00 0.143023 2.44
599.00 0.143023 2.44
600.00 0.143022 2.44
601.00 0.143022 2.44
602.00 0.143021 2.44
603.00 0.143021 2.44
604.00 0.143021 2.44
605.00 0.143020 2.44
606.00 0.143020 2.44
607.00 0.143020 2.44
608.00 0.143020 2.44
609.00 0.143019 2.44
610.00 0.143019 2.44
611.00 0.143019 2.44
612.00 0.143018 2.44
613.00 0.143018 2.44
614.00 0.143018 2.44
615.00 0.143017 2.44
616.00 0.143017 2.44
617.00 0.143017 2.44
618.00 0.143017 2.44
619.00 0.143016 2.44
620.00 0.143016 2.44
621.00 0.143016 2.44
622.00 0.143016 2.44
623.00 0.143015 2.44
624.00 0.143015 2.44
625.00 0.143015 2.44
626.00 0.143015 2.44
627.00 0.143014 2.44
628.00 0.143014 2.44
629.00 0.143014 2.44
630.00 0.143014 2.44
631.00 0.143013 2.44
632.00 0.143013 2.44
633.00 0.143013 2.44
634.00 0.143013 2.44
635.00 0.143013 2.44
636.00 0.143012 2.44
637.00 0.143012 2.44
638.00 0.143012 2.44
639.00 0.143012 2.44
640.00 0.143012 2.44
641.00 0.143011 2.44
642.00 0.143011 2.44
643.00 0.143011 2.44
644.00 0.143011 2.44
645.00 0.143011 2.44
646.00 0.143010 2.44
647.00 0.143010 2.44
648.00 0.143010 2.44
649.00 0.143010 2.44
650.00 0.143010 2.44
651.00 0.143010 2.44
652.00 0.143009 2.44
653.00 0.143009 2.44
654.00 0.143009 2.44
655.00 0.143009 2.44
656.00 0.143009 2.44
657.00 0.143009 2.44
658.00 0.143008 2.44
659.00 0.143008 2.44
660.00 0.143008 2.44
661.00 0.143008 2.44
662.00 0.143008 2.44
663.00 0.143008 2.44
664.00 0.143008 2.44
665.00 0.143007 2.44
666.00 0.143007 2.44
667.00 0.143007 2.44
668.00 0.143007 2.44
669.00 0.143007 2.44
670.00 0.143007 2.44
671.00 0.143007 2.44
672.00 0.143007 2.44
673.00 0.143007 2.44
674.00 0.143006 2.44
675.00 0.143006 2.44
676.00 0.143006 2.44
677.00 0.143006 2.44
678.00 0.143006 2.44
679.00 0.143006 2.44
680.00 0.143006 2.44
681.00 0.143006 2.44
682.00 0.143006 2.44
683.00 0.143005 2.44
684.00 0.143005 2.44
685.00 0.143005 2.44
686.00 0.143005 2.44
687.00 0.143005 2.44
688.00 0.143005 2.44
689.00 0.143005 2.44
690.00 0.143005 2.44
691.00 0.143005 2.44
692.00 0.143005 2.44
693.00 0.143004 2.44
694.00 0.143004 2.44
695.00 0.143004 2.44
696.00 0.143004 2.44
697.00 0.143004 2.44
698.00 0.143004 2.44
699.00 0.143004 2.44
700.00 0.143004 2.44
701.00 0.143004 2.44
702.00 0.143004 2.44
703.00 0.143004 2.44
704.00 0.143004 2.44
705.00 0.143004 2.44
706.00 0.143003 2.44
707.00 0.143003 2.44
708.00 0.143003 2.44
709.00 0.143003 2.44
710.00 0.143003 2.44
711.00 0.143003 2.44
712.00 0.143003 2.44
713.00 0.143003 2.44
714.00 0.143003 2.44
715.00 0.143003 2.44
716.00 0.143003 2.44
717.00 0.143003 2.44
718.00 0.143003 2.44
719.00 0.143003 2.44
720.00 0.143003 2.44
721.00 0.143003 2.44
722.00 0.143002 2.44
723.00 0.143002 2.44
724.00 0.143002 2.44
725.00 0.143002 2.44
726.00 0.143002 2.44
727.00 0.143002 2.44
728.00 0.143002 2.44
729.00 0.143002 2.44
730.00 0.143002 2.44
731.00 0.143002 2.44
732.00 0.143002 2.44
733.00 0.143002 2.44
734.00 0.143002 2.44
735.00 0.143002 2.44
736.00 0.143002 2.44
737.00 0.143002 2.44
738.00 0.143002 2.44
739.00 0.143002 2.44
740.00 0.143002 2.44
741.00 0.143002 2.44
742.00 0.143002 2.44
743.00 0.143001 2.44
744.00 0.143001 2.44
745.00 0.143001 2.44
746.00 0.143001 2.44
747.00 0.143001 2.44
748.00 0.143001 2.44
749.00 0.143001 2.44
750.00 0.143001 2.44
751.00 0.143001 2.44
752.00 0.143001 2.44
753.00 0.143001 2.44
754.00 0.143001 2.44
755.00 0.143001 2.44
756.00 0.143001 2.44
757.00 0.143001 2.44
758.00 0.143001 2.44
759.00 0.143001 2.44
760.00 0.143001 2.44
761.00 0.143001 2.44
762.00 0.143001 2.44
763.00 0.143001 2.44
764.00 0.143001 2.44
765.00 0.143001 2.44
766.00 0.143001 2.44
767.00 0.143001 2.44
768.00 0.143001 2.44
769.00 0.143001 2.44
770.00 0.143001 2.44
771.00 0.143001 2.44
772.00 0.143001 2.44
773.00 0.143001 2.44
774.00 0.143000 2.44
775.00 0.143000 2.44
776.00 0.143000 2.44
777.00 0.143000 2.44
778.00 0.143000 2.44
779.00 0.143000 2.44
780.00 0.143000 2.44
781.00 0.143000 2.44
782.00 0.143000 2.44
783.00 0.143000 2.44
784.00 0.143000 2.44
785.00 0.143000 2.44
786.00 0.143000 2.44
787.00 0.143000 2.44
788.00 0.143000 2.44
789.00 0.143000 2.44
790.00 0.143000 2.44
791.00 0.143000 2.44
792.00 0.143000 2.44
793.00 0.143000 2.44
794.00 0.143000 2.44
795.00 0.143000 2.44
796.00 0.143000 2.44
797.00 0.143000 2.44
798.00 0.143000 2.44
799.00 0.143000 2.44
800.00 0.143000 2.44
801.00 0.143000 2.44
802.00 0.143000 2.44
803.00 0.143000 2.44
804.00 0.143000 2.44
805.00 0.143000 2.44
806.00 0.143000 2.44
807.00 0.143000 2.44
808.00 0.143000 2.44
809.00 0.143000 2.44
810.00 0.143000 2.44
811.00 0.143000 2.44
812.00 0.143000 2.44
813.00 0.143000 2.44
814.00 0.143000 2.44
815.00 0.143000 2.44
816.00 0.143000 2.44
817.00 0.143000 2.44
818.00 0.143000 2.44
819.00 0.143000 2.44
820.00 0.143000 2.44
821.00 0.143000 2.44
822.00 0.143000 2.44
823.00 0.143000 2.44
824.00 0.143000 2.44
825.00 0.143000 2.44
826.00 0.143000 2.44
827.00 0.143000 2.44
828.00 0.143000 2.44
829.00 0.143000 2.44
830.00 0.143000 2.44
831.00 0.143000 2.44
832.00 0.143000 2.44
833.00 0.142999 2.44
834.00 0.142999 2.44
835.00 0.142999 2.44
836.00 0.142999 2.44
837.00 0.142999 2.44
838.00 0.142999 2.44
839.00 0.142999 2.44
840.00 0.142999 2.44
841.00 0.142999 2.44
842.00 0.142999 2.44
843.00 0.142999 2.44
844.00 0.142999 2.44
845.00 0.142999 2.44
846.00 0.142999 2.44
847.00 0.142999 2.44
848.00 0.142999 2.44
849.00 0.142999 2.44
850.00 0.142999 2.44
851.00 0.142999 2.44
852.00 0.142999 2.44
853.00 0.142999 2.44
854.00 0.142999 2.44
855.00 0.142999 2.44
856.00 0.142999 2.44
857.00 0.142999 2.44
858.00 0.142999 2.44
859.00 0.142999 2.44
860.00 0.142999 2.44
861.00 0.142999 2.44
862.00 0.142999 2.44
863.00 0.142999 2.44
864.00 0.142999 2.44
865.00 0.142999 2.44
866.00 0.142999 2.44
867.00 0.142999 2.44
868.00 0.142999 2.44
869.00 0.142999 2.44
870.00 0.142999 2.44
871.00 0.142999 2.44
872.00 0.142999 2.44
873.00 0.142999 2.44
874.00 0.142999 2.44
875.00 0.142999 2.44
876.00 0.142999 2.44
877.00 0.142999 2.44
878.00 0.142999 2.44
879.00 0.142999 2.44
880.00 0.142999 2.44
881.00 0.142999 2.44
882.00 0.142999 2.44
883.00 0.142999 2.44
884.00 0.142999 2.44
885.00 0.142999 2.44
886.00 0.142999 2.44
887.00 0.142999 2.44
888.00 0.142999 2.44
889.00 0.142999 2.44
890.00 0.142999 2.44
891.00 0.142999 2.44
892.00 0.142999 2.44
893.00 0.142999 2.44
894.00 0.142999 2.44
895.00 0.142999 2.44
896.00 0.142999 2.44
897.00 0.142999 2.44
898.00 0.142999 2.44
899.00 0.142999 2.44
900.00 0.142999 2.44
901.00 0.142999 2.44
902.00 0.142999 2.44
903.00 0.142999 2.44
904.00 0.142999 2.44
905.00 0.142999 2.44
906.00 0.142999 2.44
907.00 0.142999 2.44
908.00 0.142999 2.44
909.00 0.142999 2.44
910.00 0.142999 2.44
911.00 0.142999 2.44
912.00 0.142999 2.44
913.00 0.142999 2.44
914.00 0.142999 2.44
915.00 0.142999 2.44
916.00 0.142999 2.44
917.00 0.142999 2.44
918.00 0.142999 2.44
919.00 0.142999 2.44
920.00 0.142999 2.44
921.00 0.142999 2.44
922.00 0.142999 2.44
923.00 0.142999 2.44
924.00 0.142999 2.44
925.00 0.142999 2.44
926.00 0.142999 2.44
927.00 0.142999 2.44
928.00 0.142999 2.44
929.00 0.142999 2.44
930.00 0.142999 2.44
931.00 0.142999 2.44
932.00 0.142999 2.44
933.00 0.142999 2.44
934.00 0.142999 2.44
935.00 0.142999 2.44
936.00 0.142999 2.44
937.00 0.142999 2.44
938.00 0.142999 2.44
939.00 0.142999 2.44
940.00 0.142999 2.44
941.00 0.142999 2.44
942.00 0.142999 2.44
943.00 0.142999 2.44
944.00 0.142999 2.44
945.00 0.142999 2.44
946.00 0.142999 2.44
947.00 0.142999 2.44
948.00 0.142999 2.44
949.00 0.142999 2.44
950.00 0.142999 2.44
951.00 0.142999 2.44
952.00 0.142999 2.44
953.00 0.142999 2.44
954.00 0.142999 2.44
955.00 0.142999 2.44
956.00 0.142999 2.44
957.00 0.142999 2.44
958.00 0.142999 2.44
959.00 0.142999 2.44
960.00 0.142999 2.44
961.00 0.142999 2.44
962.00 0.142999 2.44
963.00 0.142999 2.44
964.00 0.142999 2.44
965.00 0.142999 2.44
966.00 0.142999 2.44
967.00 0.142999 2.44
968.00 0.142999 2.44
969.00 0.142999 2.44
970.00 0.142999 2.44
971.00 0.142999 2.44
972.00 0.142999 2.44
973.00 0.142999 2.44
974.00 0.142999 2.44
975.00 0.142999 2.44
976.00 0.142999 2.44
977.00 0.142999 2.44
978.00 0.142999 2.44
979.00 0.142999 2.44
980.00 0.142999 2.44
981.00 0.142999 2.44
982.00 0.142999 2.44
983.00 0.142999 2.44
984.00 0.142999 2.44
985.00 0.142999 2.44
986.00 0.142999 2.44
987.00 0.142999 2.44
988.00 0.142999 2.44
989.00 0.142999 2.44
990.00 0.142999 2.44
991.00 0.142999 2.44
992.00 0.142999 2.44
993.00 0.142999 2.44
994.00 0.142999 2.44
995.00 0.142999 2.44
996.00 0.142999 2.44
997.00 0.142999 2.44
998.00 0.142999 2.44
999.00 0.142999 2.44
1000.00 0.142999 2.44
1001.00 0.142999 2.44
1002.00 0.142999 2.44
1003.00 0.142999 2.44
1004.00 0.142999 2.44
1005.00 0.142999 2.44
1006.00 0.142999 2.44
1007.00 0.142999 2.44
1008.00 0.142999 2.44
1009.00 0.142999 2.44
1010.00 0.142999 2.44
1011.00 0.142999 2.44
1012.00 0.142999 2.44
1013.00 0.142999 2.44
1014.00 0.142999 2.44
1015.00 0.142999 2.44
1016.00 0.142999 2.44
1017.00 0.142999 2.44
1018.00 0.142999 2.44
1019.00 0.142999 2.44
1020.00 0.142999 2.44
1021.00 0.142999 2.44
1022.00 0.142999 2.44
1023.00 0.142999 2.44
1024.00 0.142999 2.44
1025.00 0.142999 2.44
1026.00 0.142999 2.44
1027.00 0.142999 2.44
1028.00 0.142999 2.44
1029.00 0.142999 2.44
1030.00 0.142999 2.44
1031.00 0.142999 2.44
1032.00 0.142999 2.44
1033.00 0.142999 2.44
1034.00 0.142999 2.44
1035.00 0.142999 2.44
1036.00 0.142999 2.44
1037.00 0.142999 2.44
1038.00 0.142999 2.44
1039.00 0.142999 2.44
1040.00 0.142999 2.44
1041.00 0.142999 2.44
1042.00 0.142999 2.44
1043.00 0.142999 2.44
1044.00 0.142999 2.44
1045.00 0.142999 2.44
1046.00 0.142999 2.44
1047.00 0.142999 2.44
1048.00 0.142999 2.44
1049.00 0.142999 2.44
1050.00 0.142999 2.44
1051.00 0.142999 2.44
1052.00 0.142999 2.44
1053.00 0.142999 2.44
1054.00 0.142999 2.44
1055.00 0.142999 2.44
1056.00 0.142999 2.44
1057.00 0.142999 2.44
1058.00 0.142999 2.44
1059.00 0.142999 2.44
1060.00 0.142999 2.44
1061.00 0.142999 2.44
1062.00 0.142999 2.44
1063.00 0.142999 2.44
1064.00 0.142999 2.44
1065.00 0.142999 2.44
1066.00 0.142999 2.44
1067.00 0.142999 2.44
1068.00 0.142999 2.44
1069.00 0.142999 2.44
1070.00 0.142999 2.44
1071.00 0.142999 2.44
1072.00 0.142999 2.44
1073.00 0.142999 2.44
1074.00 0.142999 2.44
1075.00 0.142999 2.44
1076.00 0.142999 2.44
1077.00 0.142999 2.44
1078.00 0.142999 2.44
1079.00 0.142999 2.44
1080.00 0.142999 2.44
1081.00 0.142999 2.44
1082.00 0.142999 2.44
1083.00 0.142999 2.44
1084.00 0.142999 2.44
1085.00 0.142999 2.44
1086.00 0.142999 2.44
1087.00 0.142999 2.44
1088.00 0.142999 2.44
1089.00 0.142999 2.44
1090.00 0.142999 2.44
1091.00 0.142999 2.44
1092.00 0.142999 2.44
1093.00 0.142999 2.44
1094.00 0.142999 2.44
1095.00 0.142999 2.44
1096.00 0.142999 2.44
1097.00 0.142999 2.44
1098.00 0.142999 2.44
1099.00 0.142999 2.44
1100.00 0.142999 2.44
1101.00 0.142999 2.44
1102.00 0.142999 2.44
1103.00 0.142999 2.44
1104.00 0.142999 2.44
1105.00 0.142999 2.44
1106.00 0.142999 2.44
1107.00 0.142999 2.44
1108.00 0.142999 2.44
1109.00 0.142999 2.44
1110.00 0.142999 2.44
1111.00 0.142999 2.44
1112.00 0.142999 2.44
1113.00 0.142999 2.44
1114.00 0.142999 2.44
1115.00 0.142999 2.44
1116.00 0.142999 2.44
1117.00 0.142999 2.44
1118.00 0.142999 2.44
1119.00 0.142999 2.44
1120.00 0.142999 2.44
1121.00 0.142999 2.44
1122.00 0.142999 2.44
1123.00 0.142999 2.44
1124.00 0.142999 2.44
1125.00 0.142999 2.44
1126.00 0.142999 2.44
1127.00 0.142999 2.44
1128.00 0.142999 2.44
1129.00 0.142999 2.44
1130.00 0.142999 2.44
1131.00 0.142999 2.44
1132.00 0.142999 2.44
1133.00 0.142999 2.44
1134.00 0.142999 2.44
1135.00 0.142999 2.44
1136.00 0.142999 2.44
1137.00 0.142999 2.44
1138.00 0.142999 2.44
1139.00 0.142999 2.44
1140.00 0.142999 2.44
1141.00 0.142999 2.44
1142.00 0.142999 2.44
1143.00 0.142999 2.44
1144.00 0.142999 2.44
1145.00 0.142999 2.44
1146.00 0.142999 2.44
1147.00 0.142999 2.44
1148.00 0.142999 2.44
1149.00 0.142999 2.44
1150.00 0.142999 2.44
1151.00 0.142999 2.44
1152.00 0.142999 2.44
1153.00 0.142999 2.44
1154.00 0.142999 2.44
1155.00 0.142999 2.44
1156.00 0.142999 2.44
1157.00 0.142999 2.44
1158.00 0.142999 2.44
1159.00 0.142999 2.44
1160.00 0.142999 2.44
1161.00 0.142999 2.44
1162.00 0.142999 2.44
1163.00 0.142999 2.44
1164.00 0.142999 2.44
1165.00 0.142999 2.44
1166.00 0.142999 2.44
1167.00 0.142999 2.44
1168.00 0.142999 2.44
1169.00 0.142999 2.44
1170.00 0.142999 2.44
1171.00 0.142999 2.44
1172.00 0.142999 2.44
1173.00 0.142999 2.44
1174.00 0.142999 2.44
1175.00 0.142999 2.44
1176.00 0.142999 2.44
1177.00 0.142999 2.44
1178.00 0.142999 2.44
1179.00 0.142999 2.44
1180.00 0.142999 2.44
1181.00 0.142999 2.44
1182.00 0.142999 2.44
1183.00 0.142999 2.44
1184.00 0.142999 2.44
1185.00 0.142999 2.44
1186.00 0.142999 2.44
1187.00 0.142999 2.44
1188.00 0.142999 2.44
1189.00 0.142999 2.44
1190.00 0.142999 2.44
1191.00 0.142999 2.44
1192.00 0.142999 2.44
1193.00 0.142999 2.44
1194.00 0.142999 2.44
1195.00 0.142999 2.44
1196.00 0.142999 2.44
1197.00 0.142999 2.44
1198.00 0.142999 2.44
1199.00 0.142999 2.44
1200.00 0.142999 2.44
1201.00 0.142999 2.44
1202.00 0.142999 2.44
1203.00 0.142999 2.44
1204.00 0.142999 2.44
1205.00 0.142999 2.44
1206.00 0.142999 2.44
1207.00 0.142999 2.44
1208.00 0.142999 2.44
1209.00 0.142999 2.44
1210.00 0.142999 2.44
1211.00 0.142999 2.44
1212.00 0.142999 2.44
1213.00 0.142999 2.44
1214.00 0.142999 2.44
1215.00 0.142999 2.44
1216.00 0.142999 2.44
1217.00 0.142999 2.44
1218.00 0.142999 2.44
1219.00 0.142999 2.44
1220.00 0.142999 2.44
1221.00 0.142999 2.44
1222.00 0.142999 2.44
1223.00 0.142999 2.44
1224.00 0.142999 2.44
1225.00 0.142999 2.44
1226.00 0.142999 2.44
1227.00 0.142999 2.44
1228.00 0.142999 2.44
1229.00 0.142999 2.44
1230.00 0.142999 2.44
1231.00 0.142999 2.44
1232.00 0.142999 2.44
1233.00 0.142999 2.44
1234.00 0.142999 2.44
1235.00 0.142999 2.44
1236.00 0.142999 2.44
1237.00 0.142999 2.44
1238.00 0.142999 2.44
1239.00 0.142999 2.44
1240.00 0.142999 2.44
1241.00 0.142999 2.44
1242.00 0.142999 2.44
1243.00 0.142999 2.44
1244.00 0.142999 2.44
1245.00 0.142999 2.44
1246.00 0.142999 2.44
1247.00 0.142999 2.44
1248.00 0.142999 2.44
1249.00 0.142999 2.44
1250.00 0.142999 2.44
1251.00 0.142999 2.44
1252.00 0.142999 2.44
1253.00 0.142999 2.44
1254.00 0.142999 2.44
1255.00 0.142999 2.44
1256.00 0.142999 2.44
1257.00 0.142999 2.44
1258.00 0.142999 2.44
1259.00 0.142999 2.44
1260.00 0.142999 2.44
1261.00 0.142999 2.44
1262.00 0.142999 2.44
1263.00 0.142999 2.44
1264.00 0.142999 2.44
1265.00 0.142999 2.44
1266.00 0.142999 2.44
1267.00 0.142999 2.44
1268.00 0.142999 2.44
1269.00 0.142999 2.44
1270.00 0.142999 2.44
1271.00 0.142999 2.44
1272.00 0.142999 2.44
1273.00 0.142999 2.44
1274.00 0.142999 2.44
1275.00 0.142999 2.44
1276.00 0.142999 2.44
1277.00 0.142999 2.44
1278.00 0.142999 2.44
1279.00 0.142999 2.44
1280.00 0.142999 2.44
1281.00 0.142999 2.44
1282.00 0.142999 2.44
1283.00 0.142999 2.44
1284.00 0.142999 2.44
1285.00 0.142999 2.44
1286.00 0.142999 2.44
1287.00 0.142999 2.44
1288.00 0.142999 2.44
1289.00 0.142999 2.44
1290.00 0.142999 2.44
1291.00 0.142999 2.44
1292.00 0.142999 2.44
1293.00 0.142999 2.44
1294.00 0.142999 2.44
1295.00 0.142999 2.44
1296.00 0.142999 2.44
1297.00 0.142999 2.44
1298.00 0.142999 2.44
1299.00 0.142999 2.44
1300.00 0.142999 2.44
1301.00 0.142999 2.44
1302.00 0.142999 2.44
1303.00 0.142999 2.44
1304.00 0.142999 2.44
1305.00 0.142999 2.44
1306.00 0.142999 2.44
1307.00 0.142999 2.44
1308.00 0.142999 2.44
1309.00 0.142999 2.44
1310.00 0.142999 2.44
1311.00 0.142999 2.44
1312.00 0.142999 2.44
1313.00 0.142999 2.44
1314.00 0.142999 2.44
1315.00 0.142999 2.44
1316.00 0.142999 2.44
1317.00 0.142999 2.44
1318.00 0.142999 2.44
1319.00 0.142999 2.44
1320.00 0.142999 2.44
1321.00 0.142999 2.44
1322.00 0.142999 2.44
1323.00 0.142999 2.44
1324.00 0.142999 2.44
1325.00 0.142999 2.44
1326.00 0.142999 2.44
1327.00 0.142999 2.44
1328.00 0.142999 2.44
1329.00 0.142999 2.44
1330.00 0.142999 2.44
1331.00 0.142999 2.44
1332.00 0.142999 2.44
1333.00 0.142999 2.44
1334.00 0.142999 2.44
1335.00 0.142999 2.44
1336.00 0.142999 2.44
1337.00 0.142999 2.44
1338.00 0.142999 2.44
1339.00 0.142999 2.44
1340.00 0.142999 2.44
1341.00 0.142999 2.44
1342.00 0.142999 2.44
1343.00 0.142999 2.44
1344.00 0.142999 2.44
1345.00 0.142999 2.44
1346.00 0.142999 2.44
1347.00 0.142999 2.44
1348.00 0.142999 2.44
1349.00 0.142999 2.44
1350.00 0.142999 2.44
1351.00 0.142999 2.44
1352.00 0.142999 2.44
1353.00 0.142999 2.44
1354.00 0.142999 2.44
1355.00 0.142999 2.44
1356.00 0.142999 2.44
1357.00 0.142999 2.44
1358.00 0.142999 2.44
1359.00 0.142999 2.44
1360.00 0.142999 2.44
1361.00 0.142999 2.44
1362.00 0.142999 2.44
1363.00 0.142999 2.44
1364.00 0.142999 2.44
1365.00 0.142999 2.44
1366.00 0.142999 2.44
1367.00 0.142999 2.44
1368.00 0.142999 2.44
1369.00 0.142999 2.44
1370.00 0.142999 2.44
1371.00 0.142999 2.44
1372.00 0.142999 2.44
1373.00 0.142999 2.44
1374.00 0.142999 2.44
1375.00 0.142999 2.44
1376.00 0.142999 2.44
1377.00 0.142999 2.44
1378.00 0.142999 2.44
1379.00 0.142999 2.44
1380.00 0.142999 2.44
1381.00 0.142999 2.44
1382.00 0.142999 2.44
1383.00 0.142999 2.44
1384.00 0.142999 2.44
1385.00 0.142999 2.44
1386.00 0.142999 2.44
1387.00 0.142999 2.44
1388.00 0.142999 2.44
1389.00 0.142999 2.44
1390.00 0.142999 2.44
1391.00 0.142999 2.44
1392.00 0.142999 2.44
1393.00 0.142999 2.44
1394.00 0.142999 2.44
1395.00 0.142999 2.44
1396.00 0.142999 2.44
1397.00 0.142999 2.44
1398.00 0.142999 2.44
1399.00 0.142999 2.44
1400.00 0.142999 2.44
1401.00 0.142999 2.44
1402.00 0.142999 2.44
1403.00 0.142999 2.44
1404.00 0.142999 2.44
1405.00 0.142999 2.44
1406.00 0.142999 2.44
1407.00 0.142999 2.44
1408.00 0.142999 2.44
1409.00 0.142999 2.44
1410.00 0.142999 2.44
1411.00 0.142999 2.44
1412.00 0.142999 2.44
1413.00 0.142999 2.44
1414.00 0.142999 2.44
1415.00 0.142999 2.44
1416.00 0.142999 2.44
1417.00 0.142999 2.44
1418.00 0.142999 2.44
1419.00 0.142999 2.44
1420.00 0.142999 2.44
1421.00 0.142999 2.44
1422.00 0.142999 2.44
1423.00 0.142999 2.44
1424.00 0.142999 2.44
1425.00 0.142999 2.44
1426.00 0.142999 2.44
1427.00 0.142999 2.44
1428.00 0.142999 2.44
1429.00 0.142999 2.44
1430.00 0.142999 2.44
1431.00 0.142999 2.44
1432.00 0.142999 2.44
1433.00 0.142999 2.44
1434.00 0.142999 2.44
1435.00 0.142999 2.44
1436.00 0.142999 2.44
1437.00 0.142999 2.44
1438.00 0.142999 2.44
1439.00 0.142999 2.44
1440.00 0.142999 2.44
1441.00 0.142999 2.44
1442.00 0.142999 2.44
1443.00 0.142999 2.44
1444.00 0.142999 2.44
1445.00 0.142999 2.44
1446.00 0.142999 2.44
1447.00 0.142999 2.44
1448.00 0.142999 2.44
1449.00 0.142999 2.44
1450.00 0.142999 2.44
1451.00 0.142999 2.44
1452.00 0.142999 2.44
1453.00 0.142999 2.44
1454.00 0.142999 2.44
1455.00 0.142999 2.44
1456.00 0.142999 2.44
1457.00 0.142999 2.44
1458.00 0.142999 2.44
1459.00 0.142999 2.44
1460.00 0.142999 2.44
1461.00 0.142999 2.44
1462.00 0.142999 2.44
1463.00 0.142999 2.44
1464.00 0.142999 2.44
1465.00 0.142999 2.44
1466.00 0.142999 2.44
1467.00 0.142999 2.44
1468.00 0.142999 2.44
1469.00 0.142999 2.44
1470.00 0.142999 2.44
1471.00 0.142999 2.44
1472.00 0.142999 2.44
1473.00 0.142999 2.44
1474.00 0.142999 2.44
1475.00 0.142999 2.44
1476.00 0.142999 2.44
1477.00 0.142999 2.44
1478.00 0.142999 2.44
1479.00 0.142999 2.44
1480.00 0.142999 2.44
1481.00 0.142999 2.44
1482.00 0.142999 2.44
1483.00 0.142999 2.44
1484.00 0.142999 2.44
1485.00 0.142999 2.44
1486.00 0.142999 2.44
1487.00 0.142999 2.44
1488.00 0.142999 2.44
1489.00 0.142999 2.44
1490.00 0.142999 2.44
1491.00 0.142999 2.44
1492.00 0.142999 2.44
1493.00 0.142999 2.44
1494.00 0.142999 2.44
1495.00 0.142999 2.44
1496.00 0.142999 2.44
1497.00 0.142999 2.44
1498.00 0.142999 2.44
1499.00 0.142999 2.44
1500.00 0.142999 2.44
1501.00 0.142999 2.44
1502.00 0.142999 2.44
1503.00 0.142999 2.44
1504.00 0.142999 2.44
1505.00 0.142999 2.44
1506.00 0.142999 2.44
1507.00 0.142999 2.44
1508.00 0.142999 2.44
1509.00 0.142999 2.44
1510.00 0.142999 2.44
1511.00 0.142999 2.44
1512.00 0.142999 2.44
1513.00 0.142999 2.44
1514.00 0.142999 2.44
1515.00 0.142999 2.44
1516.00 0.142999 2.44
1517.00 0.142999 2.44
1518.00 0.142999 2.44
1519.00 0.142999 2.44
1520.00 0.142999 2.44
1521.00 0.142999 2.44
1522.00 0.142999 2.44
1523.00 0.142999 2.44
1524.00 0.142999 2.44
1525.00 0.142999 2.44
1526.00 0.142999 2.44
1527.00 0.142999 2.44
1528.00 0.142999 2.44
1529.00 0.142999 2.44
1530.00 0.142999 2.44
1531.00 0.142999 2.44
1532.00 0.142999 2.44
1533.00 0.142999 2.44
1534.00 0.142999 2.44
1535.00 0.142999 2.44
1536.00 0.142999 2.44
1537.00 0.142999 2.44
1538.00 0.142999 2.44
1539.00 0.142999 2.44
1540.00 0.142999 2.44
1541.00 0.142999 2.44
1542.00 0.142999 2.44
1543.00 0.142999 2.44
1544.00 0.142999 2.44
1545.00 0.142999 2.44
1546.00 0.142999 2.44
1547.00 0.142999 2.44
1548.00 0.142999 2.44
1549.00 0.142999 2.44
1550.00 0.142999 2.44
1551.00 0.142999 2.44
1552.00 0.142999 2.44
1553.00 0.142999 2.44
1554.00 0.142999 2.44
1555.00 0.142999 2.44
1556.00 0.142999 2.44
1557.00 0.142999 2.44
1558.00 0.142999 2.44
1559.00 0.142999 2.44
1560.00 0.142999 2.44
1561.00 0.142999 2.44
1562.00 0.142999 2.44
1563.00 0.142999 2.44
1564.00 0.142999 2.44
1565.00 0.142999 2.44
1566.00 0.142999 2.44
1567.00 0.142999 2.44
1568.00 0.142999 2.44
1569.00 0.142999 2.44
1570.00 0.142999 2.44
1571.00 0.142999 2.44
1572.00 0.142999 2.44
1573.00 0.142999 2.44
1574.00 0.142999 2.44
1575.00 0.142999 2.44
1576.00 0.142999 2.44
1577.00 0.142999 2.44
1578.00 0.142999 2.44
1579.00 0.142999 2.44
1580.00 0.142999 2.44
1581.00 0.142999 2.44
1582.00 0.142999 2.44
1583.00 0.142999 2.44
1584.00 0.142999 2.44
1585.00 0.142999 2.44
1586.00 0.142999 2.44
1587.00 0.142999 2.44
1588.00 0.142999 2.44
1589.00 0.142999 2.44
1590.00 0.142999 2.44
1591.00 0.142999 2.44
1592.00 0.142999 2.44
1593.00 0.142999 2.44
1594.00 0.142999 2.44
1595.00 0.142999 2.44
1596.00 0.142999 2.44
1597.00 0.142999 2.44
1598.00 0.142999 2.44
1599.00 0.142999 2.44
1600.00 0.142999 2.44
1601.00 0.142999 2.44
1602.00 0.142999 2.44
1603.00 0.142999 2.44
1604.00 0.142999 2.44
1605.00 0.142999 2.44
1606.00 0.142999 2.44
1607.00 0.142999 2.44
1608.00 0.142999 2.44
1609.00 0.142999 2.44
1610.00 0.142999 2.44
1611.00 0.142999 2.44
1612.00 0.142999 2.44
1613.00 0.142999 2.44
1614.00 0.142999 2.44
1615.00 0.142999 2.44
1616.00 0.142999 2.44
1617.00 0.142999 2.44
1618.00 0.142999 2.44
1619.00 0.142999 2.44
1620.00 0.142999 2.44
1621.00 0.142999 2.44
1622.00 0.142999 2.44
1623.00 0.142999 2.44
1624.00 0.142999 2.44
1625.00 0.142999 2.44
1626.00 0.142999 2.44
1627.00 0.142999 2.44
1628.00 0.142999 2.44
1629.00 0.142999 2.44
1630.00 0.142999 2.44
1631.00 0.142999 2.44
1632.00 0.142999 2.44
1633.00 0.142999 2.44
1634.00 0.142999 2.44
1635.00 0.142999 2.44
1636.00 0.142999 2.44
1637.00 0.142999 2.44
1638.00 0.142999 2.44
1639.00 0.142999 2.44
1640.00 0.142999 2.44
1641.00 0.142999 2.44
1642.00 0.142999 2.44
1643.00 0.142999 2.44
1644.00 0.142999 2.44
1645.00 0.142999 2.44
1646.00 0.142999 2.44
1647.00 0.142999 2.44
1648.00 0.142999 2.44
1649.00 0.142999 2.44
1650.00 0.142999 2.44
1651.00 0.142999 2.44
1652.00 0.142999 2.44
1653.00 0.142999 2.44
1654.00 0.142999 2.44
1655.00 0.142999 2.44
1656.00 0.142999 2.44
1657.00 0.142999 2.44
1658.00 0.142999 2.44
1659.00 0.142999 2.44
1660.00 0.142999 2.44
1661.00 0.142999 2.44
1662.00 0.142999 2.44
1663.00 0.142999 2.44
1664.00 0.142999 2.44
1665.00 0.142999 2.44
1666.00 0.142999 2.44
1667.00 0.142999 2.44
1668.00 0.142999 2.44
1669.00 0.142999 2.44
1670.00 0.142999 2.44
1671.00 0.142999 2.44
1672.00 0.142999 2.44
1673.00 0.142999 2.44
1674.00 0.142999 2.44
1675.00 0.142999 2.44
1676.00 0.142999 2.44
1677.00 0.142999 2.44
1678.00 0.142999 2.44
1679.00 0.142999 2.44
1680.00 0.142999 2.44
1681.00 0.142999 2.44
1682.00 0.142999 2.44
1683.00 0.142999 2.44
1684.00 0.142999 2.44
1685.00 0.142999 2.44
1686.00 0.142999 2.44
1687.00 0.142999 2.44
1688.00 0.142999 2.44
1689.00 0.142999 2.44
1690.00 0.142999 2.44
1691.00 0.142999 2.44
1692.00 0.142999 2.44
1693.00 0.142999 2.44
1694.00 0.142999 2.44
1695.00 0.142999 2.44
1696.00 0.142999 2.44
1697.00 0.142999 2.44
1698.00 0.142999 2.44
1699.00 0.142999 2.44
1700.00 0.142999 2.44
1701.00 0.142999 2.44
1702.00 0.142999 2.44
1703.00 0.142999 2.44
1704.00 0.142999 2.44
1705.00 0.142999 2.44
1706.00 0.142999 2.44
1707.00 0.142999 2.44
1708.00 0.142999 2.44
1709.00 0.142999 2.44
1710.00 0.142999 2.44
1711.00 0.142999 2.44
1712.00 0.142999 2.44
1713.00 0.142999 2.44
1714.00 0.142999 2.44
1715.00 0.142999 2.44
1716.00 0.142999 2.44
1717.00 0.142999 2.44
1718.00 0.142999 2.44
1719.00 0.142999 2.44
1720.00 0.142999 2.44
1721.00 0.142999 2.44
1722.00 0.142999 2.44
1723.00 0.142999 2.44
1724.00 0.142999 2.44
1725.00 0.142999 2.44
1726.00 0.142999 2.44
1727.00 0.142999 2.44
1728.00 0.142999 2.44
1729.00 0.142999 2.44
1730.00 0.142999 2.44
1731.00 0.142999 2.44
1732.00 0.142999 2.44
1733.00 0.142999 2.44
1734.00 0.142999 2.44
1735.00 0.142999 2.44
1736.00 0.142999 2.44
1737.00 0.142999 2.44
1738.00 0.142999 2.44
1739.00 0.142999 2.44
1740.00 0.142999 2.44
1741.00 0.142999 2.44
1742.00 0.142999 2.44
1743.00 0.142999 2.44
1744.00 0.142999 2.44
1745.00 0.142999 2.44
1746.00 0.142999 2.44
1747.00 0.142999 2.44
1748.00 0.142999 2.44
1749.00 0.142999 2.44
1750.00 0.142999 2.44
1751.00 0.142999 2.44
1752.00 0.142999 2.44
1753.00 0.142999 2.44
1754.00 0.142999 2.44
1755.00 0.142999 2.44
1756.00 0.142999 2.44
1757.00 0.142999 2.44
1758.00 0.142999 2.44
1759.00 0.142999 2.44
1760.00 0.142999 2.44
1761.00 0.142999 2.44
1762.00 0.142999 2.44
1763.00 0.142999 2.44
1764.00 0.142999 2.44
1765.00 0.142999 2.44
1766.00 0.142999 2.44
1767.00 0.142999 2.44
1768.00 0.142999 2.44
1769.00 0.142999 2.44
1770.00 0.142999 2.44
1771.00 0.142999 2.44
1772.00 0.142999 2.44
1773.00 0.142999 2.44
1774.00 0.142999 2.44
1775.00 0.142999 2.44
1776.00 0.142999 2.44
1777.00 0.142999 2.44
1778.00 0.142999 2.44
1779.00 0.142999 2.44
1780.00 0.142999 2.44
1781.00 0.142999 2.44
1782.00 0.142999 2.44
1783.00 0.142999 2.44
1784.00 0.142999 2.44
1785.00 0.142999 2.44
1786.00 0.142999 2.44
1787.00 0.142999 2.44
1788.00 0.142999 2.44
1789.00 0.142999 2.44
1790.00 0.142999 2.44
1791.00 0.142999 2.44
1792.00 0.142999 2.44
1793.00 0.142999 2.44
1794.00 0.142999 2.44
1795.00 0.142999 2.44
1796.00 0.142999 2.44
1797.00 0.142999 2.44
1798.00 0.142999 2.44
1799.00 0.142999 2.44
1800.00 0.142999 2.44
1801.00 0.142999 2.44
1802.00 0.142999 2.44
1803.00 0.142999 2.44
1804.00 0.142999 2.44
1805.00 0.142999 2.44
1806.00 0.142999 2.44
1807.00 0.142999 2.44
1808.00 0.142999 2.44
1809.00 0.142999 2.44
1810.00 0.142999 2.44
1811.00 0.142999 2.44
1812.00 0.142999 2.44
1813.00 0.142999 2.44
1814.00 0.142999 2.44
1815.00 0.142999 2.44
1816.00 0.142999 2.44
1817.00 0.142999 2.44
1818.00 0.142999 2.44
1819.00 0.142999 2.44
1820.00 0.142999 2.44
1821.00 0.142999 2.44
1822.00 0.142999 2.44
1823.00 0.142999 2.44
1824.00 0.142999 2.44
1825.00 0.142999 2.44
1826.00 0.142999 2.44
1827.00 0.142999 2.44
1828.00 0.142999 2.44
1829.00 0.142999 2.44
1830.00 0.142999 2.44
1831.00 0.142999 2.44
1832.00 0.142999 2.44
1833.00 0.142999 2.44
1834.00 0.142999 2.44
1835.00 0.142999 2.44
1836.00 0.142999 2.44
1837.00 0.142999 2.44
1838.00 0.142999 2.44
1839.00 0.142999 2.44
1840.00 0.142999 2.44
1841.00 0.142999 2.44
1842.00 0.142999 2.44
1843.00 0.142999 2.44
1844.00 0.142999 2.44
1845.00 0.142999 2.44
1846.00 0.142999 2.44
1847.00 0.142999 2.44
1848.00 0.142999 2.44
1849.00 0.142999 2.44
1850.00 0.142999 2.44
1851.00 0.142999 2.44
1852.00 0.142999 2.44
1853.00 0.142999 2.44
1854.00 0.142999 2.44
1855.00 0.142999 2.44
1856.00 0.142999 2.44
1857.00 0.142999 2.44
1858.00 0.142999 2.44
1859.00 0.142999 2.44
1860.00 0.142999 2.44
1861.00 0.142999 2.44
1862.00 0.142999 2.44
1863.00 0.142999 2.44
1864.00 0.142999 2.44
1865.00 0.142999 2.44
1866.00 0.142999 2.44
1867.00 0.142999 2.44
1868.00 0.142999 2.44
1869.00 0.142999 2.44
1870.00 0.142999 2.44
1871.00 0.142999 2.44
1872.00 0.142999 2.44
1873.00 0.142999 2.44
1874.00 0.142999 2.44
1875.00 0.142999 2.44
1876.00 0.142999 2.44
1877.00 0.142999 2.44
1878.00 0.142999 2.44
1879.00 0.142999 2.44
1880.00 0.142999 2.44
1881.00 0.142999 2.44
1882.00 0.142999 2.44
1883.00 0.142999 2.44
1884.00 0.142999 2.44
1885.00 0.142999 2.44
1886.00 0.142999 2.44
1887.00 0.142999 2.44
1888.00 0.142999 2.44
1889.00 0.142999 2.44
1890.00 0.142999 2.44
1891.00 0.142999 2.44
1892.00 0.142999 2.44
1893.00 0.142999 2.44
1894.00 0.142999 2.44
1895.00 0.142999 2.44
1896.00 0.142999 2.44
1897.00 0.142999 2.44
1898.00 0.142999 2.44
1899.00 0.142999 2.44
1900.00 0.142999 2.44
1901.00 0.142999 2.44
1902.00 0.142999 2.44
1903.00 0.142999 2.44
1904.00 0.142999 2.44
1905.00 0.142999 2.44
1906.00 0.142999 2.44
1907.00 0.142999 2.44
1908.00 0.142999 2.44
1909.00 0.142999 2.44
1910.00 0.142999 2.44
1911.00 0.142999 2.44
1912.00 0.142999 2.44
1913.00 0.142999 2.44
1914.00 0.142999 2.44
1915.00 0.142999 2.44
1916.00 0.142999 2.44
1917.00 0.142999 2.44
1918.00 0.142999 2.44
1919.00 0.142999 2.44
1920.00 0.142999 2.44
1921.00 0.142999 2.44
1922.00 0.142999 2.44
1923.00 0.142999 2.44
1924.00 0.142999 2.44
1925.00 0.142999 2.44
1926.00 0.142999 2.44
1927.00 0.142999 2.44
1928.00 0.142999 2.44
1929.00 0.142999 2.44
1930.00 0.142999 2.44
1931.00 0.142999 2.44
1932.00 0.142999 2.44
1933.00 0.142999 2.44
1934.00 0.142999 2.44
1935.00 0.142999 2.44
1936.00 0.142999 2.44
1937.00 0.142999 2.44
1938.00 0.142999 2.44
1939.00 0.142999 2.44
1940.00 0.142999 2.44
1941.00 0.142999 2.44
1942.00 0.142999 2.44
1943.00 0.142999 2.44
1944.00 0.142999 2.44
1945.00 0.142999 2.44
1946.00 0.142999 2.44
1947.00 0.142999 2.44
1948.00 0.142999 2.44
1949.00 0.142999 2.44
1950.00 0.142999 2.44
1951.00 0.142999 2.44
1952.00 0.142999 2.44
1953.00 0.142999 2.44
1954.00 0.142999 2.44
1955.00 0.142999 2.44
1956.00 0.142999 2.44
1957.00 0.142999 2.44
1958.00 0.142999 2.44
1959.00 0.142999 2.44
1960.00 0.142999 2.44
1961.00 0.142999 2.44
1962.00 0.142999 2.44
1963.00 0.142999 2.44
1964.00 0.142999 2.44
1965.00 0.142999 2.44
1966.00 0.142999 2.44
1967.00 0.142999 2.44
1968.00 0.142999 2.44
1969.00 0.142999 2.44
1970.00 0.142999 2.44
1971.00 0.142999 2.44
1972.00 0.142999 2.44
1973.00 0.142999 2.44
1974.00 0.142999 2.44
1975.00 0.142999 2.44
1976.00 0.142999 2.44
1977.00 0.142999 2.44
1978.00 0.142999 2.44
1979.00 0.142999 2.44
1980.00 0.142999 2.44
1981.00 0.142999 2.44
1982.00 0.142999 2.44
1983.00 0.142999 2.44
1984.00 0.142999 2.44
1985.00 0.142999 2.44
1986.00 0.142999 2.44
1987.00 0.142999 2.44
1988.00 0.142999 2.44
1989.00 0.142999 2.44
1990.00 0.142999 2.44
1991.00 0.142999 2.44
1992.00 0.142999 2.44
1993.00 0.142999 2.44
1994.00 0.142999 2.44
1995.00 0.142999 2.44
1996.00 0.142999 2.44
1997.00 0.142999 2.44
1998.00 0.142999 2.44
1999.00 0.142999 2.44
2000.00 0.142999 2.44
