0.00 0.592208 6.03
1.00 0.590556 6.03
2.00 0.588899 6.03
3.00 0.587235 6.03
4.00 0.585565 6.03
5.00 0.583889 6.03
6.00 0.582206 6.03
7.00 0.580516 6.03
8.00 0.578820 6.03
9.00 0.577125 6.02
10.00 0.575425 6.02
11.00 0.573720 6.02
12.00 0.572009 6.02
13.00 0.570291 6.02
14.00 0.568566 6.02
15.00 0.566846 6.01
16.00 0.565122 6.01
17.00 0.563392 6.01
18.00 0.561669 6.00
19.00 0.559941 6.00
20.00 0.558207 6.00
21.00 0.556465 6.00
22.00 0.554718 5.99
23.00 0.552977 5.99
24.00 0.551229 5.99
25.00 0.549474 5.99
26.00 0.547727 5.98
27.00 0.545979 5.98
28.00 0.544224 5.98
29.00 0.542461 5.98
30.00 0.540689 5.98
31.00 0.538908 5.98
32.00 0.537117 5.98
33.00 0.535315 5.98
34.00 0.533503 5.97
35.00 0.531717 5.96
36.00 0.529929 5.96
37.00 0.528136 5.95
38.00 0.526355 5.94
39.00 0.524592 5.93
40.00 0.522834 5.93
41.00 0.521067 5.93
42.00 0.519310 5.92
43.00 0.517548 5.92
44.00 0.515778 5.92
45.00 0.513998 5.92
46.00 0.512208 5.92
47.00 0.510419 5.91
48.00 0.508658 5.89
49.00 0.506917 5.87
50.00 0.505205 5.87
51.00 0.503505 5.86
52.00 0.501802 5.86
53.00 0.500111 5.84
54.00 0.498434 5.84
55.00 0.496772 5.81
56.00 0.495156 5.80
57.00 0.493538 5.80
58.00 0.491912 5.80
59.00 0.490292 5.78
60.00 0.488713 5.76
61.00 0.487164 5.76
62.00 0.485613 5.75
63.00 0.484073 5.73
64.00 0.482550 5.73
65.00 0.481021 5.73
66.00 0.479484 5.73
67.00 0.477939 5.73
68.00 0.476386 5.73
69.00 0.474823 5.73
70.00 0.473272 5.72
71.00 0.471777 5.68
72.00 0.470320 5.68
73.00 0.468856 5.68
74.00 0.467390 5.67
75.00 0.465939 5.67
76.00 0.464484 5.66
77.00 0.463038 5.66
78.00 0.461633 5.62
79.00 0.460286 5.62
80.00 0.458934 5.62
81.00 0.457584 5.61
82.00 0.456254 5.60
83.00 0.454931 5.60
84.00 0.453603 5.59
85.00 0.452281 5.58
86.00 0.450978 5.57
87.00 0.449679 5.57
88.00 0.448374 5.56
89.00 0.447094 5.54
90.00 0.445821 5.54
91.00 0.444542 5.54
92.00 0.443290 5.52
93.00 0.442039 5.52
94.00 0.440781 5.52
95.00 0.439517 5.52
96.00 0.438296 5.49
97.00 0.437110 5.49
98.00 0.435930 5.47
99.00 0.434789 5.45
100.00 0.433651 5.45
101.00 0.432508 5.45
102.00 0.431371 5.43
103.00 0.430252 5.43
104.00 0.429151 5.41
105.00 0.428071 5.41
106.00 0.426999 5.40
107.00 0.425945 5.40
108.00 0.424900 5.39
109.00 0.423852 5.39
110.00 0.422823 5.37
111.00 0.421801 5.37
112.00 0.420776 5.37
113.00 0.419757 5.36
114.00 0.418768 5.35
115.00 0.417784 5.35
116.00 0.416814 5.33
117.00 0.415865 5.32
118.00 0.414931 5.32
119.00 0.413998 5.31
120.00 0.413067 5.30
121.00 0.412161 5.30
122.00 0.411269 5.28
123.00 0.410413 5.28
124.00 0.409555 5.28
125.00 0.408712 5.27
126.00 0.407873 5.27
127.00 0.407031 5.27
128.00 0.406184 5.27
129.00 0.405334 5.27
130.00 0.404480 5.27
131.00 0.403621 5.27
132.00 0.402757 5.27
133.00 0.401906 5.25
134.00 0.401075 5.25
135.00 0.400265 5.24
136.00 0.399461 5.23
137.00 0.398655 5.23
138.00 0.397846 5.23
139.00 0.397032 5.23
140.00 0.396213 5.23
141.00 0.395390 5.23
142.00 0.394586 5.22
143.00 0.393791 5.21
144.00 0.393001 5.21
145.00 0.392213 5.20
146.00 0.391458 5.19
147.00 0.390710 5.19
148.00 0.389991 5.17
149.00 0.389298 5.16
150.00 0.388626 5.16
151.00 0.387968 5.15
152.00 0.387314 5.15
153.00 0.386658 5.15
154.00 0.386027 5.14
155.00 0.385395 5.14
156.00 0.384761 5.14
157.00 0.384125 5.14
158.00 0.383485 5.14
159.00 0.382842 5.14
160.00 0.382195 5.14
161.00 0.381548 5.13
162.00 0.380908 5.13
163.00 0.380266 5.13
164.00 0.379647 5.12
165.00 0.379027 5.12
166.00 0.378404 5.12
167.00 0.377805 5.10
168.00 0.377234 5.08
169.00 0.376688 5.08
170.00 0.376140 5.08
171.00 0.375591 5.08
172.00 0.375055 5.07
173.00 0.374529 5.07
174.00 0.374001 5.07
175.00 0.373479 5.05
176.00 0.372999 5.05
177.00 0.372518 5.05
178.00 0.372035 5.05
179.00 0.371551 5.04
180.00 0.371078 5.03
181.00 0.370618 5.03
182.00 0.370157 5.03
183.00 0.369727 5.00
184.00 0.369323 4.99
185.00 0.368949 4.98
186.00 0.368583 4.98
187.00 0.368217 4.98
188.00 0.367852 4.98
189.00 0.367486 4.98
190.00 0.367123 4.97
191.00 0.366764 4.97
192.00 0.366405 4.97
193.00 0.366045 4.97
194.00 0.365684 4.97
195.00 0.365323 4.97
196.00 0.364982 4.95
197.00 0.364666 4.94
198.00 0.364378 4.93
199.00 0.364100 4.93
200.00 0.363824 4.93
201.00 0.363558 4.92
202.00 0.363300 4.92
203.00 0.363043 4.92
204.00 0.362786 4.92
205.00 0.362547 4.91
206.00 0.362310 4.91
207.00 0.362075 4.91
208.00 0.361840 4.91
209.00 0.361606 4.91
210.00 0.361373 4.91
211.00 0.361140 4.91
212.00 0.360907 4.91
213.00 0.360674 4.91
214.00 0.360442 4.91
215.00 0.360209 4.90
216.00 0.359998 4.89
217.00 0.359788 4.89
218.00 0.359580 4.89
219.00 0.359372 4.89
220.00 0.359171 4.88
221.00 0.358983 4.88
222.00 0.358796 4.88
223.00 0.358610 4.88
224.00 0.358424 4.88
225.00 0.358239 4.88
226.00 0.358055 4.88
227.00 0.357871 4.88
228.00 0.357687 4.88
229.00 0.357504 4.88
230.00 0.357323 4.87
231.00 0.357151 4.87
232.00 0.356980 4.87
233.00 0.356809 4.87
234.00 0.356639 4.87
235.00 0.356468 4.87
236.00 0.356298 4.87
237.00 0.356128 4.87
238.00 0.355967 4.86
239.00 0.355810 4.86
240.00 0.355653 4.86
241.00 0.355496 4.86
242.00 0.355340 4.86
243.00 0.355185 4.86
244.00 0.355029 4.86
245.00 0.354873 4.86
246.00 0.354718 4.86
247.00 0.354562 4.86
248.00 0.354407 4.86
249.00 0.354251 4.86
250.00 0.354095 4.86
251.00 0.353939 4.86
252.00 0.353783 4.86
253.00 0.353627 4.86
254.00 0.353470 4.86
255.00 0.353313 4.86
256.00 0.353156 4.86
257.00 0.352998 4.86
258.00 0.352840 4.86
259.00 0.352689 4.85
260.00 0.352544 4.85
261.00 0.352403 4.84
262.00 0.352272 4.84
263.00 0.352142 4.84
264.00 0.352013 4.84
265.00 0.351885 4.84
266.00 0.351757 4.84
267.00 0.351630 4.84
268.00 0.351502 4.84
269.00 0.351375 4.84
270.00 0.351249 4.84
271.00 0.351122 4.84
272.00 0.350996 4.84
273.00 0.350870 4.82
274.00 0.350751 4.82
275.00 0.350632 4.82
276.00 0.350514 4.82
277.00 0.350396 4.82
278.00 0.350278 4.82
279.00 0.350161 4.82
280.00 0.350043 4.82
281.00 0.349926 4.82
282.00 0.349809 4.82
283.00 0.349692 4.82
284.00 0.349575 4.82
285.00 0.349458 4.82
286.00 0.349341 4.82
287.00 0.349224 4.82
288.00 0.349107 4.82
289.00 0.348990 4.82
290.00 0.348873 4.82
291.00 0.348756 4.82
292.00 0.348638 4.82
293.00 0.348520 4.82
294.00 0.348403 4.82
295.00 0.348285 4.82
296.00 0.348166 4.82
297.00 0.348050 4.81
298.00 0.347940 4.81
299.00 0.347830 4.81
300.00 0.347720 4.81
301.00 0.347610 4.81
302.00 0.347501 4.81
303.00 0.347391 4.81
304.00 0.347281 4.81
305.00 0.347171 4.81
306.00 0.347061 4.81
307.00 0.346952 4.81
308.00 0.346841 4.81
309.00 0.346734 4.80
310.00 0.346633 4.80
311.00 0.346531 4.80
312.00 0.346430 4.80
313.00 0.346329 4.80
314.00 0.346228 4.80
315.00 0.346127 4.80
316.00 0.346026 4.80
317.00 0.345925 4.80
318.00 0.345824 4.80
319.00 0.345724 4.80
320.00 0.345623 4.80
321.00 0.345522 4.80
322.00 0.345421 4.80
323.00 0.345319 4.80
324.00 0.345218 4.80
325.00 0.345117 4.80
326.00 0.345015 4.80
327.00 0.344913 4.80
328.00 0.344811 4.80
329.00 0.344710 4.79
330.00 0.344610 4.79
331.00 0.344510 4.79
332.00 0.344410 4.79
333.00 0.344310 4.79
334.00 0.344209 4.79
335.00 0.344109 4.79
336.00 0.344008 4.79
337.00 0.343909 4.78
338.00 0.343811 4.78
339.00 0.343713 4.78
340.00 0.343615 4.78
341.00 0.343527 4.76
342.00 0.343441 4.76
343.00 0.343356 4.76
344.00 0.343271 4.76
345.00 0.343187 4.76
346.00 0.343103 4.76
347.00 0.343019 4.76
348.00 0.342935 4.76
349.00 0.342852 4.76
350.00 0.342768 4.76
351.00 0.342685 4.76
352.00 0.342602 4.76
353.00 0.342519 4.76
354.00 0.342436 4.76
355.00 0.342353 4.76
356.00 0.342270 4.76
357.00 0.342188 4.76
358.00 0.342105 4.76
359.00 0.342022 4.76
360.00 0.341940 4.76
361.00 0.341857 4.76
362.00 0.341774 4.76
363.00 0.341691 4.76
364.00 0.341609 4.76
365.00 0.341526 4.76
366.00 0.341443 4.76
367.00 0.341360 4.76
368.00 0.341277 4.76
369.00 0.341194 4.76
370.00 0.341111 4.76
371.00 0.341027 4.76
372.00 0.340944 4.76
373.00 0.340865 4.75
374.00 0.340788 4.75
375.00 0.340712 4.75
376.00 0.340635 4.75
377.00 0.340558 4.75
378.00 0.340482 4.75
379.00 0.340405 4.75
380.00 0.340329 4.75
381.00 0.340253 4.75
382.00 0.340176 4.75
383.00 0.340100 4.75
384.00 0.340023 4.75
385.00 0.339947 4.75
386.00 0.339870 4.75
387.00 0.339794 4.75
388.00 0.339717 4.75
389.00 0.339640 4.75
390.00 0.339564 4.75
391.00 0.339487 4.75
392.00 0.339410 4.75
393.00 0.339333 4.75
394.00 0.339255 4.75
395.00 0.339178 4.75
396.00 0.339100 4.75
397.00 0.339023 4.75
398.00 0.338945 4.75
399.00 0.338867 4.75
400.00 0.338789 4.75
401.00 0.338710 4.75
402.00 0.338632 4.75
403.00 0.338553 4.75
404.00 0.338474 4.75
405.00 0.338395 4.75
406.00 0.338315 4.75
407.00 0.338236 4.75
408.00 0.338156 4.75
409.00 0.338076 4.75
410.00 0.337999 4.74
411.00 0.337925 4.73
412.00 0.337855 4.73
413.00 0.337784 4.73
414.00 0.337713 4.73
415.00 0.337643 4.73
416.00 0.337572 4.73
417.00 0.337502 4.73
418.00 0.337432 4.73
419.00 0.337362 4.73
420.00 0.337291 4.73
421.00 0.337221 4.73
422.00 0.337151 4.73
423.00 0.337081 4.73
424.00 0.337010 4.73
425.00 0.336940 4.73
426.00 0.336869 4.73
427.00 0.336799 4.73
428.00 0.336728 4.73
429.00 0.336657 4.73
430.00 0.336586 4.73
431.00 0.336515 4.73
432.00 0.336444 4.73
433.00 0.336372 4.73
434.00 0.336301 4.73
435.00 0.336229 4.73
436.00 0.336157 4.73
437.00 0.336085 4.73
438.00 0.336013 4.73
439.00 0.335940 4.73
440.00 0.335868 4.73
441.00 0.335795 4.73
442.00 0.335722 4.73
443.00 0.335648 4.73
444.00 0.335575 4.73
445.00 0.335507 4.72
446.00 0.335440 4.72
447.00 0.335374 4.72
448.00 0.335312 4.71
449.00 0.335250 4.71
450.00 0.335188 4.71
451.00 0.335127 4.71
452.00 0.335065 4.71
453.00 0.335004 4.71
454.00 0.334943 4.71
455.00 0.334883 4.70
456.00 0.334830 4.70
457.00 0.334777 4.70
458.00 0.334725 4.70
459.00 0.334674 4.69
460.00 0.334624 4.69
461.00 0.334575 4.69
462.00 0.334526 4.69
463.00 0.334477 4.69
464.00 0.334429 4.69
465.00 0.334383 4.68
466.00 0.334338 4.68
467.00 0.334293 4.68
468.00 0.334249 4.68
469.00 0.334205 4.68
470.00 0.334161 4.68
471.00 0.334118 4.68
472.00 0.334074 4.68
473.00 0.334031 4.68
474.00 0.333989 4.68
475.00 0.333946 4.68
476.00 0.333904 4.68
477.00 0.333862 4.68
478.00 0.333820 4.68
479.00 0.333778 4.68
480.00 0.333736 4.68
481.00 0.333695 4.68
482.00 0.333654 4.68
483.00 0.333613 4.68
484.00 0.333572 4.68
485.00 0.333531 4.68
486.00 0.333490 4.68
487.00 0.333450 4.68
488.00 0.333410 4.68
489.00 0.333370 4.68
490.00 0.333330 4.68
491.00 0.333290 4.68
492.00 0.333250 4.68
493.00 0.333210 4.68
494.00 0.333171 4.68
495.00 0.333132 4.68
496.00 0.333092 4.68
497.00 0.333053 4.68
498.00 0.333014 4.68
499.00 0.332975 4.68
500.00 0.332936 4.68
501.00 0.332898 4.68
502.00 0.332859 4.68
503.00 0.332821 4.68
504.00 0.332782 4.68
505.00 0.332744 4.68
506.00 0.332706 4.68
507.00 0.332668 4.68
508.00 0.332630 4.68
509.00 0.332592 4.68
510.00 0.332554 4.68
511.00 0.332516 4.68
512.00 0.332478 4.68
513.00 0.332441 4.68
514.00 0.332403 4.68
515.00 0.332366 4.68
516.00 0.332328 4.68
517.00 0.332291 4.68
518.00 0.332254 4.68
519.00 0.332217 4.68
520.00 0.332180 4.68
521.00 0.332143 4.68
522.00 0.332106 4.68
523.00 0.332069 4.68
524.00 0.332032 4.68
525.00 0.331995 4.68
526.00 0.331959 4.68
527.00 0.331922 4.68
528.00 0.331886 4.68
529.00 0.331849 4.68
530.00 0.331813 4.68
531.00 0.331776 4.68
532.00 0.331740 4.68
533.00 0.331704 4.68
534.00 0.331667 4.68
535.00 0.331631 4.68
536.00 0.331595 4.68
537.00 0.331559 4.68
538.00 0.331523 4.68
539.00 0.331487 4.68
540.00 0.331451 4.68
541.00 0.331415 4.68
542.00 0.331379 4.68
543.00 0.331343 4.68
544.00 0.331308 4.68
545.00 0.331272 4.68
546.00 0.331236 4.68
547.00 0.331200 4.68
548.00 0.331165 4.68
549.00 0.331129 4.68
550.00 0.331094 4.68
551.00 0.331058 4.68
552.00 0.331022 4.68
553.00 0.330987 4.68
554.00 0.330951 4.68
555.00 0.330916 4.68
556.00 0.330881 4.68
557.00 0.330845 4.68
558.00 0.330810 4.68
559.00 0.330774 4.68
560.00 0.330739 4.68
561.00 0.330704 4.68
562.00 0.330668 4.68
563.00 0.330633 4.68
564.00 0.330598 4.68
565.00 0.330562 4.68
566.00 0.330527 4.68
567.00 0.330492 4.68
568.00 0.330456 4.68
569.00 0.330421 4.68
570.00 0.330386 4.68
571.00 0.330351 4.68
572.00 0.330315 4.68
573.00 0.330280 4.68
574.00 0.330245 4.68
575.00 0.330209 4.68
576.00 0.330174 4.68
577.00 0.330139 4.68
578.00 0.330104 4.68
579.00 0.330068 4.68
580.00 0.330033 4.68
581.00 0.329998 4.68
582.00 0.329962 4.68
583.00 0.329927 4.68
584.00 0.329892 4.68
585.00 0.329856 4.68
586.00 0.329821 4.68
587.00 0.329785 4.68
588.00 0.329750 4.68
589.00 0.329714 4.68
590.00 0.329679 4.68
591.00 0.329643 4.68
592.00 0.329608 4.68
593.00 0.329572 4.68
594.00 0.329537 4.68
595.00 0.329501 4.68
596.00 0.329465 4.68
597.00 0.329430 4.68
598.00 0.329394 4.68
599.00 0.329358 4.68
600.00 0.329322 4.68
601.00 0.329286 4.68
602.00 0.329250 4.68
603.00 0.329214 4.68
604.00 0.329178 4.68
605.00 0.329142 4.68
606.00 0.329106 4.68
607.00 0.329070 4.68
608.00 0.329034 4.68
609.00 0.328998 4.68
610.00 0.328961 4.68
611.00 0.328925 4.68
612.00 0.328888 4.68
613.00 0.328852 4.68
614.00 0.328815 4.68
615.00 0.328779 4.68
616.00 0.328742 4.68
617.00 0.328705 4.68
618.00 0.328669 4.68
619.00 0.328632 4.68
620.00 0.328595 4.68
621.00 0.328558 4.68
622.00 0.328521 4.68
623.00 0.328483 4.68
624.00 0.328446 4.68
625.00 0.328409 4.68
626.00 0.328371 4.68
627.00 0.328334 4.68
628.00 0.328296 4.68
629.00 0.328259 4.68
630.00 0.328221 4.68
631.00 0.328183 4.68
632.00 0.328145 4.68
633.00 0.328107 4.68
634.00 0.328069 4.68
635.00 0.328030 4.68
636.00 0.327992 4.68
637.00 0.327954 4.68
638.00 0.327915 4.68
639.00 0.327876 4.68
640.00 0.327838 4.68
641.00 0.327799 4.68
642.00 0.327760 4.68
643.00 0.327721 4.68
644.00 0.327682 4.68
645.00 0.327642 4.68
646.00 0.327603 4.68
647.00 0.327563 4.68
648.00 0.327523 4.68
649.00 0.327484 4.68
650.00 0.327444 4.68
651.00 0.327404 4.68
652.00 0.327363 4.68
653.00 0.327323 4.68
654.00 0.327283 4.68
655.00 0.327242 4.68
656.00 0.327201 4.68
657.00 0.327160 4.68
658.00 0.327119 4.68
659.00 0.327078 4.68
660.00 0.327037 4.68
661.00 0.326995 4.68
662.00 0.326954 4.68
663.00 0.326912 4.68
664.00 0.326870 4.68
665.00 0.326828 4.68
666.00 0.326786 4.68
667.00 0.326743 4.68
668.00 0.326703 4.67
669.00 0.326664 4.67
670.00 0.326625 4.67
671.00 0.326586 4.67
672.00 0.326547 4.67
673.00 0.326509 4.67
674.00 0.326470 4.67
675.00 0.326431 4.67
676.00 0.326392 4.67
677.00 0.326353 4.67
678.00 0.326315 4.67
679.00 0.326276 4.67
680.00 0.326237 4.67
681.00 0.326198 4.67
682.00 0.326159 4.67
683.00 0.326120 4.67
684.00 0.326084 4.66
685.00 0.326049 4.66
686.00 0.326014 4.66
687.00 0.325979 4.66
688.00 0.325945 4.66
689.00 0.325910 4.66
690.00 0.325876 4.66
691.00 0.325841 4.66
692.00 0.325807 4.66
693.00 0.325773 4.66
694.00 0.325738 4.66
695.00 0.325704 4.66
696.00 0.325670 4.66
697.00 0.325636 4.66
698.00 0.325602 4.66
699.00 0.325568 4.66
700.00 0.325534 4.66
701.00 0.325501 4.66
702.00 0.325467 4.66
703.00 0.325433 4.66
704.00 0.325399 4.66
705.00 0.325366 4.66
706.00 0.325332 4.66
707.00 0.325298 4.66
708.00 0.325265 4.66
709.00 0.325231 4.66
710.00 0.325198 4.66
711.00 0.325164 4.66
712.00 0.325130 4.66
713.00 0.325097 4.66
714.00 0.325063 4.66
715.00 0.325032 4.65
716.00 0.325003 4.65
717.00 0.324974 4.65
718.00 0.324946 4.65
719.00 0.324917 4.65
720.00 0.324889 4.65
721.00 0.324861 4.64
722.00 0.324833 4.64
723.00 0.324806 4.64
724.00 0.324779 4.64
725.00 0.324753 4.64
726.00 0.324726 4.64
727.00 0.324699 4.64
728.00 0.324673 4.64
729.00 0.324647 4.64
730.00 0.324620 4.64
731.00 0.324594 4.64
732.00 0.324568 4.64
733.00 0.324542 4.64
734.00 0.324516 4.64
735.00 0.324490 4.64
736.00 0.324464 4.64
737.00 0.324439 4.64
738.00 0.324413 4.64
739.00 0.324387 4.64
740.00 0.324362 4.64
741.00 0.324336 4.64
742.00 0.324311 4.64
743.00 0.324285 4.64
744.00 0.324260 4.64
745.00 0.324235 4.64
746.00 0.324210 4.64
747.00 0.324184 4.64
748.00 0.324159 4.64
749.00 0.324134 4.64
750.00 0.324109 4.64
751.00 0.324084 4.64
752.00 0.324059 4.64
753.00 0.324034 4.64
754.00 0.324009 4.64
755.00 0.323984 4.64
756.00 0.323960 4.64
757.00 0.323935 4.64
758.00 0.323910 4.64
759.00 0.323885 4.64
760.00 0.323861 4.64
761.00 0.323836 4.64
762.00 0.323811 4.64
763.00 0.323787 4.64
764.00 0.323762 4.64
765.00 0.323738 4.64
766.00 0.323714 4.64
767.00 0.323689 4.64
768.00 0.323665 4.64
769.00 0.323640 4.64
770.00 0.323616 4.64
771.00 0.323592 4.64
772.00 0.323568 4.64
773.00 0.323543 4.64
774.00 0.323519 4.64
775.00 0.323495 4.64
776.00 0.323471 4.64
777.00 0.323447 4.64
778.00 0.323423 4.64
779.00 0.323399 4.64
780.00 0.323375 4.64
781.00 0.323351 4.64
782.00 0.323327 4.64
783.00 0.323303 4.64
784.00 0.323279 4.64
785.00 0.323255 4.64
786.00 0.323231 4.64
787.00 0.323207 4.64
788.00 0.323183 4.64
789.00 0.323160 4.64
790.00 0.323136 4.64
791.00 0.323112 4.64
792.00 0.323088 4.64
793.00 0.323065 4.64
794.00 0.323041 4.64
795.00 0.323017 4.64
796.00 0.322994 4.64
797.00 0.322970 4.64
798.00 0.322946 4.64
799.00 0.322923 4.64
800.00 0.322899 4.64
801.00 0.322876 4.64
802.00 0.322852 4.64
803.00 0.322829 4.64
804.00 0.322805 4.64
805.00 0.322782 4.64
806.00 0.322758 4.64
807.00 0.322735 4.64
808.00 0.322712 4.64
809.00 0.322689 4.63
810.00 0.322666 4.63
811.00 0.322643 4.63
812.00 0.322620 4.63
813.00 0.322598 4.63
814.00 0.322575 4.63
815.00 0.322553 4.63
816.00 0.322530 4.63
817.00 0.322507 4.63
818.00 0.322485 4.63
819.00 0.322463 4.63
820.00 0.322440 4.63
821.00 0.322418 4.63
822.00 0.322395 4.63
823.00 0.322373 4.63
824.00 0.322351 4.63
825.00 0.322329 4.63
826.00 0.322306 4.63
827.00 0.322284 4.63
828.00 0.322262 4.63
829.00 0.322240 4.63
830.00 0.322218 4.63
831.00 0.322196 4.63
832.00 0.322174 4.63
833.00 0.322152 4.63
834.00 0.322130 4.63
835.00 0.322108 4.63
836.00 0.322086 4.63
837.00 0.322064 4.63
838.00 0.322042 4.63
839.00 0.322020 4.63
840.00 0.321998 4.63
841.00 0.321977 4.63
842.00 0.321955 4.63
843.00 0.321933 4.63
844.00 0.321911 4.63
845.00 0.321889 4.63
846.00 0.321868 4.63
847.00 0.321846 4.63
848.00 0.321824 4.63
849.00 0.321803 4.63
850.00 0.321781 4.63
851.00 0.321759 4.63
852.00 0.321738 4.63
853.00 0.321716 4.63
854.00 0.321695 4.63
855.00 0.321673 4.63
856.00 0.321652 4.63
857.00 0.321630 4.63
858.00 0.321609 4.63
859.00 0.321587 4.63
860.00 0.321566 4.63
861.00 0.321544 4.63
862.00 0.321523 4.63
863.00 0.321501 4.63
864.00 0.321480 4.63
865.00 0.321459 4.63
866.00 0.321437 4.63
867.00 0.321416 4.63
868.00 0.321395 4.63
869.00 0.321373 4.63
870.00 0.321352 4.63
871.00 0.321331 4.63
872.00 0.321309 4.63
873.00 0.321288 4.63
874.00 0.321267 4.63
875.00 0.321246 4.63
876.00 0.321224 4.63
877.00 0.321203 4.63
878.00 0.321182 4.63
879.00 0.321161 4.63
880.00 0.321139 4.63
881.00 0.321118 4.63
882.00 0.321097 4.63
883.00 0.321076 4.63
884.00 0.321055 4.63
885.00 0.321034 4.63
886.00 0.321012 4.63
887.00 0.320991 4.63
888.00 0.320970 4.63
889.00 0.320949 4.63
890.00 0.320928 4.63
891.00 0.320907 4.63
892.00 0.320886 4.63
893.00 0.320865 4.63
894.00 0.320843 4.63
895.00 0.320822 4.63
896.00 0.320801 4.63
897.00 0.320780 4.63
898.00 0.320759 4.63
899.00 0.320738 4.63
900.00 0.320717 4.63
901.00 0.320696 4.63
902.00 0.320675 4.63
903.00 0.320654 4.63
904.00 0.320633 4.63
905.00 0.320612 4.63
906.00 0.320591 4.63
907.00 0.320569 4.63
908.00 0.320548 4.63
909.00 0.320527 4.63
910.00 0.320506 4.63
911.00 0.320485 4.63
912.00 0.320464 4.63
913.00 0.320443 4.63
914.00 0.320422 4.63
915.00 0.320401 4.63
916.00 0.320380 4.63
917.00 0.320359 4.63
918.00 0.320338 4.63
919.00 0.320317 4.63
920.00 0.320296 4.63
921.00 0.320275 4.63
922.00 0.320253 4.63
923.00 0.320232 4.63
924.00 0.320211 4.63
925.00 0.320190 4.63
926.00 0.320169 4.63
927.00 0.320148 4.63
928.00 0.320127 4.63
929.00 0.320106 4.63
930.00 0.320085 4.63
931.00 0.320063 4.63
932.00 0.320042 4.63
933.00 0.320021 4.63
934.00 0.320000 4.63
935.00 0.319979 4.63
936.00 0.319958 4.63
937.00 0.319936 4.63
938.00 0.319915 4.63
939.00 0.319894 4.63
940.00 0.319873 4.63
941.00 0.319852 4.63
942.00 0.319830 4.63
943.00 0.319809 4.63
944.00 0.319788 4.63
945.00 0.319767 4.63
946.00 0.319745 4.63
947.00 0.319724 4.63
948.00 0.319703 4.63
949.00 0.319681 4.63
950.00 0.319660 4.63
951.00 0.319639 4.63
952.00 0.319617 4.63
953.00 0.319596 4.63
954.00 0.319575 4.63
955.00 0.319553 4.63
956.00 0.319532 4.63
957.00 0.319510 4.63
958.00 0.319489 4.63
959.00 0.319467 4.63
960.00 0.319446 4.63
961.00 0.319424 4.63
962.00 0.319403 4.63
963.00 0.319381 4.63
964.00 0.319360 4.63
965.00 0.319338 4.63
966.00 0.319317 4.63
967.00 0.319295 4.63
968.00 0.319273 4.63
969.00 0.319252 4.63
970.00 0.319230 4.63
971.00 0.319208 4.63
972.00 0.319186 4.63
973.00 0.319165 4.63
974.00 0.319143 4.63
975.00 0.319121 4.63
976.00 0.319099 4.63
977.00 0.319077 4.63
978.00 0.319055 4.63
979.00 0.319034 4.63
980.00 0.319012 4.63
981.00 0.318990 4.63
982.00 0.318968 4.63
983.00 0.318946 4.63
984.00 0.318923 4.63
985.00 0.318901 4.63
986.00 0.318879 4.63
987.00 0.318857 4.63
988.00 0.318835 4.63
989.00 0.318813 4.63
990.00 0.318790 4.63
991.00 0.318768 4.63
992.00 0.318746 4.63
993.00 0.318724 4.63
994.00 0.318701 4.63
995.00 0.318679 4.63
996.00 0.318656 4.63
997.00 0.318634 4.63
998.00 0.318611 4.63
999.00 0.318589 4.63
1000.00 0.318566 4.63
1001.00 0.318543 4.63
1002.00 0.318521 4.63
1003.00 0.318498 4.63
1004.00 0.318475 4.63
1005.00 0.318452 4.63
1006.00 0.318430 4.63
1007.00 0.318407 4.63
1008.00 0.318384 4.63
1009.00 0.318361 4.63
1010.00 0.318338 4.63
1011.00 0.318315 4.63
1012.00 0.318292 4.63
1013.00 0.318269 4.63
1014.00 0.318245 4.63
1015.00 0.318222 4.63
1016.00 0.318199 4.63
1017.00 0.318176 4.63
1018.00 0.318152 4.63
1019.00 0.318129 4.63
1020.00 0.318105 4.63
1021.00 0.318082 4.63
1022.00 0.318058 4.63
1023.00 0.318035 4.63
1024.00 0.318011 4.63
1025.00 0.317987 4.63
1026.00 0.317963 4.63
1027.00 0.317939 4.63
1028.00 0.317916 4.63
1029.00 0.317892 4.63
1030.00 0.317868 4.63
1031.00 0.317844 4.63
1032.00 0.317819 4.63
1033.00 0.317795 4.63
1034.00 0.317771 4.63
1035.00 0.317747 4.63
1036.00 0.317722 4.63
1037.00 0.317698 4.63
1038.00 0.317673 4.63
1039.00 0.317649 4.63
1040.00 0.317624 4.63
1041.00 0.317599 4.63
1042.00 0.317575 4.63
1043.00 0.317550 4.63
1044.00 0.317525 4.63
1045.00 0.317500 4.63
1046.00 0.317475 4.63
1047.00 0.317450 4.63
1048.00 0.317425 4.63
1049.00 0.317399 4.63
1050.00 0.317374 4.63
1051.00 0.317350 4.62
1052.00 0.317325 4.62
1053.00 0.317301 4.62
1054.00 0.317276 4.62
1055.00 0.317252 4.62
1056.00 0.317227 4.62
1057.00 0.317203 4.62
1058.00 0.317178 4.62
1059.00 0.317153 4.62
1060.00 0.317129 4.62
1061.00 0.317104 4.62
1062.00 0.317079 4.62
1063.00 0.317054 4.62
1064.00 0.317029 4.62
1065.00 0.317004 4.62
1066.00 0.316979 4.62
1067.00 0.316954 4.62
1068.00 0.316929 4.62
1069.00 0.316903 4.62
1070.00 0.316878 4.62
1071.00 0.316853 4.62
1072.00 0.316827 4.62
1073.00 0.316801 4.62
1074.00 0.316776 4.62
1075.00 0.316750 4.62
1076.00 0.316724 4.62
1077.00 0.316698 4.62
1078.00 0.316672 4.62
1079.00 0.316646 4.62
1080.00 0.316619 4.62
1081.00 0.316593 4.62
1082.00 0.316567 4.62
1083.00 0.316540 4.62
1084.00 0.316513 4.62
1085.00 0.316487 4.62
1086.00 0.316460 4.62
1087.00 0.316433 4.62
1088.00 0.316406 4.62
1089.00 0.316379 4.62
1090.00 0.316352 4.62
1091.00 0.316324 4.62
1092.00 0.316297 4.62
1093.00 0.316269 4.62
1094.00 0.316242 4.62
1095.00 0.316214 4.62
1096.00 0.316186 4.62
1097.00 0.316158 4.62
1098.00 0.316131 4.61
1099.00 0.316106 4.61
1100.00 0.316080 4.61
1101.00 0.316054 4.61
1102.00 0.316028 4.61
1103.00 0.316002 4.61
1104.00 0.315976 4.61
1105.00 0.315951 4.61
1106.00 0.315925 4.61
1107.00 0.315899 4.61
1108.00 0.315873 4.61
1109.00 0.315847 4.61
1110.00 0.315820 4.61
1111.00 0.315794 4.61
1112.00 0.315768 4.61
1113.00 0.315742 4.61
1114.00 0.315715 4.61
1115.00 0.315689 4.61
1116.00 0.315663 4.61
1117.00 0.315636 4.61
1118.00 0.315609 4.61
1119.00 0.315583 4.61
1120.00 0.315556 4.61
1121.00 0.315529 4.61
1122.00 0.315502 4.61
1123.00 0.315475 4.61
1124.00 0.315448 4.61
1125.00 0.315421 4.61
1126.00 0.315394 4.61
1127.00 0.315367 4.61
1128.00 0.315339 4.61
1129.00 0.315312 4.61
1130.00 0.315284 4.61
1131.00 0.315257 4.61
1132.00 0.315229 4.61
1133.00 0.315202 4.60
1134.00 0.315177 4.60
1135.00 0.315152 4.60
1136.00 0.315127 4.60
1137.00 0.315102 4.60
1138.00 0.315077 4.60
1139.00 0.315052 4.60
1140.00 0.315028 4.60
1141.00 0.315003 4.60
1142.00 0.314978 4.60
1143.00 0.314953 4.60
1144.00 0.314928 4.60
1145.00 0.314903 4.60
1146.00 0.314878 4.60
1147.00 0.314854 4.60
1148.00 0.314829 4.60
1149.00 0.314804 4.60
1150.00 0.314779 4.60
1151.00 0.314754 4.60
1152.00 0.314729 4.60
1153.00 0.314704 4.60
1154.00 0.314681 4.59
1155.00 0.314659 4.59
1156.00 0.314638 4.59
1157.00 0.314617 4.59
1158.00 0.314595 4.59
1159.00 0.314574 4.59
1160.00 0.314553 4.59
1161.00 0.314532 4.59
1162.00 0.314512 4.59
1163.00 0.314491 4.59
1164.00 0.314470 4.59
1165.00 0.314450 4.59
1166.00 0.314429 4.59
1167.00 0.314408 4.59
1168.00 0.314388 4.59
1169.00 0.314368 4.59
1170.00 0.314347 4.59
1171.00 0.314327 4.58
1172.00 0.314307 4.58
1173.00 0.314287 4.58
1174.00 0.314267 4.58
1175.00 0.314248 4.58
1176.00 0.314228 4.58
1177.00 0.314208 4.58
1178.00 0.314189 4.58
1179.00 0.314169 4.58
1180.00 0.314150 4.58
1181.00 0.314130 4.58
1182.00 0.314111 4.58
1183.00 0.314091 4.58
1184.00 0.314072 4.58
1185.00 0.314052 4.58
1186.00 0.314033 4.58
1187.00 0.314014 4.58
1188.00 0.313994 4.58
1189.00 0.313975 4.58
1190.00 0.313956 4.58
1191.00 0.313937 4.58
1192.00 0.313917 4.58
1193.00 0.313898 4.58
1194.00 0.313879 4.58
1195.00 0.313860 4.58
1196.00 0.313841 4.58
1197.00 0.313822 4.58
1198.00 0.313803 4.58
1199.00 0.313784 4.58
1200.00 0.313765 4.58
1201.00 0.313746 4.58
1202.00 0.313727 4.58
1203.00 0.313708 4.58
1204.00 0.313689 4.58
1205.00 0.313670 4.58
1206.00 0.313651 4.58
1207.00 0.313632 4.58
1208.00 0.313614 4.58
1209.00 0.313595 4.57
1210.00 0.313579 4.57
1211.00 0.313563 4.57
1212.00 0.313547 4.57
1213.00 0.313531 4.57
1214.00 0.313516 4.57
1215.00 0.313500 4.57
1216.00 0.313484 4.57
1217.00 0.313469 4.57
1218.00 0.313454 4.57
1219.00 0.313438 4.57
1220.00 0.313423 4.57
1221.00 0.313408 4.57
1222.00 0.313393 4.57
1223.00 0.313378 4.57
1224.00 0.313363 4.57
1225.00 0.313348 4.57
1226.00 0.313333 4.57
1227.00 0.313318 4.57
1228.00 0.313303 4.57
1229.00 0.313288 4.57
1230.00 0.313274 4.57
1231.00 0.313259 4.57
1232.00 0.313244 4.57
1233.00 0.313230 4.57
1234.00 0.313215 4.57
1235.00 0.313201 4.57
1236.00 0.313186 4.57
1237.00 0.313172 4.57
1238.00 0.313157 4.57
1239.00 0.313143 4.57
1240.00 0.313128 4.57
1241.00 0.313114 4.57
1242.00 0.313100 4.57
1243.00 0.313086 4.57
1244.00 0.313071 4.57
1245.00 0.313057 4.57
1246.00 0.313043 4.57
1247.00 0.313029 4.57
1248.00 0.313015 4.57
1249.00 0.313001 4.57
1250.00 0.312987 4.57
1251.00 0.312973 4.57
1252.00 0.312959 4.57
1253.00 0.312945 4.57
1254.00 0.312931 4.57
1255.00 0.312917 4.57
1256.00 0.312903 4.57
1257.00 0.312889 4.57
1258.00 0.312876 4.57
1259.00 0.312862 4.57
1260.00 0.312848 4.57
1261.00 0.312834 4.57
1262.00 0.312821 4.57
1263.00 0.312807 4.57
1264.00 0.312793 4.57
1265.00 0.312780 4.57
1266.00 0.312766 4.57
1267.00 0.312752 4.57
1268.00 0.312739 4.57
1269.00 0.312725 4.57
1270.00 0.312712 4.57
1271.00 0.312698 4.57
1272.00 0.312685 4.57
1273.00 0.312672 4.57
1274.00 0.312658 4.57
1275.00 0.312645 4.57
1276.00 0.312631 4.57
1277.00 0.312618 4.57
1278.00 0.312605 4.57
1279.00 0.312591 4.57
1280.00 0.312578 4.57
1281.00 0.312565 4.57
1282.00 0.312552 4.57
1283.00 0.312539 4.57
1284.00 0.312525 4.57
1285.00 0.312512 4.57
1286.00 0.312499 4.57
1287.00 0.312486 4.57
1288.00 0.312473 4.57
1289.00 0.312460 4.57
1290.00 0.312447 4.57
1291.00 0.312434 4.57
1292.00 0.312421 4.57
1293.00 0.312408 4.57
1294.00 0.312395 4.57
1295.00 0.312382 4.57
1296.00 0.312369 4.57
1297.00 0.312356 4.57
1298.00 0.312343 4.57
1299.00 0.312330 4.57
1300.00 0.312317 4.57
1301.00 0.312304 4.57
1302.00 0.312291 4.57
1303.00 0.312279 4.57
1304.00 0.312266 4.57
1305.00 0.312253 4.57
1306.00 0.312240 4.57
1307.00 0.312228 4.57
1308.00 0.312215 4.57
1309.00 0.312202 4.57
1310.00 0.312189 4.57
1311.00 0.312177 4.57
1312.00 0.312164 4.57
1313.00 0.312151 4.57
1314.00 0.312139 4.57
1315.00 0.312126 4.57
1316.00 0.312114 4.57
1317.00 0.312101 4.57
1318.00 0.312088 4.57
1319.00 0.312076 4.57
1320.00 0.312063 4.57
1321.00 0.312051 4.57
1322.00 0.312038 4.57
1323.00 0.312026 4.57
1324.00 0.312013 4.57
1325.00 0.312001 4.57
1326.00 0.311989 4.57
1327.00 0.311976 4.57
1328.00 0.311964 4.57
1329.00 0.311951 4.57
1330.00 0.311939 4.57
1331.00 0.311927 4.57
1332.00 0.311914 4.57
1333.00 0.311902 4.57
1334.00 0.311890 4.57
1335.00 0.311877 4.57
1336.00 0.311865 4.57
1337.00 0.311853 4.57
1338.00 0.311840 4.57
1339.00 0.311828 4.57
1340.00 0.311816 4.57
1341.00 0.311804 4.57
1342.00 0.311791 4.57
1343.00 0.311779 4.57
1344.00 0.311767 4.57
1345.00 0.311755 4.57
1346.00 0.311743 4.57
1347.00 0.311730 4.57
1348.00 0.311718 4.57
1349.00 0.311706 4.57
1350.00 0.311694 4.57
1351.00 0.311682 4.57
1352.00 0.311670 4.57
1353.00 0.311658 4.57
1354.00 0.311646 4.57
1355.00 0.311634 4.57
1356.00 0.311622 4.57
1357.00 0.311610 4.57
1358.00 0.311598 4.57
1359.00 0.311585 4.57
1360.00 0.311573 4.57
1361.00 0.311561 4.57
1362.00 0.311549 4.57
1363.00 0.311538 4.57
1364.00 0.311526 4.57
1365.00 0.311514 4.57
1366.00 0.311502 4.57
1367.00 0.311490 4.57
1368.00 0.311478 4.57
1369.00 0.311466 4.57
1370.00 0.311454 4.57
1371.00 0.311442 4.57
1372.00 0.311430 4.57
1373.00 0.311418 4.57
1374.00 0.311406 4.57
1375.00 0.311395 4.57
1376.00 0.311383 4.57
1377.00 0.311371 4.57
1378.00 0.311359 4.57
1379.00 0.311347 4.57
1380.00 0.311335 4.57
1381.00 0.311324 4.57
1382.00 0.311312 4.57
1383.00 0.311300 4.57
1384.00 0.311288 4.57
1385.00 0.311276 4.57
1386.00 0.311265 4.57
1387.00 0.311253 4.57
1388.00 0.311241 4.57
1389.00 0.311229 4.57
1390.00 0.311218 4.57
1391.00 0.311206 4.57
1392.00 0.311194 4.57
1393.00 0.311183 4.57
1394.00 0.311171 4.57
1395.00 0.311159 4.57
1396.00 0.311147 4.57
1397.00 0.311136 4.57
1398.00 0.311124 4.57
1399.00 0.311112 4.57
1400.00 0.311101 4.57
1401.00 0.311089 4.57
1402.00 0.311077 4.57
1403.00 0.311066 4.57
1404.00 0.311054 4.57
1405.00 0.311043 4.57
1406.00 0.311031 4.57
1407.00 0.311019 4.57
1408.00 0.311008 4.57
1409.00 0.310996 4.57
1410.00 0.310985 4.57
1411.00 0.310973 4.57
1412.00 0.310961 4.57
1413.00 0.310950 4.57
1414.00 0.310938 4.57
1415.00 0.310927 4.57
1416.00 0.310915 4.57
1417.00 0.310903 4.57
1418.00 0.310892 4.57
1419.00 0.310880 4.57
1420.00 0.310869 4.57
1421.00 0.310857 4.57
1422.00 0.310846 4.57
1423.00 0.310834 4.57
1424.00 0.310823 4.57
1425.00 0.310811 4.57
1426.00 0.310800 4.57
1427.00 0.310788 4.57
1428.00 0.310777 4.57
1429.00 0.310765 4.57
1430.00 0.310754 4.57
1431.00 0.310742 4.57
1432.00 0.310731 4.57
1433.00 0.310719 4.57
1434.00 0.310708 4.57
1435.00 0.310696 4.57
1436.00 0.310685 4.57
1437.00 0.310673 4.57
1438.00 0.310662 4.57
1439.00 0.310650 4.57
1440.00 0.310639 4.57
1441.00 0.310627 4.57
1442.00 0.310616 4.57
1443.00 0.310604 4.57
1444.00 0.310593 4.57
1445.00 0.310581 4.57
1446.00 0.310570 4.57
1447.00 0.310559 4.57
1448.00 0.310547 4.57
1449.00 0.310536 4.57
1450.00 0.310524 4.57
1451.00 0.310513 4.57
1452.00 0.310501 4.57
1453.00 0.310490 4.57
1454.00 0.310478 4.57
1455.00 0.310467 4.57
1456.00 0.310456 4.57
1457.00 0.310444 4.57
1458.00 0.310433 4.57
1459.00 0.310421 4.57
1460.00 0.310410 4.57
1461.00 0.310398 4.57
1462.00 0.310387 4.57
1463.00 0.310376 4.57
1464.00 0.310364 4.57
1465.00 0.310353 4.57
1466.00 0.310341 4.57
1467.00 0.310330 4.57
1468.00 0.310318 4.57
1469.00 0.310307 4.57
1470.00 0.310296 4.57
1471.00 0.310284 4.57
1472.00 0.310273 4.57
1473.00 0.310261 4.57
1474.00 0.310250 4.57
1475.00 0.310238 4.57
1476.00 0.310227 4.57
1477.00 0.310216 4.57
1478.00 0.310204 4.57
1479.00 0.310193 4.57
1480.00 0.310181 4.57
1481.00 0.310170 4.57
1482.00 0.310158 4.57
1483.00 0.310147 4.57
1484.00 0.310135 4.57
1485.00 0.310124 4.57
1486.00 0.310113 4.57
1487.00 0.310101 4.57
1488.00 0.310090 4.57
1489.00 0.310078 4.57
1490.00 0.310067 4.57
1491.00 0.310055 4.57
1492.00 0.310044 4.57
1493.00 0.310032 4.57
1494.00 0.310021 4.57
1495.00 0.310010 4.57
1496.00 0.309998 4.57
1497.00 0.309987 4.57
1498.00 0.309975 4.57
1499.00 0.309964 4.57
1500.00 0.309952 4.57
1501.00 0.309941 4.57
1502.00 0.309929 4.57
1503.00 0.309918 4.57
1504.00 0.309906 4.57
1505.00 0.309895 4.57
1506.00 0.309883 4.57
1507.00 0.309872 4.57
1508.00 0.309860 4.57
1509.00 0.309849 4.57
1510.00 0.309837 4.57
1511.00 0.309826 4.57
1512.00 0.309814 4.57
1513.00 0.309803 4.57
1514.00 0.309791 4.57
1515.00 0.309780 4.57
1516.00 0.309768 4.57
1517.00 0.309757 4.57
1518.00 0.309745 4.57
1519.00 0.309734 4.57
1520.00 0.309722 4.57
1521.00 0.309710 4.57
1522.00 0.309699 4.57
1523.00 0.309687 4.57
1524.00 0.309676 4.57
1525.00 0.309664 4.57
1526.00 0.309653 4.57
1527.00 0.309641 4.57
1528.00 0.309629 4.57
1529.00 0.309618 4.57
1530.00 0.309606 4.57
1531.00 0.309595 4.57
1532.00 0.309583 4.57
1533.00 0.309571 4.57
1534.00 0.309560 4.57
1535.00 0.309548 4.57
1536.00 0.309536 4.57
1537.00 0.309525 4.57
1538.00 0.309513 4.57
1539.00 0.309501 4.57
1540.00 0.309490 4.57
1541.00 0.309478 4.57
1542.00 0.309466 4.57
1543.00 0.309455 4.57
1544.00 0.309443 4.57
1545.00 0.309431 4.57
1546.00 0.309419 4.57
1547.00 0.309408 4.57
1548.00 0.309396 4.57
1549.00 0.309384 4.57
1550.00 0.309372 4.57
1551.00 0.309361 4.57
1552.00 0.309349 4.57
1553.00 0.309337 4.57
1554.00 0.309325 4.57
1555.00 0.309314 4.57
1556.00 0.309302 4.57
1557.00 0.309290 4.57
1558.00 0.309278 4.57
1559.00 0.309266 4.57
1560.00 0.309254 4.57
1561.00 0.309243 4.57
1562.00 0.309231 4.57
1563.00 0.309219 4.57
1564.00 0.309207 4.57
1565.00 0.309195 4.57
1566.00 0.309183 4.57
1567.00 0.309171 4.57
1568.00 0.309159 4.57
1569.00 0.309147 4.57
1570.00 0.309135 4.57
1571.00 0.309123 4.57
1572.00 0.309111 4.57
1573.00 0.309099 4.57
1574.00 0.309087 4.57
1575.00 0.309075 4.57
1576.00 0.309063 4.57
1577.00 0.309051 4.57
1578.00 0.309039 4.57
1579.00 0.309027 4.57
1580.00 0.309015 4.57
1581.00 0.309003 4.57
1582.00 0.308991 4.57
1583.00 0.308979 4.57
1584.00 0.308967 4.57
1585.00 0.308955 4.57
1586.00 0.308943 4.57
1587.00 0.308930 4.57
1588.00 0.308918 4.57
1589.00 0.308906 4.57
1590.00 0.308894 4.57
1591.00 0.308882 4.57
1592.00 0.308870 4.57
1593.00 0.308857 4.57
1594.00 0.308845 4.57
1595.00 0.308833 4.57
1596.00 0.308820 4.57
1597.00 0.308808 4.57
1598.00 0.308796 4.57
1599.00 0.308784 4.57
1600.00 0.308771 4.57
1601.00 0.308759 4.57
1602.00 0.308747 4.57
1603.00 0.308734 4.57
1604.00 0.308722 4.57
1605.00 0.308709 4.57
1606.00 0.308697 4.57
1607.00 0.308684 4.57
1608.00 0.308672 4.57
1609.00 0.308660 4.57
1610.00 0.308647 4.57
1611.00 0.308635 4.57
1612.00 0.308622 4.57
1613.00 0.308610 4.57
1614.00 0.308597 4.57
1615.00 0.308584 4.57
1616.00 0.308572 4.57
1617.00 0.308559 4.57
1618.00 0.308547 4.57
1619.00 0.308534 4.57
1620.00 0.308521 4.57
1621.00 0.308509 4.57
1622.00 0.308496 4.57
1623.00 0.308483 4.57
1624.00 0.308470 4.57
1625.00 0.308458 4.57
1626.00 0.308445 4.57
1627.00 0.308432 4.57
1628.00 0.308419 4.57
1629.00 0.308407 4.57
1630.00 0.308394 4.57
1631.00 0.308381 4.57
1632.00 0.308368 4.57
1633.00 0.308355 4.57
1634.00 0.308342 4.57
1635.00 0.308329 4.57
1636.00 0.308316 4.57
1637.00 0.308303 4.57
1638.00 0.308290 4.57
1639.00 0.308277 4.57
1640.00 0.308264 4.57
1641.00 0.308251 4.57
1642.00 0.308238 4.57
1643.00 0.308225 4.57
1644.00 0.308212 4.57
1645.00 0.308199 4.57
1646.00 0.308185 4.57
1647.00 0.308172 4.57
1648.00 0.308159 4.57
1649.00 0.308146 4.57
1650.00 0.308133 4.57
1651.00 0.308119 4.57
1652.00 0.308106 4.57
1653.00 0.308093 4.57
1654.00 0.308079 4.57
1655.00 0.308066 4.57
1656.00 0.308052 4.57
1657.00 0.308039 4.57
1658.00 0.308026 4.57
1659.00 0.308012 4.57
1660.00 0.307999 4.57
1661.00 0.307985 4.57
1662.00 0.307972 4.57
1663.00 0.307958 4.57
1664.00 0.307944 4.57
1665.00 0.307931 4.57
1666.00 0.307917 4.57
1667.00 0.307903 4.57
1668.00 0.307890 4.57
1669.00 0.307876 4.57
1670.00 0.307862 4.57
1671.00 0.307848 4.57
1672.00 0.307835 4.57
1673.00 0.307821 4.57
1674.00 0.307807 4.57
1675.00 0.307793 4.57
1676.00 0.307779 4.57
1677.00 0.307765 4.57
1678.00 0.307751 4.57
1679.00 0.307737 4.57
1680.00 0.307723 4.57
1681.00 0.307709 4.57
1682.00 0.307695 4.57
1683.00 0.307681 4.57
1684.00 0.307667 4.57
1685.00 0.307653 4.57
1686.00 0.307638 4.57
1687.00 0.307624 4.57
1688.00 0.307610 4.57
1689.00 0.307596 4.57
1690.00 0.307581 4.57
1691.00 0.307567 4.57
1692.00 0.307553 4.57
1693.00 0.307538 4.57
1694.00 0.307524 4.57
1695.00 0.307509 4.57
1696.00 0.307495 4.57
1697.00 0.307480 4.57
1698.00 0.307466 4.57
1699.00 0.307451 4.57
1700.00 0.307436 4.57
1701.00 0.307422 4.57
1702.00 0.307407 4.57
1703.00 0.307392 4.57
1704.00 0.307377 4.57
1705.00 0.307363 4.57
1706.00 0.307348 4.57
1707.00 0.307333 4.57
1708.00 0.307318 4.57
1709.00 0.307303 4.57
1710.00 0.307288 4.57
1711.00 0.307273 4.57
1712.00 0.307258 4.57
1713.00 0.307243 4.57
1714.00 0.307228 4.57
1715.00 0.307212 4.57
1716.00 0.307197 4.57
1717.00 0.307182 4.57
1718.00 0.307167 4.57
1719.00 0.307151 4.57
1720.00 0.307136 4.57
1721.00 0.307121 4.57
1722.00 0.307105 4.57
1723.00 0.307090 4.57
1724.00 0.307074 4.57
1725.00 0.307059 4.57
1726.00 0.307043 4.57
1727.00 0.307027 4.57
1728.00 0.307012 4.57
1729.00 0.306996 4.57
1730.00 0.306980 4.57
1731.00 0.306964 4.57
1732.00 0.306949 4.57
1733.00 0.306933 4.57
1734.00 0.306917 4.57
1735.00 0.306901 4.57
1736.00 0.306885 4.57
1737.00 0.306869 4.57
1738.00 0.306853 4.57
1739.00 0.306836 4.57
1740.00 0.306820 4.57
1741.00 0.306804 4.57
1742.00 0.306788 4.57
1743.00 0.306771 4.57
1744.00 0.306755 4.57
1745.00 0.306739 4.57
1746.00 0.306722 4.57
1747.00 0.306706 4.57
1748.00 0.306689 4.57
1749.00 0.306672 4.57
1750.00 0.306656 4.57
1751.00 0.306639 4.57
1752.00 0.306622 4.57
1753.00 0.306606 4.56
1754.00 0.306590 4.56
1755.00 0.306575 4.56
1756.00 0.306559 4.56
1757.00 0.306544 4.56
1758.00 0.306528 4.56
1759.00 0.306512 4.56
1760.00 0.306497 4.56
1761.00 0.306481 4.56
1762.00 0.306466 4.56
1763.00 0.306450 4.56
1764.00 0.306434 4.56
1765.00 0.306419 4.56
1766.00 0.306403 4.56
1767.00 0.306388 4.56
1768.00 0.306372 4.56
1769.00 0.306356 4.56
1770.00 0.306340 4.56
1771.00 0.306325 4.56
1772.00 0.306309 4.56
1773.00 0.306293 4.56
1774.00 0.306277 4.56
1775.00 0.306261 4.56
1776.00 0.306246 4.56
1777.00 0.306230 4.56
1778.00 0.306214 4.56
1779.00 0.306198 4.56
1780.00 0.306182 4.56
1781.00 0.306166 4.56
1782.00 0.306150 4.56
1783.00 0.306134 4.56
1784.00 0.306118 4.56
1785.00 0.306102 4.56
1786.00 0.306085 4.56
1787.00 0.306069 4.56
1788.00 0.306053 4.56
1789.00 0.306037 4.56
1790.00 0.306021 4.56
1791.00 0.306004 4.56
1792.00 0.305988 4.56
1793.00 0.305972 4.56
1794.00 0.305955 4.56
1795.00 0.305939 4.56
1796.00 0.305922 4.56
1797.00 0.305906 4.56
1798.00 0.305890 4.55
1799.00 0.305875 4.55
1800.00 0.305861 4.55
1801.00 0.305846 4.55
1802.00 0.305832 4.55
1803.00 0.305817 4.55
1804.00 0.305803 4.55
1805.00 0.305789 4.55
1806.00 0.305775 4.55
1807.00 0.305760 4.55
1808.00 0.305746 4.55
1809.00 0.305732 4.55
1810.00 0.305718 4.55
1811.00 0.305704 4.55
1812.00 0.305690 4.55
1813.00 0.305676 4.55
1814.00 0.305662 4.55
1815.00 0.305648 4.55
1816.00 0.305634 4.55
1817.00 0.305620 4.55
1818.00 0.305606 4.55
1819.00 0.305592 4.55
1820.00 0.305579 4.55
1821.00 0.305565 4.55
1822.00 0.305551 4.55
1823.00 0.305537 4.55
1824.00 0.305523 4.55
1825.00 0.305509 4.55
1826.00 0.305496 4.55
1827.00 0.305482 4.55
1828.00 0.305468 4.55
1829.00 0.305454 4.55
1830.00 0.305440 4.55
1831.00 0.305427 4.55
1832.00 0.305413 4.55
1833.00 0.305399 4.55
1834.00 0.305385 4.55
1835.00 0.305371 4.55
1836.00 0.305358 4.55
1837.00 0.305344 4.55
1838.00 0.305330 4.55
1839.00 0.305316 4.55
1840.00 0.305303 4.55
1841.00 0.305289 4.55
1842.00 0.305275 4.55
1843.00 0.305261 4.55
1844.00 0.305247 4.55
1845.00 0.305234 4.55
1846.00 0.305220 4.55
1847.00 0.305206 4.55
1848.00 0.305192 4.55
1849.00 0.305178 4.55
1850.00 0.305164 4.55
1851.00 0.305151 4.55
1852.00 0.305137 4.55
1853.00 0.305123 4.55
1854.00 0.305109 4.55
1855.00 0.305095 4.55
1856.00 0.305081 4.55
1857.00 0.305067 4.55
1858.00 0.305053 4.55
1859.00 0.305039 4.55
1860.00 0.305025 4.55
1861.00 0.305012 4.55
1862.00 0.304998 4.55
1863.00 0.304984 4.55
1864.00 0.304970 4.55
1865.00 0.304956 4.55
1866.00 0.304942 4.55
1867.00 0.304928 4.55
1868.00 0.304913 4.55
1869.00 0.304899 4.55
1870.00 0.304885 4.55
1871.00 0.304871 4.55
1872.00 0.304857 4.55
1873.00 0.304843 4.55
1874.00 0.304829 4.55
1875.00 0.304815 4.55
1876.00 0.304800 4.55
1877.00 0.304786 4.55
1878.00 0.304772 4.55
1879.00 0.304758 4.55
1880.00 0.304744 4.55
1881.00 0.304729 4.55
1882.00 0.304715 4.55
1883.00 0.304701 4.55
1884.00 0.304686 4.55
1885.00 0.304672 4.55
1886.00 0.304658 4.55
1887.00 0.304643 4.55
1888.00 0.304629 4.55
1889.00 0.304614 4.55
1890.00 0.304600 4.55
1891.00 0.304585 4.55
1892.00 0.304571 4.55
1893.00 0.304556 4.55
1894.00 0.304542 4.55
1895.00 0.304527 4.55
1896.00 0.304513 4.55
1897.00 0.304498 4.55
1898.00 0.304483 4.55
1899.00 0.304469 4.55
1900.00 0.304454 4.55
1901.00 0.304439 4.55
1902.00 0.304424 4.55
1903.00 0.304410 4.55
1904.00 0.304395 4.55
1905.00 0.304380 4.55
1906.00 0.304365 4.55
1907.00 0.304350 4.55
1908.00 0.304335 4.55
1909.00 0.304320 4.55
1910.00 0.304305 4.55
1911.00 0.304290 4.55
1912.00 0.304275 4.55
1913.00 0.304260 4.55
1914.00 0.304245 4.55
1915.00 0.304230 4.55
1916.00 0.304215 4.55
1917.00 0.304199 4.55
1918.00 0.304184 4.55
1919.00 0.304169 4.55
1920.00 0.304154 4.55
1921.00 0.304138 4.55
1922.00 0.304123 4.55
1923.00 0.304108 4.55
1924.00 0.304092 4.55
1925.00 0.304077 4.55
1926.00 0.304061 4.55
1927.00 0.304046 4.55
1928.00 0.304030 4.55
1929.00 0.304015 4.55
1930.00 0.303999 4.55
1931.00 0.303983 4.55
1932.00 0.303968 4.55
1933.00 0.303952 4.55
1934.00 0.303936 4.55
1935.00 0.303920 4.55
1936.00 0.303905 4.55
1937.00 0.303889 4.55
1938.00 0.303873 4.55
1939.00 0.303857 4.55
1940.00 0.303841 4.55
1941.00 0.303825 4.55
1942.00 0.303809 4.55
1943.00 0.303793 4.55
1944.00 0.303777 4.55
1945.00 0.303760 4.55
1946.00 0.303744 4.55
1947.00 0.303728 4.55
1948.00 0.303712 4.55
1949.00 0.303695 4.55
1950.00 0.303679 4.55
1951.00 0.303662 4.55
1952.00 0.303646 4.55
1953.00 0.303630 4.55
1954.00 0.303613 4.55
1955.00 0.303596 4.55
1956.00 0.303580 4.55
1957.00 0.303563 4.55
1958.00 0.303546 4.55
1959.00 0.303530 4.55
1960.00 0.303513 4.55
1961.00 0.303496 4.55
1962.00 0.303479 4.55
1963.00 0.303462 4.55
1964.00 0.303445 4.55
1965.00 0.303428 4.55
1966.00 0.303411 4.55
1967.00 0.303394 4.55
1968.00 0.303377 4.55
1969.00 0.303360 4.55
1970.00 0.303342 4.55
1971.00 0.303325 4.55
1972.00 0.303308 4.55
1973.00 0.303290 4.55
1974.00 0.303273 4.55
1975.00 0.303255 4.55
1976.00 0.303238 4.55
1977.00 0.303220 4.55
1978.00 0.303203 4.55
1979.00 0.303185 4.55
1980.00 0.303167 4.55
1981.00 0.303149 4.55
1982.00 0.303132 4.55
1983.00 0.303114 4.55
1984.00 0.303096 4.55
1985.00 0.303078 4.55
1986.00 0.303060 4.55
1987.00 0.303042 4.55
1988.00 0.303024 4.55
1989.00 0.303005 4.55
1990.00 0.302987 4.54
1991.00 0.302971 4.54
1992.00 0.302955 4.54
1993.00 0.302939 4.54
1994.00 0.302923 4.54
1995.00 0.302907 4.54
1996.00 0.302891 4.54
1997.00 0.302875 4.54
1998.00 0.302859 4.54
1999.00 0.302843 4.54
2000.00 0.302828 4.54
