0.00 2.434352 18.47
1.00 2.431638 18.47
2.00 2.428927 18.47
3.00 2.426222 18.47
4.00 2.423525 18.47
5.00 2.420841 18.46
6.00 2.418175 18.46
7.00 2.415515 18.46
8.00 2.412886 18.45
9.00 2.410296 18.44
10.00 2.407717 18.44
11.00 2.405139 18.44
12.00 2.402578 18.43
13.00 2.400074 18.43
14.00 2.397572 18.43
15.00 2.395064 18.43
16.00 2.392546 18.43
17.00 2.390015 18.43
18.00 2.387568 18.42
19.00 2.385124 18.41
20.00 2.382750 18.40
21.00 2.380382 18.40
22.00 2.378005 18.40
23.00 2.375613 18.40
24.00 2.373292 18.39
25.00 2.371083 18.38
26.00 2.368880 18.38
27.00 2.366661 18.38
28.00 2.364425 18.38
29.00 2.362181 18.37
30.00 2.360020 18.37
31.00 2.357957 18.35
32.00 2.355937 18.35
33.00 2.353904 18.35
34.00 2.351856 18.35
35.00 2.349791 18.35
36.00 2.347848 18.32
37.00 2.346093 18.32
38.00 2.344334 18.32
39.00 2.342564 18.31
40.00 2.340928 18.30
41.00 2.339381 18.29
42.00 2.337870 18.27
43.00 2.336444 18.27
44.00 2.335130 18.26
45.00 2.333830 18.26
46.00 2.332613 18.25
47.00 2.331427 18.25
48.00 2.330236 18.25
49.00 2.329150 18.24
50.00 2.328077 18.24
51.00 2.326998 18.24
52.00 2.325911 18.24
53.00 2.324902 18.23
54.00 2.324048 18.21
55.00 2.323234 18.21
56.00 2.322469 18.20
57.00 2.321834 18.19
58.00 2.321288 18.18
59.00 2.320872 18.15
60.00 2.320690 18.15
61.00 2.320530 18.15
62.00 2.320384 18.15
63.00 2.320248 18.15
64.00 2.320120 18.15
65.00 2.319998 18.15
66.00 2.319883 18.15
67.00 2.319772 18.15
68.00 2.319668 18.14
69.00 2.319571 18.14
70.00 2.319477 18.14
71.00 2.319388 18.14
72.00 2.319302 18.14
73.00 2.319219 18.14
74.00 2.319139 18.14
75.00 2.319061 18.14
76.00 2.318987 18.14
77.00 2.318914 18.14
78.00 2.318844 18.14
79.00 2.318777 18.14
80.00 2.318711 18.14
81.00 2.318648 18.14
82.00 2.318586 18.14
83.00 2.318526 18.14
84.00 2.318468 18.14
85.00 2.318411 18.14
86.00 2.318356 18.14
87.00 2.318303 18.14
88.00 2.318251 18.14
89.00 2.318200 18.14
90.00 2.318151 18.14
91.00 2.318108 18.13
92.00 2.318073 18.13
93.00 2.318040 18.13
94.00 2.318009 18.13
95.00 2.317980 18.13
96.00 2.317952 18.13
97.00 2.317925 18.13
98.00 2.317899 18.13
99.00 2.317875 18.13
100.00 2.317851 18.13
101.00 2.317828 18.13
102.00 2.317807 18.13
103.00 2.317786 18.13
104.00 2.317767 18.13
105.00 2.317748 18.13
106.00 2.317729 18.13
107.00 2.317712 18.13
108.00 2.317695 18.13
109.00 2.317679 18.13
110.00 2.317664 18.13
111.00 2.317649 18.13
112.00 2.317635 18.13
113.00 2.317621 18.13
114.00 2.317608 18.13
115.00 2.317596 18.13
116.00 2.317584 18.13
117.00 2.317572 18.13
118.00 2.317561 18.13
119.00 2.317551 18.13
120.00 2.317541 18.13
121.00 2.317531 18.13
122.00 2.317521 18.13
123.00 2.317512 18.13
124.00 2.317504 18.13
125.00 2.317496 18.13
126.00 2.317488 18.13
127.00 2.317480 18.13
128.00 2.317473 18.13
129.00 2.317466 18.13
130.00 2.317459 18.13
131.00 2.317453 18.13
132.00 2.317447 18.13
133.00 2.317441 18.13
134.00 2.317435 18.13
135.00 2.317429 18.13
136.00 2.317424 18.13
137.00 2.317419 18.13
138.00 2.317414 18.13
139.00 2.317410 18.13
140.00 2.317405 18.13
141.00 2.317401 18.13
142.00 2.317397 18.13
143.00 2.317393 18.13
144.00 2.317389 18.13
145.00 2.317386 18.13
146.00 2.317382 18.13
147.00 2.317379 18.13
148.00 2.317376 18.13
149.00 2.317373 18.13
150.00 2.317370 18.13
151.00 2.317367 18.13
152.00 2.317365 18.13
153.00 2.317362 18.13
154.00 2.317360 18.13
155.00 2.317357 18.13
156.00 2.317355 18.13
157.00 2.317353 18.13
158.00 2.317351 18.13
159.00 2.317349 18.13
160.00 2.317347 18.13
161.00 2.317345 18.13
162.00 2.317343 18.13
163.00 2.317342 18.13
164.00 2.317340 18.13
165.00 2.317338 18.13
166.00 2.317337 18.13
167.00 2.317335 18.13
168.00 2.317334 18.13
169.00 2.317333 18.13
170.00 2.317332 18.13
171.00 2.317330 18.13
172.00 2.317329 18.13
173.00 2.317328 18.13
174.00 2.317327 18.13
175.00 2.317326 18.13
176.00 2.317325 18.13
177.00 2.317324 18.13
178.00 2.317323 18.13
179.00 2.317322 18.13
180.00 2.317322 18.13
181.00 2.317321 18.13
182.00 2.317320 18.13
183.00 2.317319 18.13
184.00 2.317319 18.13
185.00 2.317318 18.13
186.00 2.317317 18.13
187.00 2.317317 18.13
188.00 2.317316 18.13
189.00 2.317316 18.13
190.00 2.317315 18.13
191.00 2.317315 18.13
192.00 2.317314 18.13
193.00 2.317314 18.13
194.00 2.317313 18.13
195.00 2.317313 18.13
196.00 2.317312 18.13
197.00 2.317312 18.13
198.00 2.317312 18.13
199.00 2.317311 18.13
200.00 2.317311 18.13
201.00 2.317311 18.13
202.00 2.317310 18.13
203.00 2.317310 18.13
204.00 2.317310 18.13
205.00 2.317309 18.13
206.00 2.317309 18.13
207.00 2.317309 18.13
208.00 2.317309 18.13
209.00 2.317308 18.13
210.00 2.317308 18.13
211.00 2.317308 18.13
212.00 2.317308 18.13
213.00 2.317308 18.13
214.00 2.317307 18.13
215.00 2.317307 18.13
216.00 2.317307 18.13
217.00 2.317307 18.13
218.00 2.317307 18.13
219.00 2.317307 18.13
220.00 2.317306 18.13
221.00 2.317306 18.13
222.00 2.317306 18.13
223.00 2.317306 18.13
224.00 2.317306 18.13
225.00 2.317306 18.13
226.00 2.317306 18.13
227.00 2.317306 18.13
228.00 2.317305 18.13
229.00 2.317305 18.13
230.00 2.317305 18.13
231.00 2.317305 18.13
232.00 2.317305 18.13
233.00 2.317305 18.13
234.00 2.317305 18.13
235.00 2.317305 18.13
236.00 2.317305 18.13
237.00 2.317305 18.13
238.00 2.317305 18.13
239.00 2.317305 18.13
240.00 2.317304 18.13
241.00 2.317304 18.13
242.00 2.317304 18.13
243.00 2.317304 18.13
244.00 2.317304 18.13
245.00 2.317304 18.13
246.00 2.317304 18.13
247.00 2.317304 18.13
248.00 2.317304 18.13
249.00 2.317304 18.13
250.00 2.317304 18.13
251.00 2.317304 18.13
252.00 2.317304 18.13
253.00 2.317304 18.13
254.00 2.317304 18.13
255.00 2.317304 18.13
256.00 2.317304 18.13
257.00 2.317304 18.13
258.00 2.317304 18.13
259.00 2.317304 18.13
260.00 2.317304 18.13
261.00 2.317304 18.13
262.00 2.317304 18.13
263.00 2.317304 18.13
264.00 2.317304 18.13
265.00 2.317304 18.13
266.00 2.317304 18.13
267.00 2.317304 18.13
268.00 2.317303 18.13
269.00 2.317303 18.13
270.00 2.317303 18.13
271.00 2.317303 18.13
272.00 2.317303 18.13
273.00 2.317303 18.13
274.00 2.317303 18.13
275.00 2.317303 18.13
276.00 2.317303 18.13
277.00 2.317303 18.13
278.00 2.317303 18.13
279.00 2.317303 18.13
280.00 2.317303 18.13
281.00 2.317303 18.13
282.00 2.317303 18.13
283.00 2.317303 18.13
284.00 2.317303 18.13
285.00 2.317303 18.13
286.00 2.317303 18.13
287.00 2.317303 18.13
288.00 2.317303 18.13
289.00 2.317303 18.13
290.00 2.317303 18.13
291.00 2.317303 18.13
292.00 2.317303 18.13
293.00 2.317303 18.13
294.00 2.317303 18.13
295.00 2.317303 18.13
296.00 2.317303 18.13
297.00 2.317303 18.13
298.00 2.317303 18.13
299.00 2.317303 18.13
300.00 2.317303 18.13
301.00 2.317303 18.13
302.00 2.317303 18.13
303.00 2.317303 18.13
304.00 2.317303 18.13
305.00 2.317303 18.13
306.00 2.317303 18.13
307.00 2.317303 18.13
308.00 2.317303 18.13
309.00 2.317303 18.13
310.00 2.317303 18.13
311.00 2.317303 18.13
312.00 2.317303 18.13
313.00 2.317303 18.13
314.00 2.317303 18.13
315.00 2.317303 18.13
316.00 2.317303 18.13
317.00 2.317303 18.13
318.00 2.317303 18.13
319.00 2.317303 18.13
320.00 2.317303 18.13
321.00 2.317303 18.13
322.00 2.317303 18.13
323.00 2.317303 18.13
324.00 2.317303 18.13
325.00 2.317303 18.13
326.00 2.317303 18.13
327.00 2.317303 18.13
328.00 2.317303 18.13
329.00 2.317303 18.13
330.00 2.317303 18.13
331.00 2.317303 18.13
332.00 2.317303 18.13
333.00 2.317303 18.13
334.00 2.317303 18.13
335.00 2.317303 18.13
336.00 2.317303 18.13
337.00 2.317303 18.13
338.00 2.317303 18.13
339.00 2.317303 18.13
340.00 2.317303 18.13
341.00 2.317303 18.13
342.00 2.317303 18.13
343.00 2.317303 18.13
344.00 2.317303 18.13
345.00 2.317303 18.13
346.00 2.317303 18.13
347.00 2.317303 18.13
348.00 2.317303 18.13
349.00 2.317303 18.13
350.00 2.317303 18.13
351.00 2.317303 18.13
352.00 2.317303 18.13
353.00 2.317303 18.13
354.00 2.317303 18.13
355.00 2.317303 18.13
356.00 2.317303 18.13
357.00 2.317303 18.13
358.00 2.317303 18.13
359.00 2.317303 18.13
360.00 2.317303 18.13
361.00 2.317303 18.13
362.00 2.317303 18.13
363.00 2.317303 18.13
364.00 2.317303 18.13
365.00 2.317303 18.13
366.00 2.317303 18.13
367.00 2.317303 18.13
368.00 2.317303 18.13
369.00 2.317303 18.13
370.00 2.317303 18.13
371.00 2.317303 18.13
372.00 2.317303 18.13
373.00 2.317303 18.13
374.00 2.317303 18.13
375.00 2.317303 18.13
376.00 2.317303 18.13
377.00 2.317303 18.13
378.00 2.317303 18.13
379.00 2.317303 18.13
380.00 2.317303 18.13
381.00 2.317303 18.13
382.00 2.317303 18.13
383.00 2.317303 18.13
384.00 2.317303 18.13
385.00 2.317303 18.13
386.00 2.317303 18.13
387.00 2.317303 18.13
388.00 2.317303 18.13
389.00 2.317303 18.13
390.00 2.317303 18.13
391.00 2.317303 18.13
392.00 2.317303 18.13
393.00 2.317303 18.13
394.00 2.317303 18.13
395.00 2.317303 18.13
396.00 2.317303 18.13
397.00 2.317303 18.13
398.00 2.317303 18.13
399.00 2.317303 18.13
400.00 2.317303 18.13
401.00 2.317303 18.13
402.00 2.317303 18.13
403.00 2.317303 18.13
404.00 2.317303 18.13
405.00 2.317303 18.13
406.00 2.317303 18.13
407.00 2.317303 18.13
408.00 2.317303 18.13
409.00 2.317303 18.13
410.00 2.317303 18.13
411.00 2.317303 18.13
412.00 2.317303 18.13
413.00 2.317303 18.13
414.00 2.317303 18.13
415.00 2.317303 18.13
416.00 2.317303 18.13
417.00 2.317303 18.13
418.00 2.317303 18.13
419.00 2.317303 18.13
420.00 2.317303 18.13
421.00 2.317303 18.13
422.00 2.317303 18.13
423.00 2.317303 18.13
424.00 2.317303 18.13
425.00 2.317303 18.13
426.00 2.317303 18.13
427.00 2.317303 18.13
428.00 2.317303 18.13
429.00 2.317303 18.13
430.00 2.317303 18.13
431.00 2.317303 18.13
432.00 2.317303 18.13
433.00 2.317303 18.13
434.00 2.317303 18.13
435.00 2.317303 18.13
436.00 2.317303 18.13
437.00 2.317303 18.13
438.00 2.317303 18.13
439.00 2.317303 18.13
440.00 2.317303 18.13
441.00 2.317303 18.13
442.00 2.317303 18.13
443.00 2.317303 18.13
444.00 2.317303 18.13
445.00 2.317303 18.13
446.00 2.317303 18.13
447.00 2.317303 18.13
448.00 2.317303 18.13
449.00 2.317303 18.13
450.00 2.317303 18.13
451.00 2.317303 18.13
452.00 2.317303 18.13
453.00 2.317303 18.13
454.00 2.317303 18.13
455.00 2.317303 18.13
456.00 2.317303 18.13
457.00 2.317303 18.13
458.00 2.317303 18.13
459.00 2.317303 18.13
460.00 2.317303 18.13
461.00 2.317303 18.13
462.00 2.317303 18.13
463.00 2.317303 18.13
464.00 2.317303 18.13
465.00 2.317303 18.13
466.00 2.317303 18.13
467.00 2.317303 18.13
468.00 2.317303 18.13
469.00 2.317303 18.13
470.00 2.317303 18.13
471.00 2.317303 18.13
472.00 2.317303 18.13
473.00 2.317303 18.13
474.00 2.317303 18.13
475.00 2.317303 18.13
476.00 2.317303 18.13
477.00 2.317303 18.13
478.00 2.317303 18.13
479.00 2.317303 18.13
480.00 2.317303 18.13
481.00 2.317303 18.13
482.00 2.317303 18.13
483.00 2.317303 18.13
484.00 2.317303 18.13
485.00 2.317303 18.13
486.00 2.317303 18.13
487.00 2.317303 18.13
488.00 2.317303 18.13
489.00 2.317303 18.13
490.00 2.317303 18.13
491.00 2.317303 18.13
492.00 2.317303 18.13
493.00 2.317303 18.13
494.00 2.317303 18.13
495.00 2.317303 18.13
496.00 2.317303 18.13
497.00 2.317303 18.13
498.00 2.317303 18.13
499.00 2.317303 18.13
500.00 2.317303 18.13
501.00 2.317303 18.13
502.00 2.317303 18.13
503.00 2.317303 18.13
504.00 2.317303 18.13
505.00 2.317303 18.13
506.00 2.317303 18.13
507.00 2.317303 18.13
508.00 2.317303 18.13
509.00 2.317303 18.13
510.00 2.317303 18.13
511.00 2.317303 18.13
512.00 2.317303 18.13
513.00 2.317303 18.13
514.00 2.317303 18.13
515.00 2.317303 18.13
516.00 2.317303 18.13
517.00 2.317303 18.13
518.00 2.317303 18.13
519.00 2.317303 18.13
520.00 2.317303 18.13
521.00 2.317303 18.13
522.00 2.317303 18.13
523.00 2.317303 18.13
524.00 2.317303 18.13
525.00 2.317303 18.13
526.00 2.317303 18.13
527.00 2.317303 18.13
528.00 2.317303 18.13
529.00 2.317303 18.13
530.00 2.317303 18.13
531.00 2.317303 18.13
532.00 2.317303 18.13
533.00 2.317303 18.13
534.00 2.317303 18.13
535.00 2.317303 18.13
536.00 2.317303 18.13
537.00 2.317303 18.13
538.00 2.317303 18.13
539.00 2.317303 18.13
540.00 2.317303 18.13
541.00 2.317303 18.13
542.00 2.317303 18.13
543.00 2.317303 18.13
544.00 2.317303 18.13
545.00 2.317303 18.13
546.00 2.317303 18.13
547.00 2.317303 18.13
548.00 2.317303 18.13
549.00 2.317303 18.13
550.00 2.317303 18.13
551.00 2.317303 18.13
552.00 2.317303 18.13
553.00 2.317303 18.13
554.00 2.317303 18.13
555.00 2.317303 18.13
556.00 2.317303 18.13
557.00 2.317303 18.13
558.00 2.317303 18.13
559.00 2.317303 18.13
560.00 2.317303 18.13
561.00 2.317303 18.13
562.00 2.317303 18.13
563.00 2.317303 18.13
564.00 2.317303 18.13
565.00 2.317303 18.13
566.00 2.317303 18.13
567.00 2.317303 18.13
568.00 2.317303 18.13
569.00 2.317303 18.13
570.00 2.317303 18.13
571.00 2.317303 18.13
572.00 2.317303 18.13
573.00 2.317303 18.13
574.00 2.317303 18.13
575.00 2.317303 18.13
576.00 2.317303 18.13
577.00 2.317303 18.13
578.00 2.317303 18.13
579.00 2.317303 18.13
580.00 2.317303 18.13
581.00 2.317303 18.13
582.00 2.317303 18.13
583.00 2.317303 18.13
584.00 2.317303 18.13
585.00 2.317303 18.13
586.00 2.317303 18.13
587.00 2.317303 18.13
588.00 2.317303 18.13
589.00 2.317303 18.13
590.00 2.317303 18.13
591.00 2.317303 18.13
592.00 2.317303 18.13
593.00 2.317303 18.13
594.00 2.317303 18.13
595.00 2.317303 18.13
596.00 2.317303 18.13
597.00 2.317303 18.13
598.00 2.317303 18.13
599.00 2.317303 18.13
600.00 2.317303 18.13
601.00 2.317303 18.13
602.00 2.317303 18.13
603.00 2.317303 18.13
604.00 2.317303 18.13
605.00 2.317303 18.13
606.00 2.317303 18.13
607.00 2.317303 18.13
608.00 2.317303 18.13
609.00 2.317303 18.13
610.00 2.317303 18.13
611.00 2.317303 18.13
612.00 2.317303 18.13
613.00 2.317303 18.13
614.00 2.317303 18.13
615.00 2.317303 18.13
616.00 2.317303 18.13
617.00 2.317303 18.13
618.00 2.317303 18.13
619.00 2.317303 18.13
620.00 2.317303 18.13
621.00 2.317303 18.13
622.00 2.317303 18.13
623.00 2.317303 18.13
624.00 2.317303 18.13
625.00 2.317303 18.13
626.00 2.317303 18.13
627.00 2.317303 18.13
628.00 2.317303 18.13
629.00 2.317303 18.13
630.00 2.317303 18.13
631.00 2.317303 18.13
632.00 2.317303 18.13
633.00 2.317303 18.13
634.00 2.317303 18.13
635.00 2.317303 18.13
636.00 2.317303 18.13
637.00 2.317303 18.13
638.00 2.317303 18.13
639.00 2.317303 18.13
640.00 2.317303 18.13
641.00 2.317303 18.13
642.00 2.317303 18.13
643.00 2.317303 18.13
644.00 2.317303 18.13
645.00 2.317303 18.13
646.00 2.317303 18.13
647.00 2.317303 18.13
648.00 2.317303 18.13
649.00 2.317303 18.13
650.00 2.317303 18.13
651.00 2.317303 18.13
652.00 2.317303 18.13
653.00 2.317303 18.13
654.00 2.317303 18.13
655.00 2.317303 18.13
656.00 2.317303 18.13
657.00 2.317303 18.13
658.00 2.317303 18.13
659.00 2.317303 18.13
660.00 2.317303 18.13
661.00 2.317303 18.13
662.00 2.317303 18.13
663.00 2.317303 18.13
664.00 2.317303 18.13
665.00 2.317303 18.13
666.00 2.317303 18.13
667.00 2.317303 18.13
668.00 2.317303 18.13
669.00 2.317303 18.13
670.00 2.317303 18.13
671.00 2.317303 18.13
672.00 2.317303 18.13
673.00 2.317303 18.13
674.00 2.317303 18.13
675.00 2.317303 18.13
676.00 2.317303 18.13
677.00 2.317303 18.13
678.00 2.317303 18.13
679.00 2.317303 18.13
680.00 2.317303 18.13
681.00 2.317303 18.13
682.00 2.317303 18.13
683.00 2.317303 18.13
684.00 2.317303 18.13
685.00 2.317303 18.13
686.00 2.317303 18.13
687.00 2.317303 18.13
688.00 2.317303 18.13
689.00 2.317303 18.13
690.00 2.317303 18.13
691.00 2.317303 18.13
692.00 2.317303 18.13
693.00 2.317303 18.13
694.00 2.317303 18.13
695.00 2.317303 18.13
696.00 2.317303 18.13
697.00 2.317303 18.13
698.00 2.317303 18.13
699.00 2.317303 18.13
700.00 2.317303 18.13
701.00 2.317303 18.13
702.00 2.317303 18.13
703.00 2.317303 18.13
704.00 2.317303 18.13
705.00 2.317303 18.13
706.00 2.317303 18.13
707.00 2.317303 18.13
708.00 2.317303 18.13
709.00 2.317303 18.13
710.00 2.317303 18.13
711.00 2.317303 18.13
712.00 2.317303 18.13
713.00 2.317303 18.13
714.00 2.317303 18.13
715.00 2.317303 18.13
716.00 2.317303 18.13
717.00 2.317303 18.13
718.00 2.317303 18.13
719.00 2.317303 18.13
720.00 2.317303 18.13
721.00 2.317303 18.13
722.00 2.317303 18.13
723.00 2.317303 18.13
724.00 2.317303 18.13
725.00 2.317303 18.13
726.00 2.317303 18.13
727.00 2.317303 18.13
728.00 2.317303 18.13
729.00 2.317303 18.13
730.00 2.317303 18.13
731.00 2.317303 18.13
732.00 2.317303 18.13
733.00 2.317303 18.13
734.00 2.317303 18.13
735.00 2.317303 18.13
736.00 2.317303 18.13
737.00 2.317303 18.13
738.00 2.317303 18.13
739.00 2.317303 18.13
740.00 2.317303 18.13
741.00 2.317303 18.13
742.00 2.317303 18.13
743.00 2.317303 18.13
744.00 2.317303 18.13
745.00 2.317303 18.13
746.00 2.317303 18.13
747.00 2.317303 18.13
748.00 2.317303 18.13
749.00 2.317303 18.13
750.00 2.317303 18.13
751.00 2.317303 18.13
752.00 2.317303 18.13
753.00 2.317303 18.13
754.00 2.317303 18.13
755.00 2.317303 18.13
756.00 2.317303 18.13
757.00 2.317303 18.13
758.00 2.317303 18.13
759.00 2.317303 18.13
760.00 2.317303 18.13
761.00 2.317303 18.13
762.00 2.317303 18.13
763.00 2.317303 18.13
764.00 2.317303 18.13
765.00 2.317303 18.13
766.00 2.317303 18.13
767.00 2.317303 18.13
768.00 2.317303 18.13
769.00 2.317303 18.13
770.00 2.317303 18.13
771.00 2.317303 18.13
772.00 2.317303 18.13
773.00 2.317303 18.13
774.00 2.317303 18.13
775.00 2.317303 18.13
776.00 2.317303 18.13
777.00 2.317303 18.13
778.00 2.317303 18.13
779.00 2.317303 18.13
780.00 2.317303 18.13
781.00 2.317303 18.13
782.00 2.317303 18.13
783.00 2.317303 18.13
784.00 2.317303 18.13
785.00 2.317303 18.13
786.00 2.317303 18.13
787.00 2.317303 18.13
788.00 2.317303 18.13
789.00 2.317303 18.13
790.00 2.317303 18.13
791.00 2.317303 18.13
792.00 2.317303 18.13
793.00 2.317303 18.13
794.00 2.317303 18.13
795.00 2.317303 18.13
796.00 2.317303 18.13
797.00 2.317303 18.13
798.00 2.317303 18.13
799.00 2.317303 18.13
800.00 2.317303 18.13
801.00 2.317303 18.13
802.00 2.317303 18.13
803.00 2.317303 18.13
804.00 2.317303 18.13
805.00 2.317303 18.13
806.00 2.317303 18.13
807.00 2.317303 18.13
808.00 2.317303 18.13
809.00 2.317303 18.13
810.00 2.317303 18.13
811.00 2.317303 18.13
812.00 2.317303 18.13
813.00 2.317303 18.13
814.00 2.317303 18.13
815.00 2.317303 18.13
816.00 2.317303 18.13
817.00 2.317303 18.13
818.00 2.317303 18.13
819.00 2.317303 18.13
820.00 2.317303 18.13
821.00 2.317303 18.13
822.00 2.317303 18.13
823.00 2.317303 18.13
824.00 2.317303 18.13
825.00 2.317303 18.13
826.00 2.317303 18.13
827.00 2.317303 18.13
828.00 2.317303 18.13
829.00 2.317303 18.13
830.00 2.317303 18.13
831.00 2.317303 18.13
832.00 2.317303 18.13
833.00 2.317303 18.13
834.00 2.317303 18.13
835.00 2.317303 18.13
836.00 2.317303 18.13
837.00 2.317303 18.13
838.00 2.317303 18.13
839.00 2.317303 18.13
840.00 2.317303 18.13
841.00 2.317303 18.13
842.00 2.317303 18.13
843.00 2.317303 18.13
844.00 2.317303 18.13
845.00 2.317303 18.13
846.00 2.317303 18.13
847.00 2.317303 18.13
848.00 2.317303 18.13
849.00 2.317303 18.13
850.00 2.317303 18.13
851.00 2.317303 18.13
852.00 2.317303 18.13
853.00 2.317303 18.13
854.00 2.317303 18.13
855.00 2.317303 18.13
856.00 2.317303 18.13
857.00 2.317303 18.13
858.00 2.317303 18.13
859.00 2.317303 18.13
860.00 2.317303 18.13
861.00 2.317303 18.13
862.00 2.317303 18.13
863.00 2.317303 18.13
864.00 2.317303 18.13
865.00 2.317303 18.13
866.00 2.317303 18.13
867.00 2.317303 18.13
868.00 2.317303 18.13
869.00 2.317303 18.13
870.00 2.317303 18.13
871.00 2.317303 18.13
872.00 2.317303 18.13
873.00 2.317303 18.13
874.00 2.317303 18.13
875.00 2.317303 18.13
876.00 2.317303 18.13
877.00 2.317303 18.13
878.00 2.317303 18.13
879.00 2.317303 18.13
880.00 2.317303 18.13
881.00 2.317303 18.13
882.00 2.317303 18.13
883.00 2.317303 18.13
884.00 2.317303 18.13
885.00 2.317303 18.13
886.00 2.317303 18.13
887.00 2.317303 18.13
888.00 2.317303 18.13
889.00 2.317303 18.13
890.00 2.317303 18.13
891.00 2.317303 18.13
892.00 2.317303 18.13
893.00 2.317303 18.13
894.00 2.317303 18.13
895.00 2.317303 18.13
896.00 2.317303 18.13
897.00 2.317303 18.13
898.00 2.317303 18.13
899.00 2.317303 18.13
900.00 2.317303 18.13
901.00 2.317303 18.13
902.00 2.317303 18.13
903.00 2.317303 18.13
904.00 2.317303 18.13
905.00 2.317303 18.13
906.00 2.317303 18.13
907.00 2.317303 18.13
908.00 2.317303 18.13
909.00 2.317303 18.13
910.00 2.317303 18.13
911.00 2.317303 18.13
912.00 2.317303 18.13
913.00 2.317303 18.13
914.00 2.317303 18.13
915.00 2.317303 18.13
916.00 2.317303 18.13
917.00 2.317303 18.13
918.00 2.317303 18.13
919.00 2.317303 18.13
920.00 2.317303 18.13
921.00 2.317303 18.13
922.00 2.317303 18.13
923.00 2.317303 18.13
924.00 2.317303 18.13
925.00 2.317303 18.13
926.00 2.317303 18.13
927.00 2.317303 18.13
928.00 2.317303 18.13
929.00 2.317303 18.13
930.00 2.317303 18.13
931.00 2.317303 18.13
932.00 2.317303 18.13
933.00 2.317303 18.13
934.00 2.317303 18.13
935.00 2.317303 18.13
936.00 2.317303 18.13
937.00 2.317303 18.13
938.00 2.317303 18.13
939.00 2.317303 18.13
940.00 2.317303 18.13
941.00 2.317303 18.13
942.00 2.317303 18.13
943.00 2.317303 18.13
944.00 2.317303 18.13
945.00 2.317303 18.13
946.00 2.317303 18.13
947.00 2.317303 18.13
948.00 2.317303 18.13
949.00 2.317303 18.13
950.00 2.317303 18.13
951.00 2.317303 18.13
952.00 2.317303 18.13
953.00 2.317303 18.13
954.00 2.317303 18.13
955.00 2.317303 18.13
956.00 2.317303 18.13
957.00 2.317303 18.13
958.00 2.317303 18.13
959.00 2.317303 18.13
960.00 2.317303 18.13
961.00 2.317303 18.13
962.00 2.317303 18.13
963.00 2.317303 18.13
964.00 2.317303 18.13
965.00 2.317303 18.13
966.00 2.317303 18.13
967.00 2.317303 18.13
968.00 2.317303 18.13
969.00 2.317303 18.13
970.00 2.317303 18.13
971.00 2.317303 18.13
972.00 2.317303 18.13
973.00 2.317303 18.13
974.00 2.317303 18.13
975.00 2.317303 18.13
976.00 2.317303 18.13
977.00 2.317303 18.13
978.00 2.317303 18.13
979.00 2.317303 18.13
980.00 2.317303 18.13
981.00 2.317303 18.13
982.00 2.317303 18.13
983.00 2.317303 18.13
984.00 2.317303 18.13
985.00 2.317303 18.13
986.00 2.317303 18.13
987.00 2.317303 18.13
988.00 2.317303 18.13
989.00 2.317303 18.13
990.00 2.317303 18.13
991.00 2.317303 18.13
992.00 2.317303 18.13
993.00 2.317303 18.13
994.00 2.317303 18.13
995.00 2.317303 18.13
996.00 2.317303 18.13
997.00 2.317303 18.13
998.00 2.317303 18.13
999.00 2.317303 18.13
1000.00 2.317303 18.13
1001.00 2.317303 18.13
1002.00 2.317303 18.13
1003.00 2.317303 18.13
1004.00 2.317303 18.13
1005.00 2.317303 18.13
1006.00 2.317303 18.13
1007.00 2.317303 18.13
1008.00 2.317303 18.13
1009.00 2.317303 18.13
1010.00 2.317303 18.13
1011.00 2.317303 18.13
1012.00 2.317303 18.13
1013.00 2.317303 18.13
1014.00 2.317303 18.13
1015.00 2.317303 18.13
1016.00 2.317303 18.13
1017.00 2.317303 18.13
1018.00 2.317303 18.13
1019.00 2.317303 18.13
1020.00 2.317303 18.13
1021.00 2.317303 18.13
1022.00 2.317303 18.13
1023.00 2.317303 18.13
1024.00 2.317303 18.13
1025.00 2.317303 18.13
1026.00 2.317303 18.13
1027.00 2.317303 18.13
1028.00 2.317303 18.13
1029.00 2.317303 18.13
1030.00 2.317303 18.13
1031.00 2.317303 18.13
1032.00 2.317303 18.13
1033.00 2.317303 18.13
1034.00 2.317303 18.13
1035.00 2.317303 18.13
1036.00 2.317303 18.13
1037.00 2.317303 18.13
1038.00 2.317303 18.13
1039.00 2.317303 18.13
1040.00 2.317303 18.13
1041.00 2.317303 18.13
1042.00 2.317303 18.13
1043.00 2.317303 18.13
1044.00 2.317303 18.13
1045.00 2.317303 18.13
1046.00 2.317303 18.13
1047.00 2.317303 18.13
1048.00 2.317303 18.13
1049.00 2.317303 18.13
1050.00 2.317303 18.13
1051.00 2.317303 18.13
1052.00 2.317303 18.13
1053.00 2.317303 18.13
1054.00 2.317303 18.13
1055.00 2.317303 18.13
1056.00 2.317303 18.13
1057.00 2.317303 18.13
1058.00 2.317303 18.13
1059.00 2.317303 18.13
1060.00 2.317303 18.13
1061.00 2.317303 18.13
1062.00 2.317303 18.13
1063.00 2.317303 18.13
1064.00 2.317303 18.13
1065.00 2.317303 18.13
1066.00 2.317303 18.13
1067.00 2.317303 18.13
1068.00 2.317303 18.13
1069.00 2.317303 18.13
1070.00 2.317303 18.13
1071.00 2.317303 18.13
1072.00 2.317303 18.13
1073.00 2.317303 18.13
1074.00 2.317303 18.13
1075.00 2.317303 18.13
1076.00 2.317303 18.13
1077.00 2.317303 18.13
1078.00 2.317303 18.13
1079.00 2.317303 18.13
1080.00 2.317303 18.13
1081.00 2.317303 18.13
1082.00 2.317303 18.13
1083.00 2.317303 18.13
1084.00 2.317303 18.13
1085.00 2.317303 18.13
1086.00 2.317303 18.13
1087.00 2.317303 18.13
1088.00 2.317303 18.13
1089.00 2.317303 18.13
1090.00 2.317303 18.13
1091.00 2.317303 18.13
1092.00 2.317303 18.13
1093.00 2.317303 18.13
1094.00 2.317303 18.13
1095.00 2.317303 18.13
1096.00 2.317303 18.13
1097.00 2.317303 18.13
1098.00 2.317303 18.13
1099.00 2.317303 18.13
1100.00 2.317303 18.13
1101.00 2.317303 18.13
1102.00 2.317303 18.13
1103.00 2.317303 18.13
1104.00 2.317303 18.13
1105.00 2.317303 18.13
1106.00 2.317303 18.13
1107.00 2.317303 18.13
1108.00 2.317303 18.13
1109.00 2.317303 18.13
1110.00 2.317303 18.13
1111.00 2.317303 18.13
1112.00 2.317303 18.13
1113.00 2.317303 18.13
1114.00 2.317303 18.13
1115.00 2.317303 18.13
1116.00 2.317303 18.13
1117.00 2.317303 18.13
1118.00 2.317303 18.13
1119.00 2.317303 18.13
1120.00 2.317303 18.13
1121.00 2.317303 18.13
1122.00 2.317303 18.13
1123.00 2.317303 18.13
1124.00 2.317303 18.13
1125.00 2.317303 18.13
1126.00 2.317303 18.13
1127.00 2.317303 18.13
1128.00 2.317303 18.13
1129.00 2.317303 18.13
1130.00 2.317303 18.13
1131.00 2.317303 18.13
1132.00 2.317303 18.13
1133.00 2.317303 18.13
1134.00 2.317303 18.13
1135.00 2.317303 18.13
1136.00 2.317303 18.13
1137.00 2.317303 18.13
1138.00 2.317303 18.13
1139.00 2.317303 18.13
1140.00 2.317303 18.13
1141.00 2.317303 18.13
1142.00 2.317303 18.13
1143.00 2.317303 18.13
1144.00 2.317303 18.13
1145.00 2.317303 18.13
1146.00 2.317303 18.13
1147.00 2.317303 18.13
1148.00 2.317303 18.13
1149.00 2.317303 18.13
1150.00 2.317303 18.13
1151.00 2.317303 18.13
1152.00 2.317303 18.13
1153.00 2.317303 18.13
1154.00 2.317303 18.13
1155.00 2.317303 18.13
1156.00 2.317303 18.13
1157.00 2.317303 18.13
1158.00 2.317303 18.13
1159.00 2.317303 18.13
1160.00 2.317303 18.13
1161.00 2.317303 18.13
1162.00 2.317303 18.13
1163.00 2.317303 18.13
1164.00 2.317303 18.13
1165.00 2.317303 18.13
1166.00 2.317303 18.13
1167.00 2.317303 18.13
1168.00 2.317303 18.13
1169.00 2.317303 18.13
1170.00 2.317303 18.13
1171.00 2.317303 18.13
1172.00 2.317303 18.13
1173.00 2.317303 18.13
1174.00 2.317303 18.13
1175.00 2.317303 18.13
1176.00 2.317303 18.13
1177.00 2.317303 18.13
1178.00 2.317303 18.13
1179.00 2.317303 18.13
1180.00 2.317303 18.13
1181.00 2.317303 18.13
1182.00 2.317303 18.13
1183.00 2.317303 18.13
1184.00 2.317303 18.13
1185.00 2.317303 18.13
1186.00 2.317303 18.13
1187.00 2.317303 18.13
1188.00 2.317303 18.13
1189.00 2.317303 18.13
1190.00 2.317303 18.13
1191.00 2.317303 18.13
1192.00 2.317303 18.13
1193.00 2.317303 18.13
1194.00 2.317303 18.13
1195.00 2.317303 18.13
1196.00 2.317303 18.13
1197.00 2.317303 18.13
1198.00 2.317303 18.13
1199.00 2.317303 18.13
1200.00 2.317303 18.13
1201.00 2.317303 18.13
1202.00 2.317303 18.13
1203.00 2.317303 18.13
1204.00 2.317303 18.13
1205.00 2.317303 18.13
1206.00 2.317303 18.13
1207.00 2.317303 18.13
1208.00 2.317303 18.13
1209.00 2.317303 18.13
1210.00 2.317303 18.13
1211.00 2.317303 18.13
1212.00 2.317303 18.13
1213.00 2.317303 18.13
1214.00 2.317303 18.13
1215.00 2.317303 18.13
1216.00 2.317303 18.13
1217.00 2.317303 18.13
1218.00 2.317303 18.13
1219.00 2.317303 18.13
1220.00 2.317303 18.13
1221.00 2.317303 18.13
1222.00 2.317303 18.13
1223.00 2.317303 18.13
1224.00 2.317303 18.13
1225.00 2.317303 18.13
1226.00 2.317303 18.13
1227.00 2.317303 18.13
1228.00 2.317303 18.13
1229.00 2.317303 18.13
1230.00 2.317303 18.13
1231.00 2.317303 18.13
1232.00 2.317303 18.13
1233.00 2.317303 18.13
1234.00 2.317303 18.13
1235.00 2.317303 18.13
1236.00 2.317303 18.13
1237.00 2.317303 18.13
1238.00 2.317303 18.13
1239.00 2.317303 18.13
1240.00 2.317303 18.13
1241.00 2.317303 18.13
1242.00 2.317303 18.13
1243.00 2.317303 18.13
1244.00 2.317303 18.13
1245.00 2.317303 18.13
1246.00 2.317303 18.13
1247.00 2.317303 18.13
1248.00 2.317303 18.13
1249.00 2.317303 18.13
1250.00 2.317303 18.13
1251.00 2.317303 18.13
1252.00 2.317303 18.13
1253.00 2.317303 18.13
1254.00 2.317303 18.13
1255.00 2.317303 18.13
1256.00 2.317303 18.13
1257.00 2.317303 18.13
1258.00 2.317303 18.13
1259.00 2.317303 18.13
1260.00 2.317303 18.13
1261.00 2.317303 18.13
1262.00 2.317303 18.13
1263.00 2.317303 18.13
1264.00 2.317303 18.13
1265.00 2.317303 18.13
1266.00 2.317303 18.13
1267.00 2.317303 18.13
1268.00 2.317303 18.13
1269.00 2.317303 18.13
1270.00 2.317303 18.13
1271.00 2.317303 18.13
1272.00 2.317303 18.13
1273.00 2.317303 18.13
1274.00 2.317303 18.13
1275.00 2.317303 18.13
1276.00 2.317303 18.13
1277.00 2.317303 18.13
1278.00 2.317303 18.13
1279.00 2.317303 18.13
1280.00 2.317303 18.13
1281.00 2.317303 18.13
1282.00 2.317303 18.13
1283.00 2.317303 18.13
1284.00 2.317303 18.13
1285.00 2.317303 18.13
1286.00 2.317303 18.13
1287.00 2.317303 18.13
1288.00 2.317303 18.13
1289.00 2.317303 18.13
1290.00 2.317303 18.13
1291.00 2.317303 18.13
1292.00 2.317303 18.13
1293.00 2.317303 18.13
1294.00 2.317303 18.13
1295.00 2.317303 18.13
1296.00 2.317303 18.13
1297.00 2.317303 18.13
1298.00 2.317303 18.13
1299.00 2.317303 18.13
1300.00 2.317303 18.13
1301.00 2.317303 18.13
1302.00 2.317303 18.13
1303.00 2.317303 18.13
1304.00 2.317303 18.13
1305.00 2.317303 18.13
1306.00 2.317303 18.13
1307.00 2.317303 18.13
1308.00 2.317303 18.13
1309.00 2.317303 18.13
1310.00 2.317303 18.13
1311.00 2.317303 18.13
1312.00 2.317303 18.13
1313.00 2.317303 18.13
1314.00 2.317303 18.13
1315.00 2.317303 18.13
1316.00 2.317303 18.13
1317.00 2.317303 18.13
1318.00 2.317303 18.13
1319.00 2.317303 18.13
1320.00 2.317303 18.13
1321.00 2.317303 18.13
1322.00 2.317303 18.13
1323.00 2.317303 18.13
1324.00 2.317303 18.13
1325.00 2.317303 18.13
1326.00 2.317303 18.13
1327.00 2.317303 18.13
1328.00 2.317303 18.13
1329.00 2.317303 18.13
1330.00 2.317303 18.13
1331.00 2.317303 18.13
1332.00 2.317303 18.13
1333.00 2.317303 18.13
1334.00 2.317303 18.13
1335.00 2.317303 18.13
1336.00 2.317303 18.13
1337.00 2.317303 18.13
1338.00 2.317303 18.13
1339.00 2.317303 18.13
1340.00 2.317303 18.13
1341.00 2.317303 18.13
1342.00 2.317303 18.13
1343.00 2.317303 18.13
1344.00 2.317303 18.13
1345.00 2.317303 18.13
1346.00 2.317303 18.13
1347.00 2.317303 18.13
1348.00 2.317303 18.13
1349.00 2.317303 18.13
1350.00 2.317303 18.13
1351.00 2.317303 18.13
1352.00 2.317303 18.13
1353.00 2.317303 18.13
1354.00 2.317303 18.13
1355.00 2.317303 18.13
1356.00 2.317303 18.13
1357.00 2.317303 18.13
1358.00 2.317303 18.13
1359.00 2.317303 18.13
1360.00 2.317303 18.13
1361.00 2.317303 18.13
1362.00 2.317303 18.13
1363.00 2.317303 18.13
1364.00 2.317303 18.13
1365.00 2.317303 18.13
1366.00 2.317303 18.13
1367.00 2.317303 18.13
1368.00 2.317303 18.13
1369.00 2.317303 18.13
1370.00 2.317303 18.13
1371.00 2.317303 18.13
1372.00 2.317303 18.13
1373.00 2.317303 18.13
1374.00 2.317303 18.13
1375.00 2.317303 18.13
1376.00 2.317303 18.13
1377.00 2.317303 18.13
1378.00 2.317303 18.13
1379.00 2.317303 18.13
1380.00 2.317303 18.13
1381.00 2.317303 18.13
1382.00 2.317303 18.13
1383.00 2.317303 18.13
1384.00 2.317303 18.13
1385.00 2.317303 18.13
1386.00 2.317303 18.13
1387.00 2.317303 18.13
1388.00 2.317303 18.13
1389.00 2.317303 18.13
1390.00 2.317303 18.13
1391.00 2.317303 18.13
1392.00 2.317303 18.13
1393.00 2.317303 18.13
1394.00 2.317303 18.13
1395.00 2.317303 18.13
1396.00 2.317303 18.13
1397.00 2.317303 18.13
1398.00 2.317303 18.13
1399.00 2.317303 18.13
1400.00 2.317303 18.13
1401.00 2.317303 18.13
1402.00 2.317303 18.13
1403.00 2.317303 18.13
1404.00 2.317303 18.13
1405.00 2.317303 18.13
1406.00 2.317303 18.13
1407.00 2.317303 18.13
1408.00 2.317303 18.13
1409.00 2.317303 18.13
1410.00 2.317303 18.13
1411.00 2.317303 18.13
1412.00 2.317303 18.13
1413.00 2.317303 18.13
1414.00 2.317303 18.13
1415.00 2.317303 18.13
1416.00 2.317303 18.13
1417.00 2.317303 18.13
1418.00 2.317303 18.13
1419.00 2.317303 18.13
1420.00 2.317303 18.13
1421.00 2.317303 18.13
1422.00 2.317303 18.13
1423.00 2.317303 18.13
1424.00 2.317303 18.13
1425.00 2.317303 18.13
1426.00 2.317303 18.13
1427.00 2.317303 18.13
1428.00 2.317303 18.13
1429.00 2.317303 18.13
1430.00 2.317303 18.13
1431.00 2.317303 18.13
1432.00 2.317303 18.13
1433.00 2.317303 18.13
1434.00 2.317303 18.13
1435.00 2.317303 18.13
1436.00 2.317303 18.13
1437.00 2.317303 18.13
1438.00 2.317303 18.13
1439.00 2.317303 18.13
1440.00 2.317303 18.13
1441.00 2.317303 18.13
1442.00 2.317303 18.13
1443.00 2.317303 18.13
1444.00 2.317303 18.13
1445.00 2.317303 18.13
1446.00 2.317303 18.13
1447.00 2.317303 18.13
1448.00 2.317303 18.13
1449.00 2.317303 18.13
1450.00 2.317303 18.13
1451.00 2.317303 18.13
1452.00 2.317303 18.13
1453.00 2.317303 18.13
1454.00 2.317303 18.13
1455.00 2.317303 18.13
1456.00 2.317303 18.13
1457.00 2.317303 18.13
1458.00 2.317303 18.13
1459.00 2.317303 18.13
1460.00 2.317303 18.13
1461.00 2.317303 18.13
1462.00 2.317303 18.13
1463.00 2.317303 18.13
1464.00 2.317303 18.13
1465.00 2.317303 18.13
1466.00 2.317303 18.13
1467.00 2.317303 18.13
1468.00 2.317303 18.13
1469.00 2.317303 18.13
1470.00 2.317303 18.13
1471.00 2.317303 18.13
1472.00 2.317303 18.13
1473.00 2.317303 18.13
1474.00 2.317303 18.13
1475.00 2.317303 18.13
1476.00 2.317303 18.13
1477.00 2.317303 18.13
1478.00 2.317303 18.13
1479.00 2.317303 18.13
1480.00 2.317303 18.13
1481.00 2.317303 18.13
1482.00 2.317303 18.13
1483.00 2.317303 18.13
1484.00 2.317303 18.13
1485.00 2.317303 18.13
1486.00 2.317303 18.13
1487.00 2.317303 18.13
1488.00 2.317303 18.13
1489.00 2.317303 18.13
1490.00 2.317303 18.13
1491.00 2.317303 18.13
1492.00 2.317303 18.13
1493.00 2.317303 18.13
1494.00 2.317303 18.13
1495.00 2.317303 18.13
1496.00 2.317303 18.13
1497.00 2.317303 18.13
1498.00 2.317303 18.13
1499.00 2.317303 18.13
1500.00 2.317303 18.13
1501.00 2.317303 18.13
1502.00 2.317303 18.13
1503.00 2.317303 18.13
1504.00 2.317303 18.13
1505.00 2.317303 18.13
1506.00 2.317303 18.13
1507.00 2.317303 18.13
1508.00 2.317303 18.13
1509.00 2.317303 18.13
1510.00 2.317303 18.13
1511.00 2.317303 18.13
1512.00 2.317303 18.13
1513.00 2.317303 18.13
1514.00 2.317303 18.13
1515.00 2.317303 18.13
1516.00 2.317303 18.13
1517.00 2.317303 18.13
1518.00 2.317303 18.13
1519.00 2.317303 18.13
1520.00 2.317303 18.13
1521.00 2.317303 18.13
1522.00 2.317303 18.13
1523.00 2.317303 18.13
1524.00 2.317303 18.13
1525.00 2.317303 18.13
1526.00 2.317303 18.13
1527.00 2.317303 18.13
1528.00 2.317303 18.13
1529.00 2.317303 18.13
1530.00 2.317303 18.13
1531.00 2.317303 18.13
1532.00 2.317303 18.13
1533.00 2.317303 18.13
1534.00 2.317303 18.13
1535.00 2.317303 18.13
1536.00 2.317303 18.13
1537.00 2.317303 18.13
1538.00 2.317303 18.13
1539.00 2.317303 18.13
1540.00 2.317303 18.13
1541.00 2.317303 18.13
1542.00 2.317303 18.13
1543.00 2.317303 18.13
1544.00 2.317303 18.13
1545.00 2.317303 18.13
1546.00 2.317303 18.13
1547.00 2.317303 18.13
1548.00 2.317303 18.13
1549.00 2.317303 18.13
1550.00 2.317303 18.13
1551.00 2.317303 18.13
1552.00 2.317303 18.13
1553.00 2.317303 18.13
1554.00 2.317303 18.13
1555.00 2.317303 18.13
1556.00 2.317303 18.13
1557.00 2.317303 18.13
1558.00 2.317303 18.13
1559.00 2.317303 18.13
1560.00 2.317303 18.13
1561.00 2.317303 18.13
1562.00 2.317303 18.13
1563.00 2.317303 18.13
1564.00 2.317303 18.13
1565.00 2.317303 18.13
1566.00 2.317303 18.13
1567.00 2.317303 18.13
1568.00 2.317303 18.13
1569.00 2.317303 18.13
1570.00 2.317303 18.13
1571.00 2.317303 18.13
1572.00 2.317303 18.13
1573.00 2.317303 18.13
1574.00 2.317303 18.13
1575.00 2.317303 18.13
1576.00 2.317303 18.13
1577.00 2.317303 18.13
1578.00 2.317303 18.13
1579.00 2.317303 18.13
1580.00 2.317303 18.13
1581.00 2.317303 18.13
1582.00 2.317303 18.13
1583.00 2.317303 18.13
1584.00 2.317303 18.13
1585.00 2.317303 18.13
1586.00 2.317303 18.13
1587.00 2.317303 18.13
1588.00 2.317303 18.13
1589.00 2.317303 18.13
1590.00 2.317303 18.13
1591.00 2.317303 18.13
1592.00 2.317303 18.13
1593.00 2.317303 18.13
1594.00 2.317303 18.13
1595.00 2.317303 18.13
1596.00 2.317303 18.13
1597.00 2.317303 18.13
1598.00 2.317303 18.13
1599.00 2.317303 18.13
1600.00 2.317303 18.13
1601.00 2.317303 18.13
1602.00 2.317303 18.13
1603.00 2.317303 18.13
1604.00 2.317303 18.13
1605.00 2.317303 18.13
1606.00 2.317303 18.13
1607.00 2.317303 18.13
1608.00 2.317303 18.13
1609.00 2.317303 18.13
1610.00 2.317303 18.13
1611.00 2.317303 18.13
1612.00 2.317303 18.13
1613.00 2.317303 18.13
1614.00 2.317303 18.13
1615.00 2.317303 18.13
1616.00 2.317303 18.13
1617.00 2.317303 18.13
1618.00 2.317303 18.13
1619.00 2.317303 18.13
1620.00 2.317303 18.13
1621.00 2.317303 18.13
1622.00 2.317303 18.13
1623.00 2.317303 18.13
1624.00 2.317303 18.13
1625.00 2.317303 18.13
1626.00 2.317303 18.13
1627.00 2.317303 18.13
1628.00 2.317303 18.13
1629.00 2.317303 18.13
1630.00 2.317303 18.13
1631.00 2.317303 18.13
1632.00 2.317303 18.13
1633.00 2.317303 18.13
1634.00 2.317303 18.13
1635.00 2.317303 18.13
1636.00 2.317303 18.13
1637.00 2.317303 18.13
1638.00 2.317303 18.13
1639.00 2.317303 18.13
1640.00 2.317303 18.13
1641.00 2.317303 18.13
1642.00 2.317303 18.13
1643.00 2.317303 18.13
1644.00 2.317303 18.13
1645.00 2.317303 18.13
1646.00 2.317303 18.13
1647.00 2.317303 18.13
1648.00 2.317303 18.13
1649.00 2.317303 18.13
1650.00 2.317303 18.13
1651.00 2.317303 18.13
1652.00 2.317303 18.13
1653.00 2.317303 18.13
1654.00 2.317303 18.13
1655.00 2.317303 18.13
1656.00 2.317303 18.13
1657.00 2.317303 18.13
1658.00 2.317303 18.13
1659.00 2.317303 18.13
1660.00 2.317303 18.13
1661.00 2.317303 18.13
1662.00 2.317303 18.13
1663.00 2.317303 18.13
1664.00 2.317303 18.13
1665.00 2.317303 18.13
1666.00 2.317303 18.13
1667.00 2.317303 18.13
1668.00 2.317303 18.13
1669.00 2.317303 18.13
1670.00 2.317303 18.13
1671.00 2.317303 18.13
1672.00 2.317303 18.13
1673.00 2.317303 18.13
1674.00 2.317303 18.13
1675.00 2.317303 18.13
1676.00 2.317303 18.13
1677.00 2.317303 18.13
1678.00 2.317303 18.13
1679.00 2.317303 18.13
1680.00 2.317303 18.13
1681.00 2.317303 18.13
1682.00 2.317303 18.13
1683.00 2.317303 18.13
1684.00 2.317303 18.13
1685.00 2.317303 18.13
1686.00 2.317303 18.13
1687.00 2.317303 18.13
1688.00 2.317303 18.13
1689.00 2.317303 18.13
1690.00 2.317303 18.13
1691.00 2.317303 18.13
1692.00 2.317303 18.13
1693.00 2.317303 18.13
1694.00 2.317303 18.13
1695.00 2.317303 18.13
1696.00 2.317303 18.13
1697.00 2.317303 18.13
1698.00 2.317303 18.13
1699.00 2.317303 18.13
1700.00 2.317303 18.13
1701.00 2.317303 18.13
1702.00 2.317303 18.13
1703.00 2.317303 18.13
1704.00 2.317303 18.13
1705.00 2.317303 18.13
1706.00 2.317303 18.13
1707.00 2.317303 18.13
1708.00 2.317303 18.13
1709.00 2.317303 18.13
1710.00 2.317303 18.13
1711.00 2.317303 18.13
1712.00 2.317303 18.13
1713.00 2.317303 18.13
1714.00 2.317303 18.13
1715.00 2.317303 18.13
1716.00 2.317303 18.13
1717.00 2.317303 18.13
1718.00 2.317303 18.13
1719.00 2.317303 18.13
1720.00 2.317303 18.13
1721.00 2.317303 18.13
1722.00 2.317303 18.13
1723.00 2.317303 18.13
1724.00 2.317303 18.13
1725.00 2.317303 18.13
1726.00 2.317303 18.13
1727.00 2.317303 18.13
1728.00 2.317303 18.13
1729.00 2.317303 18.13
1730.00 2.317303 18.13
1731.00 2.317303 18.13
1732.00 2.317303 18.13
1733.00 2.317303 18.13
1734.00 2.317303 18.13
1735.00 2.317303 18.13
1736.00 2.317303 18.13
1737.00 2.317303 18.13
1738.00 2.317303 18.13
1739.00 2.317303 18.13
1740.00 2.317303 18.13
1741.00 2.317303 18.13
1742.00 2.317303 18.13
1743.00 2.317303 18.13
1744.00 2.317303 18.13
1745.00 2.317303 18.13
1746.00 2.317303 18.13
1747.00 2.317303 18.13
1748.00 2.317303 18.13
1749.00 2.317303 18.13
1750.00 2.317303 18.13
1751.00 2.317303 18.13
1752.00 2.317303 18.13
1753.00 2.317303 18.13
1754.00 2.317303 18.13
1755.00 2.317303 18.13
1756.00 2.317303 18.13
1757.00 2.317303 18.13
1758.00 2.317303 18.13
1759.00 2.317303 18.13
1760.00 2.317303 18.13
1761.00 2.317303 18.13
1762.00 2.317303 18.13
1763.00 2.317303 18.13
1764.00 2.317303 18.13
1765.00 2.317303 18.13
1766.00 2.317303 18.13
1767.00 2.317303 18.13
1768.00 2.317303 18.13
1769.00 2.317303 18.13
1770.00 2.317303 18.13
1771.00 2.317303 18.13
1772.00 2.317303 18.13
1773.00 2.317303 18.13
1774.00 2.317303 18.13
1775.00 2.317303 18.13
1776.00 2.317303 18.13
1777.00 2.317303 18.13
1778.00 2.317303 18.13
1779.00 2.317303 18.13
1780.00 2.317303 18.13
1781.00 2.317303 18.13
1782.00 2.317303 18.13
1783.00 2.317303 18.13
1784.00 2.317303 18.13
1785.00 2.317303 18.13
1786.00 2.317303 18.13
1787.00 2.317303 18.13
1788.00 2.317303 18.13
1789.00 2.317303 18.13
1790.00 2.317303 18.13
1791.00 2.317303 18.13
1792.00 2.317303 18.13
1793.00 2.317303 18.13
1794.00 2.317303 18.13
1795.00 2.317303 18.13
1796.00 2.317303 18.13
1797.00 2.317303 18.13
1798.00 2.317303 18.13
1799.00 2.317303 18.13
1800.00 2.317303 18.13
1801.00 2.317303 18.13
1802.00 2.317303 18.13
1803.00 2.317303 18.13
1804.00 2.317303 18.13
1805.00 2.317303 18.13
1806.00 2.317303 18.13
1807.00 2.317303 18.13
1808.00 2.317303 18.13
1809.00 2.317303 18.13
1810.00 2.317303 18.13
1811.00 2.317303 18.13
1812.00 2.317303 18.13
1813.00 2.317303 18.13
1814.00 2.317303 18.13
1815.00 2.317303 18.13
1816.00 2.317303 18.13
1817.00 2.317303 18.13
1818.00 2.317303 18.13
1819.00 2.317303 18.13
1820.00 2.317303 18.13
1821.00 2.317303 18.13
1822.00 2.317303 18.13
1823.00 2.317303 18.13
1824.00 2.317303 18.13
1825.00 2.317303 18.13
1826.00 2.317303 18.13
1827.00 2.317303 18.13
1828.00 2.317303 18.13
1829.00 2.317303 18.13
1830.00 2.317303 18.13
1831.00 2.317303 18.13
1832.00 2.317303 18.13
1833.00 2.317303 18.13
1834.00 2.317303 18.13
1835.00 2.317303 18.13
1836.00 2.317303 18.13
1837.00 2.317303 18.13
1838.00 2.317303 18.13
1839.00 2.317303 18.13
1840.00 2.317303 18.13
1841.00 2.317303 18.13
1842.00 2.317303 18.13
1843.00 2.317303 18.13
1844.00 2.317303 18.13
1845.00 2.317303 18.13
1846.00 2.317303 18.13
1847.00 2.317303 18.13
1848.00 2.317303 18.13
1849.00 2.317303 18.13
1850.00 2.317303 18.13
1851.00 2.317303 18.13
1852.00 2.317303 18.13
1853.00 2.317303 18.13
1854.00 2.317303 18.13
1855.00 2.317303 18.13
1856.00 2.317303 18.13
1857.00 2.317303 18.13
1858.00 2.317303 18.13
1859.00 2.317303 18.13
1860.00 2.317303 18.13
1861.00 2.317303 18.13
1862.00 2.317303 18.13
1863.00 2.317303 18.13
1864.00 2.317303 18.13
1865.00 2.317303 18.13
1866.00 2.317303 18.13
1867.00 2.317303 18.13
1868.00 2.317303 18.13
1869.00 2.317303 18.13
1870.00 2.317303 18.13
1871.00 2.317303 18.13
1872.00 2.317303 18.13
1873.00 2.317303 18.13
1874.00 2.317303 18.13
1875.00 2.317303 18.13
1876.00 2.317303 18.13
1877.00 2.317303 18.13
1878.00 2.317303 18.13
1879.00 2.317303 18.13
1880.00 2.317303 18.13
1881.00 2.317303 18.13
1882.00 2.317303 18.13
1883.00 2.317303 18.13
1884.00 2.317303 18.13
1885.00 2.317303 18.13
1886.00 2.317303 18.13
1887.00 2.317303 18.13
1888.00 2.317303 18.13
1889.00 2.317303 18.13
1890.00 2.317303 18.13
1891.00 2.317303 18.13
1892.00 2.317303 18.13
1893.00 2.317303 18.13
1894.00 2.317303 18.13
1895.00 2.317303 18.13
1896.00 2.317303 18.13
1897.00 2.317303 18.13
1898.00 2.317303 18.13
1899.00 2.317303 18.13
1900.00 2.317303 18.13
1901.00 2.317303 18.13
1902.00 2.317303 18.13
1903.00 2.317303 18.13
1904.00 2.317303 18.13
1905.00 2.317303 18.13
1906.00 2.317303 18.13
1907.00 2.317303 18.13
1908.00 2.317303 18.13
1909.00 2.317303 18.13
1910.00 2.317303 18.13
1911.00 2.317303 18.13
1912.00 2.317303 18.13
1913.00 2.317303 18.13
1914.00 2.317303 18.13
1915.00 2.317303 18.13
1916.00 2.317303 18.13
1917.00 2.317303 18.13
1918.00 2.317303 18.13
1919.00 2.317303 18.13
1920.00 2.317303 18.13
1921.00 2.317303 18.13
1922.00 2.317303 18.13
1923.00 2.317303 18.13
1924.00 2.317303 18.13
1925.00 2.317303 18.13
1926.00 2.317303 18.13
1927.00 2.317303 18.13
1928.00 2.317303 18.13
1929.00 2.317303 18.13
1930.00 2.317303 18.13
1931.00 2.317303 18.13
1932.00 2.317303 18.13
1933.00 2.317303 18.13
1934.00 2.317303 18.13
1935.00 2.317303 18.13
1936.00 2.317303 18.13
1937.00 2.317303 18.13
1938.00 2.317303 18.13
1939.00 2.317303 18.13
1940.00 2.317303 18.13
1941.00 2.317303 18.13
1942.00 2.317303 18.13
1943.00 2.317303 18.13
1944.00 2.317303 18.13
1945.00 2.317303 18.13
1946.00 2.317303 18.13
1947.00 2.317303 18.13
1948.00 2.317303 18.13
1949.00 2.317303 18.13
1950.00 2.317303 18.13
1951.00 2.317303 18.13
1952.00 2.317303 18.13
1953.00 2.317303 18.13
1954.00 2.317303 18.13
1955.00 2.317303 18.13
1956.00 2.317303 18.13
1957.00 2.317303 18.13
1958.00 2.317303 18.13
1959.00 2.317303 18.13
1960.00 2.317303 18.13
1961.00 2.317303 18.13
1962.00 2.317303 18.13
1963.00 2.317303 18.13
1964.00 2.317303 18.13
1965.00 2.317303 18.13
1966.00 2.317303 18.13
1967.00 2.317303 18.13
1968.00 2.317303 18.13
1969.00 2.317303 18.13
1970.00 2.317303 18.13
1971.00 2.317303 18.13
1972.00 2.317303 18.13
1973.00 2.317303 18.13
1974.00 2.317303 18.13
1975.00 2.317303 18.13
1976.00 2.317303 18.13
1977.00 2.317303 18.13
1978.00 2.317303 18.13
1979.00 2.317303 18.13
1980.00 2.317303 18.13
1981.00 2.317303 18.13
1982.00 2.317303 18.13
1983.00 2.317303 18.13
1984.00 2.317303 18.13
1985.00 2.317303 18.13
1986.00 2.317303 18.13
1987.00 2.317303 18.13
1988.00 2.317303 18.13
1989.00 2.317303 18.13
1990.00 2.317303 18.13
1991.00 2.317303 18.13
1992.00 2.317303 18.13
1993.00 2.317303 18.13
1994.00 2.317303 18.13
1995.00 2.317303 18.13
1996.00 2.317303 18.13
1997.00 2.317303 18.13
1998.00 2.317303 18.13
1999.00 2.317303 18.13
2000.00 2.317303 18.13
