0.00 0.600805 9.00
1.00 0.598830 9.00
2.00 0.596864 9.00
3.00 0.594910 9.00
4.00 0.592967 9.00
5.00 0.591036 9.00
6.00 0.589114 9.00
7.00 0.587217 8.99
8.00 0.585337 8.98
9.00 0.583470 8.98
10.00 0.581608 8.98
11.00 0.579758 8.97
12.00 0.577918 8.97
13.00 0.576089 8.95
14.00 0.574300 8.93
15.00 0.572561 8.92
16.00 0.570843 8.90
17.00 0.569150 8.89
18.00 0.567469 8.87
19.00 0.565815 8.86
20.00 0.564166 8.86
21.00 0.562509 8.86
22.00 0.560857 8.84
23.00 0.559234 8.83
24.00 0.557630 8.82
25.00 0.556043 8.82
26.00 0.554487 8.80
27.00 0.552951 8.80
28.00 0.551431 8.79
29.00 0.549917 8.78
30.00 0.548408 8.77
31.00 0.546961 8.76
32.00 0.545632 8.73
33.00 0.544367 8.73
34.00 0.543109 8.72
35.00 0.541919 8.71
36.00 0.540729 8.71
37.00 0.539536 8.71
38.00 0.538382 8.69
39.00 0.537259 8.68
40.00 0.536146 8.66
41.00 0.535039 8.66
42.00 0.533946 8.64
43.00 0.532909 8.63
44.00 0.531980 8.61
45.00 0.531134 8.60
46.00 0.530383 8.59
47.00 0.529636 8.59
48.00 0.528906 8.58
49.00 0.528214 8.57
50.00 0.527587 8.57
51.00 0.526961 8.57
52.00 0.526335 8.57
53.00 0.525706 8.57
54.00 0.525082 8.56
55.00 0.524455 8.56
56.00 0.523872 8.55
57.00 0.523305 8.55
58.00 0.522735 8.55
59.00 0.522161 8.55
60.00 0.521589 8.54
61.00 0.521013 8.54
62.00 0.520434 8.54
63.00 0.519849 8.54
64.00 0.519316 8.53
65.00 0.518792 8.52
66.00 0.518335 8.51
67.00 0.517892 8.51
68.00 0.517450 8.51
69.00 0.517009 8.51
70.00 0.516569 8.51
71.00 0.516146 8.50
72.00 0.515766 8.49
73.00 0.515435 8.48
74.00 0.515128 8.48
75.00 0.514825 8.48
76.00 0.514526 8.48
77.00 0.514230 8.47
78.00 0.513937 8.47
79.00 0.513646 8.47
80.00 0.513390 8.46
81.00 0.513156 8.46
82.00 0.512926 8.46
83.00 0.512699 8.46
84.00 0.512484 8.45
85.00 0.512277 8.45
86.00 0.512072 8.45
87.00 0.511870 8.45
88.00 0.511669 8.45
89.00 0.511470 8.45
90.00 0.511271 8.45
91.00 0.511075 8.44
92.00 0.510888 8.44
93.00 0.510703 8.44
94.00 0.510519 8.44
95.00 0.510337 8.44
96.00 0.510155 8.44
97.00 0.509994 8.43
98.00 0.509855 8.43
99.00 0.509722 8.43
100.00 0.509592 8.43
101.00 0.509465 8.43
102.00 0.509341 8.43
103.00 0.509219 8.43
104.00 0.509099 8.43
105.00 0.508981 8.43
106.00 0.508865 8.43
107.00 0.508749 8.43
108.00 0.508635 8.43
109.00 0.508522 8.43
110.00 0.508409 8.43
111.00 0.508297 8.43
112.00 0.508186 8.43
113.00 0.508075 8.43
114.00 0.507965 8.43
115.00 0.507854 8.43
116.00 0.507744 8.43
117.00 0.507634 8.43
118.00 0.507527 8.42
119.00 0.507436 8.42
120.00 0.507347 8.42
121.00 0.507260 8.42
122.00 0.507175 8.42
123.00 0.507092 8.42
124.00 0.507010 8.42
125.00 0.506929 8.42
126.00 0.506849 8.42
127.00 0.506771 8.41
128.00 0.506693 8.41
129.00 0.506617 8.41
130.00 0.506564 8.40
131.00 0.506513 8.40
132.00 0.506465 8.40
133.00 0.506419 8.40
134.00 0.506374 8.40
135.00 0.506330 8.40
136.00 0.506287 8.40
137.00 0.506246 8.40
138.00 0.506205 8.39
139.00 0.506167 8.39
140.00 0.506130 8.39
141.00 0.506094 8.39
142.00 0.506058 8.39
143.00 0.506024 8.39
144.00 0.505990 8.39
145.00 0.505957 8.39
146.00 0.505925 8.39
147.00 0.505894 8.39
148.00 0.505863 8.39
149.00 0.505833 8.39
150.00 0.505803 8.39
151.00 0.505775 8.39
152.00 0.505746 8.39
153.00 0.505719 8.39
154.00 0.505692 8.39
155.00 0.505666 8.39
156.00 0.505640 8.39
157.00 0.505614 8.39
158.00 0.505590 8.39
159.00 0.505565 8.39
160.00 0.505542 8.39
161.00 0.505518 8.39
162.00 0.505496 8.39
163.00 0.505473 8.39
164.00 0.505451 8.39
165.00 0.505430 8.39
166.00 0.505409 8.39
167.00 0.505388 8.39
168.00 0.505368 8.39
169.00 0.505348 8.39
170.00 0.505329 8.39
171.00 0.505310 8.39
172.00 0.505291 8.39
173.00 0.505273 8.39
174.00 0.505255 8.39
175.00 0.505238 8.39
176.00 0.505220 8.39
177.00 0.505204 8.39
178.00 0.505187 8.39
179.00 0.505171 8.39
180.00 0.505155 8.39
181.00 0.505139 8.39
182.00 0.505124 8.39
183.00 0.505109 8.39
184.00 0.505094 8.39
185.00 0.505080 8.39
186.00 0.505066 8.39
187.00 0.505052 8.39
188.00 0.505038 8.39
189.00 0.505025 8.39
190.00 0.505012 8.39
191.00 0.504999 8.39
192.00 0.504987 8.39
193.00 0.504974 8.39
194.00 0.504962 8.39
195.00 0.504950 8.39
196.00 0.504939 8.39
197.00 0.504927 8.39
198.00 0.504916 8.39
199.00 0.504905 8.39
200.00 0.504894 8.39
201.00 0.504884 8.39
202.00 0.504874 8.39
203.00 0.504863 8.39
204.00 0.504853 8.39
205.00 0.504844 8.39
206.00 0.504834 8.39
207.00 0.504825 8.39
208.00 0.504815 8.39
209.00 0.504806 8.39
210.00 0.504797 8.39
211.00 0.504789 8.39
212.00 0.504780 8.39
213.00 0.504772 8.39
214.00 0.504764 8.39
215.00 0.504755 8.39
216.00 0.504747 8.39
217.00 0.504740 8.39
218.00 0.504732 8.39
219.00 0.504725 8.39
220.00 0.504717 8.39
221.00 0.504710 8.39
222.00 0.504703 8.39
223.00 0.504696 8.39
224.00 0.504689 8.39
225.00 0.504683 8.39
226.00 0.504676 8.39
227.00 0.504670 8.39
228.00 0.504663 8.39
229.00 0.504657 8.39
230.00 0.504651 8.39
231.00 0.504645 8.39
232.00 0.504639 8.39
233.00 0.504633 8.39
234.00 0.504628 8.39
235.00 0.504622 8.39
236.00 0.504617 8.39
237.00 0.504612 8.39
238.00 0.504606 8.39
239.00 0.504601 8.39
240.00 0.504596 8.39
241.00 0.504591 8.39
242.00 0.504586 8.39
243.00 0.504582 8.39
244.00 0.504577 8.39
245.00 0.504572 8.39
246.00 0.504568 8.39
247.00 0.504564 8.39
248.00 0.504559 8.39
249.00 0.504555 8.39
250.00 0.504551 8.39
251.00 0.504547 8.39
252.00 0.504543 8.39
253.00 0.504539 8.39
254.00 0.504535 8.39
255.00 0.504531 8.39
256.00 0.504527 8.39
257.00 0.504524 8.39
258.00 0.504520 8.39
259.00 0.504517 8.39
260.00 0.504513 8.39
261.00 0.504510 8.39
262.00 0.504507 8.39
263.00 0.504503 8.39
264.00 0.504500 8.39
265.00 0.504497 8.39
266.00 0.504494 8.39
267.00 0.504491 8.39
268.00 0.504488 8.39
269.00 0.504485 8.39
270.00 0.504482 8.39
271.00 0.504479 8.39
272.00 0.504477 8.39
273.00 0.504474 8.39
274.00 0.504471 8.39
275.00 0.504469 8.39
276.00 0.504466 8.39
277.00 0.504464 8.39
278.00 0.504461 8.39
279.00 0.504459 8.39
280.00 0.504457 8.39
281.00 0.504454 8.39
282.00 0.504452 8.39
283.00 0.504450 8.39
284.00 0.504448 8.39
285.00 0.504445 8.39
286.00 0.504443 8.39
287.00 0.504441 8.39
288.00 0.504439 8.39
289.00 0.504437 8.39
290.00 0.504435 8.39
291.00 0.504433 8.39
292.00 0.504431 8.39
293.00 0.504430 8.39
294.00 0.504428 8.39
295.00 0.504426 8.39
296.00 0.504424 8.39
297.00 0.504423 8.39
298.00 0.504421 8.39
299.00 0.504419 8.39
300.00 0.504418 8.39
301.00 0.504416 8.39
302.00 0.504415 8.39
303.00 0.504413 8.39
304.00 0.504412 8.39
305.00 0.504410 8.39
306.00 0.504409 8.39
307.00 0.504407 8.39
308.00 0.504406 8.39
309.00 0.504405 8.39
310.00 0.504403 8.39
311.00 0.504402 8.39
312.00 0.504401 8.39
313.00 0.504399 8.39
314.00 0.504398 8.39
315.00 0.504397 8.39
316.00 0.504396 8.39
317.00 0.504395 8.39
318.00 0.504393 8.39
319.00 0.504392 8.39
320.00 0.504391 8.39
321.00 0.504390 8.39
322.00 0.504389 8.39
323.00 0.504388 8.39
324.00 0.504387 8.39
325.00 0.504386 8.39
326.00 0.504385 8.39
327.00 0.504384 8.39
328.00 0.504383 8.39
329.00 0.504382 8.39
330.00 0.504381 8.39
331.00 0.504380 8.39
332.00 0.504380 8.39
333.00 0.504379 8.39
334.00 0.504378 8.39
335.00 0.504377 8.39
336.00 0.504376 8.39
337.00 0.504375 8.39
338.00 0.504375 8.39
339.00 0.504374 8.39
340.00 0.504373 8.39
341.00 0.504372 8.39
342.00 0.504372 8.39
343.00 0.504371 8.39
344.00 0.504370 8.39
345.00 0.504370 8.39
346.00 0.504369 8.39
347.00 0.504368 8.39
348.00 0.504368 8.39
349.00 0.504367 8.39
350.00 0.504366 8.39
351.00 0.504366 8.39
352.00 0.504365 8.39
353.00 0.504365 8.39
354.00 0.504364 8.39
355.00 0.504363 8.39
356.00 0.504363 8.39
357.00 0.504362 8.39
358.00 0.504362 8.39
359.00 0.504361 8.39
360.00 0.504361 8.39
361.00 0.504360 8.39
362.00 0.504360 8.39
363.00 0.504359 8.39
364.00 0.504359 8.39
365.00 0.504358 8.39
366.00 0.504358 8.39
367.00 0.504357 8.39
368.00 0.504357 8.39
369.00 0.504357 8.39
370.00 0.504356 8.39
371.00 0.504356 8.39
372.00 0.504355 8.39
373.00 0.504355 8.39
374.00 0.504354 8.39
375.00 0.504354 8.39
376.00 0.504354 8.39
377.00 0.504353 8.39
378.00 0.504353 8.39
379.00 0.504353 8.39
380.00 0.504352 8.39
381.00 0.504352 8.39
382.00 0.504352 8.39
383.00 0.504351 8.39
384.00 0.504351 8.39
385.00 0.504351 8.39
386.00 0.504350 8.39
387.00 0.504350 8.39
388.00 0.504350 8.39
389.00 0.504349 8.39
390.00 0.504349 8.39
391.00 0.504349 8.39
392.00 0.504349 8.39
393.00 0.504348 8.39
394.00 0.504348 8.39
395.00 0.504348 8.39
396.00 0.504348 8.39
397.00 0.504347 8.39
398.00 0.504347 8.39
399.00 0.504347 8.39
400.00 0.504347 8.39
401.00 0.504346 8.39
402.00 0.504346 8.39
403.00 0.504346 8.39
404.00 0.504346 8.39
405.00 0.504345 8.39
406.00 0.504345 8.39
407.00 0.504345 8.39
408.00 0.504345 8.39
409.00 0.504345 8.39
410.00 0.504344 8.39
411.00 0.504344 8.39
412.00 0.504344 8.39
413.00 0.504344 8.39
414.00 0.504344 8.39
415.00 0.504343 8.39
416.00 0.504343 8.39
417.00 0.504343 8.39
418.00 0.504343 8.39
419.00 0.504343 8.39
420.00 0.504343 8.39
421.00 0.504342 8.39
422.00 0.504342 8.39
423.00 0.504342 8.39
424.00 0.504342 8.39
425.00 0.504342 8.39
426.00 0.504342 8.39
427.00 0.504342 8.39
428.00 0.504341 8.39
429.00 0.504341 8.39
430.00 0.504341 8.39
431.00 0.504341 8.39
432.00 0.504341 8.39
433.00 0.504341 8.39
434.00 0.504341 8.39
435.00 0.504341 8.39
436.00 0.504340 8.39
437.00 0.504340 8.39
438.00 0.504340 8.39
439.00 0.504340 8.39
440.00 0.504340 8.39
441.00 0.504340 8.39
442.00 0.504340 8.39
443.00 0.504340 8.39
444.00 0.504339 8.39
445.00 0.504339 8.39
446.00 0.504339 8.39
447.00 0.504339 8.39
448.00 0.504339 8.39
449.00 0.504339 8.39
450.00 0.504339 8.39
451.00 0.504339 8.39
452.00 0.504339 8.39
453.00 0.504339 8.39
454.00 0.504339 8.39
455.00 0.504338 8.39
456.00 0.504338 8.39
457.00 0.504338 8.39
458.00 0.504338 8.39
459.00 0.504338 8.39
460.00 0.504338 8.39
461.00 0.504338 8.39
462.00 0.504338 8.39
463.00 0.504338 8.39
464.00 0.504338 8.39
465.00 0.504338 8.39
466.00 0.504338 8.39
467.00 0.504338 8.39
468.00 0.504338 8.39
469.00 0.504337 8.39
470.00 0.504337 8.39
471.00 0.504337 8.39
472.00 0.504337 8.39
473.00 0.504337 8.39
474.00 0.504337 8.39
475.00 0.504337 8.39
476.00 0.504337 8.39
477.00 0.504337 8.39
478.00 0.504337 8.39
479.00 0.504337 8.39
480.00 0.504337 8.39
481.00 0.504337 8.39
482.00 0.504337 8.39
483.00 0.504337 8.39
484.00 0.504337 8.39
485.00 0.504337 8.39
486.00 0.504337 8.39
487.00 0.504336 8.39
488.00 0.504336 8.39
489.00 0.504336 8.39
490.00 0.504336 8.39
491.00 0.504336 8.39
492.00 0.504336 8.39
493.00 0.504336 8.39
494.00 0.504336 8.39
495.00 0.504336 8.39
496.00 0.504336 8.39
497.00 0.504336 8.39
498.00 0.504336 8.39
499.00 0.504336 8.39
500.00 0.504336 8.39
501.00 0.504336 8.39
502.00 0.504336 8.39
503.00 0.504336 8.39
504.00 0.504336 8.39
505.00 0.504336 8.39
506.00 0.504336 8.39
507.00 0.504336 8.39
508.00 0.504336 8.39
509.00 0.504336 8.39
510.00 0.504336 8.39
511.00 0.504336 8.39
512.00 0.504336 8.39
513.00 0.504336 8.39
514.00 0.504335 8.39
515.00 0.504335 8.39
516.00 0.504335 8.39
517.00 0.504335 8.39
518.00 0.504335 8.39
519.00 0.504335 8.39
520.00 0.504335 8.39
521.00 0.504335 8.39
522.00 0.504335 8.39
523.00 0.504335 8.39
524.00 0.504335 8.39
525.00 0.504335 8.39
526.00 0.504335 8.39
527.00 0.504335 8.39
528.00 0.504335 8.39
529.00 0.504335 8.39
530.00 0.504335 8.39
531.00 0.504335 8.39
532.00 0.504335 8.39
533.00 0.504335 8.39
534.00 0.504335 8.39
535.00 0.504335 8.39
536.00 0.504335 8.39
537.00 0.504335 8.39
538.00 0.504335 8.39
539.00 0.504335 8.39
540.00 0.504335 8.39
541.00 0.504335 8.39
542.00 0.504335 8.39
543.00 0.504335 8.39
544.00 0.504335 8.39
545.00 0.504335 8.39
546.00 0.504335 8.39
547.00 0.504335 8.39
548.00 0.504335 8.39
549.00 0.504335 8.39
550.00 0.504335 8.39
551.00 0.504335 8.39
552.00 0.504335 8.39
553.00 0.504335 8.39
554.00 0.504335 8.39
555.00 0.504335 8.39
556.00 0.504335 8.39
557.00 0.504335 8.39
558.00 0.504335 8.39
559.00 0.504335 8.39
560.00 0.504335 8.39
561.00 0.504335 8.39
562.00 0.504335 8.39
563.00 0.504335 8.39
564.00 0.504335 8.39
565.00 0.504335 8.39
566.00 0.504335 8.39
567.00 0.504334 8.39
568.00 0.504334 8.39
569.00 0.504334 8.39
570.00 0.504334 8.39
571.00 0.504334 8.39
572.00 0.504334 8.39
573.00 0.504334 8.39
574.00 0.504334 8.39
575.00 0.504334 8.39
576.00 0.504334 8.39
577.00 0.504334 8.39
578.00 0.504334 8.39
579.00 0.504334 8.39
580.00 0.504334 8.39
581.00 0.504334 8.39
582.00 0.504334 8.39
583.00 0.504334 8.39
584.00 0.504334 8.39
585.00 0.504334 8.39
586.00 0.504334 8.39
587.00 0.504334 8.39
588.00 0.504334 8.39
589.00 0.504334 8.39
590.00 0.504334 8.39
591.00 0.504334 8.39
592.00 0.504334 8.39
593.00 0.504334 8.39
594.00 0.504334 8.39
595.00 0.504334 8.39
596.00 0.504334 8.39
597.00 0.504334 8.39
598.00 0.504334 8.39
599.00 0.504334 8.39
600.00 0.504334 8.39
601.00 0.504334 8.39
602.00 0.504334 8.39
603.00 0.504334 8.39
604.00 0.504334 8.39
605.00 0.504334 8.39
606.00 0.504334 8.39
607.00 0.504334 8.39
608.00 0.504334 8.39
609.00 0.504334 8.39
610.00 0.504334 8.39
611.00 0.504334 8.39
612.00 0.504334 8.39
613.00 0.504334 8.39
614.00 0.504334 8.39
615.00 0.504334 8.39
616.00 0.504334 8.39
617.00 0.504334 8.39
618.00 0.504334 8.39
619.00 0.504334 8.39
620.00 0.504334 8.39
621.00 0.504334 8.39
622.00 0.504334 8.39
623.00 0.504334 8.39
624.00 0.504334 8.39
625.00 0.504334 8.39
626.00 0.504334 8.39
627.00 0.504334 8.39
628.00 0.504334 8.39
629.00 0.504334 8.39
630.00 0.504334 8.39
631.00 0.504334 8.39
632.00 0.504334 8.39
633.00 0.504334 8.39
634.00 0.504334 8.39
635.00 0.504334 8.39
636.00 0.504334 8.39
637.00 0.504334 8.39
638.00 0.504334 8.39
639.00 0.504334 8.39
640.00 0.504334 8.39
641.00 0.504334 8.39
642.00 0.504334 8.39
643.00 0.504334 8.39
644.00 0.504334 8.39
645.00 0.504334 8.39
646.00 0.504334 8.39
647.00 0.504334 8.39
648.00 0.504334 8.39
649.00 0.504334 8.39
650.00 0.504334 8.39
651.00 0.504334 8.39
652.00 0.504334 8.39
653.00 0.504334 8.39
654.00 0.504334 8.39
655.00 0.504334 8.39
656.00 0.504334 8.39
657.00 0.504334 8.39
658.00 0.504334 8.39
659.00 0.504334 8.39
660.00 0.504334 8.39
661.00 0.504334 8.39
662.00 0.504334 8.39
663.00 0.504334 8.39
664.00 0.504334 8.39
665.00 0.504334 8.39
666.00 0.504334 8.39
667.00 0.504334 8.39
668.00 0.504334 8.39
669.00 0.504334 8.39
670.00 0.504334 8.39
671.00 0.504334 8.39
672.00 0.504334 8.39
673.00 0.504334 8.39
674.00 0.504334 8.39
675.00 0.504334 8.39
676.00 0.504334 8.39
677.00 0.504334 8.39
678.00 0.504334 8.39
679.00 0.504334 8.39
680.00 0.504334 8.39
681.00 0.504334 8.39
682.00 0.504334 8.39
683.00 0.504334 8.39
684.00 0.504334 8.39
685.00 0.504334 8.39
686.00 0.504334 8.39
687.00 0.504334 8.39
688.00 0.504334 8.39
689.00 0.504334 8.39
690.00 0.504334 8.39
691.00 0.504334 8.39
692.00 0.504334 8.39
693.00 0.504334 8.39
694.00 0.504334 8.39
695.00 0.504334 8.39
696.00 0.504334 8.39
697.00 0.504334 8.39
698.00 0.504334 8.39
699.00 0.504334 8.39
700.00 0.504334 8.39
701.00 0.504334 8.39
702.00 0.504334 8.39
703.00 0.504334 8.39
704.00 0.504334 8.39
705.00 0.504334 8.39
706.00 0.504334 8.39
707.00 0.504334 8.39
708.00 0.504334 8.39
709.00 0.504334 8.39
710.00 0.504334 8.39
711.00 0.504334 8.39
712.00 0.504334 8.39
713.00 0.504334 8.39
714.00 0.504334 8.39
715.00 0.504334 8.39
716.00 0.504334 8.39
717.00 0.504334 8.39
718.00 0.504334 8.39
719.00 0.504334 8.39
720.00 0.504334 8.39
721.00 0.504334 8.39
722.00 0.504334 8.39
723.00 0.504334 8.39
724.00 0.504334 8.39
725.00 0.504334 8.39
726.00 0.504334 8.39
727.00 0.504334 8.39
728.00 0.504334 8.39
729.00 0.504334 8.39
730.00 0.504334 8.39
731.00 0.504334 8.39
732.00 0.504334 8.39
733.00 0.504334 8.39
734.00 0.504334 8.39
735.00 0.504334 8.39
736.00 0.504334 8.39
737.00 0.504334 8.39
738.00 0.504334 8.39
739.00 0.504334 8.39
740.00 0.504334 8.39
741.00 0.504334 8.39
742.00 0.504334 8.39
743.00 0.504334 8.39
744.00 0.504334 8.39
745.00 0.504334 8.39
746.00 0.504334 8.39
747.00 0.504334 8.39
748.00 0.504334 8.39
749.00 0.504334 8.39
750.00 0.504334 8.39
751.00 0.504334 8.39
752.00 0.504334 8.39
753.00 0.504334 8.39
754.00 0.504334 8.39
755.00 0.504334 8.39
756.00 0.504334 8.39
757.00 0.504334 8.39
758.00 0.504334 8.39
759.00 0.504334 8.39
760.00 0.504334 8.39
761.00 0.504334 8.39
762.00 0.504334 8.39
763.00 0.504334 8.39
764.00 0.504334 8.39
765.00 0.504334 8.39
766.00 0.504334 8.39
767.00 0.504334 8.39
768.00 0.504334 8.39
769.00 0.504334 8.39
770.00 0.504334 8.39
771.00 0.504334 8.39
772.00 0.504334 8.39
773.00 0.504334 8.39
774.00 0.504334 8.39
775.00 0.504334 8.39
776.00 0.504334 8.39
777.00 0.504334 8.39
778.00 0.504334 8.39
779.00 0.504334 8.39
780.00 0.504334 8.39
781.00 0.504334 8.39
782.00 0.504334 8.39
783.00 0.504334 8.39
784.00 0.504334 8.39
785.00 0.504334 8.39
786.00 0.504334 8.39
787.00 0.504334 8.39
788.00 0.504334 8.39
789.00 0.504334 8.39
790.00 0.504334 8.39
791.00 0.504334 8.39
792.00 0.504334 8.39
793.00 0.504334 8.39
794.00 0.504334 8.39
795.00 0.504334 8.39
796.00 0.504334 8.39
797.00 0.504334 8.39
798.00 0.504334 8.39
799.00 0.504334 8.39
800.00 0.504334 8.39
801.00 0.504334 8.39
802.00 0.504334 8.39
803.00 0.504334 8.39
804.00 0.504334 8.39
805.00 0.504334 8.39
806.00 0.504334 8.39
807.00 0.504334 8.39
808.00 0.504334 8.39
809.00 0.504334 8.39
810.00 0.504334 8.39
811.00 0.504334 8.39
812.00 0.504334 8.39
813.00 0.504334 8.39
814.00 0.504334 8.39
815.00 0.504334 8.39
816.00 0.504334 8.39
817.00 0.504334 8.39
818.00 0.504334 8.39
819.00 0.504334 8.39
820.00 0.504334 8.39
821.00 0.504334 8.39
822.00 0.504334 8.39
823.00 0.504334 8.39
824.00 0.504334 8.39
825.00 0.504334 8.39
826.00 0.504334 8.39
827.00 0.504334 8.39
828.00 0.504334 8.39
829.00 0.504334 8.39
830.00 0.504334 8.39
831.00 0.504334 8.39
832.00 0.504334 8.39
833.00 0.504334 8.39
834.00 0.504334 8.39
835.00 0.504334 8.39
836.00 0.504334 8.39
837.00 0.504334 8.39
838.00 0.504334 8.39
839.00 0.504334 8.39
840.00 0.504334 8.39
841.00 0.504334 8.39
842.00 0.504334 8.39
843.00 0.504334 8.39
844.00 0.504334 8.39
845.00 0.504334 8.39
846.00 0.504334 8.39
847.00 0.504334 8.39
848.00 0.504334 8.39
849.00 0.504334 8.39
850.00 0.504334 8.39
851.00 0.504334 8.39
852.00 0.504334 8.39
853.00 0.504334 8.39
854.00 0.504334 8.39
855.00 0.504334 8.39
856.00 0.504334 8.39
857.00 0.504334 8.39
858.00 0.504334 8.39
859.00 0.504334 8.39
860.00 0.504334 8.39
861.00 0.504334 8.39
862.00 0.504334 8.39
863.00 0.504334 8.39
864.00 0.504334 8.39
865.00 0.504334 8.39
866.00 0.504334 8.39
867.00 0.504334 8.39
868.00 0.504334 8.39
869.00 0.504334 8.39
870.00 0.504334 8.39
871.00 0.504334 8.39
872.00 0.504334 8.39
873.00 0.504334 8.39
874.00 0.504334 8.39
875.00 0.504334 8.39
876.00 0.504334 8.39
877.00 0.504334 8.39
878.00 0.504334 8.39
879.00 0.504334 8.39
880.00 0.504334 8.39
881.00 0.504334 8.39
882.00 0.504334 8.39
883.00 0.504334 8.39
884.00 0.504334 8.39
885.00 0.504334 8.39
886.00 0.504334 8.39
887.00 0.504334 8.39
888.00 0.504334 8.39
889.00 0.504334 8.39
890.00 0.504334 8.39
891.00 0.504334 8.39
892.00 0.504334 8.39
893.00 0.504334 8.39
894.00 0.504334 8.39
895.00 0.504334 8.39
896.00 0.504334 8.39
897.00 0.504334 8.39
898.00 0.504334 8.39
899.00 0.504334 8.39
900.00 0.504334 8.39
901.00 0.504334 8.39
902.00 0.504334 8.39
903.00 0.504334 8.39
904.00 0.504334 8.39
905.00 0.504334 8.39
906.00 0.504334 8.39
907.00 0.504334 8.39
908.00 0.504334 8.39
909.00 0.504334 8.39
910.00 0.504334 8.39
911.00 0.504334 8.39
912.00 0.504334 8.39
913.00 0.504334 8.39
914.00 0.504334 8.39
915.00 0.504334 8.39
916.00 0.504334 8.39
917.00 0.504334 8.39
918.00 0.504334 8.39
919.00 0.504334 8.39
920.00 0.504334 8.39
921.00 0.504334 8.39
922.00 0.504334 8.39
923.00 0.504334 8.39
924.00 0.504334 8.39
925.00 0.504334 8.39
926.00 0.504334 8.39
927.00 0.504334 8.39
928.00 0.504334 8.39
929.00 0.504334 8.39
930.00 0.504334 8.39
931.00 0.504334 8.39
932.00 0.504334 8.39
933.00 0.504334 8.39
934.00 0.504334 8.39
935.00 0.504334 8.39
936.00 0.504334 8.39
937.00 0.504334 8.39
938.00 0.504334 8.39
939.00 0.504334 8.39
940.00 0.504334 8.39
941.00 0.504334 8.39
942.00 0.504334 8.39
943.00 0.504334 8.39
944.00 0.504334 8.39
945.00 0.504334 8.39
946.00 0.504334 8.39
947.00 0.504334 8.39
948.00 0.504334 8.39
949.00 0.504334 8.39
950.00 0.504334 8.39
951.00 0.504334 8.39
952.00 0.504334 8.39
953.00 0.504334 8.39
954.00 0.504334 8.39
955.00 0.504334 8.39
956.00 0.504334 8.39
957.00 0.504334 8.39
958.00 0.504334 8.39
959.00 0.504334 8.39
960.00 0.504334 8.39
961.00 0.504334 8.39
962.00 0.504334 8.39
963.00 0.504334 8.39
964.00 0.504334 8.39
965.00 0.504334 8.39
966.00 0.504334 8.39
967.00 0.504334 8.39
968.00 0.504334 8.39
969.00 0.504334 8.39
970.00 0.504334 8.39
971.00 0.504334 8.39
972.00 0.504334 8.39
973.00 0.504334 8.39
974.00 0.504334 8.39
975.00 0.504334 8.39
976.00 0.504334 8.39
977.00 0.504334 8.39
978.00 0.504334 8.39
979.00 0.504334 8.39
980.00 0.504334 8.39
981.00 0.504334 8.39
982.00 0.504334 8.39
983.00 0.504334 8.39
984.00 0.504334 8.39
985.00 0.504334 8.39
986.00 0.504334 8.39
987.00 0.504334 8.39
988.00 0.504334 8.39
989.00 0.504334 8.39
990.00 0.504334 8.39
991.00 0.504334 8.39
992.00 0.504334 8.39
993.00 0.504334 8.39
994.00 0.504334 8.39
995.00 0.504334 8.39
996.00 0.504334 8.39
997.00 0.504334 8.39
998.00 0.504334 8.39
999.00 0.504334 8.39
1000.00 0.504334 8.39
1001.00 0.504334 8.39
1002.00 0.504334 8.39
1003.00 0.504334 8.39
1004.00 0.504334 8.39
1005.00 0.504334 8.39
1006.00 0.504334 8.39
1007.00 0.504334 8.39
1008.00 0.504334 8.39
1009.00 0.504334 8.39
1010.00 0.504334 8.39
1011.00 0.504334 8.39
1012.00 0.504334 8.39
1013.00 0.504334 8.39
1014.00 0.504334 8.39
1015.00 0.504334 8.39
1016.00 0.504334 8.39
1017.00 0.504334 8.39
1018.00 0.504334 8.39
1019.00 0.504334 8.39
1020.00 0.504334 8.39
1021.00 0.504334 8.39
1022.00 0.504334 8.39
1023.00 0.504334 8.39
1024.00 0.504334 8.39
1025.00 0.504334 8.39
1026.00 0.504334 8.39
1027.00 0.504334 8.39
1028.00 0.504334 8.39
1029.00 0.504334 8.39
1030.00 0.504334 8.39
1031.00 0.504334 8.39
1032.00 0.504334 8.39
1033.00 0.504334 8.39
1034.00 0.504334 8.39
1035.00 0.504334 8.39
1036.00 0.504334 8.39
1037.00 0.504334 8.39
1038.00 0.504334 8.39
1039.00 0.504334 8.39
1040.00 0.504334 8.39
1041.00 0.504334 8.39
1042.00 0.504334 8.39
1043.00 0.504334 8.39
1044.00 0.504334 8.39
1045.00 0.504334 8.39
1046.00 0.504334 8.39
1047.00 0.504334 8.39
1048.00 0.504334 8.39
1049.00 0.504334 8.39
1050.00 0.504334 8.39
1051.00 0.504334 8.39
1052.00 0.504334 8.39
1053.00 0.504334 8.39
1054.00 0.504334 8.39
1055.00 0.504334 8.39
1056.00 0.504334 8.39
1057.00 0.504334 8.39
1058.00 0.504334 8.39
1059.00 0.504334 8.39
1060.00 0.504334 8.39
1061.00 0.504334 8.39
1062.00 0.504334 8.39
1063.00 0.504334 8.39
1064.00 0.504334 8.39
1065.00 0.504334 8.39
1066.00 0.504334 8.39
1067.00 0.504334 8.39
1068.00 0.504334 8.39
1069.00 0.504334 8.39
1070.00 0.504334 8.39
1071.00 0.504334 8.39
1072.00 0.504334 8.39
1073.00 0.504334 8.39
1074.00 0.504334 8.39
1075.00 0.504334 8.39
1076.00 0.504334 8.39
1077.00 0.504334 8.39
1078.00 0.504334 8.39
1079.00 0.504334 8.39
1080.00 0.504334 8.39
1081.00 0.504334 8.39
1082.00 0.504334 8.39
1083.00 0.504334 8.39
1084.00 0.504334 8.39
1085.00 0.504334 8.39
1086.00 0.504334 8.39
1087.00 0.504334 8.39
1088.00 0.504334 8.39
1089.00 0.504334 8.39
1090.00 0.504334 8.39
1091.00 0.504334 8.39
1092.00 0.504334 8.39
1093.00 0.504334 8.39
1094.00 0.504334 8.39
1095.00 0.504334 8.39
1096.00 0.504334 8.39
1097.00 0.504334 8.39
1098.00 0.504334 8.39
1099.00 0.504334 8.39
1100.00 0.504334 8.39
1101.00 0.504334 8.39
1102.00 0.504334 8.39
1103.00 0.504334 8.39
1104.00 0.504334 8.39
1105.00 0.504334 8.39
1106.00 0.504334 8.39
1107.00 0.504334 8.39
1108.00 0.504334 8.39
1109.00 0.504334 8.39
1110.00 0.504334 8.39
1111.00 0.504334 8.39
1112.00 0.504334 8.39
1113.00 0.504334 8.39
1114.00 0.504334 8.39
1115.00 0.504334 8.39
1116.00 0.504334 8.39
1117.00 0.504334 8.39
1118.00 0.504334 8.39
1119.00 0.504334 8.39
1120.00 0.504334 8.39
1121.00 0.504334 8.39
1122.00 0.504334 8.39
1123.00 0.504334 8.39
1124.00 0.504334 8.39
1125.00 0.504334 8.39
1126.00 0.504334 8.39
1127.00 0.504334 8.39
1128.00 0.504334 8.39
1129.00 0.504334 8.39
1130.00 0.504334 8.39
1131.00 0.504334 8.39
1132.00 0.504334 8.39
1133.00 0.504334 8.39
1134.00 0.504334 8.39
1135.00 0.504334 8.39
1136.00 0.504334 8.39
1137.00 0.504334 8.39
1138.00 0.504334 8.39
1139.00 0.504334 8.39
1140.00 0.504334 8.39
1141.00 0.504334 8.39
1142.00 0.504334 8.39
1143.00 0.504334 8.39
1144.00 0.504334 8.39
1145.00 0.504334 8.39
1146.00 0.504334 8.39
1147.00 0.504334 8.39
1148.00 0.504334 8.39
1149.00 0.504334 8.39
1150.00 0.504334 8.39
1151.00 0.504334 8.39
1152.00 0.504334 8.39
1153.00 0.504334 8.39
1154.00 0.504334 8.39
1155.00 0.504334 8.39
1156.00 0.504334 8.39
1157.00 0.504334 8.39
1158.00 0.504334 8.39
1159.00 0.504334 8.39
1160.00 0.504334 8.39
1161.00 0.504334 8.39
1162.00 0.504334 8.39
1163.00 0.504334 8.39
1164.00 0.504334 8.39
1165.00 0.504334 8.39
1166.00 0.504334 8.39
1167.00 0.504334 8.39
1168.00 0.504334 8.39
1169.00 0.504334 8.39
1170.00 0.504334 8.39
1171.00 0.504334 8.39
1172.00 0.504334 8.39
1173.00 0.504334 8.39
1174.00 0.504334 8.39
1175.00 0.504334 8.39
1176.00 0.504334 8.39
1177.00 0.504334 8.39
1178.00 0.504334 8.39
1179.00 0.504334 8.39
1180.00 0.504334 8.39
1181.00 0.504334 8.39
1182.00 0.504334 8.39
1183.00 0.504334 8.39
1184.00 0.504334 8.39
1185.00 0.504334 8.39
1186.00 0.504334 8.39
1187.00 0.504334 8.39
1188.00 0.504334 8.39
1189.00 0.504334 8.39
1190.00 0.504334 8.39
1191.00 0.504334 8.39
1192.00 0.504334 8.39
1193.00 0.504334 8.39
1194.00 0.504334 8.39
1195.00 0.504334 8.39
1196.00 0.504334 8.39
1197.00 0.504334 8.39
1198.00 0.504334 8.39
1199.00 0.504334 8.39
1200.00 0.504334 8.39
1201.00 0.504334 8.39
1202.00 0.504334 8.39
1203.00 0.504334 8.39
1204.00 0.504334 8.39
1205.00 0.504334 8.39
1206.00 0.504334 8.39
1207.00 0.504334 8.39
1208.00 0.504334 8.39
1209.00 0.504334 8.39
1210.00 0.504334 8.39
1211.00 0.504334 8.39
1212.00 0.504334 8.39
1213.00 0.504334 8.39
1214.00 0.504334 8.39
1215.00 0.504334 8.39
1216.00 0.504334 8.39
1217.00 0.504334 8.39
1218.00 0.504334 8.39
1219.00 0.504334 8.39
1220.00 0.504334 8.39
1221.00 0.504334 8.39
1222.00 0.504334 8.39
1223.00 0.504334 8.39
1224.00 0.504334 8.39
1225.00 0.504334 8.39
1226.00 0.504334 8.39
1227.00 0.504334 8.39
1228.00 0.504334 8.39
1229.00 0.504334 8.39
1230.00 0.504334 8.39
1231.00 0.504334 8.39
1232.00 0.504334 8.39
1233.00 0.504334 8.39
1234.00 0.504334 8.39
1235.00 0.504334 8.39
1236.00 0.504334 8.39
1237.00 0.504334 8.39
1238.00 0.504334 8.39
1239.00 0.504334 8.39
1240.00 0.504334 8.39
1241.00 0.504334 8.39
1242.00 0.504334 8.39
1243.00 0.504334 8.39
1244.00 0.504334 8.39
1245.00 0.504334 8.39
1246.00 0.504334 8.39
1247.00 0.504334 8.39
1248.00 0.504334 8.39
1249.00 0.504334 8.39
1250.00 0.504334 8.39
1251.00 0.504334 8.39
1252.00 0.504334 8.39
1253.00 0.504334 8.39
1254.00 0.504334 8.39
1255.00 0.504334 8.39
1256.00 0.504334 8.39
1257.00 0.504334 8.39
1258.00 0.504334 8.39
1259.00 0.504334 8.39
1260.00 0.504334 8.39
1261.00 0.504334 8.39
1262.00 0.504334 8.39
1263.00 0.504334 8.39
1264.00 0.504334 8.39
1265.00 0.504334 8.39
1266.00 0.504334 8.39
1267.00 0.504334 8.39
1268.00 0.504334 8.39
1269.00 0.504334 8.39
1270.00 0.504334 8.39
1271.00 0.504334 8.39
1272.00 0.504334 8.39
1273.00 0.504334 8.39
1274.00 0.504334 8.39
1275.00 0.504334 8.39
1276.00 0.504334 8.39
1277.00 0.504334 8.39
1278.00 0.504334 8.39
1279.00 0.504334 8.39
1280.00 0.504334 8.39
1281.00 0.504334 8.39
1282.00 0.504334 8.39
1283.00 0.504334 8.39
1284.00 0.504334 8.39
1285.00 0.504334 8.39
1286.00 0.504334 8.39
1287.00 0.504334 8.39
1288.00 0.504334 8.39
1289.00 0.504334 8.39
1290.00 0.504334 8.39
1291.00 0.504334 8.39
1292.00 0.504334 8.39
1293.00 0.504334 8.39
1294.00 0.504334 8.39
1295.00 0.504334 8.39
1296.00 0.504334 8.39
1297.00 0.504334 8.39
1298.00 0.504334 8.39
1299.00 0.504334 8.39
1300.00 0.504334 8.39
1301.00 0.504334 8.39
1302.00 0.504334 8.39
1303.00 0.504334 8.39
1304.00 0.504334 8.39
1305.00 0.504334 8.39
1306.00 0.504334 8.39
1307.00 0.504334 8.39
1308.00 0.504334 8.39
1309.00 0.504334 8.39
1310.00 0.504334 8.39
1311.00 0.504334 8.39
1312.00 0.504334 8.39
1313.00 0.504334 8.39
1314.00 0.504334 8.39
1315.00 0.504334 8.39
1316.00 0.504334 8.39
1317.00 0.504334 8.39
1318.00 0.504334 8.39
1319.00 0.504334 8.39
1320.00 0.504334 8.39
1321.00 0.504334 8.39
1322.00 0.504334 8.39
1323.00 0.504334 8.39
1324.00 0.504334 8.39
1325.00 0.504334 8.39
1326.00 0.504334 8.39
1327.00 0.504334 8.39
1328.00 0.504334 8.39
1329.00 0.504334 8.39
1330.00 0.504334 8.39
1331.00 0.504334 8.39
1332.00 0.504334 8.39
1333.00 0.504334 8.39
1334.00 0.504334 8.39
1335.00 0.504334 8.39
1336.00 0.504334 8.39
1337.00 0.504334 8.39
1338.00 0.504334 8.39
1339.00 0.504334 8.39
1340.00 0.504334 8.39
1341.00 0.504334 8.39
1342.00 0.504334 8.39
1343.00 0.504334 8.39
1344.00 0.504334 8.39
1345.00 0.504334 8.39
1346.00 0.504334 8.39
1347.00 0.504334 8.39
1348.00 0.504334 8.39
1349.00 0.504334 8.39
1350.00 0.504334 8.39
1351.00 0.504334 8.39
1352.00 0.504334 8.39
1353.00 0.504334 8.39
1354.00 0.504334 8.39
1355.00 0.504334 8.39
1356.00 0.504334 8.39
1357.00 0.504334 8.39
1358.00 0.504334 8.39
1359.00 0.504334 8.39
1360.00 0.504334 8.39
1361.00 0.504334 8.39
1362.00 0.504334 8.39
1363.00 0.504334 8.39
1364.00 0.504334 8.39
1365.00 0.504334 8.39
1366.00 0.504334 8.39
1367.00 0.504334 8.39
1368.00 0.504334 8.39
1369.00 0.504334 8.39
1370.00 0.504334 8.39
1371.00 0.504334 8.39
1372.00 0.504334 8.39
1373.00 0.504334 8.39
1374.00 0.504334 8.39
1375.00 0.504334 8.39
1376.00 0.504334 8.39
1377.00 0.504334 8.39
1378.00 0.504334 8.39
1379.00 0.504334 8.39
1380.00 0.504334 8.39
1381.00 0.504334 8.39
1382.00 0.504334 8.39
1383.00 0.504334 8.39
1384.00 0.504334 8.39
1385.00 0.504334 8.39
1386.00 0.504334 8.39
1387.00 0.504334 8.39
1388.00 0.504334 8.39
1389.00 0.504334 8.39
1390.00 0.504334 8.39
1391.00 0.504334 8.39
1392.00 0.504334 8.39
1393.00 0.504334 8.39
1394.00 0.504334 8.39
1395.00 0.504334 8.39
1396.00 0.504334 8.39
1397.00 0.504334 8.39
1398.00 0.504334 8.39
1399.00 0.504334 8.39
1400.00 0.504334 8.39
1401.00 0.504334 8.39
1402.00 0.504334 8.39
1403.00 0.504334 8.39
1404.00 0.504334 8.39
1405.00 0.504334 8.39
1406.00 0.504334 8.39
1407.00 0.504334 8.39
1408.00 0.504334 8.39
1409.00 0.504334 8.39
1410.00 0.504334 8.39
1411.00 0.504334 8.39
1412.00 0.504334 8.39
1413.00 0.504334 8.39
1414.00 0.504334 8.39
1415.00 0.504334 8.39
1416.00 0.504334 8.39
1417.00 0.504334 8.39
1418.00 0.504334 8.39
1419.00 0.504334 8.39
1420.00 0.504334 8.39
1421.00 0.504334 8.39
1422.00 0.504334 8.39
1423.00 0.504334 8.39
1424.00 0.504334 8.39
1425.00 0.504334 8.39
1426.00 0.504334 8.39
1427.00 0.504334 8.39
1428.00 0.504334 8.39
1429.00 0.504334 8.39
1430.00 0.504334 8.39
1431.00 0.504334 8.39
1432.00 0.504334 8.39
1433.00 0.504334 8.39
1434.00 0.504334 8.39
1435.00 0.504334 8.39
1436.00 0.504334 8.39
1437.00 0.504334 8.39
1438.00 0.504334 8.39
1439.00 0.504334 8.39
1440.00 0.504334 8.39
1441.00 0.504334 8.39
1442.00 0.504334 8.39
1443.00 0.504334 8.39
1444.00 0.504334 8.39
1445.00 0.504334 8.39
1446.00 0.504334 8.39
1447.00 0.504334 8.39
1448.00 0.504334 8.39
1449.00 0.504334 8.39
1450.00 0.504334 8.39
1451.00 0.504334 8.39
1452.00 0.504334 8.39
1453.00 0.504334 8.39
1454.00 0.504334 8.39
1455.00 0.504334 8.39
1456.00 0.504334 8.39
1457.00 0.504334 8.39
1458.00 0.504334 8.39
1459.00 0.504334 8.39
1460.00 0.504334 8.39
1461.00 0.504334 8.39
1462.00 0.504334 8.39
1463.00 0.504334 8.39
1464.00 0.504334 8.39
1465.00 0.504334 8.39
1466.00 0.504334 8.39
1467.00 0.504334 8.39
1468.00 0.504334 8.39
1469.00 0.504334 8.39
1470.00 0.504334 8.39
1471.00 0.504334 8.39
1472.00 0.504334 8.39
1473.00 0.504334 8.39
1474.00 0.504334 8.39
1475.00 0.504334 8.39
1476.00 0.504334 8.39
1477.00 0.504334 8.39
1478.00 0.504334 8.39
1479.00 0.504334 8.39
1480.00 0.504334 8.39
1481.00 0.504334 8.39
1482.00 0.504334 8.39
1483.00 0.504334 8.39
1484.00 0.504334 8.39
1485.00 0.504334 8.39
1486.00 0.504334 8.39
1487.00 0.504334 8.39
1488.00 0.504334 8.39
1489.00 0.504334 8.39
1490.00 0.504334 8.39
1491.00 0.504334 8.39
1492.00 0.504334 8.39
1493.00 0.504334 8.39
1494.00 0.504334 8.39
1495.00 0.504334 8.39
1496.00 0.504334 8.39
1497.00 0.504334 8.39
1498.00 0.504334 8.39
1499.00 0.504334 8.39
1500.00 0.504334 8.39
1501.00 0.504334 8.39
1502.00 0.504334 8.39
1503.00 0.504334 8.39
1504.00 0.504334 8.39
1505.00 0.504334 8.39
1506.00 0.504334 8.39
1507.00 0.504334 8.39
1508.00 0.504334 8.39
1509.00 0.504334 8.39
1510.00 0.504334 8.39
1511.00 0.504334 8.39
1512.00 0.504334 8.39
1513.00 0.504334 8.39
1514.00 0.504334 8.39
1515.00 0.504334 8.39
1516.00 0.504334 8.39
1517.00 0.504334 8.39
1518.00 0.504334 8.39
1519.00 0.504334 8.39
1520.00 0.504334 8.39
1521.00 0.504334 8.39
1522.00 0.504334 8.39
1523.00 0.504334 8.39
1524.00 0.504334 8.39
1525.00 0.504334 8.39
1526.00 0.504334 8.39
1527.00 0.504334 8.39
1528.00 0.504334 8.39
1529.00 0.504334 8.39
1530.00 0.504334 8.39
1531.00 0.504334 8.39
1532.00 0.504334 8.39
1533.00 0.504334 8.39
1534.00 0.504334 8.39
1535.00 0.504334 8.39
1536.00 0.504334 8.39
1537.00 0.504334 8.39
1538.00 0.504334 8.39
1539.00 0.504334 8.39
1540.00 0.504334 8.39
1541.00 0.504334 8.39
1542.00 0.504334 8.39
1543.00 0.504334 8.39
1544.00 0.504334 8.39
1545.00 0.504334 8.39
1546.00 0.504334 8.39
1547.00 0.504334 8.39
1548.00 0.504334 8.39
1549.00 0.504334 8.39
1550.00 0.504334 8.39
1551.00 0.504334 8.39
1552.00 0.504334 8.39
1553.00 0.504334 8.39
1554.00 0.504334 8.39
1555.00 0.504334 8.39
1556.00 0.504334 8.39
1557.00 0.504334 8.39
1558.00 0.504334 8.39
1559.00 0.504334 8.39
1560.00 0.504334 8.39
1561.00 0.504334 8.39
1562.00 0.504334 8.39
1563.00 0.504334 8.39
1564.00 0.504334 8.39
1565.00 0.504334 8.39
1566.00 0.504334 8.39
1567.00 0.504334 8.39
1568.00 0.504334 8.39
1569.00 0.504334 8.39
1570.00 0.504334 8.39
1571.00 0.504334 8.39
1572.00 0.504334 8.39
1573.00 0.504334 8.39
1574.00 0.504334 8.39
1575.00 0.504334 8.39
1576.00 0.504334 8.39
1577.00 0.504334 8.39
1578.00 0.504334 8.39
1579.00 0.504334 8.39
1580.00 0.504334 8.39
1581.00 0.504334 8.39
1582.00 0.504334 8.39
1583.00 0.504334 8.39
1584.00 0.504334 8.39
1585.00 0.504334 8.39
1586.00 0.504334 8.39
1587.00 0.504334 8.39
1588.00 0.504334 8.39
1589.00 0.504334 8.39
1590.00 0.504334 8.39
1591.00 0.504334 8.39
1592.00 0.504334 8.39
1593.00 0.504334 8.39
1594.00 0.504334 8.39
1595.00 0.504334 8.39
1596.00 0.504334 8.39
1597.00 0.504334 8.39
1598.00 0.504334 8.39
1599.00 0.504334 8.39
1600.00 0.504334 8.39
1601.00 0.504334 8.39
1602.00 0.504334 8.39
1603.00 0.504334 8.39
1604.00 0.504334 8.39
1605.00 0.504334 8.39
1606.00 0.504334 8.39
1607.00 0.504334 8.39
1608.00 0.504334 8.39
1609.00 0.504334 8.39
1610.00 0.504334 8.39
1611.00 0.504334 8.39
1612.00 0.504334 8.39
1613.00 0.504334 8.39
1614.00 0.504334 8.39
1615.00 0.504334 8.39
1616.00 0.504334 8.39
1617.00 0.504334 8.39
1618.00 0.504334 8.39
1619.00 0.504334 8.39
1620.00 0.504334 8.39
1621.00 0.504334 8.39
1622.00 0.504334 8.39
1623.00 0.504334 8.39
1624.00 0.504334 8.39
1625.00 0.504334 8.39
1626.00 0.504334 8.39
1627.00 0.504334 8.39
1628.00 0.504334 8.39
1629.00 0.504334 8.39
1630.00 0.504334 8.39
1631.00 0.504334 8.39
1632.00 0.504334 8.39
1633.00 0.504334 8.39
1634.00 0.504334 8.39
1635.00 0.504334 8.39
1636.00 0.504334 8.39
1637.00 0.504334 8.39
1638.00 0.504334 8.39
1639.00 0.504334 8.39
1640.00 0.504334 8.39
1641.00 0.504334 8.39
1642.00 0.504334 8.39
1643.00 0.504334 8.39
1644.00 0.504334 8.39
1645.00 0.504334 8.39
1646.00 0.504334 8.39
1647.00 0.504334 8.39
1648.00 0.504334 8.39
1649.00 0.504334 8.39
1650.00 0.504334 8.39
1651.00 0.504334 8.39
1652.00 0.504334 8.39
1653.00 0.504334 8.39
1654.00 0.504334 8.39
1655.00 0.504334 8.39
1656.00 0.504334 8.39
1657.00 0.504334 8.39
1658.00 0.504334 8.39
1659.00 0.504334 8.39
1660.00 0.504334 8.39
1661.00 0.504334 8.39
1662.00 0.504334 8.39
1663.00 0.504334 8.39
1664.00 0.504334 8.39
1665.00 0.504334 8.39
1666.00 0.504334 8.39
1667.00 0.504334 8.39
1668.00 0.504334 8.39
1669.00 0.504334 8.39
1670.00 0.504334 8.39
1671.00 0.504334 8.39
1672.00 0.504334 8.39
1673.00 0.504334 8.39
1674.00 0.504334 8.39
1675.00 0.504334 8.39
1676.00 0.504334 8.39
1677.00 0.504334 8.39
1678.00 0.504334 8.39
1679.00 0.504334 8.39
1680.00 0.504334 8.39
1681.00 0.504334 8.39
1682.00 0.504334 8.39
1683.00 0.504334 8.39
1684.00 0.504334 8.39
1685.00 0.504334 8.39
1686.00 0.504334 8.39
1687.00 0.504334 8.39
1688.00 0.504334 8.39
1689.00 0.504334 8.39
1690.00 0.504334 8.39
1691.00 0.504334 8.39
1692.00 0.504334 8.39
1693.00 0.504334 8.39
1694.00 0.504334 8.39
1695.00 0.504334 8.39
1696.00 0.504334 8.39
1697.00 0.504334 8.39
1698.00 0.504334 8.39
1699.00 0.504334 8.39
1700.00 0.504334 8.39
1701.00 0.504334 8.39
1702.00 0.504334 8.39
1703.00 0.504334 8.39
1704.00 0.504334 8.39
1705.00 0.504334 8.39
1706.00 0.504334 8.39
1707.00 0.504334 8.39
1708.00 0.504334 8.39
1709.00 0.504334 8.39
1710.00 0.504334 8.39
1711.00 0.504334 8.39
1712.00 0.504334 8.39
1713.00 0.504334 8.39
1714.00 0.504334 8.39
1715.00 0.504334 8.39
1716.00 0.504334 8.39
1717.00 0.504334 8.39
1718.00 0.504334 8.39
1719.00 0.504334 8.39
1720.00 0.504334 8.39
1721.00 0.504334 8.39
1722.00 0.504334 8.39
1723.00 0.504334 8.39
1724.00 0.504334 8.39
1725.00 0.504334 8.39
1726.00 0.504334 8.39
1727.00 0.504334 8.39
1728.00 0.504334 8.39
1729.00 0.504334 8.39
1730.00 0.504334 8.39
1731.00 0.504334 8.39
1732.00 0.504334 8.39
1733.00 0.504334 8.39
1734.00 0.504334 8.39
1735.00 0.504334 8.39
1736.00 0.504334 8.39
1737.00 0.504334 8.39
1738.00 0.504334 8.39
1739.00 0.504334 8.39
1740.00 0.504334 8.39
1741.00 0.504334 8.39
1742.00 0.504334 8.39
1743.00 0.504334 8.39
1744.00 0.504334 8.39
1745.00 0.504334 8.39
1746.00 0.504334 8.39
1747.00 0.504334 8.39
1748.00 0.504334 8.39
1749.00 0.504334 8.39
1750.00 0.504334 8.39
1751.00 0.504334 8.39
1752.00 0.504334 8.39
1753.00 0.504334 8.39
1754.00 0.504334 8.39
1755.00 0.504334 8.39
1756.00 0.504334 8.39
1757.00 0.504334 8.39
1758.00 0.504334 8.39
1759.00 0.504334 8.39
1760.00 0.504334 8.39
1761.00 0.504334 8.39
1762.00 0.504334 8.39
1763.00 0.504334 8.39
1764.00 0.504334 8.39
1765.00 0.504334 8.39
1766.00 0.504334 8.39
1767.00 0.504334 8.39
1768.00 0.504334 8.39
1769.00 0.504334 8.39
1770.00 0.504334 8.39
1771.00 0.504334 8.39
1772.00 0.504334 8.39
1773.00 0.504334 8.39
1774.00 0.504334 8.39
1775.00 0.504334 8.39
1776.00 0.504334 8.39
1777.00 0.504334 8.39
1778.00 0.504334 8.39
1779.00 0.504334 8.39
1780.00 0.504334 8.39
1781.00 0.504334 8.39
1782.00 0.504334 8.39
1783.00 0.504334 8.39
1784.00 0.504334 8.39
1785.00 0.504334 8.39
1786.00 0.504334 8.39
1787.00 0.504334 8.39
1788.00 0.504334 8.39
1789.00 0.504334 8.39
1790.00 0.504334 8.39
1791.00 0.504334 8.39
1792.00 0.504334 8.39
1793.00 0.504334 8.39
1794.00 0.504334 8.39
1795.00 0.504334 8.39
1796.00 0.504334 8.39
1797.00 0.504334 8.39
1798.00 0.504334 8.39
1799.00 0.504334 8.39
1800.00 0.504334 8.39
1801.00 0.504334 8.39
1802.00 0.504334 8.39
1803.00 0.504334 8.39
1804.00 0.504334 8.39
1805.00 0.504334 8.39
1806.00 0.504334 8.39
1807.00 0.504334 8.39
1808.00 0.504334 8.39
1809.00 0.504334 8.39
1810.00 0.504334 8.39
1811.00 0.504334 8.39
1812.00 0.504334 8.39
1813.00 0.504334 8.39
1814.00 0.504334 8.39
1815.00 0.504334 8.39
1816.00 0.504334 8.39
1817.00 0.504334 8.39
1818.00 0.504334 8.39
1819.00 0.504334 8.39
1820.00 0.504334 8.39
1821.00 0.504334 8.39
1822.00 0.504334 8.39
1823.00 0.504334 8.39
1824.00 0.504334 8.39
1825.00 0.504334 8.39
1826.00 0.504334 8.39
1827.00 0.504334 8.39
1828.00 0.504334 8.39
1829.00 0.504334 8.39
1830.00 0.504334 8.39
1831.00 0.504334 8.39
1832.00 0.504334 8.39
1833.00 0.504334 8.39
1834.00 0.504334 8.39
1835.00 0.504334 8.39
1836.00 0.504334 8.39
1837.00 0.504334 8.39
1838.00 0.504334 8.39
1839.00 0.504334 8.39
1840.00 0.504334 8.39
1841.00 0.504334 8.39
1842.00 0.504334 8.39
1843.00 0.504334 8.39
1844.00 0.504334 8.39
1845.00 0.504334 8.39
1846.00 0.504334 8.39
1847.00 0.504334 8.39
1848.00 0.504334 8.39
1849.00 0.504334 8.39
1850.00 0.504334 8.39
1851.00 0.504334 8.39
1852.00 0.504334 8.39
1853.00 0.504334 8.39
1854.00 0.504334 8.39
1855.00 0.504334 8.39
1856.00 0.504334 8.39
1857.00 0.504334 8.39
1858.00 0.504334 8.39
1859.00 0.504334 8.39
1860.00 0.504334 8.39
1861.00 0.504334 8.39
1862.00 0.504334 8.39
1863.00 0.504334 8.39
1864.00 0.504334 8.39
1865.00 0.504334 8.39
1866.00 0.504334 8.39
1867.00 0.504334 8.39
1868.00 0.504334 8.39
1869.00 0.504334 8.39
1870.00 0.504334 8.39
1871.00 0.504334 8.39
1872.00 0.504334 8.39
1873.00 0.504334 8.39
1874.00 0.504334 8.39
1875.00 0.504334 8.39
1876.00 0.504334 8.39
1877.00 0.504334 8.39
1878.00 0.504334 8.39
1879.00 0.504334 8.39
1880.00 0.504334 8.39
1881.00 0.504334 8.39
1882.00 0.504334 8.39
1883.00 0.504334 8.39
1884.00 0.504334 8.39
1885.00 0.504334 8.39
1886.00 0.504334 8.39
1887.00 0.504334 8.39
1888.00 0.504334 8.39
1889.00 0.504334 8.39
1890.00 0.504334 8.39
1891.00 0.504334 8.39
1892.00 0.504334 8.39
1893.00 0.504334 8.39
1894.00 0.504334 8.39
1895.00 0.504334 8.39
1896.00 0.504334 8.39
1897.00 0.504334 8.39
1898.00 0.504334 8.39
1899.00 0.504334 8.39
1900.00 0.504334 8.39
1901.00 0.504334 8.39
1902.00 0.504334 8.39
1903.00 0.504334 8.39
1904.00 0.504334 8.39
1905.00 0.504334 8.39
1906.00 0.504334 8.39
1907.00 0.504334 8.39
1908.00 0.504334 8.39
1909.00 0.504334 8.39
1910.00 0.504334 8.39
1911.00 0.504334 8.39
1912.00 0.504334 8.39
1913.00 0.504334 8.39
1914.00 0.504334 8.39
1915.00 0.504334 8.39
1916.00 0.504334 8.39
1917.00 0.504334 8.39
1918.00 0.504334 8.39
1919.00 0.504334 8.39
1920.00 0.504334 8.39
1921.00 0.504334 8.39
1922.00 0.504334 8.39
1923.00 0.504334 8.39
1924.00 0.504334 8.39
1925.00 0.504334 8.39
1926.00 0.504334 8.39
1927.00 0.504334 8.39
1928.00 0.504334 8.39
1929.00 0.504334 8.39
1930.00 0.504334 8.39
1931.00 0.504334 8.39
1932.00 0.504334 8.39
1933.00 0.504334 8.39
1934.00 0.504334 8.39
1935.00 0.504334 8.39
1936.00 0.504334 8.39
1937.00 0.504334 8.39
1938.00 0.504334 8.39
1939.00 0.504334 8.39
1940.00 0.504334 8.39
1941.00 0.504334 8.39
1942.00 0.504334 8.39
1943.00 0.504334 8.39
1944.00 0.504334 8.39
1945.00 0.504334 8.39
1946.00 0.504334 8.39
1947.00 0.504334 8.39
1948.00 0.504334 8.39
1949.00 0.504334 8.39
1950.00 0.504334 8.39
1951.00 0.504334 8.39
1952.00 0.504334 8.39
1953.00 0.504334 8.39
1954.00 0.504334 8.39
1955.00 0.504334 8.39
1956.00 0.504334 8.39
1957.00 0.504334 8.39
1958.00 0.504334 8.39
1959.00 0.504334 8.39
1960.00 0.504334 8.39
1961.00 0.504334 8.39
1962.00 0.504334 8.39
1963.00 0.504334 8.39
1964.00 0.504334 8.39
1965.00 0.504334 8.39
1966.00 0.504334 8.39
1967.00 0.504334 8.39
1968.00 0.504334 8.39
1969.00 0.504334 8.39
1970.00 0.504334 8.39
1971.00 0.504334 8.39
1972.00 0.504334 8.39
1973.00 0.504334 8.39
1974.00 0.504334 8.39
1975.00 0.504334 8.39
1976.00 0.504334 8.39
1977.00 0.504334 8.39
1978.00 0.504334 8.39
1979.00 0.504334 8.39
1980.00 0.504334 8.39
1981.00 0.504334 8.39
1982.00 0.504334 8.39
1983.00 0.504334 8.39
1984.00 0.504334 8.39
1985.00 0.504334 8.39
1986.00 0.504334 8.39
1987.00 0.504334 8.39
1988.00 0.504334 8.39
1989.00 0.504334 8.39
1990.00 0.504334 8.39
1991.00 0.504334 8.39
1992.00 0.504334 8.39
1993.00 0.504334 8.39
1994.00 0.504334 8.39
1995.00 0.504334 8.39
1996.00 0.504334 8.39
1997.00 0.504334 8.39
1998.00 0.504334 8.39
1999.00 0.504334 8.39
2000.00 0.504334 8.39
