0.00 0.437536 4.83
1.00 0.436997 4.83
2.00 0.436458 4.83
3.00 0.435918 4.83
4.00 0.435378 4.83
5.00 0.434837 4.83
6.00 0.434296 4.83
7.00 0.433755 4.83
8.00 0.433213 4.83
9.00 0.432670 4.83
10.00 0.432127 4.83
11.00 0.431583 4.83
12.00 0.431038 4.83
13.00 0.430493 4.83
14.00 0.429948 4.83
15.00 0.429401 4.83
16.00 0.428854 4.83
17.00 0.428306 4.83
18.00 0.427757 4.83
19.00 0.427207 4.83
20.00 0.426656 4.83
21.00 0.426104 4.83
22.00 0.425551 4.83
23.00 0.424996 4.83
24.00 0.424440 4.83
25.00 0.423882 4.83
26.00 0.423323 4.83
27.00 0.422762 4.83
28.00 0.422199 4.83
29.00 0.421634 4.83
30.00 0.421068 4.83
31.00 0.420499 4.83
32.00 0.419928 4.83
33.00 0.419354 4.83
34.00 0.418792 4.82
35.00 0.418231 4.82
36.00 0.417668 4.82
37.00 0.417103 4.82
38.00 0.416563 4.81
39.00 0.416025 4.81
40.00 0.415486 4.81
41.00 0.414946 4.81
42.00 0.414404 4.81
43.00 0.413861 4.81
44.00 0.413316 4.81
45.00 0.412769 4.81
46.00 0.412220 4.81
47.00 0.411669 4.81
48.00 0.411116 4.81
49.00 0.410561 4.81
50.00 0.410003 4.81
51.00 0.409443 4.81
52.00 0.408884 4.80
53.00 0.408335 4.80
54.00 0.407795 4.79
55.00 0.407269 4.79
56.00 0.406743 4.79
57.00 0.406217 4.79
58.00 0.405724 4.77
59.00 0.405259 4.76
60.00 0.404799 4.76
61.00 0.404346 4.75
62.00 0.403905 4.75
63.00 0.403465 4.75
64.00 0.403026 4.75
65.00 0.402589 4.75
66.00 0.402161 4.74
67.00 0.401739 4.74
68.00 0.401318 4.74
69.00 0.400898 4.74
70.00 0.400481 4.73
71.00 0.400079 4.72
72.00 0.399695 4.72
73.00 0.399313 4.72
74.00 0.398933 4.72
75.00 0.398554 4.72
76.00 0.398176 4.72
77.00 0.397815 4.71
78.00 0.397472 4.70
79.00 0.397133 4.70
80.00 0.396796 4.70
81.00 0.396463 4.69
82.00 0.396157 4.69
83.00 0.395854 4.69
84.00 0.395553 4.69
85.00 0.395255 4.69
86.00 0.394958 4.69
87.00 0.394663 4.69
88.00 0.394368 4.69
89.00 0.394075 4.69
90.00 0.393782 4.69
91.00 0.393490 4.69
92.00 0.393201 4.68
93.00 0.392920 4.68
94.00 0.392648 4.67
95.00 0.392390 4.66
96.00 0.392135 4.66
97.00 0.391882 4.66
98.00 0.391629 4.66
99.00 0.391378 4.66
100.00 0.391127 4.66
101.00 0.390877 4.66
102.00 0.390628 4.66
103.00 0.390380 4.66
104.00 0.390132 4.66
105.00 0.389884 4.66
106.00 0.389636 4.66
107.00 0.389389 4.66
108.00 0.389141 4.66
109.00 0.388898 4.65
110.00 0.388664 4.64
111.00 0.388452 4.64
112.00 0.388243 4.64
113.00 0.388035 4.64
114.00 0.387828 4.64
115.00 0.387623 4.64
116.00 0.387419 4.64
117.00 0.387216 4.64
118.00 0.387014 4.64
119.00 0.386812 4.64
120.00 0.386611 4.64
121.00 0.386410 4.64
122.00 0.386209 4.64
123.00 0.386008 4.64
124.00 0.385808 4.64
125.00 0.385607 4.64
126.00 0.385410 4.63
127.00 0.385217 4.63
128.00 0.385024 4.63
129.00 0.384831 4.63
130.00 0.384638 4.63
131.00 0.384446 4.63
132.00 0.384254 4.63
133.00 0.384062 4.63
134.00 0.383869 4.63
135.00 0.383677 4.63
136.00 0.383487 4.62
137.00 0.383304 4.62
138.00 0.383121 4.62
139.00 0.382939 4.62
140.00 0.382757 4.62
141.00 0.382576 4.62
142.00 0.382395 4.62
143.00 0.382214 4.62
144.00 0.382034 4.62
145.00 0.381873 4.60
146.00 0.381732 4.60
147.00 0.381595 4.60
148.00 0.381459 4.60
149.00 0.381325 4.60
150.00 0.381193 4.60
151.00 0.381070 4.59
152.00 0.380952 4.59
153.00 0.380836 4.59
154.00 0.380721 4.59
155.00 0.380609 4.59
156.00 0.380498 4.59
157.00 0.380388 4.59
158.00 0.380282 4.58
159.00 0.380184 4.58
160.00 0.380089 4.58
161.00 0.379994 4.58
162.00 0.379902 4.58
163.00 0.379811 4.58
164.00 0.379721 4.58
165.00 0.379632 4.58
166.00 0.379545 4.58
167.00 0.379458 4.58
168.00 0.379373 4.58
169.00 0.379289 4.58
170.00 0.379205 4.58
171.00 0.379123 4.58
172.00 0.379041 4.58
173.00 0.378960 4.58
174.00 0.378880 4.58
175.00 0.378801 4.58
176.00 0.378723 4.58
177.00 0.378645 4.58
178.00 0.378569 4.57
179.00 0.378496 4.57
180.00 0.378424 4.57
181.00 0.378353 4.57
182.00 0.378282 4.57
183.00 0.378213 4.57
184.00 0.378144 4.57
185.00 0.378075 4.57
186.00 0.378007 4.57
187.00 0.377940 4.57
188.00 0.377874 4.57
189.00 0.377808 4.57
190.00 0.377743 4.57
191.00 0.377678 4.57
192.00 0.377613 4.57
193.00 0.377550 4.57
194.00 0.377486 4.57
195.00 0.377423 4.57
196.00 0.377361 4.57
197.00 0.377299 4.57
198.00 0.377237 4.57
199.00 0.377176 4.57
200.00 0.377115 4.57
201.00 0.377055 4.57
202.00 0.376995 4.57
203.00 0.376935 4.57
204.00 0.376876 4.57
205.00 0.376817 4.57
206.00 0.376758 4.57
207.00 0.376699 4.57
208.00 0.376641 4.57
209.00 0.376583 4.57
210.00 0.376526 4.57
211.00 0.376469 4.57
212.00 0.376412 4.57
213.00 0.376355 4.57
214.00 0.376299 4.57
215.00 0.376242 4.57
216.00 0.376186 4.57
217.00 0.376131 4.57
218.00 0.376075 4.57
219.00 0.376020 4.57
220.00 0.375965 4.57
221.00 0.375910 4.57
222.00 0.375855 4.57
223.00 0.375801 4.57
224.00 0.375747 4.57
225.00 0.375692 4.57
226.00 0.375647 4.56
227.00 0.375604 4.56
228.00 0.375561 4.56
229.00 0.375519 4.56
230.00 0.375478 4.56
231.00 0.375438 4.56
232.00 0.375398 4.56
233.00 0.375359 4.56
234.00 0.375321 4.56
235.00 0.375283 4.56
236.00 0.375245 4.56
237.00 0.375208 4.56
238.00 0.375172 4.56
239.00 0.375136 4.56
240.00 0.375100 4.56
241.00 0.375065 4.56
242.00 0.375031 4.55
243.00 0.374999 4.55
244.00 0.374967 4.55
245.00 0.374935 4.55
246.00 0.374904 4.54
247.00 0.374875 4.54
248.00 0.374846 4.54
249.00 0.374818 4.54
250.00 0.374790 4.54
251.00 0.374762 4.54
252.00 0.374735 4.54
253.00 0.374709 4.54
254.00 0.374683 4.54
255.00 0.374657 4.54
256.00 0.374632 4.54
257.00 0.374607 4.54
258.00 0.374582 4.54
259.00 0.374558 4.54
260.00 0.374534 4.54
261.00 0.374510 4.54
262.00 0.374487 4.54
263.00 0.374464 4.54
264.00 0.374442 4.54
265.00 0.374420 4.54
266.00 0.374398 4.54
267.00 0.374376 4.54
268.00 0.374355 4.54
269.00 0.374334 4.54
270.00 0.374313 4.54
271.00 0.374293 4.54
272.00 0.374273 4.54
273.00 0.374253 4.54
274.00 0.374233 4.54
275.00 0.374214 4.54
276.00 0.374195 4.54
277.00 0.374176 4.54
278.00 0.374158 4.54
279.00 0.374139 4.54
280.00 0.374121 4.54
281.00 0.374103 4.54
282.00 0.374086 4.54
283.00 0.374068 4.54
284.00 0.374051 4.54
285.00 0.374034 4.54
286.00 0.374017 4.54
287.00 0.374001 4.54
288.00 0.373985 4.54
289.00 0.373968 4.54
290.00 0.373952 4.54
291.00 0.373937 4.54
292.00 0.373921 4.54
293.00 0.373906 4.54
294.00 0.373891 4.54
295.00 0.373875 4.54
296.00 0.373861 4.54
297.00 0.373846 4.54
298.00 0.373831 4.54
299.00 0.373817 4.54
300.00 0.373803 4.54
301.00 0.373789 4.54
302.00 0.373775 4.54
303.00 0.373761 4.54
304.00 0.373748 4.54
305.00 0.373734 4.54
306.00 0.373721 4.54
307.00 0.373708 4.54
308.00 0.373695 4.54
309.00 0.373682 4.54
310.00 0.373669 4.54
311.00 0.373657 4.54
312.00 0.373644 4.54
313.00 0.373632 4.54
314.00 0.373620 4.54
315.00 0.373608 4.54
316.00 0.373596 4.54
317.00 0.373584 4.54
318.00 0.373573 4.54
319.00 0.373561 4.54
320.00 0.373550 4.54
321.00 0.373538 4.54
322.00 0.373527 4.54
323.00 0.373516 4.54
324.00 0.373505 4.54
325.00 0.373494 4.54
326.00 0.373483 4.54
327.00 0.373472 4.54
328.00 0.373462 4.54
329.00 0.373451 4.54
330.00 0.373441 4.54
331.00 0.373431 4.54
332.00 0.373420 4.54
333.00 0.373410 4.54
334.00 0.373400 4.54
335.00 0.373390 4.54
336.00 0.373381 4.54
337.00 0.373371 4.54
338.00 0.373361 4.54
339.00 0.373352 4.54
340.00 0.373342 4.54
341.00 0.373333 4.54
342.00 0.373323 4.54
343.00 0.373314 4.54
344.00 0.373305 4.54
345.00 0.373296 4.54
346.00 0.373287 4.54
347.00 0.373278 4.54
348.00 0.373269 4.54
349.00 0.373260 4.54
350.00 0.373252 4.54
351.00 0.373243 4.54
352.00 0.373235 4.53
353.00 0.373226 4.53
354.00 0.373218 4.53
355.00 0.373211 4.53
356.00 0.373203 4.53
357.00 0.373195 4.53
358.00 0.373187 4.53
359.00 0.373180 4.53
360.00 0.373172 4.53
361.00 0.373165 4.53
362.00 0.373158 4.53
363.00 0.373150 4.53
364.00 0.373143 4.53
365.00 0.373136 4.53
366.00 0.373129 4.53
367.00 0.373122 4.53
368.00 0.373116 4.53
369.00 0.373109 4.53
370.00 0.373102 4.53
371.00 0.373096 4.53
372.00 0.373089 4.53
373.00 0.373083 4.53
374.00 0.373076 4.53
375.00 0.373070 4.53
376.00 0.373064 4.53
377.00 0.373058 4.53
378.00 0.373051 4.53
379.00 0.373045 4.53
380.00 0.373039 4.53
381.00 0.373033 4.53
382.00 0.373028 4.53
383.00 0.373022 4.53
384.00 0.373016 4.53
385.00 0.373010 4.53
386.00 0.373005 4.53
387.00 0.372999 4.53
388.00 0.372994 4.53
389.00 0.372988 4.53
390.00 0.372983 4.53
391.00 0.372977 4.53
392.00 0.372972 4.53
393.00 0.372967 4.53
394.00 0.372962 4.53
395.00 0.372956 4.53
396.00 0.372951 4.53
397.00 0.372946 4.53
398.00 0.372941 4.53
399.00 0.372936 4.53
400.00 0.372931 4.53
401.00 0.372926 4.53
402.00 0.372922 4.53
403.00 0.372917 4.53
404.00 0.372912 4.53
405.00 0.372907 4.53
406.00 0.372903 4.53
407.00 0.372898 4.53
408.00 0.372894 4.53
409.00 0.372889 4.53
410.00 0.372885 4.53
411.00 0.372880 4.53
412.00 0.372876 4.53
413.00 0.372871 4.53
414.00 0.372867 4.53
415.00 0.372863 4.53
416.00 0.372859 4.53
417.00 0.372854 4.53
418.00 0.372850 4.53
419.00 0.372846 4.53
420.00 0.372842 4.53
421.00 0.372838 4.53
422.00 0.372834 4.53
423.00 0.372830 4.53
424.00 0.372826 4.53
425.00 0.372822 4.53
426.00 0.372818 4.53
427.00 0.372814 4.53
428.00 0.372810 4.53
429.00 0.372807 4.53
430.00 0.372803 4.53
431.00 0.372799 4.53
432.00 0.372795 4.53
433.00 0.372792 4.53
434.00 0.372788 4.53
435.00 0.372785 4.53
436.00 0.372781 4.53
437.00 0.372777 4.53
438.00 0.372774 4.53
439.00 0.372770 4.53
440.00 0.372767 4.53
441.00 0.372763 4.53
442.00 0.372760 4.53
443.00 0.372757 4.53
444.00 0.372753 4.53
445.00 0.372750 4.53
446.00 0.372747 4.53
447.00 0.372743 4.53
448.00 0.372740 4.53
449.00 0.372737 4.53
450.00 0.372734 4.53
451.00 0.372731 4.53
452.00 0.372727 4.53
453.00 0.372724 4.53
454.00 0.372721 4.53
455.00 0.372718 4.53
456.00 0.372715 4.53
457.00 0.372712 4.53
458.00 0.372709 4.53
459.00 0.372706 4.53
460.00 0.372703 4.53
461.00 0.372700 4.53
462.00 0.372697 4.53
463.00 0.372694 4.53
464.00 0.372691 4.53
465.00 0.372688 4.53
466.00 0.372686 4.53
467.00 0.372683 4.53
468.00 0.372680 4.53
469.00 0.372677 4.53
470.00 0.372674 4.53
471.00 0.372672 4.53
472.00 0.372669 4.53
473.00 0.372666 4.53
474.00 0.372664 4.53
475.00 0.372661 4.53
476.00 0.372658 4.53
477.00 0.372656 4.53
478.00 0.372653 4.53
479.00 0.372650 4.53
480.00 0.372648 4.53
481.00 0.372645 4.53
482.00 0.372643 4.53
483.00 0.372640 4.53
484.00 0.372638 4.53
485.00 0.372635 4.53
486.00 0.372633 4.53
487.00 0.372630 4.53
488.00 0.372628 4.53
489.00 0.372625 4.53
490.00 0.372623 4.53
491.00 0.372621 4.53
492.00 0.372618 4.53
493.00 0.372616 4.53
494.00 0.372613 4.53
495.00 0.372611 4.53
496.00 0.372609 4.53
497.00 0.372607 4.53
498.00 0.372604 4.53
499.00 0.372602 4.53
500.00 0.372600 4.53
501.00 0.372597 4.53
502.00 0.372595 4.53
503.00 0.372593 4.53
504.00 0.372591 4.53
505.00 0.372589 4.53
506.00 0.372586 4.53
507.00 0.372584 4.53
508.00 0.372582 4.53
509.00 0.372580 4.53
510.00 0.372578 4.53
511.00 0.372576 4.53
512.00 0.372574 4.53
513.00 0.372572 4.53
514.00 0.372570 4.53
515.00 0.372568 4.53
516.00 0.372565 4.53
517.00 0.372563 4.53
518.00 0.372561 4.53
519.00 0.372559 4.53
520.00 0.372557 4.53
521.00 0.372555 4.53
522.00 0.372553 4.53
523.00 0.372551 4.53
524.00 0.372550 4.53
525.00 0.372548 4.53
526.00 0.372546 4.53
527.00 0.372544 4.53
528.00 0.372542 4.53
529.00 0.372540 4.53
530.00 0.372538 4.53
531.00 0.372536 4.53
532.00 0.372534 4.53
533.00 0.372532 4.53
534.00 0.372531 4.53
535.00 0.372529 4.53
536.00 0.372527 4.53
537.00 0.372525 4.53
538.00 0.372523 4.53
539.00 0.372522 4.53
540.00 0.372520 4.53
541.00 0.372518 4.53
542.00 0.372516 4.53
543.00 0.372515 4.53
544.00 0.372513 4.53
545.00 0.372511 4.53
546.00 0.372509 4.53
547.00 0.372508 4.53
548.00 0.372506 4.53
549.00 0.372504 4.53
550.00 0.372503 4.53
551.00 0.372501 4.53
552.00 0.372499 4.53
553.00 0.372498 4.53
554.00 0.372496 4.53
555.00 0.372494 4.53
556.00 0.372493 4.53
557.00 0.372491 4.53
558.00 0.372489 4.53
559.00 0.372488 4.53
560.00 0.372486 4.53
561.00 0.372485 4.53
562.00 0.372483 4.53
563.00 0.372481 4.53
564.00 0.372480 4.53
565.00 0.372478 4.53
566.00 0.372477 4.53
567.00 0.372475 4.53
568.00 0.372474 4.53
569.00 0.372472 4.53
570.00 0.372471 4.53
571.00 0.372469 4.53
572.00 0.372468 4.53
573.00 0.372466 4.53
574.00 0.372465 4.53
575.00 0.372463 4.53
576.00 0.372462 4.53
577.00 0.372460 4.53
578.00 0.372459 4.53
579.00 0.372457 4.53
580.00 0.372456 4.53
581.00 0.372454 4.53
582.00 0.372453 4.53
583.00 0.372451 4.53
584.00 0.372450 4.53
585.00 0.372449 4.53
586.00 0.372447 4.53
587.00 0.372446 4.53
588.00 0.372444 4.53
589.00 0.372443 4.53
590.00 0.372442 4.53
591.00 0.372440 4.53
592.00 0.372439 4.53
593.00 0.372437 4.53
594.00 0.372436 4.53
595.00 0.372435 4.53
596.00 0.372433 4.53
597.00 0.372432 4.53
598.00 0.372431 4.53
599.00 0.372429 4.53
600.00 0.372428 4.53
601.00 0.372427 4.53
602.00 0.372425 4.53
603.00 0.372424 4.53
604.00 0.372423 4.53
605.00 0.372421 4.53
606.00 0.372420 4.53
607.00 0.372419 4.53
608.00 0.372418 4.53
609.00 0.372416 4.53
610.00 0.372415 4.53
611.00 0.372414 4.53
612.00 0.372413 4.53
613.00 0.372411 4.53
614.00 0.372410 4.53
615.00 0.372409 4.53
616.00 0.372408 4.53
617.00 0.372406 4.53
618.00 0.372405 4.53
619.00 0.372404 4.53
620.00 0.372403 4.53
621.00 0.372401 4.53
622.00 0.372400 4.53
623.00 0.372399 4.53
624.00 0.372398 4.53
625.00 0.372397 4.53
626.00 0.372395 4.53
627.00 0.372394 4.53
628.00 0.372393 4.53
629.00 0.372392 4.53
630.00 0.372391 4.53
631.00 0.372389 4.53
632.00 0.372388 4.53
633.00 0.372387 4.53
634.00 0.372386 4.53
635.00 0.372385 4.53
636.00 0.372384 4.53
637.00 0.372383 4.53
638.00 0.372381 4.53
639.00 0.372380 4.53
640.00 0.372379 4.53
641.00 0.372378 4.53
642.00 0.372377 4.53
643.00 0.372376 4.53
644.00 0.372375 4.53
645.00 0.372373 4.53
646.00 0.372372 4.53
647.00 0.372371 4.53
648.00 0.372370 4.53
649.00 0.372369 4.53
650.00 0.372368 4.53
651.00 0.372367 4.53
652.00 0.372366 4.53
653.00 0.372365 4.53
654.00 0.372364 4.53
655.00 0.372363 4.53
656.00 0.372361 4.53
657.00 0.372360 4.53
658.00 0.372359 4.53
659.00 0.372358 4.53
660.00 0.372357 4.53
661.00 0.372356 4.53
662.00 0.372355 4.53
663.00 0.372354 4.53
664.00 0.372353 4.53
665.00 0.372352 4.53
666.00 0.372351 4.53
667.00 0.372350 4.53
668.00 0.372349 4.53
669.00 0.372348 4.53
670.00 0.372347 4.53
671.00 0.372346 4.53
672.00 0.372345 4.53
673.00 0.372344 4.53
674.00 0.372343 4.53
675.00 0.372342 4.53
676.00 0.372341 4.53
677.00 0.372340 4.53
678.00 0.372339 4.53
679.00 0.372338 4.53
680.00 0.372337 4.53
681.00 0.372336 4.53
682.00 0.372335 4.53
683.00 0.372334 4.53
684.00 0.372333 4.53
685.00 0.372332 4.53
686.00 0.372331 4.53
687.00 0.372330 4.53
688.00 0.372329 4.53
689.00 0.372328 4.53
690.00 0.372327 4.53
691.00 0.372326 4.53
692.00 0.372325 4.53
693.00 0.372324 4.53
694.00 0.372323 4.53
695.00 0.372322 4.53
696.00 0.372321 4.53
697.00 0.372320 4.53
698.00 0.372319 4.53
699.00 0.372318 4.53
700.00 0.372317 4.53
701.00 0.372316 4.53
702.00 0.372315 4.53
703.00 0.372314 4.53
704.00 0.372313 4.53
705.00 0.372312 4.53
706.00 0.372311 4.53
707.00 0.372310 4.53
708.00 0.372309 4.53
709.00 0.372309 4.53
710.00 0.372308 4.53
711.00 0.372307 4.53
712.00 0.372306 4.53
713.00 0.372305 4.53
714.00 0.372304 4.53
715.00 0.372303 4.53
716.00 0.372302 4.53
717.00 0.372301 4.52
718.00 0.372300 4.52
719.00 0.372299 4.52
720.00 0.372298 4.52
721.00 0.372298 4.52
722.00 0.372297 4.52
723.00 0.372296 4.52
724.00 0.372295 4.52
725.00 0.372294 4.52
726.00 0.372293 4.52
727.00 0.372292 4.52
728.00 0.372292 4.52
729.00 0.372291 4.52
730.00 0.372290 4.52
731.00 0.372289 4.52
732.00 0.372288 4.52
733.00 0.372287 4.52
734.00 0.372287 4.52
735.00 0.372286 4.52
736.00 0.372285 4.52
737.00 0.372284 4.52
738.00 0.372283 4.52
739.00 0.372282 4.52
740.00 0.372282 4.52
741.00 0.372281 4.52
742.00 0.372280 4.52
743.00 0.372279 4.52
744.00 0.372278 4.52
745.00 0.372278 4.52
746.00 0.372277 4.52
747.00 0.372276 4.52
748.00 0.372275 4.52
749.00 0.372275 4.52
750.00 0.372274 4.52
751.00 0.372273 4.52
752.00 0.372272 4.52
753.00 0.372271 4.52
754.00 0.372271 4.52
755.00 0.372270 4.52
756.00 0.372269 4.52
757.00 0.372268 4.52
758.00 0.372268 4.52
759.00 0.372267 4.52
760.00 0.372266 4.52
761.00 0.372265 4.52
762.00 0.372265 4.52
763.00 0.372264 4.52
764.00 0.372263 4.52
765.00 0.372262 4.52
766.00 0.372262 4.52
767.00 0.372261 4.52
768.00 0.372260 4.52
769.00 0.372259 4.52
770.00 0.372259 4.52
771.00 0.372258 4.52
772.00 0.372257 4.52
773.00 0.372257 4.52
774.00 0.372256 4.52
775.00 0.372255 4.52
776.00 0.372254 4.52
777.00 0.372254 4.52
778.00 0.372253 4.52
779.00 0.372252 4.52
780.00 0.372251 4.52
781.00 0.372251 4.52
782.00 0.372250 4.52
783.00 0.372249 4.52
784.00 0.372249 4.52
785.00 0.372248 4.52
786.00 0.372247 4.52
787.00 0.372246 4.52
788.00 0.372246 4.52
789.00 0.372245 4.52
790.00 0.372244 4.52
791.00 0.372244 4.52
792.00 0.372243 4.52
793.00 0.372242 4.52
794.00 0.372242 4.52
795.00 0.372241 4.52
796.00 0.372240 4.52
797.00 0.372239 4.52
798.00 0.372239 4.52
799.00 0.372238 4.52
800.00 0.372237 4.52
801.00 0.372237 4.52
802.00 0.372236 4.52
803.00 0.372235 4.52
804.00 0.372234 4.52
805.00 0.372234 4.52
806.00 0.372233 4.52
807.00 0.372232 4.52
808.00 0.372232 4.52
809.00 0.372231 4.52
810.00 0.372230 4.52
811.00 0.372230 4.52
812.00 0.372229 4.52
813.00 0.372228 4.52
814.00 0.372227 4.52
815.00 0.372227 4.52
816.00 0.372226 4.52
817.00 0.372225 4.52
818.00 0.372225 4.52
819.00 0.372224 4.52
820.00 0.372223 4.52
821.00 0.372223 4.52
822.00 0.372222 4.52
823.00 0.372221 4.52
824.00 0.372221 4.52
825.00 0.372220 4.52
826.00 0.372219 4.52
827.00 0.372218 4.52
828.00 0.372218 4.52
829.00 0.372217 4.52
830.00 0.372216 4.52
831.00 0.372216 4.52
832.00 0.372215 4.52
833.00 0.372214 4.52
834.00 0.372214 4.52
835.00 0.372213 4.52
836.00 0.372212 4.52
837.00 0.372211 4.52
838.00 0.372211 4.52
839.00 0.372210 4.52
840.00 0.372209 4.52
841.00 0.372209 4.52
842.00 0.372208 4.52
843.00 0.372207 4.52
844.00 0.372206 4.52
845.00 0.372206 4.52
846.00 0.372205 4.52
847.00 0.372204 4.52
848.00 0.372204 4.52
849.00 0.372203 4.52
850.00 0.372202 4.52
851.00 0.372202 4.52
852.00 0.372201 4.52
853.00 0.372200 4.52
854.00 0.372199 4.52
855.00 0.372199 4.52
856.00 0.372198 4.52
857.00 0.372197 4.52
858.00 0.372197 4.52
859.00 0.372196 4.52
860.00 0.372195 4.52
861.00 0.372194 4.52
862.00 0.372194 4.52
863.00 0.372193 4.52
864.00 0.372192 4.52
865.00 0.372191 4.52
866.00 0.372191 4.52
867.00 0.372190 4.52
868.00 0.372189 4.52
869.00 0.372189 4.52
870.00 0.372188 4.52
871.00 0.372187 4.52
872.00 0.372186 4.52
873.00 0.372186 4.52
874.00 0.372185 4.52
875.00 0.372184 4.52
876.00 0.372183 4.52
877.00 0.372183 4.52
878.00 0.372182 4.52
879.00 0.372181 4.52
880.00 0.372180 4.52
881.00 0.372180 4.52
882.00 0.372179 4.52
883.00 0.372178 4.52
884.00 0.372177 4.52
885.00 0.372177 4.52
886.00 0.372176 4.52
887.00 0.372175 4.52
888.00 0.372174 4.52
889.00 0.372174 4.52
890.00 0.372173 4.52
891.00 0.372172 4.52
892.00 0.372171 4.52
893.00 0.372171 4.52
894.00 0.372170 4.52
895.00 0.372169 4.52
896.00 0.372168 4.52
897.00 0.372167 4.52
898.00 0.372167 4.52
899.00 0.372166 4.51
900.00 0.372166 4.51
901.00 0.372166 4.51
902.00 0.372166 4.51
903.00 0.372166 4.51
904.00 0.372166 4.51
905.00 0.372166 4.51
906.00 0.372166 4.51
907.00 0.372165 4.51
908.00 0.372165 4.51
909.00 0.372165 4.51
910.00 0.372165 4.51
911.00 0.372165 4.51
912.00 0.372165 4.51
913.00 0.372165 4.51
914.00 0.372165 4.51
915.00 0.372165 4.51
916.00 0.372165 4.51
917.00 0.372165 4.51
918.00 0.372164 4.51
919.00 0.372164 4.51
920.00 0.372164 4.51
921.00 0.372164 4.51
922.00 0.372164 4.51
923.00 0.372164 4.51
924.00 0.372164 4.51
925.00 0.372164 4.51
926.00 0.372164 4.51
927.00 0.372164 4.51
928.00 0.372164 4.51
929.00 0.372164 4.51
930.00 0.372163 4.51
931.00 0.372163 4.51
932.00 0.372163 4.51
933.00 0.372163 4.51
934.00 0.372163 4.51
935.00 0.372163 4.51
936.00 0.372163 4.51
937.00 0.372163 4.51
938.00 0.372163 4.51
939.00 0.372163 4.51
940.00 0.372163 4.51
941.00 0.372163 4.51
942.00 0.372163 4.51
943.00 0.372163 4.51
944.00 0.372163 4.51
945.00 0.372162 4.51
946.00 0.372162 4.51
947.00 0.372162 4.51
948.00 0.372162 4.51
949.00 0.372162 4.51
950.00 0.372162 4.51
951.00 0.372162 4.51
952.00 0.372162 4.51
953.00 0.372162 4.51
954.00 0.372162 4.51
955.00 0.372162 4.51
956.00 0.372162 4.51
957.00 0.372162 4.51
958.00 0.372162 4.51
959.00 0.372162 4.51
960.00 0.372162 4.51
961.00 0.372162 4.51
962.00 0.372162 4.51
963.00 0.372162 4.51
964.00 0.372161 4.51
965.00 0.372161 4.51
966.00 0.372161 4.51
967.00 0.372161 4.51
968.00 0.372161 4.51
969.00 0.372161 4.51
970.00 0.372161 4.51
971.00 0.372161 4.51
972.00 0.372161 4.51
973.00 0.372161 4.51
974.00 0.372161 4.51
975.00 0.372161 4.51
976.00 0.372161 4.51
977.00 0.372161 4.51
978.00 0.372161 4.51
979.00 0.372161 4.51
980.00 0.372161 4.51
981.00 0.372161 4.51
982.00 0.372161 4.51
983.00 0.372161 4.51
984.00 0.372161 4.51
985.00 0.372161 4.51
986.00 0.372161 4.51
987.00 0.372161 4.51
988.00 0.372160 4.51
989.00 0.372160 4.51
990.00 0.372160 4.51
991.00 0.372160 4.51
992.00 0.372160 4.51
993.00 0.372160 4.51
994.00 0.372160 4.51
995.00 0.372160 4.51
996.00 0.372160 4.51
997.00 0.372160 4.51
998.00 0.372160 4.51
999.00 0.372160 4.51
1000.00 0.372160 4.51
1001.00 0.372160 4.51
1002.00 0.372160 4.51
1003.00 0.372160 4.51
1004.00 0.372160 4.51
1005.00 0.372160 4.51
1006.00 0.372160 4.51
1007.00 0.372160 4.51
1008.00 0.372160 4.51
1009.00 0.372160 4.51
1010.00 0.372160 4.51
1011.00 0.372160 4.51
1012.00 0.372160 4.51
1013.00 0.372160 4.51
1014.00 0.372160 4.51
1015.00 0.372160 4.51
1016.00 0.372160 4.51
1017.00 0.372160 4.51
1018.00 0.372160 4.51
1019.00 0.372160 4.51
1020.00 0.372160 4.51
1021.00 0.372160 4.51
1022.00 0.372160 4.51
1023.00 0.372159 4.51
1024.00 0.372159 4.51
1025.00 0.372159 4.51
1026.00 0.372159 4.51
1027.00 0.372159 4.51
1028.00 0.372159 4.51
1029.00 0.372159 4.51
1030.00 0.372159 4.51
1031.00 0.372159 4.51
1032.00 0.372159 4.51
1033.00 0.372159 4.51
1034.00 0.372159 4.51
1035.00 0.372159 4.51
1036.00 0.372159 4.51
1037.00 0.372159 4.51
1038.00 0.372159 4.51
1039.00 0.372159 4.51
1040.00 0.372159 4.51
1041.00 0.372159 4.51
1042.00 0.372159 4.51
1043.00 0.372159 4.51
1044.00 0.372159 4.51
1045.00 0.372159 4.51
1046.00 0.372159 4.51
1047.00 0.372159 4.51
1048.00 0.372159 4.51
1049.00 0.372159 4.51
1050.00 0.372159 4.51
1051.00 0.372159 4.51
1052.00 0.372159 4.51
1053.00 0.372159 4.51
1054.00 0.372159 4.51
1055.00 0.372159 4.51
1056.00 0.372159 4.51
1057.00 0.372159 4.51
1058.00 0.372159 4.51
1059.00 0.372159 4.51
1060.00 0.372159 4.51
1061.00 0.372159 4.51
1062.00 0.372159 4.51
1063.00 0.372159 4.51
1064.00 0.372159 4.51
1065.00 0.372159 4.51
1066.00 0.372159 4.51
1067.00 0.372159 4.51
1068.00 0.372159 4.51
1069.00 0.372159 4.51
1070.00 0.372159 4.51
1071.00 0.372159 4.51
1072.00 0.372159 4.51
1073.00 0.372159 4.51
1074.00 0.372159 4.51
1075.00 0.372159 4.51
1076.00 0.372159 4.51
1077.00 0.372158 4.51
1078.00 0.372158 4.51
1079.00 0.372158 4.51
1080.00 0.372158 4.51
1081.00 0.372158 4.51
1082.00 0.372158 4.51
1083.00 0.372158 4.51
1084.00 0.372158 4.51
1085.00 0.372158 4.51
1086.00 0.372158 4.51
1087.00 0.372158 4.51
1088.00 0.372158 4.51
1089.00 0.372158 4.51
1090.00 0.372158 4.51
1091.00 0.372158 4.51
1092.00 0.372158 4.51
1093.00 0.372158 4.51
1094.00 0.372158 4.51
1095.00 0.372158 4.51
1096.00 0.372158 4.51
1097.00 0.372158 4.51
1098.00 0.372158 4.51
1099.00 0.372158 4.51
1100.00 0.372158 4.51
1101.00 0.372158 4.51
1102.00 0.372158 4.51
1103.00 0.372158 4.51
1104.00 0.372158 4.51
1105.00 0.372158 4.51
1106.00 0.372158 4.51
1107.00 0.372158 4.51
1108.00 0.372158 4.51
1109.00 0.372158 4.51
1110.00 0.372158 4.51
1111.00 0.372158 4.51
1112.00 0.372158 4.51
1113.00 0.372158 4.51
1114.00 0.372158 4.51
1115.00 0.372158 4.51
1116.00 0.372158 4.51
1117.00 0.372158 4.51
1118.00 0.372158 4.51
1119.00 0.372158 4.51
1120.00 0.372158 4.51
1121.00 0.372158 4.51
1122.00 0.372158 4.51
1123.00 0.372158 4.51
1124.00 0.372158 4.51
1125.00 0.372158 4.51
1126.00 0.372158 4.51
1127.00 0.372158 4.51
1128.00 0.372158 4.51
1129.00 0.372158 4.51
1130.00 0.372158 4.51
1131.00 0.372158 4.51
1132.00 0.372158 4.51
1133.00 0.372158 4.51
1134.00 0.372158 4.51
1135.00 0.372158 4.51
1136.00 0.372158 4.51
1137.00 0.372158 4.51
1138.00 0.372158 4.51
1139.00 0.372158 4.51
1140.00 0.372158 4.51
1141.00 0.372158 4.51
1142.00 0.372158 4.51
1143.00 0.372158 4.51
1144.00 0.372158 4.51
1145.00 0.372158 4.51
1146.00 0.372158 4.51
1147.00 0.372158 4.51
1148.00 0.372158 4.51
1149.00 0.372158 4.51
1150.00 0.372158 4.51
1151.00 0.372158 4.51
1152.00 0.372158 4.51
1153.00 0.372158 4.51
1154.00 0.372158 4.51
1155.00 0.372158 4.51
1156.00 0.372158 4.51
1157.00 0.372158 4.51
1158.00 0.372158 4.51
1159.00 0.372158 4.51
1160.00 0.372158 4.51
1161.00 0.372158 4.51
1162.00 0.372158 4.51
1163.00 0.372158 4.51
1164.00 0.372158 4.51
1165.00 0.372158 4.51
1166.00 0.372158 4.51
1167.00 0.372158 4.51
1168.00 0.372158 4.51
1169.00 0.372158 4.51
1170.00 0.372158 4.51
1171.00 0.372158 4.51
1172.00 0.372158 4.51
1173.00 0.372158 4.51
1174.00 0.372158 4.51
1175.00 0.372158 4.51
1176.00 0.372158 4.51
1177.00 0.372158 4.51
1178.00 0.372158 4.51
1179.00 0.372158 4.51
1180.00 0.372158 4.51
1181.00 0.372158 4.51
1182.00 0.372158 4.51
1183.00 0.372158 4.51
1184.00 0.372158 4.51
1185.00 0.372158 4.51
1186.00 0.372158 4.51
1187.00 0.372158 4.51
1188.00 0.372158 4.51
1189.00 0.372158 4.51
1190.00 0.372158 4.51
1191.00 0.372158 4.51
1192.00 0.372158 4.51
1193.00 0.372158 4.51
1194.00 0.372158 4.51
1195.00 0.372158 4.51
1196.00 0.372158 4.51
1197.00 0.372158 4.51
1198.00 0.372158 4.51
1199.00 0.372158 4.51
1200.00 0.372158 4.51
1201.00 0.372158 4.51
1202.00 0.372158 4.51
1203.00 0.372158 4.51
1204.00 0.372158 4.51
1205.00 0.372158 4.51
1206.00 0.372158 4.51
1207.00 0.372158 4.51
1208.00 0.372158 4.51
1209.00 0.372157 4.51
1210.00 0.372157 4.51
1211.00 0.372157 4.51
1212.00 0.372157 4.51
1213.00 0.372157 4.51
1214.00 0.372157 4.51
1215.00 0.372157 4.51
1216.00 0.372157 4.51
1217.00 0.372157 4.51
1218.00 0.372157 4.51
1219.00 0.372157 4.51
1220.00 0.372157 4.51
1221.00 0.372157 4.51
1222.00 0.372157 4.51
1223.00 0.372157 4.51
1224.00 0.372157 4.51
1225.00 0.372157 4.51
1226.00 0.372157 4.51
1227.00 0.372157 4.51
1228.00 0.372157 4.51
1229.00 0.372157 4.51
1230.00 0.372157 4.51
1231.00 0.372157 4.51
1232.00 0.372157 4.51
1233.00 0.372157 4.51
1234.00 0.372157 4.51
1235.00 0.372157 4.51
1236.00 0.372157 4.51
1237.00 0.372157 4.51
1238.00 0.372157 4.51
1239.00 0.372157 4.51
1240.00 0.372157 4.51
1241.00 0.372157 4.51
1242.00 0.372157 4.51
1243.00 0.372157 4.51
1244.00 0.372157 4.51
1245.00 0.372157 4.51
1246.00 0.372157 4.51
1247.00 0.372157 4.51
1248.00 0.372157 4.51
1249.00 0.372157 4.51
1250.00 0.372157 4.51
1251.00 0.372157 4.51
1252.00 0.372157 4.51
1253.00 0.372157 4.51
1254.00 0.372157 4.51
1255.00 0.372157 4.51
1256.00 0.372157 4.51
1257.00 0.372157 4.51
1258.00 0.372157 4.51
1259.00 0.372157 4.51
1260.00 0.372157 4.51
1261.00 0.372157 4.51
1262.00 0.372157 4.51
1263.00 0.372157 4.51
1264.00 0.372157 4.51
1265.00 0.372157 4.51
1266.00 0.372157 4.51
1267.00 0.372157 4.51
1268.00 0.372157 4.51
1269.00 0.372157 4.51
1270.00 0.372157 4.51
1271.00 0.372157 4.51
1272.00 0.372157 4.51
1273.00 0.372157 4.51
1274.00 0.372157 4.51
1275.00 0.372157 4.51
1276.00 0.372157 4.51
1277.00 0.372157 4.51
1278.00 0.372157 4.51
1279.00 0.372157 4.51
1280.00 0.372157 4.51
1281.00 0.372157 4.51
1282.00 0.372157 4.51
1283.00 0.372157 4.51
1284.00 0.372157 4.51
1285.00 0.372157 4.51
1286.00 0.372157 4.51
1287.00 0.372157 4.51
1288.00 0.372157 4.51
1289.00 0.372157 4.51
1290.00 0.372157 4.51
1291.00 0.372157 4.51
1292.00 0.372157 4.51
1293.00 0.372157 4.51
1294.00 0.372157 4.51
1295.00 0.372157 4.51
1296.00 0.372157 4.51
1297.00 0.372157 4.51
1298.00 0.372157 4.51
1299.00 0.372157 4.51
1300.00 0.372157 4.51
1301.00 0.372157 4.51
1302.00 0.372157 4.51
1303.00 0.372157 4.51
1304.00 0.372157 4.51
1305.00 0.372157 4.51
1306.00 0.372157 4.51
1307.00 0.372157 4.51
1308.00 0.372157 4.51
1309.00 0.372157 4.51
1310.00 0.372157 4.51
1311.00 0.372157 4.51
1312.00 0.372157 4.51
1313.00 0.372157 4.51
1314.00 0.372157 4.51
1315.00 0.372157 4.51
1316.00 0.372157 4.51
1317.00 0.372157 4.51
1318.00 0.372157 4.51
1319.00 0.372157 4.51
1320.00 0.372157 4.51
1321.00 0.372157 4.51
1322.00 0.372157 4.51
1323.00 0.372157 4.51
1324.00 0.372157 4.51
1325.00 0.372157 4.51
1326.00 0.372157 4.51
1327.00 0.372157 4.51
1328.00 0.372157 4.51
1329.00 0.372157 4.51
1330.00 0.372157 4.51
1331.00 0.372157 4.51
1332.00 0.372157 4.51
1333.00 0.372157 4.51
1334.00 0.372157 4.51
1335.00 0.372157 4.51
1336.00 0.372157 4.51
1337.00 0.372157 4.51
1338.00 0.372157 4.51
1339.00 0.372157 4.51
1340.00 0.372157 4.51
1341.00 0.372157 4.51
1342.00 0.372157 4.51
1343.00 0.372157 4.51
1344.00 0.372157 4.51
1345.00 0.372157 4.51
1346.00 0.372157 4.51
1347.00 0.372157 4.51
1348.00 0.372157 4.51
1349.00 0.372157 4.51
1350.00 0.372157 4.51
1351.00 0.372157 4.51
1352.00 0.372157 4.51
1353.00 0.372157 4.51
1354.00 0.372157 4.51
1355.00 0.372157 4.51
1356.00 0.372157 4.51
1357.00 0.372157 4.51
1358.00 0.372157 4.51
1359.00 0.372157 4.51
1360.00 0.372157 4.51
1361.00 0.372157 4.51
1362.00 0.372157 4.51
1363.00 0.372157 4.51
1364.00 0.372157 4.51
1365.00 0.372157 4.51
1366.00 0.372157 4.51
1367.00 0.372157 4.51
1368.00 0.372157 4.51
1369.00 0.372157 4.51
1370.00 0.372157 4.51
1371.00 0.372157 4.51
1372.00 0.372157 4.51
1373.00 0.372157 4.51
1374.00 0.372157 4.51
1375.00 0.372157 4.51
1376.00 0.372157 4.51
1377.00 0.372157 4.51
1378.00 0.372157 4.51
1379.00 0.372157 4.51
1380.00 0.372157 4.51
1381.00 0.372157 4.51
1382.00 0.372157 4.51
1383.00 0.372157 4.51
1384.00 0.372157 4.51
1385.00 0.372157 4.51
1386.00 0.372157 4.51
1387.00 0.372157 4.51
1388.00 0.372157 4.51
1389.00 0.372157 4.51
1390.00 0.372157 4.51
1391.00 0.372157 4.51
1392.00 0.372157 4.51
1393.00 0.372157 4.51
1394.00 0.372157 4.51
1395.00 0.372157 4.51
1396.00 0.372157 4.51
1397.00 0.372157 4.51
1398.00 0.372157 4.51
1399.00 0.372157 4.51
1400.00 0.372157 4.51
1401.00 0.372157 4.51
1402.00 0.372157 4.51
1403.00 0.372157 4.51
1404.00 0.372157 4.51
1405.00 0.372157 4.51
1406.00 0.372157 4.51
1407.00 0.372157 4.51
1408.00 0.372157 4.51
1409.00 0.372157 4.51
1410.00 0.372157 4.51
1411.00 0.372157 4.51
1412.00 0.372157 4.51
1413.00 0.372157 4.51
1414.00 0.372157 4.51
1415.00 0.372157 4.51
1416.00 0.372157 4.51
1417.00 0.372157 4.51
1418.00 0.372157 4.51
1419.00 0.372157 4.51
1420.00 0.372157 4.51
1421.00 0.372157 4.51
1422.00 0.372157 4.51
1423.00 0.372157 4.51
1424.00 0.372157 4.51
1425.00 0.372157 4.51
1426.00 0.372157 4.51
1427.00 0.372157 4.51
1428.00 0.372157 4.51
1429.00 0.372157 4.51
1430.00 0.372157 4.51
1431.00 0.372157 4.51
1432.00 0.372157 4.51
1433.00 0.372157 4.51
1434.00 0.372157 4.51
1435.00 0.372157 4.51
1436.00 0.372157 4.51
1437.00 0.372157 4.51
1438.00 0.372157 4.51
1439.00 0.372157 4.51
1440.00 0.372157 4.51
1441.00 0.372157 4.51
1442.00 0.372157 4.51
1443.00 0.372157 4.51
1444.00 0.372157 4.51
1445.00 0.372157 4.51
1446.00 0.372157 4.51
1447.00 0.372157 4.51
1448.00 0.372157 4.51
1449.00 0.372157 4.51
1450.00 0.372157 4.51
1451.00 0.372157 4.51
1452.00 0.372157 4.51
1453.00 0.372157 4.51
1454.00 0.372157 4.51
1455.00 0.372157 4.51
1456.00 0.372157 4.51
1457.00 0.372157 4.51
1458.00 0.372157 4.51
1459.00 0.372157 4.51
1460.00 0.372157 4.51
1461.00 0.372157 4.51
1462.00 0.372157 4.51
1463.00 0.372157 4.51
1464.00 0.372157 4.51
1465.00 0.372157 4.51
1466.00 0.372157 4.51
1467.00 0.372157 4.51
1468.00 0.372157 4.51
1469.00 0.372157 4.51
1470.00 0.372157 4.51
1471.00 0.372157 4.51
1472.00 0.372157 4.51
1473.00 0.372157 4.51
1474.00 0.372157 4.51
1475.00 0.372157 4.51
1476.00 0.372157 4.51
1477.00 0.372157 4.51
1478.00 0.372157 4.51
1479.00 0.372157 4.51
1480.00 0.372157 4.51
1481.00 0.372157 4.51
1482.00 0.372157 4.51
1483.00 0.372157 4.51
1484.00 0.372157 4.51
1485.00 0.372157 4.51
1486.00 0.372157 4.51
1487.00 0.372157 4.51
1488.00 0.372157 4.51
1489.00 0.372157 4.51
1490.00 0.372157 4.51
1491.00 0.372157 4.51
1492.00 0.372157 4.51
1493.00 0.372157 4.51
1494.00 0.372157 4.51
1495.00 0.372157 4.51
1496.00 0.372157 4.51
1497.00 0.372157 4.51
1498.00 0.372157 4.51
1499.00 0.372157 4.51
1500.00 0.372157 4.51
1501.00 0.372157 4.51
1502.00 0.372157 4.51
1503.00 0.372157 4.51
1504.00 0.372157 4.51
1505.00 0.372157 4.51
1506.00 0.372157 4.51
1507.00 0.372157 4.51
1508.00 0.372157 4.51
1509.00 0.372157 4.51
1510.00 0.372157 4.51
1511.00 0.372157 4.51
1512.00 0.372157 4.51
1513.00 0.372157 4.51
1514.00 0.372157 4.51
1515.00 0.372157 4.51
1516.00 0.372157 4.51
1517.00 0.372157 4.51
1518.00 0.372157 4.51
1519.00 0.372157 4.51
1520.00 0.372157 4.51
1521.00 0.372157 4.51
1522.00 0.372157 4.51
1523.00 0.372157 4.51
1524.00 0.372157 4.51
1525.00 0.372157 4.51
1526.00 0.372157 4.51
1527.00 0.372157 4.51
1528.00 0.372157 4.51
1529.00 0.372157 4.51
1530.00 0.372157 4.51
1531.00 0.372157 4.51
1532.00 0.372157 4.51
1533.00 0.372157 4.51
1534.00 0.372157 4.51
1535.00 0.372157 4.51
1536.00 0.372157 4.51
1537.00 0.372157 4.51
1538.00 0.372157 4.51
1539.00 0.372157 4.51
1540.00 0.372157 4.51
1541.00 0.372157 4.51
1542.00 0.372157 4.51
1543.00 0.372157 4.51
1544.00 0.372157 4.51
1545.00 0.372157 4.51
1546.00 0.372157 4.51
1547.00 0.372157 4.51
1548.00 0.372157 4.51
1549.00 0.372157 4.51
1550.00 0.372157 4.51
1551.00 0.372157 4.51
1552.00 0.372157 4.51
1553.00 0.372157 4.51
1554.00 0.372157 4.51
1555.00 0.372157 4.51
1556.00 0.372157 4.51
1557.00 0.372157 4.51
1558.00 0.372157 4.51
1559.00 0.372157 4.51
1560.00 0.372157 4.51
1561.00 0.372157 4.51
1562.00 0.372157 4.51
1563.00 0.372157 4.51
1564.00 0.372157 4.51
1565.00 0.372157 4.51
1566.00 0.372157 4.51
1567.00 0.372157 4.51
1568.00 0.372157 4.51
1569.00 0.372157 4.51
1570.00 0.372157 4.51
1571.00 0.372157 4.51
1572.00 0.372157 4.51
1573.00 0.372157 4.51
1574.00 0.372157 4.51
1575.00 0.372157 4.51
1576.00 0.372157 4.51
1577.00 0.372157 4.51
1578.00 0.372157 4.51
1579.00 0.372157 4.51
1580.00 0.372157 4.51
1581.00 0.372157 4.51
1582.00 0.372157 4.51
1583.00 0.372157 4.51
1584.00 0.372157 4.51
1585.00 0.372157 4.51
1586.00 0.372157 4.51
1587.00 0.372157 4.51
1588.00 0.372157 4.51
1589.00 0.372157 4.51
1590.00 0.372157 4.51
1591.00 0.372157 4.51
1592.00 0.372157 4.51
1593.00 0.372157 4.51
1594.00 0.372157 4.51
1595.00 0.372157 4.51
1596.00 0.372157 4.51
1597.00 0.372157 4.51
1598.00 0.372157 4.51
1599.00 0.372157 4.51
1600.00 0.372157 4.51
1601.00 0.372157 4.51
1602.00 0.372157 4.51
1603.00 0.372157 4.51
1604.00 0.372157 4.51
1605.00 0.372157 4.51
1606.00 0.372157 4.51
1607.00 0.372157 4.51
1608.00 0.372157 4.51
1609.00 0.372157 4.51
1610.00 0.372157 4.51
1611.00 0.372157 4.51
1612.00 0.372157 4.51
1613.00 0.372157 4.51
1614.00 0.372157 4.51
1615.00 0.372157 4.51
1616.00 0.372157 4.51
1617.00 0.372157 4.51
1618.00 0.372157 4.51
1619.00 0.372157 4.51
1620.00 0.372157 4.51
1621.00 0.372157 4.51
1622.00 0.372157 4.51
1623.00 0.372157 4.51
1624.00 0.372157 4.51
1625.00 0.372157 4.51
1626.00 0.372157 4.51
1627.00 0.372157 4.51
1628.00 0.372157 4.51
1629.00 0.372157 4.51
1630.00 0.372157 4.51
1631.00 0.372157 4.51
1632.00 0.372157 4.51
1633.00 0.372157 4.51
1634.00 0.372157 4.51
1635.00 0.372157 4.51
1636.00 0.372157 4.51
1637.00 0.372157 4.51
1638.00 0.372157 4.51
1639.00 0.372157 4.51
1640.00 0.372157 4.51
1641.00 0.372157 4.51
1642.00 0.372157 4.51
1643.00 0.372157 4.51
1644.00 0.372157 4.51
1645.00 0.372157 4.51
1646.00 0.372157 4.51
1647.00 0.372157 4.51
1648.00 0.372157 4.51
1649.00 0.372157 4.51
1650.00 0.372157 4.51
1651.00 0.372157 4.51
1652.00 0.372157 4.51
1653.00 0.372157 4.51
1654.00 0.372157 4.51
1655.00 0.372157 4.51
1656.00 0.372157 4.51
1657.00 0.372157 4.51
1658.00 0.372157 4.51
1659.00 0.372157 4.51
1660.00 0.372157 4.51
1661.00 0.372157 4.51
1662.00 0.372157 4.51
1663.00 0.372157 4.51
1664.00 0.372157 4.51
1665.00 0.372157 4.51
1666.00 0.372157 4.51
1667.00 0.372157 4.51
1668.00 0.372157 4.51
1669.00 0.372157 4.51
1670.00 0.372157 4.51
1671.00 0.372157 4.51
1672.00 0.372157 4.51
1673.00 0.372157 4.51
1674.00 0.372157 4.51
1675.00 0.372157 4.51
1676.00 0.372157 4.51
1677.00 0.372157 4.51
1678.00 0.372157 4.51
1679.00 0.372157 4.51
1680.00 0.372157 4.51
1681.00 0.372157 4.51
1682.00 0.372157 4.51
1683.00 0.372157 4.51
1684.00 0.372157 4.51
1685.00 0.372157 4.51
1686.00 0.372157 4.51
1687.00 0.372157 4.51
1688.00 0.372157 4.51
1689.00 0.372157 4.51
1690.00 0.372157 4.51
1691.00 0.372157 4.51
1692.00 0.372157 4.51
1693.00 0.372157 4.51
1694.00 0.372157 4.51
1695.00 0.372157 4.51
1696.00 0.372157 4.51
1697.00 0.372157 4.51
1698.00 0.372157 4.51
1699.00 0.372157 4.51
1700.00 0.372157 4.51
1701.00 0.372157 4.51
1702.00 0.372157 4.51
1703.00 0.372157 4.51
1704.00 0.372157 4.51
1705.00 0.372157 4.51
1706.00 0.372157 4.51
1707.00 0.372157 4.51
1708.00 0.372157 4.51
1709.00 0.372157 4.51
1710.00 0.372157 4.51
1711.00 0.372157 4.51
1712.00 0.372157 4.51
1713.00 0.372157 4.51
1714.00 0.372157 4.51
1715.00 0.372157 4.51
1716.00 0.372157 4.51
1717.00 0.372157 4.51
1718.00 0.372157 4.51
1719.00 0.372157 4.51
1720.00 0.372157 4.51
1721.00 0.372157 4.51
1722.00 0.372157 4.51
1723.00 0.372157 4.51
1724.00 0.372157 4.51
1725.00 0.372157 4.51
1726.00 0.372157 4.51
1727.00 0.372157 4.51
1728.00 0.372157 4.51
1729.00 0.372157 4.51
1730.00 0.372157 4.51
1731.00 0.372157 4.51
1732.00 0.372157 4.51
1733.00 0.372157 4.51
1734.00 0.372157 4.51
1735.00 0.372157 4.51
1736.00 0.372157 4.51
1737.00 0.372157 4.51
1738.00 0.372157 4.51
1739.00 0.372157 4.51
1740.00 0.372157 4.51
1741.00 0.372157 4.51
1742.00 0.372157 4.51
1743.00 0.372157 4.51
1744.00 0.372157 4.51
1745.00 0.372157 4.51
1746.00 0.372157 4.51
1747.00 0.372157 4.51
1748.00 0.372157 4.51
1749.00 0.372157 4.51
1750.00 0.372157 4.51
1751.00 0.372157 4.51
1752.00 0.372157 4.51
1753.00 0.372157 4.51
1754.00 0.372157 4.51
1755.00 0.372157 4.51
1756.00 0.372157 4.51
1757.00 0.372157 4.51
1758.00 0.372157 4.51
1759.00 0.372157 4.51
1760.00 0.372157 4.51
1761.00 0.372157 4.51
1762.00 0.372157 4.51
1763.00 0.372157 4.51
1764.00 0.372157 4.51
1765.00 0.372157 4.51
1766.00 0.372157 4.51
1767.00 0.372157 4.51
1768.00 0.372157 4.51
1769.00 0.372157 4.51
1770.00 0.372157 4.51
1771.00 0.372157 4.51
1772.00 0.372157 4.51
1773.00 0.372157 4.51
1774.00 0.372157 4.51
1775.00 0.372157 4.51
1776.00 0.372157 4.51
1777.00 0.372157 4.51
1778.00 0.372157 4.51
1779.00 0.372157 4.51
1780.00 0.372157 4.51
1781.00 0.372157 4.51
1782.00 0.372157 4.51
1783.00 0.372157 4.51
1784.00 0.372157 4.51
1785.00 0.372157 4.51
1786.00 0.372157 4.51
1787.00 0.372157 4.51
1788.00 0.372157 4.51
1789.00 0.372157 4.51
1790.00 0.372157 4.51
1791.00 0.372157 4.51
1792.00 0.372157 4.51
1793.00 0.372157 4.51
1794.00 0.372157 4.51
1795.00 0.372157 4.51
1796.00 0.372157 4.51
1797.00 0.372157 4.51
1798.00 0.372157 4.51
1799.00 0.372157 4.51
1800.00 0.372157 4.51
1801.00 0.372157 4.51
1802.00 0.372157 4.51
1803.00 0.372157 4.51
1804.00 0.372157 4.51
1805.00 0.372157 4.51
1806.00 0.372157 4.51
1807.00 0.372157 4.51
1808.00 0.372157 4.51
1809.00 0.372157 4.51
1810.00 0.372157 4.51
1811.00 0.372157 4.51
1812.00 0.372157 4.51
1813.00 0.372157 4.51
1814.00 0.372157 4.51
1815.00 0.372157 4.51
1816.00 0.372157 4.51
1817.00 0.372157 4.51
1818.00 0.372157 4.51
1819.00 0.372157 4.51
1820.00 0.372157 4.51
1821.00 0.372157 4.51
1822.00 0.372157 4.51
1823.00 0.372157 4.51
1824.00 0.372157 4.51
1825.00 0.372157 4.51
1826.00 0.372157 4.51
1827.00 0.372157 4.51
1828.00 0.372157 4.51
1829.00 0.372157 4.51
1830.00 0.372157 4.51
1831.00 0.372157 4.51
1832.00 0.372157 4.51
1833.00 0.372157 4.51
1834.00 0.372157 4.51
1835.00 0.372157 4.51
1836.00 0.372157 4.51
1837.00 0.372157 4.51
1838.00 0.372157 4.51
1839.00 0.372157 4.51
1840.00 0.372157 4.51
1841.00 0.372157 4.51
1842.00 0.372157 4.51
1843.00 0.372157 4.51
1844.00 0.372157 4.51
1845.00 0.372157 4.51
1846.00 0.372157 4.51
1847.00 0.372157 4.51
1848.00 0.372157 4.51
1849.00 0.372157 4.51
1850.00 0.372157 4.51
1851.00 0.372157 4.51
1852.00 0.372157 4.51
1853.00 0.372157 4.51
1854.00 0.372157 4.51
1855.00 0.372157 4.51
1856.00 0.372157 4.51
1857.00 0.372157 4.51
1858.00 0.372157 4.51
1859.00 0.372157 4.51
1860.00 0.372157 4.51
1861.00 0.372157 4.51
1862.00 0.372157 4.51
1863.00 0.372157 4.51
1864.00 0.372157 4.51
1865.00 0.372157 4.51
1866.00 0.372157 4.51
1867.00 0.372157 4.51
1868.00 0.372157 4.51
1869.00 0.372157 4.51
1870.00 0.372157 4.51
1871.00 0.372157 4.51
1872.00 0.372157 4.51
1873.00 0.372157 4.51
1874.00 0.372157 4.51
1875.00 0.372157 4.51
1876.00 0.372157 4.51
1877.00 0.372157 4.51
1878.00 0.372157 4.51
1879.00 0.372157 4.51
1880.00 0.372157 4.51
1881.00 0.372157 4.51
1882.00 0.372157 4.51
1883.00 0.372157 4.51
1884.00 0.372157 4.51
1885.00 0.372157 4.51
1886.00 0.372157 4.51
1887.00 0.372157 4.51
1888.00 0.372157 4.51
1889.00 0.372157 4.51
1890.00 0.372157 4.51
1891.00 0.372157 4.51
1892.00 0.372157 4.51
1893.00 0.372157 4.51
1894.00 0.372157 4.51
1895.00 0.372157 4.51
1896.00 0.372157 4.51
1897.00 0.372157 4.51
1898.00 0.372157 4.51
1899.00 0.372157 4.51
1900.00 0.372157 4.51
1901.00 0.372157 4.51
1902.00 0.372157 4.51
1903.00 0.372157 4.51
1904.00 0.372157 4.51
1905.00 0.372157 4.51
1906.00 0.372157 4.51
1907.00 0.372157 4.51
1908.00 0.372157 4.51
1909.00 0.372157 4.51
1910.00 0.372157 4.51
1911.00 0.372157 4.51
1912.00 0.372157 4.51
1913.00 0.372157 4.51
1914.00 0.372157 4.51
1915.00 0.372157 4.51
1916.00 0.372157 4.51
1917.00 0.372157 4.51
1918.00 0.372157 4.51
1919.00 0.372157 4.51
1920.00 0.372157 4.51
1921.00 0.372157 4.51
1922.00 0.372157 4.51
1923.00 0.372157 4.51
1924.00 0.372157 4.51
1925.00 0.372157 4.51
1926.00 0.372157 4.51
1927.00 0.372157 4.51
1928.00 0.372157 4.51
1929.00 0.372157 4.51
1930.00 0.372157 4.51
1931.00 0.372157 4.51
1932.00 0.372157 4.51
1933.00 0.372157 4.51
1934.00 0.372157 4.51
1935.00 0.372157 4.51
1936.00 0.372157 4.51
1937.00 0.372157 4.51
1938.00 0.372157 4.51
1939.00 0.372157 4.51
1940.00 0.372157 4.51
1941.00 0.372157 4.51
1942.00 0.372157 4.51
1943.00 0.372157 4.51
1944.00 0.372157 4.51
1945.00 0.372157 4.51
1946.00 0.372157 4.51
1947.00 0.372157 4.51
1948.00 0.372157 4.51
1949.00 0.372157 4.51
1950.00 0.372157 4.51
1951.00 0.372157 4.51
1952.00 0.372157 4.51
1953.00 0.372157 4.51
1954.00 0.372157 4.51
1955.00 0.372157 4.51
1956.00 0.372157 4.51
1957.00 0.372157 4.51
1958.00 0.372157 4.51
1959.00 0.372157 4.51
1960.00 0.372157 4.51
1961.00 0.372157 4.51
1962.00 0.372157 4.51
1963.00 0.372157 4.51
1964.00 0.372157 4.51
1965.00 0.372157 4.51
1966.00 0.372157 4.51
1967.00 0.372157 4.51
1968.00 0.372157 4.51
1969.00 0.372157 4.51
1970.00 0.372157 4.51
1971.00 0.372157 4.51
1972.00 0.372157 4.51
1973.00 0.372157 4.51
1974.00 0.372157 4.51
1975.00 0.372157 4.51
1976.00 0.372157 4.51
1977.00 0.372157 4.51
1978.00 0.372157 4.51
1979.00 0.372157 4.51
1980.00 0.372157 4.51
1981.00 0.372157 4.51
1982.00 0.372157 4.51
1983.00 0.372157 4.51
1984.00 0.372157 4.51
1985.00 0.372157 4.51
1986.00 0.372157 4.51
1987.00 0.372157 4.51
1988.00 0.372157 4.51
1989.00 0.372157 4.51
1990.00 0.372157 4.51
1991.00 0.372157 4.51
1992.00 0.372157 4.51
1993.00 0.372157 4.51
1994.00 0.372157 4.51
1995.00 0.372157 4.51
1996.00 0.372157 4.51
1997.00 0.372157 4.51
1998.00 0.372157 4.51
1999.00 0.372157 4.51
2000.00 0.372157 4.51
