0.00 0.230252 3.04
1.00 0.229914 3.04
2.00 0.229580 3.04
3.00 0.229259 3.03
4.00 0.228947 3.03
5.00 0.228641 3.03
6.00 0.228340 3.03
7.00 0.228042 3.03
8.00 0.227748 3.03
9.00 0.227459 3.02
10.00 0.227177 3.02
11.00 0.226896 3.02
12.00 0.226618 3.02
13.00 0.226341 3.02
14.00 0.226065 3.02
15.00 0.225790 3.02
16.00 0.225516 3.02
17.00 0.225242 3.02
18.00 0.224969 3.02
19.00 0.224696 3.02
20.00 0.224423 3.02
21.00 0.224150 3.02
22.00 0.223877 3.02
23.00 0.223604 3.02
24.00 0.223330 3.02
25.00 0.223057 3.02
26.00 0.222782 3.02
27.00 0.222507 3.02
28.00 0.222232 3.02
29.00 0.221956 3.02
30.00 0.221705 3.01
31.00 0.221458 3.01
32.00 0.221214 3.01
33.00 0.220972 3.01
34.00 0.220733 3.01
35.00 0.220495 3.01
36.00 0.220258 3.01
37.00 0.220023 3.01
38.00 0.219789 3.01
39.00 0.219555 3.01
40.00 0.219322 3.01
41.00 0.219089 3.01
42.00 0.218856 3.01
43.00 0.218623 3.01
44.00 0.218390 3.01
45.00 0.218157 3.01
46.00 0.217923 3.01
47.00 0.217689 3.01
48.00 0.217454 3.01
49.00 0.217218 3.01
50.00 0.216982 3.01
51.00 0.216744 3.01
52.00 0.216506 3.01
53.00 0.216266 3.01
54.00 0.216025 3.01
55.00 0.215783 3.01
56.00 0.215540 3.01
57.00 0.215295 3.01
58.00 0.215049 3.01
59.00 0.214801 3.01
60.00 0.214552 3.01
61.00 0.214301 3.01
62.00 0.214048 3.01
63.00 0.213804 3.00
64.00 0.213563 3.00
65.00 0.213321 3.00
66.00 0.213079 3.00
67.00 0.212837 3.00
68.00 0.212594 3.00
69.00 0.212351 3.00
70.00 0.212107 3.00
71.00 0.211862 3.00
72.00 0.211617 3.00
73.00 0.211371 3.00
74.00 0.211124 3.00
75.00 0.210876 3.00
76.00 0.210627 3.00
77.00 0.210403 2.99
78.00 0.210191 2.99
79.00 0.209984 2.99
80.00 0.209780 2.99
81.00 0.209579 2.99
82.00 0.209380 2.99
83.00 0.209182 2.99
84.00 0.208986 2.99
85.00 0.208790 2.99
86.00 0.208596 2.99
87.00 0.208422 2.98
88.00 0.208254 2.98
89.00 0.208089 2.98
90.00 0.207926 2.98
91.00 0.207765 2.98
92.00 0.207606 2.98
93.00 0.207449 2.98
94.00 0.207293 2.98
95.00 0.207137 2.98
96.00 0.206983 2.98
97.00 0.206829 2.98
98.00 0.206676 2.98
99.00 0.206523 2.98
100.00 0.206370 2.98
101.00 0.206217 2.98
102.00 0.206065 2.98
103.00 0.205912 2.98
104.00 0.205759 2.98
105.00 0.205606 2.98
106.00 0.205453 2.98
107.00 0.205299 2.98
108.00 0.205145 2.98
109.00 0.204991 2.98
110.00 0.204836 2.98
111.00 0.204680 2.97
112.00 0.204525 2.97
113.00 0.204370 2.97
114.00 0.204214 2.97
115.00 0.204057 2.97
116.00 0.203939 2.96
117.00 0.203828 2.96
118.00 0.203721 2.96
119.00 0.203617 2.96
120.00 0.203516 2.96
121.00 0.203418 2.96
122.00 0.203320 2.96
123.00 0.203224 2.96
124.00 0.203129 2.96
125.00 0.203035 2.96
126.00 0.202941 2.96
127.00 0.202847 2.96
128.00 0.202754 2.96
129.00 0.202660 2.96
130.00 0.202566 2.96
131.00 0.202472 2.96
132.00 0.202378 2.96
133.00 0.202283 2.96
134.00 0.202188 2.96
135.00 0.202092 2.96
136.00 0.201996 2.96
137.00 0.201899 2.96
138.00 0.201802 2.96
139.00 0.201704 2.96
140.00 0.201605 2.96
141.00 0.201506 2.96
142.00 0.201406 2.96
143.00 0.201305 2.96
144.00 0.201215 2.95
145.00 0.201153 2.95
146.00 0.201094 2.95
147.00 0.201037 2.95
148.00 0.200983 2.95
149.00 0.200930 2.95
150.00 0.200879 2.95
151.00 0.200829 2.95
152.00 0.200781 2.95
153.00 0.200733 2.95
154.00 0.200686 2.95
155.00 0.200641 2.95
156.00 0.200596 2.95
157.00 0.200551 2.95
158.00 0.200508 2.95
159.00 0.200464 2.95
160.00 0.200421 2.95
161.00 0.200379 2.95
162.00 0.200337 2.95
163.00 0.200294 2.95
164.00 0.200253 2.95
165.00 0.200211 2.95
166.00 0.200170 2.95
167.00 0.200128 2.95
168.00 0.200087 2.95
169.00 0.200046 2.95
170.00 0.200004 2.95
171.00 0.199963 2.95
172.00 0.199922 2.95
173.00 0.199881 2.95
174.00 0.199840 2.95
175.00 0.199799 2.95
176.00 0.199758 2.95
177.00 0.199717 2.95
178.00 0.199676 2.95
179.00 0.199635 2.95
180.00 0.199594 2.95
181.00 0.199553 2.95
182.00 0.199529 2.94
183.00 0.199514 2.94
184.00 0.199501 2.94
185.00 0.199490 2.94
186.00 0.199480 2.94
187.00 0.199471 2.94
188.00 0.199463 2.94
189.00 0.199456 2.94
190.00 0.199450 2.94
191.00 0.199444 2.94
192.00 0.199439 2.94
193.00 0.199434 2.94
194.00 0.199430 2.94
195.00 0.199426 2.94
196.00 0.199422 2.94
197.00 0.199418 2.94
198.00 0.199415 2.94
199.00 0.199412 2.94
200.00 0.199409 2.94
201.00 0.199407 2.94
202.00 0.199404 2.94
203.00 0.199402 2.94
204.00 0.199400 2.94
205.00 0.199398 2.94
206.00 0.199396 2.94
207.00 0.199394 2.94
208.00 0.199393 2.94
209.00 0.199391 2.94
210.00 0.199390 2.94
211.00 0.199388 2.94
212.00 0.199387 2.94
213.00 0.199386 2.94
214.00 0.199385 2.94
215.00 0.199384 2.94
216.00 0.199383 2.94
217.00 0.199382 2.94
218.00 0.199381 2.94
219.00 0.199380 2.94
220.00 0.199379 2.94
221.00 0.199379 2.94
222.00 0.199378 2.94
223.00 0.199377 2.94
224.00 0.199377 2.94
225.00 0.199376 2.94
226.00 0.199375 2.94
227.00 0.199375 2.94
228.00 0.199375 2.94
229.00 0.199374 2.94
230.00 0.199374 2.94
231.00 0.199373 2.94
232.00 0.199373 2.94
233.00 0.199373 2.94
234.00 0.199372 2.94
235.00 0.199372 2.94
236.00 0.199372 2.94
237.00 0.199371 2.94
238.00 0.199371 2.94
239.00 0.199371 2.94
240.00 0.199371 2.94
241.00 0.199370 2.94
242.00 0.199370 2.94
243.00 0.199370 2.94
244.00 0.199370 2.94
245.00 0.199370 2.94
246.00 0.199369 2.94
247.00 0.199369 2.94
248.00 0.199369 2.94
249.00 0.199369 2.94
250.00 0.199369 2.94
251.00 0.199369 2.94
252.00 0.199369 2.94
253.00 0.199369 2.94
254.00 0.199368 2.94
255.00 0.199368 2.94
256.00 0.199368 2.94
257.00 0.199368 2.94
258.00 0.199368 2.94
259.00 0.199368 2.94
260.00 0.199368 2.94
261.00 0.199368 2.94
262.00 0.199368 2.94
263.00 0.199368 2.94
264.00 0.199368 2.94
265.00 0.199368 2.94
266.00 0.199368 2.94
267.00 0.199368 2.94
268.00 0.199367 2.94
269.00 0.199367 2.94
270.00 0.199367 2.94
271.00 0.199367 2.94
272.00 0.199367 2.94
273.00 0.199367 2.94
274.00 0.199367 2.94
275.00 0.199367 2.94
276.00 0.199367 2.94
277.00 0.199367 2.94
278.00 0.199367 2.94
279.00 0.199367 2.94
280.00 0.199367 2.94
281.00 0.199367 2.94
282.00 0.199367 2.94
283.00 0.199367 2.94
284.00 0.199367 2.94
285.00 0.199367 2.94
286.00 0.199367 2.94
287.00 0.199367 2.94
288.00 0.199367 2.94
289.00 0.199367 2.94
290.00 0.199367 2.94
291.00 0.199367 2.94
292.00 0.199367 2.94
293.00 0.199367 2.94
294.00 0.199367 2.94
295.00 0.199367 2.94
296.00 0.199367 2.94
297.00 0.199367 2.94
298.00 0.199367 2.94
299.00 0.199367 2.94
300.00 0.199367 2.94
301.00 0.199367 2.94
302.00 0.199367 2.94
303.00 0.199367 2.94
304.00 0.199367 2.94
305.00 0.199367 2.94
306.00 0.199367 2.94
307.00 0.199367 2.94
308.00 0.199367 2.94
309.00 0.199367 2.94
310.00 0.199367 2.94
311.00 0.199367 2.94
312.00 0.199367 2.94
313.00 0.199367 2.94
314.00 0.199367 2.94
315.00 0.199367 2.94
316.00 0.199367 2.94
317.00 0.199367 2.94
318.00 0.199367 2.94
319.00 0.199367 2.94
320.00 0.199367 2.94
321.00 0.199367 2.94
322.00 0.199367 2.94
323.00 0.199367 2.94
324.00 0.199367 2.94
325.00 0.199367 2.94
326.00 0.199367 2.94
327.00 0.199367 2.94
328.00 0.199367 2.94
329.00 0.199367 2.94
330.00 0.199367 2.94
331.00 0.199367 2.94
332.00 0.199367 2.94
333.00 0.199367 2.94
334.00 0.199367 2.94
335.00 0.199367 2.94
336.00 0.199367 2.94
337.00 0.199367 2.94
338.00 0.199367 2.94
339.00 0.199367 2.94
340.00 0.199367 2.94
341.00 0.199367 2.94
342.00 0.199367 2.94
343.00 0.199367 2.94
344.00 0.199367 2.94
345.00 0.199367 2.94
346.00 0.199367 2.94
347.00 0.199367 2.94
348.00 0.199367 2.94
349.00 0.199367 2.94
350.00 0.199367 2.94
351.00 0.199367 2.94
352.00 0.199367 2.94
353.00 0.199367 2.94
354.00 0.199367 2.94
355.00 0.199367 2.94
356.00 0.199367 2.94
357.00 0.199367 2.94
358.00 0.199367 2.94
359.00 0.199367 2.94
360.00 0.199367 2.94
361.00 0.199367 2.94
362.00 0.199367 2.94
363.00 0.199367 2.94
364.00 0.199367 2.94
365.00 0.199367 2.94
366.00 0.199367 2.94
367.00 0.199367 2.94
368.00 0.199367 2.94
369.00 0.199367 2.94
370.00 0.199367 2.94
371.00 0.199367 2.94
372.00 0.199367 2.94
373.00 0.199367 2.94
374.00 0.199367 2.94
375.00 0.199367 2.94
376.00 0.199367 2.94
377.00 0.199367 2.94
378.00 0.199367 2.94
379.00 0.199367 2.94
380.00 0.199367 2.94
381.00 0.199367 2.94
382.00 0.199367 2.94
383.00 0.199367 2.94
384.00 0.199367 2.94
385.00 0.199367 2.94
386.00 0.199367 2.94
387.00 0.199367 2.94
388.00 0.199367 2.94
389.00 0.199367 2.94
390.00 0.199367 2.94
391.00 0.199367 2.94
392.00 0.199367 2.94
393.00 0.199367 2.94
394.00 0.199367 2.94
395.00 0.199367 2.94
396.00 0.199367 2.94
397.00 0.199367 2.94
398.00 0.199367 2.94
399.00 0.199367 2.94
400.00 0.199367 2.94
401.00 0.199367 2.94
402.00 0.199367 2.94
403.00 0.199367 2.94
404.00 0.199367 2.94
405.00 0.199367 2.94
406.00 0.199367 2.94
407.00 0.199367 2.94
408.00 0.199367 2.94
409.00 0.199367 2.94
410.00 0.199367 2.94
411.00 0.199367 2.94
412.00 0.199367 2.94
413.00 0.199367 2.94
414.00 0.199367 2.94
415.00 0.199367 2.94
416.00 0.199367 2.94
417.00 0.199367 2.94
418.00 0.199367 2.94
419.00 0.199367 2.94
420.00 0.199367 2.94
421.00 0.199367 2.94
422.00 0.199367 2.94
423.00 0.199367 2.94
424.00 0.199367 2.94
425.00 0.199367 2.94
426.00 0.199367 2.94
427.00 0.199367 2.94
428.00 0.199367 2.94
429.00 0.199367 2.94
430.00 0.199367 2.94
431.00 0.199367 2.94
432.00 0.199367 2.94
433.00 0.199367 2.94
434.00 0.199367 2.94
435.00 0.199367 2.94
436.00 0.199367 2.94
437.00 0.199367 2.94
438.00 0.199367 2.94
439.00 0.199367 2.94
440.00 0.199367 2.94
441.00 0.199367 2.94
442.00 0.199367 2.94
443.00 0.199367 2.94
444.00 0.199367 2.94
445.00 0.199367 2.94
446.00 0.199367 2.94
447.00 0.199367 2.94
448.00 0.199367 2.94
449.00 0.199367 2.94
450.00 0.199367 2.94
451.00 0.199367 2.94
452.00 0.199367 2.94
453.00 0.199367 2.94
454.00 0.199367 2.94
455.00 0.199367 2.94
456.00 0.199367 2.94
457.00 0.199367 2.94
458.00 0.199367 2.94
459.00 0.199367 2.94
460.00 0.199367 2.94
461.00 0.199367 2.94
462.00 0.199367 2.94
463.00 0.199367 2.94
464.00 0.199367 2.94
465.00 0.199367 2.94
466.00 0.199367 2.94
467.00 0.199367 2.94
468.00 0.199367 2.94
469.00 0.199367 2.94
470.00 0.199367 2.94
471.00 0.199367 2.94
472.00 0.199367 2.94
473.00 0.199367 2.94
474.00 0.199367 2.94
475.00 0.199367 2.94
476.00 0.199367 2.94
477.00 0.199367 2.94
478.00 0.199367 2.94
479.00 0.199367 2.94
480.00 0.199367 2.94
481.00 0.199367 2.94
482.00 0.199367 2.94
483.00 0.199367 2.94
484.00 0.199367 2.94
485.00 0.199367 2.94
486.00 0.199367 2.94
487.00 0.199367 2.94
488.00 0.199367 2.94
489.00 0.199367 2.94
490.00 0.199367 2.94
491.00 0.199367 2.94
492.00 0.199367 2.94
493.00 0.199367 2.94
494.00 0.199367 2.94
495.00 0.199367 2.94
496.00 0.199367 2.94
497.00 0.199367 2.94
498.00 0.199367 2.94
499.00 0.199367 2.94
500.00 0.199367 2.94
501.00 0.199367 2.94
502.00 0.199367 2.94
503.00 0.199367 2.94
504.00 0.199367 2.94
505.00 0.199367 2.94
506.00 0.199367 2.94
507.00 0.199367 2.94
508.00 0.199367 2.94
509.00 0.199367 2.94
510.00 0.199367 2.94
511.00 0.199367 2.94
512.00 0.199367 2.94
513.00 0.199367 2.94
514.00 0.199367 2.94
515.00 0.199367 2.94
516.00 0.199367 2.94
517.00 0.199367 2.94
518.00 0.199367 2.94
519.00 0.199367 2.94
520.00 0.199367 2.94
521.00 0.199367 2.94
522.00 0.199367 2.94
523.00 0.199367 2.94
524.00 0.199367 2.94
525.00 0.199367 2.94
526.00 0.199367 2.94
527.00 0.199367 2.94
528.00 0.199367 2.94
529.00 0.199367 2.94
530.00 0.199367 2.94
531.00 0.199367 2.94
532.00 0.199367 2.94
533.00 0.199367 2.94
534.00 0.199367 2.94
535.00 0.199367 2.94
536.00 0.199367 2.94
537.00 0.199367 2.94
538.00 0.199367 2.94
539.00 0.199367 2.94
540.00 0.199367 2.94
541.00 0.199367 2.94
542.00 0.199367 2.94
543.00 0.199367 2.94
544.00 0.199367 2.94
545.00 0.199367 2.94
546.00 0.199367 2.94
547.00 0.199367 2.94
548.00 0.199367 2.94
549.00 0.199367 2.94
550.00 0.199367 2.94
551.00 0.199367 2.94
552.00 0.199367 2.94
553.00 0.199367 2.94
554.00 0.199367 2.94
555.00 0.199367 2.94
556.00 0.199367 2.94
557.00 0.199367 2.94
558.00 0.199367 2.94
559.00 0.199367 2.94
560.00 0.199367 2.94
561.00 0.199367 2.94
562.00 0.199367 2.94
563.00 0.199367 2.94
564.00 0.199367 2.94
565.00 0.199367 2.94
566.00 0.199367 2.94
567.00 0.199367 2.94
568.00 0.199367 2.94
569.00 0.199367 2.94
570.00 0.199367 2.94
571.00 0.199367 2.94
572.00 0.199367 2.94
573.00 0.199367 2.94
574.00 0.199367 2.94
575.00 0.199367 2.94
576.00 0.199367 2.94
577.00 0.199367 2.94
578.00 0.199367 2.94
579.00 0.199367 2.94
580.00 0.199367 2.94
581.00 0.199367 2.94
582.00 0.199367 2.94
583.00 0.199367 2.94
584.00 0.199367 2.94
585.00 0.199367 2.94
586.00 0.199367 2.94
587.00 0.199367 2.94
588.00 0.199367 2.94
589.00 0.199367 2.94
590.00 0.199367 2.94
591.00 0.199367 2.94
592.00 0.199367 2.94
593.00 0.199367 2.94
594.00 0.199367 2.94
595.00 0.199367 2.94
596.00 0.199367 2.94
597.00 0.199367 2.94
598.00 0.199367 2.94
599.00 0.199367 2.94
600.00 0.199367 2.94
601.00 0.199367 2.94
602.00 0.199367 2.94
603.00 0.199367 2.94
604.00 0.199367 2.94
605.00 0.199367 2.94
606.00 0.199367 2.94
607.00 0.199367 2.94
608.00 0.199367 2.94
609.00 0.199367 2.94
610.00 0.199367 2.94
611.00 0.199367 2.94
612.00 0.199367 2.94
613.00 0.199367 2.94
614.00 0.199367 2.94
615.00 0.199367 2.94
616.00 0.199367 2.94
617.00 0.199367 2.94
618.00 0.199367 2.94
619.00 0.199367 2.94
620.00 0.199367 2.94
621.00 0.199367 2.94
622.00 0.199367 2.94
623.00 0.199367 2.94
624.00 0.199367 2.94
625.00 0.199367 2.94
626.00 0.199367 2.94
627.00 0.199367 2.94
628.00 0.199367 2.94
629.00 0.199367 2.94
630.00 0.199367 2.94
631.00 0.199367 2.94
632.00 0.199367 2.94
633.00 0.199367 2.94
634.00 0.199367 2.94
635.00 0.199367 2.94
636.00 0.199367 2.94
637.00 0.199367 2.94
638.00 0.199367 2.94
639.00 0.199367 2.94
640.00 0.199367 2.94
641.00 0.199367 2.94
642.00 0.199367 2.94
643.00 0.199367 2.94
644.00 0.199367 2.94
645.00 0.199367 2.94
646.00 0.199367 2.94
647.00 0.199367 2.94
648.00 0.199367 2.94
649.00 0.199367 2.94
650.00 0.199367 2.94
651.00 0.199367 2.94
652.00 0.199367 2.94
653.00 0.199367 2.94
654.00 0.199367 2.94
655.00 0.199367 2.94
656.00 0.199367 2.94
657.00 0.199367 2.94
658.00 0.199367 2.94
659.00 0.199367 2.94
660.00 0.199367 2.94
661.00 0.199367 2.94
662.00 0.199367 2.94
663.00 0.199367 2.94
664.00 0.199367 2.94
665.00 0.199367 2.94
666.00 0.199367 2.94
667.00 0.199367 2.94
668.00 0.199367 2.94
669.00 0.199367 2.94
670.00 0.199367 2.94
671.00 0.199367 2.94
672.00 0.199367 2.94
673.00 0.199367 2.94
674.00 0.199367 2.94
675.00 0.199367 2.94
676.00 0.199367 2.94
677.00 0.199367 2.94
678.00 0.199367 2.94
679.00 0.199367 2.94
680.00 0.199367 2.94
681.00 0.199367 2.94
682.00 0.199367 2.94
683.00 0.199367 2.94
684.00 0.199367 2.94
685.00 0.199367 2.94
686.00 0.199367 2.94
687.00 0.199367 2.94
688.00 0.199367 2.94
689.00 0.199367 2.94
690.00 0.199367 2.94
691.00 0.199367 2.94
692.00 0.199367 2.94
693.00 0.199367 2.94
694.00 0.199367 2.94
695.00 0.199367 2.94
696.00 0.199367 2.94
697.00 0.199367 2.94
698.00 0.199367 2.94
699.00 0.199367 2.94
700.00 0.199367 2.94
701.00 0.199367 2.94
702.00 0.199367 2.94
703.00 0.199367 2.94
704.00 0.199367 2.94
705.00 0.199367 2.94
706.00 0.199367 2.94
707.00 0.199367 2.94
708.00 0.199367 2.94
709.00 0.199367 2.94
710.00 0.199367 2.94
711.00 0.199367 2.94
712.00 0.199367 2.94
713.00 0.199367 2.94
714.00 0.199367 2.94
715.00 0.199367 2.94
716.00 0.199367 2.94
717.00 0.199367 2.94
718.00 0.199367 2.94
719.00 0.199367 2.94
720.00 0.199367 2.94
721.00 0.199367 2.94
722.00 0.199367 2.94
723.00 0.199367 2.94
724.00 0.199367 2.94
725.00 0.199367 2.94
726.00 0.199367 2.94
727.00 0.199367 2.94
728.00 0.199367 2.94
729.00 0.199367 2.94
730.00 0.199367 2.94
731.00 0.199367 2.94
732.00 0.199367 2.94
733.00 0.199367 2.94
734.00 0.199367 2.94
735.00 0.199367 2.94
736.00 0.199367 2.94
737.00 0.199367 2.94
738.00 0.199367 2.94
739.00 0.199367 2.94
740.00 0.199367 2.94
741.00 0.199367 2.94
742.00 0.199367 2.94
743.00 0.199367 2.94
744.00 0.199367 2.94
745.00 0.199367 2.94
746.00 0.199367 2.94
747.00 0.199367 2.94
748.00 0.199367 2.94
749.00 0.199367 2.94
750.00 0.199367 2.94
751.00 0.199367 2.94
752.00 0.199367 2.94
753.00 0.199367 2.94
754.00 0.199367 2.94
755.00 0.199367 2.94
756.00 0.199367 2.94
757.00 0.199367 2.94
758.00 0.199367 2.94
759.00 0.199367 2.94
760.00 0.199367 2.94
761.00 0.199367 2.94
762.00 0.199367 2.94
763.00 0.199367 2.94
764.00 0.199367 2.94
765.00 0.199367 2.94
766.00 0.199367 2.94
767.00 0.199367 2.94
768.00 0.199367 2.94
769.00 0.199367 2.94
770.00 0.199367 2.94
771.00 0.199367 2.94
772.00 0.199367 2.94
773.00 0.199367 2.94
774.00 0.199367 2.94
775.00 0.199367 2.94
776.00 0.199367 2.94
777.00 0.199367 2.94
778.00 0.199367 2.94
779.00 0.199367 2.94
780.00 0.199367 2.94
781.00 0.199367 2.94
782.00 0.199367 2.94
783.00 0.199367 2.94
784.00 0.199367 2.94
785.00 0.199367 2.94
786.00 0.199367 2.94
787.00 0.199367 2.94
788.00 0.199367 2.94
789.00 0.199367 2.94
790.00 0.199367 2.94
791.00 0.199367 2.94
792.00 0.199367 2.94
793.00 0.199367 2.94
794.00 0.199367 2.94
795.00 0.199367 2.94
796.00 0.199367 2.94
797.00 0.199367 2.94
798.00 0.199367 2.94
799.00 0.199367 2.94
800.00 0.199367 2.94
801.00 0.199367 2.94
802.00 0.199367 2.94
803.00 0.199367 2.94
804.00 0.199367 2.94
805.00 0.199367 2.94
806.00 0.199367 2.94
807.00 0.199367 2.94
808.00 0.199367 2.94
809.00 0.199367 2.94
810.00 0.199367 2.94
811.00 0.199367 2.94
812.00 0.199367 2.94
813.00 0.199367 2.94
814.00 0.199367 2.94
815.00 0.199367 2.94
816.00 0.199367 2.94
817.00 0.199367 2.94
818.00 0.199367 2.94
819.00 0.199367 2.94
820.00 0.199367 2.94
821.00 0.199367 2.94
822.00 0.199367 2.94
823.00 0.199367 2.94
824.00 0.199367 2.94
825.00 0.199367 2.94
826.00 0.199367 2.94
827.00 0.199367 2.94
828.00 0.199367 2.94
829.00 0.199367 2.94
830.00 0.199367 2.94
831.00 0.199367 2.94
832.00 0.199367 2.94
833.00 0.199367 2.94
834.00 0.199367 2.94
835.00 0.199367 2.94
836.00 0.199367 2.94
837.00 0.199367 2.94
838.00 0.199367 2.94
839.00 0.199367 2.94
840.00 0.199367 2.94
841.00 0.199367 2.94
842.00 0.199367 2.94
843.00 0.199367 2.94
844.00 0.199367 2.94
845.00 0.199367 2.94
846.00 0.199367 2.94
847.00 0.199367 2.94
848.00 0.199367 2.94
849.00 0.199367 2.94
850.00 0.199367 2.94
851.00 0.199367 2.94
852.00 0.199367 2.94
853.00 0.199367 2.94
854.00 0.199367 2.94
855.00 0.199367 2.94
856.00 0.199367 2.94
857.00 0.199367 2.94
858.00 0.199367 2.94
859.00 0.199367 2.94
860.00 0.199367 2.94
861.00 0.199367 2.94
862.00 0.199367 2.94
863.00 0.199367 2.94
864.00 0.199367 2.94
865.00 0.199367 2.94
866.00 0.199367 2.94
867.00 0.199367 2.94
868.00 0.199367 2.94
869.00 0.199367 2.94
870.00 0.199367 2.94
871.00 0.199367 2.94
872.00 0.199367 2.94
873.00 0.199367 2.94
874.00 0.199367 2.94
875.00 0.199367 2.94
876.00 0.199367 2.94
877.00 0.199367 2.94
878.00 0.199367 2.94
879.00 0.199367 2.94
880.00 0.199367 2.94
881.00 0.199367 2.94
882.00 0.199367 2.94
883.00 0.199367 2.94
884.00 0.199367 2.94
885.00 0.199367 2.94
886.00 0.199367 2.94
887.00 0.199367 2.94
888.00 0.199367 2.94
889.00 0.199367 2.94
890.00 0.199367 2.94
891.00 0.199367 2.94
892.00 0.199367 2.94
893.00 0.199367 2.94
894.00 0.199367 2.94
895.00 0.199367 2.94
896.00 0.199367 2.94
897.00 0.199367 2.94
898.00 0.199367 2.94
899.00 0.199367 2.94
900.00 0.199367 2.94
901.00 0.199367 2.94
902.00 0.199367 2.94
903.00 0.199367 2.94
904.00 0.199367 2.94
905.00 0.199367 2.94
906.00 0.199367 2.94
907.00 0.199367 2.94
908.00 0.199367 2.94
909.00 0.199367 2.94
910.00 0.199367 2.94
911.00 0.199367 2.94
912.00 0.199367 2.94
913.00 0.199367 2.94
914.00 0.199367 2.94
915.00 0.199367 2.94
916.00 0.199367 2.94
917.00 0.199367 2.94
918.00 0.199367 2.94
919.00 0.199367 2.94
920.00 0.199367 2.94
921.00 0.199367 2.94
922.00 0.199367 2.94
923.00 0.199367 2.94
924.00 0.199367 2.94
925.00 0.199367 2.94
926.00 0.199367 2.94
927.00 0.199367 2.94
928.00 0.199367 2.94
929.00 0.199367 2.94
930.00 0.199367 2.94
931.00 0.199367 2.94
932.00 0.199367 2.94
933.00 0.199367 2.94
934.00 0.199367 2.94
935.00 0.199367 2.94
936.00 0.199367 2.94
937.00 0.199367 2.94
938.00 0.199367 2.94
939.00 0.199367 2.94
940.00 0.199367 2.94
941.00 0.199367 2.94
942.00 0.199367 2.94
943.00 0.199367 2.94
944.00 0.199367 2.94
945.00 0.199367 2.94
946.00 0.199367 2.94
947.00 0.199367 2.94
948.00 0.199367 2.94
949.00 0.199367 2.94
950.00 0.199367 2.94
951.00 0.199367 2.94
952.00 0.199367 2.94
953.00 0.199367 2.94
954.00 0.199367 2.94
955.00 0.199367 2.94
956.00 0.199367 2.94
957.00 0.199367 2.94
958.00 0.199367 2.94
959.00 0.199367 2.94
960.00 0.199367 2.94
961.00 0.199367 2.94
962.00 0.199367 2.94
963.00 0.199367 2.94
964.00 0.199367 2.94
965.00 0.199367 2.94
966.00 0.199367 2.94
967.00 0.199367 2.94
968.00 0.199367 2.94
969.00 0.199367 2.94
970.00 0.199367 2.94
971.00 0.199367 2.94
972.00 0.199367 2.94
973.00 0.199367 2.94
974.00 0.199367 2.94
975.00 0.199367 2.94
976.00 0.199367 2.94
977.00 0.199367 2.94
978.00 0.199367 2.94
979.00 0.199367 2.94
980.00 0.199367 2.94
981.00 0.199367 2.94
982.00 0.199367 2.94
983.00 0.199367 2.94
984.00 0.199367 2.94
985.00 0.199367 2.94
986.00 0.199367 2.94
987.00 0.199367 2.94
988.00 0.199367 2.94
989.00 0.199367 2.94
990.00 0.199367 2.94
991.00 0.199367 2.94
992.00 0.199367 2.94
993.00 0.199367 2.94
994.00 0.199367 2.94
995.00 0.199367 2.94
996.00 0.199367 2.94
997.00 0.199367 2.94
998.00 0.199367 2.94
999.00 0.199367 2.94
1000.00 0.199367 2.94
1001.00 0.199367 2.94
1002.00 0.199367 2.94
1003.00 0.199367 2.94
1004.00 0.199367 2.94
1005.00 0.199367 2.94
1006.00 0.199367 2.94
1007.00 0.199367 2.94
1008.00 0.199367 2.94
1009.00 0.199367 2.94
1010.00 0.199367 2.94
1011.00 0.199367 2.94
1012.00 0.199367 2.94
1013.00 0.199367 2.94
1014.00 0.199367 2.94
1015.00 0.199367 2.94
1016.00 0.199367 2.94
1017.00 0.199367 2.94
1018.00 0.199367 2.94
1019.00 0.199367 2.94
1020.00 0.199367 2.94
1021.00 0.199367 2.94
1022.00 0.199367 2.94
1023.00 0.199367 2.94
1024.00 0.199367 2.94
1025.00 0.199367 2.94
1026.00 0.199367 2.94
1027.00 0.199367 2.94
1028.00 0.199367 2.94
1029.00 0.199367 2.94
1030.00 0.199367 2.94
1031.00 0.199367 2.94
1032.00 0.199367 2.94
1033.00 0.199367 2.94
1034.00 0.199367 2.94
1035.00 0.199367 2.94
1036.00 0.199367 2.94
1037.00 0.199367 2.94
1038.00 0.199367 2.94
1039.00 0.199367 2.94
1040.00 0.199367 2.94
1041.00 0.199367 2.94
1042.00 0.199367 2.94
1043.00 0.199367 2.94
1044.00 0.199367 2.94
1045.00 0.199367 2.94
1046.00 0.199367 2.94
1047.00 0.199367 2.94
1048.00 0.199367 2.94
1049.00 0.199367 2.94
1050.00 0.199367 2.94
1051.00 0.199367 2.94
1052.00 0.199367 2.94
1053.00 0.199367 2.94
1054.00 0.199367 2.94
1055.00 0.199367 2.94
1056.00 0.199367 2.94
1057.00 0.199367 2.94
1058.00 0.199367 2.94
1059.00 0.199367 2.94
1060.00 0.199367 2.94
1061.00 0.199367 2.94
1062.00 0.199367 2.94
1063.00 0.199367 2.94
1064.00 0.199367 2.94
1065.00 0.199367 2.94
1066.00 0.199367 2.94
1067.00 0.199367 2.94
1068.00 0.199367 2.94
1069.00 0.199367 2.94
1070.00 0.199367 2.94
1071.00 0.199367 2.94
1072.00 0.199367 2.94
1073.00 0.199367 2.94
1074.00 0.199367 2.94
1075.00 0.199367 2.94
1076.00 0.199367 2.94
1077.00 0.199367 2.94
1078.00 0.199367 2.94
1079.00 0.199367 2.94
1080.00 0.199367 2.94
1081.00 0.199367 2.94
1082.00 0.199367 2.94
1083.00 0.199367 2.94
1084.00 0.199367 2.94
1085.00 0.199367 2.94
1086.00 0.199367 2.94
1087.00 0.199367 2.94
1088.00 0.199367 2.94
1089.00 0.199367 2.94
1090.00 0.199367 2.94
1091.00 0.199367 2.94
1092.00 0.199367 2.94
1093.00 0.199367 2.94
1094.00 0.199367 2.94
1095.00 0.199367 2.94
1096.00 0.199367 2.94
1097.00 0.199367 2.94
1098.00 0.199367 2.94
1099.00 0.199367 2.94
1100.00 0.199367 2.94
1101.00 0.199367 2.94
1102.00 0.199367 2.94
1103.00 0.199367 2.94
1104.00 0.199367 2.94
1105.00 0.199367 2.94
1106.00 0.199367 2.94
1107.00 0.199367 2.94
1108.00 0.199367 2.94
1109.00 0.199367 2.94
1110.00 0.199367 2.94
1111.00 0.199367 2.94
1112.00 0.199367 2.94
1113.00 0.199367 2.94
1114.00 0.199367 2.94
1115.00 0.199367 2.94
1116.00 0.199367 2.94
1117.00 0.199367 2.94
1118.00 0.199367 2.94
1119.00 0.199367 2.94
1120.00 0.199367 2.94
1121.00 0.199367 2.94
1122.00 0.199367 2.94
1123.00 0.199367 2.94
1124.00 0.199367 2.94
1125.00 0.199367 2.94
1126.00 0.199367 2.94
1127.00 0.199367 2.94
1128.00 0.199367 2.94
1129.00 0.199367 2.94
1130.00 0.199367 2.94
1131.00 0.199367 2.94
1132.00 0.199367 2.94
1133.00 0.199367 2.94
1134.00 0.199367 2.94
1135.00 0.199367 2.94
1136.00 0.199367 2.94
1137.00 0.199367 2.94
1138.00 0.199367 2.94
1139.00 0.199367 2.94
1140.00 0.199367 2.94
1141.00 0.199367 2.94
1142.00 0.199367 2.94
1143.00 0.199367 2.94
1144.00 0.199367 2.94
1145.00 0.199367 2.94
1146.00 0.199367 2.94
1147.00 0.199367 2.94
1148.00 0.199367 2.94
1149.00 0.199367 2.94
1150.00 0.199367 2.94
1151.00 0.199367 2.94
1152.00 0.199367 2.94
1153.00 0.199367 2.94
1154.00 0.199367 2.94
1155.00 0.199367 2.94
1156.00 0.199367 2.94
1157.00 0.199367 2.94
1158.00 0.199367 2.94
1159.00 0.199367 2.94
1160.00 0.199367 2.94
1161.00 0.199367 2.94
1162.00 0.199367 2.94
1163.00 0.199367 2.94
1164.00 0.199367 2.94
1165.00 0.199367 2.94
1166.00 0.199367 2.94
1167.00 0.199367 2.94
1168.00 0.199367 2.94
1169.00 0.199367 2.94
1170.00 0.199367 2.94
1171.00 0.199367 2.94
1172.00 0.199367 2.94
1173.00 0.199367 2.94
1174.00 0.199367 2.94
1175.00 0.199367 2.94
1176.00 0.199367 2.94
1177.00 0.199367 2.94
1178.00 0.199367 2.94
1179.00 0.199367 2.94
1180.00 0.199367 2.94
1181.00 0.199367 2.94
1182.00 0.199367 2.94
1183.00 0.199367 2.94
1184.00 0.199367 2.94
1185.00 0.199367 2.94
1186.00 0.199367 2.94
1187.00 0.199367 2.94
1188.00 0.199367 2.94
1189.00 0.199367 2.94
1190.00 0.199367 2.94
1191.00 0.199367 2.94
1192.00 0.199367 2.94
1193.00 0.199367 2.94
1194.00 0.199367 2.94
1195.00 0.199367 2.94
1196.00 0.199367 2.94
1197.00 0.199367 2.94
1198.00 0.199367 2.94
1199.00 0.199367 2.94
1200.00 0.199367 2.94
1201.00 0.199367 2.94
1202.00 0.199367 2.94
1203.00 0.199367 2.94
1204.00 0.199367 2.94
1205.00 0.199367 2.94
1206.00 0.199367 2.94
1207.00 0.199367 2.94
1208.00 0.199367 2.94
1209.00 0.199367 2.94
1210.00 0.199367 2.94
1211.00 0.199367 2.94
1212.00 0.199367 2.94
1213.00 0.199367 2.94
1214.00 0.199367 2.94
1215.00 0.199367 2.94
1216.00 0.199367 2.94
1217.00 0.199367 2.94
1218.00 0.199367 2.94
1219.00 0.199367 2.94
1220.00 0.199367 2.94
1221.00 0.199367 2.94
1222.00 0.199367 2.94
1223.00 0.199367 2.94
1224.00 0.199367 2.94
1225.00 0.199367 2.94
1226.00 0.199367 2.94
1227.00 0.199367 2.94
1228.00 0.199367 2.94
1229.00 0.199367 2.94
1230.00 0.199367 2.94
1231.00 0.199367 2.94
1232.00 0.199367 2.94
1233.00 0.199367 2.94
1234.00 0.199367 2.94
1235.00 0.199367 2.94
1236.00 0.199367 2.94
1237.00 0.199367 2.94
1238.00 0.199367 2.94
1239.00 0.199367 2.94
1240.00 0.199367 2.94
1241.00 0.199367 2.94
1242.00 0.199367 2.94
1243.00 0.199367 2.94
1244.00 0.199367 2.94
1245.00 0.199367 2.94
1246.00 0.199367 2.94
1247.00 0.199367 2.94
1248.00 0.199367 2.94
1249.00 0.199367 2.94
1250.00 0.199367 2.94
1251.00 0.199367 2.94
1252.00 0.199367 2.94
1253.00 0.199367 2.94
1254.00 0.199367 2.94
1255.00 0.199367 2.94
1256.00 0.199367 2.94
1257.00 0.199367 2.94
1258.00 0.199367 2.94
1259.00 0.199367 2.94
1260.00 0.199367 2.94
1261.00 0.199367 2.94
1262.00 0.199367 2.94
1263.00 0.199367 2.94
1264.00 0.199367 2.94
1265.00 0.199367 2.94
1266.00 0.199367 2.94
1267.00 0.199367 2.94
1268.00 0.199367 2.94
1269.00 0.199367 2.94
1270.00 0.199367 2.94
1271.00 0.199367 2.94
1272.00 0.199367 2.94
1273.00 0.199367 2.94
1274.00 0.199367 2.94
1275.00 0.199367 2.94
1276.00 0.199367 2.94
1277.00 0.199367 2.94
1278.00 0.199367 2.94
1279.00 0.199367 2.94
1280.00 0.199367 2.94
1281.00 0.199367 2.94
1282.00 0.199367 2.94
1283.00 0.199367 2.94
1284.00 0.199367 2.94
1285.00 0.199367 2.94
1286.00 0.199367 2.94
1287.00 0.199367 2.94
1288.00 0.199367 2.94
1289.00 0.199367 2.94
1290.00 0.199367 2.94
1291.00 0.199367 2.94
1292.00 0.199367 2.94
1293.00 0.199367 2.94
1294.00 0.199367 2.94
1295.00 0.199367 2.94
1296.00 0.199367 2.94
1297.00 0.199367 2.94
1298.00 0.199367 2.94
1299.00 0.199367 2.94
1300.00 0.199367 2.94
1301.00 0.199367 2.94
1302.00 0.199367 2.94
1303.00 0.199367 2.94
1304.00 0.199367 2.94
1305.00 0.199367 2.94
1306.00 0.199367 2.94
1307.00 0.199367 2.94
1308.00 0.199367 2.94
1309.00 0.199367 2.94
1310.00 0.199367 2.94
1311.00 0.199367 2.94
1312.00 0.199367 2.94
1313.00 0.199367 2.94
1314.00 0.199367 2.94
1315.00 0.199367 2.94
1316.00 0.199367 2.94
1317.00 0.199367 2.94
1318.00 0.199367 2.94
1319.00 0.199367 2.94
1320.00 0.199367 2.94
1321.00 0.199367 2.94
1322.00 0.199367 2.94
1323.00 0.199367 2.94
1324.00 0.199367 2.94
1325.00 0.199367 2.94
1326.00 0.199367 2.94
1327.00 0.199367 2.94
1328.00 0.199367 2.94
1329.00 0.199367 2.94
1330.00 0.199367 2.94
1331.00 0.199367 2.94
1332.00 0.199367 2.94
1333.00 0.199367 2.94
1334.00 0.199367 2.94
1335.00 0.199367 2.94
1336.00 0.199367 2.94
1337.00 0.199367 2.94
1338.00 0.199367 2.94
1339.00 0.199367 2.94
1340.00 0.199367 2.94
1341.00 0.199367 2.94
1342.00 0.199367 2.94
1343.00 0.199367 2.94
1344.00 0.199367 2.94
1345.00 0.199367 2.94
1346.00 0.199367 2.94
1347.00 0.199367 2.94
1348.00 0.199367 2.94
1349.00 0.199367 2.94
1350.00 0.199367 2.94
1351.00 0.199367 2.94
1352.00 0.199367 2.94
1353.00 0.199367 2.94
1354.00 0.199367 2.94
1355.00 0.199367 2.94
1356.00 0.199367 2.94
1357.00 0.199367 2.94
1358.00 0.199367 2.94
1359.00 0.199367 2.94
1360.00 0.199367 2.94
1361.00 0.199367 2.94
1362.00 0.199367 2.94
1363.00 0.199367 2.94
1364.00 0.199367 2.94
1365.00 0.199367 2.94
1366.00 0.199367 2.94
1367.00 0.199367 2.94
1368.00 0.199367 2.94
1369.00 0.199367 2.94
1370.00 0.199367 2.94
1371.00 0.199367 2.94
1372.00 0.199367 2.94
1373.00 0.199367 2.94
1374.00 0.199367 2.94
1375.00 0.199367 2.94
1376.00 0.199367 2.94
1377.00 0.199367 2.94
1378.00 0.199367 2.94
1379.00 0.199367 2.94
1380.00 0.199367 2.94
1381.00 0.199367 2.94
1382.00 0.199367 2.94
1383.00 0.199367 2.94
1384.00 0.199367 2.94
1385.00 0.199367 2.94
1386.00 0.199367 2.94
1387.00 0.199367 2.94
1388.00 0.199367 2.94
1389.00 0.199367 2.94
1390.00 0.199367 2.94
1391.00 0.199367 2.94
1392.00 0.199367 2.94
1393.00 0.199367 2.94
1394.00 0.199367 2.94
1395.00 0.199367 2.94
1396.00 0.199367 2.94
1397.00 0.199367 2.94
1398.00 0.199367 2.94
1399.00 0.199367 2.94
1400.00 0.199367 2.94
1401.00 0.199367 2.94
1402.00 0.199367 2.94
1403.00 0.199367 2.94
1404.00 0.199367 2.94
1405.00 0.199367 2.94
1406.00 0.199367 2.94
1407.00 0.199367 2.94
1408.00 0.199367 2.94
1409.00 0.199367 2.94
1410.00 0.199367 2.94
1411.00 0.199367 2.94
1412.00 0.199367 2.94
1413.00 0.199367 2.94
1414.00 0.199367 2.94
1415.00 0.199367 2.94
1416.00 0.199367 2.94
1417.00 0.199367 2.94
1418.00 0.199367 2.94
1419.00 0.199367 2.94
1420.00 0.199367 2.94
1421.00 0.199367 2.94
1422.00 0.199367 2.94
1423.00 0.199367 2.94
1424.00 0.199367 2.94
1425.00 0.199367 2.94
1426.00 0.199367 2.94
1427.00 0.199367 2.94
1428.00 0.199367 2.94
1429.00 0.199367 2.94
1430.00 0.199367 2.94
1431.00 0.199367 2.94
1432.00 0.199367 2.94
1433.00 0.199367 2.94
1434.00 0.199367 2.94
1435.00 0.199367 2.94
1436.00 0.199367 2.94
1437.00 0.199367 2.94
1438.00 0.199367 2.94
1439.00 0.199367 2.94
1440.00 0.199367 2.94
1441.00 0.199367 2.94
1442.00 0.199367 2.94
1443.00 0.199367 2.94
1444.00 0.199367 2.94
1445.00 0.199367 2.94
1446.00 0.199367 2.94
1447.00 0.199367 2.94
1448.00 0.199367 2.94
1449.00 0.199367 2.94
1450.00 0.199367 2.94
1451.00 0.199367 2.94
1452.00 0.199367 2.94
1453.00 0.199367 2.94
1454.00 0.199367 2.94
1455.00 0.199367 2.94
1456.00 0.199367 2.94
1457.00 0.199367 2.94
1458.00 0.199367 2.94
1459.00 0.199367 2.94
1460.00 0.199367 2.94
1461.00 0.199367 2.94
1462.00 0.199367 2.94
1463.00 0.199367 2.94
1464.00 0.199367 2.94
1465.00 0.199367 2.94
1466.00 0.199367 2.94
1467.00 0.199367 2.94
1468.00 0.199367 2.94
1469.00 0.199367 2.94
1470.00 0.199367 2.94
1471.00 0.199367 2.94
1472.00 0.199367 2.94
1473.00 0.199367 2.94
1474.00 0.199367 2.94
1475.00 0.199367 2.94
1476.00 0.199367 2.94
1477.00 0.199367 2.94
1478.00 0.199367 2.94
1479.00 0.199367 2.94
1480.00 0.199367 2.94
1481.00 0.199367 2.94
1482.00 0.199367 2.94
1483.00 0.199367 2.94
1484.00 0.199367 2.94
1485.00 0.199367 2.94
1486.00 0.199367 2.94
1487.00 0.199367 2.94
1488.00 0.199367 2.94
1489.00 0.199367 2.94
1490.00 0.199367 2.94
1491.00 0.199367 2.94
1492.00 0.199367 2.94
1493.00 0.199367 2.94
1494.00 0.199367 2.94
1495.00 0.199367 2.94
1496.00 0.199367 2.94
1497.00 0.199367 2.94
1498.00 0.199367 2.94
1499.00 0.199367 2.94
1500.00 0.199367 2.94
1501.00 0.199367 2.94
1502.00 0.199367 2.94
1503.00 0.199367 2.94
1504.00 0.199367 2.94
1505.00 0.199367 2.94
1506.00 0.199367 2.94
1507.00 0.199367 2.94
1508.00 0.199367 2.94
1509.00 0.199367 2.94
1510.00 0.199367 2.94
1511.00 0.199367 2.94
1512.00 0.199367 2.94
1513.00 0.199367 2.94
1514.00 0.199367 2.94
1515.00 0.199367 2.94
1516.00 0.199367 2.94
1517.00 0.199367 2.94
1518.00 0.199367 2.94
1519.00 0.199367 2.94
1520.00 0.199367 2.94
1521.00 0.199367 2.94
1522.00 0.199367 2.94
1523.00 0.199367 2.94
1524.00 0.199367 2.94
1525.00 0.199367 2.94
1526.00 0.199367 2.94
1527.00 0.199367 2.94
1528.00 0.199367 2.94
1529.00 0.199367 2.94
1530.00 0.199367 2.94
1531.00 0.199367 2.94
1532.00 0.199367 2.94
1533.00 0.199367 2.94
1534.00 0.199367 2.94
1535.00 0.199367 2.94
1536.00 0.199367 2.94
1537.00 0.199367 2.94
1538.00 0.199367 2.94
1539.00 0.199367 2.94
1540.00 0.199367 2.94
1541.00 0.199367 2.94
1542.00 0.199367 2.94
1543.00 0.199367 2.94
1544.00 0.199367 2.94
1545.00 0.199367 2.94
1546.00 0.199367 2.94
1547.00 0.199367 2.94
1548.00 0.199367 2.94
1549.00 0.199367 2.94
1550.00 0.199367 2.94
1551.00 0.199367 2.94
1552.00 0.199367 2.94
1553.00 0.199367 2.94
1554.00 0.199367 2.94
1555.00 0.199367 2.94
1556.00 0.199367 2.94
1557.00 0.199367 2.94
1558.00 0.199367 2.94
1559.00 0.199367 2.94
1560.00 0.199367 2.94
1561.00 0.199367 2.94
1562.00 0.199367 2.94
1563.00 0.199367 2.94
1564.00 0.199367 2.94
1565.00 0.199367 2.94
1566.00 0.199367 2.94
1567.00 0.199367 2.94
1568.00 0.199367 2.94
1569.00 0.199367 2.94
1570.00 0.199367 2.94
1571.00 0.199367 2.94
1572.00 0.199367 2.94
1573.00 0.199367 2.94
1574.00 0.199367 2.94
1575.00 0.199367 2.94
1576.00 0.199367 2.94
1577.00 0.199367 2.94
1578.00 0.199367 2.94
1579.00 0.199367 2.94
1580.00 0.199367 2.94
1581.00 0.199367 2.94
1582.00 0.199367 2.94
1583.00 0.199367 2.94
1584.00 0.199367 2.94
1585.00 0.199367 2.94
1586.00 0.199367 2.94
1587.00 0.199367 2.94
1588.00 0.199367 2.94
1589.00 0.199367 2.94
1590.00 0.199367 2.94
1591.00 0.199367 2.94
1592.00 0.199367 2.94
1593.00 0.199367 2.94
1594.00 0.199367 2.94
1595.00 0.199367 2.94
1596.00 0.199367 2.94
1597.00 0.199367 2.94
1598.00 0.199367 2.94
1599.00 0.199367 2.94
1600.00 0.199367 2.94
1601.00 0.199367 2.94
1602.00 0.199367 2.94
1603.00 0.199367 2.94
1604.00 0.199367 2.94
1605.00 0.199367 2.94
1606.00 0.199367 2.94
1607.00 0.199367 2.94
1608.00 0.199367 2.94
1609.00 0.199367 2.94
1610.00 0.199367 2.94
1611.00 0.199367 2.94
1612.00 0.199367 2.94
1613.00 0.199367 2.94
1614.00 0.199367 2.94
1615.00 0.199367 2.94
1616.00 0.199367 2.94
1617.00 0.199367 2.94
1618.00 0.199367 2.94
1619.00 0.199367 2.94
1620.00 0.199367 2.94
1621.00 0.199367 2.94
1622.00 0.199367 2.94
1623.00 0.199367 2.94
1624.00 0.199367 2.94
1625.00 0.199367 2.94
1626.00 0.199367 2.94
1627.00 0.199367 2.94
1628.00 0.199367 2.94
1629.00 0.199367 2.94
1630.00 0.199367 2.94
1631.00 0.199367 2.94
1632.00 0.199367 2.94
1633.00 0.199367 2.94
1634.00 0.199367 2.94
1635.00 0.199367 2.94
1636.00 0.199367 2.94
1637.00 0.199367 2.94
1638.00 0.199367 2.94
1639.00 0.199367 2.94
1640.00 0.199367 2.94
1641.00 0.199367 2.94
1642.00 0.199367 2.94
1643.00 0.199367 2.94
1644.00 0.199367 2.94
1645.00 0.199367 2.94
1646.00 0.199367 2.94
1647.00 0.199367 2.94
1648.00 0.199367 2.94
1649.00 0.199367 2.94
1650.00 0.199367 2.94
1651.00 0.199367 2.94
1652.00 0.199367 2.94
1653.00 0.199367 2.94
1654.00 0.199367 2.94
1655.00 0.199367 2.94
1656.00 0.199367 2.94
1657.00 0.199367 2.94
1658.00 0.199367 2.94
1659.00 0.199367 2.94
1660.00 0.199367 2.94
1661.00 0.199367 2.94
1662.00 0.199367 2.94
1663.00 0.199367 2.94
1664.00 0.199367 2.94
1665.00 0.199367 2.94
1666.00 0.199367 2.94
1667.00 0.199367 2.94
1668.00 0.199367 2.94
1669.00 0.199367 2.94
1670.00 0.199367 2.94
1671.00 0.199367 2.94
1672.00 0.199367 2.94
1673.00 0.199367 2.94
1674.00 0.199367 2.94
1675.00 0.199367 2.94
1676.00 0.199367 2.94
1677.00 0.199367 2.94
1678.00 0.199367 2.94
1679.00 0.199367 2.94
1680.00 0.199367 2.94
1681.00 0.199367 2.94
1682.00 0.199367 2.94
1683.00 0.199367 2.94
1684.00 0.199367 2.94
1685.00 0.199367 2.94
1686.00 0.199367 2.94
1687.00 0.199367 2.94
1688.00 0.199367 2.94
1689.00 0.199367 2.94
1690.00 0.199367 2.94
1691.00 0.199367 2.94
1692.00 0.199367 2.94
1693.00 0.199367 2.94
1694.00 0.199367 2.94
1695.00 0.199367 2.94
1696.00 0.199367 2.94
1697.00 0.199367 2.94
1698.00 0.199367 2.94
1699.00 0.199367 2.94
1700.00 0.199367 2.94
1701.00 0.199367 2.94
1702.00 0.199367 2.94
1703.00 0.199367 2.94
1704.00 0.199367 2.94
1705.00 0.199367 2.94
1706.00 0.199367 2.94
1707.00 0.199367 2.94
1708.00 0.199367 2.94
1709.00 0.199367 2.94
1710.00 0.199367 2.94
1711.00 0.199367 2.94
1712.00 0.199367 2.94
1713.00 0.199367 2.94
1714.00 0.199367 2.94
1715.00 0.199367 2.94
1716.00 0.199367 2.94
1717.00 0.199367 2.94
1718.00 0.199367 2.94
1719.00 0.199367 2.94
1720.00 0.199367 2.94
1721.00 0.199367 2.94
1722.00 0.199367 2.94
1723.00 0.199367 2.94
1724.00 0.199367 2.94
1725.00 0.199367 2.94
1726.00 0.199367 2.94
1727.00 0.199367 2.94
1728.00 0.199367 2.94
1729.00 0.199367 2.94
1730.00 0.199367 2.94
1731.00 0.199367 2.94
1732.00 0.199367 2.94
1733.00 0.199367 2.94
1734.00 0.199367 2.94
1735.00 0.199367 2.94
1736.00 0.199367 2.94
1737.00 0.199367 2.94
1738.00 0.199367 2.94
1739.00 0.199367 2.94
1740.00 0.199367 2.94
1741.00 0.199367 2.94
1742.00 0.199367 2.94
1743.00 0.199367 2.94
1744.00 0.199367 2.94
1745.00 0.199367 2.94
1746.00 0.199367 2.94
1747.00 0.199367 2.94
1748.00 0.199367 2.94
1749.00 0.199367 2.94
1750.00 0.199367 2.94
1751.00 0.199367 2.94
1752.00 0.199367 2.94
1753.00 0.199367 2.94
1754.00 0.199367 2.94
1755.00 0.199367 2.94
1756.00 0.199367 2.94
1757.00 0.199367 2.94
1758.00 0.199367 2.94
1759.00 0.199367 2.94
1760.00 0.199367 2.94
1761.00 0.199367 2.94
1762.00 0.199367 2.94
1763.00 0.199367 2.94
1764.00 0.199367 2.94
1765.00 0.199367 2.94
1766.00 0.199367 2.94
1767.00 0.199367 2.94
1768.00 0.199367 2.94
1769.00 0.199367 2.94
1770.00 0.199367 2.94
1771.00 0.199367 2.94
1772.00 0.199367 2.94
1773.00 0.199367 2.94
1774.00 0.199367 2.94
1775.00 0.199367 2.94
1776.00 0.199367 2.94
1777.00 0.199367 2.94
1778.00 0.199367 2.94
1779.00 0.199367 2.94
1780.00 0.199367 2.94
1781.00 0.199367 2.94
1782.00 0.199367 2.94
1783.00 0.199367 2.94
1784.00 0.199367 2.94
1785.00 0.199367 2.94
1786.00 0.199367 2.94
1787.00 0.199367 2.94
1788.00 0.199367 2.94
1789.00 0.199367 2.94
1790.00 0.199367 2.94
1791.00 0.199367 2.94
1792.00 0.199367 2.94
1793.00 0.199367 2.94
1794.00 0.199367 2.94
1795.00 0.199367 2.94
1796.00 0.199367 2.94
1797.00 0.199367 2.94
1798.00 0.199367 2.94
1799.00 0.199367 2.94
1800.00 0.199367 2.94
1801.00 0.199367 2.94
1802.00 0.199367 2.94
1803.00 0.199367 2.94
1804.00 0.199367 2.94
1805.00 0.199367 2.94
1806.00 0.199367 2.94
1807.00 0.199367 2.94
1808.00 0.199367 2.94
1809.00 0.199367 2.94
1810.00 0.199367 2.94
1811.00 0.199367 2.94
1812.00 0.199367 2.94
1813.00 0.199367 2.94
1814.00 0.199367 2.94
1815.00 0.199367 2.94
1816.00 0.199367 2.94
1817.00 0.199367 2.94
1818.00 0.199367 2.94
1819.00 0.199367 2.94
1820.00 0.199367 2.94
1821.00 0.199367 2.94
1822.00 0.199367 2.94
1823.00 0.199367 2.94
1824.00 0.199367 2.94
1825.00 0.199367 2.94
1826.00 0.199367 2.94
1827.00 0.199367 2.94
1828.00 0.199367 2.94
1829.00 0.199367 2.94
1830.00 0.199367 2.94
1831.00 0.199367 2.94
1832.00 0.199367 2.94
1833.00 0.199367 2.94
1834.00 0.199367 2.94
1835.00 0.199367 2.94
1836.00 0.199367 2.94
1837.00 0.199367 2.94
1838.00 0.199367 2.94
1839.00 0.199367 2.94
1840.00 0.199367 2.94
1841.00 0.199367 2.94
1842.00 0.199367 2.94
1843.00 0.199367 2.94
1844.00 0.199367 2.94
1845.00 0.199367 2.94
1846.00 0.199367 2.94
1847.00 0.199367 2.94
1848.00 0.199367 2.94
1849.00 0.199367 2.94
1850.00 0.199367 2.94
1851.00 0.199367 2.94
1852.00 0.199367 2.94
1853.00 0.199367 2.94
1854.00 0.199367 2.94
1855.00 0.199367 2.94
1856.00 0.199367 2.94
1857.00 0.199367 2.94
1858.00 0.199367 2.94
1859.00 0.199367 2.94
1860.00 0.199367 2.94
1861.00 0.199367 2.94
1862.00 0.199367 2.94
1863.00 0.199367 2.94
1864.00 0.199367 2.94
1865.00 0.199367 2.94
1866.00 0.199367 2.94
1867.00 0.199367 2.94
1868.00 0.199367 2.94
1869.00 0.199367 2.94
1870.00 0.199367 2.94
1871.00 0.199367 2.94
1872.00 0.199367 2.94
1873.00 0.199367 2.94
1874.00 0.199367 2.94
1875.00 0.199367 2.94
1876.00 0.199367 2.94
1877.00 0.199367 2.94
1878.00 0.199367 2.94
1879.00 0.199367 2.94
1880.00 0.199367 2.94
1881.00 0.199367 2.94
1882.00 0.199367 2.94
1883.00 0.199367 2.94
1884.00 0.199367 2.94
1885.00 0.199367 2.94
1886.00 0.199367 2.94
1887.00 0.199367 2.94
1888.00 0.199367 2.94
1889.00 0.199367 2.94
1890.00 0.199367 2.94
1891.00 0.199367 2.94
1892.00 0.199367 2.94
1893.00 0.199367 2.94
1894.00 0.199367 2.94
1895.00 0.199367 2.94
1896.00 0.199367 2.94
1897.00 0.199367 2.94
1898.00 0.199367 2.94
1899.00 0.199367 2.94
1900.00 0.199367 2.94
1901.00 0.199367 2.94
1902.00 0.199367 2.94
1903.00 0.199367 2.94
1904.00 0.199367 2.94
1905.00 0.199367 2.94
1906.00 0.199367 2.94
1907.00 0.199367 2.94
1908.00 0.199367 2.94
1909.00 0.199367 2.94
1910.00 0.199367 2.94
1911.00 0.199367 2.94
1912.00 0.199367 2.94
1913.00 0.199367 2.94
1914.00 0.199367 2.94
1915.00 0.199367 2.94
1916.00 0.199367 2.94
1917.00 0.199367 2.94
1918.00 0.199367 2.94
1919.00 0.199367 2.94
1920.00 0.199367 2.94
1921.00 0.199367 2.94
1922.00 0.199367 2.94
1923.00 0.199367 2.94
1924.00 0.199367 2.94
1925.00 0.199367 2.94
1926.00 0.199367 2.94
1927.00 0.199367 2.94
1928.00 0.199367 2.94
1929.00 0.199367 2.94
1930.00 0.199367 2.94
1931.00 0.199367 2.94
1932.00 0.199367 2.94
1933.00 0.199367 2.94
1934.00 0.199367 2.94
1935.00 0.199367 2.94
1936.00 0.199367 2.94
1937.00 0.199367 2.94
1938.00 0.199367 2.94
1939.00 0.199367 2.94
1940.00 0.199367 2.94
1941.00 0.199367 2.94
1942.00 0.199367 2.94
1943.00 0.199367 2.94
1944.00 0.199367 2.94
1945.00 0.199367 2.94
1946.00 0.199367 2.94
1947.00 0.199367 2.94
1948.00 0.199367 2.94
1949.00 0.199367 2.94
1950.00 0.199367 2.94
1951.00 0.199367 2.94
1952.00 0.199367 2.94
1953.00 0.199367 2.94
1954.00 0.199367 2.94
1955.00 0.199367 2.94
1956.00 0.199367 2.94
1957.00 0.199367 2.94
1958.00 0.199367 2.94
1959.00 0.199367 2.94
1960.00 0.199367 2.94
1961.00 0.199367 2.94
1962.00 0.199367 2.94
1963.00 0.199367 2.94
1964.00 0.199367 2.94
1965.00 0.199367 2.94
1966.00 0.199367 2.94
1967.00 0.199367 2.94
1968.00 0.199367 2.94
1969.00 0.199367 2.94
1970.00 0.199367 2.94
1971.00 0.199367 2.94
1972.00 0.199367 2.94
1973.00 0.199367 2.94
1974.00 0.199367 2.94
1975.00 0.199367 2.94
1976.00 0.199367 2.94
1977.00 0.199367 2.94
1978.00 0.199367 2.94
1979.00 0.199367 2.94
1980.00 0.199367 2.94
1981.00 0.199367 2.94
1982.00 0.199367 2.94
1983.00 0.199367 2.94
1984.00 0.199367 2.94
1985.00 0.199367 2.94
1986.00 0.199367 2.94
1987.00 0.199367 2.94
1988.00 0.199367 2.94
1989.00 0.199367 2.94
1990.00 0.199367 2.94
1991.00 0.199367 2.94
1992.00 0.199367 2.94
1993.00 0.199367 2.94
1994.00 0.199367 2.94
1995.00 0.199367 2.94
1996.00 0.199367 2.94
1997.00 0.199367 2.94
1998.00 0.199367 2.94
1999.00 0.199367 2.94
2000.00 0.199367 2.94
