0.00 1.160333 7.58
1.00 1.158525 7.58
2.00 1.156711 7.58
3.00 1.154891 7.58
4.00 1.153065 7.58
5.00 1.151233 7.58
6.00 1.149398 7.56
7.00 1.147561 7.56
8.00 1.145719 7.56
9.00 1.143870 7.56
10.00 1.142016 7.56
11.00 1.140156 7.56
12.00 1.138290 7.56
13.00 1.136417 7.56
14.00 1.134541 7.54
15.00 1.132672 7.54
16.00 1.130798 7.54
17.00 1.128919 7.54
18.00 1.127035 7.54
19.00 1.125145 7.54
20.00 1.123250 7.54
21.00 1.121349 7.54
22.00 1.119441 7.54
23.00 1.117527 7.54
24.00 1.115607 7.54
25.00 1.113680 7.54
26.00 1.111746 7.54
27.00 1.109805 7.54
28.00 1.107856 7.54
29.00 1.105901 7.53
30.00 1.103949 7.53
31.00 1.101990 7.53
32.00 1.100024 7.53
33.00 1.098050 7.53
34.00 1.096086 7.52
35.00 1.094115 7.52
36.00 1.092138 7.52
37.00 1.090153 7.52
38.00 1.088162 7.52
39.00 1.086162 7.52
40.00 1.084163 7.51
41.00 1.082163 7.50
42.00 1.080187 7.49
43.00 1.078237 7.47
44.00 1.076308 7.46
45.00 1.074388 7.45
46.00 1.072465 7.45
47.00 1.070547 7.44
48.00 1.068641 7.42
49.00 1.066738 7.42
50.00 1.064835 7.41
51.00 1.062929 7.41
52.00 1.061026 7.40
53.00 1.059123 7.40
54.00 1.057214 7.40
55.00 1.055299 7.40
56.00 1.053394 7.39
57.00 1.051495 7.38
58.00 1.049593 7.37
59.00 1.047688 7.37
60.00 1.045778 7.37
61.00 1.043861 7.37
62.00 1.041964 7.35
63.00 1.040079 7.34
64.00 1.038194 7.33
65.00 1.036330 7.31
66.00 1.034488 7.31
67.00 1.032653 7.30
68.00 1.030829 7.29
69.00 1.029010 7.27
70.00 1.027195 7.27
71.00 1.025379 7.26
72.00 1.023577 7.25
73.00 1.021775 7.25
74.00 1.019967 7.25
75.00 1.018155 7.24
76.00 1.016354 7.23
77.00 1.014552 7.23
78.00 1.012747 7.22
79.00 1.010951 7.19
80.00 1.009158 7.18
81.00 1.007398 7.17
82.00 1.005639 7.17
83.00 1.003889 7.15
84.00 1.002176 7.14
85.00 1.000461 7.14
86.00 0.998742 7.14
87.00 0.997016 7.14
88.00 0.995285 7.14
89.00 0.993586 7.12
90.00 0.991889 7.12
91.00 0.990190 7.11
92.00 0.988490 7.11
93.00 0.986784 7.11
94.00 0.985085 7.10
95.00 0.983385 7.09
96.00 0.981701 7.09
97.00 0.980010 7.09
98.00 0.978314 7.09
99.00 0.976614 7.08
100.00 0.974930 7.08
101.00 0.973262 7.06
102.00 0.971623 7.04
103.00 0.969991 7.04
104.00 0.968362 7.03
105.00 0.966742 7.03
106.00 0.965117 7.03
107.00 0.963490 7.02
108.00 0.961869 7.02
109.00 0.960252 7.00
110.00 0.958665 6.98
111.00 0.957097 6.97
112.00 0.955536 6.96
113.00 0.953979 6.96
114.00 0.952437 6.95
115.00 0.950907 6.94
116.00 0.949378 6.94
117.00 0.947847 6.93
118.00 0.946334 6.93
119.00 0.944815 6.93
120.00 0.943292 6.93
121.00 0.941762 6.93
122.00 0.940235 6.91
123.00 0.938707 6.91
124.00 0.937199 6.89
125.00 0.935696 6.89
126.00 0.934187 6.89
127.00 0.932676 6.88
128.00 0.931172 6.88
129.00 0.929675 6.87
130.00 0.928216 6.84
131.00 0.926782 6.84
132.00 0.925364 6.82
133.00 0.923951 6.82
134.00 0.922535 6.82
135.00 0.921114 6.82
136.00 0.919688 6.82
137.00 0.918265 6.80
138.00 0.916874 6.79
139.00 0.915489 6.78
140.00 0.914101 6.78
141.00 0.912710 6.78
142.00 0.911314 6.78
143.00 0.909919 6.77
144.00 0.908525 6.77
145.00 0.907136 6.76
146.00 0.905754 6.76
147.00 0.904368 6.76
148.00 0.902977 6.76
149.00 0.901613 6.74
150.00 0.900254 6.74
151.00 0.898896 6.73
152.00 0.897537 6.73
153.00 0.896236 6.70
154.00 0.894939 6.69
155.00 0.893645 6.69
156.00 0.892347 6.69
157.00 0.891052 6.67
158.00 0.889764 6.66
159.00 0.888499 6.64
160.00 0.887257 6.63
161.00 0.886021 6.63
162.00 0.884781 6.63
163.00 0.883539 6.62
164.00 0.882311 6.62
165.00 0.881079 6.62
166.00 0.879843 6.62
167.00 0.878604 6.62
168.00 0.877377 6.60
169.00 0.876157 6.60
170.00 0.874933 6.60
171.00 0.873712 6.59
172.00 0.872511 6.58
173.00 0.871323 6.58
174.00 0.870143 6.57
175.00 0.868971 6.57
176.00 0.867816 6.56
177.00 0.866662 6.56
178.00 0.865503 6.56
179.00 0.864341 6.56
180.00 0.863183 6.55
181.00 0.862030 6.55
182.00 0.860873 6.55
183.00 0.859714 6.53
184.00 0.858575 6.53
185.00 0.857432 6.53
186.00 0.856284 6.53
187.00 0.855132 6.53
188.00 0.853975 6.53
189.00 0.852813 6.53
190.00 0.851660 6.52
191.00 0.850510 6.51
192.00 0.849385 6.50
193.00 0.848275 6.48
194.00 0.847179 6.48
195.00 0.846080 6.48
196.00 0.844977 6.47
197.00 0.843887 6.46
198.00 0.842805 6.46
199.00 0.841720 6.46
200.00 0.840630 6.46
201.00 0.839536 6.46
202.00 0.838438 6.46
203.00 0.837335 6.46
204.00 0.836227 6.46
205.00 0.835131 6.41
206.00 0.834091 6.40
207.00 0.833050 6.39
208.00 0.832008 6.39
209.00 0.830969 6.38
210.00 0.829936 6.37
211.00 0.828918 6.34
212.00 0.827921 6.34
213.00 0.826923 6.34
214.00 0.825950 6.31
215.00 0.825035 6.29
216.00 0.824131 6.27
217.00 0.823252 6.27
218.00 0.822374 6.27
219.00 0.821495 6.27
220.00 0.820616 6.27
221.00 0.819736 6.27
222.00 0.818854 6.27
223.00 0.817971 6.27
224.00 0.817086 6.27
225.00 0.816212 6.25
226.00 0.815351 6.25
227.00 0.814488 6.25
228.00 0.813623 6.25
229.00 0.812755 6.24
230.00 0.811905 6.23
231.00 0.811061 6.23
232.00 0.810215 6.23
233.00 0.809365 6.23
234.00 0.808513 6.23
235.00 0.807662 6.21
236.00 0.806813 6.21
237.00 0.805961 6.21
238.00 0.805121 6.20
239.00 0.804285 6.20
240.00 0.803447 6.20
241.00 0.802605 6.20
242.00 0.801761 6.20
243.00 0.800914 6.20
244.00 0.800070 6.19
245.00 0.799261 6.18
246.00 0.798465 6.17
247.00 0.797673 6.17
248.00 0.796879 6.17
249.00 0.796083 6.17
250.00 0.795284 6.17
251.00 0.794483 6.17
252.00 0.793678 6.17
253.00 0.792871 6.17
254.00 0.792061 6.16
255.00 0.791268 6.15
256.00 0.790474 6.15
257.00 0.789685 6.14
258.00 0.788895 6.13
259.00 0.788122 6.13
260.00 0.787348 6.13
261.00 0.786581 6.12
262.00 0.785818 6.11
263.00 0.785053 6.11
264.00 0.784286 6.11
265.00 0.783531 6.10
266.00 0.782789 6.09
267.00 0.782055 6.08
268.00 0.781336 6.07
269.00 0.780616 6.07
270.00 0.779903 6.05
271.00 0.779211 6.04
272.00 0.778526 6.04
273.00 0.777842 6.04
274.00 0.777157 6.04
275.00 0.776471 6.04
276.00 0.775784 6.04
277.00 0.775097 6.04
278.00 0.774408 6.04
279.00 0.773720 6.03
280.00 0.773038 6.03
281.00 0.772365 6.02
282.00 0.771707 6.01
283.00 0.771052 6.01
284.00 0.770397 6.00
285.00 0.769773 5.98
286.00 0.769171 5.98
287.00 0.768569 5.98
288.00 0.767972 5.97
289.00 0.767376 5.97
290.00 0.766781 5.97
291.00 0.766185 5.97
292.00 0.765589 5.97
293.00 0.764992 5.97
294.00 0.764399 5.96
295.00 0.763809 5.95
296.00 0.763219 5.95
297.00 0.762628 5.95
298.00 0.762037 5.95
299.00 0.761447 5.94
300.00 0.760873 5.94
301.00 0.760300 5.94
302.00 0.759725 5.94
303.00 0.759150 5.94
304.00 0.758574 5.94
305.00 0.757999 5.93
306.00 0.757436 5.93
307.00 0.756879 5.92
308.00 0.756344 5.91
309.00 0.755812 5.91
310.00 0.755280 5.91
311.00 0.754748 5.91
312.00 0.754216 5.91
313.00 0.753683 5.91
314.00 0.753150 5.91
315.00 0.752615 5.91
316.00 0.752080 5.91
317.00 0.751543 5.91
318.00 0.751005 5.91
319.00 0.750466 5.91
320.00 0.749926 5.91
321.00 0.749384 5.91
322.00 0.748841 5.91
323.00 0.748296 5.91
324.00 0.747749 5.91
325.00 0.747202 5.90
326.00 0.746653 5.90
327.00 0.746103 5.90
328.00 0.745551 5.90
329.00 0.745003 5.89
330.00 0.744467 5.88
331.00 0.743941 5.87
332.00 0.743418 5.87
333.00 0.742899 5.86
334.00 0.742394 5.86
335.00 0.741904 5.85
336.00 0.741417 5.85
337.00 0.740931 5.84
338.00 0.740447 5.84
339.00 0.739963 5.83
340.00 0.739492 5.83
341.00 0.739021 5.83
342.00 0.738551 5.83
343.00 0.738079 5.83
344.00 0.737608 5.83
345.00 0.737136 5.83
346.00 0.736663 5.83
347.00 0.736189 5.83
348.00 0.735714 5.83
349.00 0.735239 5.83
350.00 0.734762 5.83
351.00 0.734284 5.83
352.00 0.733805 5.83
353.00 0.733324 5.83
354.00 0.732843 5.81
355.00 0.732367 5.81
356.00 0.731889 5.81
357.00 0.731410 5.81
358.00 0.730937 5.80
359.00 0.730466 5.79
360.00 0.730007 5.79
361.00 0.729548 5.79
362.00 0.729102 5.78
363.00 0.728656 5.78
364.00 0.728210 5.78
365.00 0.727764 5.78
366.00 0.727317 5.78
367.00 0.726870 5.78
368.00 0.726422 5.78
369.00 0.725974 5.78
370.00 0.725524 5.78
371.00 0.725087 5.77
372.00 0.724655 5.77
373.00 0.724223 5.77
374.00 0.723789 5.77
375.00 0.723356 5.77
376.00 0.722921 5.77
377.00 0.722486 5.77
378.00 0.722050 5.77
379.00 0.721613 5.77
380.00 0.721190 5.76
381.00 0.720767 5.76
382.00 0.720344 5.76
383.00 0.719920 5.76
384.00 0.719502 5.75
385.00 0.719088 5.75
386.00 0.718674 5.75
387.00 0.718260 5.75
388.00 0.717845 5.75
389.00 0.717429 5.75
390.00 0.717012 5.75
391.00 0.716600 5.74
392.00 0.716196 5.74
393.00 0.715791 5.74
394.00 0.715388 5.72
395.00 0.714989 5.72
396.00 0.714589 5.72
397.00 0.714190 5.71
398.00 0.713792 5.71
399.00 0.713394 5.71
400.00 0.712995 5.71
401.00 0.712607 5.70
402.00 0.712220 5.70
403.00 0.711833 5.70
404.00 0.711446 5.70
405.00 0.711058 5.70
406.00 0.710671 5.69
407.00 0.710285 5.69
408.00 0.709901 5.68
409.00 0.709533 5.67
410.00 0.709173 5.67
411.00 0.708813 5.67
412.00 0.708454 5.67
413.00 0.708098 5.66
414.00 0.707743 5.66
415.00 0.707388 5.66
416.00 0.707033 5.66
417.00 0.706679 5.66
418.00 0.706324 5.66
419.00 0.705969 5.66
420.00 0.705614 5.66
421.00 0.705264 5.65
422.00 0.704922 5.65
423.00 0.704581 5.65
424.00 0.704239 5.65
425.00 0.703898 5.65
426.00 0.703556 5.65
427.00 0.703215 5.65
428.00 0.702873 5.65
429.00 0.702530 5.65
430.00 0.702188 5.65
431.00 0.701845 5.64
432.00 0.701504 5.64
433.00 0.701173 5.62
434.00 0.700845 5.62
435.00 0.700528 5.61
436.00 0.700215 5.61
437.00 0.699902 5.61
438.00 0.699592 5.60
439.00 0.699283 5.60
440.00 0.698975 5.60
441.00 0.698667 5.60
442.00 0.698360 5.60
443.00 0.698052 5.60
444.00 0.697745 5.60
445.00 0.697438 5.60
446.00 0.697131 5.60
447.00 0.696824 5.60
448.00 0.696517 5.60
449.00 0.696209 5.60
450.00 0.695902 5.60
451.00 0.695594 5.60
452.00 0.695287 5.60
453.00 0.694979 5.60
454.00 0.694670 5.60
455.00 0.694372 5.59
456.00 0.694078 5.59
457.00 0.693785 5.59
458.00 0.693491 5.59
459.00 0.693208 5.58
460.00 0.692926 5.58
461.00 0.692646 5.58
462.00 0.692367 5.57
463.00 0.692092 5.57
464.00 0.691817 5.57
465.00 0.691543 5.57
466.00 0.691270 5.57
467.00 0.690996 5.57
468.00 0.690723 5.57
469.00 0.690450 5.57
470.00 0.690177 5.57
471.00 0.689904 5.57
472.00 0.689631 5.57
473.00 0.689358 5.57
474.00 0.689084 5.57
475.00 0.688811 5.57
476.00 0.688537 5.57
477.00 0.688263 5.57
478.00 0.687993 5.56
479.00 0.687728 5.56
480.00 0.687464 5.56
481.00 0.687200 5.56
482.00 0.686936 5.56
483.00 0.686672 5.56
484.00 0.686408 5.56
485.00 0.686144 5.55
486.00 0.685882 5.55
487.00 0.685620 5.55
488.00 0.685357 5.55
489.00 0.685095 5.55
490.00 0.684833 5.55
491.00 0.684570 5.55
492.00 0.684307 5.55
493.00 0.684044 5.55
494.00 0.683780 5.54
495.00 0.683525 5.53
496.00 0.683274 5.53
497.00 0.683022 5.53
498.00 0.682771 5.53
499.00 0.682520 5.53
500.00 0.682270 5.52
501.00 0.682020 5.52
502.00 0.681770 5.52
503.00 0.681520 5.52
504.00 0.681270 5.52
505.00 0.681027 5.51
506.00 0.680788 5.51
507.00 0.680550 5.51
508.00 0.680312 5.51
509.00 0.680075 5.51
510.00 0.679837 5.51
511.00 0.679599 5.51
512.00 0.679362 5.51
513.00 0.679124 5.51
514.00 0.678886 5.51
515.00 0.678652 5.50
516.00 0.678419 5.49
517.00 0.678197 5.49
518.00 0.677976 5.49
519.00 0.677755 5.49
520.00 0.677535 5.49
521.00 0.677315 5.49
522.00 0.677095 5.49
523.00 0.676876 5.49
524.00 0.676657 5.49
525.00 0.676438 5.49
526.00 0.676219 5.49
527.00 0.676001 5.49
528.00 0.675782 5.49
529.00 0.675564 5.49
530.00 0.675345 5.49
531.00 0.675127 5.49
532.00 0.674908 5.49
533.00 0.674689 5.49
534.00 0.674470 5.49
535.00 0.674251 5.49
536.00 0.674032 5.49
537.00 0.673813 5.49
538.00 0.673593 5.49
539.00 0.673373 5.49
540.00 0.673154 5.48
541.00 0.672935 5.48
542.00 0.672716 5.48
543.00 0.672498 5.47
544.00 0.672284 5.47
545.00 0.672070 5.47
546.00 0.671856 5.47
547.00 0.671643 5.46
548.00 0.671430 5.46
549.00 0.671218 5.46
550.00 0.671005 5.46
551.00 0.670793 5.46
552.00 0.670580 5.46
553.00 0.670367 5.46
554.00 0.670154 5.46
555.00 0.669940 5.46
556.00 0.669733 5.45
557.00 0.669529 5.45
558.00 0.669324 5.45
559.00 0.669120 5.45
560.00 0.668916 5.45
561.00 0.668712 5.45
562.00 0.668508 5.45
563.00 0.668303 5.45
564.00 0.668099 5.45
565.00 0.667895 5.45
566.00 0.667690 5.45
567.00 0.667486 5.44
568.00 0.667282 5.44
569.00 0.667078 5.44
570.00 0.666874 5.44
571.00 0.666670 5.44
572.00 0.666466 5.44
573.00 0.666261 5.44
574.00 0.666056 5.44
575.00 0.665851 5.44
576.00 0.665645 5.44
577.00 0.665439 5.44
578.00 0.665233 5.44
579.00 0.665026 5.44
580.00 0.664819 5.44
581.00 0.664612 5.44
582.00 0.664404 5.44
583.00 0.664196 5.44
584.00 0.663988 5.44
585.00 0.663779 5.44
586.00 0.663570 5.44
587.00 0.663360 5.44
588.00 0.663149 5.44
589.00 0.662939 5.44
590.00 0.662728 5.44
591.00 0.662516 5.44
592.00 0.662304 5.44
593.00 0.662091 5.44
594.00 0.661879 5.43
595.00 0.661673 5.43
596.00 0.661467 5.43
597.00 0.661267 5.42
598.00 0.661071 5.42
599.00 0.660885 5.41
600.00 0.660701 5.41
601.00 0.660523 5.40
602.00 0.660349 5.40
603.00 0.660176 5.40
604.00 0.660004 5.40
605.00 0.659833 5.40
606.00 0.659663 5.40
607.00 0.659493 5.40
608.00 0.659324 5.40
609.00 0.659155 5.40
610.00 0.658987 5.39
611.00 0.658822 5.39
612.00 0.658658 5.39
613.00 0.658494 5.39
614.00 0.658331 5.39
615.00 0.658168 5.39
616.00 0.658005 5.39
617.00 0.657843 5.39
618.00 0.657681 5.39
619.00 0.657520 5.39
620.00 0.657359 5.39
621.00 0.657198 5.39
622.00 0.657037 5.39
623.00 0.656876 5.39
624.00 0.656716 5.39
625.00 0.656556 5.39
626.00 0.656396 5.39
627.00 0.656236 5.39
628.00 0.656077 5.39
629.00 0.655917 5.39
630.00 0.655758 5.39
631.00 0.655599 5.39
632.00 0.655440 5.39
633.00 0.655280 5.39
634.00 0.655121 5.39
635.00 0.654962 5.39
636.00 0.654803 5.39
637.00 0.654644 5.39
638.00 0.654485 5.39
639.00 0.654326 5.39
640.00 0.654167 5.38
641.00 0.654009 5.38
642.00 0.653851 5.38
643.00 0.653693 5.38
644.00 0.653535 5.38
645.00 0.653377 5.38
646.00 0.653219 5.38
647.00 0.653061 5.38
648.00 0.652903 5.38
649.00 0.652745 5.38
650.00 0.652586 5.38
651.00 0.652428 5.38
652.00 0.652269 5.38
653.00 0.652111 5.38
654.00 0.651952 5.38
655.00 0.651793 5.38
656.00 0.651633 5.38
657.00 0.651474 5.38
658.00 0.651314 5.38
659.00 0.651154 5.38
660.00 0.650994 5.38
661.00 0.650834 5.37
662.00 0.650674 5.37
663.00 0.650515 5.37
664.00 0.650355 5.37
665.00 0.650195 5.37
666.00 0.650035 5.37
667.00 0.649874 5.37
668.00 0.649713 5.37
669.00 0.649552 5.37
670.00 0.649391 5.37
671.00 0.649229 5.37
672.00 0.649071 5.36
673.00 0.648913 5.36
674.00 0.648756 5.36
675.00 0.648598 5.36
676.00 0.648440 5.36
677.00 0.648282 5.36
678.00 0.648124 5.36
679.00 0.647965 5.36
680.00 0.647807 5.36
681.00 0.647648 5.36
682.00 0.647488 5.36
683.00 0.647329 5.36
684.00 0.647169 5.36
685.00 0.647009 5.36
686.00 0.646849 5.36
687.00 0.646688 5.36
688.00 0.646527 5.36
689.00 0.646366 5.36
690.00 0.646205 5.36
691.00 0.646043 5.36
692.00 0.645880 5.36
693.00 0.645718 5.36
694.00 0.645554 5.36
695.00 0.645391 5.36
696.00 0.645231 5.35
697.00 0.645075 5.34
698.00 0.644919 5.34
699.00 0.644763 5.34
700.00 0.644608 5.34
701.00 0.644453 5.33
702.00 0.644304 5.33
703.00 0.644156 5.33
704.00 0.644007 5.33
705.00 0.643859 5.33
706.00 0.643711 5.33
707.00 0.643563 5.33
708.00 0.643415 5.33
709.00 0.643267 5.33
710.00 0.643119 5.33
711.00 0.642972 5.33
712.00 0.642824 5.33
713.00 0.642676 5.33
714.00 0.642529 5.33
715.00 0.642381 5.33
716.00 0.642233 5.33
717.00 0.642085 5.33
718.00 0.641947 5.32
719.00 0.641808 5.32
720.00 0.641670 5.32
721.00 0.641532 5.32
722.00 0.641395 5.32
723.00 0.641257 5.32
724.00 0.641121 5.31
725.00 0.640985 5.31
726.00 0.640850 5.31
727.00 0.640714 5.31
728.00 0.640579 5.31
729.00 0.640445 5.31
730.00 0.640310 5.31
731.00 0.640175 5.31
732.00 0.640041 5.31
733.00 0.639906 5.31
734.00 0.639772 5.31
735.00 0.639638 5.31
736.00 0.639504 5.31
737.00 0.639370 5.31
738.00 0.639236 5.31
739.00 0.639102 5.31
740.00 0.638968 5.31
741.00 0.638834 5.31
742.00 0.638700 5.31
743.00 0.638566 5.31
744.00 0.638434 5.30
745.00 0.638307 5.30
746.00 0.638180 5.30
747.00 0.638054 5.30
748.00 0.637931 5.29
749.00 0.637812 5.29
750.00 0.637694 5.29
751.00 0.637576 5.29
752.00 0.637459 5.29
753.00 0.637343 5.29
754.00 0.637226 5.29
755.00 0.637111 5.29
756.00 0.636995 5.29
757.00 0.636880 5.29
758.00 0.636766 5.29
759.00 0.636651 5.29
760.00 0.636537 5.29
761.00 0.636424 5.28
762.00 0.636313 5.27
763.00 0.636203 5.27
764.00 0.636093 5.27
765.00 0.635984 5.27
766.00 0.635875 5.27
767.00 0.635767 5.27
768.00 0.635659 5.27
769.00 0.635551 5.27
770.00 0.635443 5.27
771.00 0.635336 5.27
772.00 0.635229 5.27
773.00 0.635122 5.27
774.00 0.635017 5.26
775.00 0.634911 5.26
776.00 0.634806 5.26
777.00 0.634701 5.26
778.00 0.634597 5.26
779.00 0.634493 5.26
780.00 0.634389 5.26
781.00 0.634285 5.26
782.00 0.634181 5.26
783.00 0.634078 5.26
784.00 0.633975 5.26
785.00 0.633872 5.26
786.00 0.633769 5.26
787.00 0.633666 5.26
788.00 0.633564 5.26
789.00 0.633462 5.26
790.00 0.633359 5.26
791.00 0.633257 5.26
792.00 0.633156 5.26
793.00 0.633054 5.26
794.00 0.632952 5.26
795.00 0.632851 5.26
796.00 0.632750 5.26
797.00 0.632648 5.26
798.00 0.632547 5.26
799.00 0.632446 5.26
800.00 0.632345 5.26
801.00 0.632244 5.26
802.00 0.632143 5.26
803.00 0.632043 5.26
804.00 0.631942 5.26
805.00 0.631841 5.26
806.00 0.631741 5.26
807.00 0.631640 5.26
808.00 0.631540 5.26
809.00 0.631439 5.26
810.00 0.631340 5.25
811.00 0.631243 5.25
812.00 0.631146 5.25
813.00 0.631049 5.25
814.00 0.630952 5.25
815.00 0.630856 5.25
816.00 0.630759 5.25
817.00 0.630663 5.25
818.00 0.630567 5.25
819.00 0.630471 5.25
820.00 0.630375 5.25
821.00 0.630279 5.25
822.00 0.630183 5.25
823.00 0.630087 5.25
824.00 0.629991 5.25
825.00 0.629896 5.25
826.00 0.629800 5.25
827.00 0.629705 5.25
828.00 0.629609 5.25
829.00 0.629513 5.25
830.00 0.629418 5.25
831.00 0.629322 5.25
832.00 0.629227 5.25
833.00 0.629131 5.25
834.00 0.629036 5.25
835.00 0.628940 5.25
836.00 0.628845 5.25
837.00 0.628749 5.25
838.00 0.628654 5.25
839.00 0.628558 5.25
840.00 0.628462 5.25
841.00 0.628366 5.25
842.00 0.628271 5.25
843.00 0.628175 5.25
844.00 0.628079 5.25
845.00 0.627983 5.25
846.00 0.627886 5.25
847.00 0.627790 5.25
848.00 0.627694 5.25
849.00 0.627597 5.25
850.00 0.627501 5.25
851.00 0.627404 5.25
852.00 0.627308 5.25
853.00 0.627211 5.25
854.00 0.627114 5.25
855.00 0.627017 5.25
856.00 0.626919 5.25
857.00 0.626822 5.25
858.00 0.626725 5.24
859.00 0.626631 5.24
860.00 0.626538 5.24
861.00 0.626445 5.24
862.00 0.626351 5.24
863.00 0.626258 5.24
864.00 0.626164 5.24
865.00 0.626071 5.24
866.00 0.625978 5.24
867.00 0.625885 5.24
868.00 0.625791 5.24
869.00 0.625698 5.24
870.00 0.625605 5.24
871.00 0.625511 5.24
872.00 0.625418 5.24
873.00 0.625325 5.24
874.00 0.625231 5.24
875.00 0.625138 5.24
876.00 0.625044 5.24
877.00 0.624950 5.24
878.00 0.624857 5.24
879.00 0.624763 5.24
880.00 0.624669 5.24
881.00 0.624575 5.24
882.00 0.624481 5.24
883.00 0.624387 5.24
884.00 0.624293 5.24
885.00 0.624199 5.24
886.00 0.624105 5.24
887.00 0.624010 5.24
888.00 0.623916 5.24
889.00 0.623821 5.24
890.00 0.623727 5.24
891.00 0.623632 5.23
892.00 0.623544 5.22
893.00 0.623456 5.22
894.00 0.623368 5.22
895.00 0.623280 5.21
896.00 0.623193 5.21
897.00 0.623106 5.21
898.00 0.623019 5.21
899.00 0.622933 5.21
900.00 0.622848 5.20
901.00 0.622767 5.20
902.00 0.622686 5.20
903.00 0.622606 5.20
904.00 0.622526 5.20
905.00 0.622447 5.20
906.00 0.622367 5.20
907.00 0.622288 5.20
908.00 0.622209 5.20
909.00 0.622130 5.20
910.00 0.622052 5.20
911.00 0.621974 5.20
912.00 0.621896 5.20
913.00 0.621818 5.20
914.00 0.621740 5.20
915.00 0.621663 5.20
916.00 0.621585 5.20
917.00 0.621508 5.20
918.00 0.621431 5.20
919.00 0.621354 5.20
920.00 0.621277 5.20
921.00 0.621201 5.20
922.00 0.621124 5.20
923.00 0.621048 5.20
924.00 0.620972 5.20
925.00 0.620896 5.20
926.00 0.620820 5.20
927.00 0.620744 5.20
928.00 0.620668 5.20
929.00 0.620593 5.20
930.00 0.620517 5.20
931.00 0.620442 5.20
932.00 0.620367 5.20
933.00 0.620292 5.20
934.00 0.620216 5.20
935.00 0.620141 5.20
936.00 0.620066 5.20
937.00 0.619992 5.20
938.00 0.619917 5.20
939.00 0.619842 5.19
940.00 0.619768 5.19
941.00 0.619694 5.19
942.00 0.619620 5.19
943.00 0.619546 5.19
944.00 0.619472 5.19
945.00 0.619399 5.19
946.00 0.619325 5.19
947.00 0.619251 5.19
948.00 0.619178 5.19
949.00 0.619104 5.19
950.00 0.619031 5.19
951.00 0.618958 5.18
952.00 0.618889 5.18
953.00 0.618821 5.18
954.00 0.618754 5.17
955.00 0.618688 5.17
956.00 0.618622 5.17
957.00 0.618556 5.17
958.00 0.618491 5.17
959.00 0.618426 5.17
960.00 0.618361 5.17
961.00 0.618297 5.17
962.00 0.618232 5.17
963.00 0.618168 5.17
964.00 0.618105 5.16
965.00 0.618044 5.16
966.00 0.617983 5.16
967.00 0.617922 5.16
968.00 0.617862 5.16
969.00 0.617802 5.16
970.00 0.617742 5.16
971.00 0.617682 5.16
972.00 0.617623 5.16
973.00 0.617564 5.16
974.00 0.617506 5.16
975.00 0.617447 5.16
976.00 0.617389 5.16
977.00 0.617332 5.16
978.00 0.617274 5.16
979.00 0.617217 5.15
980.00 0.617160 5.15
981.00 0.617104 5.15
982.00 0.617048 5.15
983.00 0.616992 5.15
984.00 0.616936 5.15
985.00 0.616881 5.15
986.00 0.616826 5.14
987.00 0.616774 5.14
988.00 0.616723 5.14
989.00 0.616673 5.14
990.00 0.616622 5.14
991.00 0.616572 5.14
992.00 0.616523 5.14
993.00 0.616473 5.14
994.00 0.616424 5.14
995.00 0.616376 5.14
996.00 0.616327 5.14
997.00 0.616279 5.14
998.00 0.616231 5.14
999.00 0.616184 5.14
1000.00 0.616136 5.14
1001.00 0.616089 5.14
1002.00 0.616042 5.14
1003.00 0.615996 5.14
1004.00 0.615950 5.13
1005.00 0.615905 5.13
1006.00 0.615860 5.13
1007.00 0.615816 5.13
1008.00 0.615771 5.13
1009.00 0.615727 5.13
1010.00 0.615684 5.13
1011.00 0.615640 5.13
1012.00 0.615597 5.13
1013.00 0.615554 5.13
1014.00 0.615511 5.13
1015.00 0.615469 5.13
1016.00 0.615426 5.13
1017.00 0.615384 5.13
1018.00 0.615342 5.13
1019.00 0.615301 5.13
1020.00 0.615259 5.13
1021.00 0.615218 5.13
1022.00 0.615177 5.13
1023.00 0.615137 5.13
1024.00 0.615096 5.13
1025.00 0.615056 5.13
1026.00 0.615016 5.13
1027.00 0.614976 5.13
1028.00 0.614936 5.13
1029.00 0.614897 5.13
1030.00 0.614857 5.13
1031.00 0.614818 5.13
1032.00 0.614779 5.13
1033.00 0.614740 5.13
1034.00 0.614702 5.13
1035.00 0.614664 5.12
1036.00 0.614626 5.12
1037.00 0.614588 5.12
1038.00 0.614551 5.12
1039.00 0.614514 5.12
1040.00 0.614477 5.12
1041.00 0.614440 5.12
1042.00 0.614403 5.12
1043.00 0.614367 5.12
1044.00 0.614330 5.12
1045.00 0.614294 5.12
1046.00 0.614258 5.12
1047.00 0.614222 5.12
1048.00 0.614187 5.12
1049.00 0.614151 5.12
1050.00 0.614116 5.12
1051.00 0.614081 5.12
1052.00 0.614046 5.12
1053.00 0.614011 5.12
1054.00 0.613977 5.12
1055.00 0.613942 5.12
1056.00 0.613908 5.12
1057.00 0.613874 5.12
1058.00 0.613840 5.12
1059.00 0.613806 5.12
1060.00 0.613773 5.12
1061.00 0.613739 5.12
1062.00 0.613706 5.12
1063.00 0.613673 5.12
1064.00 0.613640 5.12
1065.00 0.613607 5.12
1066.00 0.613574 5.12
1067.00 0.613541 5.12
1068.00 0.613509 5.12
1069.00 0.613477 5.12
1070.00 0.613444 5.12
1071.00 0.613412 5.12
1072.00 0.613380 5.12
1073.00 0.613349 5.12
1074.00 0.613317 5.12
1075.00 0.613285 5.12
1076.00 0.613254 5.12
1077.00 0.613223 5.12
1078.00 0.613192 5.12
1079.00 0.613161 5.12
1080.00 0.613130 5.12
1081.00 0.613099 5.12
1082.00 0.613068 5.12
1083.00 0.613038 5.12
1084.00 0.613007 5.12
1085.00 0.612977 5.12
1086.00 0.612947 5.12
1087.00 0.612917 5.12
1088.00 0.612887 5.12
1089.00 0.612857 5.12
1090.00 0.612827 5.12
1091.00 0.612798 5.11
1092.00 0.612769 5.11
1093.00 0.612740 5.11
1094.00 0.612712 5.11
1095.00 0.612683 5.11
1096.00 0.612655 5.11
1097.00 0.612627 5.11
1098.00 0.612599 5.11
1099.00 0.612571 5.11
1100.00 0.612543 5.11
1101.00 0.612516 5.10
1102.00 0.612489 5.10
1103.00 0.612462 5.10
1104.00 0.612435 5.10
1105.00 0.612409 5.10
1106.00 0.612383 5.10
1107.00 0.612357 5.10
1108.00 0.612331 5.10
1109.00 0.612305 5.10
1110.00 0.612280 5.10
1111.00 0.612254 5.10
1112.00 0.612229 5.10
1113.00 0.612204 5.10
1114.00 0.612179 5.10
1115.00 0.612154 5.10
1116.00 0.612129 5.10
1117.00 0.612104 5.10
1118.00 0.612080 5.10
1119.00 0.612055 5.10
1120.00 0.612031 5.10
1121.00 0.612007 5.10
1122.00 0.611983 5.10
1123.00 0.611959 5.10
1124.00 0.611935 5.10
1125.00 0.611912 5.10
1126.00 0.611888 5.10
1127.00 0.611865 5.10
1128.00 0.611841 5.10
1129.00 0.611818 5.10
1130.00 0.611795 5.10
1131.00 0.611772 5.10
1132.00 0.611749 5.10
1133.00 0.611726 5.10
1134.00 0.611704 5.10
1135.00 0.611681 5.10
1136.00 0.611659 5.10
1137.00 0.611637 5.10
1138.00 0.611614 5.10
1139.00 0.611592 5.10
1140.00 0.611570 5.10
1141.00 0.611548 5.10
1142.00 0.611527 5.10
1143.00 0.611505 5.10
1144.00 0.611483 5.10
1145.00 0.611462 5.10
1146.00 0.611440 5.10
1147.00 0.611419 5.10
1148.00 0.611398 5.10
1149.00 0.611377 5.10
1150.00 0.611356 5.10
1151.00 0.611335 5.10
1152.00 0.611314 5.10
1153.00 0.611293 5.10
1154.00 0.611272 5.10
1155.00 0.611252 5.10
1156.00 0.611231 5.10
1157.00 0.611211 5.10
1158.00 0.611190 5.10
1159.00 0.611170 5.10
1160.00 0.611150 5.10
1161.00 0.611130 5.10
1162.00 0.611110 5.10
1163.00 0.611090 5.10
1164.00 0.611070 5.10
1165.00 0.611050 5.10
1166.00 0.611031 5.10
1167.00 0.611011 5.10
1168.00 0.610992 5.10
1169.00 0.610972 5.10
1170.00 0.610953 5.10
1171.00 0.610934 5.10
1172.00 0.610915 5.10
1173.00 0.610895 5.10
1174.00 0.610876 5.10
1175.00 0.610857 5.10
1176.00 0.610838 5.10
1177.00 0.610820 5.10
1178.00 0.610801 5.10
1179.00 0.610782 5.10
1180.00 0.610764 5.10
1181.00 0.610745 5.10
1182.00 0.610727 5.10
1183.00 0.610708 5.10
1184.00 0.610690 5.10
1185.00 0.610672 5.10
1186.00 0.610654 5.10
1187.00 0.610635 5.10
1188.00 0.610617 5.10
1189.00 0.610599 5.10
1190.00 0.610582 5.10
1191.00 0.610564 5.10
1192.00 0.610546 5.10
1193.00 0.610528 5.10
1194.00 0.610511 5.10
1195.00 0.610493 5.10
1196.00 0.610476 5.10
1197.00 0.610458 5.10
1198.00 0.610441 5.10
1199.00 0.610423 5.10
1200.00 0.610406 5.10
1201.00 0.610389 5.10
1202.00 0.610372 5.10
1203.00 0.610355 5.10
1204.00 0.610338 5.10
1205.00 0.610321 5.10
1206.00 0.610304 5.10
1207.00 0.610287 5.10
1208.00 0.610270 5.10
1209.00 0.610253 5.10
1210.00 0.610237 5.10
1211.00 0.610220 5.10
1212.00 0.610204 5.10
1213.00 0.610187 5.10
1214.00 0.610171 5.10
1215.00 0.610154 5.10
1216.00 0.610138 5.10
1217.00 0.610122 5.10
1218.00 0.610106 5.10
1219.00 0.610089 5.10
1220.00 0.610073 5.10
1221.00 0.610057 5.10
1222.00 0.610041 5.10
1223.00 0.610025 5.10
1224.00 0.610009 5.10
1225.00 0.609994 5.10
1226.00 0.609978 5.10
1227.00 0.609962 5.10
1228.00 0.609946 5.10
1229.00 0.609931 5.10
1230.00 0.609915 5.10
1231.00 0.609900 5.10
1232.00 0.609884 5.10
1233.00 0.609869 5.10
1234.00 0.609853 5.10
1235.00 0.609838 5.10
1236.00 0.609823 5.10
1237.00 0.609807 5.10
1238.00 0.609792 5.10
1239.00 0.609777 5.10
1240.00 0.609762 5.10
1241.00 0.609747 5.10
1242.00 0.609732 5.10
1243.00 0.609717 5.10
1244.00 0.609702 5.10
1245.00 0.609687 5.10
1246.00 0.609672 5.10
1247.00 0.609658 5.10
1248.00 0.609643 5.10
1249.00 0.609628 5.10
1250.00 0.609613 5.10
1251.00 0.609599 5.10
1252.00 0.609584 5.10
1253.00 0.609570 5.10
1254.00 0.609555 5.10
1255.00 0.609541 5.10
1256.00 0.609527 5.10
1257.00 0.609512 5.10
1258.00 0.609498 5.10
1259.00 0.609484 5.10
1260.00 0.609469 5.10
1261.00 0.609455 5.10
1262.00 0.609441 5.10
1263.00 0.609427 5.10
1264.00 0.609413 5.10
1265.00 0.609399 5.10
1266.00 0.609385 5.10
1267.00 0.609371 5.10
1268.00 0.609357 5.10
1269.00 0.609343 5.10
1270.00 0.609329 5.10
1271.00 0.609316 5.10
1272.00 0.609302 5.10
1273.00 0.609288 5.10
1274.00 0.609274 5.10
1275.00 0.609261 5.10
1276.00 0.609247 5.10
1277.00 0.609234 5.10
1278.00 0.609220 5.10
1279.00 0.609207 5.10
1280.00 0.609193 5.10
1281.00 0.609180 5.10
1282.00 0.609166 5.10
1283.00 0.609153 5.10
1284.00 0.609140 5.10
1285.00 0.609126 5.10
1286.00 0.609113 5.10
1287.00 0.609100 5.10
1288.00 0.609087 5.10
1289.00 0.609074 5.10
1290.00 0.609061 5.10
1291.00 0.609048 5.10
1292.00 0.609034 5.10
1293.00 0.609021 5.10
1294.00 0.609009 5.10
1295.00 0.608996 5.10
1296.00 0.608983 5.10
1297.00 0.608970 5.10
1298.00 0.608957 5.10
1299.00 0.608944 5.10
1300.00 0.608931 5.10
1301.00 0.608919 5.10
1302.00 0.608906 5.10
1303.00 0.608893 5.10
1304.00 0.608881 5.10
1305.00 0.608868 5.10
1306.00 0.608855 5.10
1307.00 0.608843 5.10
1308.00 0.608830 5.10
1309.00 0.608818 5.10
1310.00 0.608805 5.10
1311.00 0.608793 5.10
1312.00 0.608780 5.10
1313.00 0.608768 5.10
1314.00 0.608756 5.10
1315.00 0.608743 5.10
1316.00 0.608731 5.10
1317.00 0.608719 5.10
1318.00 0.608707 5.10
1319.00 0.608694 5.10
1320.00 0.608682 5.10
1321.00 0.608670 5.10
1322.00 0.608658 5.10
1323.00 0.608646 5.10
1324.00 0.608634 5.10
1325.00 0.608622 5.10
1326.00 0.608610 5.10
1327.00 0.608598 5.10
1328.00 0.608586 5.10
1329.00 0.608574 5.10
1330.00 0.608562 5.10
1331.00 0.608550 5.10
1332.00 0.608538 5.10
1333.00 0.608526 5.10
1334.00 0.608514 5.10
1335.00 0.608502 5.10
1336.00 0.608491 5.10
1337.00 0.608479 5.10
1338.00 0.608467 5.10
1339.00 0.608456 5.10
1340.00 0.608444 5.10
1341.00 0.608432 5.10
1342.00 0.608421 5.10
1343.00 0.608409 5.10
1344.00 0.608397 5.10
1345.00 0.608386 5.10
1346.00 0.608374 5.10
1347.00 0.608363 5.10
1348.00 0.608351 5.10
1349.00 0.608340 5.10
1350.00 0.608328 5.10
1351.00 0.608317 5.10
1352.00 0.608306 5.10
1353.00 0.608294 5.10
1354.00 0.608283 5.10
1355.00 0.608272 5.10
1356.00 0.608260 5.10
1357.00 0.608249 5.10
1358.00 0.608238 5.10
1359.00 0.608227 5.10
1360.00 0.608215 5.10
1361.00 0.608204 5.10
1362.00 0.608193 5.10
1363.00 0.608182 5.10
1364.00 0.608171 5.10
1365.00 0.608160 5.10
1366.00 0.608148 5.10
1367.00 0.608137 5.10
1368.00 0.608126 5.10
1369.00 0.608115 5.10
1370.00 0.608104 5.10
1371.00 0.608093 5.10
1372.00 0.608082 5.10
1373.00 0.608071 5.10
1374.00 0.608060 5.10
1375.00 0.608049 5.10
1376.00 0.608039 5.10
1377.00 0.608028 5.10
1378.00 0.608017 5.10
1379.00 0.608006 5.10
1380.00 0.607995 5.10
1381.00 0.607984 5.10
1382.00 0.607974 5.10
1383.00 0.607963 5.10
1384.00 0.607952 5.10
1385.00 0.607941 5.10
1386.00 0.607931 5.10
1387.00 0.607920 5.10
1388.00 0.607909 5.10
1389.00 0.607898 5.10
1390.00 0.607888 5.10
1391.00 0.607877 5.10
1392.00 0.607867 5.10
1393.00 0.607856 5.10
1394.00 0.607845 5.10
1395.00 0.607835 5.10
1396.00 0.607824 5.10
1397.00 0.607814 5.10
1398.00 0.607803 5.10
1399.00 0.607793 5.10
1400.00 0.607782 5.10
1401.00 0.607772 5.10
1402.00 0.607761 5.10
1403.00 0.607751 5.10
1404.00 0.607740 5.10
1405.00 0.607730 5.10
1406.00 0.607720 5.10
1407.00 0.607709 5.10
1408.00 0.607699 5.10
1409.00 0.607688 5.10
1410.00 0.607678 5.10
1411.00 0.607668 5.10
1412.00 0.607657 5.10
1413.00 0.607647 5.10
1414.00 0.607637 5.10
1415.00 0.607627 5.10
1416.00 0.607616 5.10
1417.00 0.607606 5.10
1418.00 0.607596 5.10
1419.00 0.607586 5.10
1420.00 0.607576 5.10
1421.00 0.607565 5.10
1422.00 0.607555 5.10
1423.00 0.607545 5.10
1424.00 0.607535 5.10
1425.00 0.607525 5.10
1426.00 0.607515 5.10
1427.00 0.607504 5.10
1428.00 0.607494 5.10
1429.00 0.607484 5.10
1430.00 0.607474 5.10
1431.00 0.607464 5.10
1432.00 0.607454 5.10
1433.00 0.607444 5.10
1434.00 0.607434 5.10
1435.00 0.607424 5.10
1436.00 0.607414 5.10
1437.00 0.607404 5.10
1438.00 0.607394 5.10
1439.00 0.607384 5.10
1440.00 0.607374 5.10
1441.00 0.607364 5.10
1442.00 0.607354 5.10
1443.00 0.607344 5.10
1444.00 0.607334 5.10
1445.00 0.607325 5.10
1446.00 0.607315 5.10
1447.00 0.607305 5.10
1448.00 0.607295 5.10
1449.00 0.607285 5.10
1450.00 0.607275 5.10
1451.00 0.607265 5.10
1452.00 0.607256 5.09
1453.00 0.607247 5.09
1454.00 0.607237 5.09
1455.00 0.607228 5.09
1456.00 0.607219 5.09
1457.00 0.607210 5.09
1458.00 0.607201 5.09
1459.00 0.607191 5.09
1460.00 0.607182 5.09
1461.00 0.607173 5.09
1462.00 0.607164 5.09
1463.00 0.607155 5.09
1464.00 0.607146 5.09
1465.00 0.607137 5.09
1466.00 0.607129 5.09
1467.00 0.607120 5.09
1468.00 0.607111 5.09
1469.00 0.607102 5.09
1470.00 0.607093 5.09
1471.00 0.607085 5.09
1472.00 0.607076 5.09
1473.00 0.607067 5.09
1474.00 0.607058 5.09
1475.00 0.607050 5.09
1476.00 0.607041 5.09
1477.00 0.607033 5.09
1478.00 0.607024 5.09
1479.00 0.607015 5.09
1480.00 0.607007 5.09
1481.00 0.606998 5.09
1482.00 0.606990 5.09
1483.00 0.606982 5.09
1484.00 0.606973 5.09
1485.00 0.606965 5.09
1486.00 0.606956 5.09
1487.00 0.606948 5.09
1488.00 0.606940 5.09
1489.00 0.606931 5.08
1490.00 0.606923 5.08
1491.00 0.606915 5.08
1492.00 0.606907 5.08
1493.00 0.606899 5.08
1494.00 0.606891 5.08
1495.00 0.606883 5.08
1496.00 0.606875 5.08
1497.00 0.606867 5.08
1498.00 0.606859 5.08
1499.00 0.606851 5.08
1500.00 0.606843 5.08
1501.00 0.606835 5.08
1502.00 0.606828 5.08
1503.00 0.606820 5.08
1504.00 0.606812 5.08
1505.00 0.606804 5.08
1506.00 0.606796 5.08
1507.00 0.606789 5.08
1508.00 0.606781 5.08
1509.00 0.606773 5.08
1510.00 0.606766 5.08
1511.00 0.606758 5.08
1512.00 0.606750 5.08
1513.00 0.606743 5.08
1514.00 0.606735 5.08
1515.00 0.606728 5.08
1516.00 0.606720 5.08
1517.00 0.606712 5.08
1518.00 0.606705 5.08
1519.00 0.606697 5.08
1520.00 0.606690 5.08
1521.00 0.606683 5.08
1522.00 0.606675 5.08
1523.00 0.606668 5.08
1524.00 0.606660 5.08
1525.00 0.606653 5.08
1526.00 0.606646 5.08
1527.00 0.606638 5.08
1528.00 0.606631 5.08
1529.00 0.606624 5.08
1530.00 0.606617 5.08
1531.00 0.606609 5.08
1532.00 0.606602 5.08
1533.00 0.606595 5.08
1534.00 0.606588 5.08
1535.00 0.606581 5.08
1536.00 0.606573 5.08
1537.00 0.606566 5.08
1538.00 0.606559 5.08
1539.00 0.606552 5.08
1540.00 0.606545 5.08
1541.00 0.606538 5.08
1542.00 0.606531 5.08
1543.00 0.606524 5.08
1544.00 0.606517 5.08
1545.00 0.606510 5.08
1546.00 0.606503 5.08
1547.00 0.606496 5.08
1548.00 0.606489 5.08
1549.00 0.606482 5.08
1550.00 0.606475 5.08
1551.00 0.606468 5.08
1552.00 0.606461 5.08
1553.00 0.606455 5.08
1554.00 0.606448 5.08
1555.00 0.606441 5.08
1556.00 0.606434 5.08
1557.00 0.606427 5.08
1558.00 0.606421 5.08
1559.00 0.606414 5.08
1560.00 0.606407 5.08
1561.00 0.606400 5.08
1562.00 0.606394 5.08
1563.00 0.606387 5.08
1564.00 0.606380 5.08
1565.00 0.606374 5.08
1566.00 0.606367 5.08
1567.00 0.606360 5.08
1568.00 0.606354 5.08
1569.00 0.606347 5.08
1570.00 0.606341 5.08
1571.00 0.606334 5.08
1572.00 0.606327 5.08
1573.00 0.606321 5.08
1574.00 0.606314 5.08
1575.00 0.606308 5.08
1576.00 0.606301 5.08
1577.00 0.606295 5.08
1578.00 0.606288 5.08
1579.00 0.606282 5.08
1580.00 0.606276 5.08
1581.00 0.606269 5.08
1582.00 0.606263 5.08
1583.00 0.606256 5.08
1584.00 0.606250 5.08
1585.00 0.606244 5.08
1586.00 0.606237 5.08
1587.00 0.606231 5.08
1588.00 0.606225 5.08
1589.00 0.606218 5.08
1590.00 0.606212 5.08
1591.00 0.606206 5.08
1592.00 0.606199 5.08
1593.00 0.606193 5.08
1594.00 0.606187 5.08
1595.00 0.606181 5.08
1596.00 0.606174 5.08
1597.00 0.606168 5.08
1598.00 0.606162 5.08
1599.00 0.606156 5.08
1600.00 0.606150 5.08
1601.00 0.606143 5.08
1602.00 0.606137 5.08
1603.00 0.606131 5.08
1604.00 0.606125 5.08
1605.00 0.606119 5.08
1606.00 0.606113 5.08
1607.00 0.606107 5.08
1608.00 0.606101 5.08
1609.00 0.606095 5.07
1610.00 0.606089 5.07
1611.00 0.606083 5.07
1612.00 0.606077 5.07
1613.00 0.606071 5.07
1614.00 0.606065 5.07
1615.00 0.606059 5.07
1616.00 0.606053 5.07
1617.00 0.606047 5.07
1618.00 0.606041 5.07
1619.00 0.606036 5.07
1620.00 0.606030 5.07
1621.00 0.606024 5.07
1622.00 0.606018 5.07
1623.00 0.606012 5.07
1624.00 0.606007 5.07
1625.00 0.606001 5.07
1626.00 0.605995 5.07
1627.00 0.605989 5.07
1628.00 0.605984 5.07
1629.00 0.605978 5.07
1630.00 0.605972 5.07
1631.00 0.605967 5.07
1632.00 0.605961 5.07
1633.00 0.605955 5.07
1634.00 0.605950 5.07
1635.00 0.605944 5.07
1636.00 0.605938 5.07
1637.00 0.605933 5.07
1638.00 0.605927 5.07
1639.00 0.605922 5.07
1640.00 0.605916 5.07
1641.00 0.605911 5.07
1642.00 0.605905 5.07
1643.00 0.605899 5.07
1644.00 0.605894 5.07
1645.00 0.605888 5.07
1646.00 0.605883 5.07
1647.00 0.605877 5.07
1648.00 0.605872 5.07
1649.00 0.605867 5.07
1650.00 0.605861 5.07
1651.00 0.605856 5.07
1652.00 0.605850 5.07
1653.00 0.605845 5.07
1654.00 0.605839 5.07
1655.00 0.605834 5.07
1656.00 0.605829 5.07
1657.00 0.605823 5.07
1658.00 0.605818 5.07
1659.00 0.605813 5.07
1660.00 0.605807 5.07
1661.00 0.605802 5.07
1662.00 0.605797 5.07
1663.00 0.605791 5.07
1664.00 0.605786 5.07
1665.00 0.605781 5.07
1666.00 0.605776 5.07
1667.00 0.605770 5.07
1668.00 0.605765 5.07
1669.00 0.605760 5.07
1670.00 0.605755 5.07
1671.00 0.605749 5.07
1672.00 0.605744 5.07
1673.00 0.605739 5.07
1674.00 0.605734 5.07
1675.00 0.605729 5.07
1676.00 0.605723 5.07
1677.00 0.605718 5.07
1678.00 0.605713 5.07
1679.00 0.605708 5.07
1680.00 0.605703 5.07
1681.00 0.605698 5.07
1682.00 0.605693 5.07
1683.00 0.605687 5.07
1684.00 0.605682 5.07
1685.00 0.605677 5.07
1686.00 0.605673 5.06
1687.00 0.605668 5.06
1688.00 0.605664 5.06
1689.00 0.605660 5.06
1690.00 0.605656 5.06
1691.00 0.605652 5.06
1692.00 0.605648 5.06
1693.00 0.605643 5.06
1694.00 0.605639 5.06
1695.00 0.605635 5.06
1696.00 0.605631 5.06
1697.00 0.605627 5.06
1698.00 0.605623 5.06
1699.00 0.605619 5.06
1700.00 0.605615 5.06
1701.00 0.605611 5.06
1702.00 0.605607 5.06
1703.00 0.605603 5.06
1704.00 0.605599 5.06
1705.00 0.605595 5.06
1706.00 0.605591 5.06
1707.00 0.605587 5.06
1708.00 0.605583 5.06
1709.00 0.605579 5.06
1710.00 0.605575 5.06
1711.00 0.605571 5.06
1712.00 0.605568 5.06
1713.00 0.605564 5.06
1714.00 0.605560 5.06
1715.00 0.605556 5.06
1716.00 0.605552 5.06
1717.00 0.605548 5.06
1718.00 0.605545 5.06
1719.00 0.605541 5.06
1720.00 0.605537 5.06
1721.00 0.605533 5.06
1722.00 0.605530 5.06
1723.00 0.605526 5.06
1724.00 0.605522 5.06
1725.00 0.605518 5.06
1726.00 0.605515 5.06
1727.00 0.605511 5.06
1728.00 0.605507 5.06
1729.00 0.605504 5.06
1730.00 0.605500 5.06
1731.00 0.605496 5.06
1732.00 0.605493 5.06
1733.00 0.605489 5.06
1734.00 0.605485 5.06
1735.00 0.605482 5.06
1736.00 0.605478 5.06
1737.00 0.605475 5.06
1738.00 0.605471 5.06
1739.00 0.605467 5.06
1740.00 0.605464 5.06
1741.00 0.605460 5.06
1742.00 0.605457 5.06
1743.00 0.605453 5.06
1744.00 0.605450 5.06
1745.00 0.605446 5.06
1746.00 0.605443 5.06
1747.00 0.605439 5.06
1748.00 0.605436 5.06
1749.00 0.605432 5.06
1750.00 0.605429 5.06
1751.00 0.605425 5.05
1752.00 0.605422 5.05
1753.00 0.605419 5.05
1754.00 0.605416 5.05
1755.00 0.605413 5.05
1756.00 0.605410 5.05
1757.00 0.605407 5.05
1758.00 0.605404 5.05
1759.00 0.605401 5.05
1760.00 0.605398 5.05
1761.00 0.605395 5.05
1762.00 0.605392 5.05
1763.00 0.605389 5.05
1764.00 0.605387 5.05
1765.00 0.605384 5.05
1766.00 0.605381 5.05
1767.00 0.605378 5.05
1768.00 0.605375 5.05
1769.00 0.605373 5.05
1770.00 0.605370 5.05
1771.00 0.605367 5.05
1772.00 0.605364 5.05
1773.00 0.605362 5.05
1774.00 0.605359 5.05
1775.00 0.605356 5.05
1776.00 0.605353 5.05
1777.00 0.605351 5.05
1778.00 0.605348 5.05
1779.00 0.605346 5.05
1780.00 0.605343 5.05
1781.00 0.605340 5.05
1782.00 0.605338 5.05
1783.00 0.605335 5.05
1784.00 0.605333 5.05
1785.00 0.605330 5.05
1786.00 0.605328 5.05
1787.00 0.605325 5.05
1788.00 0.605323 5.05
1789.00 0.605320 5.05
1790.00 0.605318 5.05
1791.00 0.605315 5.05
1792.00 0.605313 5.05
1793.00 0.605310 5.05
1794.00 0.605308 5.05
1795.00 0.605305 5.05
1796.00 0.605303 5.05
1797.00 0.605301 5.05
1798.00 0.605298 5.05
1799.00 0.605296 5.05
1800.00 0.605293 5.05
1801.00 0.605291 5.05
1802.00 0.605289 5.05
1803.00 0.605287 5.05
1804.00 0.605284 5.05
1805.00 0.605282 5.05
1806.00 0.605280 5.05
1807.00 0.605277 5.05
1808.00 0.605275 5.05
1809.00 0.605273 5.05
1810.00 0.605271 5.05
1811.00 0.605268 5.05
1812.00 0.605266 5.05
1813.00 0.605264 5.05
1814.00 0.605262 5.05
1815.00 0.605260 5.05
1816.00 0.605258 5.05
1817.00 0.605255 5.05
1818.00 0.605253 5.05
1819.00 0.605251 5.05
1820.00 0.605249 5.05
1821.00 0.605247 5.05
1822.00 0.605245 5.05
1823.00 0.605243 5.05
1824.00 0.605241 5.05
1825.00 0.605239 5.05
1826.00 0.605237 5.05
1827.00 0.605234 5.05
1828.00 0.605232 5.05
1829.00 0.605230 5.05
1830.00 0.605228 5.05
1831.00 0.605226 5.05
1832.00 0.605224 5.05
1833.00 0.605222 5.05
1834.00 0.605220 5.05
1835.00 0.605218 5.05
1836.00 0.605217 5.05
1837.00 0.605215 5.05
1838.00 0.605213 5.05
1839.00 0.605211 5.05
1840.00 0.605209 5.05
1841.00 0.605207 5.05
1842.00 0.605205 5.05
1843.00 0.605203 5.05
1844.00 0.605201 5.05
1845.00 0.605199 5.05
1846.00 0.605197 5.05
1847.00 0.605196 5.05
1848.00 0.605194 5.05
1849.00 0.605192 5.05
1850.00 0.605190 5.05
1851.00 0.605188 5.05
1852.00 0.605186 5.05
1853.00 0.605185 5.05
1854.00 0.605183 5.05
1855.00 0.605181 5.05
1856.00 0.605179 5.05
1857.00 0.605178 5.05
1858.00 0.605176 5.05
1859.00 0.605174 5.05
1860.00 0.605172 5.05
1861.00 0.605171 5.05
1862.00 0.605169 5.05
1863.00 0.605167 5.05
1864.00 0.605165 5.05
1865.00 0.605164 5.05
1866.00 0.605162 5.05
1867.00 0.605160 5.05
1868.00 0.605159 5.05
1869.00 0.605157 5.05
1870.00 0.605155 5.05
1871.00 0.605154 5.05
1872.00 0.605152 5.05
1873.00 0.605150 5.05
1874.00 0.605149 5.05
1875.00 0.605147 5.05
1876.00 0.605146 5.05
1877.00 0.605144 5.05
1878.00 0.605142 5.05
1879.00 0.605141 5.05
1880.00 0.605139 5.05
1881.00 0.605138 5.05
1882.00 0.605136 5.05
1883.00 0.605135 5.05
1884.00 0.605133 5.05
1885.00 0.605131 5.05
1886.00 0.605130 5.05
1887.00 0.605128 5.05
1888.00 0.605127 5.05
1889.00 0.605125 5.05
1890.00 0.605124 5.05
1891.00 0.605122 5.05
1892.00 0.605121 5.05
1893.00 0.605119 5.05
1894.00 0.605118 5.05
1895.00 0.605116 5.05
1896.00 0.605115 5.05
1897.00 0.605113 5.05
1898.00 0.605112 5.05
1899.00 0.605111 5.05
1900.00 0.605109 5.05
1901.00 0.605108 5.05
1902.00 0.605106 5.05
1903.00 0.605105 5.05
1904.00 0.605103 5.05
1905.00 0.605102 5.05
1906.00 0.605101 5.05
1907.00 0.605099 5.05
1908.00 0.605098 5.05
1909.00 0.605096 5.05
1910.00 0.605095 5.05
1911.00 0.605094 5.05
1912.00 0.605092 5.05
1913.00 0.605091 5.05
1914.00 0.605090 5.05
1915.00 0.605088 5.05
1916.00 0.605087 5.05
1917.00 0.605086 5.05
1918.00 0.605084 5.05
1919.00 0.605083 5.05
1920.00 0.605082 5.05
1921.00 0.605080 5.05
1922.00 0.605079 5.05
1923.00 0.605078 5.05
1924.00 0.605077 5.05
1925.00 0.605075 5.05
1926.00 0.605074 5.05
1927.00 0.605073 5.05
1928.00 0.605071 5.05
1929.00 0.605070 5.05
1930.00 0.605069 5.05
1931.00 0.605068 5.05
1932.00 0.605066 5.05
1933.00 0.605065 5.05
1934.00 0.605064 5.05
1935.00 0.605063 5.05
1936.00 0.605062 5.05
1937.00 0.605060 5.05
1938.00 0.605059 5.05
1939.00 0.605058 5.05
1940.00 0.605057 5.05
1941.00 0.605056 5.05
1942.00 0.605054 5.05
1943.00 0.605053 5.05
1944.00 0.605052 5.05
1945.00 0.605051 5.05
1946.00 0.605050 5.05
1947.00 0.605048 5.05
1948.00 0.605047 5.05
1949.00 0.605046 5.05
1950.00 0.605045 5.05
1951.00 0.605044 5.05
1952.00 0.605043 5.05
1953.00 0.605042 5.05
1954.00 0.605041 5.05
1955.00 0.605039 5.05
1956.00 0.605038 5.05
1957.00 0.605037 5.05
1958.00 0.605036 5.05
1959.00 0.605035 5.05
1960.00 0.605034 5.05
1961.00 0.605033 5.05
1962.00 0.605032 5.05
1963.00 0.605031 5.05
1964.00 0.605030 5.05
1965.00 0.605028 5.05
1966.00 0.605027 5.05
1967.00 0.605026 5.05
1968.00 0.605025 5.05
1969.00 0.605024 5.05
1970.00 0.605023 5.05
1971.00 0.605022 5.05
1972.00 0.605021 5.05
1973.00 0.605020 5.05
1974.00 0.605019 5.05
1975.00 0.605018 5.05
1976.00 0.605017 5.05
1977.00 0.605016 5.05
1978.00 0.605015 5.05
1979.00 0.605014 5.05
1980.00 0.605013 5.05
1981.00 0.605012 5.05
1982.00 0.605011 5.05
1983.00 0.605010 5.05
1984.00 0.605009 5.05
1985.00 0.605008 5.05
1986.00 0.605007 5.05
1987.00 0.605006 5.05
1988.00 0.605005 5.05
1989.00 0.605004 5.05
1990.00 0.605003 5.05
1991.00 0.605002 5.05
1992.00 0.605001 5.05
1993.00 0.605000 5.05
1994.00 0.605000 5.05
1995.00 0.604999 5.05
1996.00 0.604998 5.05
1997.00 0.604997 5.05
1998.00 0.604996 5.05
1999.00 0.604995 5.05
2000.00 0.604994 5.05
