0.00 0.277735 3.89
1.00 0.277253 3.89
2.00 0.276772 3.89
3.00 0.276292 3.89
4.00 0.275815 3.89
5.00 0.275340 3.89
6.00 0.274867 3.89
7.00 0.274399 3.88
8.00 0.273938 3.88
9.00 0.273479 3.88
10.00 0.273024 3.88
11.00 0.272570 3.88
12.00 0.272119 3.88
13.00 0.271669 3.88
14.00 0.271219 3.88
15.00 0.270787 3.87
16.00 0.270365 3.87
17.00 0.269945 3.87
18.00 0.269526 3.87
19.00 0.269106 3.87
20.00 0.268686 3.87
21.00 0.268268 3.86
22.00 0.267883 3.85
23.00 0.267528 3.85
24.00 0.267245 3.83
25.00 0.266992 3.83
26.00 0.266745 3.83
27.00 0.266503 3.83
28.00 0.266265 3.83
29.00 0.266029 3.83
30.00 0.265794 3.83
31.00 0.265581 3.82
32.00 0.265384 3.82
33.00 0.265189 3.82
34.00 0.264996 3.82
35.00 0.264805 3.82
36.00 0.264624 3.81
37.00 0.264459 3.81
38.00 0.264325 3.80
39.00 0.264207 3.80
40.00 0.264107 3.78
41.00 0.264026 3.78
42.00 0.263951 3.78
43.00 0.263879 3.78
44.00 0.263810 3.78
45.00 0.263744 3.78
46.00 0.263681 3.78
47.00 0.263620 3.78
48.00 0.263560 3.78
49.00 0.263502 3.78
50.00 0.263446 3.78
51.00 0.263391 3.78
52.00 0.263337 3.78
53.00 0.263283 3.78
54.00 0.263231 3.78
55.00 0.263179 3.78
56.00 0.263128 3.78
57.00 0.263078 3.78
58.00 0.263028 3.78
59.00 0.262978 3.78
60.00 0.262929 3.78
61.00 0.262894 3.77
62.00 0.262861 3.77
63.00 0.262829 3.77
64.00 0.262797 3.77
65.00 0.262767 3.77
66.00 0.262738 3.77
67.00 0.262709 3.77
68.00 0.262681 3.77
69.00 0.262653 3.77
70.00 0.262627 3.77
71.00 0.262601 3.77
72.00 0.262575 3.77
73.00 0.262550 3.77
74.00 0.262537 3.76
75.00 0.262526 3.76
76.00 0.262516 3.76
77.00 0.262506 3.76
78.00 0.262498 3.76
79.00 0.262490 3.75
80.00 0.262484 3.75
81.00 0.262478 3.75
82.00 0.262472 3.75
83.00 0.262467 3.75
84.00 0.262463 3.75
85.00 0.262458 3.75
86.00 0.262454 3.75
87.00 0.262450 3.75
88.00 0.262446 3.75
89.00 0.262443 3.75
90.00 0.262439 3.75
91.00 0.262436 3.75
92.00 0.262433 3.75
93.00 0.262431 3.75
94.00 0.262428 3.75
95.00 0.262426 3.75
96.00 0.262423 3.75
97.00 0.262421 3.75
98.00 0.262419 3.75
99.00 0.262417 3.75
100.00 0.262415 3.75
101.00 0.262413 3.75
102.00 0.262412 3.75
103.00 0.262410 3.75
104.00 0.262409 3.75
105.00 0.262407 3.75
106.00 0.262406 3.75
107.00 0.262405 3.75
108.00 0.262404 3.75
109.00 0.262402 3.75
110.00 0.262401 3.75
111.00 0.262400 3.75
112.00 0.262399 3.75
113.00 0.262398 3.75
114.00 0.262397 3.75
115.00 0.262397 3.75
116.00 0.262396 3.75
117.00 0.262395 3.75
118.00 0.262394 3.75
119.00 0.262394 3.75
120.00 0.262393 3.75
121.00 0.262392 3.75
122.00 0.262392 3.75
123.00 0.262391 3.75
124.00 0.262390 3.75
125.00 0.262390 3.75
126.00 0.262389 3.75
127.00 0.262389 3.75
128.00 0.262388 3.75
129.00 0.262388 3.75
130.00 0.262387 3.75
131.00 0.262387 3.75
132.00 0.262387 3.75
133.00 0.262386 3.75
134.00 0.262386 3.75
135.00 0.262385 3.75
136.00 0.262385 3.75
137.00 0.262385 3.75
138.00 0.262384 3.75
139.00 0.262384 3.75
140.00 0.262384 3.75
141.00 0.262383 3.75
142.00 0.262383 3.75
143.00 0.262383 3.75
144.00 0.262383 3.75
145.00 0.262382 3.75
146.00 0.262382 3.75
147.00 0.262382 3.75
148.00 0.262382 3.75
149.00 0.262381 3.75
150.00 0.262381 3.75
151.00 0.262381 3.75
152.00 0.262381 3.75
153.00 0.262380 3.75
154.00 0.262380 3.75
155.00 0.262380 3.75
156.00 0.262380 3.75
157.00 0.262380 3.75
158.00 0.262379 3.75
159.00 0.262379 3.75
160.00 0.262379 3.75
161.00 0.262379 3.75
162.00 0.262379 3.75
163.00 0.262379 3.75
164.00 0.262379 3.75
165.00 0.262378 3.75
166.00 0.262378 3.75
167.00 0.262378 3.75
168.00 0.262378 3.75
169.00 0.262378 3.75
170.00 0.262378 3.75
171.00 0.262378 3.75
172.00 0.262377 3.75
173.00 0.262377 3.75
174.00 0.262377 3.75
175.00 0.262377 3.75
176.00 0.262377 3.75
177.00 0.262377 3.75
178.00 0.262377 3.75
179.00 0.262377 3.75
180.00 0.262377 3.75
181.00 0.262376 3.75
182.00 0.262376 3.75
183.00 0.262376 3.75
184.00 0.262376 3.75
185.00 0.262376 3.75
186.00 0.262376 3.75
187.00 0.262376 3.75
188.00 0.262376 3.75
189.00 0.262376 3.75
190.00 0.262376 3.75
191.00 0.262376 3.75
192.00 0.262376 3.75
193.00 0.262376 3.75
194.00 0.262375 3.75
195.00 0.262375 3.75
196.00 0.262375 3.75
197.00 0.262375 3.75
198.00 0.262375 3.75
199.00 0.262375 3.75
200.00 0.262375 3.75
201.00 0.262375 3.75
202.00 0.262375 3.75
203.00 0.262375 3.75
204.00 0.262375 3.75
205.00 0.262375 3.75
206.00 0.262375 3.75
207.00 0.262375 3.75
208.00 0.262375 3.75
209.00 0.262375 3.75
210.00 0.262375 3.75
211.00 0.262374 3.75
212.00 0.262374 3.75
213.00 0.262374 3.75
214.00 0.262374 3.75
215.00 0.262374 3.75
216.00 0.262374 3.75
217.00 0.262374 3.75
218.00 0.262374 3.75
219.00 0.262374 3.75
220.00 0.262374 3.75
221.00 0.262374 3.75
222.00 0.262374 3.75
223.00 0.262374 3.75
224.00 0.262374 3.75
225.00 0.262374 3.75
226.00 0.262374 3.75
227.00 0.262374 3.75
228.00 0.262374 3.75
229.00 0.262374 3.75
230.00 0.262374 3.75
231.00 0.262374 3.75
232.00 0.262374 3.75
233.00 0.262374 3.75
234.00 0.262374 3.75
235.00 0.262374 3.75
236.00 0.262374 3.75
237.00 0.262374 3.75
238.00 0.262374 3.75
239.00 0.262374 3.75
240.00 0.262374 3.75
241.00 0.262374 3.75
242.00 0.262373 3.75
243.00 0.262373 3.75
244.00 0.262373 3.75
245.00 0.262373 3.75
246.00 0.262373 3.75
247.00 0.262373 3.75
248.00 0.262373 3.75
249.00 0.262373 3.75
250.00 0.262373 3.75
251.00 0.262373 3.75
252.00 0.262373 3.75
253.00 0.262373 3.75
254.00 0.262373 3.75
255.00 0.262373 3.75
256.00 0.262373 3.75
257.00 0.262373 3.75
258.00 0.262373 3.75
259.00 0.262373 3.75
260.00 0.262373 3.75
261.00 0.262373 3.75
262.00 0.262373 3.75
263.00 0.262373 3.75
264.00 0.262373 3.75
265.00 0.262373 3.75
266.00 0.262373 3.75
267.00 0.262373 3.75
268.00 0.262373 3.75
269.00 0.262373 3.75
270.00 0.262373 3.75
271.00 0.262373 3.75
272.00 0.262373 3.75
273.00 0.262373 3.75
274.00 0.262373 3.75
275.00 0.262373 3.75
276.00 0.262373 3.75
277.00 0.262373 3.75
278.00 0.262373 3.75
279.00 0.262373 3.75
280.00 0.262373 3.75
281.00 0.262373 3.75
282.00 0.262373 3.75
283.00 0.262373 3.75
284.00 0.262373 3.75
285.00 0.262373 3.75
286.00 0.262373 3.75
287.00 0.262373 3.75
288.00 0.262373 3.75
289.00 0.262373 3.75
290.00 0.262373 3.75
291.00 0.262373 3.75
292.00 0.262373 3.75
293.00 0.262373 3.75
294.00 0.262373 3.75
295.00 0.262373 3.75
296.00 0.262373 3.75
297.00 0.262373 3.75
298.00 0.262373 3.75
299.00 0.262373 3.75
300.00 0.262373 3.75
301.00 0.262373 3.75
302.00 0.262373 3.75
303.00 0.262373 3.75
304.00 0.262373 3.75
305.00 0.262373 3.75
306.00 0.262373 3.75
307.00 0.262373 3.75
308.00 0.262373 3.75
309.00 0.262373 3.75
310.00 0.262373 3.75
311.00 0.262373 3.75
312.00 0.262373 3.75
313.00 0.262373 3.75
314.00 0.262373 3.75
315.00 0.262373 3.75
316.00 0.262373 3.75
317.00 0.262373 3.75
318.00 0.262373 3.75
319.00 0.262373 3.75
320.00 0.262373 3.75
321.00 0.262373 3.75
322.00 0.262373 3.75
323.00 0.262373 3.75
324.00 0.262373 3.75
325.00 0.262373 3.75
326.00 0.262373 3.75
327.00 0.262373 3.75
328.00 0.262373 3.75
329.00 0.262373 3.75
330.00 0.262373 3.75
331.00 0.262373 3.75
332.00 0.262373 3.75
333.00 0.262373 3.75
334.00 0.262373 3.75
335.00 0.262373 3.75
336.00 0.262373 3.75
337.00 0.262373 3.75
338.00 0.262373 3.75
339.00 0.262373 3.75
340.00 0.262373 3.75
341.00 0.262373 3.75
342.00 0.262373 3.75
343.00 0.262373 3.75
344.00 0.262373 3.75
345.00 0.262373 3.75
346.00 0.262373 3.75
347.00 0.262373 3.75
348.00 0.262373 3.75
349.00 0.262373 3.75
350.00 0.262373 3.75
351.00 0.262373 3.75
352.00 0.262373 3.75
353.00 0.262373 3.75
354.00 0.262373 3.75
355.00 0.262373 3.75
356.00 0.262373 3.75
357.00 0.262373 3.75
358.00 0.262373 3.75
359.00 0.262373 3.75
360.00 0.262373 3.75
361.00 0.262373 3.75
362.00 0.262373 3.75
363.00 0.262373 3.75
364.00 0.262373 3.75
365.00 0.262373 3.75
366.00 0.262373 3.75
367.00 0.262373 3.75
368.00 0.262373 3.75
369.00 0.262373 3.75
370.00 0.262373 3.75
371.00 0.262373 3.75
372.00 0.262373 3.75
373.00 0.262373 3.75
374.00 0.262373 3.75
375.00 0.262373 3.75
376.00 0.262373 3.75
377.00 0.262373 3.75
378.00 0.262373 3.75
379.00 0.262373 3.75
380.00 0.262373 3.75
381.00 0.262373 3.75
382.00 0.262373 3.75
383.00 0.262373 3.75
384.00 0.262373 3.75
385.00 0.262373 3.75
386.00 0.262373 3.75
387.00 0.262373 3.75
388.00 0.262373 3.75
389.00 0.262373 3.75
390.00 0.262373 3.75
391.00 0.262373 3.75
392.00 0.262373 3.75
393.00 0.262373 3.75
394.00 0.262373 3.75
395.00 0.262373 3.75
396.00 0.262373 3.75
397.00 0.262373 3.75
398.00 0.262373 3.75
399.00 0.262373 3.75
400.00 0.262373 3.75
401.00 0.262373 3.75
402.00 0.262373 3.75
403.00 0.262373 3.75
404.00 0.262373 3.75
405.00 0.262373 3.75
406.00 0.262373 3.75
407.00 0.262373 3.75
408.00 0.262373 3.75
409.00 0.262373 3.75
410.00 0.262373 3.75
411.00 0.262373 3.75
412.00 0.262373 3.75
413.00 0.262373 3.75
414.00 0.262373 3.75
415.00 0.262373 3.75
416.00 0.262373 3.75
417.00 0.262373 3.75
418.00 0.262373 3.75
419.00 0.262373 3.75
420.00 0.262373 3.75
421.00 0.262373 3.75
422.00 0.262373 3.75
423.00 0.262373 3.75
424.00 0.262373 3.75
425.00 0.262373 3.75
426.00 0.262373 3.75
427.00 0.262373 3.75
428.00 0.262373 3.75
429.00 0.262373 3.75
430.00 0.262373 3.75
431.00 0.262373 3.75
432.00 0.262373 3.75
433.00 0.262373 3.75
434.00 0.262373 3.75
435.00 0.262373 3.75
436.00 0.262373 3.75
437.00 0.262373 3.75
438.00 0.262373 3.75
439.00 0.262373 3.75
440.00 0.262373 3.75
441.00 0.262373 3.75
442.00 0.262373 3.75
443.00 0.262373 3.75
444.00 0.262373 3.75
445.00 0.262373 3.75
446.00 0.262373 3.75
447.00 0.262373 3.75
448.00 0.262373 3.75
449.00 0.262373 3.75
450.00 0.262373 3.75
451.00 0.262373 3.75
452.00 0.262373 3.75
453.00 0.262373 3.75
454.00 0.262373 3.75
455.00 0.262373 3.75
456.00 0.262373 3.75
457.00 0.262373 3.75
458.00 0.262373 3.75
459.00 0.262373 3.75
460.00 0.262373 3.75
461.00 0.262373 3.75
462.00 0.262373 3.75
463.00 0.262373 3.75
464.00 0.262373 3.75
465.00 0.262373 3.75
466.00 0.262373 3.75
467.00 0.262373 3.75
468.00 0.262373 3.75
469.00 0.262373 3.75
470.00 0.262373 3.75
471.00 0.262373 3.75
472.00 0.262373 3.75
473.00 0.262373 3.75
474.00 0.262373 3.75
475.00 0.262373 3.75
476.00 0.262373 3.75
477.00 0.262373 3.75
478.00 0.262373 3.75
479.00 0.262373 3.75
480.00 0.262373 3.75
481.00 0.262373 3.75
482.00 0.262373 3.75
483.00 0.262373 3.75
484.00 0.262373 3.75
485.00 0.262373 3.75
486.00 0.262373 3.75
487.00 0.262373 3.75
488.00 0.262373 3.75
489.00 0.262373 3.75
490.00 0.262373 3.75
491.00 0.262373 3.75
492.00 0.262373 3.75
493.00 0.262373 3.75
494.00 0.262373 3.75
495.00 0.262373 3.75
496.00 0.262373 3.75
497.00 0.262373 3.75
498.00 0.262373 3.75
499.00 0.262373 3.75
500.00 0.262373 3.75
501.00 0.262373 3.75
502.00 0.262373 3.75
503.00 0.262373 3.75
504.00 0.262373 3.75
505.00 0.262373 3.75
506.00 0.262373 3.75
507.00 0.262373 3.75
508.00 0.262373 3.75
509.00 0.262373 3.75
510.00 0.262373 3.75
511.00 0.262373 3.75
512.00 0.262373 3.75
513.00 0.262373 3.75
514.00 0.262373 3.75
515.00 0.262373 3.75
516.00 0.262373 3.75
517.00 0.262373 3.75
518.00 0.262373 3.75
519.00 0.262373 3.75
520.00 0.262373 3.75
521.00 0.262373 3.75
522.00 0.262373 3.75
523.00 0.262373 3.75
524.00 0.262373 3.75
525.00 0.262373 3.75
526.00 0.262373 3.75
527.00 0.262373 3.75
528.00 0.262373 3.75
529.00 0.262373 3.75
530.00 0.262373 3.75
531.00 0.262373 3.75
532.00 0.262373 3.75
533.00 0.262373 3.75
534.00 0.262373 3.75
535.00 0.262373 3.75
536.00 0.262373 3.75
537.00 0.262373 3.75
538.00 0.262373 3.75
539.00 0.262373 3.75
540.00 0.262373 3.75
541.00 0.262373 3.75
542.00 0.262373 3.75
543.00 0.262373 3.75
544.00 0.262373 3.75
545.00 0.262373 3.75
546.00 0.262373 3.75
547.00 0.262373 3.75
548.00 0.262373 3.75
549.00 0.262373 3.75
550.00 0.262373 3.75
551.00 0.262373 3.75
552.00 0.262373 3.75
553.00 0.262373 3.75
554.00 0.262373 3.75
555.00 0.262373 3.75
556.00 0.262373 3.75
557.00 0.262373 3.75
558.00 0.262373 3.75
559.00 0.262373 3.75
560.00 0.262373 3.75
561.00 0.262373 3.75
562.00 0.262373 3.75
563.00 0.262373 3.75
564.00 0.262373 3.75
565.00 0.262373 3.75
566.00 0.262373 3.75
567.00 0.262373 3.75
568.00 0.262373 3.75
569.00 0.262373 3.75
570.00 0.262373 3.75
571.00 0.262373 3.75
572.00 0.262373 3.75
573.00 0.262373 3.75
574.00 0.262373 3.75
575.00 0.262373 3.75
576.00 0.262373 3.75
577.00 0.262373 3.75
578.00 0.262373 3.75
579.00 0.262373 3.75
580.00 0.262373 3.75
581.00 0.262373 3.75
582.00 0.262373 3.75
583.00 0.262373 3.75
584.00 0.262373 3.75
585.00 0.262373 3.75
586.00 0.262373 3.75
587.00 0.262373 3.75
588.00 0.262373 3.75
589.00 0.262373 3.75
590.00 0.262373 3.75
591.00 0.262373 3.75
592.00 0.262373 3.75
593.00 0.262373 3.75
594.00 0.262373 3.75
595.00 0.262373 3.75
596.00 0.262373 3.75
597.00 0.262373 3.75
598.00 0.262373 3.75
599.00 0.262373 3.75
600.00 0.262373 3.75
601.00 0.262373 3.75
602.00 0.262373 3.75
603.00 0.262373 3.75
604.00 0.262373 3.75
605.00 0.262373 3.75
606.00 0.262373 3.75
607.00 0.262373 3.75
608.00 0.262373 3.75
609.00 0.262373 3.75
610.00 0.262373 3.75
611.00 0.262373 3.75
612.00 0.262373 3.75
613.00 0.262373 3.75
614.00 0.262373 3.75
615.00 0.262373 3.75
616.00 0.262373 3.75
617.00 0.262373 3.75
618.00 0.262373 3.75
619.00 0.262373 3.75
620.00 0.262373 3.75
621.00 0.262373 3.75
622.00 0.262373 3.75
623.00 0.262373 3.75
624.00 0.262373 3.75
625.00 0.262373 3.75
626.00 0.262373 3.75
627.00 0.262373 3.75
628.00 0.262373 3.75
629.00 0.262373 3.75
630.00 0.262373 3.75
631.00 0.262373 3.75
632.00 0.262373 3.75
633.00 0.262373 3.75
634.00 0.262373 3.75
635.00 0.262373 3.75
636.00 0.262373 3.75
637.00 0.262373 3.75
638.00 0.262373 3.75
639.00 0.262373 3.75
640.00 0.262373 3.75
641.00 0.262373 3.75
642.00 0.262373 3.75
643.00 0.262373 3.75
644.00 0.262373 3.75
645.00 0.262373 3.75
646.00 0.262373 3.75
647.00 0.262373 3.75
648.00 0.262373 3.75
649.00 0.262373 3.75
650.00 0.262373 3.75
651.00 0.262373 3.75
652.00 0.262373 3.75
653.00 0.262373 3.75
654.00 0.262373 3.75
655.00 0.262373 3.75
656.00 0.262373 3.75
657.00 0.262373 3.75
658.00 0.262373 3.75
659.00 0.262373 3.75
660.00 0.262373 3.75
661.00 0.262373 3.75
662.00 0.262373 3.75
663.00 0.262373 3.75
664.00 0.262373 3.75
665.00 0.262373 3.75
666.00 0.262373 3.75
667.00 0.262373 3.75
668.00 0.262373 3.75
669.00 0.262373 3.75
670.00 0.262373 3.75
671.00 0.262373 3.75
672.00 0.262373 3.75
673.00 0.262373 3.75
674.00 0.262373 3.75
675.00 0.262373 3.75
676.00 0.262373 3.75
677.00 0.262373 3.75
678.00 0.262373 3.75
679.00 0.262373 3.75
680.00 0.262373 3.75
681.00 0.262373 3.75
682.00 0.262373 3.75
683.00 0.262373 3.75
684.00 0.262373 3.75
685.00 0.262373 3.75
686.00 0.262373 3.75
687.00 0.262373 3.75
688.00 0.262373 3.75
689.00 0.262373 3.75
690.00 0.262373 3.75
691.00 0.262373 3.75
692.00 0.262373 3.75
693.00 0.262373 3.75
694.00 0.262373 3.75
695.00 0.262373 3.75
696.00 0.262373 3.75
697.00 0.262373 3.75
698.00 0.262373 3.75
699.00 0.262373 3.75
700.00 0.262373 3.75
701.00 0.262373 3.75
702.00 0.262373 3.75
703.00 0.262373 3.75
704.00 0.262373 3.75
705.00 0.262373 3.75
706.00 0.262373 3.75
707.00 0.262373 3.75
708.00 0.262373 3.75
709.00 0.262373 3.75
710.00 0.262373 3.75
711.00 0.262373 3.75
712.00 0.262373 3.75
713.00 0.262373 3.75
714.00 0.262373 3.75
715.00 0.262373 3.75
716.00 0.262373 3.75
717.00 0.262373 3.75
718.00 0.262373 3.75
719.00 0.262373 3.75
720.00 0.262373 3.75
721.00 0.262373 3.75
722.00 0.262373 3.75
723.00 0.262373 3.75
724.00 0.262373 3.75
725.00 0.262373 3.75
726.00 0.262373 3.75
727.00 0.262373 3.75
728.00 0.262373 3.75
729.00 0.262373 3.75
730.00 0.262373 3.75
731.00 0.262373 3.75
732.00 0.262373 3.75
733.00 0.262373 3.75
734.00 0.262373 3.75
735.00 0.262373 3.75
736.00 0.262373 3.75
737.00 0.262373 3.75
738.00 0.262373 3.75
739.00 0.262373 3.75
740.00 0.262373 3.75
741.00 0.262373 3.75
742.00 0.262373 3.75
743.00 0.262373 3.75
744.00 0.262373 3.75
745.00 0.262373 3.75
746.00 0.262373 3.75
747.00 0.262373 3.75
748.00 0.262373 3.75
749.00 0.262373 3.75
750.00 0.262373 3.75
751.00 0.262373 3.75
752.00 0.262373 3.75
753.00 0.262373 3.75
754.00 0.262373 3.75
755.00 0.262373 3.75
756.00 0.262373 3.75
757.00 0.262373 3.75
758.00 0.262373 3.75
759.00 0.262373 3.75
760.00 0.262373 3.75
761.00 0.262373 3.75
762.00 0.262373 3.75
763.00 0.262373 3.75
764.00 0.262373 3.75
765.00 0.262373 3.75
766.00 0.262373 3.75
767.00 0.262373 3.75
768.00 0.262373 3.75
769.00 0.262373 3.75
770.00 0.262373 3.75
771.00 0.262373 3.75
772.00 0.262373 3.75
773.00 0.262373 3.75
774.00 0.262373 3.75
775.00 0.262373 3.75
776.00 0.262373 3.75
777.00 0.262373 3.75
778.00 0.262373 3.75
779.00 0.262373 3.75
780.00 0.262373 3.75
781.00 0.262373 3.75
782.00 0.262373 3.75
783.00 0.262373 3.75
784.00 0.262373 3.75
785.00 0.262373 3.75
786.00 0.262373 3.75
787.00 0.262373 3.75
788.00 0.262373 3.75
789.00 0.262373 3.75
790.00 0.262373 3.75
791.00 0.262373 3.75
792.00 0.262373 3.75
793.00 0.262373 3.75
794.00 0.262373 3.75
795.00 0.262373 3.75
796.00 0.262373 3.75
797.00 0.262373 3.75
798.00 0.262373 3.75
799.00 0.262373 3.75
800.00 0.262373 3.75
801.00 0.262373 3.75
802.00 0.262373 3.75
803.00 0.262373 3.75
804.00 0.262373 3.75
805.00 0.262373 3.75
806.00 0.262373 3.75
807.00 0.262373 3.75
808.00 0.262373 3.75
809.00 0.262373 3.75
810.00 0.262373 3.75
811.00 0.262373 3.75
812.00 0.262373 3.75
813.00 0.262373 3.75
814.00 0.262373 3.75
815.00 0.262373 3.75
816.00 0.262373 3.75
817.00 0.262373 3.75
818.00 0.262373 3.75
819.00 0.262373 3.75
820.00 0.262373 3.75
821.00 0.262373 3.75
822.00 0.262373 3.75
823.00 0.262373 3.75
824.00 0.262373 3.75
825.00 0.262373 3.75
826.00 0.262373 3.75
827.00 0.262373 3.75
828.00 0.262373 3.75
829.00 0.262373 3.75
830.00 0.262373 3.75
831.00 0.262373 3.75
832.00 0.262373 3.75
833.00 0.262373 3.75
834.00 0.262373 3.75
835.00 0.262373 3.75
836.00 0.262373 3.75
837.00 0.262373 3.75
838.00 0.262373 3.75
839.00 0.262373 3.75
840.00 0.262373 3.75
841.00 0.262373 3.75
842.00 0.262373 3.75
843.00 0.262373 3.75
844.00 0.262373 3.75
845.00 0.262373 3.75
846.00 0.262373 3.75
847.00 0.262373 3.75
848.00 0.262373 3.75
849.00 0.262373 3.75
850.00 0.262373 3.75
851.00 0.262373 3.75
852.00 0.262373 3.75
853.00 0.262373 3.75
854.00 0.262373 3.75
855.00 0.262373 3.75
856.00 0.262373 3.75
857.00 0.262373 3.75
858.00 0.262373 3.75
859.00 0.262373 3.75
860.00 0.262373 3.75
861.00 0.262373 3.75
862.00 0.262373 3.75
863.00 0.262373 3.75
864.00 0.262373 3.75
865.00 0.262373 3.75
866.00 0.262373 3.75
867.00 0.262373 3.75
868.00 0.262373 3.75
869.00 0.262373 3.75
870.00 0.262373 3.75
871.00 0.262373 3.75
872.00 0.262373 3.75
873.00 0.262373 3.75
874.00 0.262373 3.75
875.00 0.262373 3.75
876.00 0.262373 3.75
877.00 0.262373 3.75
878.00 0.262373 3.75
879.00 0.262373 3.75
880.00 0.262373 3.75
881.00 0.262373 3.75
882.00 0.262373 3.75
883.00 0.262373 3.75
884.00 0.262373 3.75
885.00 0.262373 3.75
886.00 0.262373 3.75
887.00 0.262373 3.75
888.00 0.262373 3.75
889.00 0.262373 3.75
890.00 0.262373 3.75
891.00 0.262373 3.75
892.00 0.262373 3.75
893.00 0.262373 3.75
894.00 0.262373 3.75
895.00 0.262373 3.75
896.00 0.262373 3.75
897.00 0.262373 3.75
898.00 0.262373 3.75
899.00 0.262373 3.75
900.00 0.262373 3.75
901.00 0.262373 3.75
902.00 0.262373 3.75
903.00 0.262373 3.75
904.00 0.262373 3.75
905.00 0.262373 3.75
906.00 0.262373 3.75
907.00 0.262373 3.75
908.00 0.262373 3.75
909.00 0.262373 3.75
910.00 0.262373 3.75
911.00 0.262373 3.75
912.00 0.262373 3.75
913.00 0.262373 3.75
914.00 0.262373 3.75
915.00 0.262373 3.75
916.00 0.262373 3.75
917.00 0.262373 3.75
918.00 0.262373 3.75
919.00 0.262373 3.75
920.00 0.262373 3.75
921.00 0.262373 3.75
922.00 0.262373 3.75
923.00 0.262373 3.75
924.00 0.262373 3.75
925.00 0.262373 3.75
926.00 0.262373 3.75
927.00 0.262373 3.75
928.00 0.262373 3.75
929.00 0.262373 3.75
930.00 0.262373 3.75
931.00 0.262373 3.75
932.00 0.262373 3.75
933.00 0.262373 3.75
934.00 0.262373 3.75
935.00 0.262373 3.75
936.00 0.262373 3.75
937.00 0.262373 3.75
938.00 0.262373 3.75
939.00 0.262373 3.75
940.00 0.262373 3.75
941.00 0.262373 3.75
942.00 0.262373 3.75
943.00 0.262373 3.75
944.00 0.262373 3.75
945.00 0.262373 3.75
946.00 0.262373 3.75
947.00 0.262373 3.75
948.00 0.262373 3.75
949.00 0.262373 3.75
950.00 0.262373 3.75
951.00 0.262373 3.75
952.00 0.262373 3.75
953.00 0.262373 3.75
954.00 0.262373 3.75
955.00 0.262373 3.75
956.00 0.262373 3.75
957.00 0.262373 3.75
958.00 0.262373 3.75
959.00 0.262373 3.75
960.00 0.262373 3.75
961.00 0.262373 3.75
962.00 0.262373 3.75
963.00 0.262373 3.75
964.00 0.262373 3.75
965.00 0.262373 3.75
966.00 0.262373 3.75
967.00 0.262373 3.75
968.00 0.262373 3.75
969.00 0.262373 3.75
970.00 0.262373 3.75
971.00 0.262373 3.75
972.00 0.262373 3.75
973.00 0.262373 3.75
974.00 0.262373 3.75
975.00 0.262373 3.75
976.00 0.262373 3.75
977.00 0.262373 3.75
978.00 0.262373 3.75
979.00 0.262373 3.75
980.00 0.262373 3.75
981.00 0.262373 3.75
982.00 0.262373 3.75
983.00 0.262373 3.75
984.00 0.262373 3.75
985.00 0.262373 3.75
986.00 0.262373 3.75
987.00 0.262373 3.75
988.00 0.262373 3.75
989.00 0.262373 3.75
990.00 0.262373 3.75
991.00 0.262373 3.75
992.00 0.262373 3.75
993.00 0.262373 3.75
994.00 0.262373 3.75
995.00 0.262373 3.75
996.00 0.262373 3.75
997.00 0.262373 3.75
998.00 0.262373 3.75
999.00 0.262373 3.75
1000.00 0.262373 3.75
1001.00 0.262373 3.75
1002.00 0.262373 3.75
1003.00 0.262373 3.75
1004.00 0.262373 3.75
1005.00 0.262373 3.75
1006.00 0.262373 3.75
1007.00 0.262373 3.75
1008.00 0.262373 3.75
1009.00 0.262373 3.75
1010.00 0.262373 3.75
1011.00 0.262373 3.75
1012.00 0.262373 3.75
1013.00 0.262373 3.75
1014.00 0.262373 3.75
1015.00 0.262373 3.75
1016.00 0.262373 3.75
1017.00 0.262373 3.75
1018.00 0.262373 3.75
1019.00 0.262373 3.75
1020.00 0.262373 3.75
1021.00 0.262373 3.75
1022.00 0.262373 3.75
1023.00 0.262373 3.75
1024.00 0.262373 3.75
1025.00 0.262373 3.75
1026.00 0.262373 3.75
1027.00 0.262373 3.75
1028.00 0.262373 3.75
1029.00 0.262373 3.75
1030.00 0.262373 3.75
1031.00 0.262373 3.75
1032.00 0.262373 3.75
1033.00 0.262373 3.75
1034.00 0.262373 3.75
1035.00 0.262373 3.75
1036.00 0.262373 3.75
1037.00 0.262373 3.75
1038.00 0.262373 3.75
1039.00 0.262373 3.75
1040.00 0.262373 3.75
1041.00 0.262373 3.75
1042.00 0.262373 3.75
1043.00 0.262373 3.75
1044.00 0.262373 3.75
1045.00 0.262373 3.75
1046.00 0.262373 3.75
1047.00 0.262373 3.75
1048.00 0.262373 3.75
1049.00 0.262373 3.75
1050.00 0.262373 3.75
1051.00 0.262373 3.75
1052.00 0.262373 3.75
1053.00 0.262373 3.75
1054.00 0.262373 3.75
1055.00 0.262373 3.75
1056.00 0.262373 3.75
1057.00 0.262373 3.75
1058.00 0.262373 3.75
1059.00 0.262373 3.75
1060.00 0.262373 3.75
1061.00 0.262373 3.75
1062.00 0.262373 3.75
1063.00 0.262373 3.75
1064.00 0.262373 3.75
1065.00 0.262373 3.75
1066.00 0.262373 3.75
1067.00 0.262373 3.75
1068.00 0.262373 3.75
1069.00 0.262373 3.75
1070.00 0.262373 3.75
1071.00 0.262373 3.75
1072.00 0.262373 3.75
1073.00 0.262373 3.75
1074.00 0.262373 3.75
1075.00 0.262373 3.75
1076.00 0.262373 3.75
1077.00 0.262373 3.75
1078.00 0.262373 3.75
1079.00 0.262373 3.75
1080.00 0.262373 3.75
1081.00 0.262373 3.75
1082.00 0.262373 3.75
1083.00 0.262373 3.75
1084.00 0.262373 3.75
1085.00 0.262373 3.75
1086.00 0.262373 3.75
1087.00 0.262373 3.75
1088.00 0.262373 3.75
1089.00 0.262373 3.75
1090.00 0.262373 3.75
1091.00 0.262373 3.75
1092.00 0.262373 3.75
1093.00 0.262373 3.75
1094.00 0.262373 3.75
1095.00 0.262373 3.75
1096.00 0.262373 3.75
1097.00 0.262373 3.75
1098.00 0.262373 3.75
1099.00 0.262373 3.75
1100.00 0.262373 3.75
1101.00 0.262373 3.75
1102.00 0.262373 3.75
1103.00 0.262373 3.75
1104.00 0.262373 3.75
1105.00 0.262373 3.75
1106.00 0.262373 3.75
1107.00 0.262373 3.75
1108.00 0.262373 3.75
1109.00 0.262373 3.75
1110.00 0.262373 3.75
1111.00 0.262373 3.75
1112.00 0.262373 3.75
1113.00 0.262373 3.75
1114.00 0.262373 3.75
1115.00 0.262373 3.75
1116.00 0.262373 3.75
1117.00 0.262373 3.75
1118.00 0.262373 3.75
1119.00 0.262373 3.75
1120.00 0.262373 3.75
1121.00 0.262373 3.75
1122.00 0.262373 3.75
1123.00 0.262373 3.75
1124.00 0.262373 3.75
1125.00 0.262373 3.75
1126.00 0.262373 3.75
1127.00 0.262373 3.75
1128.00 0.262373 3.75
1129.00 0.262373 3.75
1130.00 0.262373 3.75
1131.00 0.262373 3.75
1132.00 0.262373 3.75
1133.00 0.262373 3.75
1134.00 0.262373 3.75
1135.00 0.262373 3.75
1136.00 0.262373 3.75
1137.00 0.262373 3.75
1138.00 0.262373 3.75
1139.00 0.262373 3.75
1140.00 0.262373 3.75
1141.00 0.262373 3.75
1142.00 0.262373 3.75
1143.00 0.262373 3.75
1144.00 0.262373 3.75
1145.00 0.262373 3.75
1146.00 0.262373 3.75
1147.00 0.262373 3.75
1148.00 0.262373 3.75
1149.00 0.262373 3.75
1150.00 0.262373 3.75
1151.00 0.262373 3.75
1152.00 0.262373 3.75
1153.00 0.262373 3.75
1154.00 0.262373 3.75
1155.00 0.262373 3.75
1156.00 0.262373 3.75
1157.00 0.262373 3.75
1158.00 0.262373 3.75
1159.00 0.262373 3.75
1160.00 0.262373 3.75
1161.00 0.262373 3.75
1162.00 0.262373 3.75
1163.00 0.262373 3.75
1164.00 0.262373 3.75
1165.00 0.262373 3.75
1166.00 0.262373 3.75
1167.00 0.262373 3.75
1168.00 0.262373 3.75
1169.00 0.262373 3.75
1170.00 0.262373 3.75
1171.00 0.262373 3.75
1172.00 0.262373 3.75
1173.00 0.262373 3.75
1174.00 0.262373 3.75
1175.00 0.262373 3.75
1176.00 0.262373 3.75
1177.00 0.262373 3.75
1178.00 0.262373 3.75
1179.00 0.262373 3.75
1180.00 0.262373 3.75
1181.00 0.262373 3.75
1182.00 0.262373 3.75
1183.00 0.262373 3.75
1184.00 0.262373 3.75
1185.00 0.262373 3.75
1186.00 0.262373 3.75
1187.00 0.262373 3.75
1188.00 0.262373 3.75
1189.00 0.262373 3.75
1190.00 0.262373 3.75
1191.00 0.262373 3.75
1192.00 0.262373 3.75
1193.00 0.262373 3.75
1194.00 0.262373 3.75
1195.00 0.262373 3.75
1196.00 0.262373 3.75
1197.00 0.262373 3.75
1198.00 0.262373 3.75
1199.00 0.262373 3.75
1200.00 0.262373 3.75
1201.00 0.262373 3.75
1202.00 0.262373 3.75
1203.00 0.262373 3.75
1204.00 0.262373 3.75
1205.00 0.262373 3.75
1206.00 0.262373 3.75
1207.00 0.262373 3.75
1208.00 0.262373 3.75
1209.00 0.262373 3.75
1210.00 0.262373 3.75
1211.00 0.262373 3.75
1212.00 0.262373 3.75
1213.00 0.262373 3.75
1214.00 0.262373 3.75
1215.00 0.262373 3.75
1216.00 0.262373 3.75
1217.00 0.262373 3.75
1218.00 0.262373 3.75
1219.00 0.262373 3.75
1220.00 0.262373 3.75
1221.00 0.262373 3.75
1222.00 0.262373 3.75
1223.00 0.262373 3.75
1224.00 0.262373 3.75
1225.00 0.262373 3.75
1226.00 0.262373 3.75
1227.00 0.262373 3.75
1228.00 0.262373 3.75
1229.00 0.262373 3.75
1230.00 0.262373 3.75
1231.00 0.262373 3.75
1232.00 0.262373 3.75
1233.00 0.262373 3.75
1234.00 0.262373 3.75
1235.00 0.262373 3.75
1236.00 0.262373 3.75
1237.00 0.262373 3.75
1238.00 0.262373 3.75
1239.00 0.262373 3.75
1240.00 0.262373 3.75
1241.00 0.262373 3.75
1242.00 0.262373 3.75
1243.00 0.262373 3.75
1244.00 0.262373 3.75
1245.00 0.262373 3.75
1246.00 0.262373 3.75
1247.00 0.262373 3.75
1248.00 0.262373 3.75
1249.00 0.262373 3.75
1250.00 0.262373 3.75
1251.00 0.262373 3.75
1252.00 0.262373 3.75
1253.00 0.262373 3.75
1254.00 0.262373 3.75
1255.00 0.262373 3.75
1256.00 0.262373 3.75
1257.00 0.262373 3.75
1258.00 0.262373 3.75
1259.00 0.262373 3.75
1260.00 0.262373 3.75
1261.00 0.262373 3.75
1262.00 0.262373 3.75
1263.00 0.262373 3.75
1264.00 0.262373 3.75
1265.00 0.262373 3.75
1266.00 0.262373 3.75
1267.00 0.262373 3.75
1268.00 0.262373 3.75
1269.00 0.262373 3.75
1270.00 0.262373 3.75
1271.00 0.262373 3.75
1272.00 0.262373 3.75
1273.00 0.262373 3.75
1274.00 0.262373 3.75
1275.00 0.262373 3.75
1276.00 0.262373 3.75
1277.00 0.262373 3.75
1278.00 0.262373 3.75
1279.00 0.262373 3.75
1280.00 0.262373 3.75
1281.00 0.262373 3.75
1282.00 0.262373 3.75
1283.00 0.262373 3.75
1284.00 0.262373 3.75
1285.00 0.262373 3.75
1286.00 0.262373 3.75
1287.00 0.262373 3.75
1288.00 0.262373 3.75
1289.00 0.262373 3.75
1290.00 0.262373 3.75
1291.00 0.262373 3.75
1292.00 0.262373 3.75
1293.00 0.262373 3.75
1294.00 0.262373 3.75
1295.00 0.262373 3.75
1296.00 0.262373 3.75
1297.00 0.262373 3.75
1298.00 0.262373 3.75
1299.00 0.262373 3.75
1300.00 0.262373 3.75
1301.00 0.262373 3.75
1302.00 0.262373 3.75
1303.00 0.262373 3.75
1304.00 0.262373 3.75
1305.00 0.262373 3.75
1306.00 0.262373 3.75
1307.00 0.262373 3.75
1308.00 0.262373 3.75
1309.00 0.262373 3.75
1310.00 0.262373 3.75
1311.00 0.262373 3.75
1312.00 0.262373 3.75
1313.00 0.262373 3.75
1314.00 0.262373 3.75
1315.00 0.262373 3.75
1316.00 0.262373 3.75
1317.00 0.262373 3.75
1318.00 0.262373 3.75
1319.00 0.262373 3.75
1320.00 0.262373 3.75
1321.00 0.262373 3.75
1322.00 0.262373 3.75
1323.00 0.262373 3.75
1324.00 0.262373 3.75
1325.00 0.262373 3.75
1326.00 0.262373 3.75
1327.00 0.262373 3.75
1328.00 0.262373 3.75
1329.00 0.262373 3.75
1330.00 0.262373 3.75
1331.00 0.262373 3.75
1332.00 0.262373 3.75
1333.00 0.262373 3.75
1334.00 0.262373 3.75
1335.00 0.262373 3.75
1336.00 0.262373 3.75
1337.00 0.262373 3.75
1338.00 0.262373 3.75
1339.00 0.262373 3.75
1340.00 0.262373 3.75
1341.00 0.262373 3.75
1342.00 0.262373 3.75
1343.00 0.262373 3.75
1344.00 0.262373 3.75
1345.00 0.262373 3.75
1346.00 0.262373 3.75
1347.00 0.262373 3.75
1348.00 0.262373 3.75
1349.00 0.262373 3.75
1350.00 0.262373 3.75
1351.00 0.262373 3.75
1352.00 0.262373 3.75
1353.00 0.262373 3.75
1354.00 0.262373 3.75
1355.00 0.262373 3.75
1356.00 0.262373 3.75
1357.00 0.262373 3.75
1358.00 0.262373 3.75
1359.00 0.262373 3.75
1360.00 0.262373 3.75
1361.00 0.262373 3.75
1362.00 0.262373 3.75
1363.00 0.262373 3.75
1364.00 0.262373 3.75
1365.00 0.262373 3.75
1366.00 0.262373 3.75
1367.00 0.262373 3.75
1368.00 0.262373 3.75
1369.00 0.262373 3.75
1370.00 0.262373 3.75
1371.00 0.262373 3.75
1372.00 0.262373 3.75
1373.00 0.262373 3.75
1374.00 0.262373 3.75
1375.00 0.262373 3.75
1376.00 0.262373 3.75
1377.00 0.262373 3.75
1378.00 0.262373 3.75
1379.00 0.262373 3.75
1380.00 0.262373 3.75
1381.00 0.262373 3.75
1382.00 0.262373 3.75
1383.00 0.262373 3.75
1384.00 0.262373 3.75
1385.00 0.262373 3.75
1386.00 0.262373 3.75
1387.00 0.262373 3.75
1388.00 0.262373 3.75
1389.00 0.262373 3.75
1390.00 0.262373 3.75
1391.00 0.262373 3.75
1392.00 0.262373 3.75
1393.00 0.262373 3.75
1394.00 0.262373 3.75
1395.00 0.262373 3.75
1396.00 0.262373 3.75
1397.00 0.262373 3.75
1398.00 0.262373 3.75
1399.00 0.262373 3.75
1400.00 0.262373 3.75
1401.00 0.262373 3.75
1402.00 0.262373 3.75
1403.00 0.262373 3.75
1404.00 0.262373 3.75
1405.00 0.262373 3.75
1406.00 0.262373 3.75
1407.00 0.262373 3.75
1408.00 0.262373 3.75
1409.00 0.262373 3.75
1410.00 0.262373 3.75
1411.00 0.262373 3.75
1412.00 0.262373 3.75
1413.00 0.262373 3.75
1414.00 0.262373 3.75
1415.00 0.262373 3.75
1416.00 0.262373 3.75
1417.00 0.262373 3.75
1418.00 0.262373 3.75
1419.00 0.262373 3.75
1420.00 0.262373 3.75
1421.00 0.262373 3.75
1422.00 0.262373 3.75
1423.00 0.262373 3.75
1424.00 0.262373 3.75
1425.00 0.262373 3.75
1426.00 0.262373 3.75
1427.00 0.262373 3.75
1428.00 0.262373 3.75
1429.00 0.262373 3.75
1430.00 0.262373 3.75
1431.00 0.262373 3.75
1432.00 0.262373 3.75
1433.00 0.262373 3.75
1434.00 0.262373 3.75
1435.00 0.262373 3.75
1436.00 0.262373 3.75
1437.00 0.262373 3.75
1438.00 0.262373 3.75
1439.00 0.262373 3.75
1440.00 0.262373 3.75
1441.00 0.262373 3.75
1442.00 0.262373 3.75
1443.00 0.262373 3.75
1444.00 0.262373 3.75
1445.00 0.262373 3.75
1446.00 0.262373 3.75
1447.00 0.262373 3.75
1448.00 0.262373 3.75
1449.00 0.262373 3.75
1450.00 0.262373 3.75
1451.00 0.262373 3.75
1452.00 0.262373 3.75
1453.00 0.262373 3.75
1454.00 0.262373 3.75
1455.00 0.262373 3.75
1456.00 0.262373 3.75
1457.00 0.262373 3.75
1458.00 0.262373 3.75
1459.00 0.262373 3.75
1460.00 0.262373 3.75
1461.00 0.262373 3.75
1462.00 0.262373 3.75
1463.00 0.262373 3.75
1464.00 0.262373 3.75
1465.00 0.262373 3.75
1466.00 0.262373 3.75
1467.00 0.262373 3.75
1468.00 0.262373 3.75
1469.00 0.262373 3.75
1470.00 0.262373 3.75
1471.00 0.262373 3.75
1472.00 0.262373 3.75
1473.00 0.262373 3.75
1474.00 0.262373 3.75
1475.00 0.262373 3.75
1476.00 0.262373 3.75
1477.00 0.262373 3.75
1478.00 0.262373 3.75
1479.00 0.262373 3.75
1480.00 0.262373 3.75
1481.00 0.262373 3.75
1482.00 0.262373 3.75
1483.00 0.262373 3.75
1484.00 0.262373 3.75
1485.00 0.262373 3.75
1486.00 0.262373 3.75
1487.00 0.262373 3.75
1488.00 0.262373 3.75
1489.00 0.262373 3.75
1490.00 0.262373 3.75
1491.00 0.262373 3.75
1492.00 0.262373 3.75
1493.00 0.262373 3.75
1494.00 0.262373 3.75
1495.00 0.262373 3.75
1496.00 0.262373 3.75
1497.00 0.262373 3.75
1498.00 0.262373 3.75
1499.00 0.262373 3.75
1500.00 0.262373 3.75
1501.00 0.262373 3.75
1502.00 0.262373 3.75
1503.00 0.262373 3.75
1504.00 0.262373 3.75
1505.00 0.262373 3.75
1506.00 0.262373 3.75
1507.00 0.262373 3.75
1508.00 0.262373 3.75
1509.00 0.262373 3.75
1510.00 0.262373 3.75
1511.00 0.262373 3.75
1512.00 0.262373 3.75
1513.00 0.262373 3.75
1514.00 0.262373 3.75
1515.00 0.262373 3.75
1516.00 0.262373 3.75
1517.00 0.262373 3.75
1518.00 0.262373 3.75
1519.00 0.262373 3.75
1520.00 0.262373 3.75
1521.00 0.262373 3.75
1522.00 0.262373 3.75
1523.00 0.262373 3.75
1524.00 0.262373 3.75
1525.00 0.262373 3.75
1526.00 0.262373 3.75
1527.00 0.262373 3.75
1528.00 0.262373 3.75
1529.00 0.262373 3.75
1530.00 0.262373 3.75
1531.00 0.262373 3.75
1532.00 0.262373 3.75
1533.00 0.262373 3.75
1534.00 0.262373 3.75
1535.00 0.262373 3.75
1536.00 0.262373 3.75
1537.00 0.262373 3.75
1538.00 0.262373 3.75
1539.00 0.262373 3.75
1540.00 0.262373 3.75
1541.00 0.262373 3.75
1542.00 0.262373 3.75
1543.00 0.262373 3.75
1544.00 0.262373 3.75
1545.00 0.262373 3.75
1546.00 0.262373 3.75
1547.00 0.262373 3.75
1548.00 0.262373 3.75
1549.00 0.262373 3.75
1550.00 0.262373 3.75
1551.00 0.262373 3.75
1552.00 0.262373 3.75
1553.00 0.262373 3.75
1554.00 0.262373 3.75
1555.00 0.262373 3.75
1556.00 0.262373 3.75
1557.00 0.262373 3.75
1558.00 0.262373 3.75
1559.00 0.262373 3.75
1560.00 0.262373 3.75
1561.00 0.262373 3.75
1562.00 0.262373 3.75
1563.00 0.262373 3.75
1564.00 0.262373 3.75
1565.00 0.262373 3.75
1566.00 0.262373 3.75
1567.00 0.262373 3.75
1568.00 0.262373 3.75
1569.00 0.262373 3.75
1570.00 0.262373 3.75
1571.00 0.262373 3.75
1572.00 0.262373 3.75
1573.00 0.262373 3.75
1574.00 0.262373 3.75
1575.00 0.262373 3.75
1576.00 0.262373 3.75
1577.00 0.262373 3.75
1578.00 0.262373 3.75
1579.00 0.262373 3.75
1580.00 0.262373 3.75
1581.00 0.262373 3.75
1582.00 0.262373 3.75
1583.00 0.262373 3.75
1584.00 0.262373 3.75
1585.00 0.262373 3.75
1586.00 0.262373 3.75
1587.00 0.262373 3.75
1588.00 0.262373 3.75
1589.00 0.262373 3.75
1590.00 0.262373 3.75
1591.00 0.262373 3.75
1592.00 0.262373 3.75
1593.00 0.262373 3.75
1594.00 0.262373 3.75
1595.00 0.262373 3.75
1596.00 0.262373 3.75
1597.00 0.262373 3.75
1598.00 0.262373 3.75
1599.00 0.262373 3.75
1600.00 0.262373 3.75
1601.00 0.262373 3.75
1602.00 0.262373 3.75
1603.00 0.262373 3.75
1604.00 0.262373 3.75
1605.00 0.262373 3.75
1606.00 0.262373 3.75
1607.00 0.262373 3.75
1608.00 0.262373 3.75
1609.00 0.262373 3.75
1610.00 0.262373 3.75
1611.00 0.262373 3.75
1612.00 0.262373 3.75
1613.00 0.262373 3.75
1614.00 0.262373 3.75
1615.00 0.262373 3.75
1616.00 0.262373 3.75
1617.00 0.262373 3.75
1618.00 0.262373 3.75
1619.00 0.262373 3.75
1620.00 0.262373 3.75
1621.00 0.262373 3.75
1622.00 0.262373 3.75
1623.00 0.262373 3.75
1624.00 0.262373 3.75
1625.00 0.262373 3.75
1626.00 0.262373 3.75
1627.00 0.262373 3.75
1628.00 0.262373 3.75
1629.00 0.262373 3.75
1630.00 0.262373 3.75
1631.00 0.262373 3.75
1632.00 0.262373 3.75
1633.00 0.262373 3.75
1634.00 0.262373 3.75
1635.00 0.262373 3.75
1636.00 0.262373 3.75
1637.00 0.262373 3.75
1638.00 0.262373 3.75
1639.00 0.262373 3.75
1640.00 0.262373 3.75
1641.00 0.262373 3.75
1642.00 0.262373 3.75
1643.00 0.262373 3.75
1644.00 0.262373 3.75
1645.00 0.262373 3.75
1646.00 0.262373 3.75
1647.00 0.262373 3.75
1648.00 0.262373 3.75
1649.00 0.262373 3.75
1650.00 0.262373 3.75
1651.00 0.262373 3.75
1652.00 0.262373 3.75
1653.00 0.262373 3.75
1654.00 0.262373 3.75
1655.00 0.262373 3.75
1656.00 0.262373 3.75
1657.00 0.262373 3.75
1658.00 0.262373 3.75
1659.00 0.262373 3.75
1660.00 0.262373 3.75
1661.00 0.262373 3.75
1662.00 0.262373 3.75
1663.00 0.262373 3.75
1664.00 0.262373 3.75
1665.00 0.262373 3.75
1666.00 0.262373 3.75
1667.00 0.262373 3.75
1668.00 0.262373 3.75
1669.00 0.262373 3.75
1670.00 0.262373 3.75
1671.00 0.262373 3.75
1672.00 0.262373 3.75
1673.00 0.262373 3.75
1674.00 0.262373 3.75
1675.00 0.262373 3.75
1676.00 0.262373 3.75
1677.00 0.262373 3.75
1678.00 0.262373 3.75
1679.00 0.262373 3.75
1680.00 0.262373 3.75
1681.00 0.262373 3.75
1682.00 0.262373 3.75
1683.00 0.262373 3.75
1684.00 0.262373 3.75
1685.00 0.262373 3.75
1686.00 0.262373 3.75
1687.00 0.262373 3.75
1688.00 0.262373 3.75
1689.00 0.262373 3.75
1690.00 0.262373 3.75
1691.00 0.262373 3.75
1692.00 0.262373 3.75
1693.00 0.262373 3.75
1694.00 0.262373 3.75
1695.00 0.262373 3.75
1696.00 0.262373 3.75
1697.00 0.262373 3.75
1698.00 0.262373 3.75
1699.00 0.262373 3.75
1700.00 0.262373 3.75
1701.00 0.262373 3.75
1702.00 0.262373 3.75
1703.00 0.262373 3.75
1704.00 0.262373 3.75
1705.00 0.262373 3.75
1706.00 0.262373 3.75
1707.00 0.262373 3.75
1708.00 0.262373 3.75
1709.00 0.262373 3.75
1710.00 0.262373 3.75
1711.00 0.262373 3.75
1712.00 0.262373 3.75
1713.00 0.262373 3.75
1714.00 0.262373 3.75
1715.00 0.262373 3.75
1716.00 0.262373 3.75
1717.00 0.262373 3.75
1718.00 0.262373 3.75
1719.00 0.262373 3.75
1720.00 0.262373 3.75
1721.00 0.262373 3.75
1722.00 0.262373 3.75
1723.00 0.262373 3.75
1724.00 0.262373 3.75
1725.00 0.262373 3.75
1726.00 0.262373 3.75
1727.00 0.262373 3.75
1728.00 0.262373 3.75
1729.00 0.262373 3.75
1730.00 0.262373 3.75
1731.00 0.262373 3.75
1732.00 0.262373 3.75
1733.00 0.262373 3.75
1734.00 0.262373 3.75
1735.00 0.262373 3.75
1736.00 0.262373 3.75
1737.00 0.262373 3.75
1738.00 0.262373 3.75
1739.00 0.262373 3.75
1740.00 0.262373 3.75
1741.00 0.262373 3.75
1742.00 0.262373 3.75
1743.00 0.262373 3.75
1744.00 0.262373 3.75
1745.00 0.262373 3.75
1746.00 0.262373 3.75
1747.00 0.262373 3.75
1748.00 0.262373 3.75
1749.00 0.262373 3.75
1750.00 0.262373 3.75
1751.00 0.262373 3.75
1752.00 0.262373 3.75
1753.00 0.262373 3.75
1754.00 0.262373 3.75
1755.00 0.262373 3.75
1756.00 0.262373 3.75
1757.00 0.262373 3.75
1758.00 0.262373 3.75
1759.00 0.262373 3.75
1760.00 0.262373 3.75
1761.00 0.262373 3.75
1762.00 0.262373 3.75
1763.00 0.262373 3.75
1764.00 0.262373 3.75
1765.00 0.262373 3.75
1766.00 0.262373 3.75
1767.00 0.262373 3.75
1768.00 0.262373 3.75
1769.00 0.262373 3.75
1770.00 0.262373 3.75
1771.00 0.262373 3.75
1772.00 0.262373 3.75
1773.00 0.262373 3.75
1774.00 0.262373 3.75
1775.00 0.262373 3.75
1776.00 0.262373 3.75
1777.00 0.262373 3.75
1778.00 0.262373 3.75
1779.00 0.262373 3.75
1780.00 0.262373 3.75
1781.00 0.262373 3.75
1782.00 0.262373 3.75
1783.00 0.262373 3.75
1784.00 0.262373 3.75
1785.00 0.262373 3.75
1786.00 0.262373 3.75
1787.00 0.262373 3.75
1788.00 0.262373 3.75
1789.00 0.262373 3.75
1790.00 0.262373 3.75
1791.00 0.262373 3.75
1792.00 0.262373 3.75
1793.00 0.262373 3.75
1794.00 0.262373 3.75
1795.00 0.262373 3.75
1796.00 0.262373 3.75
1797.00 0.262373 3.75
1798.00 0.262373 3.75
1799.00 0.262373 3.75
1800.00 0.262373 3.75
1801.00 0.262373 3.75
1802.00 0.262373 3.75
1803.00 0.262373 3.75
1804.00 0.262373 3.75
1805.00 0.262373 3.75
1806.00 0.262373 3.75
1807.00 0.262373 3.75
1808.00 0.262373 3.75
1809.00 0.262373 3.75
1810.00 0.262373 3.75
1811.00 0.262373 3.75
1812.00 0.262373 3.75
1813.00 0.262373 3.75
1814.00 0.262373 3.75
1815.00 0.262373 3.75
1816.00 0.262373 3.75
1817.00 0.262373 3.75
1818.00 0.262373 3.75
1819.00 0.262373 3.75
1820.00 0.262373 3.75
1821.00 0.262373 3.75
1822.00 0.262373 3.75
1823.00 0.262373 3.75
1824.00 0.262373 3.75
1825.00 0.262373 3.75
1826.00 0.262373 3.75
1827.00 0.262373 3.75
1828.00 0.262373 3.75
1829.00 0.262373 3.75
1830.00 0.262373 3.75
1831.00 0.262373 3.75
1832.00 0.262373 3.75
1833.00 0.262373 3.75
1834.00 0.262373 3.75
1835.00 0.262373 3.75
1836.00 0.262373 3.75
1837.00 0.262373 3.75
1838.00 0.262373 3.75
1839.00 0.262373 3.75
1840.00 0.262373 3.75
1841.00 0.262373 3.75
1842.00 0.262373 3.75
1843.00 0.262373 3.75
1844.00 0.262373 3.75
1845.00 0.262373 3.75
1846.00 0.262373 3.75
1847.00 0.262373 3.75
1848.00 0.262373 3.75
1849.00 0.262373 3.75
1850.00 0.262373 3.75
1851.00 0.262373 3.75
1852.00 0.262373 3.75
1853.00 0.262373 3.75
1854.00 0.262373 3.75
1855.00 0.262373 3.75
1856.00 0.262373 3.75
1857.00 0.262373 3.75
1858.00 0.262373 3.75
1859.00 0.262373 3.75
1860.00 0.262373 3.75
1861.00 0.262373 3.75
1862.00 0.262373 3.75
1863.00 0.262373 3.75
1864.00 0.262373 3.75
1865.00 0.262373 3.75
1866.00 0.262373 3.75
1867.00 0.262373 3.75
1868.00 0.262373 3.75
1869.00 0.262373 3.75
1870.00 0.262373 3.75
1871.00 0.262373 3.75
1872.00 0.262373 3.75
1873.00 0.262373 3.75
1874.00 0.262373 3.75
1875.00 0.262373 3.75
1876.00 0.262373 3.75
1877.00 0.262373 3.75
1878.00 0.262373 3.75
1879.00 0.262373 3.75
1880.00 0.262373 3.75
1881.00 0.262373 3.75
1882.00 0.262373 3.75
1883.00 0.262373 3.75
1884.00 0.262373 3.75
1885.00 0.262373 3.75
1886.00 0.262373 3.75
1887.00 0.262373 3.75
1888.00 0.262373 3.75
1889.00 0.262373 3.75
1890.00 0.262373 3.75
1891.00 0.262373 3.75
1892.00 0.262373 3.75
1893.00 0.262373 3.75
1894.00 0.262373 3.75
1895.00 0.262373 3.75
1896.00 0.262373 3.75
1897.00 0.262373 3.75
1898.00 0.262373 3.75
1899.00 0.262373 3.75
1900.00 0.262373 3.75
1901.00 0.262373 3.75
1902.00 0.262373 3.75
1903.00 0.262373 3.75
1904.00 0.262373 3.75
1905.00 0.262373 3.75
1906.00 0.262373 3.75
1907.00 0.262373 3.75
1908.00 0.262373 3.75
1909.00 0.262373 3.75
1910.00 0.262373 3.75
1911.00 0.262373 3.75
1912.00 0.262373 3.75
1913.00 0.262373 3.75
1914.00 0.262373 3.75
1915.00 0.262373 3.75
1916.00 0.262373 3.75
1917.00 0.262373 3.75
1918.00 0.262373 3.75
1919.00 0.262373 3.75
1920.00 0.262373 3.75
1921.00 0.262373 3.75
1922.00 0.262373 3.75
1923.00 0.262373 3.75
1924.00 0.262373 3.75
1925.00 0.262373 3.75
1926.00 0.262373 3.75
1927.00 0.262373 3.75
1928.00 0.262373 3.75
1929.00 0.262373 3.75
1930.00 0.262373 3.75
1931.00 0.262373 3.75
1932.00 0.262373 3.75
1933.00 0.262373 3.75
1934.00 0.262373 3.75
1935.00 0.262373 3.75
1936.00 0.262373 3.75
1937.00 0.262373 3.75
1938.00 0.262373 3.75
1939.00 0.262373 3.75
1940.00 0.262373 3.75
1941.00 0.262373 3.75
1942.00 0.262373 3.75
1943.00 0.262373 3.75
1944.00 0.262373 3.75
1945.00 0.262373 3.75
1946.00 0.262373 3.75
1947.00 0.262373 3.75
1948.00 0.262373 3.75
1949.00 0.262373 3.75
1950.00 0.262373 3.75
1951.00 0.262373 3.75
1952.00 0.262373 3.75
1953.00 0.262373 3.75
1954.00 0.262373 3.75
1955.00 0.262373 3.75
1956.00 0.262373 3.75
1957.00 0.262373 3.75
1958.00 0.262373 3.75
1959.00 0.262373 3.75
1960.00 0.262373 3.75
1961.00 0.262373 3.75
1962.00 0.262373 3.75
1963.00 0.262373 3.75
1964.00 0.262373 3.75
1965.00 0.262373 3.75
1966.00 0.262373 3.75
1967.00 0.262373 3.75
1968.00 0.262373 3.75
1969.00 0.262373 3.75
1970.00 0.262373 3.75
1971.00 0.262373 3.75
1972.00 0.262373 3.75
1973.00 0.262373 3.75
1974.00 0.262373 3.75
1975.00 0.262373 3.75
1976.00 0.262373 3.75
1977.00 0.262373 3.75
1978.00 0.262373 3.75
1979.00 0.262373 3.75
1980.00 0.262373 3.75
1981.00 0.262373 3.75
1982.00 0.262373 3.75
1983.00 0.262373 3.75
1984.00 0.262373 3.75
1985.00 0.262373 3.75
1986.00 0.262373 3.75
1987.00 0.262373 3.75
1988.00 0.262373 3.75
1989.00 0.262373 3.75
1990.00 0.262373 3.75
1991.00 0.262373 3.75
1992.00 0.262373 3.75
1993.00 0.262373 3.75
1994.00 0.262373 3.75
1995.00 0.262373 3.75
1996.00 0.262373 3.75
1997.00 0.262373 3.75
1998.00 0.262373 3.75
1999.00 0.262373 3.75
2000.00 0.262373 3.75
