0.00 0.463311 5.51
1.00 0.461601 5.51
2.00 0.459880 5.51
3.00 0.458147 5.51
4.00 0.456402 5.51
5.00 0.454646 5.51
6.00 0.452878 5.51
7.00 0.451104 5.50
8.00 0.449330 5.50
9.00 0.447546 5.50
10.00 0.445756 5.49
11.00 0.443981 5.49
12.00 0.442217 5.47
13.00 0.440518 5.46
14.00 0.438835 5.46
15.00 0.437157 5.45
16.00 0.435484 5.45
17.00 0.433812 5.44
18.00 0.432153 5.44
19.00 0.430486 5.44
20.00 0.428808 5.44
21.00 0.427145 5.43
22.00 0.425475 5.43
23.00 0.423794 5.43
24.00 0.422118 5.42
25.00 0.420431 5.42
26.00 0.418731 5.42
27.00 0.417016 5.42
28.00 0.415335 5.41
29.00 0.413666 5.40
30.00 0.412082 5.39
31.00 0.410518 5.38
32.00 0.408982 5.38
33.00 0.407432 5.38
34.00 0.405903 5.36
35.00 0.404502 5.35
36.00 0.403212 5.32
37.00 0.402001 5.31
38.00 0.400816 5.31
39.00 0.399625 5.30
40.00 0.398467 5.29
41.00 0.397366 5.28
42.00 0.396273 5.28
43.00 0.395170 5.28
44.00 0.394080 5.27
45.00 0.392985 5.26
46.00 0.392017 5.22
47.00 0.391108 5.22
48.00 0.390198 5.22
49.00 0.389286 5.22
50.00 0.388371 5.21
51.00 0.387519 5.19
52.00 0.386682 5.19
53.00 0.385861 5.18
54.00 0.385095 5.15
55.00 0.384390 5.15
56.00 0.383694 5.14
57.00 0.383021 5.13
58.00 0.382363 5.12
59.00 0.381707 5.12
60.00 0.381054 5.11
61.00 0.380453 5.10
62.00 0.379857 5.10
63.00 0.379261 5.10
64.00 0.378667 5.09
65.00 0.378112 5.09
66.00 0.377559 5.09
67.00 0.377005 5.09
68.00 0.376452 5.08
69.00 0.375908 5.08
70.00 0.375362 5.08
71.00 0.374841 5.06
72.00 0.374335 5.06
73.00 0.373828 5.06
74.00 0.373320 5.06
75.00 0.372830 5.05
76.00 0.372340 5.05
77.00 0.371850 5.04
78.00 0.371404 5.03
79.00 0.370980 5.03
80.00 0.370558 5.03
81.00 0.370138 5.03
82.00 0.369718 5.03
83.00 0.369302 5.02
84.00 0.368893 5.02
85.00 0.368527 4.99
86.00 0.368176 4.99
87.00 0.367827 4.99
88.00 0.367480 4.99
89.00 0.367137 4.98
90.00 0.366807 4.98
91.00 0.366478 4.98
92.00 0.366151 4.98
93.00 0.365824 4.98
94.00 0.365498 4.98
95.00 0.365173 4.98
96.00 0.364851 4.97
97.00 0.364538 4.97
98.00 0.364224 4.97
99.00 0.363922 4.96
100.00 0.363624 4.96
101.00 0.363341 4.95
102.00 0.363073 4.95
103.00 0.362808 4.95
104.00 0.362545 4.95
105.00 0.362283 4.95
106.00 0.362023 4.95
107.00 0.361763 4.95
108.00 0.361504 4.95
109.00 0.361255 4.94
110.00 0.361009 4.93
111.00 0.360774 4.93
112.00 0.360540 4.93
113.00 0.360306 4.93
114.00 0.360079 4.92
115.00 0.359854 4.92
116.00 0.359630 4.92
117.00 0.359406 4.92
118.00 0.359183 4.92
119.00 0.358960 4.92
120.00 0.358737 4.92
121.00 0.358514 4.92
122.00 0.358291 4.92
123.00 0.358067 4.92
124.00 0.357844 4.92
125.00 0.357627 4.91
126.00 0.357413 4.91
127.00 0.357200 4.91
128.00 0.356987 4.91
129.00 0.356774 4.91
130.00 0.356561 4.91
131.00 0.356348 4.91
132.00 0.356143 4.90
133.00 0.355957 4.89
134.00 0.355782 4.88
135.00 0.355610 4.88
136.00 0.355439 4.88
137.00 0.355271 4.88
138.00 0.355103 4.88
139.00 0.354943 4.87
140.00 0.354797 4.86
141.00 0.354660 4.86
142.00 0.354525 4.86
143.00 0.354395 4.85
144.00 0.354278 4.84
145.00 0.354168 4.84
146.00 0.354061 4.84
147.00 0.353957 4.84
148.00 0.353855 4.84
149.00 0.353756 4.84
150.00 0.353658 4.84
151.00 0.353562 4.84
152.00 0.353468 4.84
153.00 0.353376 4.84
154.00 0.353286 4.84
155.00 0.353196 4.84
156.00 0.353109 4.84
157.00 0.353023 4.84
158.00 0.352938 4.84
159.00 0.352854 4.84
160.00 0.352771 4.84
161.00 0.352690 4.84
162.00 0.352611 4.83
163.00 0.352535 4.83
164.00 0.352461 4.83
165.00 0.352388 4.83
166.00 0.352316 4.83
167.00 0.352245 4.83
168.00 0.352176 4.83
169.00 0.352107 4.83
170.00 0.352040 4.83
171.00 0.351973 4.83
172.00 0.351907 4.83
173.00 0.351842 4.83
174.00 0.351778 4.83
175.00 0.351715 4.83
176.00 0.351652 4.83
177.00 0.351590 4.83
178.00 0.351529 4.83
179.00 0.351469 4.83
180.00 0.351409 4.83
181.00 0.351351 4.83
182.00 0.351292 4.83
183.00 0.351235 4.83
184.00 0.351178 4.83
185.00 0.351121 4.83
186.00 0.351065 4.83
187.00 0.351010 4.83
188.00 0.350955 4.83
189.00 0.350901 4.83
190.00 0.350847 4.83
191.00 0.350794 4.83
192.00 0.350741 4.83
193.00 0.350688 4.83
194.00 0.350636 4.83
195.00 0.350585 4.83
196.00 0.350534 4.83
197.00 0.350483 4.83
198.00 0.350433 4.83
199.00 0.350383 4.83
200.00 0.350333 4.83
201.00 0.350284 4.83
202.00 0.350235 4.83
203.00 0.350187 4.83
204.00 0.350139 4.83
205.00 0.350091 4.83
206.00 0.350043 4.83
207.00 0.349996 4.83
208.00 0.349949 4.83
209.00 0.349902 4.83
210.00 0.349856 4.83
211.00 0.349809 4.83
212.00 0.349763 4.83
213.00 0.349718 4.83
214.00 0.349672 4.83
215.00 0.349627 4.83
216.00 0.349582 4.83
217.00 0.349537 4.83
218.00 0.349492 4.83
219.00 0.349447 4.83
220.00 0.349403 4.83
221.00 0.349359 4.83
222.00 0.349318 4.82
223.00 0.349277 4.82
224.00 0.349237 4.82
225.00 0.349196 4.82
226.00 0.349156 4.82
227.00 0.349117 4.82
228.00 0.349077 4.82
229.00 0.349037 4.82
230.00 0.348998 4.82
231.00 0.348959 4.82
232.00 0.348920 4.82
233.00 0.348881 4.82
234.00 0.348842 4.82
235.00 0.348804 4.82
236.00 0.348765 4.82
237.00 0.348727 4.82
238.00 0.348688 4.82
239.00 0.348650 4.82
240.00 0.348612 4.82
241.00 0.348574 4.82
242.00 0.348536 4.82
243.00 0.348498 4.82
244.00 0.348460 4.82
245.00 0.348422 4.82
246.00 0.348384 4.82
247.00 0.348347 4.82
248.00 0.348309 4.82
249.00 0.348271 4.82
250.00 0.348234 4.82
251.00 0.348196 4.82
252.00 0.348158 4.82
253.00 0.348121 4.82
254.00 0.348083 4.82
255.00 0.348046 4.82
256.00 0.348008 4.82
257.00 0.347970 4.82
258.00 0.347933 4.82
259.00 0.347895 4.82
260.00 0.347857 4.82
261.00 0.347820 4.82
262.00 0.347782 4.82
263.00 0.347744 4.82
264.00 0.347706 4.82
265.00 0.347668 4.82
266.00 0.347631 4.82
267.00 0.347593 4.82
268.00 0.347555 4.82
269.00 0.347516 4.82
270.00 0.347478 4.82
271.00 0.347440 4.82
272.00 0.347402 4.82
273.00 0.347363 4.82
274.00 0.347325 4.82
275.00 0.347287 4.82
276.00 0.347248 4.82
277.00 0.347209 4.82
278.00 0.347170 4.82
279.00 0.347132 4.82
280.00 0.347093 4.82
281.00 0.347054 4.82
282.00 0.347015 4.81
283.00 0.346976 4.81
284.00 0.346938 4.81
285.00 0.346900 4.81
286.00 0.346862 4.81
287.00 0.346823 4.81
288.00 0.346787 4.79
289.00 0.346757 4.79
290.00 0.346727 4.79
291.00 0.346698 4.79
292.00 0.346670 4.79
293.00 0.346641 4.79
294.00 0.346614 4.79
295.00 0.346586 4.79
296.00 0.346559 4.79
297.00 0.346533 4.79
298.00 0.346506 4.79
299.00 0.346480 4.79
300.00 0.346454 4.79
301.00 0.346429 4.79
302.00 0.346406 4.78
303.00 0.346385 4.78
304.00 0.346364 4.78
305.00 0.346343 4.78
306.00 0.346324 4.78
307.00 0.346304 4.78
308.00 0.346285 4.78
309.00 0.346266 4.78
310.00 0.346247 4.78
311.00 0.346228 4.78
312.00 0.346210 4.78
313.00 0.346192 4.78
314.00 0.346174 4.78
315.00 0.346157 4.78
316.00 0.346140 4.78
317.00 0.346123 4.78
318.00 0.346106 4.78
319.00 0.346089 4.78
320.00 0.346073 4.78
321.00 0.346056 4.78
322.00 0.346040 4.78
323.00 0.346024 4.78
324.00 0.346009 4.78
325.00 0.345993 4.78
326.00 0.345978 4.78
327.00 0.345962 4.78
328.00 0.345947 4.78
329.00 0.345932 4.78
330.00 0.345918 4.78
331.00 0.345903 4.78
332.00 0.345888 4.78
333.00 0.345874 4.78
334.00 0.345860 4.78
335.00 0.345846 4.78
336.00 0.345832 4.78
337.00 0.345818 4.77
338.00 0.345806 4.77
339.00 0.345794 4.77
340.00 0.345781 4.77
341.00 0.345769 4.77
342.00 0.345758 4.77
343.00 0.345746 4.77
344.00 0.345734 4.77
345.00 0.345723 4.77
346.00 0.345711 4.77
347.00 0.345700 4.77
348.00 0.345689 4.77
349.00 0.345678 4.77
350.00 0.345667 4.77
351.00 0.345656 4.77
352.00 0.345646 4.77
353.00 0.345635 4.77
354.00 0.345625 4.77
355.00 0.345615 4.76
356.00 0.345605 4.76
357.00 0.345597 4.76
358.00 0.345588 4.76
359.00 0.345579 4.76
360.00 0.345571 4.76
361.00 0.345562 4.76
362.00 0.345554 4.76
363.00 0.345546 4.76
364.00 0.345538 4.76
365.00 0.345531 4.76
366.00 0.345523 4.76
367.00 0.345516 4.76
368.00 0.345508 4.76
369.00 0.345501 4.76
370.00 0.345494 4.76
371.00 0.345487 4.76
372.00 0.345480 4.76
373.00 0.345473 4.76
374.00 0.345467 4.76
375.00 0.345460 4.76
376.00 0.345454 4.76
377.00 0.345447 4.76
378.00 0.345441 4.76
379.00 0.345435 4.76
380.00 0.345429 4.76
381.00 0.345423 4.76
382.00 0.345417 4.76
383.00 0.345411 4.76
384.00 0.345405 4.76
385.00 0.345399 4.76
386.00 0.345394 4.76
387.00 0.345388 4.76
388.00 0.345383 4.76
389.00 0.345377 4.76
390.00 0.345372 4.76
391.00 0.345367 4.76
392.00 0.345362 4.76
393.00 0.345356 4.76
394.00 0.345351 4.76
395.00 0.345346 4.76
396.00 0.345342 4.76
397.00 0.345337 4.76
398.00 0.345332 4.76
399.00 0.345327 4.76
400.00 0.345323 4.76
401.00 0.345318 4.76
402.00 0.345313 4.76
403.00 0.345309 4.76
404.00 0.345305 4.76
405.00 0.345300 4.76
406.00 0.345296 4.76
407.00 0.345292 4.76
408.00 0.345287 4.76
409.00 0.345283 4.76
410.00 0.345279 4.76
411.00 0.345275 4.76
412.00 0.345271 4.76
413.00 0.345267 4.76
414.00 0.345263 4.76
415.00 0.345259 4.76
416.00 0.345256 4.76
417.00 0.345252 4.76
418.00 0.345248 4.76
419.00 0.345244 4.76
420.00 0.345241 4.76
421.00 0.345237 4.76
422.00 0.345234 4.76
423.00 0.345230 4.76
424.00 0.345227 4.76
425.00 0.345223 4.76
426.00 0.345220 4.76
427.00 0.345217 4.76
428.00 0.345213 4.76
429.00 0.345210 4.76
430.00 0.345207 4.76
431.00 0.345204 4.76
432.00 0.345200 4.76
433.00 0.345197 4.76
434.00 0.345194 4.76
435.00 0.345191 4.76
436.00 0.345188 4.76
437.00 0.345185 4.76
438.00 0.345182 4.76
439.00 0.345179 4.76
440.00 0.345177 4.76
441.00 0.345174 4.76
442.00 0.345171 4.76
443.00 0.345168 4.76
444.00 0.345166 4.76
445.00 0.345163 4.76
446.00 0.345160 4.76
447.00 0.345158 4.76
448.00 0.345155 4.76
449.00 0.345152 4.76
450.00 0.345150 4.76
451.00 0.345147 4.76
452.00 0.345145 4.76
453.00 0.345142 4.76
454.00 0.345140 4.76
455.00 0.345138 4.76
456.00 0.345135 4.76
457.00 0.345133 4.76
458.00 0.345131 4.76
459.00 0.345128 4.76
460.00 0.345126 4.76
461.00 0.345124 4.76
462.00 0.345122 4.76
463.00 0.345119 4.76
464.00 0.345117 4.76
465.00 0.345115 4.76
466.00 0.345113 4.76
467.00 0.345111 4.76
468.00 0.345109 4.76
469.00 0.345107 4.76
470.00 0.345105 4.76
471.00 0.345103 4.76
472.00 0.345101 4.76
473.00 0.345099 4.76
474.00 0.345097 4.76
475.00 0.345095 4.76
476.00 0.345093 4.76
477.00 0.345091 4.76
478.00 0.345089 4.76
479.00 0.345088 4.76
480.00 0.345086 4.76
481.00 0.345084 4.76
482.00 0.345082 4.76
483.00 0.345081 4.76
484.00 0.345079 4.76
485.00 0.345077 4.76
486.00 0.345075 4.76
487.00 0.345074 4.76
488.00 0.345072 4.76
489.00 0.345071 4.76
490.00 0.345069 4.76
491.00 0.345067 4.76
492.00 0.345066 4.76
493.00 0.345064 4.76
494.00 0.345063 4.76
495.00 0.345061 4.76
496.00 0.345060 4.76
497.00 0.345058 4.76
498.00 0.345057 4.76
499.00 0.345055 4.76
500.00 0.345054 4.76
501.00 0.345052 4.76
502.00 0.345051 4.76
503.00 0.345050 4.76
504.00 0.345048 4.76
505.00 0.345047 4.76
506.00 0.345046 4.76
507.00 0.345044 4.76
508.00 0.345043 4.76
509.00 0.345042 4.76
510.00 0.345040 4.76
511.00 0.345039 4.76
512.00 0.345038 4.76
513.00 0.345037 4.76
514.00 0.345035 4.76
515.00 0.345034 4.76
516.00 0.345033 4.76
517.00 0.345032 4.76
518.00 0.345031 4.76
519.00 0.345030 4.76
520.00 0.345028 4.76
521.00 0.345027 4.76
522.00 0.345026 4.76
523.00 0.345025 4.76
524.00 0.345024 4.76
525.00 0.345023 4.76
526.00 0.345022 4.76
527.00 0.345021 4.76
528.00 0.345020 4.76
529.00 0.345019 4.76
530.00 0.345018 4.76
531.00 0.345017 4.76
532.00 0.345016 4.76
533.00 0.345015 4.76
534.00 0.345014 4.76
535.00 0.345013 4.76
536.00 0.345012 4.76
537.00 0.345011 4.76
538.00 0.345010 4.76
539.00 0.345009 4.76
540.00 0.345008 4.76
541.00 0.345007 4.76
542.00 0.345006 4.76
543.00 0.345005 4.76
544.00 0.345005 4.76
545.00 0.345004 4.76
546.00 0.345003 4.76
547.00 0.345002 4.76
548.00 0.345001 4.76
549.00 0.345000 4.76
550.00 0.345000 4.76
551.00 0.344999 4.76
552.00 0.344998 4.76
553.00 0.344997 4.76
554.00 0.344996 4.76
555.00 0.344996 4.76
556.00 0.344995 4.76
557.00 0.344994 4.76
558.00 0.344993 4.76
559.00 0.344993 4.76
560.00 0.344992 4.76
561.00 0.344991 4.76
562.00 0.344990 4.76
563.00 0.344990 4.76
564.00 0.344989 4.76
565.00 0.344988 4.76
566.00 0.344988 4.76
567.00 0.344987 4.76
568.00 0.344986 4.76
569.00 0.344986 4.76
570.00 0.344985 4.76
571.00 0.344984 4.76
572.00 0.344984 4.76
573.00 0.344983 4.76
574.00 0.344983 4.76
575.00 0.344982 4.76
576.00 0.344981 4.76
577.00 0.344981 4.76
578.00 0.344980 4.76
579.00 0.344980 4.76
580.00 0.344979 4.76
581.00 0.344978 4.76
582.00 0.344978 4.76
583.00 0.344977 4.76
584.00 0.344977 4.76
585.00 0.344976 4.76
586.00 0.344976 4.76
587.00 0.344975 4.76
588.00 0.344975 4.76
589.00 0.344974 4.76
590.00 0.344974 4.76
591.00 0.344973 4.76
592.00 0.344972 4.76
593.00 0.344972 4.76
594.00 0.344971 4.76
595.00 0.344971 4.76
596.00 0.344971 4.76
597.00 0.344970 4.76
598.00 0.344970 4.76
599.00 0.344969 4.76
600.00 0.344969 4.76
601.00 0.344968 4.76
602.00 0.344968 4.76
603.00 0.344967 4.76
604.00 0.344967 4.76
605.00 0.344966 4.76
606.00 0.344966 4.76
607.00 0.344966 4.76
608.00 0.344965 4.76
609.00 0.344965 4.76
610.00 0.344964 4.76
611.00 0.344964 4.76
612.00 0.344963 4.76
613.00 0.344963 4.76
614.00 0.344963 4.76
615.00 0.344962 4.76
616.00 0.344962 4.76
617.00 0.344962 4.76
618.00 0.344961 4.76
619.00 0.344961 4.76
620.00 0.344960 4.76
621.00 0.344960 4.76
622.00 0.344960 4.76
623.00 0.344959 4.76
624.00 0.344959 4.76
625.00 0.344959 4.76
626.00 0.344958 4.76
627.00 0.344958 4.76
628.00 0.344958 4.76
629.00 0.344957 4.76
630.00 0.344957 4.76
631.00 0.344957 4.76
632.00 0.344956 4.76
633.00 0.344956 4.76
634.00 0.344956 4.76
635.00 0.344955 4.76
636.00 0.344955 4.76
637.00 0.344955 4.76
638.00 0.344954 4.76
639.00 0.344954 4.76
640.00 0.344954 4.76
641.00 0.344954 4.76
642.00 0.344953 4.76
643.00 0.344953 4.76
644.00 0.344953 4.76
645.00 0.344952 4.76
646.00 0.344952 4.76
647.00 0.344952 4.76
648.00 0.344952 4.76
649.00 0.344951 4.76
650.00 0.344951 4.76
651.00 0.344951 4.76
652.00 0.344950 4.76
653.00 0.344950 4.76
654.00 0.344950 4.76
655.00 0.344950 4.76
656.00 0.344949 4.76
657.00 0.344949 4.76
658.00 0.344949 4.76
659.00 0.344949 4.76
660.00 0.344949 4.76
661.00 0.344948 4.76
662.00 0.344948 4.76
663.00 0.344948 4.76
664.00 0.344948 4.76
665.00 0.344947 4.76
666.00 0.344947 4.76
667.00 0.344947 4.76
668.00 0.344947 4.76
669.00 0.344947 4.76
670.00 0.344946 4.76
671.00 0.344946 4.76
672.00 0.344946 4.76
673.00 0.344946 4.76
674.00 0.344945 4.76
675.00 0.344945 4.76
676.00 0.344945 4.76
677.00 0.344945 4.76
678.00 0.344945 4.76
679.00 0.344945 4.76
680.00 0.344944 4.76
681.00 0.344944 4.76
682.00 0.344944 4.76
683.00 0.344944 4.76
684.00 0.344944 4.76
685.00 0.344943 4.76
686.00 0.344943 4.76
687.00 0.344943 4.76
688.00 0.344943 4.76
689.00 0.344943 4.76
690.00 0.344943 4.76
691.00 0.344942 4.76
692.00 0.344942 4.76
693.00 0.344942 4.76
694.00 0.344942 4.76
695.00 0.344942 4.76
696.00 0.344942 4.76
697.00 0.344941 4.76
698.00 0.344941 4.76
699.00 0.344941 4.76
700.00 0.344941 4.76
701.00 0.344941 4.76
702.00 0.344941 4.76
703.00 0.344941 4.76
704.00 0.344940 4.76
705.00 0.344940 4.76
706.00 0.344940 4.76
707.00 0.344940 4.76
708.00 0.344940 4.76
709.00 0.344940 4.76
710.00 0.344940 4.76
711.00 0.344939 4.76
712.00 0.344939 4.76
713.00 0.344939 4.76
714.00 0.344939 4.76
715.00 0.344939 4.76
716.00 0.344939 4.76
717.00 0.344939 4.76
718.00 0.344939 4.76
719.00 0.344938 4.76
720.00 0.344938 4.76
721.00 0.344938 4.76
722.00 0.344938 4.76
723.00 0.344938 4.76
724.00 0.344938 4.76
725.00 0.344938 4.76
726.00 0.344938 4.76
727.00 0.344937 4.76
728.00 0.344937 4.76
729.00 0.344937 4.76
730.00 0.344937 4.76
731.00 0.344937 4.76
732.00 0.344937 4.76
733.00 0.344937 4.76
734.00 0.344937 4.76
735.00 0.344937 4.76
736.00 0.344937 4.76
737.00 0.344936 4.76
738.00 0.344936 4.76
739.00 0.344936 4.76
740.00 0.344936 4.76
741.00 0.344936 4.76
742.00 0.344936 4.76
743.00 0.344936 4.76
744.00 0.344936 4.76
745.00 0.344936 4.76
746.00 0.344936 4.76
747.00 0.344935 4.76
748.00 0.344935 4.76
749.00 0.344935 4.76
750.00 0.344935 4.76
751.00 0.344935 4.76
752.00 0.344935 4.76
753.00 0.344935 4.76
754.00 0.344935 4.76
755.00 0.344935 4.76
756.00 0.344935 4.76
757.00 0.344935 4.76
758.00 0.344935 4.76
759.00 0.344934 4.76
760.00 0.344934 4.76
761.00 0.344934 4.76
762.00 0.344934 4.76
763.00 0.344934 4.76
764.00 0.344934 4.76
765.00 0.344934 4.76
766.00 0.344934 4.76
767.00 0.344934 4.76
768.00 0.344934 4.76
769.00 0.344934 4.76
770.00 0.344934 4.76
771.00 0.344934 4.76
772.00 0.344934 4.76
773.00 0.344933 4.76
774.00 0.344933 4.76
775.00 0.344933 4.76
776.00 0.344933 4.76
777.00 0.344933 4.76
778.00 0.344933 4.76
779.00 0.344933 4.76
780.00 0.344933 4.76
781.00 0.344933 4.76
782.00 0.344933 4.76
783.00 0.344933 4.76
784.00 0.344933 4.76
785.00 0.344933 4.76
786.00 0.344933 4.76
787.00 0.344933 4.76
788.00 0.344933 4.76
789.00 0.344933 4.76
790.00 0.344932 4.76
791.00 0.344932 4.76
792.00 0.344932 4.76
793.00 0.344932 4.76
794.00 0.344932 4.76
795.00 0.344932 4.76
796.00 0.344932 4.76
797.00 0.344932 4.76
798.00 0.344932 4.76
799.00 0.344932 4.76
800.00 0.344932 4.76
801.00 0.344932 4.76
802.00 0.344932 4.76
803.00 0.344932 4.76
804.00 0.344932 4.76
805.00 0.344932 4.76
806.00 0.344932 4.76
807.00 0.344932 4.76
808.00 0.344932 4.76
809.00 0.344932 4.76
810.00 0.344931 4.76
811.00 0.344931 4.76
812.00 0.344931 4.76
813.00 0.344931 4.76
814.00 0.344931 4.76
815.00 0.344931 4.76
816.00 0.344931 4.76
817.00 0.344931 4.76
818.00 0.344931 4.76
819.00 0.344931 4.76
820.00 0.344931 4.76
821.00 0.344931 4.76
822.00 0.344931 4.76
823.00 0.344931 4.76
824.00 0.344931 4.76
825.00 0.344931 4.76
826.00 0.344931 4.76
827.00 0.344931 4.76
828.00 0.344931 4.76
829.00 0.344931 4.76
830.00 0.344931 4.76
831.00 0.344931 4.76
832.00 0.344931 4.76
833.00 0.344931 4.76
834.00 0.344931 4.76
835.00 0.344931 4.76
836.00 0.344930 4.76
837.00 0.344930 4.76
838.00 0.344930 4.76
839.00 0.344930 4.76
840.00 0.344930 4.76
841.00 0.344930 4.76
842.00 0.344930 4.76
843.00 0.344930 4.76
844.00 0.344930 4.76
845.00 0.344930 4.76
846.00 0.344930 4.76
847.00 0.344930 4.76
848.00 0.344930 4.76
849.00 0.344930 4.76
850.00 0.344930 4.76
851.00 0.344930 4.76
852.00 0.344930 4.76
853.00 0.344930 4.76
854.00 0.344930 4.76
855.00 0.344930 4.76
856.00 0.344930 4.76
857.00 0.344930 4.76
858.00 0.344930 4.76
859.00 0.344930 4.76
860.00 0.344930 4.76
861.00 0.344930 4.76
862.00 0.344930 4.76
863.00 0.344930 4.76
864.00 0.344930 4.76
865.00 0.344930 4.76
866.00 0.344930 4.76
867.00 0.344930 4.76
868.00 0.344930 4.76
869.00 0.344930 4.76
870.00 0.344930 4.76
871.00 0.344930 4.76
872.00 0.344930 4.76
873.00 0.344930 4.76
874.00 0.344929 4.76
875.00 0.344929 4.76
876.00 0.344929 4.76
877.00 0.344929 4.76
878.00 0.344929 4.76
879.00 0.344929 4.76
880.00 0.344929 4.76
881.00 0.344929 4.76
882.00 0.344929 4.76
883.00 0.344929 4.76
884.00 0.344929 4.76
885.00 0.344929 4.76
886.00 0.344929 4.76
887.00 0.344929 4.76
888.00 0.344929 4.76
889.00 0.344929 4.76
890.00 0.344929 4.76
891.00 0.344929 4.76
892.00 0.344929 4.76
893.00 0.344929 4.76
894.00 0.344929 4.76
895.00 0.344929 4.76
896.00 0.344929 4.76
897.00 0.344929 4.76
898.00 0.344929 4.76
899.00 0.344929 4.76
900.00 0.344929 4.76
901.00 0.344929 4.76
902.00 0.344929 4.76
903.00 0.344929 4.76
904.00 0.344929 4.76
905.00 0.344929 4.76
906.00 0.344929 4.76
907.00 0.344929 4.76
908.00 0.344929 4.76
909.00 0.344929 4.76
910.00 0.344929 4.76
911.00 0.344929 4.76
912.00 0.344929 4.76
913.00 0.344929 4.76
914.00 0.344929 4.76
915.00 0.344929 4.76
916.00 0.344929 4.76
917.00 0.344929 4.76
918.00 0.344929 4.76
919.00 0.344929 4.76
920.00 0.344929 4.76
921.00 0.344929 4.76
922.00 0.344929 4.76
923.00 0.344929 4.76
924.00 0.344929 4.76
925.00 0.344929 4.76
926.00 0.344929 4.76
927.00 0.344929 4.76
928.00 0.344929 4.76
929.00 0.344929 4.76
930.00 0.344929 4.76
931.00 0.344929 4.76
932.00 0.344929 4.76
933.00 0.344929 4.76
934.00 0.344929 4.76
935.00 0.344929 4.76
936.00 0.344929 4.76
937.00 0.344929 4.76
938.00 0.344929 4.76
939.00 0.344929 4.76
940.00 0.344928 4.76
941.00 0.344928 4.76
942.00 0.344928 4.76
943.00 0.344928 4.76
944.00 0.344928 4.76
945.00 0.344928 4.76
946.00 0.344928 4.76
947.00 0.344928 4.76
948.00 0.344928 4.76
949.00 0.344928 4.76
950.00 0.344928 4.76
951.00 0.344928 4.76
952.00 0.344928 4.76
953.00 0.344928 4.76
954.00 0.344928 4.76
955.00 0.344928 4.76
956.00 0.344928 4.76
957.00 0.344928 4.76
958.00 0.344928 4.76
959.00 0.344928 4.76
960.00 0.344928 4.76
961.00 0.344928 4.76
962.00 0.344928 4.76
963.00 0.344928 4.76
964.00 0.344928 4.76
965.00 0.344928 4.76
966.00 0.344928 4.76
967.00 0.344928 4.76
968.00 0.344928 4.76
969.00 0.344928 4.76
970.00 0.344928 4.76
971.00 0.344928 4.76
972.00 0.344928 4.76
973.00 0.344928 4.76
974.00 0.344928 4.76
975.00 0.344928 4.76
976.00 0.344928 4.76
977.00 0.344928 4.76
978.00 0.344928 4.76
979.00 0.344928 4.76
980.00 0.344928 4.76
981.00 0.344928 4.76
982.00 0.344928 4.76
983.00 0.344928 4.76
984.00 0.344928 4.76
985.00 0.344928 4.76
986.00 0.344928 4.76
987.00 0.344928 4.76
988.00 0.344928 4.76
989.00 0.344928 4.76
990.00 0.344928 4.76
991.00 0.344928 4.76
992.00 0.344928 4.76
993.00 0.344928 4.76
994.00 0.344928 4.76
995.00 0.344928 4.76
996.00 0.344928 4.76
997.00 0.344928 4.76
998.00 0.344928 4.76
999.00 0.344928 4.76
1000.00 0.344928 4.76
1001.00 0.344928 4.76
1002.00 0.344928 4.76
1003.00 0.344928 4.76
1004.00 0.344928 4.76
1005.00 0.344928 4.76
1006.00 0.344928 4.76
1007.00 0.344928 4.76
1008.00 0.344928 4.76
1009.00 0.344928 4.76
1010.00 0.344928 4.76
1011.00 0.344928 4.76
1012.00 0.344928 4.76
1013.00 0.344928 4.76
1014.00 0.344928 4.76
1015.00 0.344928 4.76
1016.00 0.344928 4.76
1017.00 0.344928 4.76
1018.00 0.344928 4.76
1019.00 0.344928 4.76
1020.00 0.344928 4.76
1021.00 0.344928 4.76
1022.00 0.344928 4.76
1023.00 0.344928 4.76
1024.00 0.344928 4.76
1025.00 0.344928 4.76
1026.00 0.344928 4.76
1027.00 0.344928 4.76
1028.00 0.344928 4.76
1029.00 0.344928 4.76
1030.00 0.344928 4.76
1031.00 0.344928 4.76
1032.00 0.344928 4.76
1033.00 0.344928 4.76
1034.00 0.344928 4.76
1035.00 0.344928 4.76
1036.00 0.344928 4.76
1037.00 0.344928 4.76
1038.00 0.344928 4.76
1039.00 0.344928 4.76
1040.00 0.344928 4.76
1041.00 0.344928 4.76
1042.00 0.344928 4.76
1043.00 0.344928 4.76
1044.00 0.344928 4.76
1045.00 0.344928 4.76
1046.00 0.344928 4.76
1047.00 0.344928 4.76
1048.00 0.344928 4.76
1049.00 0.344928 4.76
1050.00 0.344928 4.76
1051.00 0.344928 4.76
1052.00 0.344928 4.76
1053.00 0.344928 4.76
1054.00 0.344928 4.76
1055.00 0.344928 4.76
1056.00 0.344928 4.76
1057.00 0.344928 4.76
1058.00 0.344928 4.76
1059.00 0.344928 4.76
1060.00 0.344928 4.76
1061.00 0.344928 4.76
1062.00 0.344928 4.76
1063.00 0.344928 4.76
1064.00 0.344928 4.76
1065.00 0.344928 4.76
1066.00 0.344928 4.76
1067.00 0.344928 4.76
1068.00 0.344928 4.76
1069.00 0.344928 4.76
1070.00 0.344928 4.76
1071.00 0.344928 4.76
1072.00 0.344928 4.76
1073.00 0.344928 4.76
1074.00 0.344928 4.76
1075.00 0.344928 4.76
1076.00 0.344928 4.76
1077.00 0.344928 4.76
1078.00 0.344928 4.76
1079.00 0.344928 4.76
1080.00 0.344928 4.76
1081.00 0.344928 4.76
1082.00 0.344928 4.76
1083.00 0.344928 4.76
1084.00 0.344928 4.76
1085.00 0.344928 4.76
1086.00 0.344928 4.76
1087.00 0.344928 4.76
1088.00 0.344928 4.76
1089.00 0.344928 4.76
1090.00 0.344928 4.76
1091.00 0.344928 4.76
1092.00 0.344928 4.76
1093.00 0.344928 4.76
1094.00 0.344928 4.76
1095.00 0.344928 4.76
1096.00 0.344928 4.76
1097.00 0.344928 4.76
1098.00 0.344928 4.76
1099.00 0.344928 4.76
1100.00 0.344928 4.76
1101.00 0.344928 4.76
1102.00 0.344928 4.76
1103.00 0.344928 4.76
1104.00 0.344928 4.76
1105.00 0.344928 4.76
1106.00 0.344928 4.76
1107.00 0.344928 4.76
1108.00 0.344928 4.76
1109.00 0.344928 4.76
1110.00 0.344928 4.76
1111.00 0.344928 4.76
1112.00 0.344928 4.76
1113.00 0.344928 4.76
1114.00 0.344928 4.76
1115.00 0.344928 4.76
1116.00 0.344928 4.76
1117.00 0.344928 4.76
1118.00 0.344928 4.76
1119.00 0.344928 4.76
1120.00 0.344928 4.76
1121.00 0.344928 4.76
1122.00 0.344928 4.76
1123.00 0.344928 4.76
1124.00 0.344928 4.76
1125.00 0.344928 4.76
1126.00 0.344928 4.76
1127.00 0.344928 4.76
1128.00 0.344928 4.76
1129.00 0.344928 4.76
1130.00 0.344928 4.76
1131.00 0.344928 4.76
1132.00 0.344928 4.76
1133.00 0.344928 4.76
1134.00 0.344928 4.76
1135.00 0.344928 4.76
1136.00 0.344928 4.76
1137.00 0.344928 4.76
1138.00 0.344928 4.76
1139.00 0.344928 4.76
1140.00 0.344928 4.76
1141.00 0.344928 4.76
1142.00 0.344928 4.76
1143.00 0.344928 4.76
1144.00 0.344928 4.76
1145.00 0.344928 4.76
1146.00 0.344928 4.76
1147.00 0.344928 4.76
1148.00 0.344928 4.76
1149.00 0.344928 4.76
1150.00 0.344928 4.76
1151.00 0.344928 4.76
1152.00 0.344928 4.76
1153.00 0.344928 4.76
1154.00 0.344928 4.76
1155.00 0.344928 4.76
1156.00 0.344928 4.76
1157.00 0.344928 4.76
1158.00 0.344928 4.76
1159.00 0.344928 4.76
1160.00 0.344928 4.76
1161.00 0.344928 4.76
1162.00 0.344928 4.76
1163.00 0.344928 4.76
1164.00 0.344928 4.76
1165.00 0.344928 4.76
1166.00 0.344928 4.76
1167.00 0.344928 4.76
1168.00 0.344928 4.76
1169.00 0.344928 4.76
1170.00 0.344928 4.76
1171.00 0.344928 4.76
1172.00 0.344928 4.76
1173.00 0.344928 4.76
1174.00 0.344928 4.76
1175.00 0.344928 4.76
1176.00 0.344928 4.76
1177.00 0.344928 4.76
1178.00 0.344928 4.76
1179.00 0.344928 4.76
1180.00 0.344928 4.76
1181.00 0.344928 4.76
1182.00 0.344928 4.76
1183.00 0.344928 4.76
1184.00 0.344928 4.76
1185.00 0.344928 4.76
1186.00 0.344928 4.76
1187.00 0.344928 4.76
1188.00 0.344928 4.76
1189.00 0.344928 4.76
1190.00 0.344928 4.76
1191.00 0.344928 4.76
1192.00 0.344928 4.76
1193.00 0.344928 4.76
1194.00 0.344928 4.76
1195.00 0.344928 4.76
1196.00 0.344928 4.76
1197.00 0.344928 4.76
1198.00 0.344928 4.76
1199.00 0.344928 4.76
1200.00 0.344928 4.76
1201.00 0.344928 4.76
1202.00 0.344928 4.76
1203.00 0.344928 4.76
1204.00 0.344928 4.76
1205.00 0.344928 4.76
1206.00 0.344928 4.76
1207.00 0.344928 4.76
1208.00 0.344928 4.76
1209.00 0.344928 4.76
1210.00 0.344928 4.76
1211.00 0.344928 4.76
1212.00 0.344928 4.76
1213.00 0.344928 4.76
1214.00 0.344928 4.76
1215.00 0.344928 4.76
1216.00 0.344928 4.76
1217.00 0.344928 4.76
1218.00 0.344928 4.76
1219.00 0.344928 4.76
1220.00 0.344928 4.76
1221.00 0.344928 4.76
1222.00 0.344928 4.76
1223.00 0.344928 4.76
1224.00 0.344928 4.76
1225.00 0.344928 4.76
1226.00 0.344928 4.76
1227.00 0.344928 4.76
1228.00 0.344928 4.76
1229.00 0.344928 4.76
1230.00 0.344928 4.76
1231.00 0.344928 4.76
1232.00 0.344928 4.76
1233.00 0.344928 4.76
1234.00 0.344928 4.76
1235.00 0.344928 4.76
1236.00 0.344928 4.76
1237.00 0.344928 4.76
1238.00 0.344928 4.76
1239.00 0.344928 4.76
1240.00 0.344928 4.76
1241.00 0.344928 4.76
1242.00 0.344928 4.76
1243.00 0.344928 4.76
1244.00 0.344928 4.76
1245.00 0.344928 4.76
1246.00 0.344928 4.76
1247.00 0.344928 4.76
1248.00 0.344928 4.76
1249.00 0.344928 4.76
1250.00 0.344928 4.76
1251.00 0.344928 4.76
1252.00 0.344928 4.76
1253.00 0.344928 4.76
1254.00 0.344928 4.76
1255.00 0.344928 4.76
1256.00 0.344928 4.76
1257.00 0.344928 4.76
1258.00 0.344928 4.76
1259.00 0.344928 4.76
1260.00 0.344928 4.76
1261.00 0.344928 4.76
1262.00 0.344928 4.76
1263.00 0.344928 4.76
1264.00 0.344928 4.76
1265.00 0.344928 4.76
1266.00 0.344928 4.76
1267.00 0.344928 4.76
1268.00 0.344928 4.76
1269.00 0.344928 4.76
1270.00 0.344928 4.76
1271.00 0.344928 4.76
1272.00 0.344928 4.76
1273.00 0.344928 4.76
1274.00 0.344928 4.76
1275.00 0.344928 4.76
1276.00 0.344928 4.76
1277.00 0.344928 4.76
1278.00 0.344928 4.76
1279.00 0.344928 4.76
1280.00 0.344928 4.76
1281.00 0.344928 4.76
1282.00 0.344928 4.76
1283.00 0.344928 4.76
1284.00 0.344928 4.76
1285.00 0.344928 4.76
1286.00 0.344928 4.76
1287.00 0.344928 4.76
1288.00 0.344928 4.76
1289.00 0.344928 4.76
1290.00 0.344928 4.76
1291.00 0.344928 4.76
1292.00 0.344928 4.76
1293.00 0.344928 4.76
1294.00 0.344928 4.76
1295.00 0.344928 4.76
1296.00 0.344928 4.76
1297.00 0.344928 4.76
1298.00 0.344928 4.76
1299.00 0.344928 4.76
1300.00 0.344928 4.76
1301.00 0.344928 4.76
1302.00 0.344928 4.76
1303.00 0.344928 4.76
1304.00 0.344928 4.76
1305.00 0.344928 4.76
1306.00 0.344928 4.76
1307.00 0.344928 4.76
1308.00 0.344928 4.76
1309.00 0.344928 4.76
1310.00 0.344928 4.76
1311.00 0.344928 4.76
1312.00 0.344928 4.76
1313.00 0.344928 4.76
1314.00 0.344928 4.76
1315.00 0.344928 4.76
1316.00 0.344928 4.76
1317.00 0.344928 4.76
1318.00 0.344928 4.76
1319.00 0.344928 4.76
1320.00 0.344928 4.76
1321.00 0.344928 4.76
1322.00 0.344928 4.76
1323.00 0.344928 4.76
1324.00 0.344928 4.76
1325.00 0.344928 4.76
1326.00 0.344928 4.76
1327.00 0.344928 4.76
1328.00 0.344928 4.76
1329.00 0.344928 4.76
1330.00 0.344928 4.76
1331.00 0.344928 4.76
1332.00 0.344928 4.76
1333.00 0.344928 4.76
1334.00 0.344928 4.76
1335.00 0.344928 4.76
1336.00 0.344928 4.76
1337.00 0.344928 4.76
1338.00 0.344928 4.76
1339.00 0.344928 4.76
1340.00 0.344928 4.76
1341.00 0.344928 4.76
1342.00 0.344928 4.76
1343.00 0.344928 4.76
1344.00 0.344928 4.76
1345.00 0.344928 4.76
1346.00 0.344928 4.76
1347.00 0.344928 4.76
1348.00 0.344928 4.76
1349.00 0.344928 4.76
1350.00 0.344928 4.76
1351.00 0.344928 4.76
1352.00 0.344928 4.76
1353.00 0.344928 4.76
1354.00 0.344928 4.76
1355.00 0.344928 4.76
1356.00 0.344928 4.76
1357.00 0.344928 4.76
1358.00 0.344928 4.76
1359.00 0.344928 4.76
1360.00 0.344928 4.76
1361.00 0.344928 4.76
1362.00 0.344928 4.76
1363.00 0.344928 4.76
1364.00 0.344928 4.76
1365.00 0.344928 4.76
1366.00 0.344928 4.76
1367.00 0.344928 4.76
1368.00 0.344928 4.76
1369.00 0.344928 4.76
1370.00 0.344928 4.76
1371.00 0.344928 4.76
1372.00 0.344928 4.76
1373.00 0.344928 4.76
1374.00 0.344928 4.76
1375.00 0.344928 4.76
1376.00 0.344928 4.76
1377.00 0.344928 4.76
1378.00 0.344928 4.76
1379.00 0.344928 4.76
1380.00 0.344928 4.76
1381.00 0.344928 4.76
1382.00 0.344928 4.76
1383.00 0.344928 4.76
1384.00 0.344928 4.76
1385.00 0.344928 4.76
1386.00 0.344928 4.76
1387.00 0.344928 4.76
1388.00 0.344928 4.76
1389.00 0.344928 4.76
1390.00 0.344928 4.76
1391.00 0.344928 4.76
1392.00 0.344928 4.76
1393.00 0.344928 4.76
1394.00 0.344928 4.76
1395.00 0.344928 4.76
1396.00 0.344928 4.76
1397.00 0.344928 4.76
1398.00 0.344928 4.76
1399.00 0.344928 4.76
1400.00 0.344928 4.76
1401.00 0.344928 4.76
1402.00 0.344928 4.76
1403.00 0.344928 4.76
1404.00 0.344928 4.76
1405.00 0.344928 4.76
1406.00 0.344928 4.76
1407.00 0.344928 4.76
1408.00 0.344928 4.76
1409.00 0.344928 4.76
1410.00 0.344928 4.76
1411.00 0.344928 4.76
1412.00 0.344928 4.76
1413.00 0.344928 4.76
1414.00 0.344928 4.76
1415.00 0.344928 4.76
1416.00 0.344928 4.76
1417.00 0.344928 4.76
1418.00 0.344928 4.76
1419.00 0.344928 4.76
1420.00 0.344928 4.76
1421.00 0.344928 4.76
1422.00 0.344928 4.76
1423.00 0.344928 4.76
1424.00 0.344928 4.76
1425.00 0.344928 4.76
1426.00 0.344928 4.76
1427.00 0.344928 4.76
1428.00 0.344928 4.76
1429.00 0.344928 4.76
1430.00 0.344928 4.76
1431.00 0.344928 4.76
1432.00 0.344928 4.76
1433.00 0.344928 4.76
1434.00 0.344928 4.76
1435.00 0.344928 4.76
1436.00 0.344928 4.76
1437.00 0.344928 4.76
1438.00 0.344928 4.76
1439.00 0.344928 4.76
1440.00 0.344928 4.76
1441.00 0.344928 4.76
1442.00 0.344928 4.76
1443.00 0.344928 4.76
1444.00 0.344928 4.76
1445.00 0.344928 4.76
1446.00 0.344928 4.76
1447.00 0.344928 4.76
1448.00 0.344928 4.76
1449.00 0.344928 4.76
1450.00 0.344928 4.76
1451.00 0.344928 4.76
1452.00 0.344928 4.76
1453.00 0.344928 4.76
1454.00 0.344928 4.76
1455.00 0.344928 4.76
1456.00 0.344928 4.76
1457.00 0.344928 4.76
1458.00 0.344928 4.76
1459.00 0.344928 4.76
1460.00 0.344928 4.76
1461.00 0.344928 4.76
1462.00 0.344928 4.76
1463.00 0.344928 4.76
1464.00 0.344928 4.76
1465.00 0.344928 4.76
1466.00 0.344928 4.76
1467.00 0.344928 4.76
1468.00 0.344928 4.76
1469.00 0.344928 4.76
1470.00 0.344928 4.76
1471.00 0.344928 4.76
1472.00 0.344928 4.76
1473.00 0.344928 4.76
1474.00 0.344928 4.76
1475.00 0.344928 4.76
1476.00 0.344928 4.76
1477.00 0.344928 4.76
1478.00 0.344928 4.76
1479.00 0.344928 4.76
1480.00 0.344928 4.76
1481.00 0.344928 4.76
1482.00 0.344928 4.76
1483.00 0.344928 4.76
1484.00 0.344928 4.76
1485.00 0.344928 4.76
1486.00 0.344928 4.76
1487.00 0.344928 4.76
1488.00 0.344928 4.76
1489.00 0.344928 4.76
1490.00 0.344928 4.76
1491.00 0.344928 4.76
1492.00 0.344928 4.76
1493.00 0.344928 4.76
1494.00 0.344928 4.76
1495.00 0.344928 4.76
1496.00 0.344928 4.76
1497.00 0.344928 4.76
1498.00 0.344928 4.76
1499.00 0.344928 4.76
1500.00 0.344928 4.76
1501.00 0.344928 4.76
1502.00 0.344928 4.76
1503.00 0.344928 4.76
1504.00 0.344928 4.76
1505.00 0.344928 4.76
1506.00 0.344928 4.76
1507.00 0.344928 4.76
1508.00 0.344928 4.76
1509.00 0.344928 4.76
1510.00 0.344928 4.76
1511.00 0.344928 4.76
1512.00 0.344928 4.76
1513.00 0.344928 4.76
1514.00 0.344928 4.76
1515.00 0.344928 4.76
1516.00 0.344928 4.76
1517.00 0.344928 4.76
1518.00 0.344928 4.76
1519.00 0.344928 4.76
1520.00 0.344928 4.76
1521.00 0.344928 4.76
1522.00 0.344928 4.76
1523.00 0.344928 4.76
1524.00 0.344928 4.76
1525.00 0.344928 4.76
1526.00 0.344928 4.76
1527.00 0.344928 4.76
1528.00 0.344928 4.76
1529.00 0.344928 4.76
1530.00 0.344928 4.76
1531.00 0.344928 4.76
1532.00 0.344928 4.76
1533.00 0.344928 4.76
1534.00 0.344928 4.76
1535.00 0.344928 4.76
1536.00 0.344928 4.76
1537.00 0.344928 4.76
1538.00 0.344928 4.76
1539.00 0.344928 4.76
1540.00 0.344928 4.76
1541.00 0.344928 4.76
1542.00 0.344928 4.76
1543.00 0.344928 4.76
1544.00 0.344928 4.76
1545.00 0.344928 4.76
1546.00 0.344928 4.76
1547.00 0.344928 4.76
1548.00 0.344928 4.76
1549.00 0.344928 4.76
1550.00 0.344928 4.76
1551.00 0.344928 4.76
1552.00 0.344928 4.76
1553.00 0.344928 4.76
1554.00 0.344928 4.76
1555.00 0.344928 4.76
1556.00 0.344928 4.76
1557.00 0.344928 4.76
1558.00 0.344928 4.76
1559.00 0.344928 4.76
1560.00 0.344928 4.76
1561.00 0.344928 4.76
1562.00 0.344928 4.76
1563.00 0.344928 4.76
1564.00 0.344928 4.76
1565.00 0.344928 4.76
1566.00 0.344928 4.76
1567.00 0.344928 4.76
1568.00 0.344928 4.76
1569.00 0.344928 4.76
1570.00 0.344928 4.76
1571.00 0.344928 4.76
1572.00 0.344928 4.76
1573.00 0.344928 4.76
1574.00 0.344928 4.76
1575.00 0.344928 4.76
1576.00 0.344928 4.76
1577.00 0.344928 4.76
1578.00 0.344928 4.76
1579.00 0.344928 4.76
1580.00 0.344928 4.76
1581.00 0.344928 4.76
1582.00 0.344928 4.76
1583.00 0.344928 4.76
1584.00 0.344928 4.76
1585.00 0.344928 4.76
1586.00 0.344928 4.76
1587.00 0.344928 4.76
1588.00 0.344928 4.76
1589.00 0.344928 4.76
1590.00 0.344928 4.76
1591.00 0.344928 4.76
1592.00 0.344928 4.76
1593.00 0.344928 4.76
1594.00 0.344928 4.76
1595.00 0.344928 4.76
1596.00 0.344928 4.76
1597.00 0.344928 4.76
1598.00 0.344928 4.76
1599.00 0.344928 4.76
1600.00 0.344928 4.76
1601.00 0.344928 4.76
1602.00 0.344928 4.76
1603.00 0.344928 4.76
1604.00 0.344928 4.76
1605.00 0.344928 4.76
1606.00 0.344928 4.76
1607.00 0.344928 4.76
1608.00 0.344928 4.76
1609.00 0.344928 4.76
1610.00 0.344928 4.76
1611.00 0.344928 4.76
1612.00 0.344928 4.76
1613.00 0.344928 4.76
1614.00 0.344928 4.76
1615.00 0.344928 4.76
1616.00 0.344928 4.76
1617.00 0.344928 4.76
1618.00 0.344928 4.76
1619.00 0.344928 4.76
1620.00 0.344928 4.76
1621.00 0.344928 4.76
1622.00 0.344928 4.76
1623.00 0.344928 4.76
1624.00 0.344928 4.76
1625.00 0.344928 4.76
1626.00 0.344928 4.76
1627.00 0.344928 4.76
1628.00 0.344928 4.76
1629.00 0.344928 4.76
1630.00 0.344928 4.76
1631.00 0.344928 4.76
1632.00 0.344928 4.76
1633.00 0.344928 4.76
1634.00 0.344928 4.76
1635.00 0.344928 4.76
1636.00 0.344928 4.76
1637.00 0.344928 4.76
1638.00 0.344928 4.76
1639.00 0.344928 4.76
1640.00 0.344928 4.76
1641.00 0.344928 4.76
1642.00 0.344928 4.76
1643.00 0.344928 4.76
1644.00 0.344928 4.76
1645.00 0.344928 4.76
1646.00 0.344928 4.76
1647.00 0.344928 4.76
1648.00 0.344928 4.76
1649.00 0.344928 4.76
1650.00 0.344928 4.76
1651.00 0.344928 4.76
1652.00 0.344928 4.76
1653.00 0.344928 4.76
1654.00 0.344928 4.76
1655.00 0.344928 4.76
1656.00 0.344928 4.76
1657.00 0.344928 4.76
1658.00 0.344928 4.76
1659.00 0.344928 4.76
1660.00 0.344928 4.76
1661.00 0.344928 4.76
1662.00 0.344928 4.76
1663.00 0.344928 4.76
1664.00 0.344928 4.76
1665.00 0.344928 4.76
1666.00 0.344928 4.76
1667.00 0.344928 4.76
1668.00 0.344928 4.76
1669.00 0.344928 4.76
1670.00 0.344928 4.76
1671.00 0.344928 4.76
1672.00 0.344928 4.76
1673.00 0.344928 4.76
1674.00 0.344928 4.76
1675.00 0.344928 4.76
1676.00 0.344928 4.76
1677.00 0.344928 4.76
1678.00 0.344928 4.76
1679.00 0.344928 4.76
1680.00 0.344928 4.76
1681.00 0.344928 4.76
1682.00 0.344928 4.76
1683.00 0.344928 4.76
1684.00 0.344928 4.76
1685.00 0.344928 4.76
1686.00 0.344928 4.76
1687.00 0.344928 4.76
1688.00 0.344928 4.76
1689.00 0.344928 4.76
1690.00 0.344928 4.76
1691.00 0.344928 4.76
1692.00 0.344928 4.76
1693.00 0.344928 4.76
1694.00 0.344928 4.76
1695.00 0.344928 4.76
1696.00 0.344928 4.76
1697.00 0.344928 4.76
1698.00 0.344928 4.76
1699.00 0.344928 4.76
1700.00 0.344928 4.76
1701.00 0.344928 4.76
1702.00 0.344928 4.76
1703.00 0.344928 4.76
1704.00 0.344928 4.76
1705.00 0.344928 4.76
1706.00 0.344928 4.76
1707.00 0.344928 4.76
1708.00 0.344928 4.76
1709.00 0.344928 4.76
1710.00 0.344928 4.76
1711.00 0.344928 4.76
1712.00 0.344928 4.76
1713.00 0.344928 4.76
1714.00 0.344928 4.76
1715.00 0.344928 4.76
1716.00 0.344928 4.76
1717.00 0.344928 4.76
1718.00 0.344928 4.76
1719.00 0.344928 4.76
1720.00 0.344928 4.76
1721.00 0.344928 4.76
1722.00 0.344928 4.76
1723.00 0.344928 4.76
1724.00 0.344928 4.76
1725.00 0.344928 4.76
1726.00 0.344928 4.76
1727.00 0.344928 4.76
1728.00 0.344928 4.76
1729.00 0.344928 4.76
1730.00 0.344928 4.76
1731.00 0.344928 4.76
1732.00 0.344928 4.76
1733.00 0.344928 4.76
1734.00 0.344928 4.76
1735.00 0.344928 4.76
1736.00 0.344928 4.76
1737.00 0.344928 4.76
1738.00 0.344928 4.76
1739.00 0.344928 4.76
1740.00 0.344928 4.76
1741.00 0.344928 4.76
1742.00 0.344928 4.76
1743.00 0.344928 4.76
1744.00 0.344928 4.76
1745.00 0.344928 4.76
1746.00 0.344928 4.76
1747.00 0.344928 4.76
1748.00 0.344928 4.76
1749.00 0.344928 4.76
1750.00 0.344928 4.76
1751.00 0.344928 4.76
1752.00 0.344928 4.76
1753.00 0.344928 4.76
1754.00 0.344928 4.76
1755.00 0.344928 4.76
1756.00 0.344928 4.76
1757.00 0.344928 4.76
1758.00 0.344928 4.76
1759.00 0.344928 4.76
1760.00 0.344928 4.76
1761.00 0.344928 4.76
1762.00 0.344928 4.76
1763.00 0.344928 4.76
1764.00 0.344928 4.76
1765.00 0.344928 4.76
1766.00 0.344928 4.76
1767.00 0.344928 4.76
1768.00 0.344928 4.76
1769.00 0.344928 4.76
1770.00 0.344928 4.76
1771.00 0.344928 4.76
1772.00 0.344928 4.76
1773.00 0.344928 4.76
1774.00 0.344928 4.76
1775.00 0.344928 4.76
1776.00 0.344928 4.76
1777.00 0.344928 4.76
1778.00 0.344928 4.76
1779.00 0.344928 4.76
1780.00 0.344928 4.76
1781.00 0.344928 4.76
1782.00 0.344928 4.76
1783.00 0.344928 4.76
1784.00 0.344928 4.76
1785.00 0.344928 4.76
1786.00 0.344928 4.76
1787.00 0.344928 4.76
1788.00 0.344928 4.76
1789.00 0.344928 4.76
1790.00 0.344928 4.76
1791.00 0.344928 4.76
1792.00 0.344928 4.76
1793.00 0.344928 4.76
1794.00 0.344928 4.76
1795.00 0.344928 4.76
1796.00 0.344928 4.76
1797.00 0.344928 4.76
1798.00 0.344928 4.76
1799.00 0.344928 4.76
1800.00 0.344928 4.76
1801.00 0.344928 4.76
1802.00 0.344928 4.76
1803.00 0.344928 4.76
1804.00 0.344928 4.76
1805.00 0.344928 4.76
1806.00 0.344928 4.76
1807.00 0.344928 4.76
1808.00 0.344928 4.76
1809.00 0.344928 4.76
1810.00 0.344928 4.76
1811.00 0.344928 4.76
1812.00 0.344928 4.76
1813.00 0.344928 4.76
1814.00 0.344928 4.76
1815.00 0.344928 4.76
1816.00 0.344928 4.76
1817.00 0.344928 4.76
1818.00 0.344928 4.76
1819.00 0.344928 4.76
1820.00 0.344928 4.76
1821.00 0.344928 4.76
1822.00 0.344928 4.76
1823.00 0.344928 4.76
1824.00 0.344928 4.76
1825.00 0.344928 4.76
1826.00 0.344928 4.76
1827.00 0.344928 4.76
1828.00 0.344928 4.76
1829.00 0.344928 4.76
1830.00 0.344928 4.76
1831.00 0.344928 4.76
1832.00 0.344928 4.76
1833.00 0.344928 4.76
1834.00 0.344928 4.76
1835.00 0.344928 4.76
1836.00 0.344928 4.76
1837.00 0.344928 4.76
1838.00 0.344928 4.76
1839.00 0.344928 4.76
1840.00 0.344928 4.76
1841.00 0.344928 4.76
1842.00 0.344928 4.76
1843.00 0.344928 4.76
1844.00 0.344928 4.76
1845.00 0.344928 4.76
1846.00 0.344928 4.76
1847.00 0.344928 4.76
1848.00 0.344928 4.76
1849.00 0.344928 4.76
1850.00 0.344928 4.76
1851.00 0.344928 4.76
1852.00 0.344928 4.76
1853.00 0.344928 4.76
1854.00 0.344928 4.76
1855.00 0.344928 4.76
1856.00 0.344928 4.76
1857.00 0.344928 4.76
1858.00 0.344928 4.76
1859.00 0.344928 4.76
1860.00 0.344928 4.76
1861.00 0.344928 4.76
1862.00 0.344928 4.76
1863.00 0.344928 4.76
1864.00 0.344928 4.76
1865.00 0.344928 4.76
1866.00 0.344928 4.76
1867.00 0.344928 4.76
1868.00 0.344928 4.76
1869.00 0.344928 4.76
1870.00 0.344928 4.76
1871.00 0.344928 4.76
1872.00 0.344928 4.76
1873.00 0.344928 4.76
1874.00 0.344928 4.76
1875.00 0.344928 4.76
1876.00 0.344928 4.76
1877.00 0.344928 4.76
1878.00 0.344928 4.76
1879.00 0.344928 4.76
1880.00 0.344928 4.76
1881.00 0.344928 4.76
1882.00 0.344928 4.76
1883.00 0.344928 4.76
1884.00 0.344928 4.76
1885.00 0.344928 4.76
1886.00 0.344928 4.76
1887.00 0.344928 4.76
1888.00 0.344928 4.76
1889.00 0.344928 4.76
1890.00 0.344928 4.76
1891.00 0.344928 4.76
1892.00 0.344928 4.76
1893.00 0.344928 4.76
1894.00 0.344928 4.76
1895.00 0.344928 4.76
1896.00 0.344928 4.76
1897.00 0.344928 4.76
1898.00 0.344928 4.76
1899.00 0.344928 4.76
1900.00 0.344928 4.76
1901.00 0.344928 4.76
1902.00 0.344928 4.76
1903.00 0.344928 4.76
1904.00 0.344928 4.76
1905.00 0.344928 4.76
1906.00 0.344928 4.76
1907.00 0.344928 4.76
1908.00 0.344928 4.76
1909.00 0.344928 4.76
1910.00 0.344928 4.76
1911.00 0.344928 4.76
1912.00 0.344928 4.76
1913.00 0.344928 4.76
1914.00 0.344928 4.76
1915.00 0.344928 4.76
1916.00 0.344928 4.76
1917.00 0.344928 4.76
1918.00 0.344928 4.76
1919.00 0.344928 4.76
1920.00 0.344928 4.76
1921.00 0.344928 4.76
1922.00 0.344928 4.76
1923.00 0.344928 4.76
1924.00 0.344928 4.76
1925.00 0.344928 4.76
1926.00 0.344928 4.76
1927.00 0.344928 4.76
1928.00 0.344928 4.76
1929.00 0.344928 4.76
1930.00 0.344928 4.76
1931.00 0.344928 4.76
1932.00 0.344928 4.76
1933.00 0.344928 4.76
1934.00 0.344928 4.76
1935.00 0.344928 4.76
1936.00 0.344928 4.76
1937.00 0.344928 4.76
1938.00 0.344928 4.76
1939.00 0.344928 4.76
1940.00 0.344928 4.76
1941.00 0.344928 4.76
1942.00 0.344928 4.76
1943.00 0.344928 4.76
1944.00 0.344928 4.76
1945.00 0.344928 4.76
1946.00 0.344928 4.76
1947.00 0.344928 4.76
1948.00 0.344928 4.76
1949.00 0.344928 4.76
1950.00 0.344928 4.76
1951.00 0.344928 4.76
1952.00 0.344928 4.76
1953.00 0.344928 4.76
1954.00 0.344928 4.76
1955.00 0.344928 4.76
1956.00 0.344928 4.76
1957.00 0.344928 4.76
1958.00 0.344928 4.76
1959.00 0.344928 4.76
1960.00 0.344928 4.76
1961.00 0.344928 4.76
1962.00 0.344928 4.76
1963.00 0.344928 4.76
1964.00 0.344928 4.76
1965.00 0.344928 4.76
1966.00 0.344928 4.76
1967.00 0.344928 4.76
1968.00 0.344928 4.76
1969.00 0.344928 4.76
1970.00 0.344928 4.76
1971.00 0.344928 4.76
1972.00 0.344928 4.76
1973.00 0.344928 4.76
1974.00 0.344928 4.76
1975.00 0.344928 4.76
1976.00 0.344928 4.76
1977.00 0.344928 4.76
1978.00 0.344928 4.76
1979.00 0.344928 4.76
1980.00 0.344928 4.76
1981.00 0.344928 4.76
1982.00 0.344928 4.76
1983.00 0.344928 4.76
1984.00 0.344928 4.76
1985.00 0.344928 4.76
1986.00 0.344928 4.76
1987.00 0.344928 4.76
1988.00 0.344928 4.76
1989.00 0.344928 4.76
1990.00 0.344928 4.76
1991.00 0.344928 4.76
1992.00 0.344928 4.76
1993.00 0.344928 4.76
1994.00 0.344928 4.76
1995.00 0.344928 4.76
1996.00 0.344928 4.76
1997.00 0.344928 4.76
1998.00 0.344928 4.76
1999.00 0.344928 4.76
2000.00 0.344928 4.76
