0.00 0.561221 4.76
1.00 0.560092 4.76
2.00 0.558956 4.76
3.00 0.557814 4.76
4.00 0.556666 4.76
5.00 0.555511 4.76
6.00 0.554350 4.76
7.00 0.553182 4.76
8.00 0.552008 4.76
9.00 0.550827 4.76
10.00 0.549644 4.75
11.00 0.548465 4.75
12.00 0.547281 4.75
13.00 0.546093 4.75
14.00 0.544898 4.75
15.00 0.543698 4.75
16.00 0.542493 4.75
17.00 0.541281 4.75
18.00 0.540063 4.75
19.00 0.538839 4.75
20.00 0.537608 4.75
21.00 0.536370 4.75
22.00 0.535125 4.75
23.00 0.533875 4.74
24.00 0.532636 4.74
25.00 0.531390 4.74
26.00 0.530139 4.73
27.00 0.528903 4.72
28.00 0.527699 4.71
29.00 0.526497 4.71
30.00 0.525290 4.71
31.00 0.524079 4.71
32.00 0.522863 4.71
33.00 0.521642 4.71
34.00 0.520414 4.71
35.00 0.519180 4.71
36.00 0.517959 4.69
37.00 0.516764 4.69
38.00 0.515564 4.69
39.00 0.514359 4.69
40.00 0.513147 4.69
41.00 0.511929 4.69
42.00 0.510717 4.68
43.00 0.509516 4.68
44.00 0.508309 4.68
45.00 0.507095 4.68
46.00 0.505872 4.68
47.00 0.504644 4.67
48.00 0.503430 4.67
49.00 0.502208 4.67
50.00 0.500979 4.67
51.00 0.499742 4.67
52.00 0.498520 4.66
53.00 0.497293 4.66
54.00 0.496058 4.66
55.00 0.494860 4.63
56.00 0.493700 4.62
57.00 0.492578 4.60
58.00 0.491499 4.59
59.00 0.490423 4.59
60.00 0.489344 4.59
61.00 0.488259 4.58
62.00 0.487199 4.58
63.00 0.486135 4.58
64.00 0.485065 4.58
65.00 0.483989 4.58
66.00 0.482907 4.58
67.00 0.481818 4.58
68.00 0.480723 4.58
69.00 0.479622 4.57
70.00 0.478546 4.57
71.00 0.477468 4.56
72.00 0.476395 4.56
73.00 0.475315 4.56
74.00 0.474232 4.55
75.00 0.473163 4.55
76.00 0.472111 4.54
77.00 0.471070 4.52
78.00 0.470065 4.52
79.00 0.469089 4.50
80.00 0.468135 4.50
81.00 0.467177 4.50
82.00 0.466231 4.48
83.00 0.465309 4.48
84.00 0.464384 4.48
85.00 0.463458 4.47
86.00 0.462546 4.47
87.00 0.461631 4.47
88.00 0.460711 4.47
89.00 0.459786 4.47
90.00 0.458862 4.46
91.00 0.457959 4.46
92.00 0.457051 4.46
93.00 0.456138 4.46
94.00 0.455227 4.45
95.00 0.454324 4.45
96.00 0.453416 4.45
97.00 0.452502 4.45
98.00 0.451603 4.44
99.00 0.450706 4.43
100.00 0.449831 4.42
101.00 0.448980 4.42
102.00 0.448160 4.40
103.00 0.447354 4.39
104.00 0.446574 4.38
105.00 0.445805 4.38
106.00 0.445035 4.38
107.00 0.444261 4.38
108.00 0.443485 4.38
109.00 0.442705 4.38
110.00 0.441921 4.38
111.00 0.441133 4.38
112.00 0.440341 4.38
113.00 0.439548 4.37
114.00 0.438778 4.37
115.00 0.438002 4.37
116.00 0.437222 4.37
117.00 0.436437 4.37
118.00 0.435647 4.37
119.00 0.434851 4.37
120.00 0.434064 4.35
121.00 0.433298 4.35
122.00 0.432529 4.35
123.00 0.431770 4.34
124.00 0.431021 4.34
125.00 0.430295 4.33
126.00 0.429570 4.33
127.00 0.428841 4.33
128.00 0.428109 4.33
129.00 0.427392 4.31
130.00 0.426691 4.31
131.00 0.425987 4.31
132.00 0.425280 4.31
133.00 0.424598 4.28
134.00 0.423948 4.28
135.00 0.423297 4.28
136.00 0.422644 4.28
137.00 0.421993 4.27
138.00 0.421344 4.27
139.00 0.420692 4.27
140.00 0.420063 4.26
141.00 0.419436 4.26
142.00 0.418806 4.26
143.00 0.418174 4.26
144.00 0.417539 4.26
145.00 0.416901 4.26
146.00 0.416259 4.26
147.00 0.415614 4.26
148.00 0.414969 4.25
149.00 0.414340 4.24
150.00 0.413722 4.23
151.00 0.413125 4.23
152.00 0.412526 4.23
153.00 0.411925 4.23
154.00 0.411329 4.22
155.00 0.410758 4.21
156.00 0.410191 4.21
157.00 0.409622 4.21
158.00 0.409051 4.21
159.00 0.408478 4.21
160.00 0.407902 4.21
161.00 0.407324 4.21
162.00 0.406743 4.21
163.00 0.406159 4.21
164.00 0.405572 4.21
165.00 0.404982 4.21
166.00 0.404388 4.20
167.00 0.403820 4.19
168.00 0.403262 4.19
169.00 0.402702 4.19
170.00 0.402140 4.19
171.00 0.401598 4.17
172.00 0.401073 4.15
173.00 0.400586 4.15
174.00 0.400116 4.13
175.00 0.399655 4.13
176.00 0.399196 4.13
177.00 0.398738 4.13
178.00 0.398280 4.13
179.00 0.397822 4.13
180.00 0.397363 4.13
181.00 0.396905 4.13
182.00 0.396445 4.13
183.00 0.395984 4.13
184.00 0.395522 4.13
185.00 0.395063 4.12
186.00 0.394620 4.12
187.00 0.394177 4.12
188.00 0.393733 4.12
189.00 0.393288 4.12
190.00 0.392842 4.12
191.00 0.392394 4.12
192.00 0.391948 4.11
193.00 0.391522 4.11
194.00 0.391095 4.11
195.00 0.390668 4.11
196.00 0.390238 4.11
197.00 0.389808 4.11
198.00 0.389375 4.11
199.00 0.388948 4.10
200.00 0.388525 4.10
201.00 0.388100 4.10
202.00 0.387674 4.10
203.00 0.387246 4.10
204.00 0.386817 4.10
205.00 0.386385 4.10
206.00 0.385951 4.10
207.00 0.385515 4.10
208.00 0.385077 4.10
209.00 0.384636 4.10
210.00 0.384193 4.10
211.00 0.383754 4.08
212.00 0.383325 4.08
213.00 0.382895 4.08
214.00 0.382465 4.07
215.00 0.382052 4.07
216.00 0.381638 4.07
217.00 0.381235 4.06
218.00 0.380842 4.06
219.00 0.380449 4.06
220.00 0.380059 4.05
221.00 0.379670 4.05
222.00 0.379281 4.05
223.00 0.378891 4.05
224.00 0.378506 4.04
225.00 0.378127 4.04
226.00 0.377763 4.03
227.00 0.377400 4.03
228.00 0.377038 4.03
229.00 0.376675 4.03
230.00 0.376312 4.03
231.00 0.375948 4.03
232.00 0.375596 4.02
233.00 0.375255 4.01
234.00 0.374922 4.00
235.00 0.374599 4.00
236.00 0.374277 4.00
237.00 0.373955 4.00
238.00 0.373634 4.00
239.00 0.373314 4.00
240.00 0.372994 4.00
241.00 0.372673 4.00
242.00 0.372353 4.00
243.00 0.372033 4.00
244.00 0.371712 4.00
245.00 0.371391 4.00
246.00 0.371069 4.00
247.00 0.370747 4.00
248.00 0.370435 3.99
249.00 0.370135 3.98
250.00 0.369837 3.98
251.00 0.369541 3.98
252.00 0.369244 3.98
253.00 0.368947 3.98
254.00 0.368650 3.98
255.00 0.368352 3.98
256.00 0.368054 3.98
257.00 0.367756 3.98
258.00 0.367456 3.98
259.00 0.367156 3.98
260.00 0.366855 3.98
261.00 0.366553 3.98
262.00 0.366250 3.98
263.00 0.365945 3.98
264.00 0.365640 3.98
265.00 0.365333 3.98
266.00 0.365025 3.98
267.00 0.364715 3.98
268.00 0.364404 3.98
269.00 0.364091 3.98
270.00 0.363776 3.98
271.00 0.363468 3.97
272.00 0.363161 3.97
273.00 0.362853 3.97
274.00 0.362544 3.97
275.00 0.362233 3.97
276.00 0.361923 3.96
277.00 0.361615 3.95
278.00 0.361312 3.95
279.00 0.361008 3.95
280.00 0.360721 3.94
281.00 0.360436 3.93
282.00 0.360162 3.93
283.00 0.359901 3.92
284.00 0.359648 3.92
285.00 0.359397 3.92
286.00 0.359149 3.91
287.00 0.358903 3.91
288.00 0.358659 3.91
289.00 0.358414 3.91
290.00 0.358170 3.91
291.00 0.357927 3.91
292.00 0.357684 3.91
293.00 0.357441 3.91
294.00 0.357198 3.91
295.00 0.356955 3.91
296.00 0.356712 3.91
297.00 0.356469 3.91
298.00 0.356226 3.91
299.00 0.355982 3.91
300.00 0.355738 3.91
301.00 0.355500 3.90
302.00 0.355264 3.90
303.00 0.355029 3.90
304.00 0.354793 3.90
305.00 0.354558 3.90
306.00 0.354321 3.90
307.00 0.354085 3.90
308.00 0.353848 3.90
309.00 0.353611 3.90
310.00 0.353374 3.90
311.00 0.353140 3.89
312.00 0.352915 3.89
313.00 0.352690 3.89
314.00 0.352466 3.89
315.00 0.352241 3.89
316.00 0.352016 3.89
317.00 0.351801 3.88
318.00 0.351589 3.87
319.00 0.351377 3.87
320.00 0.351166 3.87
321.00 0.350956 3.87
322.00 0.350745 3.87
323.00 0.350535 3.87
324.00 0.350325 3.87
325.00 0.350115 3.87
326.00 0.349905 3.87
327.00 0.349707 3.86
328.00 0.349516 3.86
329.00 0.349325 3.86
330.00 0.349134 3.86
331.00 0.348948 3.85
332.00 0.348767 3.85
333.00 0.348587 3.85
334.00 0.348407 3.85
335.00 0.348228 3.85
336.00 0.348050 3.85
337.00 0.347872 3.85
338.00 0.347695 3.85
339.00 0.347518 3.85
340.00 0.347341 3.85
341.00 0.347164 3.85
342.00 0.346988 3.85
343.00 0.346812 3.85
344.00 0.346636 3.85
345.00 0.346459 3.85
346.00 0.346283 3.85
347.00 0.346107 3.85
348.00 0.345931 3.85
349.00 0.345754 3.85
350.00 0.345578 3.85
351.00 0.345401 3.85
352.00 0.345224 3.85
353.00 0.345046 3.85
354.00 0.344868 3.85
355.00 0.344690 3.85
356.00 0.344512 3.85
357.00 0.344333 3.85
358.00 0.344158 3.83
359.00 0.343989 3.83
360.00 0.343820 3.83
361.00 0.343651 3.83
362.00 0.343482 3.83
363.00 0.343313 3.83
364.00 0.343144 3.82
365.00 0.342983 3.82
366.00 0.342823 3.82
367.00 0.342662 3.82
368.00 0.342502 3.82
369.00 0.342343 3.82
370.00 0.342183 3.82
371.00 0.342031 3.81
372.00 0.341885 3.81
373.00 0.341739 3.81
374.00 0.341593 3.81
375.00 0.341449 3.81
376.00 0.341305 3.81
377.00 0.341161 3.81
378.00 0.341018 3.81
379.00 0.340875 3.81
380.00 0.340732 3.81
381.00 0.340590 3.81
382.00 0.340448 3.81
383.00 0.340310 3.80
384.00 0.340183 3.80
385.00 0.340057 3.80
386.00 0.339932 3.80
387.00 0.339808 3.80
388.00 0.339685 3.80
389.00 0.339562 3.80
390.00 0.339440 3.80
391.00 0.339318 3.80
392.00 0.339197 3.80
393.00 0.339077 3.80
394.00 0.338957 3.80
395.00 0.338837 3.80
396.00 0.338718 3.80
397.00 0.338599 3.80
398.00 0.338481 3.80
399.00 0.338362 3.80
400.00 0.338244 3.80
401.00 0.338126 3.80
402.00 0.338009 3.80
403.00 0.337891 3.80
404.00 0.337774 3.80
405.00 0.337657 3.80
406.00 0.337540 3.80
407.00 0.337423 3.80
408.00 0.337307 3.80
409.00 0.337190 3.80
410.00 0.337073 3.80
411.00 0.336957 3.80
412.00 0.336840 3.80
413.00 0.336723 3.80
414.00 0.336607 3.80
415.00 0.336490 3.80
416.00 0.336373 3.80
417.00 0.336256 3.80
418.00 0.336139 3.80
419.00 0.336022 3.80
420.00 0.335905 3.80
421.00 0.335788 3.80
422.00 0.335672 3.79
423.00 0.335560 3.79
424.00 0.335447 3.79
425.00 0.335335 3.79
426.00 0.335223 3.79
427.00 0.335111 3.79
428.00 0.334999 3.79
429.00 0.334887 3.79
430.00 0.334775 3.79
431.00 0.334663 3.79
432.00 0.334551 3.79
433.00 0.334439 3.79
434.00 0.334327 3.79
435.00 0.334215 3.79
436.00 0.334102 3.79
437.00 0.333990 3.79
438.00 0.333877 3.79
439.00 0.333765 3.79
440.00 0.333652 3.79
441.00 0.333538 3.79
442.00 0.333425 3.79
443.00 0.333312 3.79
444.00 0.333198 3.79
445.00 0.333087 3.78
446.00 0.332977 3.78
447.00 0.332866 3.78
448.00 0.332756 3.78
449.00 0.332645 3.78
450.00 0.332535 3.78
451.00 0.332424 3.78
452.00 0.332314 3.77
453.00 0.332211 3.77
454.00 0.332109 3.77
455.00 0.332007 3.77
456.00 0.331905 3.77
457.00 0.331804 3.77
458.00 0.331702 3.77
459.00 0.331601 3.77
460.00 0.331501 3.77
461.00 0.331400 3.77
462.00 0.331299 3.77
463.00 0.331199 3.77
464.00 0.331098 3.77
465.00 0.330998 3.76
466.00 0.330900 3.76
467.00 0.330801 3.76
468.00 0.330703 3.76
469.00 0.330605 3.76
470.00 0.330507 3.76
471.00 0.330409 3.76
472.00 0.330311 3.76
473.00 0.330218 3.75
474.00 0.330131 3.75
475.00 0.330045 3.75
476.00 0.329960 3.75
477.00 0.329875 3.75
478.00 0.329791 3.75
479.00 0.329707 3.75
480.00 0.329624 3.75
481.00 0.329541 3.75
482.00 0.329459 3.75
483.00 0.329377 3.75
484.00 0.329300 3.74
485.00 0.329224 3.74
486.00 0.329148 3.74
487.00 0.329073 3.74
488.00 0.328999 3.74
489.00 0.328925 3.74
490.00 0.328851 3.74
491.00 0.328780 3.73
492.00 0.328711 3.73
493.00 0.328643 3.73
494.00 0.328576 3.73
495.00 0.328509 3.73
496.00 0.328442 3.73
497.00 0.328376 3.73
498.00 0.328311 3.73
499.00 0.328246 3.73
500.00 0.328181 3.73
501.00 0.328117 3.73
502.00 0.328054 3.73
503.00 0.327990 3.73
504.00 0.327928 3.73
505.00 0.327865 3.73
506.00 0.327803 3.73
507.00 0.327742 3.73
508.00 0.327680 3.73
509.00 0.327620 3.73
510.00 0.327559 3.73
511.00 0.327499 3.73
512.00 0.327439 3.73
513.00 0.327379 3.73
514.00 0.327320 3.73
515.00 0.327261 3.73
516.00 0.327203 3.73
517.00 0.327144 3.73
518.00 0.327086 3.73
519.00 0.327028 3.73
520.00 0.326971 3.73
521.00 0.326914 3.73
522.00 0.326856 3.73
523.00 0.326800 3.73
524.00 0.326743 3.73
525.00 0.326687 3.73
526.00 0.326631 3.73
527.00 0.326575 3.73
528.00 0.326519 3.73
529.00 0.326464 3.73
530.00 0.326408 3.73
531.00 0.326353 3.73
532.00 0.326298 3.73
533.00 0.326244 3.73
534.00 0.326189 3.73
535.00 0.326135 3.73
536.00 0.326081 3.73
537.00 0.326027 3.73
538.00 0.325973 3.73
539.00 0.325919 3.73
540.00 0.325866 3.73
541.00 0.325812 3.73
542.00 0.325759 3.73
543.00 0.325706 3.73
544.00 0.325653 3.72
545.00 0.325603 3.72
546.00 0.325553 3.72
547.00 0.325503 3.72
548.00 0.325454 3.72
549.00 0.325405 3.72
550.00 0.325356 3.72
551.00 0.325308 3.72
552.00 0.325260 3.72
553.00 0.325212 3.72
554.00 0.325164 3.72
555.00 0.325117 3.72
556.00 0.325069 3.72
557.00 0.325022 3.72
558.00 0.324976 3.72
559.00 0.324929 3.72
560.00 0.324882 3.72
561.00 0.324836 3.72
562.00 0.324790 3.72
563.00 0.324744 3.72
564.00 0.324699 3.72
565.00 0.324653 3.72
566.00 0.324608 3.72
567.00 0.324562 3.72
568.00 0.324517 3.72
569.00 0.324472 3.72
570.00 0.324427 3.72
571.00 0.324383 3.72
572.00 0.324338 3.72
573.00 0.324294 3.72
574.00 0.324250 3.72
575.00 0.324205 3.72
576.00 0.324161 3.72
577.00 0.324118 3.72
578.00 0.324074 3.72
579.00 0.324030 3.72
580.00 0.323986 3.72
581.00 0.323943 3.72
582.00 0.323899 3.72
583.00 0.323856 3.72
584.00 0.323813 3.72
585.00 0.323770 3.72
586.00 0.323727 3.72
587.00 0.323684 3.72
588.00 0.323641 3.72
589.00 0.323598 3.72
590.00 0.323555 3.72
591.00 0.323512 3.72
592.00 0.323470 3.72
593.00 0.323427 3.72
594.00 0.323384 3.72
595.00 0.323342 3.72
596.00 0.323299 3.72
597.00 0.323257 3.72
598.00 0.323214 3.72
599.00 0.323172 3.72
600.00 0.323130 3.72
601.00 0.323090 3.71
602.00 0.323051 3.71
603.00 0.323013 3.71
604.00 0.322975 3.71
605.00 0.322937 3.71
606.00 0.322899 3.71
607.00 0.322862 3.71
608.00 0.322824 3.71
609.00 0.322787 3.71
610.00 0.322750 3.71
611.00 0.322713 3.70
612.00 0.322677 3.70
613.00 0.322641 3.70
614.00 0.322606 3.70
615.00 0.322570 3.70
616.00 0.322535 3.70
617.00 0.322499 3.70
618.00 0.322464 3.70
619.00 0.322429 3.70
620.00 0.322394 3.70
621.00 0.322359 3.70
622.00 0.322325 3.70
623.00 0.322290 3.70
624.00 0.322256 3.70
625.00 0.322221 3.70
626.00 0.322188 3.69
627.00 0.322156 3.69
628.00 0.322124 3.69
629.00 0.322092 3.69
630.00 0.322061 3.69
631.00 0.322030 3.69
632.00 0.321999 3.69
633.00 0.321969 3.69
634.00 0.321938 3.69
635.00 0.321908 3.69
636.00 0.321878 3.69
637.00 0.321848 3.69
638.00 0.321819 3.69
639.00 0.321789 3.69
640.00 0.321760 3.69
641.00 0.321731 3.69
642.00 0.321702 3.69
643.00 0.321673 3.69
644.00 0.321645 3.69
645.00 0.321616 3.69
646.00 0.321588 3.69
647.00 0.321560 3.69
648.00 0.321532 3.69
649.00 0.321504 3.69
650.00 0.321477 3.69
651.00 0.321449 3.69
652.00 0.321422 3.69
653.00 0.321394 3.69
654.00 0.321367 3.69
655.00 0.321340 3.69
656.00 0.321314 3.69
657.00 0.321287 3.69
658.00 0.321260 3.69
659.00 0.321234 3.69
660.00 0.321208 3.69
661.00 0.321182 3.69
662.00 0.321156 3.69
663.00 0.321130 3.69
664.00 0.321104 3.69
665.00 0.321078 3.69
666.00 0.321053 3.69
667.00 0.321027 3.69
668.00 0.321002 3.69
669.00 0.320977 3.69
670.00 0.320952 3.69
671.00 0.320927 3.69
672.00 0.320902 3.69
673.00 0.320877 3.69
674.00 0.320852 3.69
675.00 0.320828 3.69
676.00 0.320803 3.69
677.00 0.320779 3.69
678.00 0.320755 3.69
679.00 0.320731 3.69
680.00 0.320706 3.69
681.00 0.320682 3.69
682.00 0.320659 3.69
683.00 0.320635 3.69
684.00 0.320611 3.69
685.00 0.320588 3.69
686.00 0.320564 3.69
687.00 0.320541 3.69
688.00 0.320517 3.69
689.00 0.320494 3.69
690.00 0.320471 3.69
691.00 0.320450 3.68
692.00 0.320430 3.68
693.00 0.320411 3.68
694.00 0.320392 3.68
695.00 0.320374 3.68
696.00 0.320356 3.68
697.00 0.320338 3.68
698.00 0.320320 3.68
699.00 0.320303 3.68
700.00 0.320285 3.68
701.00 0.320268 3.68
702.00 0.320251 3.68
703.00 0.320235 3.68
704.00 0.320218 3.68
705.00 0.320202 3.68
706.00 0.320185 3.68
707.00 0.320169 3.68
708.00 0.320153 3.68
709.00 0.320137 3.68
710.00 0.320122 3.68
711.00 0.320106 3.68
712.00 0.320091 3.68
713.00 0.320076 3.68
714.00 0.320061 3.68
715.00 0.320046 3.67
716.00 0.320032 3.67
717.00 0.320019 3.67
718.00 0.320005 3.67
719.00 0.319992 3.67
720.00 0.319978 3.67
721.00 0.319965 3.67
722.00 0.319953 3.67
723.00 0.319940 3.67
724.00 0.319927 3.67
725.00 0.319915 3.67
726.00 0.319903 3.67
727.00 0.319890 3.67
728.00 0.319879 3.67
729.00 0.319867 3.67
730.00 0.319855 3.67
731.00 0.319843 3.67
732.00 0.319832 3.67
733.00 0.319821 3.67
734.00 0.319810 3.67
735.00 0.319798 3.67
736.00 0.319788 3.67
737.00 0.319777 3.67
738.00 0.319766 3.67
739.00 0.319755 3.67
740.00 0.319745 3.67
741.00 0.319735 3.67
742.00 0.319724 3.67
743.00 0.319714 3.67
744.00 0.319704 3.67
745.00 0.319694 3.67
746.00 0.319685 3.67
747.00 0.319675 3.67
748.00 0.319665 3.67
749.00 0.319656 3.67
750.00 0.319646 3.67
751.00 0.319637 3.67
752.00 0.319628 3.67
753.00 0.319619 3.67
754.00 0.319610 3.67
755.00 0.319601 3.67
756.00 0.319592 3.67
757.00 0.319583 3.67
758.00 0.319574 3.67
759.00 0.319566 3.67
760.00 0.319557 3.67
761.00 0.319549 3.67
762.00 0.319541 3.67
763.00 0.319532 3.67
764.00 0.319524 3.67
765.00 0.319516 3.67
766.00 0.319508 3.67
767.00 0.319500 3.67
768.00 0.319492 3.67
769.00 0.319484 3.67
770.00 0.319477 3.67
771.00 0.319469 3.67
772.00 0.319462 3.67
773.00 0.319454 3.67
774.00 0.319447 3.67
775.00 0.319439 3.67
776.00 0.319432 3.67
777.00 0.319425 3.67
778.00 0.319418 3.67
779.00 0.319411 3.67
780.00 0.319404 3.67
781.00 0.319397 3.67
782.00 0.319390 3.67
783.00 0.319383 3.67
784.00 0.319376 3.67
785.00 0.319370 3.67
786.00 0.319363 3.67
787.00 0.319357 3.67
788.00 0.319350 3.67
789.00 0.319344 3.67
790.00 0.319337 3.67
791.00 0.319331 3.67
792.00 0.319325 3.67
793.00 0.319319 3.67
794.00 0.319313 3.67
795.00 0.319307 3.67
796.00 0.319301 3.67
797.00 0.319295 3.67
798.00 0.319289 3.67
799.00 0.319283 3.67
800.00 0.319277 3.67
801.00 0.319271 3.67
802.00 0.319266 3.67
803.00 0.319260 3.67
804.00 0.319255 3.67
805.00 0.319249 3.67
806.00 0.319244 3.67
807.00 0.319238 3.67
808.00 0.319233 3.67
809.00 0.319228 3.67
810.00 0.319222 3.67
811.00 0.319217 3.67
812.00 0.319212 3.67
813.00 0.319207 3.67
814.00 0.319202 3.67
815.00 0.319197 3.67
816.00 0.319192 3.67
817.00 0.319187 3.67
818.00 0.319182 3.67
819.00 0.319177 3.67
820.00 0.319172 3.67
821.00 0.319167 3.67
822.00 0.319163 3.67
823.00 0.319158 3.67
824.00 0.319153 3.67
825.00 0.319149 3.67
826.00 0.319144 3.67
827.00 0.319140 3.67
828.00 0.319135 3.67
829.00 0.319131 3.67
830.00 0.319127 3.67
831.00 0.319122 3.67
832.00 0.319118 3.67
833.00 0.319114 3.67
834.00 0.319109 3.67
835.00 0.319105 3.67
836.00 0.319101 3.67
837.00 0.319097 3.67
838.00 0.319093 3.67
839.00 0.319089 3.67
840.00 0.319085 3.67
841.00 0.319081 3.67
842.00 0.319077 3.67
843.00 0.319073 3.67
844.00 0.319069 3.67
845.00 0.319065 3.67
846.00 0.319062 3.67
847.00 0.319058 3.67
848.00 0.319054 3.67
849.00 0.319051 3.67
850.00 0.319047 3.67
851.00 0.319043 3.67
852.00 0.319040 3.67
853.00 0.319036 3.67
854.00 0.319033 3.67
855.00 0.319029 3.67
856.00 0.319026 3.67
857.00 0.319022 3.67
858.00 0.319019 3.67
859.00 0.319015 3.67
860.00 0.319012 3.67
861.00 0.319009 3.67
862.00 0.319006 3.67
863.00 0.319002 3.67
864.00 0.318999 3.67
865.00 0.318996 3.67
866.00 0.318993 3.67
867.00 0.318990 3.67
868.00 0.318986 3.67
869.00 0.318983 3.67
870.00 0.318980 3.67
871.00 0.318977 3.67
872.00 0.318974 3.67
873.00 0.318971 3.67
874.00 0.318968 3.67
875.00 0.318965 3.67
876.00 0.318963 3.67
877.00 0.318960 3.67
878.00 0.318957 3.67
879.00 0.318954 3.67
880.00 0.318951 3.67
881.00 0.318948 3.67
882.00 0.318946 3.67
883.00 0.318943 3.67
884.00 0.318940 3.67
885.00 0.318938 3.67
886.00 0.318935 3.67
887.00 0.318932 3.67
888.00 0.318930 3.67
889.00 0.318927 3.67
890.00 0.318925 3.67
891.00 0.318922 3.67
892.00 0.318920 3.67
893.00 0.318917 3.67
894.00 0.318915 3.67
895.00 0.318912 3.67
896.00 0.318910 3.67
897.00 0.318907 3.67
898.00 0.318905 3.67
899.00 0.318903 3.67
900.00 0.318900 3.67
901.00 0.318898 3.67
902.00 0.318896 3.67
903.00 0.318893 3.67
904.00 0.318891 3.67
905.00 0.318889 3.67
906.00 0.318887 3.67
907.00 0.318885 3.67
908.00 0.318882 3.67
909.00 0.318880 3.67
910.00 0.318878 3.67
911.00 0.318876 3.67
912.00 0.318874 3.67
913.00 0.318872 3.67
914.00 0.318870 3.67
915.00 0.318868 3.67
916.00 0.318866 3.67
917.00 0.318864 3.67
918.00 0.318862 3.67
919.00 0.318860 3.67
920.00 0.318858 3.67
921.00 0.318856 3.67
922.00 0.318854 3.67
923.00 0.318852 3.67
924.00 0.318850 3.67
925.00 0.318848 3.67
926.00 0.318846 3.67
927.00 0.318844 3.67
928.00 0.318843 3.67
929.00 0.318841 3.67
930.00 0.318839 3.67
931.00 0.318837 3.67
932.00 0.318835 3.67
933.00 0.318834 3.67
934.00 0.318832 3.67
935.00 0.318830 3.67
936.00 0.318829 3.67
937.00 0.318827 3.67
938.00 0.318825 3.67
939.00 0.318824 3.67
940.00 0.318822 3.67
941.00 0.318820 3.67
942.00 0.318819 3.67
943.00 0.318817 3.67
944.00 0.318816 3.67
945.00 0.318814 3.67
946.00 0.318812 3.67
947.00 0.318811 3.67
948.00 0.318809 3.67
949.00 0.318808 3.67
950.00 0.318806 3.67
951.00 0.318805 3.67
952.00 0.318803 3.67
953.00 0.318802 3.67
954.00 0.318800 3.67
955.00 0.318799 3.67
956.00 0.318798 3.67
957.00 0.318796 3.67
958.00 0.318795 3.67
959.00 0.318793 3.67
960.00 0.318792 3.67
961.00 0.318791 3.67
962.00 0.318789 3.67
963.00 0.318788 3.67
964.00 0.318787 3.67
965.00 0.318785 3.67
966.00 0.318784 3.67
967.00 0.318783 3.67
968.00 0.318781 3.67
969.00 0.318780 3.67
970.00 0.318779 3.67
971.00 0.318778 3.67
972.00 0.318776 3.67
973.00 0.318775 3.67
974.00 0.318774 3.67
975.00 0.318773 3.67
976.00 0.318771 3.67
977.00 0.318770 3.67
978.00 0.318769 3.67
979.00 0.318768 3.67
980.00 0.318767 3.67
981.00 0.318766 3.67
982.00 0.318764 3.67
983.00 0.318763 3.67
984.00 0.318762 3.67
985.00 0.318761 3.67
986.00 0.318760 3.67
987.00 0.318759 3.67
988.00 0.318758 3.67
989.00 0.318757 3.67
990.00 0.318756 3.67
991.00 0.318755 3.67
992.00 0.318754 3.67
993.00 0.318753 3.67
994.00 0.318751 3.67
995.00 0.318750 3.67
996.00 0.318749 3.67
997.00 0.318748 3.67
998.00 0.318747 3.67
999.00 0.318746 3.67
1000.00 0.318746 3.67
1001.00 0.318745 3.67
1002.00 0.318744 3.67
1003.00 0.318743 3.67
1004.00 0.318742 3.67
1005.00 0.318741 3.67
1006.00 0.318740 3.67
1007.00 0.318739 3.67
1008.00 0.318738 3.67
1009.00 0.318737 3.67
1010.00 0.318736 3.67
1011.00 0.318735 3.67
1012.00 0.318734 3.67
1013.00 0.318734 3.67
1014.00 0.318733 3.67
1015.00 0.318732 3.67
1016.00 0.318731 3.67
1017.00 0.318730 3.67
1018.00 0.318729 3.67
1019.00 0.318729 3.67
1020.00 0.318728 3.67
1021.00 0.318727 3.67
1022.00 0.318726 3.67
1023.00 0.318725 3.67
1024.00 0.318725 3.67
1025.00 0.318724 3.67
1026.00 0.318723 3.67
1027.00 0.318722 3.67
1028.00 0.318721 3.67
1029.00 0.318721 3.67
1030.00 0.318720 3.67
1031.00 0.318719 3.67
1032.00 0.318718 3.67
1033.00 0.318718 3.67
1034.00 0.318717 3.67
1035.00 0.318716 3.67
1036.00 0.318716 3.67
1037.00 0.318715 3.67
1038.00 0.318714 3.67
1039.00 0.318713 3.67
1040.00 0.318713 3.67
1041.00 0.318712 3.67
1042.00 0.318711 3.67
1043.00 0.318711 3.67
1044.00 0.318710 3.67
1045.00 0.318709 3.67
1046.00 0.318709 3.67
1047.00 0.318708 3.67
1048.00 0.318707 3.67
1049.00 0.318707 3.67
1050.00 0.318706 3.67
1051.00 0.318706 3.67
1052.00 0.318705 3.67
1053.00 0.318704 3.67
1054.00 0.318704 3.67
1055.00 0.318703 3.67
1056.00 0.318702 3.67
1057.00 0.318702 3.67
1058.00 0.318701 3.67
1059.00 0.318701 3.67
1060.00 0.318700 3.67
1061.00 0.318700 3.67
1062.00 0.318699 3.67
1063.00 0.318698 3.67
1064.00 0.318698 3.67
1065.00 0.318697 3.67
1066.00 0.318697 3.67
1067.00 0.318696 3.67
1068.00 0.318696 3.67
1069.00 0.318695 3.67
1070.00 0.318695 3.67
1071.00 0.318694 3.67
1072.00 0.318694 3.67
1073.00 0.318693 3.67
1074.00 0.318693 3.67
1075.00 0.318692 3.67
1076.00 0.318692 3.67
1077.00 0.318691 3.67
1078.00 0.318691 3.67
1079.00 0.318690 3.67
1080.00 0.318690 3.67
1081.00 0.318689 3.67
1082.00 0.318689 3.67
1083.00 0.318688 3.67
1084.00 0.318688 3.67
1085.00 0.318687 3.67
1086.00 0.318687 3.67
1087.00 0.318686 3.67
1088.00 0.318686 3.67
1089.00 0.318685 3.67
1090.00 0.318685 3.67
1091.00 0.318684 3.67
1092.00 0.318684 3.67
1093.00 0.318684 3.67
1094.00 0.318683 3.67
1095.00 0.318683 3.67
1096.00 0.318682 3.67
1097.00 0.318682 3.67
1098.00 0.318681 3.67
1099.00 0.318681 3.67
1100.00 0.318681 3.67
1101.00 0.318680 3.67
1102.00 0.318680 3.67
1103.00 0.318679 3.67
1104.00 0.318679 3.67
1105.00 0.318679 3.67
1106.00 0.318678 3.67
1107.00 0.318678 3.67
1108.00 0.318677 3.67
1109.00 0.318677 3.67
1110.00 0.318677 3.67
1111.00 0.318676 3.67
1112.00 0.318676 3.67
1113.00 0.318676 3.67
1114.00 0.318675 3.67
1115.00 0.318675 3.67
1116.00 0.318675 3.67
1117.00 0.318674 3.67
1118.00 0.318674 3.67
1119.00 0.318673 3.67
1120.00 0.318673 3.67
1121.00 0.318673 3.67
1122.00 0.318672 3.67
1123.00 0.318672 3.67
1124.00 0.318672 3.67
1125.00 0.318671 3.67
1126.00 0.318671 3.67
1127.00 0.318671 3.67
1128.00 0.318670 3.67
1129.00 0.318670 3.67
1130.00 0.318670 3.67
1131.00 0.318670 3.67
1132.00 0.318669 3.67
1133.00 0.318669 3.67
1134.00 0.318669 3.67
1135.00 0.318668 3.67
1136.00 0.318668 3.67
1137.00 0.318668 3.67
1138.00 0.318667 3.67
1139.00 0.318667 3.67
1140.00 0.318667 3.67
1141.00 0.318667 3.67
1142.00 0.318666 3.67
1143.00 0.318666 3.67
1144.00 0.318666 3.67
1145.00 0.318665 3.67
1146.00 0.318665 3.67
1147.00 0.318665 3.67
1148.00 0.318665 3.67
1149.00 0.318664 3.67
1150.00 0.318664 3.67
1151.00 0.318664 3.67
1152.00 0.318664 3.67
1153.00 0.318663 3.67
1154.00 0.318663 3.67
1155.00 0.318663 3.67
1156.00 0.318662 3.67
1157.00 0.318662 3.67
1158.00 0.318662 3.67
1159.00 0.318662 3.67
1160.00 0.318662 3.67
1161.00 0.318661 3.67
1162.00 0.318661 3.67
1163.00 0.318661 3.67
1164.00 0.318661 3.67
1165.00 0.318660 3.67
1166.00 0.318660 3.67
1167.00 0.318660 3.67
1168.00 0.318660 3.67
1169.00 0.318659 3.67
1170.00 0.318659 3.67
1171.00 0.318659 3.67
1172.00 0.318659 3.67
1173.00 0.318659 3.67
1174.00 0.318658 3.67
1175.00 0.318658 3.67
1176.00 0.318658 3.67
1177.00 0.318658 3.67
1178.00 0.318657 3.67
1179.00 0.318657 3.67
1180.00 0.318657 3.67
1181.00 0.318657 3.67
1182.00 0.318657 3.67
1183.00 0.318656 3.67
1184.00 0.318656 3.67
1185.00 0.318656 3.67
1186.00 0.318656 3.67
1187.00 0.318656 3.67
1188.00 0.318655 3.67
1189.00 0.318655 3.67
1190.00 0.318655 3.67
1191.00 0.318655 3.67
1192.00 0.318655 3.67
1193.00 0.318655 3.67
1194.00 0.318654 3.67
1195.00 0.318654 3.67
1196.00 0.318654 3.67
1197.00 0.318654 3.67
1198.00 0.318654 3.67
1199.00 0.318653 3.67
1200.00 0.318653 3.67
1201.00 0.318653 3.67
1202.00 0.318653 3.67
1203.00 0.318653 3.67
1204.00 0.318653 3.67
1205.00 0.318652 3.67
1206.00 0.318652 3.67
1207.00 0.318652 3.67
1208.00 0.318652 3.67
1209.00 0.318652 3.67
1210.00 0.318652 3.67
1211.00 0.318651 3.67
1212.00 0.318651 3.67
1213.00 0.318651 3.67
1214.00 0.318651 3.67
1215.00 0.318651 3.67
1216.00 0.318651 3.67
1217.00 0.318651 3.67
1218.00 0.318650 3.67
1219.00 0.318650 3.67
1220.00 0.318650 3.67
1221.00 0.318650 3.67
1222.00 0.318650 3.67
1223.00 0.318650 3.67
1224.00 0.318650 3.67
1225.00 0.318649 3.67
1226.00 0.318649 3.67
1227.00 0.318649 3.67
1228.00 0.318649 3.67
1229.00 0.318649 3.67
1230.00 0.318649 3.67
1231.00 0.318649 3.67
1232.00 0.318648 3.67
1233.00 0.318648 3.67
1234.00 0.318648 3.67
1235.00 0.318648 3.67
1236.00 0.318648 3.67
1237.00 0.318648 3.67
1238.00 0.318648 3.67
1239.00 0.318648 3.67
1240.00 0.318647 3.67
1241.00 0.318647 3.67
1242.00 0.318647 3.67
1243.00 0.318647 3.67
1244.00 0.318647 3.67
1245.00 0.318647 3.67
1246.00 0.318647 3.67
1247.00 0.318647 3.67
1248.00 0.318646 3.67
1249.00 0.318646 3.67
1250.00 0.318646 3.67
1251.00 0.318646 3.67
1252.00 0.318646 3.67
1253.00 0.318646 3.67
1254.00 0.318646 3.67
1255.00 0.318646 3.67
1256.00 0.318646 3.67
1257.00 0.318645 3.67
1258.00 0.318645 3.67
1259.00 0.318645 3.67
1260.00 0.318645 3.67
1261.00 0.318645 3.67
1262.00 0.318645 3.67
1263.00 0.318645 3.67
1264.00 0.318645 3.67
1265.00 0.318645 3.67
1266.00 0.318645 3.67
1267.00 0.318644 3.67
1268.00 0.318644 3.67
1269.00 0.318644 3.67
1270.00 0.318644 3.67
1271.00 0.318644 3.67
1272.00 0.318644 3.67
1273.00 0.318644 3.67
1274.00 0.318644 3.67
1275.00 0.318644 3.67
1276.00 0.318644 3.67
1277.00 0.318644 3.67
1278.00 0.318643 3.67
1279.00 0.318643 3.67
1280.00 0.318643 3.67
1281.00 0.318643 3.67
1282.00 0.318643 3.67
1283.00 0.318643 3.67
1284.00 0.318643 3.67
1285.00 0.318643 3.67
1286.00 0.318643 3.67
1287.00 0.318643 3.67
1288.00 0.318643 3.67
1289.00 0.318643 3.67
1290.00 0.318642 3.67
1291.00 0.318642 3.67
1292.00 0.318642 3.67
1293.00 0.318642 3.67
1294.00 0.318642 3.67
1295.00 0.318642 3.67
1296.00 0.318642 3.67
1297.00 0.318642 3.67
1298.00 0.318642 3.67
1299.00 0.318642 3.67
1300.00 0.318642 3.67
1301.00 0.318642 3.67
1302.00 0.318642 3.67
1303.00 0.318641 3.67
1304.00 0.318641 3.67
1305.00 0.318641 3.67
1306.00 0.318641 3.67
1307.00 0.318641 3.67
1308.00 0.318641 3.67
1309.00 0.318641 3.67
1310.00 0.318641 3.67
1311.00 0.318641 3.67
1312.00 0.318641 3.67
1313.00 0.318641 3.67
1314.00 0.318641 3.67
1315.00 0.318641 3.67
1316.00 0.318641 3.67
1317.00 0.318641 3.67
1318.00 0.318640 3.67
1319.00 0.318640 3.67
1320.00 0.318640 3.67
1321.00 0.318640 3.67
1322.00 0.318640 3.67
1323.00 0.318640 3.67
1324.00 0.318640 3.67
1325.00 0.318640 3.67
1326.00 0.318640 3.67
1327.00 0.318640 3.67
1328.00 0.318640 3.67
1329.00 0.318640 3.67
1330.00 0.318640 3.67
1331.00 0.318640 3.67
1332.00 0.318640 3.67
1333.00 0.318640 3.67
1334.00 0.318640 3.67
1335.00 0.318639 3.67
1336.00 0.318639 3.67
1337.00 0.318639 3.67
1338.00 0.318639 3.67
1339.00 0.318639 3.67
1340.00 0.318639 3.67
1341.00 0.318639 3.67
1342.00 0.318639 3.67
1343.00 0.318639 3.67
1344.00 0.318639 3.67
1345.00 0.318639 3.67
1346.00 0.318639 3.67
1347.00 0.318639 3.67
1348.00 0.318639 3.67
1349.00 0.318639 3.67
1350.00 0.318639 3.67
1351.00 0.318639 3.67
1352.00 0.318639 3.67
1353.00 0.318639 3.67
1354.00 0.318639 3.67
1355.00 0.318638 3.67
1356.00 0.318638 3.67
1357.00 0.318638 3.67
1358.00 0.318638 3.67
1359.00 0.318638 3.67
1360.00 0.318638 3.67
1361.00 0.318638 3.67
1362.00 0.318638 3.67
1363.00 0.318638 3.67
1364.00 0.318638 3.67
1365.00 0.318638 3.67
1366.00 0.318638 3.67
1367.00 0.318638 3.67
1368.00 0.318638 3.67
1369.00 0.318638 3.67
1370.00 0.318638 3.67
1371.00 0.318638 3.67
1372.00 0.318638 3.67
1373.00 0.318638 3.67
1374.00 0.318638 3.67
1375.00 0.318638 3.67
1376.00 0.318638 3.67
1377.00 0.318638 3.67
1378.00 0.318638 3.67
1379.00 0.318638 3.67
1380.00 0.318637 3.67
1381.00 0.318637 3.67
1382.00 0.318637 3.67
1383.00 0.318637 3.67
1384.00 0.318637 3.67
1385.00 0.318637 3.67
1386.00 0.318637 3.67
1387.00 0.318637 3.67
1388.00 0.318637 3.67
1389.00 0.318637 3.67
1390.00 0.318637 3.67
1391.00 0.318637 3.67
1392.00 0.318637 3.67
1393.00 0.318637 3.67
1394.00 0.318637 3.67
1395.00 0.318637 3.67
1396.00 0.318637 3.67
1397.00 0.318637 3.67
1398.00 0.318637 3.67
1399.00 0.318637 3.67
1400.00 0.318637 3.67
1401.00 0.318637 3.67
1402.00 0.318637 3.67
1403.00 0.318637 3.67
1404.00 0.318637 3.67
1405.00 0.318637 3.67
1406.00 0.318637 3.67
1407.00 0.318637 3.67
1408.00 0.318637 3.67
1409.00 0.318637 3.67
1410.00 0.318636 3.67
1411.00 0.318636 3.67
1412.00 0.318636 3.67
1413.00 0.318636 3.67
1414.00 0.318636 3.67
1415.00 0.318636 3.67
1416.00 0.318636 3.67
1417.00 0.318636 3.67
1418.00 0.318636 3.67
1419.00 0.318636 3.67
1420.00 0.318636 3.67
1421.00 0.318636 3.67
1422.00 0.318636 3.67
1423.00 0.318636 3.67
1424.00 0.318636 3.67
1425.00 0.318636 3.67
1426.00 0.318636 3.67
1427.00 0.318636 3.67
1428.00 0.318636 3.67
1429.00 0.318636 3.67
1430.00 0.318636 3.67
1431.00 0.318636 3.67
1432.00 0.318636 3.67
1433.00 0.318636 3.67
1434.00 0.318636 3.67
1435.00 0.318636 3.67
1436.00 0.318636 3.67
1437.00 0.318636 3.67
1438.00 0.318636 3.67
1439.00 0.318636 3.67
1440.00 0.318636 3.67
1441.00 0.318636 3.67
1442.00 0.318636 3.67
1443.00 0.318636 3.67
1444.00 0.318636 3.67
1445.00 0.318636 3.67
1446.00 0.318636 3.67
1447.00 0.318636 3.67
1448.00 0.318636 3.67
1449.00 0.318636 3.67
1450.00 0.318636 3.67
1451.00 0.318636 3.67
1452.00 0.318635 3.67
1453.00 0.318635 3.67
1454.00 0.318635 3.67
1455.00 0.318635 3.67
1456.00 0.318635 3.67
1457.00 0.318635 3.67
1458.00 0.318635 3.67
1459.00 0.318635 3.67
1460.00 0.318635 3.67
1461.00 0.318635 3.67
1462.00 0.318635 3.67
1463.00 0.318635 3.67
1464.00 0.318635 3.67
1465.00 0.318635 3.67
1466.00 0.318635 3.67
1467.00 0.318635 3.67
1468.00 0.318635 3.67
1469.00 0.318635 3.67
1470.00 0.318635 3.67
1471.00 0.318635 3.67
1472.00 0.318635 3.67
1473.00 0.318635 3.67
1474.00 0.318635 3.67
1475.00 0.318635 3.67
1476.00 0.318635 3.67
1477.00 0.318635 3.67
1478.00 0.318635 3.67
1479.00 0.318635 3.67
1480.00 0.318635 3.67
1481.00 0.318635 3.67
1482.00 0.318635 3.67
1483.00 0.318635 3.67
1484.00 0.318635 3.67
1485.00 0.318635 3.67
1486.00 0.318635 3.67
1487.00 0.318635 3.67
1488.00 0.318635 3.67
1489.00 0.318635 3.67
1490.00 0.318635 3.67
1491.00 0.318635 3.67
1492.00 0.318635 3.67
1493.00 0.318635 3.67
1494.00 0.318635 3.67
1495.00 0.318635 3.67
1496.00 0.318635 3.67
1497.00 0.318635 3.67
1498.00 0.318635 3.67
1499.00 0.318635 3.67
1500.00 0.318635 3.67
1501.00 0.318635 3.67
1502.00 0.318635 3.67
1503.00 0.318635 3.67
1504.00 0.318635 3.67
1505.00 0.318635 3.67
1506.00 0.318635 3.67
1507.00 0.318635 3.67
1508.00 0.318635 3.67
1509.00 0.318635 3.67
1510.00 0.318635 3.67
1511.00 0.318635 3.67
1512.00 0.318635 3.67
1513.00 0.318635 3.67
1514.00 0.318635 3.67
1515.00 0.318635 3.67
1516.00 0.318635 3.67
1517.00 0.318635 3.67
1518.00 0.318634 3.67
1519.00 0.318634 3.67
1520.00 0.318634 3.67
1521.00 0.318634 3.67
1522.00 0.318634 3.67
1523.00 0.318634 3.67
1524.00 0.318634 3.67
1525.00 0.318634 3.67
1526.00 0.318634 3.67
1527.00 0.318634 3.67
1528.00 0.318634 3.67
1529.00 0.318634 3.67
1530.00 0.318634 3.67
1531.00 0.318634 3.67
1532.00 0.318634 3.67
1533.00 0.318634 3.67
1534.00 0.318634 3.67
1535.00 0.318634 3.67
1536.00 0.318634 3.67
1537.00 0.318634 3.67
1538.00 0.318634 3.67
1539.00 0.318634 3.67
1540.00 0.318634 3.67
1541.00 0.318634 3.67
1542.00 0.318634 3.67
1543.00 0.318634 3.67
1544.00 0.318634 3.67
1545.00 0.318634 3.67
1546.00 0.318634 3.67
1547.00 0.318634 3.67
1548.00 0.318634 3.67
1549.00 0.318634 3.67
1550.00 0.318634 3.67
1551.00 0.318634 3.67
1552.00 0.318634 3.67
1553.00 0.318634 3.67
1554.00 0.318634 3.67
1555.00 0.318634 3.67
1556.00 0.318634 3.67
1557.00 0.318634 3.67
1558.00 0.318634 3.67
1559.00 0.318634 3.67
1560.00 0.318634 3.67
1561.00 0.318634 3.67
1562.00 0.318634 3.67
1563.00 0.318634 3.67
1564.00 0.318634 3.67
1565.00 0.318634 3.67
1566.00 0.318634 3.67
1567.00 0.318634 3.67
1568.00 0.318634 3.67
1569.00 0.318634 3.67
1570.00 0.318634 3.67
1571.00 0.318634 3.67
1572.00 0.318634 3.67
1573.00 0.318634 3.67
1574.00 0.318634 3.67
1575.00 0.318634 3.67
1576.00 0.318634 3.67
1577.00 0.318634 3.67
1578.00 0.318634 3.67
1579.00 0.318634 3.67
1580.00 0.318634 3.67
1581.00 0.318634 3.67
1582.00 0.318634 3.67
1583.00 0.318634 3.67
1584.00 0.318634 3.67
1585.00 0.318634 3.67
1586.00 0.318634 3.67
1587.00 0.318634 3.67
1588.00 0.318634 3.67
1589.00 0.318634 3.67
1590.00 0.318634 3.67
1591.00 0.318634 3.67
1592.00 0.318634 3.67
1593.00 0.318634 3.67
1594.00 0.318634 3.67
1595.00 0.318634 3.67
1596.00 0.318634 3.67
1597.00 0.318634 3.67
1598.00 0.318634 3.67
1599.00 0.318634 3.67
1600.00 0.318634 3.67
1601.00 0.318634 3.67
1602.00 0.318634 3.67
1603.00 0.318634 3.67
1604.00 0.318634 3.67
1605.00 0.318634 3.67
1606.00 0.318634 3.67
1607.00 0.318634 3.67
1608.00 0.318634 3.67
1609.00 0.318634 3.67
1610.00 0.318634 3.67
1611.00 0.318634 3.67
1612.00 0.318634 3.67
1613.00 0.318634 3.67
1614.00 0.318634 3.67
1615.00 0.318634 3.67
1616.00 0.318634 3.67
1617.00 0.318634 3.67
1618.00 0.318634 3.67
1619.00 0.318634 3.67
1620.00 0.318634 3.67
1621.00 0.318634 3.67
1622.00 0.318634 3.67
1623.00 0.318634 3.67
1624.00 0.318634 3.67
1625.00 0.318634 3.67
1626.00 0.318634 3.67
1627.00 0.318634 3.67
1628.00 0.318634 3.67
1629.00 0.318634 3.67
1630.00 0.318634 3.67
1631.00 0.318634 3.67
1632.00 0.318634 3.67
1633.00 0.318634 3.67
1634.00 0.318634 3.67
1635.00 0.318634 3.67
1636.00 0.318634 3.67
1637.00 0.318634 3.67
1638.00 0.318634 3.67
1639.00 0.318634 3.67
1640.00 0.318634 3.67
1641.00 0.318634 3.67
1642.00 0.318634 3.67
1643.00 0.318634 3.67
1644.00 0.318634 3.67
1645.00 0.318634 3.67
1646.00 0.318634 3.67
1647.00 0.318634 3.67
1648.00 0.318634 3.67
1649.00 0.318634 3.67
1650.00 0.318634 3.67
1651.00 0.318634 3.67
1652.00 0.318634 3.67
1653.00 0.318634 3.67
1654.00 0.318634 3.67
1655.00 0.318634 3.67
1656.00 0.318634 3.67
1657.00 0.318634 3.67
1658.00 0.318634 3.67
1659.00 0.318634 3.67
1660.00 0.318634 3.67
1661.00 0.318634 3.67
1662.00 0.318634 3.67
1663.00 0.318634 3.67
1664.00 0.318634 3.67
1665.00 0.318634 3.67
1666.00 0.318634 3.67
1667.00 0.318634 3.67
1668.00 0.318634 3.67
1669.00 0.318634 3.67
1670.00 0.318634 3.67
1671.00 0.318634 3.67
1672.00 0.318634 3.67
1673.00 0.318634 3.67
1674.00 0.318634 3.67
1675.00 0.318634 3.67
1676.00 0.318634 3.67
1677.00 0.318634 3.67
1678.00 0.318634 3.67
1679.00 0.318634 3.67
1680.00 0.318634 3.67
1681.00 0.318634 3.67
1682.00 0.318634 3.67
1683.00 0.318634 3.67
1684.00 0.318634 3.67
1685.00 0.318634 3.67
1686.00 0.318634 3.67
1687.00 0.318633 3.67
1688.00 0.318633 3.67
1689.00 0.318633 3.67
1690.00 0.318633 3.67
1691.00 0.318633 3.67
1692.00 0.318633 3.67
1693.00 0.318633 3.67
1694.00 0.318633 3.67
1695.00 0.318633 3.67
1696.00 0.318633 3.67
1697.00 0.318633 3.67
1698.00 0.318633 3.67
1699.00 0.318633 3.67
1700.00 0.318633 3.67
1701.00 0.318633 3.67
1702.00 0.318633 3.67
1703.00 0.318633 3.67
1704.00 0.318633 3.67
1705.00 0.318633 3.67
1706.00 0.318633 3.67
1707.00 0.318633 3.67
1708.00 0.318633 3.67
1709.00 0.318633 3.67
1710.00 0.318633 3.67
1711.00 0.318633 3.67
1712.00 0.318633 3.67
1713.00 0.318633 3.67
1714.00 0.318633 3.67
1715.00 0.318633 3.67
1716.00 0.318633 3.67
1717.00 0.318633 3.67
1718.00 0.318633 3.67
1719.00 0.318633 3.67
1720.00 0.318633 3.67
1721.00 0.318633 3.67
1722.00 0.318633 3.67
1723.00 0.318633 3.67
1724.00 0.318633 3.67
1725.00 0.318633 3.67
1726.00 0.318633 3.67
1727.00 0.318633 3.67
1728.00 0.318633 3.67
1729.00 0.318633 3.67
1730.00 0.318633 3.67
1731.00 0.318633 3.67
1732.00 0.318633 3.67
1733.00 0.318633 3.67
1734.00 0.318633 3.67
1735.00 0.318633 3.67
1736.00 0.318633 3.67
1737.00 0.318633 3.67
1738.00 0.318633 3.67
1739.00 0.318633 3.67
1740.00 0.318633 3.67
1741.00 0.318633 3.67
1742.00 0.318633 3.67
1743.00 0.318633 3.67
1744.00 0.318633 3.67
1745.00 0.318633 3.67
1746.00 0.318633 3.67
1747.00 0.318633 3.67
1748.00 0.318633 3.67
1749.00 0.318633 3.67
1750.00 0.318633 3.67
1751.00 0.318633 3.67
1752.00 0.318633 3.67
1753.00 0.318633 3.67
1754.00 0.318633 3.67
1755.00 0.318633 3.67
1756.00 0.318633 3.67
1757.00 0.318633 3.67
1758.00 0.318633 3.67
1759.00 0.318633 3.67
1760.00 0.318633 3.67
1761.00 0.318633 3.67
1762.00 0.318633 3.67
1763.00 0.318633 3.67
1764.00 0.318633 3.67
1765.00 0.318633 3.67
1766.00 0.318633 3.67
1767.00 0.318633 3.67
1768.00 0.318633 3.67
1769.00 0.318633 3.67
1770.00 0.318633 3.67
1771.00 0.318633 3.67
1772.00 0.318633 3.67
1773.00 0.318633 3.67
1774.00 0.318633 3.67
1775.00 0.318633 3.67
1776.00 0.318633 3.67
1777.00 0.318633 3.67
1778.00 0.318633 3.67
1779.00 0.318633 3.67
1780.00 0.318633 3.67
1781.00 0.318633 3.67
1782.00 0.318633 3.67
1783.00 0.318633 3.67
1784.00 0.318633 3.67
1785.00 0.318633 3.67
1786.00 0.318633 3.67
1787.00 0.318633 3.67
1788.00 0.318633 3.67
1789.00 0.318633 3.67
1790.00 0.318633 3.67
1791.00 0.318633 3.67
1792.00 0.318633 3.67
1793.00 0.318633 3.67
1794.00 0.318633 3.67
1795.00 0.318633 3.67
1796.00 0.318633 3.67
1797.00 0.318633 3.67
1798.00 0.318633 3.67
1799.00 0.318633 3.67
1800.00 0.318633 3.67
1801.00 0.318633 3.67
1802.00 0.318633 3.67
1803.00 0.318633 3.67
1804.00 0.318633 3.67
1805.00 0.318633 3.67
1806.00 0.318633 3.67
1807.00 0.318633 3.67
1808.00 0.318633 3.67
1809.00 0.318633 3.67
1810.00 0.318633 3.67
1811.00 0.318633 3.67
1812.00 0.318633 3.67
1813.00 0.318633 3.67
1814.00 0.318633 3.67
1815.00 0.318633 3.67
1816.00 0.318633 3.67
1817.00 0.318633 3.67
1818.00 0.318633 3.67
1819.00 0.318633 3.67
1820.00 0.318633 3.67
1821.00 0.318633 3.67
1822.00 0.318633 3.67
1823.00 0.318633 3.67
1824.00 0.318633 3.67
1825.00 0.318633 3.67
1826.00 0.318633 3.67
1827.00 0.318633 3.67
1828.00 0.318633 3.67
1829.00 0.318633 3.67
1830.00 0.318633 3.67
1831.00 0.318633 3.67
1832.00 0.318633 3.67
1833.00 0.318633 3.67
1834.00 0.318633 3.67
1835.00 0.318633 3.67
1836.00 0.318633 3.67
1837.00 0.318633 3.67
1838.00 0.318633 3.67
1839.00 0.318633 3.67
1840.00 0.318633 3.67
1841.00 0.318633 3.67
1842.00 0.318633 3.67
1843.00 0.318633 3.67
1844.00 0.318633 3.67
1845.00 0.318633 3.67
1846.00 0.318633 3.67
1847.00 0.318633 3.67
1848.00 0.318633 3.67
1849.00 0.318633 3.67
1850.00 0.318633 3.67
1851.00 0.318633 3.67
1852.00 0.318633 3.67
1853.00 0.318633 3.67
1854.00 0.318633 3.67
1855.00 0.318633 3.67
1856.00 0.318633 3.67
1857.00 0.318633 3.67
1858.00 0.318633 3.67
1859.00 0.318633 3.67
1860.00 0.318633 3.67
1861.00 0.318633 3.67
1862.00 0.318633 3.67
1863.00 0.318633 3.67
1864.00 0.318633 3.67
1865.00 0.318633 3.67
1866.00 0.318633 3.67
1867.00 0.318633 3.67
1868.00 0.318633 3.67
1869.00 0.318633 3.67
1870.00 0.318633 3.67
1871.00 0.318633 3.67
1872.00 0.318633 3.67
1873.00 0.318633 3.67
1874.00 0.318633 3.67
1875.00 0.318633 3.67
1876.00 0.318633 3.67
1877.00 0.318633 3.67
1878.00 0.318633 3.67
1879.00 0.318633 3.67
1880.00 0.318633 3.67
1881.00 0.318633 3.67
1882.00 0.318633 3.67
1883.00 0.318633 3.67
1884.00 0.318633 3.67
1885.00 0.318633 3.67
1886.00 0.318633 3.67
1887.00 0.318633 3.67
1888.00 0.318633 3.67
1889.00 0.318633 3.67
1890.00 0.318633 3.67
1891.00 0.318633 3.67
1892.00 0.318633 3.67
1893.00 0.318633 3.67
1894.00 0.318633 3.67
1895.00 0.318633 3.67
1896.00 0.318633 3.67
1897.00 0.318633 3.67
1898.00 0.318633 3.67
1899.00 0.318633 3.67
1900.00 0.318633 3.67
1901.00 0.318633 3.67
1902.00 0.318633 3.67
1903.00 0.318633 3.67
1904.00 0.318633 3.67
1905.00 0.318633 3.67
1906.00 0.318633 3.67
1907.00 0.318633 3.67
1908.00 0.318633 3.67
1909.00 0.318633 3.67
1910.00 0.318633 3.67
1911.00 0.318633 3.67
1912.00 0.318633 3.67
1913.00 0.318633 3.67
1914.00 0.318633 3.67
1915.00 0.318633 3.67
1916.00 0.318633 3.67
1917.00 0.318633 3.67
1918.00 0.318633 3.67
1919.00 0.318633 3.67
1920.00 0.318633 3.67
1921.00 0.318633 3.67
1922.00 0.318633 3.67
1923.00 0.318633 3.67
1924.00 0.318633 3.67
1925.00 0.318633 3.67
1926.00 0.318633 3.67
1927.00 0.318633 3.67
1928.00 0.318633 3.67
1929.00 0.318633 3.67
1930.00 0.318633 3.67
1931.00 0.318633 3.67
1932.00 0.318633 3.67
1933.00 0.318633 3.67
1934.00 0.318633 3.67
1935.00 0.318633 3.67
1936.00 0.318633 3.67
1937.00 0.318633 3.67
1938.00 0.318633 3.67
1939.00 0.318633 3.67
1940.00 0.318633 3.67
1941.00 0.318633 3.67
1942.00 0.318633 3.67
1943.00 0.318633 3.67
1944.00 0.318633 3.67
1945.00 0.318633 3.67
1946.00 0.318633 3.67
1947.00 0.318633 3.67
1948.00 0.318633 3.67
1949.00 0.318633 3.67
1950.00 0.318633 3.67
1951.00 0.318633 3.67
1952.00 0.318633 3.67
1953.00 0.318633 3.67
1954.00 0.318633 3.67
1955.00 0.318633 3.67
1956.00 0.318633 3.67
1957.00 0.318633 3.67
1958.00 0.318633 3.67
1959.00 0.318633 3.67
1960.00 0.318633 3.67
1961.00 0.318633 3.67
1962.00 0.318633 3.67
1963.00 0.318633 3.67
1964.00 0.318633 3.67
1965.00 0.318633 3.67
1966.00 0.318633 3.67
1967.00 0.318633 3.67
1968.00 0.318633 3.67
1969.00 0.318633 3.67
1970.00 0.318633 3.67
1971.00 0.318633 3.67
1972.00 0.318633 3.67
1973.00 0.318633 3.67
1974.00 0.318633 3.67
1975.00 0.318633 3.67
1976.00 0.318633 3.67
1977.00 0.318633 3.67
1978.00 0.318633 3.67
1979.00 0.318633 3.67
1980.00 0.318633 3.67
1981.00 0.318633 3.67
1982.00 0.318633 3.67
1983.00 0.318633 3.67
1984.00 0.318633 3.67
1985.00 0.318633 3.67
1986.00 0.318633 3.67
1987.00 0.318633 3.67
1988.00 0.318633 3.67
1989.00 0.318633 3.67
1990.00 0.318633 3.67
1991.00 0.318633 3.67
1992.00 0.318633 3.67
1993.00 0.318633 3.67
1994.00 0.318633 3.67
1995.00 0.318633 3.67
1996.00 0.318633 3.67
1997.00 0.318633 3.67
1998.00 0.318633 3.67
1999.00 0.318633 3.67
2000.00 0.318633 3.67
