0.00 0.420522 6.69
1.00 0.419158 6.69
2.00 0.417796 6.69
3.00 0.416435 6.69
4.00 0.415076 6.69
5.00 0.413721 6.68
6.00 0.412372 6.68
7.00 0.411025 6.68
8.00 0.409681 6.68
9.00 0.408339 6.68
10.00 0.406997 6.68
11.00 0.405656 6.68
12.00 0.404315 6.68
13.00 0.402973 6.68
14.00 0.401629 6.68
15.00 0.400282 6.68
16.00 0.398943 6.67
17.00 0.397606 6.67
18.00 0.396276 6.66
19.00 0.394961 6.66
20.00 0.393648 6.65
21.00 0.392342 6.65
22.00 0.391033 6.65
23.00 0.389721 6.65
24.00 0.388407 6.64
25.00 0.387095 6.64
26.00 0.385810 6.62
27.00 0.384530 6.61
28.00 0.383249 6.61
29.00 0.381963 6.61
30.00 0.380670 6.61
31.00 0.379430 6.58
32.00 0.378243 6.53
33.00 0.377133 6.52
34.00 0.376050 6.51
35.00 0.374979 6.51
36.00 0.373906 6.51
37.00 0.372832 6.51
38.00 0.371765 6.50
39.00 0.370725 6.50
40.00 0.369680 6.50
41.00 0.368657 6.49
42.00 0.367639 6.48
43.00 0.366668 6.47
44.00 0.365732 6.44
45.00 0.364851 6.42
46.00 0.363992 6.40
47.00 0.363170 6.40
48.00 0.362366 6.39
49.00 0.361622 6.37
50.00 0.360906 6.36
51.00 0.360203 6.36
52.00 0.359500 6.36
53.00 0.358797 6.36
54.00 0.358094 6.34
55.00 0.357423 6.34
56.00 0.356815 6.31
57.00 0.356211 6.31
58.00 0.355618 6.30
59.00 0.355028 6.30
60.00 0.354458 6.28
61.00 0.353895 6.28
62.00 0.353377 6.26
63.00 0.352936 6.23
64.00 0.352542 6.21
65.00 0.352174 6.21
66.00 0.351813 6.21
67.00 0.351456 6.21
68.00 0.351104 6.21
69.00 0.350758 6.20
70.00 0.350417 6.20
71.00 0.350078 6.20
72.00 0.349741 6.20
73.00 0.349418 6.19
74.00 0.349100 6.19
75.00 0.348784 6.19
76.00 0.348469 6.19
77.00 0.348157 6.18
78.00 0.347847 6.18
79.00 0.347547 6.17
80.00 0.347271 6.17
81.00 0.346996 6.17
82.00 0.346723 6.17
83.00 0.346451 6.17
84.00 0.346180 6.17
85.00 0.345919 6.16
86.00 0.345672 6.14
87.00 0.345450 6.14
88.00 0.345231 6.14
89.00 0.345014 6.14
90.00 0.344799 6.14
91.00 0.344586 6.14
92.00 0.344374 6.14
93.00 0.344163 6.14
94.00 0.343968 6.13
95.00 0.343775 6.13
96.00 0.343584 6.13
97.00 0.343394 6.13
98.00 0.343205 6.14
99.00 0.343017 6.14
100.00 0.342834 6.13
101.00 0.342657 6.13
102.00 0.342481 6.13
103.00 0.342306 6.13
104.00 0.342131 6.13
105.00 0.341958 6.13
106.00 0.341785 6.13
107.00 0.341612 6.13
108.00 0.341460 6.11
109.00 0.341316 6.11
110.00 0.341185 6.10
111.00 0.341064 6.10
112.00 0.340946 6.10
113.00 0.340830 6.10
114.00 0.340716 6.10
115.00 0.340603 6.10
116.00 0.340492 6.10
117.00 0.340383 6.10
118.00 0.340275 6.10
119.00 0.340173 6.09
120.00 0.340079 6.09
121.00 0.339987 6.09
122.00 0.339897 6.09
123.00 0.339808 6.09
124.00 0.339721 6.09
125.00 0.339635 6.09
126.00 0.339550 6.09
127.00 0.339466 6.09
128.00 0.339387 6.08
129.00 0.339313 6.08
130.00 0.339241 6.08
131.00 0.339170 6.08
132.00 0.339101 6.08
133.00 0.339032 6.08
134.00 0.338965 6.08
135.00 0.338899 6.08
136.00 0.338834 6.08
137.00 0.338769 6.08
138.00 0.338708 6.07
139.00 0.338659 6.07
140.00 0.338611 6.07
141.00 0.338564 6.07
142.00 0.338519 6.07
143.00 0.338476 6.07
144.00 0.338433 6.07
145.00 0.338392 6.07
146.00 0.338352 6.07
147.00 0.338312 6.07
148.00 0.338274 6.07
149.00 0.338236 6.07
150.00 0.338200 6.07
151.00 0.338164 6.07
152.00 0.338129 6.07
153.00 0.338094 6.07
154.00 0.338061 6.07
155.00 0.338030 6.06
156.00 0.338001 6.06
157.00 0.337974 6.06
158.00 0.337948 6.06
159.00 0.337922 6.06
160.00 0.337897 6.06
161.00 0.337873 6.06
162.00 0.337849 6.06
163.00 0.337826 6.06
164.00 0.337803 6.06
165.00 0.337782 6.06
166.00 0.337760 6.06
167.00 0.337740 6.06
168.00 0.337719 6.06
169.00 0.337699 6.06
170.00 0.337680 6.06
171.00 0.337661 6.06
172.00 0.337643 6.06
173.00 0.337625 6.06
174.00 0.337607 6.06
175.00 0.337590 6.06
176.00 0.337573 6.06
177.00 0.337557 6.06
178.00 0.337541 6.06
179.00 0.337525 6.06
180.00 0.337510 6.06
181.00 0.337495 6.06
182.00 0.337480 6.06
183.00 0.337466 6.06
184.00 0.337452 6.06
185.00 0.337438 6.06
186.00 0.337425 6.06
187.00 0.337411 6.06
188.00 0.337398 6.06
189.00 0.337386 6.06
190.00 0.337373 6.06
191.00 0.337361 6.06
192.00 0.337349 6.06
193.00 0.337338 6.06
194.00 0.337326 6.06
195.00 0.337315 6.06
196.00 0.337304 6.06
197.00 0.337293 6.06
198.00 0.337283 6.06
199.00 0.337272 6.06
200.00 0.337262 6.06
201.00 0.337252 6.06
202.00 0.337242 6.06
203.00 0.337233 6.06
204.00 0.337223 6.06
205.00 0.337214 6.06
206.00 0.337205 6.06
207.00 0.337196 6.06
208.00 0.337188 6.06
209.00 0.337179 6.06
210.00 0.337171 6.06
211.00 0.337162 6.06
212.00 0.337154 6.06
213.00 0.337146 6.06
214.00 0.337138 6.06
215.00 0.337131 6.06
216.00 0.337123 6.06
217.00 0.337116 6.06
218.00 0.337108 6.06
219.00 0.337101 6.06
220.00 0.337094 6.06
221.00 0.337087 6.06
222.00 0.337081 6.06
223.00 0.337074 6.06
224.00 0.337067 6.06
225.00 0.337061 6.06
226.00 0.337054 6.06
227.00 0.337048 6.06
228.00 0.337042 6.06
229.00 0.337036 6.06
230.00 0.337030 6.06
231.00 0.337024 6.06
232.00 0.337019 6.06
233.00 0.337013 6.06
234.00 0.337007 6.06
235.00 0.337002 6.06
236.00 0.336997 6.06
237.00 0.336991 6.06
238.00 0.336986 6.06
239.00 0.336981 6.06
240.00 0.336976 6.06
241.00 0.336971 6.06
242.00 0.336966 6.06
243.00 0.336961 6.06
244.00 0.336956 6.06
245.00 0.336952 6.06
246.00 0.336947 6.06
247.00 0.336943 6.06
248.00 0.336938 6.06
249.00 0.336934 6.06
250.00 0.336930 6.06
251.00 0.336925 6.06
252.00 0.336921 6.06
253.00 0.336917 6.06
254.00 0.336913 6.06
255.00 0.336909 6.06
256.00 0.336905 6.06
257.00 0.336901 6.06
258.00 0.336897 6.06
259.00 0.336894 6.06
260.00 0.336890 6.06
261.00 0.336886 6.06
262.00 0.336883 6.06
263.00 0.336879 6.06
264.00 0.336875 6.06
265.00 0.336872 6.06
266.00 0.336869 6.06
267.00 0.336865 6.06
268.00 0.336862 6.06
269.00 0.336859 6.06
270.00 0.336855 6.06
271.00 0.336852 6.06
272.00 0.336849 6.06
273.00 0.336846 6.06
274.00 0.336843 6.06
275.00 0.336840 6.06
276.00 0.336837 6.06
277.00 0.336834 6.06
278.00 0.336831 6.06
279.00 0.336828 6.06
280.00 0.336825 6.06
281.00 0.336823 6.06
282.00 0.336820 6.06
283.00 0.336817 6.06
284.00 0.336815 6.06
285.00 0.336812 6.06
286.00 0.336809 6.06
287.00 0.336807 6.06
288.00 0.336804 6.06
289.00 0.336802 6.06
290.00 0.336799 6.06
291.00 0.336797 6.06
292.00 0.336794 6.06
293.00 0.336792 6.06
294.00 0.336790 6.06
295.00 0.336787 6.06
296.00 0.336785 6.06
297.00 0.336783 6.06
298.00 0.336780 6.06
299.00 0.336778 6.06
300.00 0.336776 6.06
301.00 0.336774 6.06
302.00 0.336772 6.06
303.00 0.336770 6.06
304.00 0.336767 6.06
305.00 0.336765 6.06
306.00 0.336763 6.06
307.00 0.336761 6.06
308.00 0.336759 6.06
309.00 0.336757 6.06
310.00 0.336755 6.06
311.00 0.336753 6.06
312.00 0.336752 6.06
313.00 0.336750 6.06
314.00 0.336748 6.06
315.00 0.336746 6.06
316.00 0.336744 6.06
317.00 0.336742 6.06
318.00 0.336740 6.06
319.00 0.336739 6.06
320.00 0.336737 6.06
321.00 0.336735 6.06
322.00 0.336733 6.06
323.00 0.336732 6.06
324.00 0.336730 6.06
325.00 0.336728 6.06
326.00 0.336727 6.06
327.00 0.336725 6.06
328.00 0.336723 6.06
329.00 0.336722 6.06
330.00 0.336720 6.06
331.00 0.336719 6.06
332.00 0.336717 6.06
333.00 0.336715 6.06
334.00 0.336714 6.06
335.00 0.336712 6.06
336.00 0.336711 6.06
337.00 0.336709 6.06
338.00 0.336708 6.06
339.00 0.336706 6.06
340.00 0.336705 6.06
341.00 0.336704 6.06
342.00 0.336702 6.06
343.00 0.336701 6.06
344.00 0.336699 6.06
345.00 0.336698 6.06
346.00 0.336696 6.06
347.00 0.336695 6.06
348.00 0.336694 6.06
349.00 0.336692 6.06
350.00 0.336691 6.06
351.00 0.336690 6.06
352.00 0.336688 6.06
353.00 0.336687 6.06
354.00 0.336686 6.06
355.00 0.336685 6.06
356.00 0.336683 6.06
357.00 0.336682 6.06
358.00 0.336681 6.06
359.00 0.336679 6.06
360.00 0.336678 6.06
361.00 0.336677 6.06
362.00 0.336676 6.06
363.00 0.336675 6.06
364.00 0.336673 6.06
365.00 0.336672 6.06
366.00 0.336671 6.06
367.00 0.336670 6.06
368.00 0.336669 6.06
369.00 0.336667 6.06
370.00 0.336666 6.06
371.00 0.336665 6.06
372.00 0.336664 6.06
373.00 0.336663 6.06
374.00 0.336662 6.06
375.00 0.336661 6.06
376.00 0.336659 6.06
377.00 0.336658 6.06
378.00 0.336657 6.06
379.00 0.336656 6.06
380.00 0.336655 6.06
381.00 0.336654 6.06
382.00 0.336653 6.06
383.00 0.336652 6.06
384.00 0.336651 6.06
385.00 0.336650 6.06
386.00 0.336649 6.06
387.00 0.336648 6.06
388.00 0.336647 6.06
389.00 0.336646 6.06
390.00 0.336644 6.06
391.00 0.336643 6.06
392.00 0.336642 6.06
393.00 0.336641 6.06
394.00 0.336640 6.06
395.00 0.336639 6.06
396.00 0.336638 6.06
397.00 0.336637 6.06
398.00 0.336636 6.06
399.00 0.336636 6.06
400.00 0.336635 6.06
401.00 0.336634 6.06
402.00 0.336633 6.06
403.00 0.336632 6.06
404.00 0.336631 6.06
405.00 0.336630 6.06
406.00 0.336629 6.06
407.00 0.336628 6.06
408.00 0.336627 6.06
409.00 0.336626 6.06
410.00 0.336625 6.06
411.00 0.336624 6.06
412.00 0.336623 6.06
413.00 0.336622 6.06
414.00 0.336622 6.06
415.00 0.336621 6.06
416.00 0.336620 6.06
417.00 0.336619 6.06
418.00 0.336618 6.06
419.00 0.336617 6.06
420.00 0.336616 6.06
421.00 0.336615 6.06
422.00 0.336615 6.06
423.00 0.336614 6.06
424.00 0.336613 6.06
425.00 0.336612 6.06
426.00 0.336611 6.06
427.00 0.336610 6.06
428.00 0.336609 6.06
429.00 0.336609 6.06
430.00 0.336608 6.06
431.00 0.336607 6.06
432.00 0.336606 6.06
433.00 0.336605 6.06
434.00 0.336605 6.06
435.00 0.336604 6.06
436.00 0.336603 6.06
437.00 0.336602 6.06
438.00 0.336601 6.06
439.00 0.336601 6.06
440.00 0.336600 6.06
441.00 0.336599 6.06
442.00 0.336598 6.06
443.00 0.336597 6.06
444.00 0.336597 6.06
445.00 0.336596 6.06
446.00 0.336595 6.06
447.00 0.336594 6.06
448.00 0.336594 6.06
449.00 0.336593 6.06
450.00 0.336592 6.06
451.00 0.336591 6.06
452.00 0.336591 6.06
453.00 0.336590 6.06
454.00 0.336589 6.06
455.00 0.336588 6.06
456.00 0.336588 6.06
457.00 0.336587 6.06
458.00 0.336586 6.06
459.00 0.336586 6.06
460.00 0.336585 6.06
461.00 0.336584 6.06
462.00 0.336583 6.06
463.00 0.336583 6.06
464.00 0.336582 6.06
465.00 0.336581 6.06
466.00 0.336581 6.06
467.00 0.336580 6.06
468.00 0.336579 6.06
469.00 0.336579 6.06
470.00 0.336578 6.06
471.00 0.336577 6.06
472.00 0.336577 6.06
473.00 0.336576 6.06
474.00 0.336575 6.06
475.00 0.336575 6.06
476.00 0.336574 6.06
477.00 0.336573 6.06
478.00 0.336573 6.06
479.00 0.336572 6.06
480.00 0.336571 6.06
481.00 0.336571 6.06
482.00 0.336570 6.06
483.00 0.336569 6.06
484.00 0.336569 6.06
485.00 0.336568 6.06
486.00 0.336568 6.06
487.00 0.336567 6.06
488.00 0.336566 6.06
489.00 0.336566 6.06
490.00 0.336565 6.06
491.00 0.336564 6.06
492.00 0.336564 6.06
493.00 0.336563 6.06
494.00 0.336563 6.06
495.00 0.336562 6.06
496.00 0.336561 6.06
497.00 0.336561 6.06
498.00 0.336560 6.06
499.00 0.336560 6.06
500.00 0.336559 6.06
501.00 0.336559 6.06
502.00 0.336558 6.06
503.00 0.336557 6.06
504.00 0.336557 6.06
505.00 0.336556 6.06
506.00 0.336556 6.06
507.00 0.336555 6.06
508.00 0.336555 6.06
509.00 0.336554 6.06
510.00 0.336553 6.06
511.00 0.336553 6.06
512.00 0.336552 6.06
513.00 0.336552 6.06
514.00 0.336551 6.06
515.00 0.336551 6.06
516.00 0.336550 6.06
517.00 0.336550 6.06
518.00 0.336549 6.06
519.00 0.336549 6.06
520.00 0.336548 6.06
521.00 0.336548 6.06
522.00 0.336547 6.06
523.00 0.336547 6.06
524.00 0.336546 6.06
525.00 0.336545 6.06
526.00 0.336545 6.06
527.00 0.336544 6.06
528.00 0.336544 6.06
529.00 0.336543 6.06
530.00 0.336543 6.06
531.00 0.336542 6.06
532.00 0.336542 6.06
533.00 0.336541 6.06
534.00 0.336541 6.06
535.00 0.336541 6.06
536.00 0.336540 6.06
537.00 0.336540 6.06
538.00 0.336539 6.06
539.00 0.336539 6.06
540.00 0.336538 6.06
541.00 0.336538 6.06
542.00 0.336537 6.06
543.00 0.336537 6.06
544.00 0.336536 6.06
545.00 0.336536 6.06
546.00 0.336535 6.06
547.00 0.336535 6.06
548.00 0.336534 6.06
549.00 0.336534 6.06
550.00 0.336534 6.06
551.00 0.336533 6.06
552.00 0.336533 6.06
553.00 0.336532 6.06
554.00 0.336532 6.06
555.00 0.336531 6.06
556.00 0.336531 6.06
557.00 0.336530 6.06
558.00 0.336530 6.06
559.00 0.336530 6.06
560.00 0.336529 6.06
561.00 0.336529 6.06
562.00 0.336528 6.06
563.00 0.336528 6.06
564.00 0.336528 6.06
565.00 0.336527 6.06
566.00 0.336527 6.06
567.00 0.336526 6.06
568.00 0.336526 6.06
569.00 0.336525 6.06
570.00 0.336525 6.06
571.00 0.336525 6.06
572.00 0.336524 6.06
573.00 0.336524 6.06
574.00 0.336523 6.06
575.00 0.336523 6.06
576.00 0.336523 6.06
577.00 0.336522 6.06
578.00 0.336522 6.06
579.00 0.336522 6.06
580.00 0.336521 6.06
581.00 0.336521 6.06
582.00 0.336520 6.06
583.00 0.336520 6.06
584.00 0.336520 6.06
585.00 0.336519 6.06
586.00 0.336519 6.06
587.00 0.336519 6.06
588.00 0.336518 6.06
589.00 0.336518 6.06
590.00 0.336517 6.06
591.00 0.336517 6.06
592.00 0.336517 6.06
593.00 0.336516 6.06
594.00 0.336516 6.06
595.00 0.336516 6.06
596.00 0.336515 6.06
597.00 0.336515 6.06
598.00 0.336515 6.06
599.00 0.336514 6.06
600.00 0.336514 6.06
601.00 0.336514 6.06
602.00 0.336513 6.06
603.00 0.336513 6.06
604.00 0.336513 6.06
605.00 0.336512 6.06
606.00 0.336512 6.06
607.00 0.336512 6.06
608.00 0.336511 6.06
609.00 0.336511 6.06
610.00 0.336511 6.06
611.00 0.336510 6.06
612.00 0.336510 6.06
613.00 0.336510 6.06
614.00 0.336509 6.06
615.00 0.336509 6.06
616.00 0.336509 6.06
617.00 0.336508 6.06
618.00 0.336508 6.06
619.00 0.336508 6.06
620.00 0.336507 6.06
621.00 0.336507 6.06
622.00 0.336507 6.06
623.00 0.336507 6.06
624.00 0.336506 6.06
625.00 0.336506 6.06
626.00 0.336506 6.06
627.00 0.336505 6.06
628.00 0.336505 6.06
629.00 0.336505 6.06
630.00 0.336504 6.06
631.00 0.336504 6.06
632.00 0.336504 6.06
633.00 0.336504 6.06
634.00 0.336503 6.06
635.00 0.336503 6.06
636.00 0.336503 6.06
637.00 0.336502 6.06
638.00 0.336502 6.06
639.00 0.336502 6.06
640.00 0.336502 6.06
641.00 0.336501 6.06
642.00 0.336501 6.06
643.00 0.336501 6.06
644.00 0.336501 6.06
645.00 0.336500 6.06
646.00 0.336500 6.06
647.00 0.336500 6.06
648.00 0.336499 6.06
649.00 0.336499 6.06
650.00 0.336499 6.06
651.00 0.336499 6.06
652.00 0.336498 6.06
653.00 0.336498 6.06
654.00 0.336498 6.06
655.00 0.336498 6.06
656.00 0.336497 6.06
657.00 0.336497 6.06
658.00 0.336497 6.06
659.00 0.336497 6.06
660.00 0.336496 6.06
661.00 0.336496 6.06
662.00 0.336496 6.06
663.00 0.336496 6.06
664.00 0.336495 6.06
665.00 0.336495 6.06
666.00 0.336495 6.06
667.00 0.336495 6.06
668.00 0.336494 6.06
669.00 0.336494 6.06
670.00 0.336494 6.06
671.00 0.336494 6.06
672.00 0.336493 6.06
673.00 0.336493 6.06
674.00 0.336493 6.06
675.00 0.336493 6.06
676.00 0.336493 6.06
677.00 0.336492 6.06
678.00 0.336492 6.06
679.00 0.336492 6.06
680.00 0.336492 6.06
681.00 0.336491 6.06
682.00 0.336491 6.06
683.00 0.336491 6.06
684.00 0.336491 6.06
685.00 0.336491 6.06
686.00 0.336490 6.06
687.00 0.336490 6.06
688.00 0.336490 6.06
689.00 0.336490 6.06
690.00 0.336490 6.06
691.00 0.336489 6.06
692.00 0.336489 6.06
693.00 0.336489 6.06
694.00 0.336489 6.06
695.00 0.336488 6.06
696.00 0.336488 6.06
697.00 0.336488 6.06
698.00 0.336488 6.06
699.00 0.336488 6.06
700.00 0.336487 6.06
701.00 0.336487 6.06
702.00 0.336487 6.06
703.00 0.336487 6.06
704.00 0.336487 6.06
705.00 0.336486 6.06
706.00 0.336486 6.06
707.00 0.336486 6.06
708.00 0.336486 6.06
709.00 0.336486 6.06
710.00 0.336486 6.06
711.00 0.336485 6.06
712.00 0.336485 6.06
713.00 0.336485 6.06
714.00 0.336485 6.06
715.00 0.336485 6.06
716.00 0.336484 6.06
717.00 0.336484 6.06
718.00 0.336484 6.06
719.00 0.336484 6.06
720.00 0.336484 6.06
721.00 0.336483 6.06
722.00 0.336483 6.06
723.00 0.336483 6.06
724.00 0.336483 6.06
725.00 0.336483 6.06
726.00 0.336483 6.06
727.00 0.336482 6.06
728.00 0.336482 6.06
729.00 0.336482 6.06
730.00 0.336482 6.06
731.00 0.336482 6.06
732.00 0.336482 6.06
733.00 0.336481 6.06
734.00 0.336481 6.06
735.00 0.336481 6.06
736.00 0.336481 6.06
737.00 0.336481 6.06
738.00 0.336481 6.06
739.00 0.336480 6.06
740.00 0.336480 6.06
741.00 0.336480 6.06
742.00 0.336480 6.06
743.00 0.336480 6.06
744.00 0.336480 6.06
745.00 0.336479 6.06
746.00 0.336479 6.06
747.00 0.336479 6.06
748.00 0.336479 6.06
749.00 0.336479 6.06
750.00 0.336479 6.06
751.00 0.336479 6.06
752.00 0.336478 6.06
753.00 0.336478 6.06
754.00 0.336478 6.06
755.00 0.336478 6.06
756.00 0.336478 6.06
757.00 0.336478 6.06
758.00 0.336477 6.06
759.00 0.336477 6.06
760.00 0.336477 6.06
761.00 0.336477 6.06
762.00 0.336477 6.06
763.00 0.336477 6.06
764.00 0.336477 6.06
765.00 0.336476 6.06
766.00 0.336476 6.06
767.00 0.336476 6.06
768.00 0.336476 6.06
769.00 0.336476 6.06
770.00 0.336476 6.06
771.00 0.336476 6.06
772.00 0.336475 6.06
773.00 0.336475 6.06
774.00 0.336475 6.06
775.00 0.336475 6.06
776.00 0.336475 6.06
777.00 0.336475 6.06
778.00 0.336475 6.06
779.00 0.336475 6.06
780.00 0.336474 6.06
781.00 0.336474 6.06
782.00 0.336474 6.06
783.00 0.336474 6.06
784.00 0.336474 6.06
785.00 0.336474 6.06
786.00 0.336474 6.06
787.00 0.336474 6.06
788.00 0.336473 6.06
789.00 0.336473 6.06
790.00 0.336473 6.06
791.00 0.336473 6.06
792.00 0.336473 6.06
793.00 0.336473 6.06
794.00 0.336473 6.06
795.00 0.336473 6.06
796.00 0.336472 6.06
797.00 0.336472 6.06
798.00 0.336472 6.06
799.00 0.336472 6.06
800.00 0.336472 6.06
801.00 0.336472 6.06
802.00 0.336472 6.06
803.00 0.336472 6.06
804.00 0.336471 6.06
805.00 0.336471 6.06
806.00 0.336471 6.06
807.00 0.336471 6.06
808.00 0.336471 6.06
809.00 0.336471 6.06
810.00 0.336471 6.06
811.00 0.336471 6.06
812.00 0.336471 6.06
813.00 0.336470 6.06
814.00 0.336470 6.06
815.00 0.336470 6.06
816.00 0.336470 6.06
817.00 0.336470 6.06
818.00 0.336470 6.06
819.00 0.336470 6.06
820.00 0.336470 6.06
821.00 0.336470 6.06
822.00 0.336469 6.06
823.00 0.336469 6.06
824.00 0.336469 6.06
825.00 0.336469 6.06
826.00 0.336469 6.06
827.00 0.336469 6.06
828.00 0.336469 6.06
829.00 0.336469 6.06
830.00 0.336469 6.06
831.00 0.336469 6.06
832.00 0.336468 6.06
833.00 0.336468 6.06
834.00 0.336468 6.06
835.00 0.336468 6.06
836.00 0.336468 6.06
837.00 0.336468 6.06
838.00 0.336468 6.06
839.00 0.336468 6.06
840.00 0.336468 6.06
841.00 0.336468 6.06
842.00 0.336467 6.06
843.00 0.336467 6.06
844.00 0.336467 6.06
845.00 0.336467 6.06
846.00 0.336467 6.06
847.00 0.336467 6.06
848.00 0.336467 6.06
849.00 0.336467 6.06
850.00 0.336467 6.06
851.00 0.336467 6.06
852.00 0.336467 6.06
853.00 0.336466 6.06
854.00 0.336466 6.06
855.00 0.336466 6.06
856.00 0.336466 6.06
857.00 0.336466 6.06
858.00 0.336466 6.06
859.00 0.336466 6.06
860.00 0.336466 6.06
861.00 0.336466 6.06
862.00 0.336466 6.06
863.00 0.336466 6.06
864.00 0.336466 6.06
865.00 0.336465 6.06
866.00 0.336465 6.06
867.00 0.336465 6.06
868.00 0.336465 6.06
869.00 0.336465 6.06
870.00 0.336465 6.06
871.00 0.336465 6.06
872.00 0.336465 6.06
873.00 0.336465 6.06
874.00 0.336465 6.06
875.00 0.336465 6.06
876.00 0.336465 6.06
877.00 0.336464 6.06
878.00 0.336464 6.06
879.00 0.336464 6.06
880.00 0.336464 6.06
881.00 0.336464 6.06
882.00 0.336464 6.06
883.00 0.336464 6.06
884.00 0.336464 6.06
885.00 0.336464 6.06
886.00 0.336464 6.06
887.00 0.336464 6.06
888.00 0.336464 6.06
889.00 0.336464 6.06
890.00 0.336463 6.06
891.00 0.336463 6.06
892.00 0.336463 6.06
893.00 0.336463 6.06
894.00 0.336463 6.06
895.00 0.336463 6.06
896.00 0.336463 6.06
897.00 0.336463 6.06
898.00 0.336463 6.06
899.00 0.336463 6.06
900.00 0.336463 6.06
901.00 0.336463 6.06
902.00 0.336463 6.06
903.00 0.336463 6.06
904.00 0.336462 6.06
905.00 0.336462 6.06
906.00 0.336462 6.06
907.00 0.336462 6.06
908.00 0.336462 6.06
909.00 0.336462 6.06
910.00 0.336462 6.06
911.00 0.336462 6.06
912.00 0.336462 6.06
913.00 0.336462 6.06
914.00 0.336462 6.06
915.00 0.336462 6.06
916.00 0.336462 6.06
917.00 0.336462 6.06
918.00 0.336462 6.06
919.00 0.336461 6.06
920.00 0.336461 6.06
921.00 0.336461 6.06
922.00 0.336461 6.06
923.00 0.336461 6.06
924.00 0.336461 6.06
925.00 0.336461 6.06
926.00 0.336461 6.06
927.00 0.336461 6.06
928.00 0.336461 6.06
929.00 0.336461 6.06
930.00 0.336461 6.06
931.00 0.336461 6.06
932.00 0.336461 6.06
933.00 0.336461 6.06
934.00 0.336461 6.06
935.00 0.336460 6.06
936.00 0.336460 6.06
937.00 0.336460 6.06
938.00 0.336460 6.06
939.00 0.336460 6.06
940.00 0.336460 6.06
941.00 0.336460 6.06
942.00 0.336460 6.06
943.00 0.336460 6.06
944.00 0.336460 6.06
945.00 0.336460 6.06
946.00 0.336460 6.06
947.00 0.336460 6.06
948.00 0.336460 6.06
949.00 0.336460 6.06
950.00 0.336460 6.06
951.00 0.336460 6.06
952.00 0.336459 6.06
953.00 0.336459 6.06
954.00 0.336459 6.06
955.00 0.336459 6.06
956.00 0.336459 6.06
957.00 0.336459 6.06
958.00 0.336459 6.06
959.00 0.336459 6.06
960.00 0.336459 6.06
961.00 0.336459 6.06
962.00 0.336459 6.06
963.00 0.336459 6.06
964.00 0.336459 6.06
965.00 0.336459 6.06
966.00 0.336459 6.06
967.00 0.336459 6.06
968.00 0.336459 6.06
969.00 0.336459 6.06
970.00 0.336459 6.06
971.00 0.336459 6.06
972.00 0.336458 6.06
973.00 0.336458 6.06
974.00 0.336458 6.06
975.00 0.336458 6.06
976.00 0.336458 6.06
977.00 0.336458 6.06
978.00 0.336458 6.06
979.00 0.336458 6.06
980.00 0.336458 6.06
981.00 0.336458 6.06
982.00 0.336458 6.06
983.00 0.336458 6.06
984.00 0.336458 6.06
985.00 0.336458 6.06
986.00 0.336458 6.06
987.00 0.336458 6.06
988.00 0.336458 6.06
989.00 0.336458 6.06
990.00 0.336458 6.06
991.00 0.336458 6.06
992.00 0.336458 6.06
993.00 0.336457 6.06
994.00 0.336457 6.06
995.00 0.336457 6.06
996.00 0.336457 6.06
997.00 0.336457 6.06
998.00 0.336457 6.06
999.00 0.336457 6.06
1000.00 0.336457 6.06
1001.00 0.336457 6.06
1002.00 0.336457 6.06
1003.00 0.336457 6.06
1004.00 0.336457 6.06
1005.00 0.336457 6.06
1006.00 0.336457 6.06
1007.00 0.336457 6.06
1008.00 0.336457 6.06
1009.00 0.336457 6.06
1010.00 0.336457 6.06
1011.00 0.336457 6.06
1012.00 0.336457 6.06
1013.00 0.336457 6.06
1014.00 0.336457 6.06
1015.00 0.336457 6.06
1016.00 0.336457 6.06
1017.00 0.336456 6.06
1018.00 0.336456 6.06
1019.00 0.336456 6.06
1020.00 0.336456 6.06
1021.00 0.336456 6.06
1022.00 0.336456 6.06
1023.00 0.336456 6.06
1024.00 0.336456 6.06
1025.00 0.336456 6.06
1026.00 0.336456 6.06
1027.00 0.336456 6.06
1028.00 0.336456 6.06
1029.00 0.336456 6.06
1030.00 0.336456 6.06
1031.00 0.336456 6.06
1032.00 0.336456 6.06
1033.00 0.336456 6.06
1034.00 0.336456 6.06
1035.00 0.336456 6.06
1036.00 0.336456 6.06
1037.00 0.336456 6.06
1038.00 0.336456 6.06
1039.00 0.336456 6.06
1040.00 0.336456 6.06
1041.00 0.336456 6.06
1042.00 0.336456 6.06
1043.00 0.336456 6.06
1044.00 0.336455 6.06
1045.00 0.336455 6.06
1046.00 0.336455 6.06
1047.00 0.336455 6.06
1048.00 0.336455 6.06
1049.00 0.336455 6.06
1050.00 0.336455 6.06
1051.00 0.336455 6.06
1052.00 0.336455 6.06
1053.00 0.336455 6.06
1054.00 0.336455 6.06
1055.00 0.336455 6.06
1056.00 0.336455 6.06
1057.00 0.336455 6.06
1058.00 0.336455 6.06
1059.00 0.336455 6.06
1060.00 0.336455 6.06
1061.00 0.336455 6.06
1062.00 0.336455 6.06
1063.00 0.336455 6.06
1064.00 0.336455 6.06
1065.00 0.336455 6.06
1066.00 0.336455 6.06
1067.00 0.336455 6.06
1068.00 0.336455 6.06
1069.00 0.336455 6.06
1070.00 0.336455 6.06
1071.00 0.336455 6.06
1072.00 0.336455 6.06
1073.00 0.336455 6.06
1074.00 0.336454 6.06
1075.00 0.336454 6.06
1076.00 0.336454 6.06
1077.00 0.336454 6.06
1078.00 0.336454 6.06
1079.00 0.336454 6.06
1080.00 0.336454 6.06
1081.00 0.336454 6.06
1082.00 0.336454 6.06
1083.00 0.336454 6.06
1084.00 0.336454 6.06
1085.00 0.336454 6.06
1086.00 0.336454 6.06
1087.00 0.336454 6.06
1088.00 0.336454 6.06
1089.00 0.336454 6.06
1090.00 0.336454 6.06
1091.00 0.336454 6.06
1092.00 0.336454 6.06
1093.00 0.336454 6.06
1094.00 0.336454 6.06
1095.00 0.336454 6.06
1096.00 0.336454 6.06
1097.00 0.336454 6.06
1098.00 0.336454 6.06
1099.00 0.336454 6.06
1100.00 0.336454 6.06
1101.00 0.336454 6.06
1102.00 0.336454 6.06
1103.00 0.336454 6.06
1104.00 0.336454 6.06
1105.00 0.336454 6.06
1106.00 0.336454 6.06
1107.00 0.336454 6.06
1108.00 0.336454 6.06
1109.00 0.336454 6.06
1110.00 0.336454 6.06
1111.00 0.336453 6.06
1112.00 0.336453 6.06
1113.00 0.336453 6.06
1114.00 0.336453 6.06
1115.00 0.336453 6.06
1116.00 0.336453 6.06
1117.00 0.336453 6.06
1118.00 0.336453 6.06
1119.00 0.336453 6.06
1120.00 0.336453 6.06
1121.00 0.336453 6.06
1122.00 0.336453 6.06
1123.00 0.336453 6.06
1124.00 0.336453 6.06
1125.00 0.336453 6.06
1126.00 0.336453 6.06
1127.00 0.336453 6.06
1128.00 0.336453 6.06
1129.00 0.336453 6.06
1130.00 0.336453 6.06
1131.00 0.336453 6.06
1132.00 0.336453 6.06
1133.00 0.336453 6.06
1134.00 0.336453 6.06
1135.00 0.336453 6.06
1136.00 0.336453 6.06
1137.00 0.336453 6.06
1138.00 0.336453 6.06
1139.00 0.336453 6.06
1140.00 0.336453 6.06
1141.00 0.336453 6.06
1142.00 0.336453 6.06
1143.00 0.336453 6.06
1144.00 0.336453 6.06
1145.00 0.336453 6.06
1146.00 0.336453 6.06
1147.00 0.336453 6.06
1148.00 0.336453 6.06
1149.00 0.336453 6.06
1150.00 0.336453 6.06
1151.00 0.336453 6.06
1152.00 0.336453 6.06
1153.00 0.336453 6.06
1154.00 0.336452 6.06
1155.00 0.336452 6.06
1156.00 0.336452 6.06
1157.00 0.336452 6.06
1158.00 0.336452 6.06
1159.00 0.336452 6.06
1160.00 0.336452 6.06
1161.00 0.336452 6.06
1162.00 0.336452 6.06
1163.00 0.336452 6.06
1164.00 0.336452 6.06
1165.00 0.336452 6.06
1166.00 0.336452 6.06
1167.00 0.336452 6.06
1168.00 0.336452 6.06
1169.00 0.336452 6.06
1170.00 0.336452 6.06
1171.00 0.336452 6.06
1172.00 0.336452 6.06
1173.00 0.336452 6.06
1174.00 0.336452 6.06
1175.00 0.336452 6.06
1176.00 0.336452 6.06
1177.00 0.336452 6.06
1178.00 0.336452 6.06
1179.00 0.336452 6.06
1180.00 0.336452 6.06
1181.00 0.336452 6.06
1182.00 0.336452 6.06
1183.00 0.336452 6.06
1184.00 0.336452 6.06
1185.00 0.336452 6.06
1186.00 0.336452 6.06
1187.00 0.336452 6.06
1188.00 0.336452 6.06
1189.00 0.336452 6.06
1190.00 0.336452 6.06
1191.00 0.336452 6.06
1192.00 0.336452 6.06
1193.00 0.336452 6.06
1194.00 0.336452 6.06
1195.00 0.336452 6.06
1196.00 0.336452 6.06
1197.00 0.336452 6.06
1198.00 0.336452 6.06
1199.00 0.336452 6.06
1200.00 0.336452 6.06
1201.00 0.336452 6.06
1202.00 0.336452 6.06
1203.00 0.336452 6.06
1204.00 0.336452 6.06
1205.00 0.336452 6.06
1206.00 0.336452 6.06
1207.00 0.336452 6.06
1208.00 0.336452 6.06
1209.00 0.336451 6.06
1210.00 0.336451 6.06
1211.00 0.336451 6.06
1212.00 0.336451 6.06
1213.00 0.336451 6.06
1214.00 0.336451 6.06
1215.00 0.336451 6.06
1216.00 0.336451 6.06
1217.00 0.336451 6.06
1218.00 0.336451 6.06
1219.00 0.336451 6.06
1220.00 0.336451 6.06
1221.00 0.336451 6.06
1222.00 0.336451 6.06
1223.00 0.336451 6.06
1224.00 0.336451 6.06
1225.00 0.336451 6.06
1226.00 0.336451 6.06
1227.00 0.336451 6.06
1228.00 0.336451 6.06
1229.00 0.336451 6.06
1230.00 0.336451 6.06
1231.00 0.336451 6.06
1232.00 0.336451 6.06
1233.00 0.336451 6.06
1234.00 0.336451 6.06
1235.00 0.336451 6.06
1236.00 0.336451 6.06
1237.00 0.336451 6.06
1238.00 0.336451 6.06
1239.00 0.336451 6.06
1240.00 0.336451 6.06
1241.00 0.336451 6.06
1242.00 0.336451 6.06
1243.00 0.336451 6.06
1244.00 0.336451 6.06
1245.00 0.336451 6.06
1246.00 0.336451 6.06
1247.00 0.336451 6.06
1248.00 0.336451 6.06
1249.00 0.336451 6.06
1250.00 0.336451 6.06
1251.00 0.336451 6.06
1252.00 0.336451 6.06
1253.00 0.336451 6.06
1254.00 0.336451 6.06
1255.00 0.336451 6.06
1256.00 0.336451 6.06
1257.00 0.336451 6.06
1258.00 0.336451 6.06
1259.00 0.336451 6.06
1260.00 0.336451 6.06
1261.00 0.336451 6.06
1262.00 0.336451 6.06
1263.00 0.336451 6.06
1264.00 0.336451 6.06
1265.00 0.336451 6.06
1266.00 0.336451 6.06
1267.00 0.336451 6.06
1268.00 0.336451 6.06
1269.00 0.336451 6.06
1270.00 0.336451 6.06
1271.00 0.336451 6.06
1272.00 0.336451 6.06
1273.00 0.336451 6.06
1274.00 0.336451 6.06
1275.00 0.336451 6.06
1276.00 0.336451 6.06
1277.00 0.336451 6.06
1278.00 0.336451 6.06
1279.00 0.336451 6.06
1280.00 0.336451 6.06
1281.00 0.336451 6.06
1282.00 0.336450 6.06
1283.00 0.336450 6.06
1284.00 0.336450 6.06
1285.00 0.336450 6.06
1286.00 0.336450 6.06
1287.00 0.336450 6.06
1288.00 0.336450 6.06
1289.00 0.336450 6.06
1290.00 0.336450 6.06
1291.00 0.336450 6.06
1292.00 0.336450 6.06
1293.00 0.336450 6.06
1294.00 0.336450 6.06
1295.00 0.336450 6.06
1296.00 0.336450 6.06
1297.00 0.336450 6.06
1298.00 0.336450 6.06
1299.00 0.336450 6.06
1300.00 0.336450 6.06
1301.00 0.336450 6.06
1302.00 0.336450 6.06
1303.00 0.336450 6.06
1304.00 0.336450 6.06
1305.00 0.336450 6.06
1306.00 0.336450 6.06
1307.00 0.336450 6.06
1308.00 0.336450 6.06
1309.00 0.336450 6.06
1310.00 0.336450 6.06
1311.00 0.336450 6.06
1312.00 0.336450 6.06
1313.00 0.336450 6.06
1314.00 0.336450 6.06
1315.00 0.336450 6.06
1316.00 0.336450 6.06
1317.00 0.336450 6.06
1318.00 0.336450 6.06
1319.00 0.336450 6.06
1320.00 0.336450 6.06
1321.00 0.336450 6.06
1322.00 0.336450 6.06
1323.00 0.336450 6.06
1324.00 0.336450 6.06
1325.00 0.336450 6.06
1326.00 0.336450 6.06
1327.00 0.336450 6.06
1328.00 0.336450 6.06
1329.00 0.336450 6.06
1330.00 0.336450 6.06
1331.00 0.336450 6.06
1332.00 0.336450 6.06
1333.00 0.336450 6.06
1334.00 0.336450 6.06
1335.00 0.336450 6.06
1336.00 0.336450 6.06
1337.00 0.336450 6.06
1338.00 0.336450 6.06
1339.00 0.336450 6.06
1340.00 0.336450 6.06
1341.00 0.336450 6.06
1342.00 0.336450 6.06
1343.00 0.336450 6.06
1344.00 0.336450 6.06
1345.00 0.336450 6.06
1346.00 0.336450 6.06
1347.00 0.336450 6.06
1348.00 0.336450 6.06
1349.00 0.336450 6.06
1350.00 0.336450 6.06
1351.00 0.336450 6.06
1352.00 0.336450 6.06
1353.00 0.336450 6.06
1354.00 0.336450 6.06
1355.00 0.336450 6.06
1356.00 0.336450 6.06
1357.00 0.336450 6.06
1358.00 0.336450 6.06
1359.00 0.336450 6.06
1360.00 0.336450 6.06
1361.00 0.336450 6.06
1362.00 0.336450 6.06
1363.00 0.336450 6.06
1364.00 0.336450 6.06
1365.00 0.336450 6.06
1366.00 0.336450 6.06
1367.00 0.336450 6.06
1368.00 0.336450 6.06
1369.00 0.336450 6.06
1370.00 0.336450 6.06
1371.00 0.336450 6.06
1372.00 0.336450 6.06
1373.00 0.336450 6.06
1374.00 0.336450 6.06
1375.00 0.336450 6.06
1376.00 0.336450 6.06
1377.00 0.336450 6.06
1378.00 0.336450 6.06
1379.00 0.336450 6.06
1380.00 0.336450 6.06
1381.00 0.336450 6.06
1382.00 0.336450 6.06
1383.00 0.336450 6.06
1384.00 0.336450 6.06
1385.00 0.336450 6.06
1386.00 0.336450 6.06
1387.00 0.336450 6.06
1388.00 0.336450 6.06
1389.00 0.336450 6.06
1390.00 0.336450 6.06
1391.00 0.336449 6.06
1392.00 0.336449 6.06
1393.00 0.336449 6.06
1394.00 0.336449 6.06
1395.00 0.336449 6.06
1396.00 0.336449 6.06
1397.00 0.336449 6.06
1398.00 0.336449 6.06
1399.00 0.336449 6.06
1400.00 0.336449 6.06
1401.00 0.336449 6.06
1402.00 0.336449 6.06
1403.00 0.336449 6.06
1404.00 0.336449 6.06
1405.00 0.336449 6.06
1406.00 0.336449 6.06
1407.00 0.336449 6.06
1408.00 0.336449 6.06
1409.00 0.336449 6.06
1410.00 0.336449 6.06
1411.00 0.336449 6.06
1412.00 0.336449 6.06
1413.00 0.336449 6.06
1414.00 0.336449 6.06
1415.00 0.336449 6.06
1416.00 0.336449 6.06
1417.00 0.336449 6.06
1418.00 0.336449 6.06
1419.00 0.336449 6.06
1420.00 0.336449 6.06
1421.00 0.336449 6.06
1422.00 0.336449 6.06
1423.00 0.336449 6.06
1424.00 0.336449 6.06
1425.00 0.336449 6.06
1426.00 0.336449 6.06
1427.00 0.336449 6.06
1428.00 0.336449 6.06
1429.00 0.336449 6.06
1430.00 0.336449 6.06
1431.00 0.336449 6.06
1432.00 0.336449 6.06
1433.00 0.336449 6.06
1434.00 0.336449 6.06
1435.00 0.336449 6.06
1436.00 0.336449 6.06
1437.00 0.336449 6.06
1438.00 0.336449 6.06
1439.00 0.336449 6.06
1440.00 0.336449 6.06
1441.00 0.336449 6.06
1442.00 0.336449 6.06
1443.00 0.336449 6.06
1444.00 0.336449 6.06
1445.00 0.336449 6.06
1446.00 0.336449 6.06
1447.00 0.336449 6.06
1448.00 0.336449 6.06
1449.00 0.336449 6.06
1450.00 0.336449 6.06
1451.00 0.336449 6.06
1452.00 0.336449 6.06
1453.00 0.336449 6.06
1454.00 0.336449 6.06
1455.00 0.336449 6.06
1456.00 0.336449 6.06
1457.00 0.336449 6.06
1458.00 0.336449 6.06
1459.00 0.336449 6.06
1460.00 0.336449 6.06
1461.00 0.336449 6.06
1462.00 0.336449 6.06
1463.00 0.336449 6.06
1464.00 0.336449 6.06
1465.00 0.336449 6.06
1466.00 0.336449 6.06
1467.00 0.336449 6.06
1468.00 0.336449 6.06
1469.00 0.336449 6.06
1470.00 0.336449 6.06
1471.00 0.336449 6.06
1472.00 0.336449 6.06
1473.00 0.336449 6.06
1474.00 0.336449 6.06
1475.00 0.336449 6.06
1476.00 0.336449 6.06
1477.00 0.336449 6.06
1478.00 0.336449 6.06
1479.00 0.336449 6.06
1480.00 0.336449 6.06
1481.00 0.336449 6.06
1482.00 0.336449 6.06
1483.00 0.336449 6.06
1484.00 0.336449 6.06
1485.00 0.336449 6.06
1486.00 0.336449 6.06
1487.00 0.336449 6.06
1488.00 0.336449 6.06
1489.00 0.336449 6.06
1490.00 0.336449 6.06
1491.00 0.336449 6.06
1492.00 0.336449 6.06
1493.00 0.336449 6.06
1494.00 0.336449 6.06
1495.00 0.336449 6.06
1496.00 0.336449 6.06
1497.00 0.336449 6.06
1498.00 0.336449 6.06
1499.00 0.336449 6.06
1500.00 0.336449 6.06
1501.00 0.336449 6.06
1502.00 0.336449 6.06
1503.00 0.336449 6.06
1504.00 0.336449 6.06
1505.00 0.336449 6.06
1506.00 0.336449 6.06
1507.00 0.336449 6.06
1508.00 0.336449 6.06
1509.00 0.336449 6.06
1510.00 0.336449 6.06
1511.00 0.336449 6.06
1512.00 0.336449 6.06
1513.00 0.336449 6.06
1514.00 0.336449 6.06
1515.00 0.336449 6.06
1516.00 0.336449 6.06
1517.00 0.336449 6.06
1518.00 0.336449 6.06
1519.00 0.336449 6.06
1520.00 0.336449 6.06
1521.00 0.336449 6.06
1522.00 0.336449 6.06
1523.00 0.336449 6.06
1524.00 0.336449 6.06
1525.00 0.336449 6.06
1526.00 0.336449 6.06
1527.00 0.336449 6.06
1528.00 0.336449 6.06
1529.00 0.336449 6.06
1530.00 0.336449 6.06
1531.00 0.336449 6.06
1532.00 0.336449 6.06
1533.00 0.336449 6.06
1534.00 0.336449 6.06
1535.00 0.336449 6.06
1536.00 0.336449 6.06
1537.00 0.336449 6.06
1538.00 0.336449 6.06
1539.00 0.336449 6.06
1540.00 0.336449 6.06
1541.00 0.336449 6.06
1542.00 0.336449 6.06
1543.00 0.336449 6.06
1544.00 0.336449 6.06
1545.00 0.336449 6.06
1546.00 0.336449 6.06
1547.00 0.336449 6.06
1548.00 0.336449 6.06
1549.00 0.336449 6.06
1550.00 0.336449 6.06
1551.00 0.336449 6.06
1552.00 0.336449 6.06
1553.00 0.336449 6.06
1554.00 0.336449 6.06
1555.00 0.336449 6.06
1556.00 0.336449 6.06
1557.00 0.336449 6.06
1558.00 0.336449 6.06
1559.00 0.336449 6.06
1560.00 0.336449 6.06
1561.00 0.336449 6.06
1562.00 0.336449 6.06
1563.00 0.336449 6.06
1564.00 0.336449 6.06
1565.00 0.336449 6.06
1566.00 0.336449 6.06
1567.00 0.336449 6.06
1568.00 0.336449 6.06
1569.00 0.336449 6.06
1570.00 0.336449 6.06
1571.00 0.336449 6.06
1572.00 0.336449 6.06
1573.00 0.336449 6.06
1574.00 0.336449 6.06
1575.00 0.336449 6.06
1576.00 0.336449 6.06
1577.00 0.336449 6.06
1578.00 0.336449 6.06
1579.00 0.336449 6.06
1580.00 0.336449 6.06
1581.00 0.336449 6.06
1582.00 0.336449 6.06
1583.00 0.336449 6.06
1584.00 0.336449 6.06
1585.00 0.336449 6.06
1586.00 0.336449 6.06
1587.00 0.336449 6.06
1588.00 0.336449 6.06
1589.00 0.336449 6.06
1590.00 0.336449 6.06
1591.00 0.336449 6.06
1592.00 0.336449 6.06
1593.00 0.336449 6.06
1594.00 0.336448 6.06
1595.00 0.336448 6.06
1596.00 0.336448 6.06
1597.00 0.336448 6.06
1598.00 0.336448 6.06
1599.00 0.336448 6.06
1600.00 0.336448 6.06
1601.00 0.336448 6.06
1602.00 0.336448 6.06
1603.00 0.336448 6.06
1604.00 0.336448 6.06
1605.00 0.336448 6.06
1606.00 0.336448 6.06
1607.00 0.336448 6.06
1608.00 0.336448 6.06
1609.00 0.336448 6.06
1610.00 0.336448 6.06
1611.00 0.336448 6.06
1612.00 0.336448 6.06
1613.00 0.336448 6.06
1614.00 0.336448 6.06
1615.00 0.336448 6.06
1616.00 0.336448 6.06
1617.00 0.336448 6.06
1618.00 0.336448 6.06
1619.00 0.336448 6.06
1620.00 0.336448 6.06
1621.00 0.336448 6.06
1622.00 0.336448 6.06
1623.00 0.336448 6.06
1624.00 0.336448 6.06
1625.00 0.336448 6.06
1626.00 0.336448 6.06
1627.00 0.336448 6.06
1628.00 0.336448 6.06
1629.00 0.336448 6.06
1630.00 0.336448 6.06
1631.00 0.336448 6.06
1632.00 0.336448 6.06
1633.00 0.336448 6.06
1634.00 0.336448 6.06
1635.00 0.336448 6.06
1636.00 0.336448 6.06
1637.00 0.336448 6.06
1638.00 0.336448 6.06
1639.00 0.336448 6.06
1640.00 0.336448 6.06
1641.00 0.336448 6.06
1642.00 0.336448 6.06
1643.00 0.336448 6.06
1644.00 0.336448 6.06
1645.00 0.336448 6.06
1646.00 0.336448 6.06
1647.00 0.336448 6.06
1648.00 0.336448 6.06
1649.00 0.336448 6.06
1650.00 0.336448 6.06
1651.00 0.336448 6.06
1652.00 0.336448 6.06
1653.00 0.336448 6.06
1654.00 0.336448 6.06
1655.00 0.336448 6.06
1656.00 0.336448 6.06
1657.00 0.336448 6.06
1658.00 0.336448 6.06
1659.00 0.336448 6.06
1660.00 0.336448 6.06
1661.00 0.336448 6.06
1662.00 0.336448 6.06
1663.00 0.336448 6.06
1664.00 0.336448 6.06
1665.00 0.336448 6.06
1666.00 0.336448 6.06
1667.00 0.336448 6.06
1668.00 0.336448 6.06
1669.00 0.336448 6.06
1670.00 0.336448 6.06
1671.00 0.336448 6.06
1672.00 0.336448 6.06
1673.00 0.336448 6.06
1674.00 0.336448 6.06
1675.00 0.336448 6.06
1676.00 0.336448 6.06
1677.00 0.336448 6.06
1678.00 0.336448 6.06
1679.00 0.336448 6.06
1680.00 0.336448 6.06
1681.00 0.336448 6.06
1682.00 0.336448 6.06
1683.00 0.336448 6.06
1684.00 0.336448 6.06
1685.00 0.336448 6.06
1686.00 0.336448 6.06
1687.00 0.336448 6.06
1688.00 0.336448 6.06
1689.00 0.336448 6.06
1690.00 0.336448 6.06
1691.00 0.336448 6.06
1692.00 0.336448 6.06
1693.00 0.336448 6.06
1694.00 0.336448 6.06
1695.00 0.336448 6.06
1696.00 0.336448 6.06
1697.00 0.336448 6.06
1698.00 0.336448 6.06
1699.00 0.336448 6.06
1700.00 0.336448 6.06
1701.00 0.336448 6.06
1702.00 0.336448 6.06
1703.00 0.336448 6.06
1704.00 0.336448 6.06
1705.00 0.336448 6.06
1706.00 0.336448 6.06
1707.00 0.336448 6.06
1708.00 0.336448 6.06
1709.00 0.336448 6.06
1710.00 0.336448 6.06
1711.00 0.336448 6.06
1712.00 0.336448 6.06
1713.00 0.336448 6.06
1714.00 0.336448 6.06
1715.00 0.336448 6.06
1716.00 0.336448 6.06
1717.00 0.336448 6.06
1718.00 0.336448 6.06
1719.00 0.336448 6.06
1720.00 0.336448 6.06
1721.00 0.336448 6.06
1722.00 0.336448 6.06
1723.00 0.336448 6.06
1724.00 0.336448 6.06
1725.00 0.336448 6.06
1726.00 0.336448 6.06
1727.00 0.336448 6.06
1728.00 0.336448 6.06
1729.00 0.336448 6.06
1730.00 0.336448 6.06
1731.00 0.336448 6.06
1732.00 0.336448 6.06
1733.00 0.336448 6.06
1734.00 0.336448 6.06
1735.00 0.336448 6.06
1736.00 0.336448 6.06
1737.00 0.336448 6.06
1738.00 0.336448 6.06
1739.00 0.336448 6.06
1740.00 0.336448 6.06
1741.00 0.336448 6.06
1742.00 0.336448 6.06
1743.00 0.336448 6.06
1744.00 0.336448 6.06
1745.00 0.336448 6.06
1746.00 0.336448 6.06
1747.00 0.336448 6.06
1748.00 0.336448 6.06
1749.00 0.336448 6.06
1750.00 0.336448 6.06
1751.00 0.336448 6.06
1752.00 0.336448 6.06
1753.00 0.336448 6.06
1754.00 0.336448 6.06
1755.00 0.336448 6.06
1756.00 0.336448 6.06
1757.00 0.336448 6.06
1758.00 0.336448 6.06
1759.00 0.336448 6.06
1760.00 0.336448 6.06
1761.00 0.336448 6.06
1762.00 0.336448 6.06
1763.00 0.336448 6.06
1764.00 0.336448 6.06
1765.00 0.336448 6.06
1766.00 0.336448 6.06
1767.00 0.336448 6.06
1768.00 0.336448 6.06
1769.00 0.336448 6.06
1770.00 0.336448 6.06
1771.00 0.336448 6.06
1772.00 0.336448 6.06
1773.00 0.336448 6.06
1774.00 0.336448 6.06
1775.00 0.336448 6.06
1776.00 0.336448 6.06
1777.00 0.336448 6.06
1778.00 0.336448 6.06
1779.00 0.336448 6.06
1780.00 0.336448 6.06
1781.00 0.336448 6.06
1782.00 0.336448 6.06
1783.00 0.336448 6.06
1784.00 0.336448 6.06
1785.00 0.336448 6.06
1786.00 0.336448 6.06
1787.00 0.336448 6.06
1788.00 0.336448 6.06
1789.00 0.336448 6.06
1790.00 0.336448 6.06
1791.00 0.336448 6.06
1792.00 0.336448 6.06
1793.00 0.336448 6.06
1794.00 0.336448 6.06
1795.00 0.336448 6.06
1796.00 0.336448 6.06
1797.00 0.336448 6.06
1798.00 0.336448 6.06
1799.00 0.336448 6.06
1800.00 0.336448 6.06
1801.00 0.336448 6.06
1802.00 0.336448 6.06
1803.00 0.336448 6.06
1804.00 0.336448 6.06
1805.00 0.336448 6.06
1806.00 0.336448 6.06
1807.00 0.336448 6.06
1808.00 0.336448 6.06
1809.00 0.336448 6.06
1810.00 0.336448 6.06
1811.00 0.336448 6.06
1812.00 0.336448 6.06
1813.00 0.336448 6.06
1814.00 0.336448 6.06
1815.00 0.336448 6.06
1816.00 0.336448 6.06
1817.00 0.336448 6.06
1818.00 0.336448 6.06
1819.00 0.336448 6.06
1820.00 0.336448 6.06
1821.00 0.336448 6.06
1822.00 0.336448 6.06
1823.00 0.336448 6.06
1824.00 0.336448 6.06
1825.00 0.336448 6.06
1826.00 0.336448 6.06
1827.00 0.336448 6.06
1828.00 0.336448 6.06
1829.00 0.336448 6.06
1830.00 0.336448 6.06
1831.00 0.336448 6.06
1832.00 0.336448 6.06
1833.00 0.336448 6.06
1834.00 0.336448 6.06
1835.00 0.336448 6.06
1836.00 0.336448 6.06
1837.00 0.336448 6.06
1838.00 0.336448 6.06
1839.00 0.336448 6.06
1840.00 0.336448 6.06
1841.00 0.336448 6.06
1842.00 0.336448 6.06
1843.00 0.336448 6.06
1844.00 0.336448 6.06
1845.00 0.336448 6.06
1846.00 0.336448 6.06
1847.00 0.336448 6.06
1848.00 0.336448 6.06
1849.00 0.336448 6.06
1850.00 0.336448 6.06
1851.00 0.336448 6.06
1852.00 0.336448 6.06
1853.00 0.336448 6.06
1854.00 0.336448 6.06
1855.00 0.336448 6.06
1856.00 0.336448 6.06
1857.00 0.336448 6.06
1858.00 0.336448 6.06
1859.00 0.336448 6.06
1860.00 0.336448 6.06
1861.00 0.336448 6.06
1862.00 0.336448 6.06
1863.00 0.336448 6.06
1864.00 0.336448 6.06
1865.00 0.336448 6.06
1866.00 0.336448 6.06
1867.00 0.336448 6.06
1868.00 0.336448 6.06
1869.00 0.336448 6.06
1870.00 0.336448 6.06
1871.00 0.336448 6.06
1872.00 0.336448 6.06
1873.00 0.336448 6.06
1874.00 0.336448 6.06
1875.00 0.336448 6.06
1876.00 0.336448 6.06
1877.00 0.336448 6.06
1878.00 0.336448 6.06
1879.00 0.336448 6.06
1880.00 0.336448 6.06
1881.00 0.336448 6.06
1882.00 0.336448 6.06
1883.00 0.336448 6.06
1884.00 0.336448 6.06
1885.00 0.336448 6.06
1886.00 0.336448 6.06
1887.00 0.336448 6.06
1888.00 0.336448 6.06
1889.00 0.336448 6.06
1890.00 0.336448 6.06
1891.00 0.336448 6.06
1892.00 0.336448 6.06
1893.00 0.336448 6.06
1894.00 0.336448 6.06
1895.00 0.336448 6.06
1896.00 0.336448 6.06
1897.00 0.336448 6.06
1898.00 0.336448 6.06
1899.00 0.336448 6.06
1900.00 0.336448 6.06
1901.00 0.336448 6.06
1902.00 0.336448 6.06
1903.00 0.336448 6.06
1904.00 0.336448 6.06
1905.00 0.336448 6.06
1906.00 0.336448 6.06
1907.00 0.336448 6.06
1908.00 0.336448 6.06
1909.00 0.336448 6.06
1910.00 0.336448 6.06
1911.00 0.336448 6.06
1912.00 0.336448 6.06
1913.00 0.336448 6.06
1914.00 0.336448 6.06
1915.00 0.336448 6.06
1916.00 0.336448 6.06
1917.00 0.336448 6.06
1918.00 0.336448 6.06
1919.00 0.336448 6.06
1920.00 0.336448 6.06
1921.00 0.336448 6.06
1922.00 0.336448 6.06
1923.00 0.336448 6.06
1924.00 0.336448 6.06
1925.00 0.336448 6.06
1926.00 0.336448 6.06
1927.00 0.336448 6.06
1928.00 0.336448 6.06
1929.00 0.336448 6.06
1930.00 0.336448 6.06
1931.00 0.336448 6.06
1932.00 0.336448 6.06
1933.00 0.336448 6.06
1934.00 0.336448 6.06
1935.00 0.336448 6.06
1936.00 0.336448 6.06
1937.00 0.336448 6.06
1938.00 0.336448 6.06
1939.00 0.336448 6.06
1940.00 0.336448 6.06
1941.00 0.336448 6.06
1942.00 0.336448 6.06
1943.00 0.336448 6.06
1944.00 0.336448 6.06
1945.00 0.336448 6.06
1946.00 0.336448 6.06
1947.00 0.336448 6.06
1948.00 0.336448 6.06
1949.00 0.336448 6.06
1950.00 0.336448 6.06
1951.00 0.336448 6.06
1952.00 0.336448 6.06
1953.00 0.336448 6.06
1954.00 0.336448 6.06
1955.00 0.336448 6.06
1956.00 0.336448 6.06
1957.00 0.336448 6.06
1958.00 0.336448 6.06
1959.00 0.336448 6.06
1960.00 0.336448 6.06
1961.00 0.336448 6.06
1962.00 0.336448 6.06
1963.00 0.336448 6.06
1964.00 0.336448 6.06
1965.00 0.336448 6.06
1966.00 0.336448 6.06
1967.00 0.336448 6.06
1968.00 0.336448 6.06
1969.00 0.336448 6.06
1970.00 0.336448 6.06
1971.00 0.336448 6.06
1972.00 0.336448 6.06
1973.00 0.336448 6.06
1974.00 0.336448 6.06
1975.00 0.336448 6.06
1976.00 0.336448 6.06
1977.00 0.336448 6.06
1978.00 0.336448 6.06
1979.00 0.336448 6.06
1980.00 0.336448 6.06
1981.00 0.336448 6.06
1982.00 0.336448 6.06
1983.00 0.336448 6.06
1984.00 0.336448 6.06
1985.00 0.336448 6.06
1986.00 0.336448 6.06
1987.00 0.336448 6.06
1988.00 0.336448 6.06
1989.00 0.336448 6.06
1990.00 0.336448 6.06
1991.00 0.336448 6.06
1992.00 0.336448 6.06
1993.00 0.336448 6.06
1994.00 0.336448 6.06
1995.00 0.336448 6.06
1996.00 0.336448 6.06
1997.00 0.336448 6.06
1998.00 0.336448 6.06
1999.00 0.336448 6.06
2000.00 0.336448 6.06
