0.00 0.612919 5.47
1.00 0.612146 5.47
2.00 0.611370 5.47
3.00 0.610591 5.47
4.00 0.609809 5.47
5.00 0.609024 5.47
6.00 0.608235 5.47
7.00 0.607443 5.47
8.00 0.606648 5.47
9.00 0.605853 5.46
10.00 0.605056 5.46
11.00 0.604256 5.46
12.00 0.603452 5.46
13.00 0.602645 5.45
14.00 0.601839 5.45
15.00 0.601030 5.45
16.00 0.600217 5.45
17.00 0.599401 5.45
18.00 0.598580 5.45
19.00 0.597756 5.45
20.00 0.596927 5.45
21.00 0.596102 5.44
22.00 0.595289 5.44
23.00 0.594475 5.44
24.00 0.593657 5.44
25.00 0.592837 5.44
26.00 0.592013 5.44
27.00 0.591200 5.43
28.00 0.590394 5.43
29.00 0.589607 5.42
30.00 0.588847 5.41
31.00 0.588097 5.41
32.00 0.587368 5.40
33.00 0.586644 5.40
34.00 0.585921 5.40
35.00 0.585198 5.40
36.00 0.584474 5.40
37.00 0.583749 5.40
38.00 0.583022 5.40
39.00 0.582308 5.39
40.00 0.581598 5.39
41.00 0.580888 5.39
42.00 0.580175 5.39
43.00 0.579461 5.39
44.00 0.578743 5.39
45.00 0.578023 5.39
46.00 0.577300 5.39
47.00 0.576573 5.39
48.00 0.575884 5.37
49.00 0.575208 5.37
50.00 0.574532 5.37
51.00 0.573884 5.36
52.00 0.573259 5.35
53.00 0.572636 5.35
54.00 0.572035 5.34
55.00 0.571441 5.34
56.00 0.570853 5.33
57.00 0.570285 5.33
58.00 0.569718 5.33
59.00 0.569152 5.33
60.00 0.568587 5.33
61.00 0.568021 5.33
62.00 0.567455 5.33
63.00 0.566888 5.33
64.00 0.566319 5.33
65.00 0.565760 5.32
66.00 0.565218 5.32
67.00 0.564676 5.32
68.00 0.564134 5.32
69.00 0.563591 5.32
70.00 0.563048 5.31
71.00 0.562522 5.31
72.00 0.562030 5.29
73.00 0.561562 5.29
74.00 0.561097 5.29
75.00 0.560634 5.29
76.00 0.560183 5.28
77.00 0.559735 5.28
78.00 0.559289 5.28
79.00 0.558844 5.28
80.00 0.558399 5.28
81.00 0.557954 5.28
82.00 0.557510 5.28
83.00 0.557065 5.28
84.00 0.556619 5.28
85.00 0.556172 5.28
86.00 0.555725 5.28
87.00 0.555276 5.28
88.00 0.554826 5.28
89.00 0.554380 5.27
90.00 0.553939 5.27
91.00 0.553498 5.27
92.00 0.553083 5.25
93.00 0.552681 5.25
94.00 0.552279 5.25
95.00 0.551879 5.25
96.00 0.551480 5.25
97.00 0.551102 5.24
98.00 0.550735 5.24
99.00 0.550371 5.24
100.00 0.550009 5.24
101.00 0.549647 5.24
102.00 0.549287 5.24
103.00 0.548932 5.23
104.00 0.548591 5.23
105.00 0.548262 5.22
106.00 0.547938 5.22
107.00 0.547624 5.21
108.00 0.547325 5.21
109.00 0.547029 5.21
110.00 0.546736 5.21
111.00 0.546446 5.21
112.00 0.546159 5.20
113.00 0.545883 5.20
114.00 0.545610 5.20
115.00 0.545338 5.20
116.00 0.545069 5.20
117.00 0.544801 5.20
118.00 0.544535 5.20
119.00 0.544270 5.20
120.00 0.544007 5.20
121.00 0.543745 5.20
122.00 0.543483 5.20
123.00 0.543223 5.20
124.00 0.542963 5.20
125.00 0.542704 5.20
126.00 0.542446 5.20
127.00 0.542188 5.20
128.00 0.541930 5.20
129.00 0.541673 5.20
130.00 0.541420 5.19
131.00 0.541188 5.19
132.00 0.540959 5.19
133.00 0.540731 5.19
134.00 0.540505 5.19
135.00 0.540280 5.19
136.00 0.540056 5.19
137.00 0.539834 5.19
138.00 0.539612 5.19
139.00 0.539391 5.19
140.00 0.539177 5.18
141.00 0.538968 5.17
142.00 0.538773 5.17
143.00 0.538580 5.17
144.00 0.538390 5.17
145.00 0.538201 5.17
146.00 0.538015 5.17
147.00 0.537830 5.17
148.00 0.537646 5.17
149.00 0.537464 5.17
150.00 0.537287 5.16
151.00 0.537112 5.16
152.00 0.536938 5.16
153.00 0.536766 5.16
154.00 0.536596 5.16
155.00 0.536426 5.16
156.00 0.536257 5.16
157.00 0.536090 5.16
158.00 0.535923 5.16
159.00 0.535757 5.16
160.00 0.535592 5.16
161.00 0.535428 5.16
162.00 0.535265 5.16
163.00 0.535102 5.16
164.00 0.534939 5.16
165.00 0.534777 5.16
166.00 0.534616 5.16
167.00 0.534455 5.16
168.00 0.534294 5.16
169.00 0.534133 5.16
170.00 0.533973 5.16
171.00 0.533813 5.16
172.00 0.533653 5.16
173.00 0.533494 5.16
174.00 0.533334 5.16
175.00 0.533175 5.16
176.00 0.533016 5.16
177.00 0.532856 5.16
178.00 0.532697 5.16
179.00 0.532538 5.16
180.00 0.532378 5.16
181.00 0.532219 5.16
182.00 0.532059 5.16
183.00 0.531899 5.16
184.00 0.531739 5.16
185.00 0.531579 5.16
186.00 0.531419 5.16
187.00 0.531273 5.14
188.00 0.531143 5.14
189.00 0.531016 5.14
190.00 0.530891 5.14
191.00 0.530767 5.14
192.00 0.530645 5.14
193.00 0.530524 5.14
194.00 0.530404 5.14
195.00 0.530285 5.14
196.00 0.530167 5.14
197.00 0.530050 5.14
198.00 0.529934 5.14
199.00 0.529819 5.14
200.00 0.529705 5.14
201.00 0.529591 5.14
202.00 0.529478 5.14
203.00 0.529365 5.14
204.00 0.529254 5.14
205.00 0.529143 5.14
206.00 0.529032 5.14
207.00 0.528922 5.14
208.00 0.528812 5.14
209.00 0.528703 5.14
210.00 0.528595 5.14
211.00 0.528486 5.14
212.00 0.528378 5.14
213.00 0.528271 5.14
214.00 0.528164 5.14
215.00 0.528057 5.14
216.00 0.527951 5.14
217.00 0.527845 5.14
218.00 0.527739 5.14
219.00 0.527633 5.14
220.00 0.527528 5.14
221.00 0.527423 5.14
222.00 0.527318 5.14
223.00 0.527213 5.14
224.00 0.527108 5.14
225.00 0.527005 5.13
226.00 0.526902 5.13
227.00 0.526800 5.13
228.00 0.526698 5.13
229.00 0.526597 5.13
230.00 0.526496 5.13
231.00 0.526395 5.13
232.00 0.526294 5.13
233.00 0.526193 5.13
234.00 0.526092 5.13
235.00 0.525992 5.13
236.00 0.525892 5.13
237.00 0.525791 5.13
238.00 0.525691 5.13
239.00 0.525591 5.13
240.00 0.525491 5.13
241.00 0.525390 5.13
242.00 0.525290 5.13
243.00 0.525190 5.13
244.00 0.525090 5.13
245.00 0.524989 5.13
246.00 0.524889 5.13
247.00 0.524788 5.13
248.00 0.524688 5.13
249.00 0.524587 5.13
250.00 0.524486 5.13
251.00 0.524385 5.12
252.00 0.524287 5.12
253.00 0.524189 5.12
254.00 0.524092 5.12
255.00 0.523994 5.12
256.00 0.523896 5.12
257.00 0.523798 5.12
258.00 0.523701 5.12
259.00 0.523603 5.12
260.00 0.523505 5.12
261.00 0.523407 5.12
262.00 0.523309 5.12
263.00 0.523210 5.12
264.00 0.523115 5.10
265.00 0.523028 5.10
266.00 0.522941 5.10
267.00 0.522855 5.10
268.00 0.522770 5.10
269.00 0.522685 5.10
270.00 0.522601 5.10
271.00 0.522518 5.10
272.00 0.522435 5.10
273.00 0.522353 5.10
274.00 0.522271 5.10
275.00 0.522190 5.10
276.00 0.522109 5.10
277.00 0.522029 5.10
278.00 0.521949 5.10
279.00 0.521870 5.10
280.00 0.521791 5.10
281.00 0.521713 5.10
282.00 0.521634 5.10
283.00 0.521557 5.10
284.00 0.521479 5.10
285.00 0.521402 5.10
286.00 0.521326 5.10
287.00 0.521249 5.10
288.00 0.521173 5.10
289.00 0.521098 5.10
290.00 0.521022 5.10
291.00 0.520947 5.10
292.00 0.520872 5.10
293.00 0.520798 5.10
294.00 0.520724 5.10
295.00 0.520650 5.10
296.00 0.520576 5.10
297.00 0.520503 5.10
298.00 0.520429 5.10
299.00 0.520356 5.10
300.00 0.520284 5.10
301.00 0.520211 5.10
302.00 0.520143 5.09
303.00 0.520082 5.09
304.00 0.520022 5.09
305.00 0.519963 5.09
306.00 0.519904 5.09
307.00 0.519847 5.09
308.00 0.519790 5.09
309.00 0.519733 5.09
310.00 0.519678 5.09
311.00 0.519622 5.09
312.00 0.519568 5.09
313.00 0.519514 5.09
314.00 0.519460 5.09
315.00 0.519407 5.09
316.00 0.519354 5.09
317.00 0.519302 5.09
318.00 0.519251 5.09
319.00 0.519200 5.09
320.00 0.519150 5.08
321.00 0.519105 5.08
322.00 0.519061 5.08
323.00 0.519017 5.08
324.00 0.518975 5.08
325.00 0.518933 5.08
326.00 0.518891 5.08
327.00 0.518851 5.08
328.00 0.518811 5.08
329.00 0.518771 5.08
330.00 0.518734 5.07
331.00 0.518698 5.07
332.00 0.518662 5.07
333.00 0.518627 5.07
334.00 0.518593 5.07
335.00 0.518560 5.06
336.00 0.518530 5.06
337.00 0.518500 5.06
338.00 0.518471 5.06
339.00 0.518443 5.06
340.00 0.518415 5.06
341.00 0.518388 5.06
342.00 0.518362 5.06
343.00 0.518336 5.06
344.00 0.518311 5.06
345.00 0.518286 5.06
346.00 0.518262 5.06
347.00 0.518238 5.06
348.00 0.518215 5.06
349.00 0.518192 5.06
350.00 0.518170 5.06
351.00 0.518148 5.06
352.00 0.518126 5.06
353.00 0.518105 5.06
354.00 0.518084 5.06
355.00 0.518064 5.06
356.00 0.518044 5.06
357.00 0.518025 5.06
358.00 0.518006 5.06
359.00 0.517987 5.06
360.00 0.517968 5.06
361.00 0.517950 5.06
362.00 0.517933 5.06
363.00 0.517915 5.06
364.00 0.517898 5.06
365.00 0.517881 5.06
366.00 0.517865 5.06
367.00 0.517849 5.06
368.00 0.517833 5.06
369.00 0.517817 5.06
370.00 0.517802 5.06
371.00 0.517787 5.06
372.00 0.517772 5.06
373.00 0.517757 5.06
374.00 0.517743 5.06
375.00 0.517729 5.06
376.00 0.517715 5.06
377.00 0.517702 5.06
378.00 0.517688 5.06
379.00 0.517675 5.06
380.00 0.517662 5.06
381.00 0.517650 5.06
382.00 0.517637 5.06
383.00 0.517625 5.06
384.00 0.517613 5.06
385.00 0.517601 5.06
386.00 0.517590 5.06
387.00 0.517579 5.06
388.00 0.517567 5.06
389.00 0.517556 5.06
390.00 0.517546 5.06
391.00 0.517535 5.06
392.00 0.517525 5.06
393.00 0.517514 5.06
394.00 0.517504 5.06
395.00 0.517494 5.06
396.00 0.517485 5.06
397.00 0.517475 5.06
398.00 0.517466 5.06
399.00 0.517456 5.06
400.00 0.517447 5.06
401.00 0.517438 5.06
402.00 0.517430 5.06
403.00 0.517421 5.06
404.00 0.517413 5.06
405.00 0.517404 5.06
406.00 0.517396 5.06
407.00 0.517388 5.06
408.00 0.517380 5.06
409.00 0.517372 5.06
410.00 0.517365 5.06
411.00 0.517357 5.06
412.00 0.517350 5.06
413.00 0.517343 5.06
414.00 0.517335 5.06
415.00 0.517328 5.06
416.00 0.517321 5.06
417.00 0.517315 5.06
418.00 0.517308 5.06
419.00 0.517301 5.06
420.00 0.517295 5.06
421.00 0.517289 5.06
422.00 0.517282 5.06
423.00 0.517276 5.06
424.00 0.517270 5.06
425.00 0.517264 5.06
426.00 0.517258 5.06
427.00 0.517253 5.06
428.00 0.517247 5.06
429.00 0.517242 5.06
430.00 0.517236 5.06
431.00 0.517231 5.06
432.00 0.517225 5.06
433.00 0.517220 5.06
434.00 0.517215 5.06
435.00 0.517210 5.06
436.00 0.517205 5.06
437.00 0.517200 5.06
438.00 0.517196 5.06
439.00 0.517191 5.06
440.00 0.517186 5.06
441.00 0.517182 5.06
442.00 0.517177 5.06
443.00 0.517173 5.06
444.00 0.517169 5.06
445.00 0.517164 5.06
446.00 0.517160 5.06
447.00 0.517156 5.06
448.00 0.517152 5.06
449.00 0.517148 5.06
450.00 0.517144 5.06
451.00 0.517141 5.06
452.00 0.517137 5.06
453.00 0.517133 5.06
454.00 0.517129 5.06
455.00 0.517126 5.06
456.00 0.517122 5.06
457.00 0.517119 5.06
458.00 0.517115 5.06
459.00 0.517112 5.06
460.00 0.517109 5.06
461.00 0.517106 5.06
462.00 0.517102 5.06
463.00 0.517099 5.06
464.00 0.517096 5.06
465.00 0.517093 5.06
466.00 0.517090 5.06
467.00 0.517087 5.06
468.00 0.517084 5.06
469.00 0.517082 5.06
470.00 0.517079 5.06
471.00 0.517076 5.06
472.00 0.517073 5.06
473.00 0.517071 5.06
474.00 0.517068 5.06
475.00 0.517066 5.06
476.00 0.517063 5.06
477.00 0.517061 5.06
478.00 0.517058 5.06
479.00 0.517056 5.06
480.00 0.517053 5.06
481.00 0.517051 5.06
482.00 0.517049 5.06
483.00 0.517046 5.06
484.00 0.517044 5.06
485.00 0.517042 5.06
486.00 0.517040 5.06
487.00 0.517038 5.06
488.00 0.517036 5.06
489.00 0.517034 5.06
490.00 0.517032 5.06
491.00 0.517030 5.06
492.00 0.517028 5.06
493.00 0.517026 5.06
494.00 0.517024 5.06
495.00 0.517022 5.06
496.00 0.517021 5.06
497.00 0.517019 5.06
498.00 0.517017 5.06
499.00 0.517015 5.06
500.00 0.517014 5.06
501.00 0.517012 5.06
502.00 0.517010 5.06
503.00 0.517009 5.06
504.00 0.517007 5.06
505.00 0.517006 5.06
506.00 0.517004 5.06
507.00 0.517003 5.06
508.00 0.517001 5.06
509.00 0.517000 5.06
510.00 0.516998 5.06
511.00 0.516997 5.06
512.00 0.516995 5.06
513.00 0.516994 5.06
514.00 0.516993 5.06
515.00 0.516991 5.06
516.00 0.516990 5.06
517.00 0.516989 5.06
518.00 0.516988 5.06
519.00 0.516986 5.06
520.00 0.516985 5.06
521.00 0.516984 5.06
522.00 0.516983 5.06
523.00 0.516982 5.06
524.00 0.516980 5.06
525.00 0.516979 5.06
526.00 0.516978 5.06
527.00 0.516977 5.06
528.00 0.516976 5.06
529.00 0.516975 5.06
530.00 0.516974 5.06
531.00 0.516973 5.06
532.00 0.516972 5.06
533.00 0.516971 5.06
534.00 0.516970 5.06
535.00 0.516969 5.06
536.00 0.516968 5.06
537.00 0.516967 5.06
538.00 0.516966 5.06
539.00 0.516966 5.06
540.00 0.516965 5.06
541.00 0.516964 5.06
542.00 0.516963 5.06
543.00 0.516962 5.06
544.00 0.516961 5.06
545.00 0.516961 5.06
546.00 0.516960 5.06
547.00 0.516959 5.06
548.00 0.516958 5.06
549.00 0.516958 5.06
550.00 0.516957 5.06
551.00 0.516956 5.06
552.00 0.516955 5.06
553.00 0.516955 5.06
554.00 0.516954 5.06
555.00 0.516953 5.06
556.00 0.516953 5.06
557.00 0.516952 5.06
558.00 0.516951 5.06
559.00 0.516951 5.06
560.00 0.516950 5.06
561.00 0.516949 5.06
562.00 0.516949 5.06
563.00 0.516948 5.06
564.00 0.516948 5.06
565.00 0.516947 5.06
566.00 0.516947 5.06
567.00 0.516946 5.06
568.00 0.516945 5.06
569.00 0.516945 5.06
570.00 0.516944 5.06
571.00 0.516944 5.06
572.00 0.516943 5.06
573.00 0.516943 5.06
574.00 0.516942 5.06
575.00 0.516942 5.06
576.00 0.516941 5.06
577.00 0.516941 5.06
578.00 0.516941 5.06
579.00 0.516940 5.06
580.00 0.516940 5.06
581.00 0.516939 5.06
582.00 0.516939 5.06
583.00 0.516938 5.06
584.00 0.516938 5.06
585.00 0.516938 5.06
586.00 0.516937 5.06
587.00 0.516937 5.06
588.00 0.516936 5.06
589.00 0.516936 5.06
590.00 0.516936 5.06
591.00 0.516935 5.06
592.00 0.516935 5.06
593.00 0.516934 5.06
594.00 0.516934 5.06
595.00 0.516934 5.06
596.00 0.516933 5.06
597.00 0.516933 5.06
598.00 0.516933 5.06
599.00 0.516932 5.06
600.00 0.516932 5.06
601.00 0.516932 5.06
602.00 0.516931 5.06
603.00 0.516931 5.06
604.00 0.516931 5.06
605.00 0.516931 5.06
606.00 0.516930 5.06
607.00 0.516930 5.06
608.00 0.516930 5.06
609.00 0.516929 5.06
610.00 0.516929 5.06
611.00 0.516929 5.06
612.00 0.516929 5.06
613.00 0.516928 5.06
614.00 0.516928 5.06
615.00 0.516928 5.06
616.00 0.516928 5.06
617.00 0.516927 5.06
618.00 0.516927 5.06
619.00 0.516927 5.06
620.00 0.516927 5.06
621.00 0.516926 5.06
622.00 0.516926 5.06
623.00 0.516926 5.06
624.00 0.516926 5.06
625.00 0.516926 5.06
626.00 0.516925 5.06
627.00 0.516925 5.06
628.00 0.516925 5.06
629.00 0.516925 5.06
630.00 0.516925 5.06
631.00 0.516924 5.06
632.00 0.516924 5.06
633.00 0.516924 5.06
634.00 0.516924 5.06
635.00 0.516924 5.06
636.00 0.516924 5.06
637.00 0.516923 5.06
638.00 0.516923 5.06
639.00 0.516923 5.06
640.00 0.516923 5.06
641.00 0.516923 5.06
642.00 0.516923 5.06
643.00 0.516922 5.06
644.00 0.516922 5.06
645.00 0.516922 5.06
646.00 0.516922 5.06
647.00 0.516922 5.06
648.00 0.516922 5.06
649.00 0.516921 5.06
650.00 0.516921 5.06
651.00 0.516921 5.06
652.00 0.516921 5.06
653.00 0.516921 5.06
654.00 0.516921 5.06
655.00 0.516921 5.06
656.00 0.516921 5.06
657.00 0.516920 5.06
658.00 0.516920 5.06
659.00 0.516920 5.06
660.00 0.516920 5.06
661.00 0.516920 5.06
662.00 0.516920 5.06
663.00 0.516920 5.06
664.00 0.516920 5.06
665.00 0.516920 5.06
666.00 0.516919 5.06
667.00 0.516919 5.06
668.00 0.516919 5.06
669.00 0.516919 5.06
670.00 0.516919 5.06
671.00 0.516919 5.06
672.00 0.516919 5.06
673.00 0.516919 5.06
674.00 0.516919 5.06
675.00 0.516919 5.06
676.00 0.516918 5.06
677.00 0.516918 5.06
678.00 0.516918 5.06
679.00 0.516918 5.06
680.00 0.516918 5.06
681.00 0.516918 5.06
682.00 0.516918 5.06
683.00 0.516918 5.06
684.00 0.516918 5.06
685.00 0.516918 5.06
686.00 0.516918 5.06
687.00 0.516918 5.06
688.00 0.516917 5.06
689.00 0.516917 5.06
690.00 0.516917 5.06
691.00 0.516917 5.06
692.00 0.516917 5.06
693.00 0.516917 5.06
694.00 0.516917 5.06
695.00 0.516917 5.06
696.00 0.516917 5.06
697.00 0.516917 5.06
698.00 0.516917 5.06
699.00 0.516917 5.06
700.00 0.516917 5.06
701.00 0.516917 5.06
702.00 0.516917 5.06
703.00 0.516917 5.06
704.00 0.516916 5.06
705.00 0.516916 5.06
706.00 0.516916 5.06
707.00 0.516916 5.06
708.00 0.516916 5.06
709.00 0.516916 5.06
710.00 0.516916 5.06
711.00 0.516916 5.06
712.00 0.516916 5.06
713.00 0.516916 5.06
714.00 0.516916 5.06
715.00 0.516916 5.06
716.00 0.516916 5.06
717.00 0.516916 5.06
718.00 0.516916 5.06
719.00 0.516916 5.06
720.00 0.516916 5.06
721.00 0.516916 5.06
722.00 0.516916 5.06
723.00 0.516916 5.06
724.00 0.516915 5.06
725.00 0.516915 5.06
726.00 0.516915 5.06
727.00 0.516915 5.06
728.00 0.516915 5.06
729.00 0.516915 5.06
730.00 0.516915 5.06
731.00 0.516915 5.06
732.00 0.516915 5.06
733.00 0.516915 5.06
734.00 0.516915 5.06
735.00 0.516915 5.06
736.00 0.516915 5.06
737.00 0.516915 5.06
738.00 0.516915 5.06
739.00 0.516915 5.06
740.00 0.516915 5.06
741.00 0.516915 5.06
742.00 0.516915 5.06
743.00 0.516915 5.06
744.00 0.516915 5.06
745.00 0.516915 5.06
746.00 0.516915 5.06
747.00 0.516915 5.06
748.00 0.516915 5.06
749.00 0.516915 5.06
750.00 0.516915 5.06
751.00 0.516915 5.06
752.00 0.516915 5.06
753.00 0.516915 5.06
754.00 0.516915 5.06
755.00 0.516915 5.06
756.00 0.516914 5.06
757.00 0.516914 5.06
758.00 0.516914 5.06
759.00 0.516914 5.06
760.00 0.516914 5.06
761.00 0.516914 5.06
762.00 0.516914 5.06
763.00 0.516914 5.06
764.00 0.516914 5.06
765.00 0.516914 5.06
766.00 0.516914 5.06
767.00 0.516914 5.06
768.00 0.516914 5.06
769.00 0.516914 5.06
770.00 0.516914 5.06
771.00 0.516914 5.06
772.00 0.516914 5.06
773.00 0.516914 5.06
774.00 0.516914 5.06
775.00 0.516914 5.06
776.00 0.516914 5.06
777.00 0.516914 5.06
778.00 0.516914 5.06
779.00 0.516914 5.06
780.00 0.516914 5.06
781.00 0.516914 5.06
782.00 0.516914 5.06
783.00 0.516914 5.06
784.00 0.516914 5.06
785.00 0.516914 5.06
786.00 0.516914 5.06
787.00 0.516914 5.06
788.00 0.516914 5.06
789.00 0.516914 5.06
790.00 0.516914 5.06
791.00 0.516914 5.06
792.00 0.516914 5.06
793.00 0.516914 5.06
794.00 0.516914 5.06
795.00 0.516914 5.06
796.00 0.516914 5.06
797.00 0.516914 5.06
798.00 0.516914 5.06
799.00 0.516914 5.06
800.00 0.516914 5.06
801.00 0.516914 5.06
802.00 0.516914 5.06
803.00 0.516914 5.06
804.00 0.516914 5.06
805.00 0.516914 5.06
806.00 0.516914 5.06
807.00 0.516914 5.06
808.00 0.516914 5.06
809.00 0.516914 5.06
810.00 0.516914 5.06
811.00 0.516914 5.06
812.00 0.516914 5.06
813.00 0.516914 5.06
814.00 0.516914 5.06
815.00 0.516914 5.06
816.00 0.516914 5.06
817.00 0.516914 5.06
818.00 0.516914 5.06
819.00 0.516914 5.06
820.00 0.516914 5.06
821.00 0.516914 5.06
822.00 0.516914 5.06
823.00 0.516914 5.06
824.00 0.516914 5.06
825.00 0.516914 5.06
826.00 0.516914 5.06
827.00 0.516914 5.06
828.00 0.516914 5.06
829.00 0.516914 5.06
830.00 0.516913 5.06
831.00 0.516913 5.06
832.00 0.516913 5.06
833.00 0.516913 5.06
834.00 0.516913 5.06
835.00 0.516913 5.06
836.00 0.516913 5.06
837.00 0.516913 5.06
838.00 0.516913 5.06
839.00 0.516913 5.06
840.00 0.516913 5.06
841.00 0.516913 5.06
842.00 0.516913 5.06
843.00 0.516913 5.06
844.00 0.516913 5.06
845.00 0.516913 5.06
846.00 0.516913 5.06
847.00 0.516913 5.06
848.00 0.516913 5.06
849.00 0.516913 5.06
850.00 0.516913 5.06
851.00 0.516913 5.06
852.00 0.516913 5.06
853.00 0.516913 5.06
854.00 0.516913 5.06
855.00 0.516913 5.06
856.00 0.516913 5.06
857.00 0.516913 5.06
858.00 0.516913 5.06
859.00 0.516913 5.06
860.00 0.516913 5.06
861.00 0.516913 5.06
862.00 0.516913 5.06
863.00 0.516913 5.06
864.00 0.516913 5.06
865.00 0.516913 5.06
866.00 0.516913 5.06
867.00 0.516913 5.06
868.00 0.516913 5.06
869.00 0.516913 5.06
870.00 0.516913 5.06
871.00 0.516913 5.06
872.00 0.516913 5.06
873.00 0.516913 5.06
874.00 0.516913 5.06
875.00 0.516913 5.06
876.00 0.516913 5.06
877.00 0.516913 5.06
878.00 0.516913 5.06
879.00 0.516913 5.06
880.00 0.516913 5.06
881.00 0.516913 5.06
882.00 0.516913 5.06
883.00 0.516913 5.06
884.00 0.516913 5.06
885.00 0.516913 5.06
886.00 0.516913 5.06
887.00 0.516913 5.06
888.00 0.516913 5.06
889.00 0.516913 5.06
890.00 0.516913 5.06
891.00 0.516913 5.06
892.00 0.516913 5.06
893.00 0.516913 5.06
894.00 0.516913 5.06
895.00 0.516913 5.06
896.00 0.516913 5.06
897.00 0.516913 5.06
898.00 0.516913 5.06
899.00 0.516913 5.06
900.00 0.516913 5.06
901.00 0.516913 5.06
902.00 0.516913 5.06
903.00 0.516913 5.06
904.00 0.516913 5.06
905.00 0.516913 5.06
906.00 0.516913 5.06
907.00 0.516913 5.06
908.00 0.516913 5.06
909.00 0.516913 5.06
910.00 0.516913 5.06
911.00 0.516913 5.06
912.00 0.516913 5.06
913.00 0.516913 5.06
914.00 0.516913 5.06
915.00 0.516913 5.06
916.00 0.516913 5.06
917.00 0.516913 5.06
918.00 0.516913 5.06
919.00 0.516913 5.06
920.00 0.516913 5.06
921.00 0.516913 5.06
922.00 0.516913 5.06
923.00 0.516913 5.06
924.00 0.516913 5.06
925.00 0.516913 5.06
926.00 0.516913 5.06
927.00 0.516913 5.06
928.00 0.516913 5.06
929.00 0.516913 5.06
930.00 0.516913 5.06
931.00 0.516913 5.06
932.00 0.516913 5.06
933.00 0.516913 5.06
934.00 0.516913 5.06
935.00 0.516913 5.06
936.00 0.516913 5.06
937.00 0.516913 5.06
938.00 0.516913 5.06
939.00 0.516913 5.06
940.00 0.516913 5.06
941.00 0.516913 5.06
942.00 0.516913 5.06
943.00 0.516913 5.06
944.00 0.516913 5.06
945.00 0.516913 5.06
946.00 0.516913 5.06
947.00 0.516913 5.06
948.00 0.516913 5.06
949.00 0.516913 5.06
950.00 0.516913 5.06
951.00 0.516913 5.06
952.00 0.516913 5.06
953.00 0.516913 5.06
954.00 0.516913 5.06
955.00 0.516913 5.06
956.00 0.516913 5.06
957.00 0.516913 5.06
958.00 0.516913 5.06
959.00 0.516913 5.06
960.00 0.516913 5.06
961.00 0.516913 5.06
962.00 0.516913 5.06
963.00 0.516913 5.06
964.00 0.516913 5.06
965.00 0.516913 5.06
966.00 0.516913 5.06
967.00 0.516913 5.06
968.00 0.516913 5.06
969.00 0.516913 5.06
970.00 0.516913 5.06
971.00 0.516913 5.06
972.00 0.516913 5.06
973.00 0.516913 5.06
974.00 0.516913 5.06
975.00 0.516913 5.06
976.00 0.516913 5.06
977.00 0.516913 5.06
978.00 0.516913 5.06
979.00 0.516913 5.06
980.00 0.516913 5.06
981.00 0.516913 5.06
982.00 0.516913 5.06
983.00 0.516913 5.06
984.00 0.516913 5.06
985.00 0.516913 5.06
986.00 0.516913 5.06
987.00 0.516913 5.06
988.00 0.516913 5.06
989.00 0.516913 5.06
990.00 0.516913 5.06
991.00 0.516913 5.06
992.00 0.516913 5.06
993.00 0.516913 5.06
994.00 0.516913 5.06
995.00 0.516913 5.06
996.00 0.516913 5.06
997.00 0.516913 5.06
998.00 0.516913 5.06
999.00 0.516913 5.06
1000.00 0.516913 5.06
1001.00 0.516913 5.06
1002.00 0.516913 5.06
1003.00 0.516913 5.06
1004.00 0.516913 5.06
1005.00 0.516913 5.06
1006.00 0.516913 5.06
1007.00 0.516913 5.06
1008.00 0.516913 5.06
1009.00 0.516913 5.06
1010.00 0.516913 5.06
1011.00 0.516913 5.06
1012.00 0.516913 5.06
1013.00 0.516913 5.06
1014.00 0.516913 5.06
1015.00 0.516913 5.06
1016.00 0.516913 5.06
1017.00 0.516913 5.06
1018.00 0.516913 5.06
1019.00 0.516913 5.06
1020.00 0.516913 5.06
1021.00 0.516913 5.06
1022.00 0.516913 5.06
1023.00 0.516913 5.06
1024.00 0.516913 5.06
1025.00 0.516913 5.06
1026.00 0.516913 5.06
1027.00 0.516913 5.06
1028.00 0.516913 5.06
1029.00 0.516913 5.06
1030.00 0.516913 5.06
1031.00 0.516913 5.06
1032.00 0.516913 5.06
1033.00 0.516913 5.06
1034.00 0.516913 5.06
1035.00 0.516913 5.06
1036.00 0.516913 5.06
1037.00 0.516913 5.06
1038.00 0.516913 5.06
1039.00 0.516913 5.06
1040.00 0.516913 5.06
1041.00 0.516913 5.06
1042.00 0.516913 5.06
1043.00 0.516913 5.06
1044.00 0.516913 5.06
1045.00 0.516913 5.06
1046.00 0.516913 5.06
1047.00 0.516913 5.06
1048.00 0.516913 5.06
1049.00 0.516913 5.06
1050.00 0.516913 5.06
1051.00 0.516913 5.06
1052.00 0.516913 5.06
1053.00 0.516913 5.06
1054.00 0.516913 5.06
1055.00 0.516913 5.06
1056.00 0.516913 5.06
1057.00 0.516913 5.06
1058.00 0.516913 5.06
1059.00 0.516913 5.06
1060.00 0.516913 5.06
1061.00 0.516913 5.06
1062.00 0.516913 5.06
1063.00 0.516913 5.06
1064.00 0.516913 5.06
1065.00 0.516913 5.06
1066.00 0.516913 5.06
1067.00 0.516913 5.06
1068.00 0.516913 5.06
1069.00 0.516913 5.06
1070.00 0.516913 5.06
1071.00 0.516913 5.06
1072.00 0.516913 5.06
1073.00 0.516913 5.06
1074.00 0.516913 5.06
1075.00 0.516913 5.06
1076.00 0.516913 5.06
1077.00 0.516913 5.06
1078.00 0.516913 5.06
1079.00 0.516913 5.06
1080.00 0.516913 5.06
1081.00 0.516913 5.06
1082.00 0.516913 5.06
1083.00 0.516913 5.06
1084.00 0.516913 5.06
1085.00 0.516913 5.06
1086.00 0.516913 5.06
1087.00 0.516913 5.06
1088.00 0.516913 5.06
1089.00 0.516913 5.06
1090.00 0.516913 5.06
1091.00 0.516913 5.06
1092.00 0.516913 5.06
1093.00 0.516913 5.06
1094.00 0.516913 5.06
1095.00 0.516913 5.06
1096.00 0.516913 5.06
1097.00 0.516913 5.06
1098.00 0.516913 5.06
1099.00 0.516913 5.06
1100.00 0.516913 5.06
1101.00 0.516913 5.06
1102.00 0.516913 5.06
1103.00 0.516913 5.06
1104.00 0.516913 5.06
1105.00 0.516913 5.06
1106.00 0.516913 5.06
1107.00 0.516913 5.06
1108.00 0.516913 5.06
1109.00 0.516913 5.06
1110.00 0.516913 5.06
1111.00 0.516913 5.06
1112.00 0.516913 5.06
1113.00 0.516913 5.06
1114.00 0.516913 5.06
1115.00 0.516913 5.06
1116.00 0.516913 5.06
1117.00 0.516913 5.06
1118.00 0.516913 5.06
1119.00 0.516913 5.06
1120.00 0.516913 5.06
1121.00 0.516913 5.06
1122.00 0.516913 5.06
1123.00 0.516913 5.06
1124.00 0.516913 5.06
1125.00 0.516913 5.06
1126.00 0.516913 5.06
1127.00 0.516913 5.06
1128.00 0.516913 5.06
1129.00 0.516913 5.06
1130.00 0.516913 5.06
1131.00 0.516913 5.06
1132.00 0.516913 5.06
1133.00 0.516913 5.06
1134.00 0.516913 5.06
1135.00 0.516913 5.06
1136.00 0.516913 5.06
1137.00 0.516913 5.06
1138.00 0.516913 5.06
1139.00 0.516913 5.06
1140.00 0.516913 5.06
1141.00 0.516913 5.06
1142.00 0.516913 5.06
1143.00 0.516913 5.06
1144.00 0.516913 5.06
1145.00 0.516913 5.06
1146.00 0.516913 5.06
1147.00 0.516913 5.06
1148.00 0.516913 5.06
1149.00 0.516913 5.06
1150.00 0.516913 5.06
1151.00 0.516913 5.06
1152.00 0.516913 5.06
1153.00 0.516913 5.06
1154.00 0.516913 5.06
1155.00 0.516913 5.06
1156.00 0.516913 5.06
1157.00 0.516913 5.06
1158.00 0.516913 5.06
1159.00 0.516913 5.06
1160.00 0.516913 5.06
1161.00 0.516913 5.06
1162.00 0.516913 5.06
1163.00 0.516913 5.06
1164.00 0.516913 5.06
1165.00 0.516913 5.06
1166.00 0.516913 5.06
1167.00 0.516913 5.06
1168.00 0.516913 5.06
1169.00 0.516913 5.06
1170.00 0.516913 5.06
1171.00 0.516913 5.06
1172.00 0.516913 5.06
1173.00 0.516913 5.06
1174.00 0.516913 5.06
1175.00 0.516913 5.06
1176.00 0.516913 5.06
1177.00 0.516913 5.06
1178.00 0.516913 5.06
1179.00 0.516913 5.06
1180.00 0.516913 5.06
1181.00 0.516913 5.06
1182.00 0.516913 5.06
1183.00 0.516913 5.06
1184.00 0.516913 5.06
1185.00 0.516913 5.06
1186.00 0.516913 5.06
1187.00 0.516913 5.06
1188.00 0.516913 5.06
1189.00 0.516913 5.06
1190.00 0.516913 5.06
1191.00 0.516913 5.06
1192.00 0.516913 5.06
1193.00 0.516913 5.06
1194.00 0.516913 5.06
1195.00 0.516913 5.06
1196.00 0.516913 5.06
1197.00 0.516913 5.06
1198.00 0.516913 5.06
1199.00 0.516913 5.06
1200.00 0.516913 5.06
1201.00 0.516913 5.06
1202.00 0.516913 5.06
1203.00 0.516913 5.06
1204.00 0.516913 5.06
1205.00 0.516913 5.06
1206.00 0.516913 5.06
1207.00 0.516913 5.06
1208.00 0.516913 5.06
1209.00 0.516913 5.06
1210.00 0.516913 5.06
1211.00 0.516913 5.06
1212.00 0.516913 5.06
1213.00 0.516913 5.06
1214.00 0.516913 5.06
1215.00 0.516913 5.06
1216.00 0.516913 5.06
1217.00 0.516913 5.06
1218.00 0.516913 5.06
1219.00 0.516913 5.06
1220.00 0.516913 5.06
1221.00 0.516913 5.06
1222.00 0.516913 5.06
1223.00 0.516913 5.06
1224.00 0.516913 5.06
1225.00 0.516913 5.06
1226.00 0.516913 5.06
1227.00 0.516913 5.06
1228.00 0.516913 5.06
1229.00 0.516913 5.06
1230.00 0.516913 5.06
1231.00 0.516913 5.06
1232.00 0.516913 5.06
1233.00 0.516913 5.06
1234.00 0.516913 5.06
1235.00 0.516913 5.06
1236.00 0.516913 5.06
1237.00 0.516913 5.06
1238.00 0.516913 5.06
1239.00 0.516913 5.06
1240.00 0.516913 5.06
1241.00 0.516913 5.06
1242.00 0.516913 5.06
1243.00 0.516913 5.06
1244.00 0.516913 5.06
1245.00 0.516913 5.06
1246.00 0.516913 5.06
1247.00 0.516913 5.06
1248.00 0.516913 5.06
1249.00 0.516913 5.06
1250.00 0.516913 5.06
1251.00 0.516913 5.06
1252.00 0.516913 5.06
1253.00 0.516913 5.06
1254.00 0.516913 5.06
1255.00 0.516913 5.06
1256.00 0.516913 5.06
1257.00 0.516913 5.06
1258.00 0.516913 5.06
1259.00 0.516913 5.06
1260.00 0.516913 5.06
1261.00 0.516913 5.06
1262.00 0.516913 5.06
1263.00 0.516913 5.06
1264.00 0.516913 5.06
1265.00 0.516913 5.06
1266.00 0.516913 5.06
1267.00 0.516913 5.06
1268.00 0.516913 5.06
1269.00 0.516913 5.06
1270.00 0.516913 5.06
1271.00 0.516913 5.06
1272.00 0.516913 5.06
1273.00 0.516913 5.06
1274.00 0.516913 5.06
1275.00 0.516913 5.06
1276.00 0.516913 5.06
1277.00 0.516913 5.06
1278.00 0.516913 5.06
1279.00 0.516913 5.06
1280.00 0.516913 5.06
1281.00 0.516913 5.06
1282.00 0.516913 5.06
1283.00 0.516913 5.06
1284.00 0.516913 5.06
1285.00 0.516913 5.06
1286.00 0.516913 5.06
1287.00 0.516913 5.06
1288.00 0.516913 5.06
1289.00 0.516913 5.06
1290.00 0.516913 5.06
1291.00 0.516913 5.06
1292.00 0.516913 5.06
1293.00 0.516913 5.06
1294.00 0.516913 5.06
1295.00 0.516913 5.06
1296.00 0.516913 5.06
1297.00 0.516913 5.06
1298.00 0.516913 5.06
1299.00 0.516913 5.06
1300.00 0.516913 5.06
1301.00 0.516913 5.06
1302.00 0.516913 5.06
1303.00 0.516913 5.06
1304.00 0.516913 5.06
1305.00 0.516913 5.06
1306.00 0.516913 5.06
1307.00 0.516913 5.06
1308.00 0.516913 5.06
1309.00 0.516913 5.06
1310.00 0.516913 5.06
1311.00 0.516913 5.06
1312.00 0.516913 5.06
1313.00 0.516913 5.06
1314.00 0.516913 5.06
1315.00 0.516913 5.06
1316.00 0.516913 5.06
1317.00 0.516913 5.06
1318.00 0.516913 5.06
1319.00 0.516913 5.06
1320.00 0.516913 5.06
1321.00 0.516913 5.06
1322.00 0.516913 5.06
1323.00 0.516913 5.06
1324.00 0.516913 5.06
1325.00 0.516913 5.06
1326.00 0.516913 5.06
1327.00 0.516913 5.06
1328.00 0.516913 5.06
1329.00 0.516913 5.06
1330.00 0.516913 5.06
1331.00 0.516913 5.06
1332.00 0.516913 5.06
1333.00 0.516913 5.06
1334.00 0.516913 5.06
1335.00 0.516913 5.06
1336.00 0.516913 5.06
1337.00 0.516913 5.06
1338.00 0.516913 5.06
1339.00 0.516913 5.06
1340.00 0.516913 5.06
1341.00 0.516913 5.06
1342.00 0.516913 5.06
1343.00 0.516913 5.06
1344.00 0.516913 5.06
1345.00 0.516913 5.06
1346.00 0.516913 5.06
1347.00 0.516913 5.06
1348.00 0.516913 5.06
1349.00 0.516913 5.06
1350.00 0.516913 5.06
1351.00 0.516913 5.06
1352.00 0.516913 5.06
1353.00 0.516913 5.06
1354.00 0.516913 5.06
1355.00 0.516913 5.06
1356.00 0.516913 5.06
1357.00 0.516913 5.06
1358.00 0.516913 5.06
1359.00 0.516913 5.06
1360.00 0.516913 5.06
1361.00 0.516913 5.06
1362.00 0.516913 5.06
1363.00 0.516913 5.06
1364.00 0.516913 5.06
1365.00 0.516913 5.06
1366.00 0.516913 5.06
1367.00 0.516913 5.06
1368.00 0.516913 5.06
1369.00 0.516913 5.06
1370.00 0.516913 5.06
1371.00 0.516913 5.06
1372.00 0.516913 5.06
1373.00 0.516913 5.06
1374.00 0.516913 5.06
1375.00 0.516913 5.06
1376.00 0.516913 5.06
1377.00 0.516913 5.06
1378.00 0.516913 5.06
1379.00 0.516913 5.06
1380.00 0.516913 5.06
1381.00 0.516913 5.06
1382.00 0.516913 5.06
1383.00 0.516913 5.06
1384.00 0.516913 5.06
1385.00 0.516913 5.06
1386.00 0.516913 5.06
1387.00 0.516913 5.06
1388.00 0.516913 5.06
1389.00 0.516913 5.06
1390.00 0.516913 5.06
1391.00 0.516913 5.06
1392.00 0.516913 5.06
1393.00 0.516913 5.06
1394.00 0.516913 5.06
1395.00 0.516913 5.06
1396.00 0.516913 5.06
1397.00 0.516913 5.06
1398.00 0.516913 5.06
1399.00 0.516913 5.06
1400.00 0.516913 5.06
1401.00 0.516913 5.06
1402.00 0.516913 5.06
1403.00 0.516913 5.06
1404.00 0.516913 5.06
1405.00 0.516913 5.06
1406.00 0.516913 5.06
1407.00 0.516913 5.06
1408.00 0.516913 5.06
1409.00 0.516913 5.06
1410.00 0.516913 5.06
1411.00 0.516913 5.06
1412.00 0.516913 5.06
1413.00 0.516913 5.06
1414.00 0.516913 5.06
1415.00 0.516913 5.06
1416.00 0.516913 5.06
1417.00 0.516913 5.06
1418.00 0.516913 5.06
1419.00 0.516913 5.06
1420.00 0.516913 5.06
1421.00 0.516913 5.06
1422.00 0.516913 5.06
1423.00 0.516913 5.06
1424.00 0.516913 5.06
1425.00 0.516913 5.06
1426.00 0.516913 5.06
1427.00 0.516913 5.06
1428.00 0.516913 5.06
1429.00 0.516913 5.06
1430.00 0.516913 5.06
1431.00 0.516913 5.06
1432.00 0.516913 5.06
1433.00 0.516913 5.06
1434.00 0.516913 5.06
1435.00 0.516913 5.06
1436.00 0.516913 5.06
1437.00 0.516913 5.06
1438.00 0.516913 5.06
1439.00 0.516913 5.06
1440.00 0.516913 5.06
1441.00 0.516913 5.06
1442.00 0.516913 5.06
1443.00 0.516913 5.06
1444.00 0.516913 5.06
1445.00 0.516913 5.06
1446.00 0.516913 5.06
1447.00 0.516913 5.06
1448.00 0.516913 5.06
1449.00 0.516913 5.06
1450.00 0.516913 5.06
1451.00 0.516913 5.06
1452.00 0.516913 5.06
1453.00 0.516913 5.06
1454.00 0.516913 5.06
1455.00 0.516913 5.06
1456.00 0.516913 5.06
1457.00 0.516913 5.06
1458.00 0.516913 5.06
1459.00 0.516913 5.06
1460.00 0.516913 5.06
1461.00 0.516913 5.06
1462.00 0.516913 5.06
1463.00 0.516913 5.06
1464.00 0.516913 5.06
1465.00 0.516913 5.06
1466.00 0.516913 5.06
1467.00 0.516913 5.06
1468.00 0.516913 5.06
1469.00 0.516913 5.06
1470.00 0.516913 5.06
1471.00 0.516913 5.06
1472.00 0.516913 5.06
1473.00 0.516913 5.06
1474.00 0.516913 5.06
1475.00 0.516913 5.06
1476.00 0.516913 5.06
1477.00 0.516913 5.06
1478.00 0.516913 5.06
1479.00 0.516913 5.06
1480.00 0.516913 5.06
1481.00 0.516913 5.06
1482.00 0.516913 5.06
1483.00 0.516913 5.06
1484.00 0.516913 5.06
1485.00 0.516913 5.06
1486.00 0.516913 5.06
1487.00 0.516913 5.06
1488.00 0.516913 5.06
1489.00 0.516913 5.06
1490.00 0.516913 5.06
1491.00 0.516913 5.06
1492.00 0.516913 5.06
1493.00 0.516913 5.06
1494.00 0.516913 5.06
1495.00 0.516913 5.06
1496.00 0.516913 5.06
1497.00 0.516913 5.06
1498.00 0.516913 5.06
1499.00 0.516913 5.06
1500.00 0.516913 5.06
1501.00 0.516913 5.06
1502.00 0.516913 5.06
1503.00 0.516913 5.06
1504.00 0.516913 5.06
1505.00 0.516913 5.06
1506.00 0.516913 5.06
1507.00 0.516913 5.06
1508.00 0.516913 5.06
1509.00 0.516913 5.06
1510.00 0.516913 5.06
1511.00 0.516913 5.06
1512.00 0.516913 5.06
1513.00 0.516913 5.06
1514.00 0.516913 5.06
1515.00 0.516913 5.06
1516.00 0.516913 5.06
1517.00 0.516913 5.06
1518.00 0.516913 5.06
1519.00 0.516913 5.06
1520.00 0.516913 5.06
1521.00 0.516913 5.06
1522.00 0.516913 5.06
1523.00 0.516913 5.06
1524.00 0.516913 5.06
1525.00 0.516913 5.06
1526.00 0.516913 5.06
1527.00 0.516913 5.06
1528.00 0.516913 5.06
1529.00 0.516913 5.06
1530.00 0.516913 5.06
1531.00 0.516913 5.06
1532.00 0.516913 5.06
1533.00 0.516913 5.06
1534.00 0.516913 5.06
1535.00 0.516913 5.06
1536.00 0.516913 5.06
1537.00 0.516913 5.06
1538.00 0.516913 5.06
1539.00 0.516913 5.06
1540.00 0.516913 5.06
1541.00 0.516913 5.06
1542.00 0.516913 5.06
1543.00 0.516913 5.06
1544.00 0.516913 5.06
1545.00 0.516913 5.06
1546.00 0.516913 5.06
1547.00 0.516913 5.06
1548.00 0.516913 5.06
1549.00 0.516913 5.06
1550.00 0.516913 5.06
1551.00 0.516913 5.06
1552.00 0.516913 5.06
1553.00 0.516913 5.06
1554.00 0.516913 5.06
1555.00 0.516913 5.06
1556.00 0.516913 5.06
1557.00 0.516913 5.06
1558.00 0.516913 5.06
1559.00 0.516913 5.06
1560.00 0.516913 5.06
1561.00 0.516913 5.06
1562.00 0.516913 5.06
1563.00 0.516913 5.06
1564.00 0.516913 5.06
1565.00 0.516913 5.06
1566.00 0.516913 5.06
1567.00 0.516913 5.06
1568.00 0.516913 5.06
1569.00 0.516913 5.06
1570.00 0.516913 5.06
1571.00 0.516913 5.06
1572.00 0.516913 5.06
1573.00 0.516913 5.06
1574.00 0.516913 5.06
1575.00 0.516913 5.06
1576.00 0.516913 5.06
1577.00 0.516913 5.06
1578.00 0.516913 5.06
1579.00 0.516913 5.06
1580.00 0.516913 5.06
1581.00 0.516913 5.06
1582.00 0.516913 5.06
1583.00 0.516913 5.06
1584.00 0.516913 5.06
1585.00 0.516913 5.06
1586.00 0.516913 5.06
1587.00 0.516913 5.06
1588.00 0.516913 5.06
1589.00 0.516913 5.06
1590.00 0.516913 5.06
1591.00 0.516913 5.06
1592.00 0.516913 5.06
1593.00 0.516913 5.06
1594.00 0.516913 5.06
1595.00 0.516913 5.06
1596.00 0.516913 5.06
1597.00 0.516913 5.06
1598.00 0.516913 5.06
1599.00 0.516913 5.06
1600.00 0.516913 5.06
1601.00 0.516913 5.06
1602.00 0.516913 5.06
1603.00 0.516913 5.06
1604.00 0.516913 5.06
1605.00 0.516913 5.06
1606.00 0.516913 5.06
1607.00 0.516913 5.06
1608.00 0.516913 5.06
1609.00 0.516913 5.06
1610.00 0.516913 5.06
1611.00 0.516913 5.06
1612.00 0.516913 5.06
1613.00 0.516913 5.06
1614.00 0.516913 5.06
1615.00 0.516913 5.06
1616.00 0.516913 5.06
1617.00 0.516913 5.06
1618.00 0.516913 5.06
1619.00 0.516913 5.06
1620.00 0.516913 5.06
1621.00 0.516913 5.06
1622.00 0.516913 5.06
1623.00 0.516913 5.06
1624.00 0.516913 5.06
1625.00 0.516913 5.06
1626.00 0.516913 5.06
1627.00 0.516913 5.06
1628.00 0.516913 5.06
1629.00 0.516913 5.06
1630.00 0.516913 5.06
1631.00 0.516913 5.06
1632.00 0.516913 5.06
1633.00 0.516913 5.06
1634.00 0.516913 5.06
1635.00 0.516913 5.06
1636.00 0.516913 5.06
1637.00 0.516913 5.06
1638.00 0.516913 5.06
1639.00 0.516913 5.06
1640.00 0.516913 5.06
1641.00 0.516913 5.06
1642.00 0.516913 5.06
1643.00 0.516913 5.06
1644.00 0.516913 5.06
1645.00 0.516913 5.06
1646.00 0.516913 5.06
1647.00 0.516913 5.06
1648.00 0.516913 5.06
1649.00 0.516913 5.06
1650.00 0.516913 5.06
1651.00 0.516913 5.06
1652.00 0.516913 5.06
1653.00 0.516913 5.06
1654.00 0.516913 5.06
1655.00 0.516913 5.06
1656.00 0.516913 5.06
1657.00 0.516913 5.06
1658.00 0.516913 5.06
1659.00 0.516913 5.06
1660.00 0.516913 5.06
1661.00 0.516913 5.06
1662.00 0.516913 5.06
1663.00 0.516913 5.06
1664.00 0.516913 5.06
1665.00 0.516913 5.06
1666.00 0.516913 5.06
1667.00 0.516913 5.06
1668.00 0.516913 5.06
1669.00 0.516913 5.06
1670.00 0.516913 5.06
1671.00 0.516913 5.06
1672.00 0.516913 5.06
1673.00 0.516913 5.06
1674.00 0.516913 5.06
1675.00 0.516913 5.06
1676.00 0.516913 5.06
1677.00 0.516913 5.06
1678.00 0.516913 5.06
1679.00 0.516913 5.06
1680.00 0.516913 5.06
1681.00 0.516913 5.06
1682.00 0.516913 5.06
1683.00 0.516913 5.06
1684.00 0.516913 5.06
1685.00 0.516913 5.06
1686.00 0.516913 5.06
1687.00 0.516913 5.06
1688.00 0.516913 5.06
1689.00 0.516913 5.06
1690.00 0.516913 5.06
1691.00 0.516913 5.06
1692.00 0.516913 5.06
1693.00 0.516913 5.06
1694.00 0.516913 5.06
1695.00 0.516913 5.06
1696.00 0.516913 5.06
1697.00 0.516913 5.06
1698.00 0.516913 5.06
1699.00 0.516913 5.06
1700.00 0.516913 5.06
1701.00 0.516913 5.06
1702.00 0.516913 5.06
1703.00 0.516913 5.06
1704.00 0.516913 5.06
1705.00 0.516913 5.06
1706.00 0.516913 5.06
1707.00 0.516913 5.06
1708.00 0.516913 5.06
1709.00 0.516913 5.06
1710.00 0.516913 5.06
1711.00 0.516913 5.06
1712.00 0.516913 5.06
1713.00 0.516913 5.06
1714.00 0.516913 5.06
1715.00 0.516913 5.06
1716.00 0.516913 5.06
1717.00 0.516913 5.06
1718.00 0.516913 5.06
1719.00 0.516913 5.06
1720.00 0.516913 5.06
1721.00 0.516913 5.06
1722.00 0.516913 5.06
1723.00 0.516913 5.06
1724.00 0.516913 5.06
1725.00 0.516913 5.06
1726.00 0.516913 5.06
1727.00 0.516913 5.06
1728.00 0.516913 5.06
1729.00 0.516913 5.06
1730.00 0.516913 5.06
1731.00 0.516913 5.06
1732.00 0.516913 5.06
1733.00 0.516913 5.06
1734.00 0.516913 5.06
1735.00 0.516913 5.06
1736.00 0.516913 5.06
1737.00 0.516913 5.06
1738.00 0.516913 5.06
1739.00 0.516913 5.06
1740.00 0.516913 5.06
1741.00 0.516913 5.06
1742.00 0.516913 5.06
1743.00 0.516913 5.06
1744.00 0.516913 5.06
1745.00 0.516913 5.06
1746.00 0.516913 5.06
1747.00 0.516913 5.06
1748.00 0.516913 5.06
1749.00 0.516913 5.06
1750.00 0.516913 5.06
1751.00 0.516913 5.06
1752.00 0.516913 5.06
1753.00 0.516913 5.06
1754.00 0.516913 5.06
1755.00 0.516913 5.06
1756.00 0.516913 5.06
1757.00 0.516913 5.06
1758.00 0.516913 5.06
1759.00 0.516913 5.06
1760.00 0.516913 5.06
1761.00 0.516913 5.06
1762.00 0.516913 5.06
1763.00 0.516913 5.06
1764.00 0.516913 5.06
1765.00 0.516913 5.06
1766.00 0.516913 5.06
1767.00 0.516913 5.06
1768.00 0.516913 5.06
1769.00 0.516913 5.06
1770.00 0.516913 5.06
1771.00 0.516913 5.06
1772.00 0.516913 5.06
1773.00 0.516913 5.06
1774.00 0.516913 5.06
1775.00 0.516913 5.06
1776.00 0.516913 5.06
1777.00 0.516913 5.06
1778.00 0.516913 5.06
1779.00 0.516913 5.06
1780.00 0.516913 5.06
1781.00 0.516913 5.06
1782.00 0.516913 5.06
1783.00 0.516913 5.06
1784.00 0.516913 5.06
1785.00 0.516913 5.06
1786.00 0.516913 5.06
1787.00 0.516913 5.06
1788.00 0.516913 5.06
1789.00 0.516913 5.06
1790.00 0.516913 5.06
1791.00 0.516913 5.06
1792.00 0.516913 5.06
1793.00 0.516913 5.06
1794.00 0.516913 5.06
1795.00 0.516913 5.06
1796.00 0.516913 5.06
1797.00 0.516913 5.06
1798.00 0.516913 5.06
1799.00 0.516913 5.06
1800.00 0.516913 5.06
1801.00 0.516913 5.06
1802.00 0.516913 5.06
1803.00 0.516913 5.06
1804.00 0.516913 5.06
1805.00 0.516913 5.06
1806.00 0.516913 5.06
1807.00 0.516913 5.06
1808.00 0.516913 5.06
1809.00 0.516913 5.06
1810.00 0.516913 5.06
1811.00 0.516913 5.06
1812.00 0.516913 5.06
1813.00 0.516913 5.06
1814.00 0.516913 5.06
1815.00 0.516913 5.06
1816.00 0.516913 5.06
1817.00 0.516913 5.06
1818.00 0.516913 5.06
1819.00 0.516913 5.06
1820.00 0.516913 5.06
1821.00 0.516913 5.06
1822.00 0.516913 5.06
1823.00 0.516913 5.06
1824.00 0.516913 5.06
1825.00 0.516913 5.06
1826.00 0.516913 5.06
1827.00 0.516913 5.06
1828.00 0.516913 5.06
1829.00 0.516913 5.06
1830.00 0.516913 5.06
1831.00 0.516913 5.06
1832.00 0.516913 5.06
1833.00 0.516913 5.06
1834.00 0.516913 5.06
1835.00 0.516913 5.06
1836.00 0.516913 5.06
1837.00 0.516913 5.06
1838.00 0.516913 5.06
1839.00 0.516913 5.06
1840.00 0.516913 5.06
1841.00 0.516913 5.06
1842.00 0.516913 5.06
1843.00 0.516913 5.06
1844.00 0.516913 5.06
1845.00 0.516913 5.06
1846.00 0.516913 5.06
1847.00 0.516913 5.06
1848.00 0.516913 5.06
1849.00 0.516913 5.06
1850.00 0.516913 5.06
1851.00 0.516913 5.06
1852.00 0.516913 5.06
1853.00 0.516913 5.06
1854.00 0.516913 5.06
1855.00 0.516913 5.06
1856.00 0.516913 5.06
1857.00 0.516913 5.06
1858.00 0.516913 5.06
1859.00 0.516913 5.06
1860.00 0.516913 5.06
1861.00 0.516913 5.06
1862.00 0.516913 5.06
1863.00 0.516913 5.06
1864.00 0.516913 5.06
1865.00 0.516913 5.06
1866.00 0.516913 5.06
1867.00 0.516913 5.06
1868.00 0.516913 5.06
1869.00 0.516913 5.06
1870.00 0.516913 5.06
1871.00 0.516913 5.06
1872.00 0.516913 5.06
1873.00 0.516913 5.06
1874.00 0.516913 5.06
1875.00 0.516913 5.06
1876.00 0.516913 5.06
1877.00 0.516913 5.06
1878.00 0.516913 5.06
1879.00 0.516913 5.06
1880.00 0.516913 5.06
1881.00 0.516913 5.06
1882.00 0.516913 5.06
1883.00 0.516913 5.06
1884.00 0.516913 5.06
1885.00 0.516913 5.06
1886.00 0.516913 5.06
1887.00 0.516913 5.06
1888.00 0.516913 5.06
1889.00 0.516913 5.06
1890.00 0.516913 5.06
1891.00 0.516913 5.06
1892.00 0.516913 5.06
1893.00 0.516913 5.06
1894.00 0.516913 5.06
1895.00 0.516913 5.06
1896.00 0.516913 5.06
1897.00 0.516913 5.06
1898.00 0.516913 5.06
1899.00 0.516913 5.06
1900.00 0.516913 5.06
1901.00 0.516913 5.06
1902.00 0.516913 5.06
1903.00 0.516913 5.06
1904.00 0.516913 5.06
1905.00 0.516913 5.06
1906.00 0.516913 5.06
1907.00 0.516913 5.06
1908.00 0.516913 5.06
1909.00 0.516913 5.06
1910.00 0.516913 5.06
1911.00 0.516913 5.06
1912.00 0.516913 5.06
1913.00 0.516913 5.06
1914.00 0.516913 5.06
1915.00 0.516913 5.06
1916.00 0.516913 5.06
1917.00 0.516913 5.06
1918.00 0.516913 5.06
1919.00 0.516913 5.06
1920.00 0.516913 5.06
1921.00 0.516913 5.06
1922.00 0.516913 5.06
1923.00 0.516913 5.06
1924.00 0.516913 5.06
1925.00 0.516913 5.06
1926.00 0.516913 5.06
1927.00 0.516913 5.06
1928.00 0.516913 5.06
1929.00 0.516913 5.06
1930.00 0.516913 5.06
1931.00 0.516913 5.06
1932.00 0.516913 5.06
1933.00 0.516913 5.06
1934.00 0.516913 5.06
1935.00 0.516913 5.06
1936.00 0.516913 5.06
1937.00 0.516913 5.06
1938.00 0.516913 5.06
1939.00 0.516913 5.06
1940.00 0.516913 5.06
1941.00 0.516913 5.06
1942.00 0.516913 5.06
1943.00 0.516913 5.06
1944.00 0.516913 5.06
1945.00 0.516913 5.06
1946.00 0.516913 5.06
1947.00 0.516913 5.06
1948.00 0.516913 5.06
1949.00 0.516913 5.06
1950.00 0.516913 5.06
1951.00 0.516913 5.06
1952.00 0.516913 5.06
1953.00 0.516913 5.06
1954.00 0.516913 5.06
1955.00 0.516913 5.06
1956.00 0.516913 5.06
1957.00 0.516913 5.06
1958.00 0.516913 5.06
1959.00 0.516913 5.06
1960.00 0.516913 5.06
1961.00 0.516913 5.06
1962.00 0.516913 5.06
1963.00 0.516913 5.06
1964.00 0.516913 5.06
1965.00 0.516913 5.06
1966.00 0.516913 5.06
1967.00 0.516913 5.06
1968.00 0.516913 5.06
1969.00 0.516913 5.06
1970.00 0.516913 5.06
1971.00 0.516913 5.06
1972.00 0.516913 5.06
1973.00 0.516913 5.06
1974.00 0.516913 5.06
1975.00 0.516913 5.06
1976.00 0.516913 5.06
1977.00 0.516913 5.06
1978.00 0.516913 5.06
1979.00 0.516913 5.06
1980.00 0.516913 5.06
1981.00 0.516913 5.06
1982.00 0.516913 5.06
1983.00 0.516913 5.06
1984.00 0.516913 5.06
1985.00 0.516913 5.06
1986.00 0.516913 5.06
1987.00 0.516913 5.06
1988.00 0.516913 5.06
1989.00 0.516913 5.06
1990.00 0.516913 5.06
1991.00 0.516913 5.06
1992.00 0.516913 5.06
1993.00 0.516913 5.06
1994.00 0.516913 5.06
1995.00 0.516913 5.06
1996.00 0.516913 5.06
1997.00 0.516913 5.06
1998.00 0.516913 5.06
1999.00 0.516913 5.06
2000.00 0.516913 5.06
