0.00 2.943761 20.24
1.00 2.939339 20.24
2.00 2.934891 20.24
3.00 2.930418 20.24
4.00 2.925919 20.24
5.00 2.921396 20.24
6.00 2.916848 20.24
7.00 2.912275 20.24
8.00 2.907678 20.24
9.00 2.903054 20.24
10.00 2.898420 20.23
11.00 2.893770 20.23
12.00 2.889098 20.23
13.00 2.884402 20.24
14.00 2.879701 20.23
15.00 2.874984 20.23
16.00 2.870246 20.23
17.00 2.865483 20.23
18.00 2.860696 20.23
19.00 2.855884 20.22
20.00 2.851093 20.21
21.00 2.846282 20.21
22.00 2.841442 20.21
23.00 2.836571 20.21
24.00 2.831676 20.20
25.00 2.826772 20.20
26.00 2.821834 20.20
27.00 2.816862 20.20
28.00 2.811877 20.18
29.00 2.806886 20.18
30.00 2.801862 20.18
31.00 2.796831 20.17
32.00 2.791796 20.16
33.00 2.786782 20.15
34.00 2.781743 20.15
35.00 2.776743 20.13
36.00 2.771793 20.12
37.00 2.766882 20.11
38.00 2.762001 20.10
39.00 2.757153 20.09
40.00 2.752317 20.08
41.00 2.747493 20.07
42.00 2.742676 20.07
43.00 2.737834 20.07
44.00 2.732977 20.06
45.00 2.728186 20.04
46.00 2.723436 20.03
47.00 2.718665 20.03
48.00 2.713932 20.02
49.00 2.709203 20.01
50.00 2.704487 19.99
51.00 2.699840 19.99
52.00 2.695163 19.99
53.00 2.690453 19.99
54.00 2.685806 19.97
55.00 2.681186 19.96
56.00 2.676626 19.95
57.00 2.672120 19.94
58.00 2.667624 19.93
59.00 2.663215 19.91
60.00 2.658827 19.90
61.00 2.654529 19.88
62.00 2.650335 19.87
63.00 2.646132 19.87
64.00 2.641944 19.85
65.00 2.637809 19.85
66.00 2.633647 19.85
67.00 2.629542 19.83
68.00 2.625476 19.83
69.00 2.621391 19.82
70.00 2.617420 19.79
71.00 2.613525 19.79
72.00 2.609608 19.79
73.00 2.605704 19.77
74.00 2.601863 19.77
75.00 2.598003 19.76
76.00 2.594209 19.74
77.00 2.590442 19.74
78.00 2.586649 19.74
79.00 2.582853 19.72
80.00 2.579093 19.72
81.00 2.575327 19.71
82.00 2.571590 19.70
83.00 2.567892 19.70
84.00 2.564179 19.69
85.00 2.560481 19.69
86.00 2.556810 19.67
87.00 2.553208 19.67
88.00 2.549580 19.67
89.00 2.545925 19.67
90.00 2.542266 19.66
91.00 2.538603 19.65
92.00 2.534960 19.63
93.00 2.531369 19.62
94.00 2.527848 19.61
95.00 2.524316 19.61
96.00 2.520826 19.59
97.00 2.517392 19.59
98.00 2.513937 19.59
99.00 2.510457 19.59
100.00 2.506950 19.59
101.00 2.503434 19.58
102.00 2.499918 19.58
103.00 2.496428 19.55
104.00 2.493077 19.54
105.00 2.489722 19.54
106.00 2.486351 19.54
107.00 2.482959 19.54
108.00 2.479609 19.52
109.00 2.476309 19.52
110.00 2.472999 19.50
111.00 2.469703 19.50
112.00 2.466386 19.49
113.00 2.463099 19.48
114.00 2.459830 19.48
115.00 2.456572 19.47
116.00 2.453376 19.46
117.00 2.450176 19.46
118.00 2.446956 19.46
119.00 2.443798 19.43
120.00 2.440719 19.43
121.00 2.437621 19.43
122.00 2.434521 19.41
123.00 2.431475 19.41
124.00 2.428414 19.41
125.00 2.425335 19.41
126.00 2.422288 19.39
127.00 2.419294 19.39
128.00 2.416282 19.39
129.00 2.413261 19.36
130.00 2.410318 19.36
131.00 2.407422 19.34
132.00 2.404573 19.33
133.00 2.401741 19.33
134.00 2.398945 19.31
135.00 2.396154 19.31
136.00 2.393352 19.31
137.00 2.390599 19.28
138.00 2.387905 19.28
139.00 2.385202 19.28
140.00 2.382554 19.26
141.00 2.379938 19.25
142.00 2.377406 19.22
143.00 2.374879 19.22
144.00 2.372380 19.21
145.00 2.369878 19.21
146.00 2.367368 19.20
147.00 2.364882 19.18
148.00 2.362505 19.17
149.00 2.360129 19.17
150.00 2.357748 19.17
151.00 2.355370 19.16
152.00 2.353034 19.16
153.00 2.350710 19.15
154.00 2.348424 19.15
155.00 2.346126 19.15
156.00 2.343820 19.14
157.00 2.341528 19.14
158.00 2.339223 19.14
159.00 2.336908 19.13
160.00 2.334616 19.11
161.00 2.332389 19.11
162.00 2.330155 19.11
163.00 2.327949 19.10
164.00 2.325737 19.10
165.00 2.323517 19.10
166.00 2.321318 19.09
167.00 2.319179 19.07
168.00 2.317093 19.06
169.00 2.315013 19.06
170.00 2.312928 19.06
171.00 2.310863 19.05
172.00 2.308801 19.05
173.00 2.306732 19.05
174.00 2.304653 19.05
175.00 2.302564 19.05
176.00 2.300462 19.05
177.00 2.298403 19.03
178.00 2.296352 19.03
179.00 2.294320 19.02
180.00 2.292279 19.02
181.00 2.290240 19.00
182.00 2.288221 19.00
183.00 2.286213 18.99
184.00 2.284212 18.97
185.00 2.282241 18.96
186.00 2.280376 18.94
187.00 2.278548 18.94
188.00 2.276730 18.93
189.00 2.274922 18.92
190.00 2.273117 18.91
191.00 2.271325 18.90
192.00 2.269555 18.90
193.00 2.267807 18.89
194.00 2.266067 18.89
195.00 2.264328 18.89
196.00 2.262597 18.88
197.00 2.260919 18.87
198.00 2.259285 18.87
199.00 2.257672 18.86
200.00 2.256069 18.85
201.00 2.254475 18.85
202.00 2.252880 18.85
203.00 2.251283 18.85
204.00 2.249687 18.84
205.00 2.248089 18.84
206.00 2.246512 18.83
207.00 2.244963 18.83
208.00 2.243412 18.83
209.00 2.241859 18.82
210.00 2.240303 18.81
211.00 2.238748 18.80
212.00 2.237203 18.80
213.00 2.235677 18.79
214.00 2.234156 18.78
215.00 2.232656 18.76
216.00 2.231195 18.76
217.00 2.229744 18.75
218.00 2.228372 18.74
219.00 2.227021 18.74
220.00 2.225704 18.72
221.00 2.224404 18.71
222.00 2.223111 18.71
223.00 2.221822 18.71
224.00 2.220537 18.71
225.00 2.219257 18.70
226.00 2.217998 18.70
227.00 2.216741 18.70
228.00 2.215490 18.69
229.00 2.214244 18.69
230.00 2.212998 18.69
231.00 2.211752 18.69
232.00 2.210506 18.68
233.00 2.209263 18.68
234.00 2.208036 18.67
235.00 2.206839 18.66
236.00 2.205656 18.66
237.00 2.204477 18.65
238.00 2.203337 18.64
239.00 2.202230 18.61
240.00 2.201172 18.61
241.00 2.200125 18.61
242.00 2.199087 18.61
243.00 2.198056 18.61
244.00 2.197037 18.60
245.00 2.196022 18.60
246.00 2.195012 18.60
247.00 2.194006 18.60
248.00 2.193018 18.59
249.00 2.192037 18.59
250.00 2.191073 18.58
251.00 2.190124 18.57
252.00 2.189187 18.57
253.00 2.188256 18.57
254.00 2.187329 18.57
255.00 2.186407 18.57
256.00 2.185487 18.57
257.00 2.184582 18.56
258.00 2.183699 18.56
259.00 2.182822 18.56
260.00 2.181948 18.56
261.00 2.181078 18.56
262.00 2.180213 18.55
263.00 2.179355 18.55
264.00 2.178524 18.54
265.00 2.177712 18.53
266.00 2.176917 18.52
267.00 2.176134 18.52
268.00 2.175356 18.52
269.00 2.174584 18.52
270.00 2.173816 18.52
271.00 2.173051 18.52
272.00 2.172291 18.51
273.00 2.171548 18.50
274.00 2.170827 18.48
275.00 2.170138 18.48
276.00 2.169458 18.48
277.00 2.168786 18.48
278.00 2.168121 18.48
279.00 2.167470 18.47
280.00 2.166827 18.47
281.00 2.166191 18.47
282.00 2.165561 18.47
283.00 2.164936 18.47
284.00 2.164316 18.47
285.00 2.163700 18.47
286.00 2.163087 18.47
287.00 2.162486 18.46
288.00 2.161902 18.46
289.00 2.161326 18.45
290.00 2.160756 18.45
291.00 2.160191 18.45
292.00 2.159631 18.45
293.00 2.159075 18.45
294.00 2.158522 18.45
295.00 2.157973 18.45
296.00 2.157427 18.45
297.00 2.156885 18.45
298.00 2.156347 18.44
299.00 2.155818 18.44
300.00 2.155292 18.44
301.00 2.154770 18.44
302.00 2.154261 18.43
303.00 2.153781 18.42
304.00 2.153312 18.42
305.00 2.152851 18.41
306.00 2.152400 18.41
307.00 2.151955 18.41
308.00 2.151515 18.41
309.00 2.151080 18.41
310.00 2.150649 18.41
311.00 2.150223 18.41
312.00 2.149800 18.41
313.00 2.149382 18.41
314.00 2.148967 18.40
315.00 2.148559 18.40
316.00 2.148156 18.39
317.00 2.147758 18.39
318.00 2.147364 18.39
319.00 2.146973 18.39
320.00 2.146586 18.39
321.00 2.146203 18.39
322.00 2.145822 18.39
323.00 2.145445 18.39
324.00 2.145070 18.39
325.00 2.144698 18.39
326.00 2.144329 18.39
327.00 2.143961 18.39
328.00 2.143597 18.39
329.00 2.143234 18.39
330.00 2.142873 18.39
331.00 2.142514 18.39
332.00 2.142157 18.39
333.00 2.141801 18.39
334.00 2.141447 18.39
335.00 2.141094 18.39
336.00 2.140743 18.39
337.00 2.140393 18.39
338.00 2.140047 18.38
339.00 2.139711 18.38
340.00 2.139377 18.38
341.00 2.139045 18.38
342.00 2.138719 18.37
343.00 2.138406 18.37
344.00 2.138096 18.37
345.00 2.137790 18.37
346.00 2.137487 18.37
347.00 2.137188 18.36
348.00 2.136891 18.36
349.00 2.136598 18.36
350.00 2.136306 18.36
351.00 2.136017 18.36
352.00 2.135730 18.36
353.00 2.135446 18.36
354.00 2.135163 18.36
355.00 2.134882 18.36
356.00 2.134604 18.36
357.00 2.134327 18.36
358.00 2.134052 18.36
359.00 2.133778 18.36
360.00 2.133506 18.36
361.00 2.133236 18.36
362.00 2.132967 18.36
363.00 2.132699 18.36
364.00 2.132433 18.36
365.00 2.132168 18.36
366.00 2.131904 18.36
367.00 2.131642 18.36
368.00 2.131381 18.36
369.00 2.131121 18.35
370.00 2.130863 18.35
371.00 2.130606 18.35
372.00 2.130350 18.35
373.00 2.130096 18.35
374.00 2.129842 18.35
375.00 2.129590 18.35
376.00 2.129346 18.34
377.00 2.129111 18.34
378.00 2.128878 18.34
379.00 2.128647 18.34
380.00 2.128420 18.33
381.00 2.128197 18.33
382.00 2.127975 18.33
383.00 2.127755 18.33
384.00 2.127538 18.33
385.00 2.127322 18.33
386.00 2.127107 18.33
387.00 2.126895 18.33
388.00 2.126684 18.32
389.00 2.126482 18.32
390.00 2.126282 18.32
391.00 2.126083 18.32
392.00 2.125887 18.32
393.00 2.125692 18.32
394.00 2.125498 18.32
395.00 2.125307 18.32
396.00 2.125116 18.32
397.00 2.124927 18.32
398.00 2.124740 18.32
399.00 2.124553 18.32
400.00 2.124368 18.32
401.00 2.124184 18.32
402.00 2.124001 18.32
403.00 2.123820 18.31
404.00 2.123641 18.31
405.00 2.123464 18.31
406.00 2.123287 18.31
407.00 2.123112 18.31
408.00 2.122939 18.31
409.00 2.122766 18.31
410.00 2.122594 18.31
411.00 2.122424 18.31
412.00 2.122255 18.31
413.00 2.122086 18.31
414.00 2.121919 18.31
415.00 2.121753 18.30
416.00 2.121593 18.29
417.00 2.121436 18.29
418.00 2.121281 18.29
419.00 2.121127 18.29
420.00 2.120975 18.29
421.00 2.120824 18.29
422.00 2.120674 18.29
423.00 2.120526 18.29
424.00 2.120379 18.29
425.00 2.120232 18.29
426.00 2.120088 18.29
427.00 2.119944 18.29
428.00 2.119801 18.29
429.00 2.119659 18.29
430.00 2.119518 18.29
431.00 2.119378 18.29
432.00 2.119238 18.29
433.00 2.119100 18.29
434.00 2.118962 18.29
435.00 2.118825 18.28
436.00 2.118694 18.28
437.00 2.118564 18.28
438.00 2.118436 18.28
439.00 2.118315 18.27
440.00 2.118196 18.27
441.00 2.118080 18.27
442.00 2.117965 18.27
443.00 2.117853 18.27
444.00 2.117742 18.27
445.00 2.117632 18.27
446.00 2.117525 18.27
447.00 2.117418 18.27
448.00 2.117314 18.27
449.00 2.117210 18.27
450.00 2.117109 18.27
451.00 2.117008 18.27
452.00 2.116909 18.27
453.00 2.116811 18.27
454.00 2.116714 18.27
455.00 2.116618 18.27
456.00 2.116524 18.27
457.00 2.116431 18.27
458.00 2.116339 18.27
459.00 2.116247 18.27
460.00 2.116157 18.27
461.00 2.116068 18.27
462.00 2.115980 18.27
463.00 2.115893 18.27
464.00 2.115807 18.27
465.00 2.115721 18.27
466.00 2.115637 18.27
467.00 2.115554 18.27
468.00 2.115471 18.27
469.00 2.115389 18.27
470.00 2.115308 18.27
471.00 2.115228 18.27
472.00 2.115149 18.27
473.00 2.115070 18.27
474.00 2.114992 18.27
475.00 2.114915 18.27
476.00 2.114839 18.27
477.00 2.114763 18.27
478.00 2.114688 18.27
479.00 2.114614 18.27
480.00 2.114541 18.27
481.00 2.114468 18.27
482.00 2.114396 18.27
483.00 2.114324 18.27
484.00 2.114253 18.27
485.00 2.114183 18.27
486.00 2.114113 18.27
487.00 2.114044 18.27
488.00 2.113976 18.27
489.00 2.113908 18.27
490.00 2.113841 18.27
491.00 2.113774 18.27
492.00 2.113708 18.27
493.00 2.113642 18.27
494.00 2.113577 18.27
495.00 2.113513 18.27
496.00 2.113449 18.27
497.00 2.113385 18.27
498.00 2.113323 18.27
499.00 2.113260 18.27
500.00 2.113198 18.27
501.00 2.113137 18.27
502.00 2.113076 18.27
503.00 2.113016 18.27
504.00 2.112956 18.27
505.00 2.112896 18.27
506.00 2.112837 18.27
507.00 2.112779 18.27
508.00 2.112720 18.27
509.00 2.112663 18.27
510.00 2.112606 18.27
511.00 2.112549 18.27
512.00 2.112492 18.27
513.00 2.112436 18.27
514.00 2.112381 18.27
515.00 2.112326 18.27
516.00 2.112271 18.27
517.00 2.112217 18.27
518.00 2.112163 18.27
519.00 2.112109 18.27
520.00 2.112056 18.27
521.00 2.112003 18.27
522.00 2.111951 18.27
523.00 2.111899 18.27
524.00 2.111847 18.27
525.00 2.111796 18.27
526.00 2.111745 18.27
527.00 2.111695 18.27
528.00 2.111644 18.27
529.00 2.111595 18.27
530.00 2.111545 18.27
531.00 2.111496 18.27
532.00 2.111447 18.27
533.00 2.111398 18.27
534.00 2.111350 18.27
535.00 2.111304 18.26
536.00 2.111260 18.26
537.00 2.111217 18.26
538.00 2.111174 18.26
539.00 2.111132 18.26
540.00 2.111090 18.26
541.00 2.111049 18.26
542.00 2.111009 18.26
543.00 2.110969 18.26
544.00 2.110930 18.26
545.00 2.110891 18.26
546.00 2.110852 18.26
547.00 2.110814 18.26
548.00 2.110777 18.26
549.00 2.110740 18.26
550.00 2.110704 18.26
551.00 2.110668 18.26
552.00 2.110632 18.26
553.00 2.110597 18.26
554.00 2.110562 18.26
555.00 2.110528 18.26
556.00 2.110494 18.26
557.00 2.110461 18.25
558.00 2.110428 18.25
559.00 2.110396 18.25
560.00 2.110365 18.25
561.00 2.110334 18.25
562.00 2.110303 18.25
563.00 2.110273 18.25
564.00 2.110243 18.25
565.00 2.110214 18.25
566.00 2.110185 18.25
567.00 2.110156 18.25
568.00 2.110128 18.25
569.00 2.110100 18.25
570.00 2.110073 18.25
571.00 2.110046 18.25
572.00 2.110020 18.25
573.00 2.109993 18.25
574.00 2.109967 18.25
575.00 2.109942 18.25
576.00 2.109917 18.25
577.00 2.109892 18.25
578.00 2.109867 18.25
579.00 2.109843 18.25
580.00 2.109819 18.25
581.00 2.109796 18.25
582.00 2.109772 18.25
583.00 2.109749 18.25
584.00 2.109727 18.25
585.00 2.109704 18.25
586.00 2.109682 18.25
587.00 2.109660 18.25
588.00 2.109638 18.25
589.00 2.109617 18.24
590.00 2.109598 18.24
591.00 2.109579 18.24
592.00 2.109560 18.24
593.00 2.109541 18.24
594.00 2.109523 18.24
595.00 2.109505 18.24
596.00 2.109488 18.24
597.00 2.109471 18.24
598.00 2.109454 18.24
599.00 2.109437 18.24
600.00 2.109421 18.24
601.00 2.109404 18.24
602.00 2.109388 18.24
603.00 2.109373 18.24
604.00 2.109357 18.24
605.00 2.109342 18.24
606.00 2.109327 18.24
607.00 2.109312 18.24
608.00 2.109297 18.24
609.00 2.109283 18.24
610.00 2.109269 18.24
611.00 2.109255 18.24
612.00 2.109241 18.24
613.00 2.109227 18.24
614.00 2.109214 18.24
615.00 2.109201 18.24
616.00 2.109188 18.24
617.00 2.109175 18.24
618.00 2.109162 18.24
619.00 2.109149 18.24
620.00 2.109137 18.24
621.00 2.109125 18.24
622.00 2.109113 18.24
623.00 2.109101 18.24
624.00 2.109089 18.24
625.00 2.109078 18.24
626.00 2.109066 18.24
627.00 2.109055 18.24
628.00 2.109044 18.24
629.00 2.109033 18.24
630.00 2.109022 18.24
631.00 2.109011 18.24
632.00 2.109001 18.24
633.00 2.108990 18.24
634.00 2.108980 18.24
635.00 2.108970 18.24
636.00 2.108960 18.24
637.00 2.108950 18.24
638.00 2.108940 18.24
639.00 2.108931 18.24
640.00 2.108921 18.24
641.00 2.108912 18.24
642.00 2.108903 18.24
643.00 2.108894 18.24
644.00 2.108885 18.24
645.00 2.108876 18.24
646.00 2.108867 18.24
647.00 2.108858 18.24
648.00 2.108850 18.24
649.00 2.108841 18.24
650.00 2.108833 18.24
651.00 2.108824 18.24
652.00 2.108816 18.24
653.00 2.108808 18.24
654.00 2.108800 18.24
655.00 2.108793 18.24
656.00 2.108785 18.24
657.00 2.108777 18.24
658.00 2.108770 18.24
659.00 2.108762 18.24
660.00 2.108755 18.24
661.00 2.108748 18.24
662.00 2.108740 18.24
663.00 2.108733 18.24
664.00 2.108726 18.24
665.00 2.108719 18.24
666.00 2.108713 18.24
667.00 2.108706 18.24
668.00 2.108699 18.24
669.00 2.108693 18.24
670.00 2.108686 18.24
671.00 2.108680 18.24
672.00 2.108673 18.24
673.00 2.108667 18.24
674.00 2.108661 18.24
675.00 2.108655 18.24
676.00 2.108649 18.24
677.00 2.108643 18.24
678.00 2.108637 18.24
679.00 2.108631 18.24
680.00 2.108626 18.24
681.00 2.108620 18.24
682.00 2.108614 18.24
683.00 2.108609 18.24
684.00 2.108603 18.24
685.00 2.108598 18.24
686.00 2.108593 18.24
687.00 2.108587 18.24
688.00 2.108582 18.24
689.00 2.108577 18.24
690.00 2.108572 18.24
691.00 2.108567 18.24
692.00 2.108562 18.24
693.00 2.108557 18.24
694.00 2.108552 18.24
695.00 2.108548 18.24
696.00 2.108543 18.24
697.00 2.108538 18.24
698.00 2.108534 18.24
699.00 2.108529 18.24
700.00 2.108525 18.24
701.00 2.108520 18.24
702.00 2.108516 18.24
703.00 2.108512 18.24
704.00 2.108508 18.24
705.00 2.108503 18.24
706.00 2.108499 18.24
707.00 2.108495 18.24
708.00 2.108491 18.24
709.00 2.108487 18.24
710.00 2.108483 18.24
711.00 2.108479 18.24
712.00 2.108475 18.24
713.00 2.108472 18.24
714.00 2.108468 18.24
715.00 2.108464 18.24
716.00 2.108460 18.24
717.00 2.108457 18.24
718.00 2.108453 18.24
719.00 2.108450 18.24
720.00 2.108446 18.24
721.00 2.108443 18.24
722.00 2.108439 18.24
723.00 2.108436 18.24
724.00 2.108433 18.24
725.00 2.108429 18.24
726.00 2.108426 18.24
727.00 2.108423 18.23
728.00 2.108420 18.23
729.00 2.108417 18.23
730.00 2.108414 18.23
731.00 2.108411 18.23
732.00 2.108408 18.23
733.00 2.108405 18.23
734.00 2.108402 18.23
735.00 2.108400 18.23
736.00 2.108397 18.23
737.00 2.108394 18.23
738.00 2.108392 18.23
739.00 2.108389 18.23
740.00 2.108386 18.23
741.00 2.108384 18.23
742.00 2.108381 18.23
743.00 2.108379 18.23
744.00 2.108377 18.23
745.00 2.108374 18.23
746.00 2.108372 18.23
747.00 2.108369 18.23
748.00 2.108367 18.23
749.00 2.108365 18.23
750.00 2.108363 18.23
751.00 2.108360 18.23
752.00 2.108358 18.23
753.00 2.108356 18.23
754.00 2.108354 18.23
755.00 2.108352 18.23
756.00 2.108350 18.23
757.00 2.108348 18.23
758.00 2.108346 18.23
759.00 2.108344 18.23
760.00 2.108342 18.23
761.00 2.108340 18.23
762.00 2.108338 18.23
763.00 2.108336 18.23
764.00 2.108334 18.23
765.00 2.108332 18.23
766.00 2.108331 18.23
767.00 2.108329 18.23
768.00 2.108327 18.23
769.00 2.108325 18.23
770.00 2.108324 18.23
771.00 2.108322 18.23
772.00 2.108320 18.23
773.00 2.108319 18.23
774.00 2.108317 18.23
775.00 2.108315 18.23
776.00 2.108314 18.23
777.00 2.108312 18.23
778.00 2.108311 18.23
779.00 2.108309 18.23
780.00 2.108308 18.23
781.00 2.108306 18.23
782.00 2.108305 18.23
783.00 2.108303 18.23
784.00 2.108302 18.23
785.00 2.108301 18.23
786.00 2.108299 18.23
787.00 2.108298 18.23
788.00 2.108297 18.23
789.00 2.108295 18.23
790.00 2.108294 18.23
791.00 2.108293 18.23
792.00 2.108291 18.23
793.00 2.108290 18.23
794.00 2.108289 18.23
795.00 2.108288 18.23
796.00 2.108286 18.23
797.00 2.108285 18.23
798.00 2.108284 18.23
799.00 2.108283 18.23
800.00 2.108282 18.23
801.00 2.108281 18.23
802.00 2.108280 18.23
803.00 2.108278 18.23
804.00 2.108277 18.23
805.00 2.108276 18.23
806.00 2.108275 18.23
807.00 2.108274 18.23
808.00 2.108273 18.23
809.00 2.108272 18.23
810.00 2.108271 18.23
811.00 2.108270 18.23
812.00 2.108269 18.23
813.00 2.108268 18.23
814.00 2.108267 18.23
815.00 2.108266 18.23
816.00 2.108265 18.23
817.00 2.108265 18.23
818.00 2.108264 18.23
819.00 2.108263 18.23
820.00 2.108262 18.23
821.00 2.108261 18.23
822.00 2.108260 18.23
823.00 2.108259 18.23
824.00 2.108258 18.23
825.00 2.108258 18.23
826.00 2.108257 18.23
827.00 2.108256 18.23
828.00 2.108255 18.23
829.00 2.108254 18.23
830.00 2.108254 18.23
831.00 2.108253 18.23
832.00 2.108252 18.23
833.00 2.108251 18.23
834.00 2.108251 18.23
835.00 2.108250 18.23
836.00 2.108249 18.23
837.00 2.108249 18.23
838.00 2.108248 18.23
839.00 2.108247 18.23
840.00 2.108247 18.23
841.00 2.108246 18.23
842.00 2.108245 18.23
843.00 2.108245 18.23
844.00 2.108244 18.23
845.00 2.108243 18.23
846.00 2.108243 18.23
847.00 2.108242 18.23
848.00 2.108242 18.23
849.00 2.108241 18.23
850.00 2.108240 18.23
851.00 2.108240 18.23
852.00 2.108239 18.23
853.00 2.108239 18.23
854.00 2.108238 18.23
855.00 2.108238 18.23
856.00 2.108237 18.23
857.00 2.108236 18.23
858.00 2.108236 18.23
859.00 2.108235 18.23
860.00 2.108235 18.23
861.00 2.108234 18.23
862.00 2.108234 18.23
863.00 2.108233 18.23
864.00 2.108233 18.23
865.00 2.108232 18.23
866.00 2.108232 18.23
867.00 2.108231 18.23
868.00 2.108231 18.23
869.00 2.108231 18.23
870.00 2.108230 18.23
871.00 2.108230 18.23
872.00 2.108229 18.23
873.00 2.108229 18.23
874.00 2.108228 18.23
875.00 2.108228 18.23
876.00 2.108228 18.23
877.00 2.108227 18.23
878.00 2.108227 18.23
879.00 2.108226 18.23
880.00 2.108226 18.23
881.00 2.108226 18.23
882.00 2.108225 18.23
883.00 2.108225 18.23
884.00 2.108224 18.23
885.00 2.108224 18.23
886.00 2.108224 18.23
887.00 2.108223 18.23
888.00 2.108223 18.23
889.00 2.108223 18.23
890.00 2.108222 18.23
891.00 2.108222 18.23
892.00 2.108222 18.23
893.00 2.108221 18.23
894.00 2.108221 18.23
895.00 2.108221 18.23
896.00 2.108220 18.23
897.00 2.108220 18.23
898.00 2.108220 18.23
899.00 2.108219 18.23
900.00 2.108219 18.23
901.00 2.108219 18.23
902.00 2.108218 18.23
903.00 2.108218 18.23
904.00 2.108218 18.23
905.00 2.108218 18.23
906.00 2.108217 18.23
907.00 2.108217 18.23
908.00 2.108217 18.23
909.00 2.108216 18.23
910.00 2.108216 18.23
911.00 2.108216 18.23
912.00 2.108216 18.23
913.00 2.108215 18.23
914.00 2.108215 18.23
915.00 2.108215 18.23
916.00 2.108215 18.23
917.00 2.108214 18.23
918.00 2.108214 18.23
919.00 2.108214 18.23
920.00 2.108214 18.23
921.00 2.108214 18.23
922.00 2.108213 18.23
923.00 2.108213 18.23
924.00 2.108213 18.23
925.00 2.108213 18.23
926.00 2.108212 18.23
927.00 2.108212 18.23
928.00 2.108212 18.23
929.00 2.108212 18.23
930.00 2.108212 18.23
931.00 2.108211 18.23
932.00 2.108211 18.23
933.00 2.108211 18.23
934.00 2.108211 18.23
935.00 2.108211 18.23
936.00 2.108210 18.23
937.00 2.108210 18.23
938.00 2.108210 18.23
939.00 2.108210 18.23
940.00 2.108210 18.23
941.00 2.108210 18.23
942.00 2.108209 18.23
943.00 2.108209 18.23
944.00 2.108209 18.23
945.00 2.108209 18.23
946.00 2.108209 18.23
947.00 2.108209 18.23
948.00 2.108208 18.23
949.00 2.108208 18.23
950.00 2.108208 18.23
951.00 2.108208 18.23
952.00 2.108208 18.23
953.00 2.108208 18.23
954.00 2.108207 18.23
955.00 2.108207 18.23
956.00 2.108207 18.23
957.00 2.108207 18.23
958.00 2.108207 18.23
959.00 2.108207 18.23
960.00 2.108207 18.23
961.00 2.108206 18.23
962.00 2.108206 18.23
963.00 2.108206 18.23
964.00 2.108206 18.23
965.00 2.108206 18.23
966.00 2.108206 18.23
967.00 2.108206 18.23
968.00 2.108206 18.23
969.00 2.108205 18.23
970.00 2.108205 18.23
971.00 2.108205 18.23
972.00 2.108205 18.23
973.00 2.108205 18.23
974.00 2.108205 18.23
975.00 2.108205 18.23
976.00 2.108205 18.23
977.00 2.108205 18.23
978.00 2.108204 18.23
979.00 2.108204 18.23
980.00 2.108204 18.23
981.00 2.108204 18.23
982.00 2.108204 18.23
983.00 2.108204 18.23
984.00 2.108204 18.23
985.00 2.108204 18.23
986.00 2.108204 18.23
987.00 2.108203 18.23
988.00 2.108203 18.23
989.00 2.108203 18.23
990.00 2.108203 18.23
991.00 2.108203 18.23
992.00 2.108203 18.23
993.00 2.108203 18.23
994.00 2.108203 18.23
995.00 2.108203 18.23
996.00 2.108203 18.23
997.00 2.108203 18.23
998.00 2.108203 18.23
999.00 2.108202 18.23
1000.00 2.108202 18.23
1001.00 2.108202 18.23
1002.00 2.108202 18.23
1003.00 2.108202 18.23
1004.00 2.108202 18.23
1005.00 2.108202 18.23
1006.00 2.108202 18.23
1007.00 2.108202 18.23
1008.00 2.108202 18.23
1009.00 2.108202 18.23
1010.00 2.108202 18.23
1011.00 2.108202 18.23
1012.00 2.108201 18.23
1013.00 2.108201 18.23
1014.00 2.108201 18.23
1015.00 2.108201 18.23
1016.00 2.108201 18.23
1017.00 2.108201 18.23
1018.00 2.108201 18.23
1019.00 2.108201 18.23
1020.00 2.108201 18.23
1021.00 2.108201 18.23
1022.00 2.108201 18.23
1023.00 2.108201 18.23
1024.00 2.108201 18.23
1025.00 2.108201 18.23
1026.00 2.108201 18.23
1027.00 2.108201 18.23
1028.00 2.108200 18.23
1029.00 2.108200 18.23
1030.00 2.108200 18.23
1031.00 2.108200 18.23
1032.00 2.108200 18.23
1033.00 2.108200 18.23
1034.00 2.108200 18.23
1035.00 2.108200 18.23
1036.00 2.108200 18.23
1037.00 2.108200 18.23
1038.00 2.108200 18.23
1039.00 2.108200 18.23
1040.00 2.108200 18.23
1041.00 2.108200 18.23
1042.00 2.108200 18.23
1043.00 2.108200 18.23
1044.00 2.108200 18.23
1045.00 2.108200 18.23
1046.00 2.108200 18.23
1047.00 2.108200 18.23
1048.00 2.108200 18.23
1049.00 2.108199 18.23
1050.00 2.108199 18.23
1051.00 2.108199 18.23
1052.00 2.108199 18.23
1053.00 2.108199 18.23
1054.00 2.108199 18.23
1055.00 2.108199 18.23
1056.00 2.108199 18.23
1057.00 2.108199 18.23
1058.00 2.108199 18.23
1059.00 2.108199 18.23
1060.00 2.108199 18.23
1061.00 2.108199 18.23
1062.00 2.108199 18.23
1063.00 2.108199 18.23
1064.00 2.108199 18.23
1065.00 2.108199 18.23
1066.00 2.108199 18.23
1067.00 2.108199 18.23
1068.00 2.108199 18.23
1069.00 2.108199 18.23
1070.00 2.108199 18.23
1071.00 2.108199 18.23
1072.00 2.108199 18.23
1073.00 2.108199 18.23
1074.00 2.108199 18.23
1075.00 2.108199 18.23
1076.00 2.108199 18.23
1077.00 2.108198 18.23
1078.00 2.108198 18.23
1079.00 2.108198 18.23
1080.00 2.108198 18.23
1081.00 2.108198 18.23
1082.00 2.108198 18.23
1083.00 2.108198 18.23
1084.00 2.108198 18.23
1085.00 2.108198 18.23
1086.00 2.108198 18.23
1087.00 2.108198 18.23
1088.00 2.108198 18.23
1089.00 2.108198 18.23
1090.00 2.108198 18.23
1091.00 2.108198 18.23
1092.00 2.108198 18.23
1093.00 2.108198 18.23
1094.00 2.108198 18.23
1095.00 2.108198 18.23
1096.00 2.108198 18.23
1097.00 2.108198 18.23
1098.00 2.108198 18.23
1099.00 2.108198 18.23
1100.00 2.108198 18.23
1101.00 2.108198 18.23
1102.00 2.108198 18.23
1103.00 2.108198 18.23
1104.00 2.108198 18.23
1105.00 2.108198 18.23
1106.00 2.108198 18.23
1107.00 2.108198 18.23
1108.00 2.108198 18.23
1109.00 2.108198 18.23
1110.00 2.108198 18.23
1111.00 2.108198 18.23
1112.00 2.108198 18.23
1113.00 2.108198 18.23
1114.00 2.108198 18.23
1115.00 2.108198 18.23
1116.00 2.108198 18.23
1117.00 2.108198 18.23
1118.00 2.108198 18.23
1119.00 2.108198 18.23
1120.00 2.108198 18.23
1121.00 2.108198 18.23
1122.00 2.108198 18.23
1123.00 2.108197 18.23
1124.00 2.108197 18.23
1125.00 2.108197 18.23
1126.00 2.108197 18.23
1127.00 2.108197 18.23
1128.00 2.108197 18.23
1129.00 2.108197 18.23
1130.00 2.108197 18.23
1131.00 2.108197 18.23
1132.00 2.108197 18.23
1133.00 2.108197 18.23
1134.00 2.108197 18.23
1135.00 2.108197 18.23
1136.00 2.108197 18.23
1137.00 2.108197 18.23
1138.00 2.108197 18.23
1139.00 2.108197 18.23
1140.00 2.108197 18.23
1141.00 2.108197 18.23
1142.00 2.108197 18.23
1143.00 2.108197 18.23
1144.00 2.108197 18.23
1145.00 2.108197 18.23
1146.00 2.108197 18.23
1147.00 2.108197 18.23
1148.00 2.108197 18.23
1149.00 2.108197 18.23
1150.00 2.108197 18.23
1151.00 2.108197 18.23
1152.00 2.108197 18.23
1153.00 2.108197 18.23
1154.00 2.108197 18.23
1155.00 2.108197 18.23
1156.00 2.108197 18.23
1157.00 2.108197 18.23
1158.00 2.108197 18.23
1159.00 2.108197 18.23
1160.00 2.108197 18.23
1161.00 2.108197 18.23
1162.00 2.108197 18.23
1163.00 2.108197 18.23
1164.00 2.108197 18.23
1165.00 2.108197 18.23
1166.00 2.108197 18.23
1167.00 2.108197 18.23
1168.00 2.108197 18.23
1169.00 2.108197 18.23
1170.00 2.108197 18.23
1171.00 2.108197 18.23
1172.00 2.108197 18.23
1173.00 2.108197 18.23
1174.00 2.108197 18.23
1175.00 2.108197 18.23
1176.00 2.108197 18.23
1177.00 2.108197 18.23
1178.00 2.108197 18.23
1179.00 2.108197 18.23
1180.00 2.108197 18.23
1181.00 2.108197 18.23
1182.00 2.108197 18.23
1183.00 2.108197 18.23
1184.00 2.108197 18.23
1185.00 2.108197 18.23
1186.00 2.108197 18.23
1187.00 2.108197 18.23
1188.00 2.108197 18.23
1189.00 2.108197 18.23
1190.00 2.108197 18.23
1191.00 2.108197 18.23
1192.00 2.108197 18.23
1193.00 2.108197 18.23
1194.00 2.108197 18.23
1195.00 2.108197 18.23
1196.00 2.108197 18.23
1197.00 2.108197 18.23
1198.00 2.108197 18.23
1199.00 2.108197 18.23
1200.00 2.108197 18.23
1201.00 2.108197 18.23
1202.00 2.108197 18.23
1203.00 2.108197 18.23
1204.00 2.108197 18.23
1205.00 2.108197 18.23
1206.00 2.108197 18.23
1207.00 2.108197 18.23
1208.00 2.108197 18.23
1209.00 2.108197 18.23
1210.00 2.108197 18.23
1211.00 2.108197 18.23
1212.00 2.108197 18.23
1213.00 2.108197 18.23
1214.00 2.108197 18.23
1215.00 2.108197 18.23
1216.00 2.108197 18.23
1217.00 2.108197 18.23
1218.00 2.108197 18.23
1219.00 2.108197 18.23
1220.00 2.108197 18.23
1221.00 2.108197 18.23
1222.00 2.108197 18.23
1223.00 2.108197 18.23
1224.00 2.108197 18.23
1225.00 2.108197 18.23
1226.00 2.108197 18.23
1227.00 2.108197 18.23
1228.00 2.108197 18.23
1229.00 2.108197 18.23
1230.00 2.108197 18.23
1231.00 2.108197 18.23
1232.00 2.108197 18.23
1233.00 2.108197 18.23
1234.00 2.108197 18.23
1235.00 2.108197 18.23
1236.00 2.108197 18.23
1237.00 2.108197 18.23
1238.00 2.108197 18.23
1239.00 2.108197 18.23
1240.00 2.108197 18.23
1241.00 2.108197 18.23
1242.00 2.108197 18.23
1243.00 2.108197 18.23
1244.00 2.108197 18.23
1245.00 2.108197 18.23
1246.00 2.108197 18.23
1247.00 2.108197 18.23
1248.00 2.108197 18.23
1249.00 2.108197 18.23
1250.00 2.108197 18.23
1251.00 2.108197 18.23
1252.00 2.108197 18.23
1253.00 2.108197 18.23
1254.00 2.108197 18.23
1255.00 2.108196 18.23
1256.00 2.108196 18.23
1257.00 2.108196 18.23
1258.00 2.108196 18.23
1259.00 2.108196 18.23
1260.00 2.108196 18.23
1261.00 2.108196 18.23
1262.00 2.108196 18.23
1263.00 2.108196 18.23
1264.00 2.108196 18.23
1265.00 2.108196 18.23
1266.00 2.108196 18.23
1267.00 2.108196 18.23
1268.00 2.108196 18.23
1269.00 2.108196 18.23
1270.00 2.108196 18.23
1271.00 2.108196 18.23
1272.00 2.108196 18.23
1273.00 2.108196 18.23
1274.00 2.108196 18.23
1275.00 2.108196 18.23
1276.00 2.108196 18.23
1277.00 2.108196 18.23
1278.00 2.108196 18.23
1279.00 2.108196 18.23
1280.00 2.108196 18.23
1281.00 2.108196 18.23
1282.00 2.108196 18.23
1283.00 2.108196 18.23
1284.00 2.108196 18.23
1285.00 2.108196 18.23
1286.00 2.108196 18.23
1287.00 2.108196 18.23
1288.00 2.108196 18.23
1289.00 2.108196 18.23
1290.00 2.108196 18.23
1291.00 2.108196 18.23
1292.00 2.108196 18.23
1293.00 2.108196 18.23
1294.00 2.108196 18.23
1295.00 2.108196 18.23
1296.00 2.108196 18.23
1297.00 2.108196 18.23
1298.00 2.108196 18.23
1299.00 2.108196 18.23
1300.00 2.108196 18.23
1301.00 2.108196 18.23
1302.00 2.108196 18.23
1303.00 2.108196 18.23
1304.00 2.108196 18.23
1305.00 2.108196 18.23
1306.00 2.108196 18.23
1307.00 2.108196 18.23
1308.00 2.108196 18.23
1309.00 2.108196 18.23
1310.00 2.108196 18.23
1311.00 2.108196 18.23
1312.00 2.108196 18.23
1313.00 2.108196 18.23
1314.00 2.108196 18.23
1315.00 2.108196 18.23
1316.00 2.108196 18.23
1317.00 2.108196 18.23
1318.00 2.108196 18.23
1319.00 2.108196 18.23
1320.00 2.108196 18.23
1321.00 2.108196 18.23
1322.00 2.108196 18.23
1323.00 2.108196 18.23
1324.00 2.108196 18.23
1325.00 2.108196 18.23
1326.00 2.108196 18.23
1327.00 2.108196 18.23
1328.00 2.108196 18.23
1329.00 2.108196 18.23
1330.00 2.108196 18.23
1331.00 2.108196 18.23
1332.00 2.108196 18.23
1333.00 2.108196 18.23
1334.00 2.108196 18.23
1335.00 2.108196 18.23
1336.00 2.108196 18.23
1337.00 2.108196 18.23
1338.00 2.108196 18.23
1339.00 2.108196 18.23
1340.00 2.108196 18.23
1341.00 2.108196 18.23
1342.00 2.108196 18.23
1343.00 2.108196 18.23
1344.00 2.108196 18.23
1345.00 2.108196 18.23
1346.00 2.108196 18.23
1347.00 2.108196 18.23
1348.00 2.108196 18.23
1349.00 2.108196 18.23
1350.00 2.108196 18.23
1351.00 2.108196 18.23
1352.00 2.108196 18.23
1353.00 2.108196 18.23
1354.00 2.108196 18.23
1355.00 2.108196 18.23
1356.00 2.108196 18.23
1357.00 2.108196 18.23
1358.00 2.108196 18.23
1359.00 2.108196 18.23
1360.00 2.108196 18.23
1361.00 2.108196 18.23
1362.00 2.108196 18.23
1363.00 2.108196 18.23
1364.00 2.108196 18.23
1365.00 2.108196 18.23
1366.00 2.108196 18.23
1367.00 2.108196 18.23
1368.00 2.108196 18.23
1369.00 2.108196 18.23
1370.00 2.108196 18.23
1371.00 2.108196 18.23
1372.00 2.108196 18.23
1373.00 2.108196 18.23
1374.00 2.108196 18.23
1375.00 2.108196 18.23
1376.00 2.108196 18.23
1377.00 2.108196 18.23
1378.00 2.108196 18.23
1379.00 2.108196 18.23
1380.00 2.108196 18.23
1381.00 2.108196 18.23
1382.00 2.108196 18.23
1383.00 2.108196 18.23
1384.00 2.108196 18.23
1385.00 2.108196 18.23
1386.00 2.108196 18.23
1387.00 2.108196 18.23
1388.00 2.108196 18.23
1389.00 2.108196 18.23
1390.00 2.108196 18.23
1391.00 2.108196 18.23
1392.00 2.108196 18.23
1393.00 2.108196 18.23
1394.00 2.108196 18.23
1395.00 2.108196 18.23
1396.00 2.108196 18.23
1397.00 2.108196 18.23
1398.00 2.108196 18.23
1399.00 2.108196 18.23
1400.00 2.108196 18.23
1401.00 2.108196 18.23
1402.00 2.108196 18.23
1403.00 2.108196 18.23
1404.00 2.108196 18.23
1405.00 2.108196 18.23
1406.00 2.108196 18.23
1407.00 2.108196 18.23
1408.00 2.108196 18.23
1409.00 2.108196 18.23
1410.00 2.108196 18.23
1411.00 2.108196 18.23
1412.00 2.108196 18.23
1413.00 2.108196 18.23
1414.00 2.108196 18.23
1415.00 2.108196 18.23
1416.00 2.108196 18.23
1417.00 2.108196 18.23
1418.00 2.108196 18.23
1419.00 2.108196 18.23
1420.00 2.108196 18.23
1421.00 2.108196 18.23
1422.00 2.108196 18.23
1423.00 2.108196 18.23
1424.00 2.108196 18.23
1425.00 2.108196 18.23
1426.00 2.108196 18.23
1427.00 2.108196 18.23
1428.00 2.108196 18.23
1429.00 2.108196 18.23
1430.00 2.108196 18.23
1431.00 2.108196 18.23
1432.00 2.108196 18.23
1433.00 2.108196 18.23
1434.00 2.108196 18.23
1435.00 2.108196 18.23
1436.00 2.108196 18.23
1437.00 2.108196 18.23
1438.00 2.108196 18.23
1439.00 2.108196 18.23
1440.00 2.108196 18.23
1441.00 2.108196 18.23
1442.00 2.108196 18.23
1443.00 2.108196 18.23
1444.00 2.108196 18.23
1445.00 2.108196 18.23
1446.00 2.108196 18.23
1447.00 2.108196 18.23
1448.00 2.108196 18.23
1449.00 2.108196 18.23
1450.00 2.108196 18.23
1451.00 2.108196 18.23
1452.00 2.108196 18.23
1453.00 2.108196 18.23
1454.00 2.108196 18.23
1455.00 2.108196 18.23
1456.00 2.108196 18.23
1457.00 2.108196 18.23
1458.00 2.108196 18.23
1459.00 2.108196 18.23
1460.00 2.108196 18.23
1461.00 2.108196 18.23
1462.00 2.108196 18.23
1463.00 2.108196 18.23
1464.00 2.108196 18.23
1465.00 2.108196 18.23
1466.00 2.108196 18.23
1467.00 2.108196 18.23
1468.00 2.108196 18.23
1469.00 2.108196 18.23
1470.00 2.108196 18.23
1471.00 2.108196 18.23
1472.00 2.108196 18.23
1473.00 2.108196 18.23
1474.00 2.108196 18.23
1475.00 2.108196 18.23
1476.00 2.108196 18.23
1477.00 2.108196 18.23
1478.00 2.108196 18.23
1479.00 2.108196 18.23
1480.00 2.108196 18.23
1481.00 2.108196 18.23
1482.00 2.108196 18.23
1483.00 2.108196 18.23
1484.00 2.108196 18.23
1485.00 2.108196 18.23
1486.00 2.108196 18.23
1487.00 2.108196 18.23
1488.00 2.108196 18.23
1489.00 2.108196 18.23
1490.00 2.108196 18.23
1491.00 2.108196 18.23
1492.00 2.108196 18.23
1493.00 2.108196 18.23
1494.00 2.108196 18.23
1495.00 2.108196 18.23
1496.00 2.108196 18.23
1497.00 2.108196 18.23
1498.00 2.108196 18.23
1499.00 2.108196 18.23
1500.00 2.108196 18.23
1501.00 2.108196 18.23
1502.00 2.108196 18.23
1503.00 2.108196 18.23
1504.00 2.108196 18.23
1505.00 2.108196 18.23
1506.00 2.108196 18.23
1507.00 2.108196 18.23
1508.00 2.108196 18.23
1509.00 2.108196 18.23
1510.00 2.108196 18.23
1511.00 2.108196 18.23
1512.00 2.108196 18.23
1513.00 2.108196 18.23
1514.00 2.108196 18.23
1515.00 2.108196 18.23
1516.00 2.108196 18.23
1517.00 2.108196 18.23
1518.00 2.108196 18.23
1519.00 2.108196 18.23
1520.00 2.108196 18.23
1521.00 2.108196 18.23
1522.00 2.108196 18.23
1523.00 2.108196 18.23
1524.00 2.108196 18.23
1525.00 2.108196 18.23
1526.00 2.108196 18.23
1527.00 2.108196 18.23
1528.00 2.108196 18.23
1529.00 2.108196 18.23
1530.00 2.108196 18.23
1531.00 2.108196 18.23
1532.00 2.108196 18.23
1533.00 2.108196 18.23
1534.00 2.108196 18.23
1535.00 2.108196 18.23
1536.00 2.108196 18.23
1537.00 2.108196 18.23
1538.00 2.108196 18.23
1539.00 2.108196 18.23
1540.00 2.108196 18.23
1541.00 2.108196 18.23
1542.00 2.108196 18.23
1543.00 2.108196 18.23
1544.00 2.108196 18.23
1545.00 2.108196 18.23
1546.00 2.108196 18.23
1547.00 2.108196 18.23
1548.00 2.108196 18.23
1549.00 2.108196 18.23
1550.00 2.108196 18.23
1551.00 2.108196 18.23
1552.00 2.108196 18.23
1553.00 2.108196 18.23
1554.00 2.108196 18.23
1555.00 2.108196 18.23
1556.00 2.108196 18.23
1557.00 2.108196 18.23
1558.00 2.108196 18.23
1559.00 2.108196 18.23
1560.00 2.108196 18.23
1561.00 2.108196 18.23
1562.00 2.108196 18.23
1563.00 2.108196 18.23
1564.00 2.108196 18.23
1565.00 2.108196 18.23
1566.00 2.108196 18.23
1567.00 2.108196 18.23
1568.00 2.108196 18.23
1569.00 2.108196 18.23
1570.00 2.108196 18.23
1571.00 2.108196 18.23
1572.00 2.108196 18.23
1573.00 2.108196 18.23
1574.00 2.108196 18.23
1575.00 2.108196 18.23
1576.00 2.108196 18.23
1577.00 2.108196 18.23
1578.00 2.108196 18.23
1579.00 2.108196 18.23
1580.00 2.108196 18.23
1581.00 2.108196 18.23
1582.00 2.108196 18.23
1583.00 2.108196 18.23
1584.00 2.108196 18.23
1585.00 2.108196 18.23
1586.00 2.108196 18.23
1587.00 2.108196 18.23
1588.00 2.108196 18.23
1589.00 2.108196 18.23
1590.00 2.108196 18.23
1591.00 2.108196 18.23
1592.00 2.108196 18.23
1593.00 2.108196 18.23
1594.00 2.108196 18.23
1595.00 2.108196 18.23
1596.00 2.108196 18.23
1597.00 2.108196 18.23
1598.00 2.108196 18.23
1599.00 2.108196 18.23
1600.00 2.108196 18.23
1601.00 2.108196 18.23
1602.00 2.108196 18.23
1603.00 2.108196 18.23
1604.00 2.108196 18.23
1605.00 2.108196 18.23
1606.00 2.108196 18.23
1607.00 2.108196 18.23
1608.00 2.108196 18.23
1609.00 2.108196 18.23
1610.00 2.108196 18.23
1611.00 2.108196 18.23
1612.00 2.108196 18.23
1613.00 2.108196 18.23
1614.00 2.108196 18.23
1615.00 2.108196 18.23
1616.00 2.108196 18.23
1617.00 2.108196 18.23
1618.00 2.108196 18.23
1619.00 2.108196 18.23
1620.00 2.108196 18.23
1621.00 2.108196 18.23
1622.00 2.108196 18.23
1623.00 2.108196 18.23
1624.00 2.108196 18.23
1625.00 2.108196 18.23
1626.00 2.108196 18.23
1627.00 2.108196 18.23
1628.00 2.108196 18.23
1629.00 2.108196 18.23
1630.00 2.108196 18.23
1631.00 2.108196 18.23
1632.00 2.108196 18.23
1633.00 2.108196 18.23
1634.00 2.108196 18.23
1635.00 2.108196 18.23
1636.00 2.108196 18.23
1637.00 2.108196 18.23
1638.00 2.108196 18.23
1639.00 2.108196 18.23
1640.00 2.108196 18.23
1641.00 2.108196 18.23
1642.00 2.108196 18.23
1643.00 2.108196 18.23
1644.00 2.108196 18.23
1645.00 2.108196 18.23
1646.00 2.108196 18.23
1647.00 2.108196 18.23
1648.00 2.108196 18.23
1649.00 2.108196 18.23
1650.00 2.108196 18.23
1651.00 2.108196 18.23
1652.00 2.108196 18.23
1653.00 2.108196 18.23
1654.00 2.108196 18.23
1655.00 2.108196 18.23
1656.00 2.108196 18.23
1657.00 2.108196 18.23
1658.00 2.108196 18.23
1659.00 2.108196 18.23
1660.00 2.108196 18.23
1661.00 2.108196 18.23
1662.00 2.108196 18.23
1663.00 2.108196 18.23
1664.00 2.108196 18.23
1665.00 2.108196 18.23
1666.00 2.108196 18.23
1667.00 2.108196 18.23
1668.00 2.108196 18.23
1669.00 2.108196 18.23
1670.00 2.108196 18.23
1671.00 2.108196 18.23
1672.00 2.108196 18.23
1673.00 2.108196 18.23
1674.00 2.108196 18.23
1675.00 2.108196 18.23
1676.00 2.108196 18.23
1677.00 2.108196 18.23
1678.00 2.108196 18.23
1679.00 2.108196 18.23
1680.00 2.108196 18.23
1681.00 2.108196 18.23
1682.00 2.108196 18.23
1683.00 2.108196 18.23
1684.00 2.108196 18.23
1685.00 2.108196 18.23
1686.00 2.108196 18.23
1687.00 2.108196 18.23
1688.00 2.108196 18.23
1689.00 2.108196 18.23
1690.00 2.108196 18.23
1691.00 2.108196 18.23
1692.00 2.108196 18.23
1693.00 2.108196 18.23
1694.00 2.108196 18.23
1695.00 2.108196 18.23
1696.00 2.108196 18.23
1697.00 2.108196 18.23
1698.00 2.108196 18.23
1699.00 2.108196 18.23
1700.00 2.108196 18.23
1701.00 2.108196 18.23
1702.00 2.108196 18.23
1703.00 2.108196 18.23
1704.00 2.108196 18.23
1705.00 2.108196 18.23
1706.00 2.108196 18.23
1707.00 2.108196 18.23
1708.00 2.108196 18.23
1709.00 2.108196 18.23
1710.00 2.108196 18.23
1711.00 2.108196 18.23
1712.00 2.108196 18.23
1713.00 2.108196 18.23
1714.00 2.108196 18.23
1715.00 2.108196 18.23
1716.00 2.108196 18.23
1717.00 2.108196 18.23
1718.00 2.108196 18.23
1719.00 2.108196 18.23
1720.00 2.108196 18.23
1721.00 2.108196 18.23
1722.00 2.108196 18.23
1723.00 2.108196 18.23
1724.00 2.108196 18.23
1725.00 2.108196 18.23
1726.00 2.108196 18.23
1727.00 2.108196 18.23
1728.00 2.108196 18.23
1729.00 2.108196 18.23
1730.00 2.108196 18.23
1731.00 2.108196 18.23
1732.00 2.108196 18.23
1733.00 2.108196 18.23
1734.00 2.108196 18.23
1735.00 2.108196 18.23
1736.00 2.108196 18.23
1737.00 2.108196 18.23
1738.00 2.108196 18.23
1739.00 2.108196 18.23
1740.00 2.108196 18.23
1741.00 2.108196 18.23
1742.00 2.108196 18.23
1743.00 2.108196 18.23
1744.00 2.108196 18.23
1745.00 2.108196 18.23
1746.00 2.108196 18.23
1747.00 2.108196 18.23
1748.00 2.108196 18.23
1749.00 2.108196 18.23
1750.00 2.108196 18.23
1751.00 2.108196 18.23
1752.00 2.108196 18.23
1753.00 2.108196 18.23
1754.00 2.108196 18.23
1755.00 2.108196 18.23
1756.00 2.108196 18.23
1757.00 2.108196 18.23
1758.00 2.108196 18.23
1759.00 2.108196 18.23
1760.00 2.108196 18.23
1761.00 2.108196 18.23
1762.00 2.108196 18.23
1763.00 2.108196 18.23
1764.00 2.108196 18.23
1765.00 2.108196 18.23
1766.00 2.108196 18.23
1767.00 2.108196 18.23
1768.00 2.108196 18.23
1769.00 2.108196 18.23
1770.00 2.108196 18.23
1771.00 2.108196 18.23
1772.00 2.108196 18.23
1773.00 2.108196 18.23
1774.00 2.108196 18.23
1775.00 2.108196 18.23
1776.00 2.108196 18.23
1777.00 2.108196 18.23
1778.00 2.108196 18.23
1779.00 2.108196 18.23
1780.00 2.108196 18.23
1781.00 2.108196 18.23
1782.00 2.108196 18.23
1783.00 2.108196 18.23
1784.00 2.108196 18.23
1785.00 2.108196 18.23
1786.00 2.108196 18.23
1787.00 2.108196 18.23
1788.00 2.108196 18.23
1789.00 2.108196 18.23
1790.00 2.108196 18.23
1791.00 2.108196 18.23
1792.00 2.108196 18.23
1793.00 2.108196 18.23
1794.00 2.108196 18.23
1795.00 2.108196 18.23
1796.00 2.108196 18.23
1797.00 2.108196 18.23
1798.00 2.108196 18.23
1799.00 2.108196 18.23
1800.00 2.108196 18.23
1801.00 2.108196 18.23
1802.00 2.108196 18.23
1803.00 2.108196 18.23
1804.00 2.108196 18.23
1805.00 2.108196 18.23
1806.00 2.108196 18.23
1807.00 2.108196 18.23
1808.00 2.108196 18.23
1809.00 2.108196 18.23
1810.00 2.108196 18.23
1811.00 2.108196 18.23
1812.00 2.108196 18.23
1813.00 2.108196 18.23
1814.00 2.108196 18.23
1815.00 2.108196 18.23
1816.00 2.108196 18.23
1817.00 2.108196 18.23
1818.00 2.108196 18.23
1819.00 2.108196 18.23
1820.00 2.108196 18.23
1821.00 2.108196 18.23
1822.00 2.108196 18.23
1823.00 2.108196 18.23
1824.00 2.108196 18.23
1825.00 2.108196 18.23
1826.00 2.108196 18.23
1827.00 2.108196 18.23
1828.00 2.108196 18.23
1829.00 2.108196 18.23
1830.00 2.108196 18.23
1831.00 2.108196 18.23
1832.00 2.108196 18.23
1833.00 2.108196 18.23
1834.00 2.108196 18.23
1835.00 2.108196 18.23
1836.00 2.108196 18.23
1837.00 2.108196 18.23
1838.00 2.108196 18.23
1839.00 2.108196 18.23
1840.00 2.108196 18.23
1841.00 2.108196 18.23
1842.00 2.108196 18.23
1843.00 2.108196 18.23
1844.00 2.108196 18.23
1845.00 2.108196 18.23
1846.00 2.108196 18.23
1847.00 2.108196 18.23
1848.00 2.108196 18.23
1849.00 2.108196 18.23
1850.00 2.108196 18.23
1851.00 2.108196 18.23
1852.00 2.108196 18.23
1853.00 2.108196 18.23
1854.00 2.108196 18.23
1855.00 2.108196 18.23
1856.00 2.108196 18.23
1857.00 2.108196 18.23
1858.00 2.108196 18.23
1859.00 2.108196 18.23
1860.00 2.108196 18.23
1861.00 2.108196 18.23
1862.00 2.108196 18.23
1863.00 2.108196 18.23
1864.00 2.108196 18.23
1865.00 2.108196 18.23
1866.00 2.108196 18.23
1867.00 2.108196 18.23
1868.00 2.108196 18.23
1869.00 2.108196 18.23
1870.00 2.108196 18.23
1871.00 2.108196 18.23
1872.00 2.108196 18.23
1873.00 2.108196 18.23
1874.00 2.108196 18.23
1875.00 2.108196 18.23
1876.00 2.108196 18.23
1877.00 2.108196 18.23
1878.00 2.108196 18.23
1879.00 2.108196 18.23
1880.00 2.108196 18.23
1881.00 2.108196 18.23
1882.00 2.108196 18.23
1883.00 2.108196 18.23
1884.00 2.108196 18.23
1885.00 2.108196 18.23
1886.00 2.108196 18.23
1887.00 2.108196 18.23
1888.00 2.108196 18.23
1889.00 2.108196 18.23
1890.00 2.108196 18.23
1891.00 2.108196 18.23
1892.00 2.108196 18.23
1893.00 2.108196 18.23
1894.00 2.108196 18.23
1895.00 2.108196 18.23
1896.00 2.108196 18.23
1897.00 2.108196 18.23
1898.00 2.108196 18.23
1899.00 2.108196 18.23
1900.00 2.108196 18.23
1901.00 2.108196 18.23
1902.00 2.108196 18.23
1903.00 2.108196 18.23
1904.00 2.108196 18.23
1905.00 2.108196 18.23
1906.00 2.108196 18.23
1907.00 2.108196 18.23
1908.00 2.108196 18.23
1909.00 2.108196 18.23
1910.00 2.108196 18.23
1911.00 2.108196 18.23
1912.00 2.108196 18.23
1913.00 2.108196 18.23
1914.00 2.108196 18.23
1915.00 2.108196 18.23
1916.00 2.108196 18.23
1917.00 2.108196 18.23
1918.00 2.108196 18.23
1919.00 2.108196 18.23
1920.00 2.108196 18.23
1921.00 2.108196 18.23
1922.00 2.108196 18.23
1923.00 2.108196 18.23
1924.00 2.108196 18.23
1925.00 2.108196 18.23
1926.00 2.108196 18.23
1927.00 2.108196 18.23
1928.00 2.108196 18.23
1929.00 2.108196 18.23
1930.00 2.108196 18.23
1931.00 2.108196 18.23
1932.00 2.108196 18.23
1933.00 2.108196 18.23
1934.00 2.108196 18.23
1935.00 2.108196 18.23
1936.00 2.108196 18.23
1937.00 2.108196 18.23
1938.00 2.108196 18.23
1939.00 2.108196 18.23
1940.00 2.108196 18.23
1941.00 2.108196 18.23
1942.00 2.108196 18.23
1943.00 2.108196 18.23
1944.00 2.108196 18.23
1945.00 2.108196 18.23
1946.00 2.108196 18.23
1947.00 2.108196 18.23
1948.00 2.108196 18.23
1949.00 2.108196 18.23
1950.00 2.108196 18.23
1951.00 2.108196 18.23
1952.00 2.108196 18.23
1953.00 2.108196 18.23
1954.00 2.108196 18.23
1955.00 2.108196 18.23
1956.00 2.108196 18.23
1957.00 2.108196 18.23
1958.00 2.108196 18.23
1959.00 2.108196 18.23
1960.00 2.108196 18.23
1961.00 2.108196 18.23
1962.00 2.108196 18.23
1963.00 2.108196 18.23
1964.00 2.108196 18.23
1965.00 2.108196 18.23
1966.00 2.108196 18.23
1967.00 2.108196 18.23
1968.00 2.108196 18.23
1969.00 2.108196 18.23
1970.00 2.108196 18.23
1971.00 2.108196 18.23
1972.00 2.108196 18.23
1973.00 2.108196 18.23
1974.00 2.108196 18.23
1975.00 2.108196 18.23
1976.00 2.108196 18.23
1977.00 2.108196 18.23
1978.00 2.108196 18.23
1979.00 2.108196 18.23
1980.00 2.108196 18.23
1981.00 2.108196 18.23
1982.00 2.108196 18.23
1983.00 2.108196 18.23
1984.00 2.108196 18.23
1985.00 2.108196 18.23
1986.00 2.108196 18.23
1987.00 2.108196 18.23
1988.00 2.108196 18.23
1989.00 2.108196 18.23
1990.00 2.108196 18.23
1991.00 2.108196 18.23
1992.00 2.108196 18.23
1993.00 2.108196 18.23
1994.00 2.108196 18.23
1995.00 2.108196 18.23
1996.00 2.108196 18.23
1997.00 2.108196 18.23
1998.00 2.108196 18.23
1999.00 2.108196 18.23
2000.00 2.108196 18.23
