0.00 3.972904 24.98
1.00 3.967674 24.98
2.00 3.962410 24.98
3.00 3.957111 24.98
4.00 3.951782 24.97
5.00 3.946425 24.97
6.00 3.941034 24.97
7.00 3.935634 24.94
8.00 3.930217 24.94
9.00 3.924770 24.94
10.00 3.919291 24.94
11.00 3.913780 24.94
12.00 3.908234 24.94
13.00 3.902658 24.93
14.00 3.897050 24.93
15.00 3.891402 24.93
16.00 3.885713 24.93
17.00 3.879980 24.93
18.00 3.874208 24.92
19.00 3.868423 24.92
20.00 3.862617 24.91
21.00 3.856799 24.89
22.00 3.850977 24.89
23.00 3.845119 24.89
24.00 3.839253 24.86
25.00 3.833416 24.85
26.00 3.827575 24.85
27.00 3.821719 24.84
28.00 3.815879 24.83
29.00 3.810071 24.81
30.00 3.804258 24.81
31.00 3.798433 24.80
32.00 3.792579 24.80
33.00 3.786707 24.78
34.00 3.780874 24.77
35.00 3.775083 24.76
36.00 3.769277 24.74
37.00 3.763472 24.74
38.00 3.757633 24.74
39.00 3.751755 24.74
40.00 3.745861 24.73
41.00 3.739998 24.71
42.00 3.734177 24.69
43.00 3.728354 24.69
44.00 3.722491 24.69
45.00 3.716582 24.69
46.00 3.710649 24.68
47.00 3.704692 24.67
48.00 3.698739 24.65
49.00 3.692829 24.62
50.00 3.686964 24.62
51.00 3.681065 24.62
52.00 3.675127 24.62
53.00 3.669156 24.61
54.00 3.663247 24.59
55.00 3.657397 24.57
56.00 3.651553 24.55
57.00 3.645791 24.53
58.00 3.640099 24.51
59.00 3.634441 24.47
60.00 3.628876 24.45
61.00 3.623316 24.45
62.00 3.617798 24.41
63.00 3.612320 24.40
64.00 3.606817 24.40
65.00 3.601277 24.40
66.00 3.595730 24.38
67.00 3.590259 24.36
68.00 3.584804 24.35
69.00 3.579404 24.34
70.00 3.574007 24.34
71.00 3.568597 24.33
72.00 3.563152 24.33
73.00 3.557673 24.31
74.00 3.552310 24.28
75.00 3.546987 24.25
76.00 3.541666 24.25
77.00 3.536361 24.23
78.00 3.531060 24.23
79.00 3.525739 24.19
80.00 3.520450 24.17
81.00 3.515238 24.14
82.00 3.510031 24.14
83.00 3.504829 24.12
84.00 3.499665 24.10
85.00 3.494527 24.09
86.00 3.489421 24.05
87.00 3.484379 24.04
88.00 3.479388 24.01
89.00 3.474449 24.01
90.00 3.469515 24.00
91.00 3.464652 23.97
92.00 3.459921 23.96
93.00 3.455262 23.94
94.00 3.450616 23.92
95.00 3.445984 23.92
96.00 3.441334 23.92
97.00 3.436686 23.90
98.00 3.432048 23.90
99.00 3.427440 23.88
100.00 3.422900 23.87
101.00 3.418368 23.87
102.00 3.413813 23.87
103.00 3.409230 23.87
104.00 3.404617 23.87
105.00 3.400018 23.84
106.00 3.395453 23.83
107.00 3.390906 23.83
108.00 3.386372 23.80
109.00 3.381873 23.80
110.00 3.377372 23.78
111.00 3.372888 23.78
112.00 3.368377 23.77
113.00 3.363873 23.75
114.00 3.359400 23.74
115.00 3.354960 23.73
116.00 3.350506 23.72
117.00 3.346144 23.69
118.00 3.341845 23.68
119.00 3.337553 23.67
120.00 3.333265 23.67
121.00 3.328994 23.66
122.00 3.324747 23.65
123.00 3.320509 23.64
124.00 3.316259 23.64
125.00 3.311984 23.64
126.00 3.307716 23.60
127.00 3.303545 23.58
128.00 3.299430 23.57
129.00 3.295390 23.53
130.00 3.291475 23.52
131.00 3.287557 23.52
132.00 3.283629 23.51
133.00 3.279704 23.51
134.00 3.275763 23.50
135.00 3.271825 23.50
136.00 3.267881 23.49
137.00 3.264004 23.48
138.00 3.260120 23.47
139.00 3.256236 23.45
140.00 3.252379 23.43
141.00 3.248538 23.43
142.00 3.244679 23.43
143.00 3.240804 23.41
144.00 3.236995 23.40
145.00 3.233258 23.37
146.00 3.229552 23.37
147.00 3.225864 23.34
148.00 3.222234 23.31
149.00 3.218637 23.30
150.00 3.215073 23.28
151.00 3.211597 23.28
152.00 3.208119 23.28
153.00 3.204701 23.26
154.00 3.201327 23.26
155.00 3.197947 23.26
156.00 3.194557 23.26
157.00 3.191201 23.24
158.00 3.187877 23.24
159.00 3.184544 23.23
160.00 3.181237 23.19
161.00 3.177976 23.18
162.00 3.174778 23.17
163.00 3.171596 23.17
164.00 3.168412 23.16
165.00 3.165251 23.15
166.00 3.162148 23.13
167.00 3.159077 23.11
168.00 3.156017 23.11
169.00 3.152989 23.10
170.00 3.150063 23.07
171.00 3.147250 23.05
172.00 3.144473 23.03
173.00 3.141709 23.03
174.00 3.138948 23.03
175.00 3.136184 23.03
176.00 3.133414 23.03
177.00 3.130636 23.03
178.00 3.127848 23.03
179.00 3.125047 23.03
180.00 3.122253 23.02
181.00 3.119492 23.02
182.00 3.116716 23.02
183.00 3.113924 23.02
184.00 3.111122 23.01
185.00 3.108374 22.98
186.00 3.105627 22.98
187.00 3.102871 22.98
188.00 3.100108 22.97
189.00 3.097355 22.97
190.00 3.094681 22.95
191.00 3.092037 22.95
192.00 3.089439 22.93
193.00 3.086843 22.93
194.00 3.084249 22.92
195.00 3.081683 22.91
196.00 3.079116 22.90
197.00 3.076570 22.88
198.00 3.074069 22.88
199.00 3.071571 22.87
200.00 3.069089 22.86
201.00 3.066645 22.86
202.00 3.064251 22.85
203.00 3.061899 22.83
204.00 3.059568 22.83
205.00 3.057234 22.83
206.00 3.054941 22.82
207.00 3.052670 22.81
208.00 3.050441 22.80
209.00 3.048216 22.79
210.00 3.046006 22.78
211.00 3.043801 22.78
212.00 3.041594 22.78
213.00 3.039398 22.76
214.00 3.037269 22.75
215.00 3.035150 22.74
216.00 3.033052 22.74
217.00 3.030961 22.73
218.00 3.028892 22.72
219.00 3.026838 22.71
220.00 3.024827 22.70
221.00 3.022828 22.70
222.00 3.020830 22.70
223.00 3.018831 22.70
224.00 3.016867 22.69
225.00 3.014940 22.68
226.00 3.013041 22.68
227.00 3.011197 22.67
228.00 3.009370 22.66
229.00 3.007548 22.66
230.00 3.005725 22.66
231.00 3.003899 22.66
232.00 3.002070 22.66
233.00 3.000234 22.66
234.00 2.998415 22.64
235.00 2.996604 22.63
236.00 2.994799 22.63
237.00 2.992990 22.63
238.00 2.991180 22.62
239.00 2.989369 22.62
240.00 2.987553 22.62
241.00 2.985779 22.61
242.00 2.984055 22.59
243.00 2.982390 22.59
244.00 2.980729 22.59
245.00 2.979087 22.57
246.00 2.977461 22.57
247.00 2.975839 22.57
248.00 2.974218 22.57
249.00 2.972598 22.56
250.00 2.970980 22.56
251.00 2.969380 22.55
252.00 2.967806 22.53
253.00 2.966261 22.53
254.00 2.964761 22.51
255.00 2.963272 22.51
256.00 2.961786 22.51
257.00 2.960303 22.51
258.00 2.958822 22.51
259.00 2.957350 22.49
260.00 2.955933 22.48
261.00 2.954537 22.48
262.00 2.953147 22.48
263.00 2.951761 22.48
264.00 2.950377 22.48
265.00 2.949021 22.47
266.00 2.947710 22.46
267.00 2.946408 22.46
268.00 2.945113 22.45
269.00 2.943834 22.44
270.00 2.942570 22.44
271.00 2.941310 22.44
272.00 2.940053 22.44
273.00 2.938797 22.44
274.00 2.937542 22.44
275.00 2.936287 22.44
276.00 2.935030 22.44
277.00 2.933772 22.44
278.00 2.932512 22.44
279.00 2.931249 22.44
280.00 2.929992 22.43
281.00 2.928768 22.43
282.00 2.927545 22.43
283.00 2.926321 22.43
284.00 2.925095 22.43
285.00 2.923866 22.43
286.00 2.922633 22.43
287.00 2.921402 22.42
288.00 2.920172 22.42
289.00 2.918942 22.41
290.00 2.917734 22.41
291.00 2.916525 22.41
292.00 2.915313 22.41
293.00 2.914098 22.41
294.00 2.912877 22.41
295.00 2.911652 22.41
296.00 2.910422 22.41
297.00 2.909185 22.41
298.00 2.907967 22.39
299.00 2.906764 22.39
300.00 2.905557 22.39
301.00 2.904347 22.39
302.00 2.903136 22.38
303.00 2.901932 22.37
304.00 2.900780 22.35
305.00 2.899650 22.35
306.00 2.898523 22.35
307.00 2.897399 22.35
308.00 2.896275 22.35
309.00 2.895155 22.33
310.00 2.894063 22.32
311.00 2.892976 22.31
312.00 2.891898 22.31
313.00 2.890823 22.31
314.00 2.889751 22.31
315.00 2.888684 22.30
316.00 2.887620 22.30
317.00 2.886558 22.30
318.00 2.885496 22.30
319.00 2.884434 22.30
320.00 2.883371 22.30
321.00 2.882308 22.30
322.00 2.881243 22.30
323.00 2.880177 22.29
324.00 2.879163 22.27
325.00 2.878163 22.27
326.00 2.877186 22.24
327.00 2.876249 22.24
328.00 2.875320 22.24
329.00 2.874398 22.24
330.00 2.873482 22.24
331.00 2.872572 22.24
332.00 2.871666 22.23
333.00 2.870792 22.23
334.00 2.869927 22.22
335.00 2.869071 22.22
336.00 2.868222 22.22
337.00 2.867392 22.19
338.00 2.866590 22.19
339.00 2.865798 22.18
340.00 2.865038 22.17
341.00 2.864288 22.17
342.00 2.863547 22.17
343.00 2.862815 22.17
344.00 2.862090 22.17
345.00 2.861371 22.17
346.00 2.860659 22.16
347.00 2.859963 22.16
348.00 2.859274 22.16
349.00 2.858591 22.16
350.00 2.857914 22.16
351.00 2.857242 22.16
352.00 2.856575 22.16
353.00 2.855913 22.15
354.00 2.855259 22.15
355.00 2.854608 22.15
356.00 2.853962 22.15
357.00 2.853353 22.14
358.00 2.852752 22.14
359.00 2.852158 22.14
360.00 2.851570 22.14
361.00 2.850987 22.14
362.00 2.850409 22.14
363.00 2.849835 22.14
364.00 2.849266 22.14
365.00 2.848703 22.13
366.00 2.848147 22.13
367.00 2.847600 22.12
368.00 2.847060 22.12
369.00 2.846524 22.12
370.00 2.845993 22.12
371.00 2.845466 22.12
372.00 2.844942 22.12
373.00 2.844422 22.12
374.00 2.843904 22.12
375.00 2.843390 22.12
376.00 2.842878 22.12
377.00 2.842368 22.12
378.00 2.841861 22.12
379.00 2.841355 22.12
380.00 2.840852 22.11
381.00 2.840352 22.10
382.00 2.839858 22.10
383.00 2.839366 22.10
384.00 2.838876 22.10
385.00 2.838387 22.10
386.00 2.837901 22.10
387.00 2.837415 22.10
388.00 2.836931 22.10
389.00 2.836448 22.10
390.00 2.835967 22.10
391.00 2.835486 22.09
392.00 2.835009 22.09
393.00 2.834533 22.09
394.00 2.834072 22.08
395.00 2.833617 22.08
396.00 2.833170 22.07
397.00 2.832744 22.07
398.00 2.832323 22.07
399.00 2.831907 22.07
400.00 2.831494 22.07
401.00 2.831086 22.07
402.00 2.830681 22.07
403.00 2.830280 22.07
404.00 2.829882 22.07
405.00 2.829507 22.06
406.00 2.829141 22.06
407.00 2.828779 22.06
408.00 2.828422 22.06
409.00 2.828069 22.06
410.00 2.827720 22.06
411.00 2.827375 22.06
412.00 2.827033 22.06
413.00 2.826695 22.05
414.00 2.826364 22.05
415.00 2.826036 22.05
416.00 2.825711 22.05
417.00 2.825390 22.05
418.00 2.825072 22.05
419.00 2.824756 22.05
420.00 2.824444 22.05
421.00 2.824134 22.05
422.00 2.823827 22.05
423.00 2.823522 22.05
424.00 2.823220 22.05
425.00 2.822920 22.05
426.00 2.822623 22.05
427.00 2.822327 22.05
428.00 2.822034 22.05
429.00 2.821743 22.05
430.00 2.821454 22.05
431.00 2.821167 22.05
432.00 2.820882 22.05
433.00 2.820598 22.05
434.00 2.820316 22.05
435.00 2.820036 22.05
436.00 2.819758 22.05
437.00 2.819481 22.05
438.00 2.819205 22.05
439.00 2.818931 22.05
440.00 2.818658 22.05
441.00 2.818387 22.05
442.00 2.818117 22.05
443.00 2.817848 22.05
444.00 2.817580 22.05
445.00 2.817313 22.05
446.00 2.817050 22.04
447.00 2.816791 22.04
448.00 2.816533 22.04
449.00 2.816277 22.04
450.00 2.816023 22.04
451.00 2.815770 22.04
452.00 2.815519 22.04
453.00 2.815269 22.04
454.00 2.815021 22.04
455.00 2.814774 22.04
456.00 2.814528 22.04
457.00 2.814283 22.04
458.00 2.814039 22.04
459.00 2.813796 22.04
460.00 2.813554 22.04
461.00 2.813313 22.04
462.00 2.813073 22.04
463.00 2.812834 22.04
464.00 2.812595 22.04
465.00 2.812358 22.04
466.00 2.812121 22.03
467.00 2.811885 22.03
468.00 2.811650 22.03
469.00 2.811416 22.03
470.00 2.811182 22.03
471.00 2.810949 22.03
472.00 2.810716 22.03
473.00 2.810484 22.03
474.00 2.810252 22.03
475.00 2.810022 22.02
476.00 2.809797 22.02
477.00 2.809575 22.02
478.00 2.809353 22.02
479.00 2.809133 22.02
480.00 2.808914 22.02
481.00 2.808695 22.02
482.00 2.808478 22.02
483.00 2.808262 22.02
484.00 2.808046 22.02
485.00 2.807831 22.02
486.00 2.807617 22.02
487.00 2.807404 22.02
488.00 2.807191 22.02
489.00 2.806986 22.01
490.00 2.806787 22.01
491.00 2.806589 22.01
492.00 2.806393 22.01
493.00 2.806198 22.01
494.00 2.806005 22.01
495.00 2.805813 22.01
496.00 2.805623 22.01
497.00 2.805434 22.01
498.00 2.805247 22.01
499.00 2.805061 22.01
500.00 2.804875 22.01
501.00 2.804692 22.01
502.00 2.804509 22.01
503.00 2.804327 22.01
504.00 2.804148 22.00
505.00 2.803981 22.00
506.00 2.803816 22.00
507.00 2.803652 22.00
508.00 2.803491 22.00
509.00 2.803331 22.00
510.00 2.803172 22.00
511.00 2.803015 22.00
512.00 2.802859 22.00
513.00 2.802706 21.99
514.00 2.802556 21.99
515.00 2.802407 21.99
516.00 2.802260 21.99
517.00 2.802115 21.99
518.00 2.801971 21.99
519.00 2.801828 21.99
520.00 2.801686 21.99
521.00 2.801546 21.99
522.00 2.801407 21.99
523.00 2.801270 21.99
524.00 2.801133 21.99
525.00 2.800998 21.99
526.00 2.800864 21.99
527.00 2.800731 21.99
528.00 2.800599 21.99
529.00 2.800468 21.99
530.00 2.800338 21.99
531.00 2.800210 21.99
532.00 2.800082 21.99
533.00 2.799955 21.99
534.00 2.799829 21.99
535.00 2.799705 21.99
536.00 2.799581 21.99
537.00 2.799458 21.99
538.00 2.799336 21.99
539.00 2.799215 21.99
540.00 2.799094 21.99
541.00 2.798975 21.99
542.00 2.798856 21.99
543.00 2.798738 21.99
544.00 2.798621 21.99
545.00 2.798505 21.99
546.00 2.798390 21.99
547.00 2.798275 21.99
548.00 2.798161 21.99
549.00 2.798048 21.99
550.00 2.797935 21.99
551.00 2.797824 21.99
552.00 2.797712 21.99
553.00 2.797602 21.99
554.00 2.797492 21.99
555.00 2.797383 21.99
556.00 2.797275 21.99
557.00 2.797167 21.99
558.00 2.797060 21.99
559.00 2.796954 21.99
560.00 2.796848 21.99
561.00 2.796742 21.99
562.00 2.796638 21.99
563.00 2.796534 21.99
564.00 2.796430 21.99
565.00 2.796327 21.99
566.00 2.796225 21.99
567.00 2.796123 21.99
568.00 2.796021 21.99
569.00 2.795921 21.99
570.00 2.795820 21.99
571.00 2.795720 21.99
572.00 2.795621 21.99
573.00 2.795522 21.99
574.00 2.795424 21.99
575.00 2.795326 21.99
576.00 2.795229 21.99
577.00 2.795132 21.99
578.00 2.795036 21.99
579.00 2.794940 21.99
580.00 2.794844 21.99
581.00 2.794749 21.99
582.00 2.794654 21.99
583.00 2.794560 21.99
584.00 2.794466 21.99
585.00 2.794372 21.99
586.00 2.794279 21.99
587.00 2.794187 21.99
588.00 2.794094 21.99
589.00 2.794002 21.99
590.00 2.793911 21.99
591.00 2.793820 21.99
592.00 2.793729 21.99
593.00 2.793638 21.99
594.00 2.793548 21.99
595.00 2.793458 21.99
596.00 2.793369 21.98
597.00 2.793281 21.98
598.00 2.793194 21.98
599.00 2.793107 21.98
600.00 2.793020 21.98
601.00 2.792934 21.98
602.00 2.792848 21.98
603.00 2.792763 21.98
604.00 2.792678 21.98
605.00 2.792594 21.98
606.00 2.792510 21.98
607.00 2.792427 21.98
608.00 2.792344 21.98
609.00 2.792261 21.98
610.00 2.792179 21.98
611.00 2.792098 21.98
612.00 2.792016 21.98
613.00 2.791935 21.98
614.00 2.791855 21.98
615.00 2.791774 21.98
616.00 2.791695 21.98
617.00 2.791615 21.98
618.00 2.791536 21.98
619.00 2.791457 21.98
620.00 2.791379 21.98
621.00 2.791301 21.98
622.00 2.791223 21.98
623.00 2.791145 21.98
624.00 2.791068 21.98
625.00 2.790991 21.98
626.00 2.790915 21.98
627.00 2.790838 21.98
628.00 2.790762 21.98
629.00 2.790687 21.98
630.00 2.790611 21.98
631.00 2.790536 21.98
632.00 2.790461 21.98
633.00 2.790387 21.98
634.00 2.790312 21.98
635.00 2.790238 21.98
636.00 2.790164 21.98
637.00 2.790090 21.98
638.00 2.790017 21.98
639.00 2.789944 21.98
640.00 2.789871 21.98
641.00 2.789800 21.97
642.00 2.789731 21.97
643.00 2.789664 21.97
644.00 2.789597 21.97
645.00 2.789531 21.97
646.00 2.789466 21.97
647.00 2.789401 21.97
648.00 2.789336 21.97
649.00 2.789272 21.97
650.00 2.789209 21.97
651.00 2.789146 21.97
652.00 2.789083 21.97
653.00 2.789021 21.97
654.00 2.788960 21.97
655.00 2.788899 21.97
656.00 2.788838 21.97
657.00 2.788778 21.97
658.00 2.788718 21.97
659.00 2.788658 21.97
660.00 2.788599 21.97
661.00 2.788541 21.97
662.00 2.788482 21.97
663.00 2.788424 21.97
664.00 2.788367 21.97
665.00 2.788310 21.97
666.00 2.788253 21.97
667.00 2.788196 21.97
668.00 2.788140 21.97
669.00 2.788084 21.97
670.00 2.788029 21.97
671.00 2.787974 21.97
672.00 2.787919 21.97
673.00 2.787864 21.97
674.00 2.787810 21.97
675.00 2.787756 21.97
676.00 2.787702 21.97
677.00 2.787649 21.97
678.00 2.787596 21.97
679.00 2.787543 21.97
680.00 2.787491 21.97
681.00 2.787439 21.96
682.00 2.787388 21.96
683.00 2.787337 21.96
684.00 2.787286 21.96
685.00 2.787236 21.96
686.00 2.787186 21.96
687.00 2.787136 21.96
688.00 2.787087 21.96
689.00 2.787038 21.96
690.00 2.786990 21.96
691.00 2.786941 21.96
692.00 2.786893 21.96
693.00 2.786846 21.96
694.00 2.786798 21.96
695.00 2.786751 21.96
696.00 2.786704 21.96
697.00 2.786658 21.96
698.00 2.786611 21.96
699.00 2.786565 21.96
700.00 2.786520 21.96
701.00 2.786474 21.96
702.00 2.786429 21.96
703.00 2.786384 21.96
704.00 2.786339 21.96
705.00 2.786295 21.96
706.00 2.786251 21.96
707.00 2.786207 21.96
708.00 2.786163 21.96
709.00 2.786120 21.96
710.00 2.786077 21.96
711.00 2.786034 21.96
712.00 2.785991 21.96
713.00 2.785948 21.96
714.00 2.785906 21.96
715.00 2.785864 21.96
716.00 2.785822 21.96
717.00 2.785781 21.96
718.00 2.785739 21.96
719.00 2.785698 21.96
720.00 2.785657 21.96
721.00 2.785617 21.96
722.00 2.785576 21.96
723.00 2.785536 21.96
724.00 2.785496 21.96
725.00 2.785456 21.96
726.00 2.785416 21.95
727.00 2.785377 21.95
728.00 2.785338 21.95
729.00 2.785299 21.95
730.00 2.785260 21.95
731.00 2.785222 21.95
732.00 2.785184 21.95
733.00 2.785146 21.95
734.00 2.785109 21.95
735.00 2.785071 21.95
736.00 2.785034 21.95
737.00 2.784997 21.95
738.00 2.784961 21.95
739.00 2.784924 21.95
740.00 2.784888 21.95
741.00 2.784853 21.94
742.00 2.784819 21.94
743.00 2.784786 21.94
744.00 2.784753 21.94
745.00 2.784720 21.94
746.00 2.784687 21.94
747.00 2.784655 21.94
748.00 2.784623 21.94
749.00 2.784592 21.94
750.00 2.784561 21.94
751.00 2.784530 21.94
752.00 2.784500 21.94
753.00 2.784469 21.94
754.00 2.784439 21.94
755.00 2.784410 21.94
756.00 2.784380 21.94
757.00 2.784351 21.94
758.00 2.784323 21.94
759.00 2.784294 21.94
760.00 2.784266 21.94
761.00 2.784238 21.94
762.00 2.784210 21.94
763.00 2.784183 21.94
764.00 2.784155 21.94
765.00 2.784128 21.94
766.00 2.784102 21.94
767.00 2.784075 21.94
768.00 2.784049 21.94
769.00 2.784023 21.94
770.00 2.783997 21.94
771.00 2.783971 21.94
772.00 2.783946 21.94
773.00 2.783921 21.94
774.00 2.783896 21.94
775.00 2.783871 21.94
776.00 2.783846 21.94
777.00 2.783822 21.94
778.00 2.783798 21.94
779.00 2.783774 21.94
780.00 2.783750 21.94
781.00 2.783727 21.94
782.00 2.783703 21.94
783.00 2.783680 21.94
784.00 2.783657 21.94
785.00 2.783634 21.94
786.00 2.783611 21.94
787.00 2.783589 21.94
788.00 2.783567 21.94
789.00 2.783545 21.94
790.00 2.783523 21.94
791.00 2.783501 21.94
792.00 2.783479 21.94
793.00 2.783458 21.94
794.00 2.783437 21.94
795.00 2.783416 21.93
796.00 2.783395 21.93
797.00 2.783374 21.93
798.00 2.783354 21.93
799.00 2.783334 21.93
800.00 2.783314 21.93
801.00 2.783294 21.93
802.00 2.783274 21.93
803.00 2.783255 21.93
804.00 2.783236 21.93
805.00 2.783216 21.93
806.00 2.783198 21.93
807.00 2.783179 21.93
808.00 2.783160 21.93
809.00 2.783142 21.93
810.00 2.783124 21.93
811.00 2.783105 21.93
812.00 2.783087 21.93
813.00 2.783070 21.93
814.00 2.783052 21.93
815.00 2.783035 21.93
816.00 2.783017 21.93
817.00 2.783000 21.93
818.00 2.782983 21.93
819.00 2.782966 21.93
820.00 2.782949 21.93
821.00 2.782933 21.93
822.00 2.782916 21.93
823.00 2.782900 21.93
824.00 2.782884 21.93
825.00 2.782868 21.93
826.00 2.782852 21.93
827.00 2.782836 21.93
828.00 2.782820 21.93
829.00 2.782805 21.93
830.00 2.782789 21.93
831.00 2.782774 21.93
832.00 2.782759 21.93
833.00 2.782744 21.93
834.00 2.782729 21.93
835.00 2.782714 21.93
836.00 2.782699 21.93
837.00 2.782685 21.93
838.00 2.782670 21.93
839.00 2.782656 21.93
840.00 2.782642 21.93
841.00 2.782628 21.93
842.00 2.782614 21.93
843.00 2.782600 21.93
844.00 2.782586 21.93
845.00 2.782572 21.93
846.00 2.782559 21.93
847.00 2.782545 21.93
848.00 2.782532 21.93
849.00 2.782519 21.93
850.00 2.782505 21.93
851.00 2.782492 21.93
852.00 2.782479 21.93
853.00 2.782466 21.93
854.00 2.782454 21.93
855.00 2.782441 21.93
856.00 2.782428 21.93
857.00 2.782416 21.92
858.00 2.782404 21.92
859.00 2.782391 21.92
860.00 2.782379 21.92
861.00 2.782367 21.92
862.00 2.782355 21.92
863.00 2.782343 21.92
864.00 2.782332 21.92
865.00 2.782320 21.92
866.00 2.782308 21.92
867.00 2.782297 21.92
868.00 2.782286 21.92
869.00 2.782274 21.92
870.00 2.782263 21.92
871.00 2.782252 21.92
872.00 2.782241 21.92
873.00 2.782230 21.92
874.00 2.782219 21.92
875.00 2.782208 21.92
876.00 2.782198 21.92
877.00 2.782187 21.92
878.00 2.782177 21.92
879.00 2.782166 21.92
880.00 2.782156 21.92
881.00 2.782145 21.92
882.00 2.782135 21.92
883.00 2.782125 21.92
884.00 2.782115 21.92
885.00 2.782105 21.92
886.00 2.782095 21.92
887.00 2.782085 21.92
888.00 2.782075 21.92
889.00 2.782066 21.92
890.00 2.782056 21.92
891.00 2.782046 21.92
892.00 2.782037 21.92
893.00 2.782027 21.92
894.00 2.782018 21.92
895.00 2.782009 21.92
896.00 2.781999 21.92
897.00 2.781990 21.92
898.00 2.781981 21.92
899.00 2.781972 21.92
900.00 2.781963 21.92
901.00 2.781954 21.92
902.00 2.781945 21.92
903.00 2.781936 21.92
904.00 2.781927 21.92
905.00 2.781918 21.92
906.00 2.781909 21.92
907.00 2.781901 21.92
908.00 2.781892 21.92
909.00 2.781884 21.92
910.00 2.781875 21.92
911.00 2.781867 21.92
912.00 2.781858 21.92
913.00 2.781850 21.91
914.00 2.781843 21.91
915.00 2.781837 21.91
916.00 2.781830 21.91
917.00 2.781824 21.91
918.00 2.781818 21.91
919.00 2.781811 21.91
920.00 2.781805 21.91
921.00 2.781799 21.91
922.00 2.781793 21.91
923.00 2.781787 21.91
924.00 2.781781 21.91
925.00 2.781775 21.91
926.00 2.781769 21.91
927.00 2.781763 21.91
928.00 2.781757 21.91
929.00 2.781752 21.91
930.00 2.781746 21.91
931.00 2.781740 21.91
932.00 2.781735 21.91
933.00 2.781729 21.91
934.00 2.781724 21.91
935.00 2.781718 21.91
936.00 2.781713 21.91
937.00 2.781708 21.91
938.00 2.781703 21.91
939.00 2.781697 21.91
940.00 2.781692 21.91
941.00 2.781687 21.91
942.00 2.781682 21.91
943.00 2.781677 21.91
944.00 2.781672 21.91
945.00 2.781667 21.91
946.00 2.781662 21.91
947.00 2.781657 21.91
948.00 2.781653 21.91
949.00 2.781648 21.91
950.00 2.781643 21.91
951.00 2.781638 21.91
952.00 2.781634 21.91
953.00 2.781629 21.91
954.00 2.781625 21.91
955.00 2.781620 21.91
956.00 2.781616 21.91
957.00 2.781611 21.91
958.00 2.781607 21.91
959.00 2.781603 21.91
960.00 2.781599 21.91
961.00 2.781594 21.91
962.00 2.781590 21.91
963.00 2.781586 21.91
964.00 2.781582 21.91
965.00 2.781578 21.91
966.00 2.781574 21.91
967.00 2.781570 21.91
968.00 2.781566 21.91
969.00 2.781562 21.91
970.00 2.781558 21.91
971.00 2.781554 21.91
972.00 2.781550 21.91
973.00 2.781546 21.91
974.00 2.781543 21.91
975.00 2.781539 21.91
976.00 2.781535 21.91
977.00 2.781532 21.91
978.00 2.781528 21.91
979.00 2.781524 21.91
980.00 2.781521 21.91
981.00 2.781517 21.91
982.00 2.781514 21.91
983.00 2.781510 21.91
984.00 2.781507 21.91
985.00 2.781503 21.91
986.00 2.781500 21.91
987.00 2.781497 21.91
988.00 2.781493 21.91
989.00 2.781490 21.91
990.00 2.781487 21.91
991.00 2.781484 21.91
992.00 2.781481 21.91
993.00 2.781477 21.91
994.00 2.781474 21.91
995.00 2.781471 21.91
996.00 2.781468 21.91
997.00 2.781465 21.91
998.00 2.781462 21.91
999.00 2.781459 21.91
1000.00 2.781456 21.91
1001.00 2.781453 21.91
1002.00 2.781450 21.91
1003.00 2.781447 21.91
1004.00 2.781445 21.91
1005.00 2.781442 21.91
1006.00 2.781439 21.91
1007.00 2.781436 21.91
1008.00 2.781433 21.91
1009.00 2.781431 21.91
1010.00 2.781428 21.91
1011.00 2.781425 21.91
1012.00 2.781423 21.91
1013.00 2.781420 21.91
1014.00 2.781417 21.91
1015.00 2.781415 21.91
1016.00 2.781412 21.91
1017.00 2.781410 21.91
1018.00 2.781407 21.91
1019.00 2.781405 21.91
1020.00 2.781402 21.91
1021.00 2.781400 21.91
1022.00 2.781398 21.91
1023.00 2.781395 21.91
1024.00 2.781393 21.91
1025.00 2.781390 21.91
1026.00 2.781388 21.91
1027.00 2.781386 21.91
1028.00 2.781383 21.91
1029.00 2.781381 21.91
1030.00 2.781379 21.91
1031.00 2.781377 21.91
1032.00 2.781375 21.91
1033.00 2.781372 21.91
1034.00 2.781370 21.91
1035.00 2.781368 21.91
1036.00 2.781366 21.91
1037.00 2.781364 21.91
1038.00 2.781362 21.91
1039.00 2.781360 21.91
1040.00 2.781358 21.91
1041.00 2.781356 21.91
1042.00 2.781354 21.91
1043.00 2.781352 21.91
1044.00 2.781350 21.91
1045.00 2.781348 21.91
1046.00 2.781346 21.91
1047.00 2.781344 21.91
1048.00 2.781342 21.91
1049.00 2.781340 21.91
1050.00 2.781338 21.91
1051.00 2.781336 21.91
1052.00 2.781334 21.91
1053.00 2.781333 21.91
1054.00 2.781331 21.91
1055.00 2.781329 21.91
1056.00 2.781327 21.91
1057.00 2.781326 21.91
1058.00 2.781324 21.91
1059.00 2.781322 21.91
1060.00 2.781320 21.91
1061.00 2.781319 21.91
1062.00 2.781317 21.91
1063.00 2.781315 21.91
1064.00 2.781314 21.91
1065.00 2.781312 21.91
1066.00 2.781310 21.91
1067.00 2.781309 21.91
1068.00 2.781307 21.91
1069.00 2.781306 21.91
1070.00 2.781304 21.91
1071.00 2.781303 21.91
1072.00 2.781301 21.91
1073.00 2.781300 21.91
1074.00 2.781298 21.91
1075.00 2.781297 21.91
1076.00 2.781295 21.91
1077.00 2.781294 21.91
1078.00 2.781292 21.91
1079.00 2.781291 21.91
1080.00 2.781289 21.91
1081.00 2.781288 21.91
1082.00 2.781286 21.91
1083.00 2.781285 21.91
1084.00 2.781284 21.91
1085.00 2.781282 21.91
1086.00 2.781281 21.91
1087.00 2.781280 21.91
1088.00 2.781278 21.91
1089.00 2.781277 21.91
1090.00 2.781276 21.91
1091.00 2.781274 21.91
1092.00 2.781273 21.91
1093.00 2.781272 21.91
1094.00 2.781271 21.91
1095.00 2.781269 21.91
1096.00 2.781268 21.91
1097.00 2.781267 21.91
1098.00 2.781266 21.91
1099.00 2.781265 21.91
1100.00 2.781263 21.91
1101.00 2.781262 21.91
1102.00 2.781261 21.91
1103.00 2.781260 21.91
1104.00 2.781259 21.91
1105.00 2.781258 21.91
1106.00 2.781256 21.91
1107.00 2.781255 21.91
1108.00 2.781254 21.91
1109.00 2.781253 21.91
1110.00 2.781252 21.91
1111.00 2.781251 21.91
1112.00 2.781250 21.91
1113.00 2.781249 21.91
1114.00 2.781248 21.91
1115.00 2.781247 21.91
1116.00 2.781246 21.91
1117.00 2.781245 21.91
1118.00 2.781244 21.91
1119.00 2.781243 21.91
1120.00 2.781242 21.91
1121.00 2.781241 21.91
1122.00 2.781240 21.91
1123.00 2.781239 21.91
1124.00 2.781238 21.91
1125.00 2.781237 21.91
1126.00 2.781236 21.91
1127.00 2.781235 21.91
1128.00 2.781234 21.91
1129.00 2.781233 21.91
1130.00 2.781232 21.91
1131.00 2.781231 21.91
1132.00 2.781231 21.91
1133.00 2.781230 21.91
1134.00 2.781229 21.91
1135.00 2.781228 21.91
1136.00 2.781227 21.91
1137.00 2.781226 21.91
1138.00 2.781225 21.91
1139.00 2.781225 21.91
1140.00 2.781224 21.91
1141.00 2.781223 21.91
1142.00 2.781222 21.91
1143.00 2.781221 21.91
1144.00 2.781221 21.91
1145.00 2.781220 21.91
1146.00 2.781219 21.91
1147.00 2.781218 21.91
1148.00 2.781217 21.91
1149.00 2.781217 21.91
1150.00 2.781216 21.91
1151.00 2.781215 21.91
1152.00 2.781214 21.91
1153.00 2.781214 21.91
1154.00 2.781213 21.91
1155.00 2.781212 21.91
1156.00 2.781212 21.91
1157.00 2.781211 21.91
1158.00 2.781210 21.91
1159.00 2.781209 21.91
1160.00 2.781209 21.91
1161.00 2.781208 21.91
1162.00 2.781207 21.91
1163.00 2.781207 21.91
1164.00 2.781206 21.91
1165.00 2.781205 21.91
1166.00 2.781205 21.91
1167.00 2.781204 21.91
1168.00 2.781203 21.91
1169.00 2.781203 21.91
1170.00 2.781202 21.91
1171.00 2.781202 21.91
1172.00 2.781201 21.91
1173.00 2.781200 21.91
1174.00 2.781200 21.91
1175.00 2.781199 21.91
1176.00 2.781199 21.91
1177.00 2.781198 21.91
1178.00 2.781197 21.91
1179.00 2.781197 21.91
1180.00 2.781196 21.91
1181.00 2.781196 21.91
1182.00 2.781195 21.91
1183.00 2.781195 21.91
1184.00 2.781194 21.91
1185.00 2.781193 21.91
1186.00 2.781193 21.91
1187.00 2.781192 21.91
1188.00 2.781192 21.91
1189.00 2.781191 21.91
1190.00 2.781191 21.91
1191.00 2.781190 21.91
1192.00 2.781190 21.91
1193.00 2.781189 21.91
1194.00 2.781189 21.91
1195.00 2.781188 21.91
1196.00 2.781188 21.91
1197.00 2.781187 21.91
1198.00 2.781187 21.91
1199.00 2.781186 21.91
1200.00 2.781186 21.91
1201.00 2.781185 21.91
1202.00 2.781185 21.91
1203.00 2.781184 21.91
1204.00 2.781184 21.91
1205.00 2.781183 21.91
1206.00 2.781183 21.91
1207.00 2.781183 21.91
1208.00 2.781182 21.91
1209.00 2.781182 21.91
1210.00 2.781181 21.91
1211.00 2.781181 21.91
1212.00 2.781180 21.91
1213.00 2.781180 21.91
1214.00 2.781179 21.91
1215.00 2.781179 21.91
1216.00 2.781179 21.91
1217.00 2.781178 21.91
1218.00 2.781178 21.91
1219.00 2.781177 21.91
1220.00 2.781177 21.91
1221.00 2.781177 21.91
1222.00 2.781176 21.91
1223.00 2.781176 21.91
1224.00 2.781175 21.91
1225.00 2.781175 21.91
1226.00 2.781175 21.91
1227.00 2.781174 21.91
1228.00 2.781174 21.91
1229.00 2.781174 21.91
1230.00 2.781173 21.91
1231.00 2.781173 21.91
1232.00 2.781172 21.91
1233.00 2.781172 21.91
1234.00 2.781172 21.91
1235.00 2.781171 21.91
1236.00 2.781171 21.91
1237.00 2.781171 21.91
1238.00 2.781170 21.91
1239.00 2.781170 21.91
1240.00 2.781170 21.91
1241.00 2.781169 21.91
1242.00 2.781169 21.91
1243.00 2.781169 21.91
1244.00 2.781168 21.91
1245.00 2.781168 21.91
1246.00 2.781168 21.91
1247.00 2.781167 21.91
1248.00 2.781167 21.91
1249.00 2.781167 21.91
1250.00 2.781167 21.91
1251.00 2.781166 21.91
1252.00 2.781166 21.91
1253.00 2.781166 21.91
1254.00 2.781165 21.91
1255.00 2.781165 21.91
1256.00 2.781165 21.91
1257.00 2.781164 21.91
1258.00 2.781164 21.91
1259.00 2.781164 21.91
1260.00 2.781164 21.91
1261.00 2.781163 21.91
1262.00 2.781163 21.91
1263.00 2.781163 21.91
1264.00 2.781163 21.91
1265.00 2.781162 21.91
1266.00 2.781162 21.91
1267.00 2.781162 21.91
1268.00 2.781161 21.91
1269.00 2.781161 21.91
1270.00 2.781161 21.91
1271.00 2.781161 21.91
1272.00 2.781160 21.91
1273.00 2.781160 21.91
1274.00 2.781160 21.91
1275.00 2.781160 21.91
1276.00 2.781159 21.91
1277.00 2.781159 21.91
1278.00 2.781159 21.91
1279.00 2.781159 21.91
1280.00 2.781159 21.91
1281.00 2.781158 21.91
1282.00 2.781158 21.91
1283.00 2.781158 21.91
1284.00 2.781158 21.91
1285.00 2.781157 21.91
1286.00 2.781157 21.91
1287.00 2.781157 21.91
1288.00 2.781157 21.91
1289.00 2.781157 21.91
1290.00 2.781156 21.91
1291.00 2.781156 21.91
1292.00 2.781156 21.91
1293.00 2.781156 21.91
1294.00 2.781155 21.91
1295.00 2.781155 21.91
1296.00 2.781155 21.91
1297.00 2.781155 21.91
1298.00 2.781155 21.91
1299.00 2.781154 21.91
1300.00 2.781154 21.91
1301.00 2.781154 21.91
1302.00 2.781154 21.91
1303.00 2.781154 21.91
1304.00 2.781154 21.91
1305.00 2.781153 21.91
1306.00 2.781153 21.91
1307.00 2.781153 21.91
1308.00 2.781153 21.91
1309.00 2.781153 21.91
1310.00 2.781152 21.91
1311.00 2.781152 21.91
1312.00 2.781152 21.91
1313.00 2.781152 21.91
1314.00 2.781152 21.91
1315.00 2.781152 21.91
1316.00 2.781151 21.91
1317.00 2.781151 21.91
1318.00 2.781151 21.91
1319.00 2.781151 21.91
1320.00 2.781151 21.91
1321.00 2.781151 21.91
1322.00 2.781150 21.91
1323.00 2.781150 21.91
1324.00 2.781150 21.91
1325.00 2.781150 21.91
1326.00 2.781150 21.91
1327.00 2.781150 21.91
1328.00 2.781150 21.91
1329.00 2.781149 21.91
1330.00 2.781149 21.91
1331.00 2.781149 21.91
1332.00 2.781149 21.91
1333.00 2.781149 21.91
1334.00 2.781149 21.91
1335.00 2.781148 21.91
1336.00 2.781148 21.91
1337.00 2.781148 21.91
1338.00 2.781148 21.91
1339.00 2.781148 21.91
1340.00 2.781148 21.91
1341.00 2.781148 21.91
1342.00 2.781148 21.91
1343.00 2.781147 21.91
1344.00 2.781147 21.91
1345.00 2.781147 21.91
1346.00 2.781147 21.91
1347.00 2.781147 21.91
1348.00 2.781147 21.91
1349.00 2.781147 21.91
1350.00 2.781147 21.91
1351.00 2.781146 21.91
1352.00 2.781146 21.91
1353.00 2.781146 21.91
1354.00 2.781146 21.91
1355.00 2.781146 21.91
1356.00 2.781146 21.91
1357.00 2.781146 21.91
1358.00 2.781146 21.91
1359.00 2.781145 21.91
1360.00 2.781145 21.91
1361.00 2.781145 21.91
1362.00 2.781145 21.91
1363.00 2.781145 21.91
1364.00 2.781145 21.91
1365.00 2.781145 21.91
1366.00 2.781145 21.91
1367.00 2.781145 21.91
1368.00 2.781144 21.91
1369.00 2.781144 21.91
1370.00 2.781144 21.91
1371.00 2.781144 21.91
1372.00 2.781144 21.91
1373.00 2.781144 21.91
1374.00 2.781144 21.91
1375.00 2.781144 21.91
1376.00 2.781144 21.91
1377.00 2.781144 21.91
1378.00 2.781143 21.91
1379.00 2.781143 21.91
1380.00 2.781143 21.91
1381.00 2.781143 21.91
1382.00 2.781143 21.91
1383.00 2.781143 21.91
1384.00 2.781143 21.91
1385.00 2.781143 21.91
1386.00 2.781143 21.91
1387.00 2.781143 21.91
1388.00 2.781143 21.91
1389.00 2.781142 21.91
1390.00 2.781142 21.91
1391.00 2.781142 21.91
1392.00 2.781142 21.91
1393.00 2.781142 21.91
1394.00 2.781142 21.91
1395.00 2.781142 21.91
1396.00 2.781142 21.91
1397.00 2.781142 21.91
1398.00 2.781142 21.91
1399.00 2.781142 21.91
1400.00 2.781142 21.91
1401.00 2.781141 21.91
1402.00 2.781141 21.91
1403.00 2.781141 21.91
1404.00 2.781141 21.91
1405.00 2.781141 21.91
1406.00 2.781141 21.91
1407.00 2.781141 21.91
1408.00 2.781141 21.91
1409.00 2.781141 21.91
1410.00 2.781141 21.91
1411.00 2.781141 21.91
1412.00 2.781141 21.91
1413.00 2.781141 21.91
1414.00 2.781141 21.91
1415.00 2.781140 21.91
1416.00 2.781140 21.91
1417.00 2.781140 21.91
1418.00 2.781140 21.91
1419.00 2.781140 21.91
1420.00 2.781140 21.91
1421.00 2.781140 21.91
1422.00 2.781140 21.91
1423.00 2.781140 21.91
1424.00 2.781140 21.91
1425.00 2.781140 21.91
1426.00 2.781140 21.91
1427.00 2.781140 21.91
1428.00 2.781140 21.91
1429.00 2.781140 21.91
1430.00 2.781139 21.91
1431.00 2.781139 21.91
1432.00 2.781139 21.91
1433.00 2.781139 21.91
1434.00 2.781139 21.91
1435.00 2.781139 21.91
1436.00 2.781139 21.91
1437.00 2.781139 21.91
1438.00 2.781139 21.91
1439.00 2.781139 21.91
1440.00 2.781139 21.91
1441.00 2.781139 21.91
1442.00 2.781139 21.91
1443.00 2.781139 21.91
1444.00 2.781139 21.91
1445.00 2.781139 21.91
1446.00 2.781139 21.91
1447.00 2.781139 21.91
1448.00 2.781138 21.91
1449.00 2.781138 21.91
1450.00 2.781138 21.91
1451.00 2.781138 21.91
1452.00 2.781138 21.91
1453.00 2.781138 21.91
1454.00 2.781138 21.91
1455.00 2.781138 21.91
1456.00 2.781138 21.91
1457.00 2.781138 21.91
1458.00 2.781138 21.91
1459.00 2.781138 21.91
1460.00 2.781138 21.91
1461.00 2.781138 21.91
1462.00 2.781138 21.91
1463.00 2.781138 21.91
1464.00 2.781138 21.91
1465.00 2.781138 21.91
1466.00 2.781138 21.91
1467.00 2.781138 21.91
1468.00 2.781138 21.91
1469.00 2.781137 21.91
1470.00 2.781137 21.91
1471.00 2.781137 21.91
1472.00 2.781137 21.91
1473.00 2.781137 21.91
1474.00 2.781137 21.91
1475.00 2.781137 21.91
1476.00 2.781137 21.91
1477.00 2.781137 21.91
1478.00 2.781137 21.91
1479.00 2.781137 21.91
1480.00 2.781137 21.91
1481.00 2.781137 21.91
1482.00 2.781137 21.91
1483.00 2.781137 21.91
1484.00 2.781137 21.91
1485.00 2.781137 21.91
1486.00 2.781137 21.91
1487.00 2.781137 21.91
1488.00 2.781137 21.91
1489.00 2.781137 21.91
1490.00 2.781137 21.91
1491.00 2.781137 21.91
1492.00 2.781137 21.91
1493.00 2.781137 21.91
1494.00 2.781137 21.91
1495.00 2.781137 21.91
1496.00 2.781136 21.91
1497.00 2.781136 21.91
1498.00 2.781136 21.91
1499.00 2.781136 21.91
1500.00 2.781136 21.91
1501.00 2.781136 21.91
1502.00 2.781136 21.91
1503.00 2.781136 21.91
1504.00 2.781136 21.91
1505.00 2.781136 21.91
1506.00 2.781136 21.91
1507.00 2.781136 21.91
1508.00 2.781136 21.91
1509.00 2.781136 21.91
1510.00 2.781136 21.91
1511.00 2.781136 21.91
1512.00 2.781136 21.91
1513.00 2.781136 21.91
1514.00 2.781136 21.91
1515.00 2.781136 21.91
1516.00 2.781136 21.91
1517.00 2.781136 21.91
1518.00 2.781136 21.91
1519.00 2.781136 21.91
1520.00 2.781136 21.91
1521.00 2.781136 21.91
1522.00 2.781136 21.91
1523.00 2.781136 21.91
1524.00 2.781136 21.91
1525.00 2.781136 21.91
1526.00 2.781136 21.91
1527.00 2.781136 21.91
1528.00 2.781136 21.91
1529.00 2.781136 21.91
1530.00 2.781136 21.91
1531.00 2.781135 21.91
1532.00 2.781135 21.91
1533.00 2.781135 21.91
1534.00 2.781135 21.91
1535.00 2.781135 21.91
1536.00 2.781135 21.91
1537.00 2.781135 21.91
1538.00 2.781135 21.91
1539.00 2.781135 21.91
1540.00 2.781135 21.91
1541.00 2.781135 21.91
1542.00 2.781135 21.91
1543.00 2.781135 21.91
1544.00 2.781135 21.91
1545.00 2.781135 21.91
1546.00 2.781135 21.91
1547.00 2.781135 21.91
1548.00 2.781135 21.91
1549.00 2.781135 21.91
1550.00 2.781135 21.91
1551.00 2.781135 21.91
1552.00 2.781135 21.91
1553.00 2.781135 21.91
1554.00 2.781135 21.91
1555.00 2.781135 21.91
1556.00 2.781135 21.91
1557.00 2.781135 21.91
1558.00 2.781135 21.91
1559.00 2.781135 21.91
1560.00 2.781135 21.91
1561.00 2.781135 21.91
1562.00 2.781135 21.91
1563.00 2.781135 21.91
1564.00 2.781135 21.91
1565.00 2.781135 21.91
1566.00 2.781135 21.91
1567.00 2.781135 21.91
1568.00 2.781135 21.91
1569.00 2.781135 21.91
1570.00 2.781135 21.91
1571.00 2.781135 21.91
1572.00 2.781135 21.91
1573.00 2.781135 21.91
1574.00 2.781135 21.91
1575.00 2.781135 21.91
1576.00 2.781135 21.91
1577.00 2.781135 21.91
1578.00 2.781135 21.91
1579.00 2.781135 21.91
1580.00 2.781135 21.91
1581.00 2.781135 21.91
1582.00 2.781135 21.91
1583.00 2.781134 21.91
1584.00 2.781134 21.91
1585.00 2.781134 21.91
1586.00 2.781134 21.91
1587.00 2.781134 21.91
1588.00 2.781134 21.91
1589.00 2.781134 21.91
1590.00 2.781134 21.91
1591.00 2.781134 21.91
1592.00 2.781134 21.91
1593.00 2.781134 21.91
1594.00 2.781134 21.91
1595.00 2.781134 21.91
1596.00 2.781134 21.91
1597.00 2.781134 21.91
1598.00 2.781134 21.91
1599.00 2.781134 21.91
1600.00 2.781134 21.91
1601.00 2.781134 21.91
1602.00 2.781134 21.91
1603.00 2.781134 21.91
1604.00 2.781134 21.91
1605.00 2.781134 21.91
1606.00 2.781134 21.91
1607.00 2.781134 21.91
1608.00 2.781134 21.91
1609.00 2.781134 21.91
1610.00 2.781134 21.91
1611.00 2.781134 21.91
1612.00 2.781134 21.91
1613.00 2.781134 21.91
1614.00 2.781134 21.91
1615.00 2.781134 21.91
1616.00 2.781134 21.91
1617.00 2.781134 21.91
1618.00 2.781134 21.91
1619.00 2.781134 21.91
1620.00 2.781134 21.91
1621.00 2.781134 21.91
1622.00 2.781134 21.91
1623.00 2.781134 21.91
1624.00 2.781134 21.91
1625.00 2.781134 21.91
1626.00 2.781134 21.91
1627.00 2.781134 21.91
1628.00 2.781134 21.91
1629.00 2.781134 21.91
1630.00 2.781134 21.91
1631.00 2.781134 21.91
1632.00 2.781134 21.91
1633.00 2.781134 21.91
1634.00 2.781134 21.91
1635.00 2.781134 21.91
1636.00 2.781134 21.91
1637.00 2.781134 21.91
1638.00 2.781134 21.91
1639.00 2.781134 21.91
1640.00 2.781134 21.91
1641.00 2.781134 21.91
1642.00 2.781134 21.91
1643.00 2.781134 21.91
1644.00 2.781134 21.91
1645.00 2.781134 21.91
1646.00 2.781134 21.91
1647.00 2.781134 21.91
1648.00 2.781134 21.91
1649.00 2.781134 21.91
1650.00 2.781134 21.91
1651.00 2.781134 21.91
1652.00 2.781134 21.91
1653.00 2.781134 21.91
1654.00 2.781134 21.91
1655.00 2.781134 21.91
1656.00 2.781134 21.91
1657.00 2.781134 21.91
1658.00 2.781134 21.91
1659.00 2.781134 21.91
1660.00 2.781134 21.91
1661.00 2.781134 21.91
1662.00 2.781134 21.91
1663.00 2.781134 21.91
1664.00 2.781134 21.91
1665.00 2.781134 21.91
1666.00 2.781134 21.91
1667.00 2.781134 21.91
1668.00 2.781134 21.91
1669.00 2.781134 21.91
1670.00 2.781134 21.91
1671.00 2.781134 21.91
1672.00 2.781134 21.91
1673.00 2.781134 21.91
1674.00 2.781134 21.91
1675.00 2.781134 21.91
1676.00 2.781134 21.91
1677.00 2.781134 21.91
1678.00 2.781134 21.91
1679.00 2.781134 21.91
1680.00 2.781134 21.91
1681.00 2.781134 21.91
1682.00 2.781133 21.91
1683.00 2.781133 21.91
1684.00 2.781133 21.91
1685.00 2.781133 21.91
1686.00 2.781133 21.91
1687.00 2.781133 21.91
1688.00 2.781133 21.91
1689.00 2.781133 21.91
1690.00 2.781133 21.91
1691.00 2.781133 21.91
1692.00 2.781133 21.91
1693.00 2.781133 21.91
1694.00 2.781133 21.91
1695.00 2.781133 21.91
1696.00 2.781133 21.91
1697.00 2.781133 21.91
1698.00 2.781133 21.91
1699.00 2.781133 21.91
1700.00 2.781133 21.91
1701.00 2.781133 21.91
1702.00 2.781133 21.91
1703.00 2.781133 21.91
1704.00 2.781133 21.91
1705.00 2.781133 21.91
1706.00 2.781133 21.91
1707.00 2.781133 21.91
1708.00 2.781133 21.91
1709.00 2.781133 21.91
1710.00 2.781133 21.91
1711.00 2.781133 21.91
1712.00 2.781133 21.91
1713.00 2.781133 21.91
1714.00 2.781133 21.91
1715.00 2.781133 21.91
1716.00 2.781133 21.91
1717.00 2.781133 21.91
1718.00 2.781133 21.91
1719.00 2.781133 21.91
1720.00 2.781133 21.91
1721.00 2.781133 21.91
1722.00 2.781133 21.91
1723.00 2.781133 21.91
1724.00 2.781133 21.91
1725.00 2.781133 21.91
1726.00 2.781133 21.91
1727.00 2.781133 21.91
1728.00 2.781133 21.91
1729.00 2.781133 21.91
1730.00 2.781133 21.91
1731.00 2.781133 21.91
1732.00 2.781133 21.91
1733.00 2.781133 21.91
1734.00 2.781133 21.91
1735.00 2.781133 21.91
1736.00 2.781133 21.91
1737.00 2.781133 21.91
1738.00 2.781133 21.91
1739.00 2.781133 21.91
1740.00 2.781133 21.91
1741.00 2.781133 21.91
1742.00 2.781133 21.91
1743.00 2.781133 21.91
1744.00 2.781133 21.91
1745.00 2.781133 21.91
1746.00 2.781133 21.91
1747.00 2.781133 21.91
1748.00 2.781133 21.91
1749.00 2.781133 21.91
1750.00 2.781133 21.91
1751.00 2.781133 21.91
1752.00 2.781133 21.91
1753.00 2.781133 21.91
1754.00 2.781133 21.91
1755.00 2.781133 21.91
1756.00 2.781133 21.91
1757.00 2.781133 21.91
1758.00 2.781133 21.91
1759.00 2.781133 21.91
1760.00 2.781133 21.91
1761.00 2.781133 21.91
1762.00 2.781133 21.91
1763.00 2.781133 21.91
1764.00 2.781133 21.91
1765.00 2.781133 21.91
1766.00 2.781133 21.91
1767.00 2.781133 21.91
1768.00 2.781133 21.91
1769.00 2.781133 21.91
1770.00 2.781133 21.91
1771.00 2.781133 21.91
1772.00 2.781133 21.91
1773.00 2.781133 21.91
1774.00 2.781133 21.91
1775.00 2.781133 21.91
1776.00 2.781133 21.91
1777.00 2.781133 21.91
1778.00 2.781133 21.91
1779.00 2.781133 21.91
1780.00 2.781133 21.91
1781.00 2.781133 21.91
1782.00 2.781133 21.91
1783.00 2.781133 21.91
1784.00 2.781133 21.91
1785.00 2.781133 21.91
1786.00 2.781133 21.91
1787.00 2.781133 21.91
1788.00 2.781133 21.91
1789.00 2.781133 21.91
1790.00 2.781133 21.91
1791.00 2.781133 21.91
1792.00 2.781133 21.91
1793.00 2.781133 21.91
1794.00 2.781133 21.91
1795.00 2.781133 21.91
1796.00 2.781133 21.91
1797.00 2.781133 21.91
1798.00 2.781133 21.91
1799.00 2.781133 21.91
1800.00 2.781133 21.91
1801.00 2.781133 21.91
1802.00 2.781133 21.91
1803.00 2.781133 21.91
1804.00 2.781133 21.91
1805.00 2.781133 21.91
1806.00 2.781133 21.91
1807.00 2.781133 21.91
1808.00 2.781133 21.91
1809.00 2.781133 21.91
1810.00 2.781133 21.91
1811.00 2.781133 21.91
1812.00 2.781133 21.91
1813.00 2.781133 21.91
1814.00 2.781133 21.91
1815.00 2.781133 21.91
1816.00 2.781133 21.91
1817.00 2.781133 21.91
1818.00 2.781133 21.91
1819.00 2.781133 21.91
1820.00 2.781133 21.91
1821.00 2.781133 21.91
1822.00 2.781133 21.91
1823.00 2.781133 21.91
1824.00 2.781133 21.91
1825.00 2.781133 21.91
1826.00 2.781133 21.91
1827.00 2.781133 21.91
1828.00 2.781133 21.91
1829.00 2.781133 21.91
1830.00 2.781133 21.91
1831.00 2.781133 21.91
1832.00 2.781133 21.91
1833.00 2.781133 21.91
1834.00 2.781133 21.91
1835.00 2.781133 21.91
1836.00 2.781133 21.91
1837.00 2.781133 21.91
1838.00 2.781133 21.91
1839.00 2.781133 21.91
1840.00 2.781133 21.91
1841.00 2.781133 21.91
1842.00 2.781133 21.91
1843.00 2.781133 21.91
1844.00 2.781133 21.91
1845.00 2.781133 21.91
1846.00 2.781133 21.91
1847.00 2.781133 21.91
1848.00 2.781133 21.91
1849.00 2.781133 21.91
1850.00 2.781133 21.91
1851.00 2.781133 21.91
1852.00 2.781133 21.91
1853.00 2.781133 21.91
1854.00 2.781133 21.91
1855.00 2.781133 21.91
1856.00 2.781133 21.91
1857.00 2.781133 21.91
1858.00 2.781133 21.91
1859.00 2.781133 21.91
1860.00 2.781133 21.91
1861.00 2.781133 21.91
1862.00 2.781133 21.91
1863.00 2.781133 21.91
1864.00 2.781133 21.91
1865.00 2.781133 21.91
1866.00 2.781133 21.91
1867.00 2.781133 21.91
1868.00 2.781133 21.91
1869.00 2.781133 21.91
1870.00 2.781133 21.91
1871.00 2.781133 21.91
1872.00 2.781133 21.91
1873.00 2.781133 21.91
1874.00 2.781133 21.91
1875.00 2.781133 21.91
1876.00 2.781133 21.91
1877.00 2.781133 21.91
1878.00 2.781133 21.91
1879.00 2.781133 21.91
1880.00 2.781133 21.91
1881.00 2.781133 21.91
1882.00 2.781133 21.91
1883.00 2.781133 21.91
1884.00 2.781133 21.91
1885.00 2.781133 21.91
1886.00 2.781133 21.91
1887.00 2.781133 21.91
1888.00 2.781133 21.91
1889.00 2.781133 21.91
1890.00 2.781133 21.91
1891.00 2.781133 21.91
1892.00 2.781133 21.91
1893.00 2.781133 21.91
1894.00 2.781133 21.91
1895.00 2.781133 21.91
1896.00 2.781133 21.91
1897.00 2.781133 21.91
1898.00 2.781133 21.91
1899.00 2.781133 21.91
1900.00 2.781133 21.91
1901.00 2.781133 21.91
1902.00 2.781133 21.91
1903.00 2.781133 21.91
1904.00 2.781133 21.91
1905.00 2.781133 21.91
1906.00 2.781133 21.91
1907.00 2.781133 21.91
1908.00 2.781133 21.91
1909.00 2.781133 21.91
1910.00 2.781133 21.91
1911.00 2.781133 21.91
1912.00 2.781133 21.91
1913.00 2.781133 21.91
1914.00 2.781133 21.91
1915.00 2.781133 21.91
1916.00 2.781133 21.91
1917.00 2.781133 21.91
1918.00 2.781133 21.91
1919.00 2.781133 21.91
1920.00 2.781133 21.91
1921.00 2.781133 21.91
1922.00 2.781133 21.91
1923.00 2.781133 21.91
1924.00 2.781133 21.91
1925.00 2.781133 21.91
1926.00 2.781133 21.91
1927.00 2.781133 21.91
1928.00 2.781133 21.91
1929.00 2.781133 21.91
1930.00 2.781133 21.91
1931.00 2.781133 21.91
1932.00 2.781133 21.91
1933.00 2.781133 21.91
1934.00 2.781133 21.91
1935.00 2.781133 21.91
1936.00 2.781133 21.91
1937.00 2.781133 21.91
1938.00 2.781133 21.91
1939.00 2.781133 21.91
1940.00 2.781133 21.91
1941.00 2.781133 21.91
1942.00 2.781133 21.91
1943.00 2.781133 21.91
1944.00 2.781133 21.91
1945.00 2.781133 21.91
1946.00 2.781133 21.91
1947.00 2.781133 21.91
1948.00 2.781133 21.91
1949.00 2.781133 21.91
1950.00 2.781133 21.91
1951.00 2.781133 21.91
1952.00 2.781133 21.91
1953.00 2.781133 21.91
1954.00 2.781133 21.91
1955.00 2.781133 21.91
1956.00 2.781133 21.91
1957.00 2.781133 21.91
1958.00 2.781133 21.91
1959.00 2.781133 21.91
1960.00 2.781133 21.91
1961.00 2.781133 21.91
1962.00 2.781133 21.91
1963.00 2.781133 21.91
1964.00 2.781133 21.91
1965.00 2.781133 21.91
1966.00 2.781133 21.91
1967.00 2.781133 21.91
1968.00 2.781133 21.91
1969.00 2.781133 21.91
1970.00 2.781133 21.91
1971.00 2.781133 21.91
1972.00 2.781133 21.91
1973.00 2.781133 21.91
1974.00 2.781133 21.91
1975.00 2.781133 21.91
1976.00 2.781133 21.91
1977.00 2.781133 21.91
1978.00 2.781133 21.91
1979.00 2.781133 21.91
1980.00 2.781133 21.91
1981.00 2.781133 21.91
1982.00 2.781133 21.91
1983.00 2.781133 21.91
1984.00 2.781133 21.91
1985.00 2.781133 21.91
1986.00 2.781133 21.91
1987.00 2.781133 21.91
1988.00 2.781133 21.91
1989.00 2.781133 21.91
1990.00 2.781133 21.91
1991.00 2.781133 21.91
1992.00 2.781133 21.91
1993.00 2.781133 21.91
1994.00 2.781133 21.91
1995.00 2.781133 21.91
1996.00 2.781133 21.91
1997.00 2.781133 21.91
1998.00 2.781133 21.91
1999.00 2.781133 21.91
2000.00 2.781133 21.91
