0.00 0.198718 2.70
1.00 0.197930 2.70
2.00 0.197140 2.70
3.00 0.196347 2.70
4.00 0.195552 2.70
5.00 0.194754 2.70
6.00 0.193955 2.70
7.00 0.193153 2.70
8.00 0.192348 2.70
9.00 0.191541 2.70
10.00 0.190739 2.69
11.00 0.189944 2.68
12.00 0.189148 2.68
13.00 0.188350 2.68
14.00 0.187549 2.68
15.00 0.186752 2.67
16.00 0.185955 2.67
17.00 0.185156 2.67
18.00 0.184368 2.66
19.00 0.183578 2.66
20.00 0.182786 2.66
21.00 0.181998 2.65
22.00 0.181208 2.65
23.00 0.180414 2.65
24.00 0.179617 2.65
25.00 0.178826 2.64
26.00 0.178037 2.64
27.00 0.177244 2.64
28.00 0.176457 2.62
29.00 0.175690 2.62
30.00 0.174921 2.62
31.00 0.174169 2.61
32.00 0.173445 2.60
33.00 0.172749 2.58
34.00 0.172064 2.58
35.00 0.171376 2.58
36.00 0.170685 2.58
37.00 0.169991 2.58
38.00 0.169293 2.58
39.00 0.168591 2.58
40.00 0.167890 2.57
41.00 0.167227 2.55
42.00 0.166602 2.54
43.00 0.165975 2.54
44.00 0.165349 2.53
45.00 0.164742 2.52
46.00 0.164159 2.51
47.00 0.163606 2.48
48.00 0.163076 2.48
49.00 0.162563 2.47
50.00 0.162049 2.47
51.00 0.161535 2.46
52.00 0.161024 2.45
53.00 0.160519 2.45
54.00 0.160012 2.45
55.00 0.159502 2.45
56.00 0.159001 2.43
57.00 0.158530 2.43
58.00 0.158065 2.42
59.00 0.157603 2.41
60.00 0.157145 2.41
61.00 0.156684 2.41
62.00 0.156222 2.41
63.00 0.155757 2.41
64.00 0.155306 2.39
65.00 0.154865 2.39
66.00 0.154423 2.39
67.00 0.154007 2.37
68.00 0.153610 2.36
69.00 0.153222 2.36
70.00 0.152833 2.36
71.00 0.152443 2.36
72.00 0.152067 2.35
73.00 0.151694 2.34
74.00 0.151328 2.33
75.00 0.150964 2.33
76.00 0.150599 2.33
77.00 0.150233 2.33
78.00 0.149865 2.33
79.00 0.149495 2.33
80.00 0.149123 2.33
81.00 0.148752 2.32
82.00 0.148381 2.32
83.00 0.148020 2.31
84.00 0.147670 2.31
85.00 0.147320 2.31
86.00 0.146967 2.31
87.00 0.146627 2.29
88.00 0.146294 2.29
89.00 0.145974 2.27
90.00 0.145676 2.27
91.00 0.145377 2.27
92.00 0.145077 2.27
93.00 0.144776 2.27
94.00 0.144496 2.25
95.00 0.144249 2.24
96.00 0.144008 2.23
97.00 0.143793 2.22
98.00 0.143592 2.22
99.00 0.143391 2.22
100.00 0.143212 2.20
101.00 0.143042 2.20
102.00 0.142873 2.20
103.00 0.142704 2.20
104.00 0.142536 2.20
105.00 0.142368 2.20
106.00 0.142201 2.20
107.00 0.142033 2.20
108.00 0.141865 2.20
109.00 0.141698 2.20
110.00 0.141530 2.20
111.00 0.141362 2.20
112.00 0.141210 2.17
113.00 0.141075 2.17
114.00 0.140940 2.17
115.00 0.140806 2.17
116.00 0.140673 2.17
117.00 0.140540 2.17
118.00 0.140407 2.17
119.00 0.140275 2.17
120.00 0.140143 2.17
121.00 0.140011 2.17
122.00 0.139878 2.17
123.00 0.139746 2.17
124.00 0.139616 2.16
125.00 0.139488 2.15
126.00 0.139368 2.14
127.00 0.139253 2.14
128.00 0.139139 2.14
129.00 0.139025 2.14
130.00 0.138911 2.14
131.00 0.138798 2.13
132.00 0.138690 2.13
133.00 0.138583 2.13
134.00 0.138475 2.13
135.00 0.138368 2.13
136.00 0.138261 2.13
137.00 0.138154 2.13
138.00 0.138047 2.13
139.00 0.137940 2.13
140.00 0.137833 2.13
141.00 0.137733 2.12
142.00 0.137636 2.12
143.00 0.137539 2.12
144.00 0.137443 2.12
145.00 0.137346 2.12
146.00 0.137250 2.12
147.00 0.137154 2.12
148.00 0.137065 2.11
149.00 0.136979 2.11
150.00 0.136893 2.11
151.00 0.136807 2.11
152.00 0.136722 2.11
153.00 0.136637 2.11
154.00 0.136552 2.10
155.00 0.136472 2.10
156.00 0.136393 2.10
157.00 0.136314 2.10
158.00 0.136235 2.10
159.00 0.136157 2.10
160.00 0.136078 2.10
161.00 0.136000 2.10
162.00 0.135923 2.10
163.00 0.135845 2.10
164.00 0.135767 2.10
165.00 0.135690 2.10
166.00 0.135612 2.10
167.00 0.135535 2.10
168.00 0.135464 2.09
169.00 0.135395 2.09
170.00 0.135326 2.09
171.00 0.135258 2.09
172.00 0.135197 2.08
173.00 0.135139 2.08
174.00 0.135081 2.08
175.00 0.135023 2.08
176.00 0.134966 2.08
177.00 0.134910 2.08
178.00 0.134854 2.08
179.00 0.134798 2.08
180.00 0.134745 2.06
181.00 0.134696 2.06
182.00 0.134648 2.06
183.00 0.134600 2.06
184.00 0.134552 2.06
185.00 0.134505 2.06
186.00 0.134458 2.06
187.00 0.134411 2.06
188.00 0.134365 2.06
189.00 0.134319 2.06
190.00 0.134274 2.06
191.00 0.134229 2.06
192.00 0.134184 2.06
193.00 0.134139 2.06
194.00 0.134099 2.05
195.00 0.134062 2.05
196.00 0.134025 2.05
197.00 0.133989 2.05
198.00 0.133953 2.05
199.00 0.133918 2.05
200.00 0.133883 2.04
201.00 0.133852 2.04
202.00 0.133821 2.04
203.00 0.133791 2.04
204.00 0.133765 2.03
205.00 0.133740 2.03
206.00 0.133717 2.03
207.00 0.133694 2.03
208.00 0.133671 2.03
209.00 0.133649 2.03
210.00 0.133627 2.03
211.00 0.133606 2.03
212.00 0.133585 2.03
213.00 0.133565 2.03
214.00 0.133545 2.03
215.00 0.133525 2.03
216.00 0.133506 2.03
217.00 0.133487 2.03
218.00 0.133468 2.03
219.00 0.133450 2.03
220.00 0.133432 2.03
221.00 0.133414 2.03
222.00 0.133396 2.03
223.00 0.133379 2.03
224.00 0.133362 2.03
225.00 0.133346 2.03
226.00 0.133329 2.03
227.00 0.133313 2.03
228.00 0.133297 2.03
229.00 0.133282 2.03
230.00 0.133266 2.03
231.00 0.133251 2.03
232.00 0.133237 2.02
233.00 0.133223 2.02
234.00 0.133209 2.02
235.00 0.133196 2.02
236.00 0.133183 2.02
237.00 0.133170 2.02
238.00 0.133157 2.02
239.00 0.133144 2.02
240.00 0.133132 2.02
241.00 0.133120 2.02
242.00 0.133108 2.02
243.00 0.133096 2.02
244.00 0.133084 2.02
245.00 0.133073 2.02
246.00 0.133062 2.02
247.00 0.133051 2.02
248.00 0.133040 2.02
249.00 0.133029 2.02
250.00 0.133018 2.02
251.00 0.133008 2.02
252.00 0.132998 2.02
253.00 0.132987 2.02
254.00 0.132978 2.02
255.00 0.132968 2.02
256.00 0.132958 2.02
257.00 0.132948 2.02
258.00 0.132939 2.02
259.00 0.132930 2.02
260.00 0.132921 2.02
261.00 0.132912 2.02
262.00 0.132903 2.02
263.00 0.132894 2.02
264.00 0.132885 2.02
265.00 0.132877 2.02
266.00 0.132868 2.02
267.00 0.132860 2.02
268.00 0.132852 2.02
269.00 0.132844 2.02
270.00 0.132836 2.02
271.00 0.132828 2.02
272.00 0.132820 2.02
273.00 0.132812 2.02
274.00 0.132805 2.02
275.00 0.132797 2.02
276.00 0.132790 2.02
277.00 0.132782 2.02
278.00 0.132775 2.02
279.00 0.132768 2.02
280.00 0.132761 2.02
281.00 0.132754 2.02
282.00 0.132747 2.02
283.00 0.132740 2.02
284.00 0.132734 2.02
285.00 0.132727 2.02
286.00 0.132721 2.02
287.00 0.132714 2.02
288.00 0.132708 2.02
289.00 0.132702 2.02
290.00 0.132695 2.02
291.00 0.132689 2.02
292.00 0.132683 2.02
293.00 0.132677 2.02
294.00 0.132671 2.02
295.00 0.132665 2.02
296.00 0.132659 2.02
297.00 0.132654 2.02
298.00 0.132648 2.02
299.00 0.132642 2.02
300.00 0.132637 2.02
301.00 0.132631 2.02
302.00 0.132626 2.02
303.00 0.132621 2.02
304.00 0.132615 2.02
305.00 0.132610 2.02
306.00 0.132605 2.02
307.00 0.132600 2.01
308.00 0.132596 2.01
309.00 0.132591 2.01
310.00 0.132587 2.01
311.00 0.132583 2.01
312.00 0.132579 2.01
313.00 0.132575 2.01
314.00 0.132571 2.01
315.00 0.132567 2.01
316.00 0.132563 2.01
317.00 0.132559 2.01
318.00 0.132556 2.01
319.00 0.132552 2.01
320.00 0.132548 2.01
321.00 0.132545 2.01
322.00 0.132541 2.01
323.00 0.132538 2.01
324.00 0.132534 2.01
325.00 0.132531 2.01
326.00 0.132528 2.01
327.00 0.132524 2.01
328.00 0.132521 2.01
329.00 0.132518 2.01
330.00 0.132515 2.01
331.00 0.132512 2.01
332.00 0.132509 2.01
333.00 0.132506 2.01
334.00 0.132503 2.01
335.00 0.132500 2.01
336.00 0.132497 2.01
337.00 0.132494 2.01
338.00 0.132491 2.01
339.00 0.132488 2.01
340.00 0.132486 2.01
341.00 0.132483 2.01
342.00 0.132480 2.01
343.00 0.132478 2.01
344.00 0.132475 2.01
345.00 0.132472 2.01
346.00 0.132470 2.01
347.00 0.132467 2.01
348.00 0.132465 2.01
349.00 0.132462 2.01
350.00 0.132460 2.01
351.00 0.132458 2.01
352.00 0.132455 2.01
353.00 0.132453 2.01
354.00 0.132451 2.01
355.00 0.132448 2.01
356.00 0.132446 2.01
357.00 0.132444 2.01
358.00 0.132442 2.01
359.00 0.132440 2.01
360.00 0.132438 2.01
361.00 0.132435 2.01
362.00 0.132433 2.01
363.00 0.132431 2.01
364.00 0.132429 2.01
365.00 0.132427 2.01
366.00 0.132425 2.01
367.00 0.132423 2.01
368.00 0.132422 2.01
369.00 0.132420 2.01
370.00 0.132418 2.01
371.00 0.132416 2.01
372.00 0.132414 2.01
373.00 0.132412 2.01
374.00 0.132411 2.01
375.00 0.132409 2.01
376.00 0.132407 2.01
377.00 0.132405 2.01
378.00 0.132404 2.01
379.00 0.132402 2.01
380.00 0.132400 2.01
381.00 0.132399 2.01
382.00 0.132397 2.01
383.00 0.132395 2.01
384.00 0.132394 2.01
385.00 0.132392 2.01
386.00 0.132391 2.01
387.00 0.132389 2.01
388.00 0.132388 2.01
389.00 0.132386 2.01
390.00 0.132385 2.01
391.00 0.132383 2.01
392.00 0.132382 2.01
393.00 0.132380 2.01
394.00 0.132379 2.01
395.00 0.132378 2.01
396.00 0.132376 2.01
397.00 0.132375 2.01
398.00 0.132374 2.01
399.00 0.132372 2.01
400.00 0.132371 2.01
401.00 0.132370 2.01
402.00 0.132368 2.01
403.00 0.132367 2.01
404.00 0.132366 2.01
405.00 0.132365 2.01
406.00 0.132363 2.01
407.00 0.132362 2.01
408.00 0.132361 2.01
409.00 0.132360 2.01
410.00 0.132359 2.01
411.00 0.132357 2.01
412.00 0.132356 2.01
413.00 0.132355 2.01
414.00 0.132354 2.01
415.00 0.132353 2.01
416.00 0.132352 2.01
417.00 0.132351 2.01
418.00 0.132350 2.01
419.00 0.132349 2.01
420.00 0.132348 2.01
421.00 0.132347 2.01
422.00 0.132346 2.01
423.00 0.132345 2.01
424.00 0.132344 2.01
425.00 0.132343 2.01
426.00 0.132342 2.01
427.00 0.132341 2.01
428.00 0.132340 2.01
429.00 0.132339 2.01
430.00 0.132338 2.01
431.00 0.132337 2.01
432.00 0.132336 2.01
433.00 0.132335 2.01
434.00 0.132334 2.01
435.00 0.132333 2.01
436.00 0.132333 2.01
437.00 0.132332 2.01
438.00 0.132331 2.01
439.00 0.132330 2.01
440.00 0.132329 2.01
441.00 0.132328 2.01
442.00 0.132327 2.01
443.00 0.132327 2.01
444.00 0.132326 2.01
445.00 0.132325 2.01
446.00 0.132324 2.01
447.00 0.132324 2.01
448.00 0.132323 2.01
449.00 0.132322 2.01
450.00 0.132321 2.01
451.00 0.132321 2.01
452.00 0.132320 2.01
453.00 0.132319 2.01
454.00 0.132318 2.01
455.00 0.132318 2.01
456.00 0.132317 2.01
457.00 0.132316 2.01
458.00 0.132316 2.01
459.00 0.132315 2.01
460.00 0.132314 2.01
461.00 0.132314 2.01
462.00 0.132313 2.01
463.00 0.132312 2.01
464.00 0.132312 2.01
465.00 0.132311 2.01
466.00 0.132310 2.01
467.00 0.132310 2.01
468.00 0.132309 2.01
469.00 0.132309 2.01
470.00 0.132308 2.01
471.00 0.132307 2.01
472.00 0.132307 2.01
473.00 0.132306 2.01
474.00 0.132306 2.01
475.00 0.132305 2.01
476.00 0.132305 2.01
477.00 0.132304 2.01
478.00 0.132303 2.01
479.00 0.132303 2.01
480.00 0.132302 2.01
481.00 0.132302 2.01
482.00 0.132301 2.01
483.00 0.132301 2.01
484.00 0.132300 2.01
485.00 0.132300 2.01
486.00 0.132299 2.01
487.00 0.132299 2.01
488.00 0.132298 2.01
489.00 0.132298 2.01
490.00 0.132297 2.01
491.00 0.132297 2.01
492.00 0.132296 2.01
493.00 0.132296 2.01
494.00 0.132295 2.01
495.00 0.132295 2.01
496.00 0.132294 2.01
497.00 0.132294 2.01
498.00 0.132294 2.01
499.00 0.132293 2.01
500.00 0.132293 2.01
501.00 0.132292 2.01
502.00 0.132292 2.01
503.00 0.132291 2.01
504.00 0.132291 2.01
505.00 0.132291 2.01
506.00 0.132290 2.01
507.00 0.132290 2.01
508.00 0.132289 2.01
509.00 0.132289 2.01
510.00 0.132289 2.01
511.00 0.132288 2.01
512.00 0.132288 2.01
513.00 0.132287 2.01
514.00 0.132287 2.01
515.00 0.132287 2.01
516.00 0.132286 2.01
517.00 0.132286 2.01
518.00 0.132286 2.01
519.00 0.132285 2.01
520.00 0.132285 2.01
521.00 0.132285 2.01
522.00 0.132284 2.01
523.00 0.132284 2.01
524.00 0.132284 2.01
525.00 0.132283 2.01
526.00 0.132283 2.01
527.00 0.132283 2.01
528.00 0.132282 2.01
529.00 0.132282 2.01
530.00 0.132282 2.01
531.00 0.132281 2.01
532.00 0.132281 2.01
533.00 0.132281 2.01
534.00 0.132280 2.01
535.00 0.132280 2.01
536.00 0.132280 2.01
537.00 0.132280 2.01
538.00 0.132279 2.01
539.00 0.132279 2.01
540.00 0.132279 2.01
541.00 0.132278 2.01
542.00 0.132278 2.01
543.00 0.132278 2.01
544.00 0.132278 2.01
545.00 0.132277 2.01
546.00 0.132277 2.01
547.00 0.132277 2.01
548.00 0.132277 2.01
549.00 0.132276 2.01
550.00 0.132276 2.01
551.00 0.132276 2.01
552.00 0.132276 2.01
553.00 0.132275 2.01
554.00 0.132275 2.01
555.00 0.132275 2.01
556.00 0.132275 2.01
557.00 0.132274 2.01
558.00 0.132274 2.01
559.00 0.132274 2.01
560.00 0.132274 2.01
561.00 0.132273 2.01
562.00 0.132273 2.01
563.00 0.132273 2.01
564.00 0.132273 2.01
565.00 0.132273 2.01
566.00 0.132272 2.01
567.00 0.132272 2.01
568.00 0.132272 2.01
569.00 0.132272 2.01
570.00 0.132271 2.01
571.00 0.132271 2.01
572.00 0.132271 2.01
573.00 0.132271 2.01
574.00 0.132271 2.01
575.00 0.132270 2.01
576.00 0.132270 2.01
577.00 0.132270 2.01
578.00 0.132270 2.01
579.00 0.132270 2.01
580.00 0.132270 2.01
581.00 0.132269 2.01
582.00 0.132269 2.01
583.00 0.132269 2.01
584.00 0.132269 2.01
585.00 0.132269 2.01
586.00 0.132268 2.01
587.00 0.132268 2.01
588.00 0.132268 2.01
589.00 0.132268 2.01
590.00 0.132268 2.01
591.00 0.132268 2.01
592.00 0.132267 2.01
593.00 0.132267 2.01
594.00 0.132267 2.01
595.00 0.132267 2.01
596.00 0.132267 2.01
597.00 0.132267 2.01
598.00 0.132267 2.01
599.00 0.132266 2.01
600.00 0.132266 2.01
601.00 0.132266 2.01
602.00 0.132266 2.01
603.00 0.132266 2.01
604.00 0.132266 2.01
605.00 0.132265 2.01
606.00 0.132265 2.01
607.00 0.132265 2.01
608.00 0.132265 2.01
609.00 0.132265 2.01
610.00 0.132265 2.01
611.00 0.132265 2.01
612.00 0.132265 2.01
613.00 0.132264 2.01
614.00 0.132264 2.01
615.00 0.132264 2.01
616.00 0.132264 2.01
617.00 0.132264 2.01
618.00 0.132264 2.01
619.00 0.132264 2.01
620.00 0.132264 2.01
621.00 0.132263 2.01
622.00 0.132263 2.01
623.00 0.132263 2.01
624.00 0.132263 2.01
625.00 0.132263 2.01
626.00 0.132263 2.01
627.00 0.132263 2.01
628.00 0.132263 2.01
629.00 0.132263 2.01
630.00 0.132262 2.01
631.00 0.132262 2.01
632.00 0.132262 2.01
633.00 0.132262 2.01
634.00 0.132262 2.01
635.00 0.132262 2.01
636.00 0.132262 2.01
637.00 0.132262 2.01
638.00 0.132262 2.01
639.00 0.132261 2.01
640.00 0.132261 2.01
641.00 0.132261 2.01
642.00 0.132261 2.01
643.00 0.132261 2.01
644.00 0.132261 2.01
645.00 0.132261 2.01
646.00 0.132261 2.01
647.00 0.132261 2.01
648.00 0.132261 2.01
649.00 0.132261 2.01
650.00 0.132260 2.01
651.00 0.132260 2.01
652.00 0.132260 2.01
653.00 0.132260 2.01
654.00 0.132260 2.01
655.00 0.132260 2.01
656.00 0.132260 2.01
657.00 0.132260 2.01
658.00 0.132260 2.01
659.00 0.132260 2.01
660.00 0.132260 2.01
661.00 0.132260 2.01
662.00 0.132259 2.01
663.00 0.132259 2.01
664.00 0.132259 2.01
665.00 0.132259 2.01
666.00 0.132259 2.01
667.00 0.132259 2.01
668.00 0.132259 2.01
669.00 0.132259 2.01
670.00 0.132259 2.01
671.00 0.132259 2.01
672.00 0.132259 2.01
673.00 0.132259 2.01
674.00 0.132259 2.01
675.00 0.132259 2.01
676.00 0.132258 2.01
677.00 0.132258 2.01
678.00 0.132258 2.01
679.00 0.132258 2.01
680.00 0.132258 2.01
681.00 0.132258 2.01
682.00 0.132258 2.01
683.00 0.132258 2.01
684.00 0.132258 2.01
685.00 0.132258 2.01
686.00 0.132258 2.01
687.00 0.132258 2.01
688.00 0.132258 2.01
689.00 0.132258 2.01
690.00 0.132258 2.01
691.00 0.132258 2.01
692.00 0.132257 2.01
693.00 0.132257 2.01
694.00 0.132257 2.01
695.00 0.132257 2.01
696.00 0.132257 2.01
697.00 0.132257 2.01
698.00 0.132257 2.01
699.00 0.132257 2.01
700.00 0.132257 2.01
701.00 0.132257 2.01
702.00 0.132257 2.01
703.00 0.132257 2.01
704.00 0.132257 2.01
705.00 0.132257 2.01
706.00 0.132257 2.01
707.00 0.132257 2.01
708.00 0.132257 2.01
709.00 0.132257 2.01
710.00 0.132257 2.01
711.00 0.132257 2.01
712.00 0.132256 2.01
713.00 0.132256 2.01
714.00 0.132256 2.01
715.00 0.132256 2.01
716.00 0.132256 2.01
717.00 0.132256 2.01
718.00 0.132256 2.01
719.00 0.132256 2.01
720.00 0.132256 2.01
721.00 0.132256 2.01
722.00 0.132256 2.01
723.00 0.132256 2.01
724.00 0.132256 2.01
725.00 0.132256 2.01
726.00 0.132256 2.01
727.00 0.132256 2.01
728.00 0.132256 2.01
729.00 0.132256 2.01
730.00 0.132256 2.01
731.00 0.132256 2.01
732.00 0.132256 2.01
733.00 0.132256 2.01
734.00 0.132256 2.01
735.00 0.132256 2.01
736.00 0.132256 2.01
737.00 0.132256 2.01
738.00 0.132255 2.01
739.00 0.132255 2.01
740.00 0.132255 2.01
741.00 0.132255 2.01
742.00 0.132255 2.01
743.00 0.132255 2.01
744.00 0.132255 2.01
745.00 0.132255 2.01
746.00 0.132255 2.01
747.00 0.132255 2.01
748.00 0.132255 2.01
749.00 0.132255 2.01
750.00 0.132255 2.01
751.00 0.132255 2.01
752.00 0.132255 2.01
753.00 0.132255 2.01
754.00 0.132255 2.01
755.00 0.132255 2.01
756.00 0.132255 2.01
757.00 0.132255 2.01
758.00 0.132255 2.01
759.00 0.132255 2.01
760.00 0.132255 2.01
761.00 0.132255 2.01
762.00 0.132255 2.01
763.00 0.132255 2.01
764.00 0.132255 2.01
765.00 0.132255 2.01
766.00 0.132255 2.01
767.00 0.132255 2.01
768.00 0.132255 2.01
769.00 0.132255 2.01
770.00 0.132255 2.01
771.00 0.132255 2.01
772.00 0.132254 2.01
773.00 0.132254 2.01
774.00 0.132254 2.01
775.00 0.132254 2.01
776.00 0.132254 2.01
777.00 0.132254 2.01
778.00 0.132254 2.01
779.00 0.132254 2.01
780.00 0.132254 2.01
781.00 0.132254 2.01
782.00 0.132254 2.01
783.00 0.132254 2.01
784.00 0.132254 2.01
785.00 0.132254 2.01
786.00 0.132254 2.01
787.00 0.132254 2.01
788.00 0.132254 2.01
789.00 0.132254 2.01
790.00 0.132254 2.01
791.00 0.132254 2.01
792.00 0.132254 2.01
793.00 0.132254 2.01
794.00 0.132254 2.01
795.00 0.132254 2.01
796.00 0.132254 2.01
797.00 0.132254 2.01
798.00 0.132254 2.01
799.00 0.132254 2.01
800.00 0.132254 2.01
801.00 0.132254 2.01
802.00 0.132254 2.01
803.00 0.132254 2.01
804.00 0.132254 2.01
805.00 0.132254 2.01
806.00 0.132254 2.01
807.00 0.132254 2.01
808.00 0.132254 2.01
809.00 0.132254 2.01
810.00 0.132254 2.01
811.00 0.132254 2.01
812.00 0.132254 2.01
813.00 0.132254 2.01
814.00 0.132254 2.01
815.00 0.132254 2.01
816.00 0.132254 2.01
817.00 0.132254 2.01
818.00 0.132254 2.01
819.00 0.132254 2.01
820.00 0.132254 2.01
821.00 0.132254 2.01
822.00 0.132254 2.01
823.00 0.132254 2.01
824.00 0.132254 2.01
825.00 0.132254 2.01
826.00 0.132254 2.01
827.00 0.132254 2.01
828.00 0.132253 2.01
829.00 0.132253 2.01
830.00 0.132253 2.01
831.00 0.132253 2.01
832.00 0.132253 2.01
833.00 0.132253 2.01
834.00 0.132253 2.01
835.00 0.132253 2.01
836.00 0.132253 2.01
837.00 0.132253 2.01
838.00 0.132253 2.01
839.00 0.132253 2.01
840.00 0.132253 2.01
841.00 0.132253 2.01
842.00 0.132253 2.01
843.00 0.132253 2.01
844.00 0.132253 2.01
845.00 0.132253 2.01
846.00 0.132253 2.01
847.00 0.132253 2.01
848.00 0.132253 2.01
849.00 0.132253 2.01
850.00 0.132253 2.01
851.00 0.132253 2.01
852.00 0.132253 2.01
853.00 0.132253 2.01
854.00 0.132253 2.01
855.00 0.132253 2.01
856.00 0.132253 2.01
857.00 0.132253 2.01
858.00 0.132253 2.01
859.00 0.132253 2.01
860.00 0.132253 2.01
861.00 0.132253 2.01
862.00 0.132253 2.01
863.00 0.132253 2.01
864.00 0.132253 2.01
865.00 0.132253 2.01
866.00 0.132253 2.01
867.00 0.132253 2.01
868.00 0.132253 2.01
869.00 0.132253 2.01
870.00 0.132253 2.01
871.00 0.132253 2.01
872.00 0.132253 2.01
873.00 0.132253 2.01
874.00 0.132253 2.01
875.00 0.132253 2.01
876.00 0.132253 2.01
877.00 0.132253 2.01
878.00 0.132253 2.01
879.00 0.132253 2.01
880.00 0.132253 2.01
881.00 0.132253 2.01
882.00 0.132253 2.01
883.00 0.132253 2.01
884.00 0.132253 2.01
885.00 0.132253 2.01
886.00 0.132253 2.01
887.00 0.132253 2.01
888.00 0.132253 2.01
889.00 0.132253 2.01
890.00 0.132253 2.01
891.00 0.132253 2.01
892.00 0.132253 2.01
893.00 0.132253 2.01
894.00 0.132253 2.01
895.00 0.132253 2.01
896.00 0.132253 2.01
897.00 0.132253 2.01
898.00 0.132253 2.01
899.00 0.132253 2.01
900.00 0.132253 2.01
901.00 0.132253 2.01
902.00 0.132253 2.01
903.00 0.132253 2.01
904.00 0.132253 2.01
905.00 0.132253 2.01
906.00 0.132253 2.01
907.00 0.132253 2.01
908.00 0.132253 2.01
909.00 0.132253 2.01
910.00 0.132253 2.01
911.00 0.132253 2.01
912.00 0.132253 2.01
913.00 0.132253 2.01
914.00 0.132253 2.01
915.00 0.132253 2.01
916.00 0.132253 2.01
917.00 0.132253 2.01
918.00 0.132253 2.01
919.00 0.132253 2.01
920.00 0.132253 2.01
921.00 0.132253 2.01
922.00 0.132253 2.01
923.00 0.132253 2.01
924.00 0.132253 2.01
925.00 0.132253 2.01
926.00 0.132253 2.01
927.00 0.132253 2.01
928.00 0.132253 2.01
929.00 0.132253 2.01
930.00 0.132253 2.01
931.00 0.132253 2.01
932.00 0.132253 2.01
933.00 0.132253 2.01
934.00 0.132253 2.01
935.00 0.132253 2.01
936.00 0.132253 2.01
937.00 0.132253 2.01
938.00 0.132253 2.01
939.00 0.132253 2.01
940.00 0.132253 2.01
941.00 0.132253 2.01
942.00 0.132253 2.01
943.00 0.132253 2.01
944.00 0.132253 2.01
945.00 0.132253 2.01
946.00 0.132253 2.01
947.00 0.132253 2.01
948.00 0.132253 2.01
949.00 0.132253 2.01
950.00 0.132253 2.01
951.00 0.132253 2.01
952.00 0.132253 2.01
953.00 0.132253 2.01
954.00 0.132253 2.01
955.00 0.132253 2.01
956.00 0.132253 2.01
957.00 0.132253 2.01
958.00 0.132253 2.01
959.00 0.132253 2.01
960.00 0.132253 2.01
961.00 0.132253 2.01
962.00 0.132253 2.01
963.00 0.132253 2.01
964.00 0.132253 2.01
965.00 0.132253 2.01
966.00 0.132253 2.01
967.00 0.132253 2.01
968.00 0.132253 2.01
969.00 0.132253 2.01
970.00 0.132253 2.01
971.00 0.132253 2.01
972.00 0.132253 2.01
973.00 0.132253 2.01
974.00 0.132253 2.01
975.00 0.132253 2.01
976.00 0.132253 2.01
977.00 0.132253 2.01
978.00 0.132253 2.01
979.00 0.132253 2.01
980.00 0.132253 2.01
981.00 0.132253 2.01
982.00 0.132253 2.01
983.00 0.132253 2.01
984.00 0.132253 2.01
985.00 0.132253 2.01
986.00 0.132253 2.01
987.00 0.132253 2.01
988.00 0.132252 2.01
989.00 0.132252 2.01
990.00 0.132252 2.01
991.00 0.132252 2.01
992.00 0.132252 2.01
993.00 0.132252 2.01
994.00 0.132252 2.01
995.00 0.132252 2.01
996.00 0.132252 2.01
997.00 0.132252 2.01
998.00 0.132252 2.01
999.00 0.132252 2.01
1000.00 0.132252 2.01
1001.00 0.132252 2.01
1002.00 0.132252 2.01
1003.00 0.132252 2.01
1004.00 0.132252 2.01
1005.00 0.132252 2.01
1006.00 0.132252 2.01
1007.00 0.132252 2.01
1008.00 0.132252 2.01
1009.00 0.132252 2.01
1010.00 0.132252 2.01
1011.00 0.132252 2.01
1012.00 0.132252 2.01
1013.00 0.132252 2.01
1014.00 0.132252 2.01
1015.00 0.132252 2.01
1016.00 0.132252 2.01
1017.00 0.132252 2.01
1018.00 0.132252 2.01
1019.00 0.132252 2.01
1020.00 0.132252 2.01
1021.00 0.132252 2.01
1022.00 0.132252 2.01
1023.00 0.132252 2.01
1024.00 0.132252 2.01
1025.00 0.132252 2.01
1026.00 0.132252 2.01
1027.00 0.132252 2.01
1028.00 0.132252 2.01
1029.00 0.132252 2.01
1030.00 0.132252 2.01
1031.00 0.132252 2.01
1032.00 0.132252 2.01
1033.00 0.132252 2.01
1034.00 0.132252 2.01
1035.00 0.132252 2.01
1036.00 0.132252 2.01
1037.00 0.132252 2.01
1038.00 0.132252 2.01
1039.00 0.132252 2.01
1040.00 0.132252 2.01
1041.00 0.132252 2.01
1042.00 0.132252 2.01
1043.00 0.132252 2.01
1044.00 0.132252 2.01
1045.00 0.132252 2.01
1046.00 0.132252 2.01
1047.00 0.132252 2.01
1048.00 0.132252 2.01
1049.00 0.132252 2.01
1050.00 0.132252 2.01
1051.00 0.132252 2.01
1052.00 0.132252 2.01
1053.00 0.132252 2.01
1054.00 0.132252 2.01
1055.00 0.132252 2.01
1056.00 0.132252 2.01
1057.00 0.132252 2.01
1058.00 0.132252 2.01
1059.00 0.132252 2.01
1060.00 0.132252 2.01
1061.00 0.132252 2.01
1062.00 0.132252 2.01
1063.00 0.132252 2.01
1064.00 0.132252 2.01
1065.00 0.132252 2.01
1066.00 0.132252 2.01
1067.00 0.132252 2.01
1068.00 0.132252 2.01
1069.00 0.132252 2.01
1070.00 0.132252 2.01
1071.00 0.132252 2.01
1072.00 0.132252 2.01
1073.00 0.132252 2.01
1074.00 0.132252 2.01
1075.00 0.132252 2.01
1076.00 0.132252 2.01
1077.00 0.132252 2.01
1078.00 0.132252 2.01
1079.00 0.132252 2.01
1080.00 0.132252 2.01
1081.00 0.132252 2.01
1082.00 0.132252 2.01
1083.00 0.132252 2.01
1084.00 0.132252 2.01
1085.00 0.132252 2.01
1086.00 0.132252 2.01
1087.00 0.132252 2.01
1088.00 0.132252 2.01
1089.00 0.132252 2.01
1090.00 0.132252 2.01
1091.00 0.132252 2.01
1092.00 0.132252 2.01
1093.00 0.132252 2.01
1094.00 0.132252 2.01
1095.00 0.132252 2.01
1096.00 0.132252 2.01
1097.00 0.132252 2.01
1098.00 0.132252 2.01
1099.00 0.132252 2.01
1100.00 0.132252 2.01
1101.00 0.132252 2.01
1102.00 0.132252 2.01
1103.00 0.132252 2.01
1104.00 0.132252 2.01
1105.00 0.132252 2.01
1106.00 0.132252 2.01
1107.00 0.132252 2.01
1108.00 0.132252 2.01
1109.00 0.132252 2.01
1110.00 0.132252 2.01
1111.00 0.132252 2.01
1112.00 0.132252 2.01
1113.00 0.132252 2.01
1114.00 0.132252 2.01
1115.00 0.132252 2.01
1116.00 0.132252 2.01
1117.00 0.132252 2.01
1118.00 0.132252 2.01
1119.00 0.132252 2.01
1120.00 0.132252 2.01
1121.00 0.132252 2.01
1122.00 0.132252 2.01
1123.00 0.132252 2.01
1124.00 0.132252 2.01
1125.00 0.132252 2.01
1126.00 0.132252 2.01
1127.00 0.132252 2.01
1128.00 0.132252 2.01
1129.00 0.132252 2.01
1130.00 0.132252 2.01
1131.00 0.132252 2.01
1132.00 0.132252 2.01
1133.00 0.132252 2.01
1134.00 0.132252 2.01
1135.00 0.132252 2.01
1136.00 0.132252 2.01
1137.00 0.132252 2.01
1138.00 0.132252 2.01
1139.00 0.132252 2.01
1140.00 0.132252 2.01
1141.00 0.132252 2.01
1142.00 0.132252 2.01
1143.00 0.132252 2.01
1144.00 0.132252 2.01
1145.00 0.132252 2.01
1146.00 0.132252 2.01
1147.00 0.132252 2.01
1148.00 0.132252 2.01
1149.00 0.132252 2.01
1150.00 0.132252 2.01
1151.00 0.132252 2.01
1152.00 0.132252 2.01
1153.00 0.132252 2.01
1154.00 0.132252 2.01
1155.00 0.132252 2.01
1156.00 0.132252 2.01
1157.00 0.132252 2.01
1158.00 0.132252 2.01
1159.00 0.132252 2.01
1160.00 0.132252 2.01
1161.00 0.132252 2.01
1162.00 0.132252 2.01
1163.00 0.132252 2.01
1164.00 0.132252 2.01
1165.00 0.132252 2.01
1166.00 0.132252 2.01
1167.00 0.132252 2.01
1168.00 0.132252 2.01
1169.00 0.132252 2.01
1170.00 0.132252 2.01
1171.00 0.132252 2.01
1172.00 0.132252 2.01
1173.00 0.132252 2.01
1174.00 0.132252 2.01
1175.00 0.132252 2.01
1176.00 0.132252 2.01
1177.00 0.132252 2.01
1178.00 0.132252 2.01
1179.00 0.132252 2.01
1180.00 0.132252 2.01
1181.00 0.132252 2.01
1182.00 0.132252 2.01
1183.00 0.132252 2.01
1184.00 0.132252 2.01
1185.00 0.132252 2.01
1186.00 0.132252 2.01
1187.00 0.132252 2.01
1188.00 0.132252 2.01
1189.00 0.132252 2.01
1190.00 0.132252 2.01
1191.00 0.132252 2.01
1192.00 0.132252 2.01
1193.00 0.132252 2.01
1194.00 0.132252 2.01
1195.00 0.132252 2.01
1196.00 0.132252 2.01
1197.00 0.132252 2.01
1198.00 0.132252 2.01
1199.00 0.132252 2.01
1200.00 0.132252 2.01
1201.00 0.132252 2.01
1202.00 0.132252 2.01
1203.00 0.132252 2.01
1204.00 0.132252 2.01
1205.00 0.132252 2.01
1206.00 0.132252 2.01
1207.00 0.132252 2.01
1208.00 0.132252 2.01
1209.00 0.132252 2.01
1210.00 0.132252 2.01
1211.00 0.132252 2.01
1212.00 0.132252 2.01
1213.00 0.132252 2.01
1214.00 0.132252 2.01
1215.00 0.132252 2.01
1216.00 0.132252 2.01
1217.00 0.132252 2.01
1218.00 0.132252 2.01
1219.00 0.132252 2.01
1220.00 0.132252 2.01
1221.00 0.132252 2.01
1222.00 0.132252 2.01
1223.00 0.132252 2.01
1224.00 0.132252 2.01
1225.00 0.132252 2.01
1226.00 0.132252 2.01
1227.00 0.132252 2.01
1228.00 0.132252 2.01
1229.00 0.132252 2.01
1230.00 0.132252 2.01
1231.00 0.132252 2.01
1232.00 0.132252 2.01
1233.00 0.132252 2.01
1234.00 0.132252 2.01
1235.00 0.132252 2.01
1236.00 0.132252 2.01
1237.00 0.132252 2.01
1238.00 0.132252 2.01
1239.00 0.132252 2.01
1240.00 0.132252 2.01
1241.00 0.132252 2.01
1242.00 0.132252 2.01
1243.00 0.132252 2.01
1244.00 0.132252 2.01
1245.00 0.132252 2.01
1246.00 0.132252 2.01
1247.00 0.132252 2.01
1248.00 0.132252 2.01
1249.00 0.132252 2.01
1250.00 0.132252 2.01
1251.00 0.132252 2.01
1252.00 0.132252 2.01
1253.00 0.132252 2.01
1254.00 0.132252 2.01
1255.00 0.132252 2.01
1256.00 0.132252 2.01
1257.00 0.132252 2.01
1258.00 0.132252 2.01
1259.00 0.132252 2.01
1260.00 0.132252 2.01
1261.00 0.132252 2.01
1262.00 0.132252 2.01
1263.00 0.132252 2.01
1264.00 0.132252 2.01
1265.00 0.132252 2.01
1266.00 0.132252 2.01
1267.00 0.132252 2.01
1268.00 0.132252 2.01
1269.00 0.132252 2.01
1270.00 0.132252 2.01
1271.00 0.132252 2.01
1272.00 0.132252 2.01
1273.00 0.132252 2.01
1274.00 0.132252 2.01
1275.00 0.132252 2.01
1276.00 0.132252 2.01
1277.00 0.132252 2.01
1278.00 0.132252 2.01
1279.00 0.132252 2.01
1280.00 0.132252 2.01
1281.00 0.132252 2.01
1282.00 0.132252 2.01
1283.00 0.132252 2.01
1284.00 0.132252 2.01
1285.00 0.132252 2.01
1286.00 0.132252 2.01
1287.00 0.132252 2.01
1288.00 0.132252 2.01
1289.00 0.132252 2.01
1290.00 0.132252 2.01
1291.00 0.132252 2.01
1292.00 0.132252 2.01
1293.00 0.132252 2.01
1294.00 0.132252 2.01
1295.00 0.132252 2.01
1296.00 0.132252 2.01
1297.00 0.132252 2.01
1298.00 0.132252 2.01
1299.00 0.132252 2.01
1300.00 0.132252 2.01
1301.00 0.132252 2.01
1302.00 0.132252 2.01
1303.00 0.132252 2.01
1304.00 0.132252 2.01
1305.00 0.132252 2.01
1306.00 0.132252 2.01
1307.00 0.132252 2.01
1308.00 0.132252 2.01
1309.00 0.132252 2.01
1310.00 0.132252 2.01
1311.00 0.132252 2.01
1312.00 0.132252 2.01
1313.00 0.132252 2.01
1314.00 0.132252 2.01
1315.00 0.132252 2.01
1316.00 0.132252 2.01
1317.00 0.132252 2.01
1318.00 0.132252 2.01
1319.00 0.132252 2.01
1320.00 0.132252 2.01
1321.00 0.132252 2.01
1322.00 0.132252 2.01
1323.00 0.132252 2.01
1324.00 0.132252 2.01
1325.00 0.132252 2.01
1326.00 0.132252 2.01
1327.00 0.132252 2.01
1328.00 0.132252 2.01
1329.00 0.132252 2.01
1330.00 0.132252 2.01
1331.00 0.132252 2.01
1332.00 0.132252 2.01
1333.00 0.132252 2.01
1334.00 0.132252 2.01
1335.00 0.132252 2.01
1336.00 0.132252 2.01
1337.00 0.132252 2.01
1338.00 0.132252 2.01
1339.00 0.132252 2.01
1340.00 0.132252 2.01
1341.00 0.132252 2.01
1342.00 0.132252 2.01
1343.00 0.132252 2.01
1344.00 0.132252 2.01
1345.00 0.132252 2.01
1346.00 0.132252 2.01
1347.00 0.132252 2.01
1348.00 0.132252 2.01
1349.00 0.132252 2.01
1350.00 0.132252 2.01
1351.00 0.132252 2.01
1352.00 0.132252 2.01
1353.00 0.132252 2.01
1354.00 0.132252 2.01
1355.00 0.132252 2.01
1356.00 0.132252 2.01
1357.00 0.132252 2.01
1358.00 0.132252 2.01
1359.00 0.132252 2.01
1360.00 0.132252 2.01
1361.00 0.132252 2.01
1362.00 0.132252 2.01
1363.00 0.132252 2.01
1364.00 0.132252 2.01
1365.00 0.132252 2.01
1366.00 0.132252 2.01
1367.00 0.132252 2.01
1368.00 0.132252 2.01
1369.00 0.132252 2.01
1370.00 0.132252 2.01
1371.00 0.132252 2.01
1372.00 0.132252 2.01
1373.00 0.132252 2.01
1374.00 0.132252 2.01
1375.00 0.132252 2.01
1376.00 0.132252 2.01
1377.00 0.132252 2.01
1378.00 0.132252 2.01
1379.00 0.132252 2.01
1380.00 0.132252 2.01
1381.00 0.132252 2.01
1382.00 0.132252 2.01
1383.00 0.132252 2.01
1384.00 0.132252 2.01
1385.00 0.132252 2.01
1386.00 0.132252 2.01
1387.00 0.132252 2.01
1388.00 0.132252 2.01
1389.00 0.132252 2.01
1390.00 0.132252 2.01
1391.00 0.132252 2.01
1392.00 0.132252 2.01
1393.00 0.132252 2.01
1394.00 0.132252 2.01
1395.00 0.132252 2.01
1396.00 0.132252 2.01
1397.00 0.132252 2.01
1398.00 0.132252 2.01
1399.00 0.132252 2.01
1400.00 0.132252 2.01
1401.00 0.132252 2.01
1402.00 0.132252 2.01
1403.00 0.132252 2.01
1404.00 0.132252 2.01
1405.00 0.132252 2.01
1406.00 0.132252 2.01
1407.00 0.132252 2.01
1408.00 0.132252 2.01
1409.00 0.132252 2.01
1410.00 0.132252 2.01
1411.00 0.132252 2.01
1412.00 0.132252 2.01
1413.00 0.132252 2.01
1414.00 0.132252 2.01
1415.00 0.132252 2.01
1416.00 0.132252 2.01
1417.00 0.132252 2.01
1418.00 0.132252 2.01
1419.00 0.132252 2.01
1420.00 0.132252 2.01
1421.00 0.132252 2.01
1422.00 0.132252 2.01
1423.00 0.132252 2.01
1424.00 0.132252 2.01
1425.00 0.132252 2.01
1426.00 0.132252 2.01
1427.00 0.132252 2.01
1428.00 0.132252 2.01
1429.00 0.132252 2.01
1430.00 0.132252 2.01
1431.00 0.132252 2.01
1432.00 0.132252 2.01
1433.00 0.132252 2.01
1434.00 0.132252 2.01
1435.00 0.132252 2.01
1436.00 0.132252 2.01
1437.00 0.132252 2.01
1438.00 0.132252 2.01
1439.00 0.132252 2.01
1440.00 0.132252 2.01
1441.00 0.132252 2.01
1442.00 0.132252 2.01
1443.00 0.132252 2.01
1444.00 0.132252 2.01
1445.00 0.132252 2.01
1446.00 0.132252 2.01
1447.00 0.132252 2.01
1448.00 0.132252 2.01
1449.00 0.132252 2.01
1450.00 0.132252 2.01
1451.00 0.132252 2.01
1452.00 0.132252 2.01
1453.00 0.132252 2.01
1454.00 0.132252 2.01
1455.00 0.132252 2.01
1456.00 0.132252 2.01
1457.00 0.132252 2.01
1458.00 0.132252 2.01
1459.00 0.132252 2.01
1460.00 0.132252 2.01
1461.00 0.132252 2.01
1462.00 0.132252 2.01
1463.00 0.132252 2.01
1464.00 0.132252 2.01
1465.00 0.132252 2.01
1466.00 0.132252 2.01
1467.00 0.132252 2.01
1468.00 0.132252 2.01
1469.00 0.132252 2.01
1470.00 0.132252 2.01
1471.00 0.132252 2.01
1472.00 0.132252 2.01
1473.00 0.132252 2.01
1474.00 0.132252 2.01
1475.00 0.132252 2.01
1476.00 0.132252 2.01
1477.00 0.132252 2.01
1478.00 0.132252 2.01
1479.00 0.132252 2.01
1480.00 0.132252 2.01
1481.00 0.132252 2.01
1482.00 0.132252 2.01
1483.00 0.132252 2.01
1484.00 0.132252 2.01
1485.00 0.132252 2.01
1486.00 0.132252 2.01
1487.00 0.132252 2.01
1488.00 0.132252 2.01
1489.00 0.132252 2.01
1490.00 0.132252 2.01
1491.00 0.132252 2.01
1492.00 0.132252 2.01
1493.00 0.132252 2.01
1494.00 0.132252 2.01
1495.00 0.132252 2.01
1496.00 0.132252 2.01
1497.00 0.132252 2.01
1498.00 0.132252 2.01
1499.00 0.132252 2.01
1500.00 0.132252 2.01
1501.00 0.132252 2.01
1502.00 0.132252 2.01
1503.00 0.132252 2.01
1504.00 0.132252 2.01
1505.00 0.132252 2.01
1506.00 0.132252 2.01
1507.00 0.132252 2.01
1508.00 0.132252 2.01
1509.00 0.132252 2.01
1510.00 0.132252 2.01
1511.00 0.132252 2.01
1512.00 0.132252 2.01
1513.00 0.132252 2.01
1514.00 0.132252 2.01
1515.00 0.132252 2.01
1516.00 0.132252 2.01
1517.00 0.132252 2.01
1518.00 0.132252 2.01
1519.00 0.132252 2.01
1520.00 0.132252 2.01
1521.00 0.132252 2.01
1522.00 0.132252 2.01
1523.00 0.132252 2.01
1524.00 0.132252 2.01
1525.00 0.132252 2.01
1526.00 0.132252 2.01
1527.00 0.132252 2.01
1528.00 0.132252 2.01
1529.00 0.132252 2.01
1530.00 0.132252 2.01
1531.00 0.132252 2.01
1532.00 0.132252 2.01
1533.00 0.132252 2.01
1534.00 0.132252 2.01
1535.00 0.132252 2.01
1536.00 0.132252 2.01
1537.00 0.132252 2.01
1538.00 0.132252 2.01
1539.00 0.132252 2.01
1540.00 0.132252 2.01
1541.00 0.132252 2.01
1542.00 0.132252 2.01
1543.00 0.132252 2.01
1544.00 0.132252 2.01
1545.00 0.132252 2.01
1546.00 0.132252 2.01
1547.00 0.132252 2.01
1548.00 0.132252 2.01
1549.00 0.132252 2.01
1550.00 0.132252 2.01
1551.00 0.132252 2.01
1552.00 0.132252 2.01
1553.00 0.132252 2.01
1554.00 0.132252 2.01
1555.00 0.132252 2.01
1556.00 0.132252 2.01
1557.00 0.132252 2.01
1558.00 0.132252 2.01
1559.00 0.132252 2.01
1560.00 0.132252 2.01
1561.00 0.132252 2.01
1562.00 0.132252 2.01
1563.00 0.132252 2.01
1564.00 0.132252 2.01
1565.00 0.132252 2.01
1566.00 0.132252 2.01
1567.00 0.132252 2.01
1568.00 0.132252 2.01
1569.00 0.132252 2.01
1570.00 0.132252 2.01
1571.00 0.132252 2.01
1572.00 0.132252 2.01
1573.00 0.132252 2.01
1574.00 0.132252 2.01
1575.00 0.132252 2.01
1576.00 0.132252 2.01
1577.00 0.132252 2.01
1578.00 0.132252 2.01
1579.00 0.132252 2.01
1580.00 0.132252 2.01
1581.00 0.132252 2.01
1582.00 0.132252 2.01
1583.00 0.132252 2.01
1584.00 0.132252 2.01
1585.00 0.132252 2.01
1586.00 0.132252 2.01
1587.00 0.132252 2.01
1588.00 0.132252 2.01
1589.00 0.132252 2.01
1590.00 0.132252 2.01
1591.00 0.132252 2.01
1592.00 0.132252 2.01
1593.00 0.132252 2.01
1594.00 0.132252 2.01
1595.00 0.132252 2.01
1596.00 0.132252 2.01
1597.00 0.132252 2.01
1598.00 0.132252 2.01
1599.00 0.132252 2.01
1600.00 0.132252 2.01
1601.00 0.132252 2.01
1602.00 0.132252 2.01
1603.00 0.132252 2.01
1604.00 0.132252 2.01
1605.00 0.132252 2.01
1606.00 0.132252 2.01
1607.00 0.132252 2.01
1608.00 0.132252 2.01
1609.00 0.132252 2.01
1610.00 0.132252 2.01
1611.00 0.132252 2.01
1612.00 0.132252 2.01
1613.00 0.132252 2.01
1614.00 0.132252 2.01
1615.00 0.132252 2.01
1616.00 0.132252 2.01
1617.00 0.132252 2.01
1618.00 0.132252 2.01
1619.00 0.132252 2.01
1620.00 0.132252 2.01
1621.00 0.132252 2.01
1622.00 0.132252 2.01
1623.00 0.132252 2.01
1624.00 0.132252 2.01
1625.00 0.132252 2.01
1626.00 0.132252 2.01
1627.00 0.132252 2.01
1628.00 0.132252 2.01
1629.00 0.132252 2.01
1630.00 0.132252 2.01
1631.00 0.132252 2.01
1632.00 0.132252 2.01
1633.00 0.132252 2.01
1634.00 0.132252 2.01
1635.00 0.132252 2.01
1636.00 0.132252 2.01
1637.00 0.132252 2.01
1638.00 0.132252 2.01
1639.00 0.132252 2.01
1640.00 0.132252 2.01
1641.00 0.132252 2.01
1642.00 0.132252 2.01
1643.00 0.132252 2.01
1644.00 0.132252 2.01
1645.00 0.132252 2.01
1646.00 0.132252 2.01
1647.00 0.132252 2.01
1648.00 0.132252 2.01
1649.00 0.132252 2.01
1650.00 0.132252 2.01
1651.00 0.132252 2.01
1652.00 0.132252 2.01
1653.00 0.132252 2.01
1654.00 0.132252 2.01
1655.00 0.132252 2.01
1656.00 0.132252 2.01
1657.00 0.132252 2.01
1658.00 0.132252 2.01
1659.00 0.132252 2.01
1660.00 0.132252 2.01
1661.00 0.132252 2.01
1662.00 0.132252 2.01
1663.00 0.132252 2.01
1664.00 0.132252 2.01
1665.00 0.132252 2.01
1666.00 0.132252 2.01
1667.00 0.132252 2.01
1668.00 0.132252 2.01
1669.00 0.132252 2.01
1670.00 0.132252 2.01
1671.00 0.132252 2.01
1672.00 0.132252 2.01
1673.00 0.132252 2.01
1674.00 0.132252 2.01
1675.00 0.132252 2.01
1676.00 0.132252 2.01
1677.00 0.132252 2.01
1678.00 0.132252 2.01
1679.00 0.132252 2.01
1680.00 0.132252 2.01
1681.00 0.132252 2.01
1682.00 0.132252 2.01
1683.00 0.132252 2.01
1684.00 0.132252 2.01
1685.00 0.132252 2.01
1686.00 0.132252 2.01
1687.00 0.132252 2.01
1688.00 0.132252 2.01
1689.00 0.132252 2.01
1690.00 0.132252 2.01
1691.00 0.132252 2.01
1692.00 0.132252 2.01
1693.00 0.132252 2.01
1694.00 0.132252 2.01
1695.00 0.132252 2.01
1696.00 0.132252 2.01
1697.00 0.132252 2.01
1698.00 0.132252 2.01
1699.00 0.132252 2.01
1700.00 0.132252 2.01
1701.00 0.132252 2.01
1702.00 0.132252 2.01
1703.00 0.132252 2.01
1704.00 0.132252 2.01
1705.00 0.132252 2.01
1706.00 0.132252 2.01
1707.00 0.132252 2.01
1708.00 0.132252 2.01
1709.00 0.132252 2.01
1710.00 0.132252 2.01
1711.00 0.132252 2.01
1712.00 0.132252 2.01
1713.00 0.132252 2.01
1714.00 0.132252 2.01
1715.00 0.132252 2.01
1716.00 0.132252 2.01
1717.00 0.132252 2.01
1718.00 0.132252 2.01
1719.00 0.132252 2.01
1720.00 0.132252 2.01
1721.00 0.132252 2.01
1722.00 0.132252 2.01
1723.00 0.132252 2.01
1724.00 0.132252 2.01
1725.00 0.132252 2.01
1726.00 0.132252 2.01
1727.00 0.132252 2.01
1728.00 0.132252 2.01
1729.00 0.132252 2.01
1730.00 0.132252 2.01
1731.00 0.132252 2.01
1732.00 0.132252 2.01
1733.00 0.132252 2.01
1734.00 0.132252 2.01
1735.00 0.132252 2.01
1736.00 0.132252 2.01
1737.00 0.132252 2.01
1738.00 0.132252 2.01
1739.00 0.132252 2.01
1740.00 0.132252 2.01
1741.00 0.132252 2.01
1742.00 0.132252 2.01
1743.00 0.132252 2.01
1744.00 0.132252 2.01
1745.00 0.132252 2.01
1746.00 0.132252 2.01
1747.00 0.132252 2.01
1748.00 0.132252 2.01
1749.00 0.132252 2.01
1750.00 0.132252 2.01
1751.00 0.132252 2.01
1752.00 0.132252 2.01
1753.00 0.132252 2.01
1754.00 0.132252 2.01
1755.00 0.132252 2.01
1756.00 0.132252 2.01
1757.00 0.132252 2.01
1758.00 0.132252 2.01
1759.00 0.132252 2.01
1760.00 0.132252 2.01
1761.00 0.132252 2.01
1762.00 0.132252 2.01
1763.00 0.132252 2.01
1764.00 0.132252 2.01
1765.00 0.132252 2.01
1766.00 0.132252 2.01
1767.00 0.132252 2.01
1768.00 0.132252 2.01
1769.00 0.132252 2.01
1770.00 0.132252 2.01
1771.00 0.132252 2.01
1772.00 0.132252 2.01
1773.00 0.132252 2.01
1774.00 0.132252 2.01
1775.00 0.132252 2.01
1776.00 0.132252 2.01
1777.00 0.132252 2.01
1778.00 0.132252 2.01
1779.00 0.132252 2.01
1780.00 0.132252 2.01
1781.00 0.132252 2.01
1782.00 0.132252 2.01
1783.00 0.132252 2.01
1784.00 0.132252 2.01
1785.00 0.132252 2.01
1786.00 0.132252 2.01
1787.00 0.132252 2.01
1788.00 0.132252 2.01
1789.00 0.132252 2.01
1790.00 0.132252 2.01
1791.00 0.132252 2.01
1792.00 0.132252 2.01
1793.00 0.132252 2.01
1794.00 0.132252 2.01
1795.00 0.132252 2.01
1796.00 0.132252 2.01
1797.00 0.132252 2.01
1798.00 0.132252 2.01
1799.00 0.132252 2.01
1800.00 0.132252 2.01
1801.00 0.132252 2.01
1802.00 0.132252 2.01
1803.00 0.132252 2.01
1804.00 0.132252 2.01
1805.00 0.132252 2.01
1806.00 0.132252 2.01
1807.00 0.132252 2.01
1808.00 0.132252 2.01
1809.00 0.132252 2.01
1810.00 0.132252 2.01
1811.00 0.132252 2.01
1812.00 0.132252 2.01
1813.00 0.132252 2.01
1814.00 0.132252 2.01
1815.00 0.132252 2.01
1816.00 0.132252 2.01
1817.00 0.132252 2.01
1818.00 0.132252 2.01
1819.00 0.132252 2.01
1820.00 0.132252 2.01
1821.00 0.132252 2.01
1822.00 0.132252 2.01
1823.00 0.132252 2.01
1824.00 0.132252 2.01
1825.00 0.132252 2.01
1826.00 0.132252 2.01
1827.00 0.132252 2.01
1828.00 0.132252 2.01
1829.00 0.132252 2.01
1830.00 0.132252 2.01
1831.00 0.132252 2.01
1832.00 0.132252 2.01
1833.00 0.132252 2.01
1834.00 0.132252 2.01
1835.00 0.132252 2.01
1836.00 0.132252 2.01
1837.00 0.132252 2.01
1838.00 0.132252 2.01
1839.00 0.132252 2.01
1840.00 0.132252 2.01
1841.00 0.132252 2.01
1842.00 0.132252 2.01
1843.00 0.132252 2.01
1844.00 0.132252 2.01
1845.00 0.132252 2.01
1846.00 0.132252 2.01
1847.00 0.132252 2.01
1848.00 0.132252 2.01
1849.00 0.132252 2.01
1850.00 0.132252 2.01
1851.00 0.132252 2.01
1852.00 0.132252 2.01
1853.00 0.132252 2.01
1854.00 0.132252 2.01
1855.00 0.132252 2.01
1856.00 0.132252 2.01
1857.00 0.132252 2.01
1858.00 0.132252 2.01
1859.00 0.132252 2.01
1860.00 0.132252 2.01
1861.00 0.132252 2.01
1862.00 0.132252 2.01
1863.00 0.132252 2.01
1864.00 0.132252 2.01
1865.00 0.132252 2.01
1866.00 0.132252 2.01
1867.00 0.132252 2.01
1868.00 0.132252 2.01
1869.00 0.132252 2.01
1870.00 0.132252 2.01
1871.00 0.132252 2.01
1872.00 0.132252 2.01
1873.00 0.132252 2.01
1874.00 0.132252 2.01
1875.00 0.132252 2.01
1876.00 0.132252 2.01
1877.00 0.132252 2.01
1878.00 0.132252 2.01
1879.00 0.132252 2.01
1880.00 0.132252 2.01
1881.00 0.132252 2.01
1882.00 0.132252 2.01
1883.00 0.132252 2.01
1884.00 0.132252 2.01
1885.00 0.132252 2.01
1886.00 0.132252 2.01
1887.00 0.132252 2.01
1888.00 0.132252 2.01
1889.00 0.132252 2.01
1890.00 0.132252 2.01
1891.00 0.132252 2.01
1892.00 0.132252 2.01
1893.00 0.132252 2.01
1894.00 0.132252 2.01
1895.00 0.132252 2.01
1896.00 0.132252 2.01
1897.00 0.132252 2.01
1898.00 0.132252 2.01
1899.00 0.132252 2.01
1900.00 0.132252 2.01
1901.00 0.132252 2.01
1902.00 0.132252 2.01
1903.00 0.132252 2.01
1904.00 0.132252 2.01
1905.00 0.132252 2.01
1906.00 0.132252 2.01
1907.00 0.132252 2.01
1908.00 0.132252 2.01
1909.00 0.132252 2.01
1910.00 0.132252 2.01
1911.00 0.132252 2.01
1912.00 0.132252 2.01
1913.00 0.132252 2.01
1914.00 0.132252 2.01
1915.00 0.132252 2.01
1916.00 0.132252 2.01
1917.00 0.132252 2.01
1918.00 0.132252 2.01
1919.00 0.132252 2.01
1920.00 0.132252 2.01
1921.00 0.132252 2.01
1922.00 0.132252 2.01
1923.00 0.132252 2.01
1924.00 0.132252 2.01
1925.00 0.132252 2.01
1926.00 0.132252 2.01
1927.00 0.132252 2.01
1928.00 0.132252 2.01
1929.00 0.132252 2.01
1930.00 0.132252 2.01
1931.00 0.132252 2.01
1932.00 0.132252 2.01
1933.00 0.132252 2.01
1934.00 0.132252 2.01
1935.00 0.132252 2.01
1936.00 0.132252 2.01
1937.00 0.132252 2.01
1938.00 0.132252 2.01
1939.00 0.132252 2.01
1940.00 0.132252 2.01
1941.00 0.132252 2.01
1942.00 0.132252 2.01
1943.00 0.132252 2.01
1944.00 0.132252 2.01
1945.00 0.132252 2.01
1946.00 0.132252 2.01
1947.00 0.132252 2.01
1948.00 0.132252 2.01
1949.00 0.132252 2.01
1950.00 0.132252 2.01
1951.00 0.132252 2.01
1952.00 0.132252 2.01
1953.00 0.132252 2.01
1954.00 0.132252 2.01
1955.00 0.132252 2.01
1956.00 0.132252 2.01
1957.00 0.132252 2.01
1958.00 0.132252 2.01
1959.00 0.132252 2.01
1960.00 0.132252 2.01
1961.00 0.132252 2.01
1962.00 0.132252 2.01
1963.00 0.132252 2.01
1964.00 0.132252 2.01
1965.00 0.132252 2.01
1966.00 0.132252 2.01
1967.00 0.132252 2.01
1968.00 0.132252 2.01
1969.00 0.132252 2.01
1970.00 0.132252 2.01
1971.00 0.132252 2.01
1972.00 0.132252 2.01
1973.00 0.132252 2.01
1974.00 0.132252 2.01
1975.00 0.132252 2.01
1976.00 0.132252 2.01
1977.00 0.132252 2.01
1978.00 0.132252 2.01
1979.00 0.132252 2.01
1980.00 0.132252 2.01
1981.00 0.132252 2.01
1982.00 0.132252 2.01
1983.00 0.132252 2.01
1984.00 0.132252 2.01
1985.00 0.132252 2.01
1986.00 0.132252 2.01
1987.00 0.132252 2.01
1988.00 0.132252 2.01
1989.00 0.132252 2.01
1990.00 0.132252 2.01
1991.00 0.132252 2.01
1992.00 0.132252 2.01
1993.00 0.132252 2.01
1994.00 0.132252 2.01
1995.00 0.132252 2.01
1996.00 0.132252 2.01
1997.00 0.132252 2.01
1998.00 0.132252 2.01
1999.00 0.132252 2.01
2000.00 0.132252 2.01
