0.00 1.081014 6.83
1.00 1.078775 6.83
2.00 1.076526 6.83
3.00 1.074268 6.83
4.00 1.072000 6.83
5.00 1.069725 6.82
6.00 1.067444 6.82
7.00 1.065154 6.82
8.00 1.062853 6.82
9.00 1.060541 6.82
10.00 1.058222 6.81
11.00 1.055923 6.80
12.00 1.053637 6.79
13.00 1.051376 6.78
14.00 1.049118 6.78
15.00 1.046851 6.78
16.00 1.044576 6.78
17.00 1.042289 6.78
18.00 1.039990 6.78
19.00 1.037721 6.76
20.00 1.035456 6.75
21.00 1.033182 6.75
22.00 1.030895 6.74
23.00 1.028677 6.72
24.00 1.026500 6.71
25.00 1.024317 6.71
26.00 1.022126 6.71
27.00 1.019924 6.71
28.00 1.017710 6.71
29.00 1.015496 6.70
30.00 1.013298 6.70
31.00 1.011096 6.69
32.00 1.008903 6.68
33.00 1.006727 6.68
34.00 1.004559 6.67
35.00 1.002410 6.66
36.00 1.000282 6.66
37.00 0.998144 6.66
38.00 0.996016 6.65
39.00 0.993893 6.64
40.00 0.991809 6.63
41.00 0.989721 6.63
42.00 0.987623 6.63
43.00 0.985513 6.63
44.00 0.983436 6.61
45.00 0.981372 6.60
46.00 0.979323 6.60
47.00 0.977264 6.60
48.00 0.975192 6.60
49.00 0.973110 6.59
50.00 0.971044 6.57
51.00 0.968974 6.57
52.00 0.966898 6.56
53.00 0.964826 6.56
54.00 0.962786 6.53
55.00 0.960766 6.53
56.00 0.958774 6.52
57.00 0.956774 6.52
58.00 0.954776 6.51
59.00 0.952794 6.51
60.00 0.950803 6.51
61.00 0.948804 6.50
62.00 0.946851 6.49
63.00 0.944907 6.48
64.00 0.942963 6.48
65.00 0.941009 6.48
66.00 0.939042 6.48
67.00 0.937073 6.47
68.00 0.935107 6.47
69.00 0.933180 6.44
70.00 0.931254 6.44
71.00 0.929329 6.43
72.00 0.927450 6.41
73.00 0.925587 6.41
74.00 0.923716 6.41
75.00 0.921834 6.41
76.00 0.919959 6.39
77.00 0.918089 6.39
78.00 0.916208 6.39
79.00 0.914331 6.38
80.00 0.912453 6.38
81.00 0.910564 6.38
82.00 0.908685 6.37
83.00 0.906818 6.36
84.00 0.904991 6.34
85.00 0.903184 6.34
86.00 0.901369 6.34
87.00 0.899545 6.34
88.00 0.897709 6.34
89.00 0.895906 6.32
90.00 0.894143 6.31
91.00 0.892375 6.30
92.00 0.890617 6.29
93.00 0.888854 6.29
94.00 0.887081 6.29
95.00 0.885297 6.29
96.00 0.883501 6.29
97.00 0.881693 6.28
98.00 0.879879 6.28
99.00 0.878052 6.28
100.00 0.876211 6.28
101.00 0.874387 6.26
102.00 0.872590 6.25
103.00 0.870833 6.23
104.00 0.869096 6.23
105.00 0.867349 6.23
106.00 0.865592 6.23
107.00 0.863824 6.23
108.00 0.862044 6.23
109.00 0.860286 6.22
110.00 0.858524 6.21
111.00 0.856764 6.21
112.00 0.855022 6.19
113.00 0.853332 6.17
114.00 0.851644 6.17
115.00 0.849947 6.17
116.00 0.848272 6.15
117.00 0.846624 6.14
118.00 0.845003 6.14
119.00 0.843389 6.13
120.00 0.841772 6.12
121.00 0.840147 6.12
122.00 0.838512 6.12
123.00 0.836871 6.11
124.00 0.835225 6.09
125.00 0.833633 6.07
126.00 0.832068 6.06
127.00 0.830549 6.05
128.00 0.829027 6.05
129.00 0.827537 6.04
130.00 0.826041 6.04
131.00 0.824537 6.04
132.00 0.823026 6.03
133.00 0.821517 6.03
134.00 0.819998 6.03
135.00 0.818470 6.03
136.00 0.816931 6.03
137.00 0.815394 6.02
138.00 0.813870 6.02
139.00 0.812349 6.01
140.00 0.810872 5.99
141.00 0.809418 5.99
142.00 0.807955 5.99
143.00 0.806484 5.99
144.00 0.805002 5.99
145.00 0.803555 5.96
146.00 0.802133 5.96
147.00 0.800715 5.95
148.00 0.799295 5.95
149.00 0.797866 5.95
150.00 0.796429 5.95
151.00 0.795014 5.93
152.00 0.793630 5.92
153.00 0.792263 5.91
154.00 0.790925 5.90
155.00 0.789607 5.89
156.00 0.788290 5.89
157.00 0.786967 5.88
158.00 0.785659 5.88
159.00 0.784344 5.88
160.00 0.783023 5.88
161.00 0.781712 5.86
162.00 0.780448 5.86
163.00 0.779186 5.85
164.00 0.777948 5.85
165.00 0.776714 5.84
166.00 0.775480 5.84
167.00 0.774240 5.84
168.00 0.772992 5.84
169.00 0.771736 5.84
170.00 0.770470 5.84
171.00 0.769196 5.84
172.00 0.767912 5.84
173.00 0.766621 5.83
174.00 0.765341 5.82
175.00 0.764114 5.80
176.00 0.762894 5.78
177.00 0.761719 5.77
178.00 0.760550 5.76
179.00 0.759379 5.76
180.00 0.758222 5.75
181.00 0.757061 5.75
182.00 0.755917 5.73
183.00 0.754808 5.73
184.00 0.753695 5.73
185.00 0.752584 5.72
186.00 0.751493 5.72
187.00 0.750397 5.72
188.00 0.749297 5.72
189.00 0.748194 5.71
190.00 0.747093 5.70
191.00 0.745995 5.70
192.00 0.744918 5.69
193.00 0.743845 5.69
194.00 0.742779 5.67
195.00 0.741723 5.65
196.00 0.740679 5.65
197.00 0.739630 5.65
198.00 0.738575 5.65
199.00 0.737514 5.65
200.00 0.736449 5.64
201.00 0.735387 5.64
202.00 0.734320 5.63
203.00 0.733268 5.63
204.00 0.732251 5.61
205.00 0.731244 5.61
206.00 0.730234 5.61
207.00 0.729222 5.60
208.00 0.728229 5.59
209.00 0.727272 5.57
210.00 0.726331 5.57
211.00 0.725405 5.56
212.00 0.724507 5.55
213.00 0.723617 5.55
214.00 0.722726 5.55
215.00 0.721834 5.55
216.00 0.720940 5.55
217.00 0.720042 5.55
218.00 0.719142 5.55
219.00 0.718237 5.55
220.00 0.717329 5.55
221.00 0.716415 5.55
222.00 0.715497 5.55
223.00 0.714601 5.53
224.00 0.713715 5.53
225.00 0.712826 5.53
226.00 0.711957 5.52
227.00 0.711104 5.51
228.00 0.710265 5.51
229.00 0.709446 5.49
230.00 0.708636 5.49
231.00 0.707824 5.49
232.00 0.707011 5.49
233.00 0.706194 5.49
234.00 0.705377 5.48
235.00 0.704559 5.48
236.00 0.703737 5.48
237.00 0.702911 5.48
238.00 0.702080 5.48
239.00 0.701245 5.48
240.00 0.700404 5.48
241.00 0.699558 5.48
242.00 0.698725 5.47
243.00 0.697912 5.46
244.00 0.697107 5.45
245.00 0.696321 5.45
246.00 0.695532 5.44
247.00 0.694748 5.44
248.00 0.693972 5.43
249.00 0.693208 5.43
250.00 0.692442 5.43
251.00 0.691673 5.43
252.00 0.690905 5.42
253.00 0.690161 5.41
254.00 0.689424 5.41
255.00 0.688685 5.41
256.00 0.687943 5.41
257.00 0.687198 5.41
258.00 0.686449 5.41
259.00 0.685697 5.41
260.00 0.684940 5.41
261.00 0.684178 5.41
262.00 0.683419 5.40
263.00 0.682670 5.40
264.00 0.681918 5.40
265.00 0.681174 5.39
266.00 0.680437 5.39
267.00 0.679708 5.38
268.00 0.678977 5.38
269.00 0.678243 5.38
270.00 0.677505 5.38
271.00 0.676764 5.38
272.00 0.676018 5.38
273.00 0.675268 5.38
274.00 0.674538 5.36
275.00 0.673843 5.35
276.00 0.673149 5.35
277.00 0.672458 5.34
278.00 0.671789 5.33
279.00 0.671141 5.33
280.00 0.670492 5.33
281.00 0.669843 5.32
282.00 0.669215 5.31
283.00 0.668596 5.31
284.00 0.667976 5.31
285.00 0.667365 5.30
286.00 0.666770 5.30
287.00 0.666175 5.30
288.00 0.665579 5.30
289.00 0.664982 5.30
290.00 0.664384 5.30
291.00 0.663786 5.29
292.00 0.663201 5.29
293.00 0.662613 5.29
294.00 0.662024 5.29
295.00 0.661434 5.29
296.00 0.660840 5.29
297.00 0.660245 5.29
298.00 0.659646 5.29
299.00 0.659045 5.29
300.00 0.658441 5.29
301.00 0.657834 5.28
302.00 0.657230 5.28
303.00 0.656624 5.27
304.00 0.656046 5.26
305.00 0.655473 5.25
306.00 0.654924 5.25
307.00 0.654385 5.23
308.00 0.653870 5.22
309.00 0.653359 5.22
310.00 0.652849 5.22
311.00 0.652339 5.22
312.00 0.651828 5.22
313.00 0.651317 5.22
314.00 0.650813 5.21
315.00 0.650309 5.21
316.00 0.649803 5.21
317.00 0.649297 5.21
318.00 0.648789 5.21
319.00 0.648280 5.21
320.00 0.647769 5.21
321.00 0.647256 5.21
322.00 0.646742 5.21
323.00 0.646258 5.19
324.00 0.645788 5.19
325.00 0.645317 5.19
326.00 0.644846 5.19
327.00 0.644375 5.19
328.00 0.643911 5.18
329.00 0.643456 5.18
330.00 0.643001 5.18
331.00 0.642546 5.18
332.00 0.642109 5.17
333.00 0.641673 5.17
334.00 0.641238 5.17
335.00 0.640802 5.17
336.00 0.640366 5.17
337.00 0.639929 5.17
338.00 0.639492 5.17
339.00 0.639054 5.17
340.00 0.638619 5.16
341.00 0.638203 5.16
342.00 0.637787 5.16
343.00 0.637370 5.16
344.00 0.636954 5.16
345.00 0.636537 5.16
346.00 0.636118 5.16
347.00 0.635699 5.16
348.00 0.635279 5.16
349.00 0.634857 5.16
350.00 0.634439 5.15
351.00 0.634026 5.15
352.00 0.633613 5.15
353.00 0.633197 5.15
354.00 0.632781 5.15
355.00 0.632363 5.15
356.00 0.631943 5.15
357.00 0.631522 5.15
358.00 0.631098 5.15
359.00 0.630673 5.15
360.00 0.630258 5.14
361.00 0.629853 5.13
362.00 0.629448 5.13
363.00 0.629043 5.13
364.00 0.628636 5.13
365.00 0.628228 5.13
366.00 0.627819 5.13
367.00 0.627408 5.13
368.00 0.627009 5.11
369.00 0.626631 5.10
370.00 0.626264 5.10
371.00 0.625899 5.10
372.00 0.625534 5.10
373.00 0.625178 5.09
374.00 0.624834 5.09
375.00 0.624490 5.09
376.00 0.624147 5.09
377.00 0.623806 5.09
378.00 0.623464 5.09
379.00 0.623123 5.09
380.00 0.622782 5.09
381.00 0.622441 5.09
382.00 0.622100 5.09
383.00 0.621758 5.09
384.00 0.621416 5.09
385.00 0.621088 5.08
386.00 0.620767 5.08
387.00 0.620447 5.08
388.00 0.620127 5.08
389.00 0.619807 5.08
390.00 0.619487 5.08
391.00 0.619167 5.08
392.00 0.618847 5.08
393.00 0.618527 5.08
394.00 0.618206 5.08
395.00 0.617885 5.08
396.00 0.617564 5.07
397.00 0.617246 5.07
398.00 0.616927 5.07
399.00 0.616608 5.07
400.00 0.616287 5.07
401.00 0.615966 5.07
402.00 0.615644 5.07
403.00 0.615321 5.07
404.00 0.614996 5.07
405.00 0.614670 5.07
406.00 0.614343 5.07
407.00 0.614015 5.07
408.00 0.613685 5.07
409.00 0.613353 5.07
410.00 0.613020 5.07
411.00 0.612685 5.07
412.00 0.612348 5.07
413.00 0.612016 5.06
414.00 0.611693 5.05
415.00 0.611376 5.05
416.00 0.611059 5.05
417.00 0.610741 5.05
418.00 0.610421 5.05
419.00 0.610101 5.05
420.00 0.609780 5.05
421.00 0.609457 5.05
422.00 0.609133 5.05
423.00 0.608808 5.05
424.00 0.608486 5.04
425.00 0.608176 5.04
426.00 0.607866 5.04
427.00 0.607556 5.04
428.00 0.607245 5.04
429.00 0.606933 5.04
430.00 0.606620 5.04
431.00 0.606306 5.04
432.00 0.605991 5.04
433.00 0.605675 5.04
434.00 0.605358 5.04
435.00 0.605040 5.04
436.00 0.604720 5.04
437.00 0.604399 5.04
438.00 0.604077 5.04
439.00 0.603756 5.03
440.00 0.603449 5.03
441.00 0.603157 5.00
442.00 0.602884 5.00
443.00 0.602613 5.00
444.00 0.602343 5.00
445.00 0.602074 5.00
446.00 0.601806 5.00
447.00 0.601538 5.00
448.00 0.601270 5.00
449.00 0.601003 5.00
450.00 0.600737 5.00
451.00 0.600470 5.00
452.00 0.600203 5.00
453.00 0.599936 5.00
454.00 0.599669 5.00
455.00 0.599402 5.00
456.00 0.599134 5.00
457.00 0.598866 5.00
458.00 0.598598 5.00
459.00 0.598337 4.99
460.00 0.598079 4.99
461.00 0.597820 4.99
462.00 0.597562 4.99
463.00 0.597304 4.99
464.00 0.597045 4.99
465.00 0.596786 4.99
466.00 0.596527 4.99
467.00 0.596267 4.99
468.00 0.596006 4.99
469.00 0.595745 4.99
470.00 0.595483 4.99
471.00 0.595220 4.99
472.00 0.594956 4.99
473.00 0.594692 4.99
474.00 0.594427 4.99
475.00 0.594160 4.99
476.00 0.593893 4.99
477.00 0.593624 4.99
478.00 0.593355 4.99
479.00 0.593084 4.99
480.00 0.592812 4.99
481.00 0.592539 4.99
482.00 0.592264 4.99
483.00 0.591988 4.99
484.00 0.591711 4.99
485.00 0.591432 4.99
486.00 0.591151 4.99
487.00 0.590870 4.99
488.00 0.590586 4.99
489.00 0.590301 4.99
490.00 0.590017 4.98
491.00 0.589739 4.97
492.00 0.589475 4.97
493.00 0.589210 4.97
494.00 0.588945 4.97
495.00 0.588679 4.97
496.00 0.588413 4.97
497.00 0.588147 4.97
498.00 0.587880 4.97
499.00 0.587612 4.97
500.00 0.587343 4.97
501.00 0.587073 4.97
502.00 0.586804 4.96
503.00 0.586548 4.96
504.00 0.586292 4.96
505.00 0.586037 4.96
506.00 0.585781 4.96
507.00 0.585532 4.95
508.00 0.585284 4.95
509.00 0.585037 4.95
510.00 0.584789 4.95
511.00 0.584541 4.95
512.00 0.584293 4.95
513.00 0.584044 4.95
514.00 0.583795 4.95
515.00 0.583546 4.95
516.00 0.583296 4.95
517.00 0.583045 4.95
518.00 0.582794 4.95
519.00 0.582542 4.95
520.00 0.582289 4.95
521.00 0.582035 4.95
522.00 0.581781 4.95
523.00 0.581525 4.95
524.00 0.581269 4.95
525.00 0.581012 4.95
526.00 0.580753 4.95
527.00 0.580494 4.95
528.00 0.580233 4.95
529.00 0.579972 4.95
530.00 0.579709 4.95
531.00 0.579456 4.94
532.00 0.579209 4.93
533.00 0.578964 4.93
534.00 0.578717 4.93
535.00 0.578471 4.93
536.00 0.578224 4.93
537.00 0.577979 4.92
538.00 0.577739 4.92
539.00 0.577499 4.92
540.00 0.577260 4.92
541.00 0.577020 4.92
542.00 0.576780 4.92
543.00 0.576545 4.91
544.00 0.576311 4.91
545.00 0.576076 4.90
546.00 0.575845 4.90
547.00 0.575613 4.90
548.00 0.575382 4.90
549.00 0.575150 4.90
550.00 0.574919 4.90
551.00 0.574687 4.90
552.00 0.574454 4.90
553.00 0.574230 4.89
554.00 0.574006 4.89
555.00 0.573783 4.89
556.00 0.573559 4.89
557.00 0.573336 4.88
558.00 0.573117 4.88
559.00 0.572905 4.87
560.00 0.572697 4.87
561.00 0.572489 4.87
562.00 0.572281 4.87
563.00 0.572074 4.87
564.00 0.571867 4.87
565.00 0.571660 4.87
566.00 0.571454 4.87
567.00 0.571248 4.87
568.00 0.571042 4.87
569.00 0.570835 4.87
570.00 0.570629 4.87
571.00 0.570423 4.87
572.00 0.570217 4.87
573.00 0.570011 4.87
574.00 0.569812 4.86
575.00 0.569619 4.86
576.00 0.569429 4.85
577.00 0.569251 4.84
578.00 0.569077 4.84
579.00 0.568904 4.84
580.00 0.568732 4.84
581.00 0.568562 4.84
582.00 0.568392 4.84
583.00 0.568223 4.84
584.00 0.568056 4.84
585.00 0.567889 4.84
586.00 0.567722 4.84
587.00 0.567556 4.84
588.00 0.567391 4.84
589.00 0.567227 4.84
590.00 0.567063 4.84
591.00 0.566899 4.84
592.00 0.566736 4.84
593.00 0.566574 4.84
594.00 0.566412 4.84
595.00 0.566250 4.84
596.00 0.566088 4.84
597.00 0.565927 4.84
598.00 0.565766 4.84
599.00 0.565606 4.84
600.00 0.565445 4.84
601.00 0.565285 4.84
602.00 0.565125 4.84
603.00 0.564965 4.84
604.00 0.564806 4.84
605.00 0.564648 4.83
606.00 0.564490 4.83
607.00 0.564334 4.83
608.00 0.564177 4.83
609.00 0.564020 4.83
610.00 0.563866 4.82
611.00 0.563713 4.82
612.00 0.563561 4.82
613.00 0.563409 4.82
614.00 0.563257 4.82
615.00 0.563106 4.82
616.00 0.562955 4.82
617.00 0.562804 4.82
618.00 0.562653 4.82
619.00 0.562503 4.82
620.00 0.562352 4.82
621.00 0.562202 4.82
622.00 0.562052 4.82
623.00 0.561902 4.82
624.00 0.561751 4.82
625.00 0.561601 4.82
626.00 0.561451 4.82
627.00 0.561302 4.82
628.00 0.561152 4.82
629.00 0.561001 4.82
630.00 0.560851 4.82
631.00 0.560701 4.82
632.00 0.560551 4.82
633.00 0.560401 4.82
634.00 0.560250 4.82
635.00 0.560099 4.82
636.00 0.559949 4.82
637.00 0.559798 4.82
638.00 0.559646 4.82
639.00 0.559495 4.82
640.00 0.559343 4.82
641.00 0.559191 4.82
642.00 0.559039 4.82
643.00 0.558887 4.82
644.00 0.558734 4.82
645.00 0.558581 4.82
646.00 0.558427 4.82
647.00 0.558274 4.82
648.00 0.558119 4.82
649.00 0.557965 4.82
650.00 0.557810 4.82
651.00 0.557654 4.82
652.00 0.557498 4.82
653.00 0.557342 4.82
654.00 0.557185 4.82
655.00 0.557028 4.82
656.00 0.556871 4.81
657.00 0.556714 4.81
658.00 0.556557 4.81
659.00 0.556399 4.81
660.00 0.556241 4.81
661.00 0.556082 4.81
662.00 0.555924 4.80
663.00 0.555773 4.80
664.00 0.555622 4.80
665.00 0.555471 4.80
666.00 0.555320 4.80
667.00 0.555169 4.80
668.00 0.555018 4.80
669.00 0.554866 4.80
670.00 0.554714 4.80
671.00 0.554562 4.80
672.00 0.554410 4.80
673.00 0.554257 4.80
674.00 0.554104 4.80
675.00 0.553950 4.80
676.00 0.553797 4.80
677.00 0.553642 4.80
678.00 0.553488 4.80
679.00 0.553333 4.80
680.00 0.553177 4.80
681.00 0.553021 4.80
682.00 0.552864 4.80
683.00 0.552707 4.80
684.00 0.552550 4.80
685.00 0.552392 4.80
686.00 0.552233 4.80
687.00 0.552074 4.80
688.00 0.551914 4.80
689.00 0.551753 4.80
690.00 0.551594 4.79
691.00 0.551440 4.79
692.00 0.551287 4.79
693.00 0.551133 4.79
694.00 0.550979 4.79
695.00 0.550829 4.78
696.00 0.550682 4.78
697.00 0.550534 4.78
698.00 0.550386 4.78
699.00 0.550239 4.78
700.00 0.550092 4.78
701.00 0.549944 4.78
702.00 0.549797 4.78
703.00 0.549649 4.78
704.00 0.549501 4.78
705.00 0.549354 4.78
706.00 0.549206 4.78
707.00 0.549058 4.78
708.00 0.548909 4.78
709.00 0.548761 4.78
710.00 0.548615 4.77
711.00 0.548476 4.77
712.00 0.548337 4.77
713.00 0.548198 4.77
714.00 0.548059 4.76
715.00 0.547921 4.76
716.00 0.547784 4.76
717.00 0.547646 4.76
718.00 0.547509 4.76
719.00 0.547371 4.76
720.00 0.547234 4.76
721.00 0.547096 4.76
722.00 0.546959 4.76
723.00 0.546821 4.76
724.00 0.546684 4.76
725.00 0.546546 4.76
726.00 0.546408 4.76
727.00 0.546270 4.76
728.00 0.546133 4.76
729.00 0.545994 4.76
730.00 0.545856 4.76
731.00 0.545718 4.76
732.00 0.545581 4.75
733.00 0.545445 4.75
734.00 0.545308 4.75
735.00 0.545172 4.75
736.00 0.545036 4.75
737.00 0.544899 4.75
738.00 0.544762 4.75
739.00 0.544626 4.75
740.00 0.544489 4.75
741.00 0.544352 4.75
742.00 0.544215 4.75
743.00 0.544078 4.75
744.00 0.543940 4.75
745.00 0.543802 4.75
746.00 0.543665 4.75
747.00 0.543532 4.74
748.00 0.543400 4.74
749.00 0.543269 4.74
750.00 0.543139 4.74
751.00 0.543008 4.74
752.00 0.542877 4.74
753.00 0.542747 4.74
754.00 0.542616 4.74
755.00 0.542486 4.74
756.00 0.542356 4.74
757.00 0.542225 4.74
758.00 0.542095 4.74
759.00 0.541964 4.74
760.00 0.541834 4.74
761.00 0.541703 4.74
762.00 0.541572 4.74
763.00 0.541442 4.74
764.00 0.541311 4.74
765.00 0.541181 4.73
766.00 0.541058 4.72
767.00 0.540937 4.72
768.00 0.540817 4.72
769.00 0.540701 4.71
770.00 0.540589 4.71
771.00 0.540477 4.71
772.00 0.540366 4.71
773.00 0.540255 4.71
774.00 0.540146 4.71
775.00 0.540036 4.71
776.00 0.539928 4.71
777.00 0.539820 4.71
778.00 0.539712 4.71
779.00 0.539604 4.71
780.00 0.539497 4.71
781.00 0.539391 4.71
782.00 0.539285 4.71
783.00 0.539179 4.71
784.00 0.539073 4.71
785.00 0.538968 4.71
786.00 0.538863 4.71
787.00 0.538758 4.71
788.00 0.538653 4.71
789.00 0.538549 4.71
790.00 0.538445 4.71
791.00 0.538341 4.71
792.00 0.538237 4.71
793.00 0.538133 4.71
794.00 0.538030 4.71
795.00 0.537927 4.71
796.00 0.537824 4.71
797.00 0.537721 4.71
798.00 0.537618 4.71
799.00 0.537515 4.71
800.00 0.537412 4.71
801.00 0.537310 4.71
802.00 0.537207 4.71
803.00 0.537105 4.71
804.00 0.537003 4.71
805.00 0.536900 4.71
806.00 0.536798 4.71
807.00 0.536696 4.71
808.00 0.536594 4.71
809.00 0.536492 4.71
810.00 0.536390 4.71
811.00 0.536288 4.71
812.00 0.536186 4.71
813.00 0.536084 4.71
814.00 0.535982 4.71
815.00 0.535880 4.71
816.00 0.535778 4.71
817.00 0.535676 4.71
818.00 0.535573 4.71
819.00 0.535471 4.71
820.00 0.535369 4.71
821.00 0.535267 4.71
822.00 0.535164 4.71
823.00 0.535062 4.71
824.00 0.534959 4.71
825.00 0.534857 4.71
826.00 0.534754 4.71
827.00 0.534655 4.70
828.00 0.534558 4.70
829.00 0.534460 4.70
830.00 0.534363 4.70
831.00 0.534266 4.70
832.00 0.534169 4.70
833.00 0.534073 4.70
834.00 0.533976 4.70
835.00 0.533879 4.70
836.00 0.533783 4.70
837.00 0.533687 4.70
838.00 0.533590 4.70
839.00 0.533494 4.70
840.00 0.533398 4.70
841.00 0.533301 4.70
842.00 0.533205 4.70
843.00 0.533109 4.70
844.00 0.533013 4.70
845.00 0.532916 4.70
846.00 0.532820 4.70
847.00 0.532724 4.70
848.00 0.532628 4.70
849.00 0.532531 4.70
850.00 0.532435 4.70
851.00 0.532338 4.70
852.00 0.532242 4.70
853.00 0.532145 4.70
854.00 0.532048 4.70
855.00 0.531952 4.70
856.00 0.531855 4.70
857.00 0.531758 4.70
858.00 0.531661 4.70
859.00 0.531564 4.70
860.00 0.531466 4.70
861.00 0.531369 4.70
862.00 0.531271 4.70
863.00 0.531173 4.70
864.00 0.531076 4.70
865.00 0.530977 4.70
866.00 0.530879 4.70
867.00 0.530781 4.70
868.00 0.530682 4.70
869.00 0.530585 4.69
870.00 0.530492 4.69
871.00 0.530399 4.69
872.00 0.530306 4.69
873.00 0.530214 4.69
874.00 0.530121 4.69
875.00 0.530029 4.69
876.00 0.529937 4.69
877.00 0.529844 4.69
878.00 0.529752 4.69
879.00 0.529660 4.69
880.00 0.529568 4.69
881.00 0.529476 4.69
882.00 0.529383 4.69
883.00 0.529291 4.69
884.00 0.529199 4.69
885.00 0.529107 4.69
886.00 0.529015 4.69
887.00 0.528922 4.69
888.00 0.528830 4.69
889.00 0.528738 4.69
890.00 0.528645 4.69
891.00 0.528552 4.69
892.00 0.528460 4.69
893.00 0.528367 4.69
894.00 0.528276 4.68
895.00 0.528185 4.68
896.00 0.528094 4.68
897.00 0.528003 4.68
898.00 0.527913 4.68
899.00 0.527822 4.68
900.00 0.527731 4.68
901.00 0.527640 4.68
902.00 0.527549 4.68
903.00 0.527458 4.68
904.00 0.527367 4.68
905.00 0.527277 4.68
906.00 0.527186 4.68
907.00 0.527094 4.68
908.00 0.527003 4.68
909.00 0.526912 4.68
910.00 0.526821 4.68
911.00 0.526729 4.68
912.00 0.526638 4.68
913.00 0.526546 4.68
914.00 0.526455 4.68
915.00 0.526367 4.67
916.00 0.526281 4.67
917.00 0.526195 4.67
918.00 0.526110 4.67
919.00 0.526024 4.67
920.00 0.525939 4.67
921.00 0.525854 4.67
922.00 0.525770 4.67
923.00 0.525685 4.67
924.00 0.525600 4.67
925.00 0.525516 4.67
926.00 0.525431 4.67
927.00 0.525347 4.67
928.00 0.525262 4.67
929.00 0.525178 4.67
930.00 0.525094 4.67
931.00 0.525009 4.67
932.00 0.524925 4.67
933.00 0.524841 4.67
934.00 0.524756 4.67
935.00 0.524672 4.67
936.00 0.524587 4.67
937.00 0.524503 4.67
938.00 0.524419 4.67
939.00 0.524334 4.67
940.00 0.524250 4.67
941.00 0.524165 4.67
942.00 0.524080 4.67
943.00 0.523996 4.67
944.00 0.523911 4.67
945.00 0.523826 4.67
946.00 0.523741 4.67
947.00 0.523656 4.67
948.00 0.523571 4.67
949.00 0.523486 4.67
950.00 0.523400 4.67
951.00 0.523315 4.67
952.00 0.523229 4.67
953.00 0.523144 4.67
954.00 0.523058 4.67
955.00 0.522972 4.67
956.00 0.522886 4.67
957.00 0.522800 4.67
958.00 0.522713 4.67
959.00 0.522627 4.67
960.00 0.522540 4.67
961.00 0.522453 4.67
962.00 0.522366 4.67
963.00 0.522279 4.67
964.00 0.522192 4.67
965.00 0.522104 4.67
966.00 0.522016 4.67
967.00 0.521928 4.67
968.00 0.521840 4.67
969.00 0.521752 4.67
970.00 0.521663 4.67
971.00 0.521574 4.67
972.00 0.521485 4.67
973.00 0.521396 4.67
974.00 0.521307 4.67
975.00 0.521217 4.67
976.00 0.521127 4.67
977.00 0.521036 4.67
978.00 0.520946 4.67
979.00 0.520855 4.67
980.00 0.520764 4.67
981.00 0.520673 4.67
982.00 0.520581 4.67
983.00 0.520489 4.67
984.00 0.520397 4.67
985.00 0.520304 4.66
986.00 0.520213 4.66
987.00 0.520121 4.66
988.00 0.520030 4.66
989.00 0.519938 4.66
990.00 0.519846 4.66
991.00 0.519753 4.66
992.00 0.519661 4.65
993.00 0.519569 4.65
994.00 0.519476 4.65
995.00 0.519384 4.65
996.00 0.519291 4.65
997.00 0.519198 4.65
998.00 0.519105 4.65
999.00 0.519012 4.65
1000.00 0.518918 4.65
1001.00 0.518824 4.65
1002.00 0.518730 4.65
1003.00 0.518635 4.65
1004.00 0.518543 4.64
1005.00 0.518451 4.64
1006.00 0.518360 4.63
1007.00 0.518273 4.63
1008.00 0.518187 4.63
1009.00 0.518101 4.63
1010.00 0.518015 4.63
1011.00 0.517929 4.63
1012.00 0.517843 4.63
1013.00 0.517757 4.63
1014.00 0.517672 4.63
1015.00 0.517586 4.63
1016.00 0.517501 4.63
1017.00 0.517416 4.63
1018.00 0.517331 4.63
1019.00 0.517246 4.63
1020.00 0.517161 4.63
1021.00 0.517076 4.63
1022.00 0.516991 4.63
1023.00 0.516906 4.63
1024.00 0.516821 4.63
1025.00 0.516736 4.63
1026.00 0.516651 4.63
1027.00 0.516567 4.63
1028.00 0.516482 4.63
1029.00 0.516397 4.63
1030.00 0.516312 4.63
1031.00 0.516227 4.63
1032.00 0.516142 4.63
1033.00 0.516057 4.63
1034.00 0.515972 4.63
1035.00 0.515887 4.63
1036.00 0.515801 4.63
1037.00 0.515716 4.63
1038.00 0.515631 4.63
1039.00 0.515545 4.63
1040.00 0.515460 4.63
1041.00 0.515374 4.63
1042.00 0.515288 4.63
1043.00 0.515202 4.63
1044.00 0.515116 4.63
1045.00 0.515034 4.62
1046.00 0.514953 4.62
1047.00 0.514872 4.62
1048.00 0.514791 4.62
1049.00 0.514711 4.62
1050.00 0.514630 4.62
1051.00 0.514550 4.62
1052.00 0.514470 4.62
1053.00 0.514390 4.62
1054.00 0.514310 4.62
1055.00 0.514230 4.62
1056.00 0.514150 4.62
1057.00 0.514070 4.62
1058.00 0.513990 4.62
1059.00 0.513911 4.62
1060.00 0.513831 4.62
1061.00 0.513751 4.62
1062.00 0.513671 4.62
1063.00 0.513592 4.62
1064.00 0.513512 4.62
1065.00 0.513432 4.62
1066.00 0.513352 4.62
1067.00 0.513273 4.62
1068.00 0.513193 4.62
1069.00 0.513113 4.62
1070.00 0.513033 4.62
1071.00 0.512953 4.62
1072.00 0.512873 4.62
1073.00 0.512793 4.62
1074.00 0.512713 4.62
1075.00 0.512633 4.62
1076.00 0.512552 4.62
1077.00 0.512472 4.62
1078.00 0.512392 4.62
1079.00 0.512311 4.62
1080.00 0.512230 4.62
1081.00 0.512150 4.62
1082.00 0.512069 4.62
1083.00 0.511988 4.62
1084.00 0.511907 4.62
1085.00 0.511825 4.62
1086.00 0.511744 4.62
1087.00 0.511663 4.62
1088.00 0.511581 4.62
1089.00 0.511499 4.62
1090.00 0.511417 4.62
1091.00 0.511335 4.62
1092.00 0.511253 4.62
1093.00 0.511170 4.62
1094.00 0.511088 4.62
1095.00 0.511006 4.61
1096.00 0.510927 4.61
1097.00 0.510848 4.61
1098.00 0.510769 4.61
1099.00 0.510691 4.61
1100.00 0.510612 4.61
1101.00 0.510533 4.61
1102.00 0.510455 4.61
1103.00 0.510376 4.61
1104.00 0.510298 4.61
1105.00 0.510219 4.61
1106.00 0.510140 4.61
1107.00 0.510061 4.61
1108.00 0.509983 4.61
1109.00 0.509904 4.61
1110.00 0.509825 4.61
1111.00 0.509746 4.61
1112.00 0.509667 4.61
1113.00 0.509588 4.61
1114.00 0.509508 4.61
1115.00 0.509429 4.61
1116.00 0.509350 4.61
1117.00 0.509270 4.61
1118.00 0.509190 4.61
1119.00 0.509111 4.61
1120.00 0.509031 4.61
1121.00 0.508951 4.61
1122.00 0.508871 4.61
1123.00 0.508790 4.61
1124.00 0.508710 4.61
1125.00 0.508629 4.61
1126.00 0.508549 4.61
1127.00 0.508468 4.61
1128.00 0.508387 4.61
1129.00 0.508306 4.61
1130.00 0.508224 4.61
1131.00 0.508143 4.61
1132.00 0.508061 4.61
1133.00 0.507983 4.60
1134.00 0.507905 4.60
1135.00 0.507827 4.60
1136.00 0.507750 4.60
1137.00 0.507672 4.60
1138.00 0.507594 4.60
1139.00 0.507517 4.60
1140.00 0.507439 4.60
1141.00 0.507361 4.60
1142.00 0.507284 4.60
1143.00 0.507206 4.60
1144.00 0.507128 4.60
1145.00 0.507050 4.60
1146.00 0.506973 4.60
1147.00 0.506895 4.60
1148.00 0.506817 4.60
1149.00 0.506739 4.60
1150.00 0.506661 4.60
1151.00 0.506586 4.59
1152.00 0.506511 4.59
1153.00 0.506436 4.59
1154.00 0.506361 4.59
1155.00 0.506286 4.59
1156.00 0.506212 4.59
1157.00 0.506137 4.59
1158.00 0.506063 4.59
1159.00 0.505989 4.59
1160.00 0.505915 4.59
1161.00 0.505840 4.59
1162.00 0.505766 4.59
1163.00 0.505692 4.59
1164.00 0.505618 4.59
1165.00 0.505544 4.59
1166.00 0.505470 4.59
1167.00 0.505396 4.59
1168.00 0.505321 4.59
1169.00 0.505247 4.59
1170.00 0.505173 4.59
1171.00 0.505099 4.59
1172.00 0.505025 4.59
1173.00 0.504950 4.59
1174.00 0.504876 4.59
1175.00 0.504802 4.59
1176.00 0.504729 4.58
1177.00 0.504660 4.58
1178.00 0.504591 4.58
1179.00 0.504522 4.58
1180.00 0.504453 4.58
1181.00 0.504385 4.58
1182.00 0.504317 4.58
1183.00 0.504249 4.58
1184.00 0.504181 4.58
1185.00 0.504113 4.58
1186.00 0.504046 4.57
1187.00 0.503983 4.57
1188.00 0.503921 4.57
1189.00 0.503859 4.57
1190.00 0.503798 4.57
1191.00 0.503736 4.57
1192.00 0.503676 4.57
1193.00 0.503616 4.57
1194.00 0.503555 4.57
1195.00 0.503496 4.57
1196.00 0.503436 4.57
1197.00 0.503377 4.57
1198.00 0.503318 4.57
1199.00 0.503259 4.57
1200.00 0.503201 4.57
1201.00 0.503143 4.57
1202.00 0.503085 4.57
1203.00 0.503027 4.57
1204.00 0.502969 4.57
1205.00 0.502912 4.57
1206.00 0.502855 4.57
1207.00 0.502797 4.57
1208.00 0.502741 4.57
1209.00 0.502684 4.57
1210.00 0.502627 4.57
1211.00 0.502571 4.57
1212.00 0.502515 4.57
1213.00 0.502459 4.57
1214.00 0.502403 4.57
1215.00 0.502347 4.57
1216.00 0.502292 4.57
1217.00 0.502236 4.57
1218.00 0.502181 4.57
1219.00 0.502126 4.57
1220.00 0.502071 4.57
1221.00 0.502016 4.57
1222.00 0.501961 4.57
1223.00 0.501908 4.56
1224.00 0.501856 4.56
1225.00 0.501804 4.56
1226.00 0.501752 4.56
1227.00 0.501700 4.56
1228.00 0.501649 4.56
1229.00 0.501598 4.56
1230.00 0.501547 4.56
1231.00 0.501496 4.56
1232.00 0.501446 4.56
1233.00 0.501395 4.56
1234.00 0.501345 4.56
1235.00 0.501295 4.56
1236.00 0.501246 4.56
1237.00 0.501196 4.56
1238.00 0.501146 4.56
1239.00 0.501097 4.56
1240.00 0.501048 4.56
1241.00 0.500999 4.56
1242.00 0.500950 4.56
1243.00 0.500902 4.56
1244.00 0.500853 4.56
1245.00 0.500805 4.56
1246.00 0.500757 4.56
1247.00 0.500708 4.56
1248.00 0.500660 4.56
1249.00 0.500613 4.56
1250.00 0.500565 4.56
1251.00 0.500517 4.56
1252.00 0.500470 4.56
1253.00 0.500423 4.56
1254.00 0.500376 4.56
1255.00 0.500328 4.56
1256.00 0.500281 4.56
1257.00 0.500235 4.56
1258.00 0.500188 4.56
1259.00 0.500141 4.56
1260.00 0.500095 4.56
1261.00 0.500048 4.56
1262.00 0.500002 4.56
1263.00 0.499956 4.56
1264.00 0.499910 4.56
1265.00 0.499864 4.56
1266.00 0.499818 4.56
1267.00 0.499772 4.56
1268.00 0.499726 4.56
1269.00 0.499681 4.56
1270.00 0.499635 4.56
1271.00 0.499590 4.56
1272.00 0.499544 4.56
1273.00 0.499499 4.56
1274.00 0.499454 4.56
1275.00 0.499408 4.56
1276.00 0.499363 4.56
1277.00 0.499318 4.56
1278.00 0.499273 4.56
1279.00 0.499228 4.56
1280.00 0.499184 4.56
1281.00 0.499139 4.56
1282.00 0.499094 4.56
1283.00 0.499050 4.56
1284.00 0.499005 4.56
1285.00 0.498961 4.56
1286.00 0.498916 4.56
1287.00 0.498872 4.56
1288.00 0.498827 4.56
1289.00 0.498783 4.56
1290.00 0.498739 4.56
1291.00 0.498695 4.56
1292.00 0.498651 4.56
1293.00 0.498607 4.56
1294.00 0.498563 4.56
1295.00 0.498519 4.56
1296.00 0.498475 4.56
1297.00 0.498431 4.56
1298.00 0.498387 4.56
1299.00 0.498343 4.56
1300.00 0.498299 4.56
1301.00 0.498256 4.56
1302.00 0.498212 4.56
1303.00 0.498168 4.56
1304.00 0.498124 4.56
1305.00 0.498081 4.56
1306.00 0.498037 4.56
1307.00 0.497994 4.56
1308.00 0.497950 4.56
1309.00 0.497907 4.56
1310.00 0.497863 4.56
1311.00 0.497820 4.56
1312.00 0.497776 4.56
1313.00 0.497733 4.56
1314.00 0.497689 4.56
1315.00 0.497646 4.56
1316.00 0.497602 4.56
1317.00 0.497559 4.56
1318.00 0.497516 4.56
1319.00 0.497472 4.56
1320.00 0.497429 4.56
1321.00 0.497386 4.56
1322.00 0.497342 4.56
1323.00 0.497299 4.56
1324.00 0.497256 4.56
1325.00 0.497212 4.56
1326.00 0.497169 4.56
1327.00 0.497125 4.56
1328.00 0.497082 4.56
1329.00 0.497039 4.56
1330.00 0.496995 4.56
1331.00 0.496952 4.56
1332.00 0.496909 4.56
1333.00 0.496865 4.56
1334.00 0.496822 4.56
1335.00 0.496778 4.56
1336.00 0.496735 4.56
1337.00 0.496691 4.56
1338.00 0.496648 4.56
1339.00 0.496604 4.56
1340.00 0.496561 4.56
1341.00 0.496517 4.56
1342.00 0.496474 4.55
1343.00 0.496431 4.55
1344.00 0.496389 4.55
1345.00 0.496346 4.55
1346.00 0.496304 4.55
1347.00 0.496262 4.55
1348.00 0.496219 4.55
1349.00 0.496177 4.55
1350.00 0.496135 4.55
1351.00 0.496093 4.55
1352.00 0.496050 4.55
1353.00 0.496008 4.55
1354.00 0.495966 4.55
1355.00 0.495924 4.55
1356.00 0.495882 4.55
1357.00 0.495840 4.55
1358.00 0.495798 4.55
1359.00 0.495756 4.55
1360.00 0.495714 4.55
1361.00 0.495672 4.55
1362.00 0.495630 4.55
1363.00 0.495588 4.55
1364.00 0.495546 4.55
1365.00 0.495504 4.55
1366.00 0.495462 4.55
1367.00 0.495420 4.55
1368.00 0.495378 4.55
1369.00 0.495336 4.55
1370.00 0.495294 4.55
1371.00 0.495252 4.55
1372.00 0.495210 4.55
1373.00 0.495168 4.55
1374.00 0.495126 4.55
1375.00 0.495084 4.55
1376.00 0.495041 4.55
1377.00 0.494999 4.55
1378.00 0.494957 4.55
1379.00 0.494915 4.55
1380.00 0.494873 4.55
1381.00 0.494831 4.55
1382.00 0.494789 4.55
1383.00 0.494746 4.55
1384.00 0.494704 4.55
1385.00 0.494662 4.55
1386.00 0.494619 4.55
1387.00 0.494577 4.55
1388.00 0.494535 4.55
1389.00 0.494492 4.55
1390.00 0.494450 4.55
1391.00 0.494407 4.55
1392.00 0.494365 4.55
1393.00 0.494322 4.55
1394.00 0.494279 4.55
1395.00 0.494237 4.55
1396.00 0.494194 4.55
1397.00 0.494151 4.55
1398.00 0.494108 4.55
1399.00 0.494065 4.55
1400.00 0.494022 4.55
1401.00 0.493979 4.55
1402.00 0.493936 4.55
1403.00 0.493893 4.55
1404.00 0.493850 4.55
1405.00 0.493806 4.55
1406.00 0.493763 4.55
1407.00 0.493720 4.55
1408.00 0.493676 4.55
1409.00 0.493632 4.55
1410.00 0.493589 4.55
1411.00 0.493545 4.55
1412.00 0.493501 4.55
1413.00 0.493457 4.55
1414.00 0.493413 4.55
1415.00 0.493369 4.55
1416.00 0.493325 4.55
1417.00 0.493281 4.55
1418.00 0.493236 4.55
1419.00 0.493192 4.55
1420.00 0.493147 4.55
1421.00 0.493103 4.55
1422.00 0.493058 4.55
1423.00 0.493013 4.55
1424.00 0.492968 4.55
1425.00 0.492923 4.55
1426.00 0.492878 4.55
1427.00 0.492833 4.55
1428.00 0.492787 4.55
1429.00 0.492742 4.55
1430.00 0.492696 4.55
1431.00 0.492650 4.55
1432.00 0.492605 4.55
1433.00 0.492559 4.55
1434.00 0.492513 4.55
1435.00 0.492466 4.55
1436.00 0.492420 4.55
1437.00 0.492373 4.55
1438.00 0.492327 4.55
1439.00 0.492280 4.55
1440.00 0.492233 4.55
1441.00 0.492186 4.55
1442.00 0.492139 4.55
1443.00 0.492092 4.55
1444.00 0.492044 4.55
1445.00 0.491997 4.55
1446.00 0.491949 4.55
1447.00 0.491901 4.55
1448.00 0.491853 4.55
1449.00 0.491805 4.55
1450.00 0.491756 4.55
1451.00 0.491708 4.55
1452.00 0.491659 4.55
1453.00 0.491610 4.55
1454.00 0.491561 4.55
1455.00 0.491512 4.55
1456.00 0.491462 4.55
1457.00 0.491413 4.55
1458.00 0.491363 4.55
1459.00 0.491313 4.55
1460.00 0.491263 4.55
1461.00 0.491212 4.55
1462.00 0.491162 4.55
1463.00 0.491111 4.55
1464.00 0.491060 4.55
1465.00 0.491009 4.55
1466.00 0.490958 4.55
1467.00 0.490906 4.55
1468.00 0.490854 4.55
1469.00 0.490802 4.55
1470.00 0.490750 4.55
1471.00 0.490698 4.55
1472.00 0.490645 4.55
1473.00 0.490592 4.55
1474.00 0.490539 4.55
1475.00 0.490486 4.55
1476.00 0.490432 4.55
1477.00 0.490379 4.55
1478.00 0.490325 4.55
1479.00 0.490270 4.55
1480.00 0.490216 4.55
1481.00 0.490161 4.55
1482.00 0.490106 4.55
1483.00 0.490051 4.55
1484.00 0.489995 4.55
1485.00 0.489939 4.55
1486.00 0.489883 4.55
1487.00 0.489827 4.55
1488.00 0.489770 4.55
1489.00 0.489713 4.55
1490.00 0.489656 4.55
1491.00 0.489599 4.55
1492.00 0.489541 4.55
1493.00 0.489483 4.55
1494.00 0.489425 4.55
1495.00 0.489366 4.55
1496.00 0.489307 4.55
1497.00 0.489248 4.54
1498.00 0.489192 4.54
1499.00 0.489136 4.54
1500.00 0.489079 4.54
1501.00 0.489023 4.54
1502.00 0.488966 4.54
1503.00 0.488910 4.54
1504.00 0.488853 4.54
1505.00 0.488796 4.54
1506.00 0.488739 4.54
1507.00 0.488681 4.54
1508.00 0.488624 4.54
1509.00 0.488567 4.54
1510.00 0.488509 4.54
1511.00 0.488451 4.54
1512.00 0.488395 4.53
1513.00 0.488341 4.53
1514.00 0.488287 4.53
1515.00 0.488233 4.53
1516.00 0.488179 4.53
1517.00 0.488125 4.53
1518.00 0.488072 4.53
1519.00 0.488018 4.53
1520.00 0.487964 4.53
1521.00 0.487910 4.53
1522.00 0.487857 4.53
1523.00 0.487803 4.53
1524.00 0.487749 4.53
1525.00 0.487696 4.53
1526.00 0.487642 4.53
1527.00 0.487588 4.53
1528.00 0.487534 4.53
1529.00 0.487481 4.53
1530.00 0.487427 4.53
1531.00 0.487373 4.53
1532.00 0.487319 4.53
1533.00 0.487265 4.53
1534.00 0.487211 4.53
1535.00 0.487157 4.53
1536.00 0.487103 4.53
1537.00 0.487049 4.53
1538.00 0.486995 4.53
1539.00 0.486940 4.53
1540.00 0.486886 4.53
1541.00 0.486832 4.53
1542.00 0.486777 4.53
1543.00 0.486723 4.53
1544.00 0.486668 4.53
1545.00 0.486613 4.53
1546.00 0.486559 4.53
1547.00 0.486504 4.53
1548.00 0.486449 4.53
1549.00 0.486394 4.53
1550.00 0.486339 4.53
1551.00 0.486284 4.53
1552.00 0.486228 4.53
1553.00 0.486173 4.53
1554.00 0.486117 4.53
1555.00 0.486062 4.53
1556.00 0.486006 4.53
1557.00 0.485950 4.53
1558.00 0.485894 4.53
1559.00 0.485838 4.53
1560.00 0.485782 4.53
1561.00 0.485725 4.53
1562.00 0.485669 4.53
1563.00 0.485612 4.53
1564.00 0.485556 4.53
1565.00 0.485499 4.53
1566.00 0.485442 4.53
1567.00 0.485385 4.53
1568.00 0.485327 4.53
1569.00 0.485270 4.53
1570.00 0.485212 4.53
1571.00 0.485155 4.53
1572.00 0.485097 4.53
1573.00 0.485039 4.53
1574.00 0.484980 4.53
1575.00 0.484922 4.53
1576.00 0.484864 4.53
1577.00 0.484805 4.53
1578.00 0.484746 4.53
1579.00 0.484687 4.53
1580.00 0.484628 4.53
1581.00 0.484568 4.53
1582.00 0.484509 4.53
1583.00 0.484449 4.53
1584.00 0.484389 4.53
1585.00 0.484329 4.53
1586.00 0.484268 4.53
1587.00 0.484208 4.53
1588.00 0.484147 4.53
1589.00 0.484086 4.53
1590.00 0.484026 4.52
1591.00 0.483967 4.52
1592.00 0.483907 4.52
1593.00 0.483847 4.52
1594.00 0.483787 4.52
1595.00 0.483728 4.52
1596.00 0.483668 4.52
1597.00 0.483607 4.52
1598.00 0.483548 4.51
1599.00 0.483491 4.51
1600.00 0.483434 4.51
1601.00 0.483377 4.51
1602.00 0.483320 4.51
1603.00 0.483263 4.51
1604.00 0.483207 4.51
1605.00 0.483150 4.51
1606.00 0.483093 4.51
1607.00 0.483036 4.51
1608.00 0.482980 4.51
1609.00 0.482923 4.51
1610.00 0.482866 4.51
1611.00 0.482810 4.51
1612.00 0.482753 4.51
1613.00 0.482698 4.50
1614.00 0.482644 4.50
1615.00 0.482591 4.50
1616.00 0.482538 4.50
1617.00 0.482485 4.50
1618.00 0.482432 4.50
1619.00 0.482379 4.50
1620.00 0.482327 4.50
1621.00 0.482274 4.50
1622.00 0.482222 4.50
1623.00 0.482170 4.50
1624.00 0.482118 4.50
1625.00 0.482066 4.50
1626.00 0.482014 4.50
1627.00 0.481962 4.50
1628.00 0.481910 4.50
1629.00 0.481859 4.50
1630.00 0.481807 4.50
1631.00 0.481755 4.50
1632.00 0.481704 4.50
1633.00 0.481652 4.50
1634.00 0.481601 4.50
1635.00 0.481550 4.50
1636.00 0.481499 4.50
1637.00 0.481447 4.50
1638.00 0.481396 4.50
1639.00 0.481345 4.50
1640.00 0.481294 4.50
1641.00 0.481243 4.50
1642.00 0.481192 4.50
1643.00 0.481141 4.50
1644.00 0.481090 4.50
1645.00 0.481039 4.50
1646.00 0.480988 4.50
1647.00 0.480937 4.50
1648.00 0.480886 4.50
1649.00 0.480835 4.50
1650.00 0.480785 4.50
1651.00 0.480734 4.50
1652.00 0.480683 4.50
1653.00 0.480632 4.50
1654.00 0.480581 4.50
1655.00 0.480531 4.50
1656.00 0.480480 4.50
1657.00 0.480429 4.49
1658.00 0.480382 4.49
1659.00 0.480334 4.49
1660.00 0.480287 4.49
1661.00 0.480240 4.49
1662.00 0.480194 4.49
1663.00 0.480147 4.49
1664.00 0.480101 4.49
1665.00 0.480055 4.49
1666.00 0.480008 4.49
1667.00 0.479963 4.49
1668.00 0.479917 4.49
1669.00 0.479871 4.49
1670.00 0.479825 4.49
1671.00 0.479780 4.49
1672.00 0.479734 4.49
1673.00 0.479689 4.49
1674.00 0.479643 4.49
1675.00 0.479598 4.49
1676.00 0.479553 4.49
1677.00 0.479508 4.49
1678.00 0.479463 4.49
1679.00 0.479418 4.49
1680.00 0.479373 4.49
1681.00 0.479328 4.48
1682.00 0.479284 4.48
1683.00 0.479240 4.48
1684.00 0.479197 4.48
1685.00 0.479154 4.48
1686.00 0.479110 4.48
1687.00 0.479067 4.48
1688.00 0.479024 4.48
1689.00 0.478981 4.48
1690.00 0.478938 4.48
1691.00 0.478895 4.48
1692.00 0.478853 4.48
1693.00 0.478810 4.48
1694.00 0.478768 4.48
1695.00 0.478725 4.48
1696.00 0.478683 4.48
1697.00 0.478640 4.48
1698.00 0.478598 4.48
1699.00 0.478556 4.48
1700.00 0.478514 4.48
1701.00 0.478472 4.48
1702.00 0.478430 4.48
1703.00 0.478389 4.48
1704.00 0.478347 4.48
1705.00 0.478305 4.48
1706.00 0.478264 4.48
1707.00 0.478222 4.48
1708.00 0.478181 4.48
1709.00 0.478139 4.48
1710.00 0.478098 4.48
1711.00 0.478057 4.48
1712.00 0.478015 4.48
1713.00 0.477974 4.48
1714.00 0.477933 4.48
1715.00 0.477892 4.48
1716.00 0.477851 4.48
1717.00 0.477810 4.48
1718.00 0.477769 4.48
1719.00 0.477729 4.48
1720.00 0.477688 4.48
1721.00 0.477647 4.48
1722.00 0.477606 4.48
1723.00 0.477566 4.48
1724.00 0.477525 4.48
1725.00 0.477485 4.48
1726.00 0.477444 4.48
1727.00 0.477404 4.48
1728.00 0.477363 4.48
1729.00 0.477323 4.48
1730.00 0.477282 4.48
1731.00 0.477242 4.48
1732.00 0.477202 4.48
1733.00 0.477162 4.48
1734.00 0.477121 4.48
1735.00 0.477081 4.48
1736.00 0.477041 4.48
1737.00 0.477001 4.48
1738.00 0.476961 4.48
1739.00 0.476921 4.48
1740.00 0.476881 4.48
1741.00 0.476841 4.48
1742.00 0.476801 4.48
1743.00 0.476761 4.48
1744.00 0.476721 4.48
1745.00 0.476682 4.47
1746.00 0.476644 4.47
1747.00 0.476607 4.47
1748.00 0.476570 4.47
1749.00 0.476533 4.47
1750.00 0.476496 4.47
1751.00 0.476459 4.47
1752.00 0.476423 4.47
1753.00 0.476386 4.47
1754.00 0.476350 4.47
1755.00 0.476314 4.47
1756.00 0.476278 4.47
1757.00 0.476242 4.47
1758.00 0.476206 4.47
1759.00 0.476171 4.47
1760.00 0.476135 4.47
1761.00 0.476100 4.47
1762.00 0.476064 4.47
1763.00 0.476029 4.47
1764.00 0.475994 4.47
1765.00 0.475959 4.47
1766.00 0.475924 4.47
1767.00 0.475889 4.47
1768.00 0.475855 4.47
1769.00 0.475820 4.47
1770.00 0.475786 4.47
1771.00 0.475751 4.47
1772.00 0.475717 4.47
1773.00 0.475683 4.47
1774.00 0.475649 4.47
1775.00 0.475615 4.47
1776.00 0.475581 4.47
1777.00 0.475547 4.47
1778.00 0.475513 4.47
1779.00 0.475479 4.47
1780.00 0.475446 4.47
1781.00 0.475412 4.47
1782.00 0.475379 4.47
1783.00 0.475345 4.47
1784.00 0.475312 4.47
1785.00 0.475278 4.47
1786.00 0.475245 4.47
1787.00 0.475212 4.47
1788.00 0.475179 4.47
1789.00 0.475146 4.47
1790.00 0.475113 4.47
1791.00 0.475080 4.47
1792.00 0.475047 4.47
1793.00 0.475016 4.46
1794.00 0.474985 4.46
1795.00 0.474954 4.46
1796.00 0.474923 4.46
1797.00 0.474893 4.46
1798.00 0.474862 4.46
1799.00 0.474832 4.46
1800.00 0.474802 4.46
1801.00 0.474772 4.46
1802.00 0.474743 4.46
1803.00 0.474713 4.46
1804.00 0.474684 4.46
1805.00 0.474654 4.46
1806.00 0.474625 4.46
1807.00 0.474596 4.46
1808.00 0.474567 4.46
1809.00 0.474538 4.46
1810.00 0.474509 4.46
1811.00 0.474481 4.46
1812.00 0.474452 4.46
1813.00 0.474424 4.46
1814.00 0.474396 4.46
1815.00 0.474367 4.46
1816.00 0.474339 4.46
1817.00 0.474311 4.46
1818.00 0.474283 4.46
1819.00 0.474256 4.46
1820.00 0.474228 4.46
1821.00 0.474200 4.46
1822.00 0.474173 4.46
1823.00 0.474146 4.46
1824.00 0.474118 4.46
1825.00 0.474091 4.46
1826.00 0.474064 4.46
1827.00 0.474037 4.46
1828.00 0.474010 4.46
1829.00 0.473983 4.46
1830.00 0.473956 4.46
1831.00 0.473929 4.46
1832.00 0.473903 4.46
1833.00 0.473876 4.46
1834.00 0.473850 4.46
1835.00 0.473823 4.46
1836.00 0.473797 4.46
1837.00 0.473771 4.46
1838.00 0.473745 4.46
1839.00 0.473719 4.46
1840.00 0.473693 4.46
1841.00 0.473667 4.46
1842.00 0.473641 4.46
1843.00 0.473615 4.46
1844.00 0.473589 4.46
1845.00 0.473564 4.46
1846.00 0.473538 4.46
1847.00 0.473513 4.46
1848.00 0.473487 4.46
1849.00 0.473462 4.46
1850.00 0.473437 4.46
1851.00 0.473411 4.46
1852.00 0.473386 4.46
1853.00 0.473361 4.46
1854.00 0.473336 4.46
1855.00 0.473311 4.46
1856.00 0.473286 4.46
1857.00 0.473261 4.46
1858.00 0.473237 4.46
1859.00 0.473212 4.46
1860.00 0.473187 4.46
1861.00 0.473162 4.46
1862.00 0.473138 4.46
1863.00 0.473113 4.46
1864.00 0.473089 4.46
1865.00 0.473065 4.46
1866.00 0.473040 4.46
1867.00 0.473016 4.46
1868.00 0.472992 4.46
1869.00 0.472968 4.46
1870.00 0.472943 4.46
1871.00 0.472919 4.46
1872.00 0.472895 4.46
1873.00 0.472871 4.46
1874.00 0.472848 4.45
1875.00 0.472824 4.45
1876.00 0.472801 4.45
1877.00 0.472778 4.45
1878.00 0.472755 4.45
1879.00 0.472732 4.45
1880.00 0.472710 4.45
1881.00 0.472687 4.45
1882.00 0.472664 4.45
1883.00 0.472642 4.45
1884.00 0.472619 4.45
1885.00 0.472597 4.45
1886.00 0.472575 4.45
1887.00 0.472552 4.45
1888.00 0.472530 4.45
1889.00 0.472508 4.45
1890.00 0.472486 4.45
1891.00 0.472464 4.45
1892.00 0.472442 4.45
1893.00 0.472421 4.45
1894.00 0.472399 4.45
1895.00 0.472377 4.45
1896.00 0.472356 4.45
1897.00 0.472334 4.45
1898.00 0.472313 4.45
1899.00 0.472291 4.45
1900.00 0.472270 4.45
1901.00 0.472249 4.45
1902.00 0.472227 4.45
1903.00 0.472206 4.45
1904.00 0.472185 4.45
1905.00 0.472164 4.45
1906.00 0.472143 4.45
1907.00 0.472122 4.45
1908.00 0.472101 4.45
1909.00 0.472081 4.45
1910.00 0.472060 4.45
1911.00 0.472039 4.45
1912.00 0.472019 4.45
1913.00 0.471998 4.45
1914.00 0.471978 4.45
1915.00 0.471957 4.45
1916.00 0.471937 4.45
1917.00 0.471916 4.45
1918.00 0.471896 4.45
1919.00 0.471876 4.45
1920.00 0.471856 4.45
1921.00 0.471836 4.45
1922.00 0.471815 4.45
1923.00 0.471795 4.45
1924.00 0.471775 4.45
1925.00 0.471755 4.45
1926.00 0.471736 4.45
1927.00 0.471716 4.45
1928.00 0.471696 4.45
1929.00 0.471676 4.45
1930.00 0.471656 4.45
1931.00 0.471637 4.45
1932.00 0.471617 4.45
1933.00 0.471598 4.45
1934.00 0.471578 4.45
1935.00 0.471559 4.45
1936.00 0.471539 4.45
1937.00 0.471520 4.45
1938.00 0.471500 4.45
1939.00 0.471481 4.45
1940.00 0.471462 4.45
1941.00 0.471443 4.45
1942.00 0.471423 4.45
1943.00 0.471404 4.45
1944.00 0.471385 4.45
1945.00 0.471366 4.45
1946.00 0.471347 4.45
1947.00 0.471328 4.45
1948.00 0.471309 4.45
1949.00 0.471290 4.45
1950.00 0.471271 4.45
1951.00 0.471252 4.45
1952.00 0.471233 4.45
1953.00 0.471215 4.45
1954.00 0.471196 4.45
1955.00 0.471177 4.45
1956.00 0.471159 4.45
1957.00 0.471140 4.45
1958.00 0.471121 4.45
1959.00 0.471103 4.45
1960.00 0.471084 4.45
1961.00 0.471066 4.45
1962.00 0.471047 4.45
1963.00 0.471029 4.45
1964.00 0.471010 4.45
1965.00 0.470992 4.45
1966.00 0.470974 4.45
1967.00 0.470955 4.45
1968.00 0.470937 4.45
1969.00 0.470919 4.45
1970.00 0.470901 4.45
1971.00 0.470882 4.45
1972.00 0.470864 4.45
1973.00 0.470846 4.45
1974.00 0.470828 4.45
1975.00 0.470810 4.45
1976.00 0.470792 4.45
1977.00 0.470774 4.45
1978.00 0.470756 4.45
1979.00 0.470738 4.45
1980.00 0.470720 4.45
1981.00 0.470702 4.45
1982.00 0.470684 4.45
1983.00 0.470666 4.45
1984.00 0.470648 4.45
1985.00 0.470631 4.45
1986.00 0.470613 4.45
1987.00 0.470595 4.45
1988.00 0.470577 4.45
1989.00 0.470560 4.45
1990.00 0.470542 4.45
1991.00 0.470524 4.45
1992.00 0.470506 4.45
1993.00 0.470489 4.45
1994.00 0.470471 4.45
1995.00 0.470454 4.45
1996.00 0.470436 4.45
1997.00 0.470419 4.45
1998.00 0.470401 4.45
1999.00 0.470383 4.45
2000.00 0.470366 4.45
