0.00 0.349418 3.86
1.00 0.348264 3.86
2.00 0.347107 3.86
3.00 0.345945 3.86
4.00 0.344780 3.86
5.00 0.343615 3.85
6.00 0.342448 3.85
7.00 0.341277 3.85
8.00 0.340104 3.84
9.00 0.338933 3.84
10.00 0.337763 3.83
11.00 0.336594 3.83
12.00 0.335423 3.83
13.00 0.334249 3.83
14.00 0.333073 3.83
15.00 0.331893 3.83
16.00 0.330710 3.83
17.00 0.329523 3.83
18.00 0.328337 3.82
19.00 0.327150 3.82
20.00 0.325959 3.82
21.00 0.324764 3.82
22.00 0.323564 3.82
23.00 0.322359 3.82
24.00 0.321159 3.81
25.00 0.319957 3.81
26.00 0.318750 3.80
27.00 0.317555 3.80
28.00 0.316356 3.80
29.00 0.315152 3.80
30.00 0.313943 3.80
31.00 0.312728 3.80
32.00 0.311508 3.80
33.00 0.310291 3.78
34.00 0.309088 3.78
35.00 0.307880 3.78
36.00 0.306678 3.77
37.00 0.305488 3.76
38.00 0.304296 3.76
39.00 0.303099 3.76
40.00 0.301907 3.74
41.00 0.300733 3.74
42.00 0.299559 3.73
43.00 0.298393 3.73
44.00 0.297222 3.73
45.00 0.296044 3.73
46.00 0.294860 3.73
47.00 0.293668 3.73
48.00 0.292470 3.73
49.00 0.291266 3.72
50.00 0.290072 3.69
51.00 0.288921 3.69
52.00 0.287774 3.68
53.00 0.286628 3.68
54.00 0.285476 3.68
55.00 0.284318 3.68
56.00 0.283154 3.68
57.00 0.282008 3.67
58.00 0.280856 3.67
59.00 0.279698 3.67
60.00 0.278532 3.67
61.00 0.277365 3.66
62.00 0.276195 3.65
63.00 0.275032 3.65
64.00 0.273866 3.64
65.00 0.272704 3.63
66.00 0.271553 3.62
67.00 0.270422 3.61
68.00 0.269335 3.56
69.00 0.268273 3.56
70.00 0.267230 3.55
71.00 0.266190 3.54
72.00 0.265175 3.53
73.00 0.264169 3.53
74.00 0.263173 3.52
75.00 0.262192 3.51
76.00 0.261219 3.50
77.00 0.260259 3.50
78.00 0.259305 3.49
79.00 0.258356 3.48
80.00 0.257421 3.48
81.00 0.256482 3.48
82.00 0.255539 3.48
83.00 0.254605 3.47
84.00 0.253688 3.45
85.00 0.252779 3.45
86.00 0.251866 3.45
87.00 0.250970 3.44
88.00 0.250074 3.44
89.00 0.249176 3.43
90.00 0.248297 3.43
91.00 0.247413 3.43
92.00 0.246544 3.42
93.00 0.245698 3.39
94.00 0.244890 3.39
95.00 0.244078 3.39
96.00 0.243262 3.39
97.00 0.242441 3.39
98.00 0.241615 3.39
99.00 0.240784 3.39
100.00 0.239956 3.38
101.00 0.239166 3.36
102.00 0.238390 3.35
103.00 0.237633 3.35
104.00 0.236871 3.35
105.00 0.236105 3.35
106.00 0.235334 3.35
107.00 0.234575 3.34
108.00 0.233815 3.34
109.00 0.233067 3.33
110.00 0.232348 3.31
111.00 0.231637 3.30
112.00 0.231004 3.26
113.00 0.230389 3.26
114.00 0.229771 3.26
115.00 0.229163 3.25
116.00 0.228559 3.25
117.00 0.227985 3.23
118.00 0.227424 3.23
119.00 0.226862 3.23
120.00 0.226301 3.22
121.00 0.225760 3.22
122.00 0.225216 3.22
123.00 0.224706 3.20
124.00 0.224212 3.20
125.00 0.223715 3.20
126.00 0.223224 3.19
127.00 0.222737 3.19
128.00 0.222247 3.19
129.00 0.221755 3.19
130.00 0.221275 3.18
131.00 0.220810 3.17
132.00 0.220360 3.17
133.00 0.219914 3.16
134.00 0.219495 3.15
135.00 0.219089 3.15
136.00 0.218682 3.15
137.00 0.218272 3.15
138.00 0.217880 3.14
139.00 0.217494 3.13
140.00 0.217123 3.13
141.00 0.216750 3.13
142.00 0.216375 3.13
143.00 0.215998 3.13
144.00 0.215620 3.13
145.00 0.215239 3.13
146.00 0.214856 3.13
147.00 0.214480 3.12
148.00 0.214121 3.11
149.00 0.213779 3.11
150.00 0.213436 3.11
151.00 0.213097 3.10
152.00 0.212773 3.10
153.00 0.212448 3.10
154.00 0.212140 3.08
155.00 0.211838 3.08
156.00 0.211536 3.08
157.00 0.211232 3.08
158.00 0.210928 3.08
159.00 0.210622 3.08
160.00 0.210329 3.07
161.00 0.210039 3.07
162.00 0.209749 3.07
163.00 0.209457 3.07
164.00 0.209164 3.07
165.00 0.208870 3.07
166.00 0.208574 3.07
167.00 0.208297 3.06
168.00 0.208021 3.06
169.00 0.207744 3.06
170.00 0.207469 3.05
171.00 0.207201 3.04
172.00 0.206937 3.04
173.00 0.206677 3.02
174.00 0.206431 3.02
175.00 0.206187 3.01
176.00 0.205959 3.00
177.00 0.205739 3.00
178.00 0.205519 3.00
179.00 0.205315 2.99
180.00 0.205113 2.99
181.00 0.204912 2.99
182.00 0.204716 2.98
183.00 0.204531 2.97
184.00 0.204359 2.96
185.00 0.204196 2.96
186.00 0.204034 2.95
187.00 0.203881 2.95
188.00 0.203729 2.95
189.00 0.203579 2.95
190.00 0.203430 2.95
191.00 0.203300 2.94
192.00 0.203173 2.94
193.00 0.203047 2.94
194.00 0.202923 2.94
195.00 0.202800 2.94
196.00 0.202678 2.94
197.00 0.202557 2.94
198.00 0.202437 2.94
199.00 0.202318 2.94
200.00 0.202199 2.94
201.00 0.202080 2.94
202.00 0.201962 2.94
203.00 0.201845 2.94
204.00 0.201727 2.94
205.00 0.201610 2.94
206.00 0.201493 2.94
207.00 0.201377 2.94
208.00 0.201260 2.94
209.00 0.201143 2.94
210.00 0.201027 2.94
211.00 0.200910 2.94
212.00 0.200793 2.94
213.00 0.200676 2.94
214.00 0.200559 2.94
215.00 0.200442 2.94
216.00 0.200331 2.93
217.00 0.200227 2.93
218.00 0.200123 2.93
219.00 0.200019 2.93
220.00 0.199916 2.93
221.00 0.199813 2.93
222.00 0.199710 2.93
223.00 0.199607 2.93
224.00 0.199504 2.93
225.00 0.199401 2.93
226.00 0.199299 2.93
227.00 0.199196 2.93
228.00 0.199093 2.93
229.00 0.198990 2.93
230.00 0.198888 2.93
231.00 0.198785 2.93
232.00 0.198682 2.93
233.00 0.198579 2.93
234.00 0.198485 2.92
235.00 0.198403 2.91
236.00 0.198324 2.91
237.00 0.198247 2.91
238.00 0.198170 2.91
239.00 0.198100 2.90
240.00 0.198036 2.90
241.00 0.197973 2.90
242.00 0.197911 2.90
243.00 0.197849 2.90
244.00 0.197789 2.90
245.00 0.197730 2.90
246.00 0.197671 2.90
247.00 0.197613 2.90
248.00 0.197556 2.90
249.00 0.197499 2.90
250.00 0.197443 2.90
251.00 0.197388 2.90
252.00 0.197333 2.90
253.00 0.197279 2.90
254.00 0.197225 2.90
255.00 0.197172 2.90
256.00 0.197119 2.90
257.00 0.197066 2.90
258.00 0.197015 2.90
259.00 0.196963 2.90
260.00 0.196912 2.90
261.00 0.196861 2.90
262.00 0.196810 2.90
263.00 0.196760 2.90
264.00 0.196710 2.90
265.00 0.196661 2.90
266.00 0.196612 2.90
267.00 0.196563 2.90
268.00 0.196514 2.89
269.00 0.196467 2.88
270.00 0.196425 2.88
271.00 0.196383 2.88
272.00 0.196341 2.88
273.00 0.196300 2.88
274.00 0.196260 2.88
275.00 0.196220 2.88
276.00 0.196180 2.88
277.00 0.196140 2.88
278.00 0.196101 2.88
279.00 0.196062 2.88
280.00 0.196024 2.88
281.00 0.195986 2.88
282.00 0.195948 2.88
283.00 0.195910 2.88
284.00 0.195873 2.88
285.00 0.195835 2.88
286.00 0.195798 2.88
287.00 0.195762 2.88
288.00 0.195725 2.88
289.00 0.195689 2.88
290.00 0.195652 2.88
291.00 0.195616 2.88
292.00 0.195580 2.88
293.00 0.195545 2.88
294.00 0.195509 2.88
295.00 0.195474 2.88
296.00 0.195438 2.88
297.00 0.195403 2.88
298.00 0.195368 2.88
299.00 0.195333 2.88
300.00 0.195298 2.88
301.00 0.195264 2.88
302.00 0.195229 2.88
303.00 0.195195 2.88
304.00 0.195160 2.88
305.00 0.195126 2.88
306.00 0.195091 2.88
307.00 0.195057 2.88
308.00 0.195023 2.88
309.00 0.194989 2.88
310.00 0.194955 2.88
311.00 0.194921 2.88
312.00 0.194887 2.88
313.00 0.194853 2.88
314.00 0.194819 2.88
315.00 0.194785 2.88
316.00 0.194751 2.88
317.00 0.194717 2.88
318.00 0.194683 2.88
319.00 0.194650 2.88
320.00 0.194616 2.88
321.00 0.194582 2.88
322.00 0.194548 2.88
323.00 0.194514 2.87
324.00 0.194482 2.87
325.00 0.194450 2.87
326.00 0.194418 2.87
327.00 0.194385 2.87
328.00 0.194353 2.87
329.00 0.194321 2.87
330.00 0.194288 2.87
331.00 0.194256 2.87
332.00 0.194224 2.87
333.00 0.194191 2.87
334.00 0.194159 2.87
335.00 0.194126 2.87
336.00 0.194094 2.87
337.00 0.194062 2.87
338.00 0.194029 2.87
339.00 0.193997 2.87
340.00 0.193964 2.87
341.00 0.193931 2.87
342.00 0.193899 2.87
343.00 0.193866 2.87
344.00 0.193833 2.87
345.00 0.193801 2.87
346.00 0.193768 2.87
347.00 0.193737 2.86
348.00 0.193710 2.86
349.00 0.193682 2.86
350.00 0.193655 2.86
351.00 0.193628 2.86
352.00 0.193601 2.86
353.00 0.193575 2.86
354.00 0.193548 2.86
355.00 0.193522 2.86
356.00 0.193496 2.86
357.00 0.193469 2.86
358.00 0.193443 2.86
359.00 0.193418 2.86
360.00 0.193392 2.86
361.00 0.193366 2.86
362.00 0.193340 2.86
363.00 0.193315 2.86
364.00 0.193289 2.86
365.00 0.193264 2.86
366.00 0.193239 2.86
367.00 0.193213 2.86
368.00 0.193188 2.86
369.00 0.193163 2.86
370.00 0.193138 2.86
371.00 0.193115 2.85
372.00 0.193094 2.85
373.00 0.193074 2.85
374.00 0.193054 2.85
375.00 0.193034 2.85
376.00 0.193015 2.85
377.00 0.192995 2.85
378.00 0.192976 2.85
379.00 0.192957 2.85
380.00 0.192939 2.85
381.00 0.192920 2.85
382.00 0.192902 2.85
383.00 0.192884 2.85
384.00 0.192866 2.85
385.00 0.192848 2.85
386.00 0.192830 2.85
387.00 0.192812 2.85
388.00 0.192795 2.85
389.00 0.192777 2.85
390.00 0.192760 2.85
391.00 0.192743 2.85
392.00 0.192726 2.85
393.00 0.192709 2.85
394.00 0.192692 2.85
395.00 0.192676 2.85
396.00 0.192659 2.85
397.00 0.192643 2.85
398.00 0.192626 2.85
399.00 0.192610 2.85
400.00 0.192594 2.85
401.00 0.192578 2.85
402.00 0.192562 2.85
403.00 0.192546 2.85
404.00 0.192530 2.85
405.00 0.192514 2.85
406.00 0.192499 2.85
407.00 0.192483 2.85
408.00 0.192468 2.85
409.00 0.192452 2.85
410.00 0.192437 2.85
411.00 0.192422 2.85
412.00 0.192407 2.85
413.00 0.192392 2.85
414.00 0.192377 2.85
415.00 0.192362 2.85
416.00 0.192347 2.85
417.00 0.192332 2.85
418.00 0.192317 2.85
419.00 0.192303 2.85
420.00 0.192288 2.85
421.00 0.192274 2.85
422.00 0.192259 2.85
423.00 0.192245 2.85
424.00 0.192230 2.85
425.00 0.192216 2.85
426.00 0.192202 2.85
427.00 0.192188 2.85
428.00 0.192174 2.85
429.00 0.192160 2.85
430.00 0.192146 2.85
431.00 0.192132 2.85
432.00 0.192118 2.85
433.00 0.192104 2.85
434.00 0.192090 2.85
435.00 0.192077 2.85
436.00 0.192063 2.85
437.00 0.192050 2.85
438.00 0.192036 2.85
439.00 0.192023 2.85
440.00 0.192009 2.85
441.00 0.191996 2.85
442.00 0.191982 2.85
443.00 0.191969 2.85
444.00 0.191956 2.85
445.00 0.191943 2.85
446.00 0.191930 2.85
447.00 0.191916 2.85
448.00 0.191903 2.85
449.00 0.191890 2.85
450.00 0.191877 2.85
451.00 0.191864 2.85
452.00 0.191852 2.85
453.00 0.191839 2.85
454.00 0.191826 2.85
455.00 0.191813 2.85
456.00 0.191800 2.85
457.00 0.191788 2.85
458.00 0.191775 2.85
459.00 0.191762 2.85
460.00 0.191750 2.85
461.00 0.191737 2.85
462.00 0.191725 2.85
463.00 0.191712 2.85
464.00 0.191700 2.85
465.00 0.191687 2.85
466.00 0.191675 2.85
467.00 0.191663 2.85
468.00 0.191650 2.85
469.00 0.191638 2.85
470.00 0.191626 2.85
471.00 0.191613 2.85
472.00 0.191601 2.85
473.00 0.191589 2.85
474.00 0.191577 2.85
475.00 0.191565 2.85
476.00 0.191554 2.84
477.00 0.191543 2.84
478.00 0.191534 2.84
479.00 0.191524 2.84
480.00 0.191514 2.84
481.00 0.191504 2.84
482.00 0.191495 2.84
483.00 0.191486 2.84
484.00 0.191476 2.84
485.00 0.191467 2.84
486.00 0.191458 2.84
487.00 0.191449 2.84
488.00 0.191440 2.84
489.00 0.191431 2.84
490.00 0.191422 2.84
491.00 0.191413 2.84
492.00 0.191405 2.84
493.00 0.191396 2.84
494.00 0.191388 2.84
495.00 0.191379 2.84
496.00 0.191371 2.84
497.00 0.191362 2.84
498.00 0.191354 2.84
499.00 0.191346 2.84
500.00 0.191338 2.84
501.00 0.191330 2.84
502.00 0.191322 2.84
503.00 0.191314 2.84
504.00 0.191306 2.84
505.00 0.191298 2.84
506.00 0.191290 2.84
507.00 0.191282 2.84
508.00 0.191275 2.84
509.00 0.191267 2.84
510.00 0.191260 2.84
511.00 0.191252 2.84
512.00 0.191245 2.84
513.00 0.191237 2.84
514.00 0.191230 2.84
515.00 0.191223 2.84
516.00 0.191216 2.84
517.00 0.191208 2.84
518.00 0.191201 2.84
519.00 0.191194 2.84
520.00 0.191187 2.84
521.00 0.191180 2.84
522.00 0.191173 2.84
523.00 0.191166 2.84
524.00 0.191159 2.84
525.00 0.191153 2.84
526.00 0.191146 2.84
527.00 0.191139 2.84
528.00 0.191133 2.84
529.00 0.191126 2.84
530.00 0.191119 2.84
531.00 0.191113 2.84
532.00 0.191106 2.84
533.00 0.191100 2.84
534.00 0.191094 2.84
535.00 0.191087 2.84
536.00 0.191081 2.84
537.00 0.191075 2.84
538.00 0.191068 2.84
539.00 0.191062 2.84
540.00 0.191056 2.84
541.00 0.191050 2.84
542.00 0.191044 2.84
543.00 0.191038 2.84
544.00 0.191032 2.84
545.00 0.191026 2.84
546.00 0.191020 2.84
547.00 0.191014 2.84
548.00 0.191008 2.84
549.00 0.191003 2.84
550.00 0.190997 2.84
551.00 0.190991 2.84
552.00 0.190985 2.84
553.00 0.190980 2.84
554.00 0.190974 2.84
555.00 0.190968 2.84
556.00 0.190963 2.84
557.00 0.190957 2.84
558.00 0.190952 2.84
559.00 0.190946 2.84
560.00 0.190941 2.84
561.00 0.190936 2.84
562.00 0.190930 2.84
563.00 0.190925 2.84
564.00 0.190920 2.84
565.00 0.190914 2.84
566.00 0.190909 2.84
567.00 0.190904 2.84
568.00 0.190899 2.84
569.00 0.190894 2.84
570.00 0.190888 2.84
571.00 0.190883 2.84
572.00 0.190878 2.84
573.00 0.190873 2.84
574.00 0.190868 2.84
575.00 0.190863 2.84
576.00 0.190858 2.84
577.00 0.190853 2.84
578.00 0.190849 2.84
579.00 0.190844 2.84
580.00 0.190839 2.84
581.00 0.190834 2.84
582.00 0.190829 2.84
583.00 0.190825 2.84
584.00 0.190820 2.84
585.00 0.190815 2.84
586.00 0.190811 2.83
587.00 0.190807 2.83
588.00 0.190803 2.83
589.00 0.190799 2.83
590.00 0.190796 2.83
591.00 0.190792 2.83
592.00 0.190789 2.83
593.00 0.190786 2.83
594.00 0.190782 2.83
595.00 0.190779 2.83
596.00 0.190776 2.83
597.00 0.190773 2.83
598.00 0.190769 2.83
599.00 0.190766 2.83
600.00 0.190763 2.83
601.00 0.190760 2.83
602.00 0.190757 2.83
603.00 0.190754 2.83
604.00 0.190751 2.83
605.00 0.190748 2.83
606.00 0.190746 2.83
607.00 0.190743 2.83
608.00 0.190740 2.83
609.00 0.190737 2.83
610.00 0.190734 2.83
611.00 0.190732 2.83
612.00 0.190729 2.83
613.00 0.190726 2.83
614.00 0.190724 2.83
615.00 0.190721 2.83
616.00 0.190719 2.83
617.00 0.190716 2.83
618.00 0.190714 2.83
619.00 0.190711 2.83
620.00 0.190709 2.83
621.00 0.190707 2.83
622.00 0.190704 2.83
623.00 0.190702 2.83
624.00 0.190700 2.83
625.00 0.190697 2.83
626.00 0.190695 2.83
627.00 0.190693 2.83
628.00 0.190691 2.83
629.00 0.190688 2.83
630.00 0.190686 2.83
631.00 0.190684 2.83
632.00 0.190682 2.83
633.00 0.190680 2.83
634.00 0.190678 2.83
635.00 0.190676 2.83
636.00 0.190674 2.83
637.00 0.190672 2.83
638.00 0.190670 2.83
639.00 0.190668 2.83
640.00 0.190666 2.83
641.00 0.190664 2.83
642.00 0.190662 2.83
643.00 0.190660 2.83
644.00 0.190658 2.83
645.00 0.190656 2.83
646.00 0.190654 2.83
647.00 0.190653 2.83
648.00 0.190651 2.83
649.00 0.190649 2.83
650.00 0.190647 2.83
651.00 0.190646 2.83
652.00 0.190644 2.83
653.00 0.190642 2.83
654.00 0.190641 2.83
655.00 0.190639 2.83
656.00 0.190637 2.83
657.00 0.190636 2.83
658.00 0.190634 2.83
659.00 0.190632 2.83
660.00 0.190631 2.83
661.00 0.190629 2.83
662.00 0.190628 2.83
663.00 0.190626 2.83
664.00 0.190625 2.83
665.00 0.190623 2.83
666.00 0.190622 2.83
667.00 0.190620 2.83
668.00 0.190619 2.83
669.00 0.190617 2.83
670.00 0.190616 2.83
671.00 0.190614 2.83
672.00 0.190613 2.83
673.00 0.190612 2.83
674.00 0.190610 2.83
675.00 0.190609 2.83
676.00 0.190608 2.83
677.00 0.190606 2.83
678.00 0.190605 2.83
679.00 0.190604 2.83
680.00 0.190602 2.83
681.00 0.190601 2.83
682.00 0.190600 2.83
683.00 0.190599 2.83
684.00 0.190597 2.83
685.00 0.190596 2.83
686.00 0.190595 2.83
687.00 0.190594 2.83
688.00 0.190592 2.83
689.00 0.190591 2.83
690.00 0.190590 2.83
691.00 0.190589 2.83
692.00 0.190588 2.83
693.00 0.190587 2.83
694.00 0.190585 2.83
695.00 0.190584 2.83
696.00 0.190583 2.83
697.00 0.190582 2.83
698.00 0.190581 2.83
699.00 0.190580 2.83
700.00 0.190579 2.83
701.00 0.190578 2.83
702.00 0.190577 2.83
703.00 0.190576 2.83
704.00 0.190575 2.83
705.00 0.190574 2.83
706.00 0.190573 2.83
707.00 0.190572 2.83
708.00 0.190571 2.83
709.00 0.190570 2.83
710.00 0.190569 2.83
711.00 0.190568 2.83
712.00 0.190567 2.83
713.00 0.190566 2.83
714.00 0.190565 2.83
715.00 0.190564 2.83
716.00 0.190563 2.83
717.00 0.190562 2.83
718.00 0.190561 2.83
719.00 0.190560 2.83
720.00 0.190560 2.83
721.00 0.190559 2.83
722.00 0.190558 2.83
723.00 0.190557 2.83
724.00 0.190556 2.83
725.00 0.190555 2.83
726.00 0.190554 2.83
727.00 0.190554 2.83
728.00 0.190553 2.83
729.00 0.190552 2.83
730.00 0.190551 2.83
731.00 0.190550 2.83
732.00 0.190550 2.83
733.00 0.190549 2.83
734.00 0.190548 2.83
735.00 0.190547 2.83
736.00 0.190547 2.83
737.00 0.190546 2.83
738.00 0.190545 2.83
739.00 0.190544 2.83
740.00 0.190544 2.83
741.00 0.190543 2.83
742.00 0.190542 2.83
743.00 0.190541 2.83
744.00 0.190541 2.83
745.00 0.190540 2.83
746.00 0.190539 2.83
747.00 0.190539 2.83
748.00 0.190538 2.83
749.00 0.190537 2.83
750.00 0.190537 2.83
751.00 0.190536 2.83
752.00 0.190535 2.83
753.00 0.190535 2.83
754.00 0.190534 2.83
755.00 0.190533 2.83
756.00 0.190533 2.83
757.00 0.190532 2.83
758.00 0.190531 2.83
759.00 0.190531 2.83
760.00 0.190530 2.83
761.00 0.190530 2.83
762.00 0.190529 2.83
763.00 0.190528 2.83
764.00 0.190528 2.83
765.00 0.190527 2.83
766.00 0.190527 2.83
767.00 0.190526 2.83
768.00 0.190525 2.83
769.00 0.190525 2.83
770.00 0.190524 2.83
771.00 0.190524 2.83
772.00 0.190523 2.83
773.00 0.190523 2.83
774.00 0.190522 2.83
775.00 0.190522 2.83
776.00 0.190521 2.83
777.00 0.190521 2.83
778.00 0.190520 2.83
779.00 0.190519 2.83
780.00 0.190519 2.83
781.00 0.190518 2.83
782.00 0.190518 2.83
783.00 0.190517 2.83
784.00 0.190517 2.83
785.00 0.190516 2.83
786.00 0.190516 2.83
787.00 0.190515 2.83
788.00 0.190515 2.83
789.00 0.190515 2.83
790.00 0.190514 2.83
791.00 0.190514 2.83
792.00 0.190513 2.83
793.00 0.190513 2.83
794.00 0.190512 2.83
795.00 0.190512 2.83
796.00 0.190511 2.83
797.00 0.190511 2.83
798.00 0.190510 2.83
799.00 0.190510 2.83
800.00 0.190510 2.83
801.00 0.190509 2.83
802.00 0.190509 2.83
803.00 0.190508 2.83
804.00 0.190508 2.83
805.00 0.190507 2.83
806.00 0.190507 2.83
807.00 0.190507 2.83
808.00 0.190506 2.83
809.00 0.190506 2.83
810.00 0.190505 2.83
811.00 0.190505 2.83
812.00 0.190505 2.83
813.00 0.190504 2.83
814.00 0.190504 2.83
815.00 0.190504 2.83
816.00 0.190503 2.83
817.00 0.190503 2.83
818.00 0.190502 2.83
819.00 0.190502 2.83
820.00 0.190502 2.83
821.00 0.190501 2.83
822.00 0.190501 2.83
823.00 0.190501 2.83
824.00 0.190500 2.83
825.00 0.190500 2.83
826.00 0.190500 2.83
827.00 0.190499 2.83
828.00 0.190499 2.83
829.00 0.190499 2.83
830.00 0.190498 2.83
831.00 0.190498 2.83
832.00 0.190498 2.83
833.00 0.190497 2.83
834.00 0.190497 2.83
835.00 0.190497 2.83
836.00 0.190496 2.83
837.00 0.190496 2.83
838.00 0.190496 2.83
839.00 0.190495 2.83
840.00 0.190495 2.83
841.00 0.190495 2.83
842.00 0.190494 2.83
843.00 0.190494 2.83
844.00 0.190494 2.83
845.00 0.190494 2.83
846.00 0.190493 2.83
847.00 0.190493 2.83
848.00 0.190493 2.83
849.00 0.190492 2.83
850.00 0.190492 2.83
851.00 0.190492 2.83
852.00 0.190492 2.83
853.00 0.190491 2.83
854.00 0.190491 2.83
855.00 0.190491 2.83
856.00 0.190490 2.83
857.00 0.190490 2.83
858.00 0.190490 2.83
859.00 0.190490 2.83
860.00 0.190489 2.83
861.00 0.190489 2.83
862.00 0.190489 2.83
863.00 0.190489 2.83
864.00 0.190488 2.83
865.00 0.190488 2.83
866.00 0.190488 2.83
867.00 0.190488 2.83
868.00 0.190487 2.83
869.00 0.190487 2.83
870.00 0.190487 2.83
871.00 0.190487 2.83
872.00 0.190486 2.83
873.00 0.190486 2.83
874.00 0.190486 2.83
875.00 0.190486 2.83
876.00 0.190486 2.83
877.00 0.190485 2.83
878.00 0.190485 2.83
879.00 0.190485 2.83
880.00 0.190485 2.83
881.00 0.190484 2.83
882.00 0.190484 2.83
883.00 0.190484 2.83
884.00 0.190484 2.83
885.00 0.190484 2.83
886.00 0.190483 2.83
887.00 0.190483 2.83
888.00 0.190483 2.83
889.00 0.190483 2.83
890.00 0.190483 2.83
891.00 0.190482 2.83
892.00 0.190482 2.83
893.00 0.190482 2.83
894.00 0.190482 2.83
895.00 0.190482 2.83
896.00 0.190481 2.83
897.00 0.190481 2.83
898.00 0.190481 2.83
899.00 0.190481 2.83
900.00 0.190481 2.83
901.00 0.190480 2.83
902.00 0.190480 2.83
903.00 0.190480 2.83
904.00 0.190480 2.83
905.00 0.190480 2.83
906.00 0.190480 2.83
907.00 0.190479 2.83
908.00 0.190479 2.83
909.00 0.190479 2.83
910.00 0.190479 2.83
911.00 0.190479 2.83
912.00 0.190478 2.83
913.00 0.190478 2.83
914.00 0.190478 2.83
915.00 0.190478 2.83
916.00 0.190478 2.83
917.00 0.190478 2.83
918.00 0.190478 2.83
919.00 0.190477 2.83
920.00 0.190477 2.83
921.00 0.190477 2.83
922.00 0.190477 2.83
923.00 0.190477 2.83
924.00 0.190477 2.83
925.00 0.190476 2.83
926.00 0.190476 2.83
927.00 0.190476 2.83
928.00 0.190476 2.83
929.00 0.190476 2.83
930.00 0.190476 2.83
931.00 0.190476 2.83
932.00 0.190475 2.83
933.00 0.190475 2.83
934.00 0.190475 2.83
935.00 0.190475 2.83
936.00 0.190475 2.83
937.00 0.190475 2.83
938.00 0.190475 2.83
939.00 0.190474 2.83
940.00 0.190474 2.83
941.00 0.190474 2.83
942.00 0.190474 2.83
943.00 0.190474 2.83
944.00 0.190474 2.83
945.00 0.190474 2.83
946.00 0.190474 2.83
947.00 0.190473 2.83
948.00 0.190473 2.83
949.00 0.190473 2.83
950.00 0.190473 2.83
951.00 0.190473 2.83
952.00 0.190473 2.83
953.00 0.190473 2.83
954.00 0.190473 2.83
955.00 0.190472 2.83
956.00 0.190472 2.83
957.00 0.190472 2.83
958.00 0.190472 2.83
959.00 0.190472 2.83
960.00 0.190472 2.83
961.00 0.190472 2.83
962.00 0.190472 2.83
963.00 0.190471 2.83
964.00 0.190471 2.83
965.00 0.190471 2.83
966.00 0.190471 2.83
967.00 0.190471 2.83
968.00 0.190471 2.83
969.00 0.190471 2.83
970.00 0.190471 2.83
971.00 0.190471 2.83
972.00 0.190471 2.83
973.00 0.190470 2.83
974.00 0.190470 2.83
975.00 0.190470 2.83
976.00 0.190470 2.83
977.00 0.190470 2.83
978.00 0.190470 2.83
979.00 0.190470 2.83
980.00 0.190470 2.83
981.00 0.190470 2.83
982.00 0.190470 2.83
983.00 0.190469 2.83
984.00 0.190469 2.83
985.00 0.190469 2.83
986.00 0.190469 2.83
987.00 0.190469 2.83
988.00 0.190469 2.83
989.00 0.190469 2.83
990.00 0.190469 2.83
991.00 0.190469 2.83
992.00 0.190469 2.83
993.00 0.190469 2.83
994.00 0.190468 2.83
995.00 0.190468 2.83
996.00 0.190468 2.83
997.00 0.190468 2.83
998.00 0.190468 2.83
999.00 0.190468 2.83
1000.00 0.190468 2.83
1001.00 0.190468 2.83
1002.00 0.190468 2.83
1003.00 0.190468 2.83
1004.00 0.190468 2.83
1005.00 0.190468 2.83
1006.00 0.190467 2.83
1007.00 0.190467 2.83
1008.00 0.190467 2.83
1009.00 0.190467 2.83
1010.00 0.190467 2.83
1011.00 0.190467 2.83
1012.00 0.190467 2.83
1013.00 0.190467 2.83
1014.00 0.190467 2.83
1015.00 0.190467 2.83
1016.00 0.190467 2.83
1017.00 0.190467 2.83
1018.00 0.190467 2.83
1019.00 0.190467 2.83
1020.00 0.190466 2.83
1021.00 0.190466 2.83
1022.00 0.190466 2.83
1023.00 0.190466 2.83
1024.00 0.190466 2.83
1025.00 0.190466 2.83
1026.00 0.190466 2.83
1027.00 0.190466 2.83
1028.00 0.190466 2.83
1029.00 0.190466 2.83
1030.00 0.190466 2.83
1031.00 0.190466 2.83
1032.00 0.190466 2.83
1033.00 0.190466 2.83
1034.00 0.190466 2.83
1035.00 0.190465 2.83
1036.00 0.190465 2.83
1037.00 0.190465 2.83
1038.00 0.190465 2.83
1039.00 0.190465 2.83
1040.00 0.190465 2.83
1041.00 0.190465 2.83
1042.00 0.190465 2.83
1043.00 0.190465 2.83
1044.00 0.190465 2.83
1045.00 0.190465 2.83
1046.00 0.190465 2.83
1047.00 0.190465 2.83
1048.00 0.190465 2.83
1049.00 0.190465 2.83
1050.00 0.190465 2.83
1051.00 0.190465 2.83
1052.00 0.190464 2.83
1053.00 0.190464 2.83
1054.00 0.190464 2.83
1055.00 0.190464 2.83
1056.00 0.190464 2.83
1057.00 0.190464 2.83
1058.00 0.190464 2.83
1059.00 0.190464 2.83
1060.00 0.190464 2.83
1061.00 0.190464 2.83
1062.00 0.190464 2.83
1063.00 0.190464 2.83
1064.00 0.190464 2.83
1065.00 0.190464 2.83
1066.00 0.190464 2.83
1067.00 0.190464 2.83
1068.00 0.190464 2.83
1069.00 0.190464 2.83
1070.00 0.190464 2.83
1071.00 0.190464 2.83
1072.00 0.190463 2.83
1073.00 0.190463 2.83
1074.00 0.190463 2.83
1075.00 0.190463 2.83
1076.00 0.190463 2.83
1077.00 0.190463 2.83
1078.00 0.190463 2.83
1079.00 0.190463 2.83
1080.00 0.190463 2.83
1081.00 0.190463 2.83
1082.00 0.190463 2.83
1083.00 0.190463 2.83
1084.00 0.190463 2.83
1085.00 0.190463 2.83
1086.00 0.190463 2.83
1087.00 0.190463 2.83
1088.00 0.190463 2.83
1089.00 0.190463 2.83
1090.00 0.190463 2.83
1091.00 0.190463 2.83
1092.00 0.190463 2.83
1093.00 0.190463 2.83
1094.00 0.190463 2.83
1095.00 0.190462 2.83
1096.00 0.190462 2.83
1097.00 0.190462 2.83
1098.00 0.190462 2.83
1099.00 0.190462 2.83
1100.00 0.190462 2.83
1101.00 0.190462 2.83
1102.00 0.190462 2.83
1103.00 0.190462 2.83
1104.00 0.190462 2.83
1105.00 0.190462 2.83
1106.00 0.190462 2.83
1107.00 0.190462 2.83
1108.00 0.190462 2.83
1109.00 0.190462 2.83
1110.00 0.190462 2.83
1111.00 0.190462 2.83
1112.00 0.190462 2.83
1113.00 0.190462 2.83
1114.00 0.190462 2.83
1115.00 0.190462 2.83
1116.00 0.190462 2.83
1117.00 0.190462 2.83
1118.00 0.190462 2.83
1119.00 0.190462 2.83
1120.00 0.190462 2.83
1121.00 0.190462 2.83
1122.00 0.190462 2.83
1123.00 0.190462 2.83
1124.00 0.190462 2.83
1125.00 0.190461 2.83
1126.00 0.190461 2.83
1127.00 0.190461 2.83
1128.00 0.190461 2.83
1129.00 0.190461 2.83
1130.00 0.190461 2.83
1131.00 0.190461 2.83
1132.00 0.190461 2.83
1133.00 0.190461 2.83
1134.00 0.190461 2.83
1135.00 0.190461 2.83
1136.00 0.190461 2.83
1137.00 0.190461 2.83
1138.00 0.190461 2.83
1139.00 0.190461 2.83
1140.00 0.190461 2.83
1141.00 0.190461 2.83
1142.00 0.190461 2.83
1143.00 0.190461 2.83
1144.00 0.190461 2.83
1145.00 0.190461 2.83
1146.00 0.190461 2.83
1147.00 0.190461 2.83
1148.00 0.190461 2.83
1149.00 0.190461 2.83
1150.00 0.190461 2.83
1151.00 0.190461 2.83
1152.00 0.190461 2.83
1153.00 0.190461 2.83
1154.00 0.190461 2.83
1155.00 0.190461 2.83
1156.00 0.190461 2.83
1157.00 0.190461 2.83
1158.00 0.190461 2.83
1159.00 0.190461 2.83
1160.00 0.190461 2.83
1161.00 0.190461 2.83
1162.00 0.190461 2.83
1163.00 0.190460 2.83
1164.00 0.190460 2.83
1165.00 0.190460 2.83
1166.00 0.190460 2.83
1167.00 0.190460 2.83
1168.00 0.190460 2.83
1169.00 0.190460 2.83
1170.00 0.190460 2.83
1171.00 0.190460 2.83
1172.00 0.190460 2.83
1173.00 0.190460 2.83
1174.00 0.190460 2.83
1175.00 0.190460 2.83
1176.00 0.190460 2.83
1177.00 0.190460 2.83
1178.00 0.190460 2.83
1179.00 0.190460 2.83
1180.00 0.190460 2.83
1181.00 0.190460 2.83
1182.00 0.190460 2.83
1183.00 0.190460 2.83
1184.00 0.190460 2.83
1185.00 0.190460 2.83
1186.00 0.190460 2.83
1187.00 0.190460 2.83
1188.00 0.190460 2.83
1189.00 0.190460 2.83
1190.00 0.190460 2.83
1191.00 0.190460 2.83
1192.00 0.190460 2.83
1193.00 0.190460 2.83
1194.00 0.190460 2.83
1195.00 0.190460 2.83
1196.00 0.190460 2.83
1197.00 0.190460 2.83
1198.00 0.190460 2.83
1199.00 0.190460 2.83
1200.00 0.190460 2.83
1201.00 0.190460 2.83
1202.00 0.190460 2.83
1203.00 0.190460 2.83
1204.00 0.190460 2.83
1205.00 0.190460 2.83
1206.00 0.190460 2.83
1207.00 0.190460 2.83
1208.00 0.190460 2.83
1209.00 0.190460 2.83
1210.00 0.190460 2.83
1211.00 0.190460 2.83
1212.00 0.190460 2.83
1213.00 0.190460 2.83
1214.00 0.190460 2.83
1215.00 0.190460 2.83
1216.00 0.190460 2.83
1217.00 0.190459 2.83
1218.00 0.190459 2.83
1219.00 0.190459 2.83
1220.00 0.190459 2.83
1221.00 0.190459 2.83
1222.00 0.190459 2.83
1223.00 0.190459 2.83
1224.00 0.190459 2.83
1225.00 0.190459 2.83
1226.00 0.190459 2.83
1227.00 0.190459 2.83
1228.00 0.190459 2.83
1229.00 0.190459 2.83
1230.00 0.190459 2.83
1231.00 0.190459 2.83
1232.00 0.190459 2.83
1233.00 0.190459 2.83
1234.00 0.190459 2.83
1235.00 0.190459 2.83
1236.00 0.190459 2.83
1237.00 0.190459 2.83
1238.00 0.190459 2.83
1239.00 0.190459 2.83
1240.00 0.190459 2.83
1241.00 0.190459 2.83
1242.00 0.190459 2.83
1243.00 0.190459 2.83
1244.00 0.190459 2.83
1245.00 0.190459 2.83
1246.00 0.190459 2.83
1247.00 0.190459 2.83
1248.00 0.190459 2.83
1249.00 0.190459 2.83
1250.00 0.190459 2.83
1251.00 0.190459 2.83
1252.00 0.190459 2.83
1253.00 0.190459 2.83
1254.00 0.190459 2.83
1255.00 0.190459 2.83
1256.00 0.190459 2.83
1257.00 0.190459 2.83
1258.00 0.190459 2.83
1259.00 0.190459 2.83
1260.00 0.190459 2.83
1261.00 0.190459 2.83
1262.00 0.190459 2.83
1263.00 0.190459 2.83
1264.00 0.190459 2.83
1265.00 0.190459 2.83
1266.00 0.190459 2.83
1267.00 0.190459 2.83
1268.00 0.190459 2.83
1269.00 0.190459 2.83
1270.00 0.190459 2.83
1271.00 0.190459 2.83
1272.00 0.190459 2.83
1273.00 0.190459 2.83
1274.00 0.190459 2.83
1275.00 0.190459 2.83
1276.00 0.190459 2.83
1277.00 0.190459 2.83
1278.00 0.190459 2.83
1279.00 0.190459 2.83
1280.00 0.190459 2.83
1281.00 0.190459 2.83
1282.00 0.190459 2.83
1283.00 0.190459 2.83
1284.00 0.190459 2.83
1285.00 0.190459 2.83
1286.00 0.190459 2.83
1287.00 0.190459 2.83
1288.00 0.190459 2.83
1289.00 0.190459 2.83
1290.00 0.190459 2.83
1291.00 0.190459 2.83
1292.00 0.190459 2.83
1293.00 0.190459 2.83
1294.00 0.190459 2.83
1295.00 0.190459 2.83
1296.00 0.190459 2.83
1297.00 0.190459 2.83
1298.00 0.190459 2.83
1299.00 0.190459 2.83
1300.00 0.190459 2.83
1301.00 0.190459 2.83
1302.00 0.190459 2.83
1303.00 0.190459 2.83
1304.00 0.190459 2.83
1305.00 0.190459 2.83
1306.00 0.190459 2.83
1307.00 0.190459 2.83
1308.00 0.190459 2.83
1309.00 0.190459 2.83
1310.00 0.190459 2.83
1311.00 0.190459 2.83
1312.00 0.190459 2.83
1313.00 0.190458 2.83
1314.00 0.190458 2.83
1315.00 0.190458 2.83
1316.00 0.190458 2.83
1317.00 0.190458 2.83
1318.00 0.190458 2.83
1319.00 0.190458 2.83
1320.00 0.190458 2.83
1321.00 0.190458 2.83
1322.00 0.190458 2.83
1323.00 0.190458 2.83
1324.00 0.190458 2.83
1325.00 0.190458 2.83
1326.00 0.190458 2.83
1327.00 0.190458 2.83
1328.00 0.190458 2.83
1329.00 0.190458 2.83
1330.00 0.190458 2.83
1331.00 0.190458 2.83
1332.00 0.190458 2.83
1333.00 0.190458 2.83
1334.00 0.190458 2.83
1335.00 0.190458 2.83
1336.00 0.190458 2.83
1337.00 0.190458 2.83
1338.00 0.190458 2.83
1339.00 0.190458 2.83
1340.00 0.190458 2.83
1341.00 0.190458 2.83
1342.00 0.190458 2.83
1343.00 0.190458 2.83
1344.00 0.190458 2.83
1345.00 0.190458 2.83
1346.00 0.190458 2.83
1347.00 0.190458 2.83
1348.00 0.190458 2.83
1349.00 0.190458 2.83
1350.00 0.190458 2.83
1351.00 0.190458 2.83
1352.00 0.190458 2.83
1353.00 0.190458 2.83
1354.00 0.190458 2.83
1355.00 0.190458 2.83
1356.00 0.190458 2.83
1357.00 0.190458 2.83
1358.00 0.190458 2.83
1359.00 0.190458 2.83
1360.00 0.190458 2.83
1361.00 0.190458 2.83
1362.00 0.190458 2.83
1363.00 0.190458 2.83
1364.00 0.190458 2.83
1365.00 0.190458 2.83
1366.00 0.190458 2.83
1367.00 0.190458 2.83
1368.00 0.190458 2.83
1369.00 0.190458 2.83
1370.00 0.190458 2.83
1371.00 0.190458 2.83
1372.00 0.190458 2.83
1373.00 0.190458 2.83
1374.00 0.190458 2.83
1375.00 0.190458 2.83
1376.00 0.190458 2.83
1377.00 0.190458 2.83
1378.00 0.190458 2.83
1379.00 0.190458 2.83
1380.00 0.190458 2.83
1381.00 0.190458 2.83
1382.00 0.190458 2.83
1383.00 0.190458 2.83
1384.00 0.190458 2.83
1385.00 0.190458 2.83
1386.00 0.190458 2.83
1387.00 0.190458 2.83
1388.00 0.190458 2.83
1389.00 0.190458 2.83
1390.00 0.190458 2.83
1391.00 0.190458 2.83
1392.00 0.190458 2.83
1393.00 0.190458 2.83
1394.00 0.190458 2.83
1395.00 0.190458 2.83
1396.00 0.190458 2.83
1397.00 0.190458 2.83
1398.00 0.190458 2.83
1399.00 0.190458 2.83
1400.00 0.190458 2.83
1401.00 0.190458 2.83
1402.00 0.190458 2.83
1403.00 0.190458 2.83
1404.00 0.190458 2.83
1405.00 0.190458 2.83
1406.00 0.190458 2.83
1407.00 0.190458 2.83
1408.00 0.190458 2.83
1409.00 0.190458 2.83
1410.00 0.190458 2.83
1411.00 0.190458 2.83
1412.00 0.190458 2.83
1413.00 0.190458 2.83
1414.00 0.190458 2.83
1415.00 0.190458 2.83
1416.00 0.190458 2.83
1417.00 0.190458 2.83
1418.00 0.190458 2.83
1419.00 0.190458 2.83
1420.00 0.190458 2.83
1421.00 0.190458 2.83
1422.00 0.190458 2.83
1423.00 0.190458 2.83
1424.00 0.190458 2.83
1425.00 0.190458 2.83
1426.00 0.190458 2.83
1427.00 0.190458 2.83
1428.00 0.190458 2.83
1429.00 0.190458 2.83
1430.00 0.190458 2.83
1431.00 0.190458 2.83
1432.00 0.190458 2.83
1433.00 0.190458 2.83
1434.00 0.190458 2.83
1435.00 0.190458 2.83
1436.00 0.190458 2.83
1437.00 0.190458 2.83
1438.00 0.190458 2.83
1439.00 0.190458 2.83
1440.00 0.190458 2.83
1441.00 0.190458 2.83
1442.00 0.190458 2.83
1443.00 0.190458 2.83
1444.00 0.190458 2.83
1445.00 0.190458 2.83
1446.00 0.190458 2.83
1447.00 0.190458 2.83
1448.00 0.190458 2.83
1449.00 0.190458 2.83
1450.00 0.190458 2.83
1451.00 0.190458 2.83
1452.00 0.190458 2.83
1453.00 0.190458 2.83
1454.00 0.190458 2.83
1455.00 0.190458 2.83
1456.00 0.190458 2.83
1457.00 0.190458 2.83
1458.00 0.190458 2.83
1459.00 0.190458 2.83
1460.00 0.190458 2.83
1461.00 0.190458 2.83
1462.00 0.190458 2.83
1463.00 0.190458 2.83
1464.00 0.190458 2.83
1465.00 0.190458 2.83
1466.00 0.190458 2.83
1467.00 0.190458 2.83
1468.00 0.190458 2.83
1469.00 0.190458 2.83
1470.00 0.190458 2.83
1471.00 0.190458 2.83
1472.00 0.190458 2.83
1473.00 0.190458 2.83
1474.00 0.190458 2.83
1475.00 0.190458 2.83
1476.00 0.190458 2.83
1477.00 0.190458 2.83
1478.00 0.190458 2.83
1479.00 0.190458 2.83
1480.00 0.190458 2.83
1481.00 0.190458 2.83
1482.00 0.190458 2.83
1483.00 0.190458 2.83
1484.00 0.190458 2.83
1485.00 0.190458 2.83
1486.00 0.190458 2.83
1487.00 0.190458 2.83
1488.00 0.190458 2.83
1489.00 0.190458 2.83
1490.00 0.190458 2.83
1491.00 0.190458 2.83
1492.00 0.190458 2.83
1493.00 0.190458 2.83
1494.00 0.190458 2.83
1495.00 0.190458 2.83
1496.00 0.190458 2.83
1497.00 0.190458 2.83
1498.00 0.190458 2.83
1499.00 0.190458 2.83
1500.00 0.190458 2.83
1501.00 0.190458 2.83
1502.00 0.190458 2.83
1503.00 0.190458 2.83
1504.00 0.190458 2.83
1505.00 0.190458 2.83
1506.00 0.190458 2.83
1507.00 0.190458 2.83
1508.00 0.190458 2.83
1509.00 0.190458 2.83
1510.00 0.190458 2.83
1511.00 0.190458 2.83
1512.00 0.190458 2.83
1513.00 0.190458 2.83
1514.00 0.190458 2.83
1515.00 0.190458 2.83
1516.00 0.190458 2.83
1517.00 0.190458 2.83
1518.00 0.190458 2.83
1519.00 0.190458 2.83
1520.00 0.190458 2.83
1521.00 0.190458 2.83
1522.00 0.190458 2.83
1523.00 0.190458 2.83
1524.00 0.190458 2.83
1525.00 0.190458 2.83
1526.00 0.190458 2.83
1527.00 0.190458 2.83
1528.00 0.190458 2.83
1529.00 0.190458 2.83
1530.00 0.190458 2.83
1531.00 0.190458 2.83
1532.00 0.190458 2.83
1533.00 0.190458 2.83
1534.00 0.190458 2.83
1535.00 0.190458 2.83
1536.00 0.190458 2.83
1537.00 0.190458 2.83
1538.00 0.190458 2.83
1539.00 0.190458 2.83
1540.00 0.190458 2.83
1541.00 0.190458 2.83
1542.00 0.190458 2.83
1543.00 0.190458 2.83
1544.00 0.190458 2.83
1545.00 0.190458 2.83
1546.00 0.190458 2.83
1547.00 0.190458 2.83
1548.00 0.190458 2.83
1549.00 0.190458 2.83
1550.00 0.190458 2.83
1551.00 0.190458 2.83
1552.00 0.190458 2.83
1553.00 0.190458 2.83
1554.00 0.190458 2.83
1555.00 0.190458 2.83
1556.00 0.190458 2.83
1557.00 0.190458 2.83
1558.00 0.190458 2.83
1559.00 0.190458 2.83
1560.00 0.190458 2.83
1561.00 0.190458 2.83
1562.00 0.190458 2.83
1563.00 0.190458 2.83
1564.00 0.190458 2.83
1565.00 0.190458 2.83
1566.00 0.190458 2.83
1567.00 0.190458 2.83
1568.00 0.190458 2.83
1569.00 0.190458 2.83
1570.00 0.190458 2.83
1571.00 0.190458 2.83
1572.00 0.190458 2.83
1573.00 0.190458 2.83
1574.00 0.190458 2.83
1575.00 0.190458 2.83
1576.00 0.190458 2.83
1577.00 0.190458 2.83
1578.00 0.190458 2.83
1579.00 0.190458 2.83
1580.00 0.190458 2.83
1581.00 0.190458 2.83
1582.00 0.190458 2.83
1583.00 0.190458 2.83
1584.00 0.190458 2.83
1585.00 0.190458 2.83
1586.00 0.190458 2.83
1587.00 0.190458 2.83
1588.00 0.190458 2.83
1589.00 0.190458 2.83
1590.00 0.190458 2.83
1591.00 0.190458 2.83
1592.00 0.190458 2.83
1593.00 0.190458 2.83
1594.00 0.190458 2.83
1595.00 0.190458 2.83
1596.00 0.190458 2.83
1597.00 0.190458 2.83
1598.00 0.190458 2.83
1599.00 0.190458 2.83
1600.00 0.190458 2.83
1601.00 0.190458 2.83
1602.00 0.190458 2.83
1603.00 0.190458 2.83
1604.00 0.190458 2.83
1605.00 0.190458 2.83
1606.00 0.190458 2.83
1607.00 0.190458 2.83
1608.00 0.190458 2.83
1609.00 0.190458 2.83
1610.00 0.190458 2.83
1611.00 0.190458 2.83
1612.00 0.190458 2.83
1613.00 0.190458 2.83
1614.00 0.190458 2.83
1615.00 0.190458 2.83
1616.00 0.190458 2.83
1617.00 0.190458 2.83
1618.00 0.190458 2.83
1619.00 0.190458 2.83
1620.00 0.190458 2.83
1621.00 0.190458 2.83
1622.00 0.190458 2.83
1623.00 0.190458 2.83
1624.00 0.190458 2.83
1625.00 0.190458 2.83
1626.00 0.190458 2.83
1627.00 0.190458 2.83
1628.00 0.190458 2.83
1629.00 0.190458 2.83
1630.00 0.190458 2.83
1631.00 0.190458 2.83
1632.00 0.190458 2.83
1633.00 0.190458 2.83
1634.00 0.190458 2.83
1635.00 0.190458 2.83
1636.00 0.190458 2.83
1637.00 0.190458 2.83
1638.00 0.190458 2.83
1639.00 0.190458 2.83
1640.00 0.190458 2.83
1641.00 0.190458 2.83
1642.00 0.190458 2.83
1643.00 0.190458 2.83
1644.00 0.190458 2.83
1645.00 0.190458 2.83
1646.00 0.190458 2.83
1647.00 0.190458 2.83
1648.00 0.190458 2.83
1649.00 0.190458 2.83
1650.00 0.190458 2.83
1651.00 0.190458 2.83
1652.00 0.190458 2.83
1653.00 0.190458 2.83
1654.00 0.190458 2.83
1655.00 0.190458 2.83
1656.00 0.190458 2.83
1657.00 0.190458 2.83
1658.00 0.190458 2.83
1659.00 0.190458 2.83
1660.00 0.190458 2.83
1661.00 0.190458 2.83
1662.00 0.190458 2.83
1663.00 0.190458 2.83
1664.00 0.190458 2.83
1665.00 0.190458 2.83
1666.00 0.190458 2.83
1667.00 0.190458 2.83
1668.00 0.190458 2.83
1669.00 0.190458 2.83
1670.00 0.190458 2.83
1671.00 0.190458 2.83
1672.00 0.190458 2.83
1673.00 0.190458 2.83
1674.00 0.190458 2.83
1675.00 0.190458 2.83
1676.00 0.190458 2.83
1677.00 0.190458 2.83
1678.00 0.190458 2.83
1679.00 0.190458 2.83
1680.00 0.190458 2.83
1681.00 0.190458 2.83
1682.00 0.190458 2.83
1683.00 0.190458 2.83
1684.00 0.190458 2.83
1685.00 0.190458 2.83
1686.00 0.190458 2.83
1687.00 0.190458 2.83
1688.00 0.190458 2.83
1689.00 0.190458 2.83
1690.00 0.190458 2.83
1691.00 0.190458 2.83
1692.00 0.190458 2.83
1693.00 0.190458 2.83
1694.00 0.190458 2.83
1695.00 0.190458 2.83
1696.00 0.190458 2.83
1697.00 0.190458 2.83
1698.00 0.190458 2.83
1699.00 0.190458 2.83
1700.00 0.190458 2.83
1701.00 0.190458 2.83
1702.00 0.190458 2.83
1703.00 0.190458 2.83
1704.00 0.190458 2.83
1705.00 0.190458 2.83
1706.00 0.190458 2.83
1707.00 0.190458 2.83
1708.00 0.190458 2.83
1709.00 0.190458 2.83
1710.00 0.190458 2.83
1711.00 0.190458 2.83
1712.00 0.190458 2.83
1713.00 0.190458 2.83
1714.00 0.190458 2.83
1715.00 0.190458 2.83
1716.00 0.190458 2.83
1717.00 0.190458 2.83
1718.00 0.190458 2.83
1719.00 0.190458 2.83
1720.00 0.190458 2.83
1721.00 0.190458 2.83
1722.00 0.190458 2.83
1723.00 0.190458 2.83
1724.00 0.190458 2.83
1725.00 0.190458 2.83
1726.00 0.190458 2.83
1727.00 0.190458 2.83
1728.00 0.190458 2.83
1729.00 0.190458 2.83
1730.00 0.190458 2.83
1731.00 0.190458 2.83
1732.00 0.190458 2.83
1733.00 0.190458 2.83
1734.00 0.190458 2.83
1735.00 0.190458 2.83
1736.00 0.190458 2.83
1737.00 0.190458 2.83
1738.00 0.190458 2.83
1739.00 0.190458 2.83
1740.00 0.190458 2.83
1741.00 0.190458 2.83
1742.00 0.190458 2.83
1743.00 0.190458 2.83
1744.00 0.190458 2.83
1745.00 0.190458 2.83
1746.00 0.190458 2.83
1747.00 0.190458 2.83
1748.00 0.190458 2.83
1749.00 0.190458 2.83
1750.00 0.190458 2.83
1751.00 0.190458 2.83
1752.00 0.190458 2.83
1753.00 0.190458 2.83
1754.00 0.190458 2.83
1755.00 0.190458 2.83
1756.00 0.190458 2.83
1757.00 0.190458 2.83
1758.00 0.190458 2.83
1759.00 0.190458 2.83
1760.00 0.190458 2.83
1761.00 0.190458 2.83
1762.00 0.190458 2.83
1763.00 0.190458 2.83
1764.00 0.190458 2.83
1765.00 0.190458 2.83
1766.00 0.190458 2.83
1767.00 0.190458 2.83
1768.00 0.190458 2.83
1769.00 0.190458 2.83
1770.00 0.190458 2.83
1771.00 0.190458 2.83
1772.00 0.190458 2.83
1773.00 0.190458 2.83
1774.00 0.190458 2.83
1775.00 0.190458 2.83
1776.00 0.190458 2.83
1777.00 0.190458 2.83
1778.00 0.190458 2.83
1779.00 0.190458 2.83
1780.00 0.190458 2.83
1781.00 0.190458 2.83
1782.00 0.190458 2.83
1783.00 0.190458 2.83
1784.00 0.190458 2.83
1785.00 0.190458 2.83
1786.00 0.190458 2.83
1787.00 0.190458 2.83
1788.00 0.190458 2.83
1789.00 0.190458 2.83
1790.00 0.190458 2.83
1791.00 0.190458 2.83
1792.00 0.190458 2.83
1793.00 0.190458 2.83
1794.00 0.190458 2.83
1795.00 0.190458 2.83
1796.00 0.190458 2.83
1797.00 0.190458 2.83
1798.00 0.190458 2.83
1799.00 0.190458 2.83
1800.00 0.190458 2.83
1801.00 0.190458 2.83
1802.00 0.190458 2.83
1803.00 0.190458 2.83
1804.00 0.190458 2.83
1805.00 0.190458 2.83
1806.00 0.190458 2.83
1807.00 0.190458 2.83
1808.00 0.190458 2.83
1809.00 0.190458 2.83
1810.00 0.190458 2.83
1811.00 0.190458 2.83
1812.00 0.190458 2.83
1813.00 0.190458 2.83
1814.00 0.190458 2.83
1815.00 0.190458 2.83
1816.00 0.190458 2.83
1817.00 0.190458 2.83
1818.00 0.190458 2.83
1819.00 0.190458 2.83
1820.00 0.190458 2.83
1821.00 0.190458 2.83
1822.00 0.190458 2.83
1823.00 0.190458 2.83
1824.00 0.190458 2.83
1825.00 0.190458 2.83
1826.00 0.190458 2.83
1827.00 0.190458 2.83
1828.00 0.190458 2.83
1829.00 0.190458 2.83
1830.00 0.190458 2.83
1831.00 0.190458 2.83
1832.00 0.190458 2.83
1833.00 0.190458 2.83
1834.00 0.190458 2.83
1835.00 0.190458 2.83
1836.00 0.190458 2.83
1837.00 0.190458 2.83
1838.00 0.190458 2.83
1839.00 0.190458 2.83
1840.00 0.190458 2.83
1841.00 0.190458 2.83
1842.00 0.190458 2.83
1843.00 0.190458 2.83
1844.00 0.190458 2.83
1845.00 0.190458 2.83
1846.00 0.190458 2.83
1847.00 0.190458 2.83
1848.00 0.190458 2.83
1849.00 0.190458 2.83
1850.00 0.190458 2.83
1851.00 0.190458 2.83
1852.00 0.190458 2.83
1853.00 0.190458 2.83
1854.00 0.190458 2.83
1855.00 0.190458 2.83
1856.00 0.190458 2.83
1857.00 0.190458 2.83
1858.00 0.190458 2.83
1859.00 0.190458 2.83
1860.00 0.190458 2.83
1861.00 0.190458 2.83
1862.00 0.190458 2.83
1863.00 0.190458 2.83
1864.00 0.190458 2.83
1865.00 0.190458 2.83
1866.00 0.190458 2.83
1867.00 0.190458 2.83
1868.00 0.190458 2.83
1869.00 0.190458 2.83
1870.00 0.190458 2.83
1871.00 0.190458 2.83
1872.00 0.190458 2.83
1873.00 0.190458 2.83
1874.00 0.190458 2.83
1875.00 0.190458 2.83
1876.00 0.190458 2.83
1877.00 0.190458 2.83
1878.00 0.190458 2.83
1879.00 0.190458 2.83
1880.00 0.190458 2.83
1881.00 0.190458 2.83
1882.00 0.190458 2.83
1883.00 0.190458 2.83
1884.00 0.190458 2.83
1885.00 0.190458 2.83
1886.00 0.190458 2.83
1887.00 0.190458 2.83
1888.00 0.190458 2.83
1889.00 0.190458 2.83
1890.00 0.190458 2.83
1891.00 0.190458 2.83
1892.00 0.190458 2.83
1893.00 0.190458 2.83
1894.00 0.190458 2.83
1895.00 0.190458 2.83
1896.00 0.190458 2.83
1897.00 0.190458 2.83
1898.00 0.190458 2.83
1899.00 0.190458 2.83
1900.00 0.190458 2.83
1901.00 0.190458 2.83
1902.00 0.190458 2.83
1903.00 0.190458 2.83
1904.00 0.190458 2.83
1905.00 0.190458 2.83
1906.00 0.190458 2.83
1907.00 0.190458 2.83
1908.00 0.190458 2.83
1909.00 0.190458 2.83
1910.00 0.190458 2.83
1911.00 0.190458 2.83
1912.00 0.190458 2.83
1913.00 0.190458 2.83
1914.00 0.190458 2.83
1915.00 0.190458 2.83
1916.00 0.190458 2.83
1917.00 0.190458 2.83
1918.00 0.190458 2.83
1919.00 0.190458 2.83
1920.00 0.190458 2.83
1921.00 0.190458 2.83
1922.00 0.190458 2.83
1923.00 0.190458 2.83
1924.00 0.190458 2.83
1925.00 0.190458 2.83
1926.00 0.190458 2.83
1927.00 0.190458 2.83
1928.00 0.190458 2.83
1929.00 0.190458 2.83
1930.00 0.190458 2.83
1931.00 0.190458 2.83
1932.00 0.190458 2.83
1933.00 0.190458 2.83
1934.00 0.190458 2.83
1935.00 0.190458 2.83
1936.00 0.190458 2.83
1937.00 0.190458 2.83
1938.00 0.190458 2.83
1939.00 0.190458 2.83
1940.00 0.190458 2.83
1941.00 0.190458 2.83
1942.00 0.190458 2.83
1943.00 0.190458 2.83
1944.00 0.190458 2.83
1945.00 0.190458 2.83
1946.00 0.190458 2.83
1947.00 0.190458 2.83
1948.00 0.190458 2.83
1949.00 0.190458 2.83
1950.00 0.190458 2.83
1951.00 0.190458 2.83
1952.00 0.190458 2.83
1953.00 0.190458 2.83
1954.00 0.190458 2.83
1955.00 0.190458 2.83
1956.00 0.190458 2.83
1957.00 0.190458 2.83
1958.00 0.190458 2.83
1959.00 0.190458 2.83
1960.00 0.190458 2.83
1961.00 0.190458 2.83
1962.00 0.190458 2.83
1963.00 0.190458 2.83
1964.00 0.190458 2.83
1965.00 0.190458 2.83
1966.00 0.190458 2.83
1967.00 0.190458 2.83
1968.00 0.190458 2.83
1969.00 0.190458 2.83
1970.00 0.190458 2.83
1971.00 0.190458 2.83
1972.00 0.190458 2.83
1973.00 0.190458 2.83
1974.00 0.190458 2.83
1975.00 0.190458 2.83
1976.00 0.190458 2.83
1977.00 0.190458 2.83
1978.00 0.190458 2.83
1979.00 0.190458 2.83
1980.00 0.190458 2.83
1981.00 0.190458 2.83
1982.00 0.190458 2.83
1983.00 0.190458 2.83
1984.00 0.190458 2.83
1985.00 0.190458 2.83
1986.00 0.190458 2.83
1987.00 0.190458 2.83
1988.00 0.190458 2.83
1989.00 0.190458 2.83
1990.00 0.190458 2.83
1991.00 0.190458 2.83
1992.00 0.190458 2.83
1993.00 0.190458 2.83
1994.00 0.190458 2.83
1995.00 0.190458 2.83
1996.00 0.190458 2.83
1997.00 0.190458 2.83
1998.00 0.190458 2.83
1999.00 0.190458 2.83
2000.00 0.190458 2.83
