0.00 0.335109 3.32
1.00 0.334391 3.32
2.00 0.333672 3.32
3.00 0.332952 3.32
4.00 0.332230 3.32
5.00 0.331507 3.32
6.00 0.330783 3.32
7.00 0.330058 3.32
8.00 0.329331 3.32
9.00 0.328603 3.32
10.00 0.327874 3.32
11.00 0.327144 3.32
12.00 0.326412 3.32
13.00 0.325678 3.32
14.00 0.324943 3.32
15.00 0.324205 3.32
16.00 0.323465 3.32
17.00 0.322726 3.31
18.00 0.321986 3.31
19.00 0.321243 3.31
20.00 0.320496 3.31
21.00 0.319747 3.31
22.00 0.318994 3.31
23.00 0.318242 3.30
24.00 0.317511 3.30
25.00 0.316778 3.30
26.00 0.316042 3.30
27.00 0.315303 3.30
28.00 0.314560 3.30
29.00 0.313814 3.30
30.00 0.313063 3.30
31.00 0.312308 3.30
32.00 0.311550 3.29
33.00 0.310811 3.29
34.00 0.310068 3.29
35.00 0.309322 3.29
36.00 0.308600 3.28
37.00 0.307906 3.27
38.00 0.307217 3.27
39.00 0.306527 3.27
40.00 0.305833 3.27
41.00 0.305137 3.27
42.00 0.304437 3.27
43.00 0.303733 3.27
44.00 0.303051 3.26
45.00 0.302375 3.26
46.00 0.301695 3.26
47.00 0.301010 3.26
48.00 0.300322 3.26
49.00 0.299629 3.26
50.00 0.298931 3.26
51.00 0.298229 3.26
52.00 0.297550 3.25
53.00 0.296874 3.25
54.00 0.296194 3.25
55.00 0.295534 3.24
56.00 0.294880 3.24
57.00 0.294232 3.22
58.00 0.293615 3.22
59.00 0.292994 3.22
60.00 0.292375 3.21
61.00 0.291762 3.20
62.00 0.291149 3.20
63.00 0.290534 3.20
64.00 0.289915 3.20
65.00 0.289292 3.20
66.00 0.288700 3.19
67.00 0.288107 3.19
68.00 0.287511 3.19
69.00 0.286923 3.18
70.00 0.286356 3.18
71.00 0.285803 3.17
72.00 0.285269 3.16
73.00 0.284736 3.16
74.00 0.284200 3.16
75.00 0.283662 3.16
76.00 0.283121 3.16
77.00 0.282577 3.16
78.00 0.282038 3.14
79.00 0.281528 3.12
80.00 0.281061 3.12
81.00 0.280593 3.12
82.00 0.280125 3.12
83.00 0.279658 3.11
84.00 0.279207 3.11
85.00 0.278779 3.10
86.00 0.278361 3.10
87.00 0.277941 3.10
88.00 0.277521 3.10
89.00 0.277100 3.10
90.00 0.276682 3.09
91.00 0.276266 3.09
92.00 0.275852 3.08
93.00 0.275467 3.07
94.00 0.275107 3.06
95.00 0.274755 3.06
96.00 0.274403 3.06
97.00 0.274075 3.05
98.00 0.273757 3.05
99.00 0.273439 3.05
100.00 0.273121 3.05
101.00 0.272803 3.05
102.00 0.272484 3.05
103.00 0.272165 3.04
104.00 0.271850 3.04
105.00 0.271533 3.04
106.00 0.271217 3.04
107.00 0.270899 3.04
108.00 0.270580 3.04
109.00 0.270265 3.03
110.00 0.269960 3.01
111.00 0.269700 3.01
112.00 0.269441 3.01
113.00 0.269183 3.01
114.00 0.268926 3.01
115.00 0.268669 3.01
116.00 0.268412 3.01
117.00 0.268155 3.01
118.00 0.267898 3.01
119.00 0.267641 3.01
120.00 0.267383 3.01
121.00 0.267125 3.01
122.00 0.266866 3.01
123.00 0.266616 3.00
124.00 0.266373 3.00
125.00 0.266129 3.00
126.00 0.265886 3.00
127.00 0.265642 3.00
128.00 0.265397 3.00
129.00 0.265152 3.00
130.00 0.264931 2.98
131.00 0.264725 2.98
132.00 0.264520 2.98
133.00 0.264317 2.98
134.00 0.264114 2.98
135.00 0.263912 2.98
136.00 0.263711 2.98
137.00 0.263524 2.97
138.00 0.263347 2.97
139.00 0.263171 2.97
140.00 0.262997 2.97
141.00 0.262823 2.97
142.00 0.262651 2.97
143.00 0.262479 2.97
144.00 0.262307 2.97
145.00 0.262136 2.97
146.00 0.261966 2.97
147.00 0.261795 2.97
148.00 0.261625 2.97
149.00 0.261456 2.97
150.00 0.261286 2.97
151.00 0.261116 2.97
152.00 0.260946 2.97
153.00 0.260776 2.97
154.00 0.260606 2.97
155.00 0.260435 2.97
156.00 0.260264 2.97
157.00 0.260093 2.97
158.00 0.259922 2.97
159.00 0.259749 2.97
160.00 0.259577 2.97
161.00 0.259405 2.96
162.00 0.259234 2.96
163.00 0.259063 2.96
164.00 0.258892 2.96
165.00 0.258719 2.96
166.00 0.258552 2.95
167.00 0.258392 2.95
168.00 0.258232 2.95
169.00 0.258072 2.95
170.00 0.257912 2.95
171.00 0.257752 2.95
172.00 0.257592 2.95
173.00 0.257432 2.95
174.00 0.257278 2.94
175.00 0.257129 2.94
176.00 0.256980 2.94
177.00 0.256831 2.94
178.00 0.256682 2.94
179.00 0.256534 2.94
180.00 0.256386 2.94
181.00 0.256237 2.94
182.00 0.256089 2.94
183.00 0.255945 2.93
184.00 0.255814 2.94
185.00 0.255683 2.94
186.00 0.255553 2.94
187.00 0.255424 2.94
188.00 0.255296 2.94
189.00 0.255167 2.94
190.00 0.255040 2.94
191.00 0.254913 2.94
192.00 0.254786 2.94
193.00 0.254659 2.94
194.00 0.254533 2.94
195.00 0.254407 2.94
196.00 0.254281 2.94
197.00 0.254155 2.94
198.00 0.254030 2.94
199.00 0.253904 2.94
200.00 0.253789 2.93
201.00 0.253677 2.93
202.00 0.253566 2.93
203.00 0.253456 2.93
204.00 0.253347 2.93
205.00 0.253238 2.93
206.00 0.253130 2.93
207.00 0.253022 2.93
208.00 0.252915 2.93
209.00 0.252808 2.93
210.00 0.252702 2.93
211.00 0.252595 2.93
212.00 0.252489 2.93
213.00 0.252384 2.93
214.00 0.252278 2.93
215.00 0.252173 2.93
216.00 0.252068 2.93
217.00 0.251963 2.93
218.00 0.251858 2.93
219.00 0.251756 2.92
220.00 0.251656 2.92
221.00 0.251556 2.92
222.00 0.251456 2.92
223.00 0.251357 2.92
224.00 0.251258 2.92
225.00 0.251159 2.92
226.00 0.251060 2.92
227.00 0.250962 2.92
228.00 0.250863 2.92
229.00 0.250765 2.92
230.00 0.250667 2.92
231.00 0.250569 2.92
232.00 0.250473 2.91
233.00 0.250383 2.91
234.00 0.250293 2.91
235.00 0.250204 2.91
236.00 0.250115 2.91
237.00 0.250027 2.91
238.00 0.249939 2.91
239.00 0.249851 2.91
240.00 0.249763 2.91
241.00 0.249677 2.90
242.00 0.249596 2.90
243.00 0.249516 2.90
244.00 0.249436 2.90
245.00 0.249357 2.90
246.00 0.249278 2.90
247.00 0.249200 2.89
248.00 0.249123 2.89
249.00 0.249047 2.89
250.00 0.248972 2.89
251.00 0.248897 2.89
252.00 0.248823 2.89
253.00 0.248748 2.89
254.00 0.248675 2.89
255.00 0.248601 2.89
256.00 0.248528 2.89
257.00 0.248456 2.89
258.00 0.248383 2.89
259.00 0.248311 2.89
260.00 0.248239 2.89
261.00 0.248168 2.89
262.00 0.248097 2.89
263.00 0.248025 2.89
264.00 0.247955 2.89
265.00 0.247884 2.89
266.00 0.247814 2.89
267.00 0.247743 2.89
268.00 0.247673 2.89
269.00 0.247604 2.89
270.00 0.247534 2.89
271.00 0.247464 2.89
272.00 0.247395 2.89
273.00 0.247326 2.89
274.00 0.247256 2.89
275.00 0.247196 2.88
276.00 0.247136 2.88
277.00 0.247077 2.88
278.00 0.247019 2.88
279.00 0.246961 2.88
280.00 0.246904 2.88
281.00 0.246847 2.88
282.00 0.246790 2.88
283.00 0.246734 2.88
284.00 0.246678 2.88
285.00 0.246623 2.88
286.00 0.246568 2.88
287.00 0.246513 2.88
288.00 0.246459 2.88
289.00 0.246405 2.88
290.00 0.246351 2.88
291.00 0.246297 2.88
292.00 0.246244 2.88
293.00 0.246191 2.88
294.00 0.246139 2.88
295.00 0.246086 2.88
296.00 0.246034 2.88
297.00 0.245982 2.88
298.00 0.245930 2.88
299.00 0.245879 2.88
300.00 0.245828 2.88
301.00 0.245777 2.88
302.00 0.245726 2.88
303.00 0.245676 2.88
304.00 0.245625 2.88
305.00 0.245575 2.88
306.00 0.245525 2.88
307.00 0.245475 2.88
308.00 0.245426 2.88
309.00 0.245376 2.88
310.00 0.245327 2.88
311.00 0.245278 2.88
312.00 0.245229 2.88
313.00 0.245180 2.88
314.00 0.245132 2.88
315.00 0.245083 2.88
316.00 0.245035 2.88
317.00 0.244987 2.88
318.00 0.244939 2.88
319.00 0.244891 2.88
320.00 0.244843 2.88
321.00 0.244795 2.88
322.00 0.244747 2.88
323.00 0.244700 2.88
324.00 0.244653 2.88
325.00 0.244605 2.88
326.00 0.244558 2.88
327.00 0.244511 2.88
328.00 0.244464 2.88
329.00 0.244417 2.88
330.00 0.244370 2.88
331.00 0.244324 2.88
332.00 0.244277 2.88
333.00 0.244230 2.88
334.00 0.244184 2.88
335.00 0.244137 2.88
336.00 0.244095 2.87
337.00 0.244056 2.87
338.00 0.244016 2.87
339.00 0.243978 2.87
340.00 0.243939 2.87
341.00 0.243901 2.87
342.00 0.243864 2.87
343.00 0.243826 2.87
344.00 0.243789 2.87
345.00 0.243752 2.87
346.00 0.243716 2.87
347.00 0.243680 2.87
348.00 0.243644 2.87
349.00 0.243608 2.87
350.00 0.243572 2.87
351.00 0.243537 2.87
352.00 0.243502 2.87
353.00 0.243467 2.87
354.00 0.243432 2.87
355.00 0.243398 2.87
356.00 0.243363 2.87
357.00 0.243329 2.87
358.00 0.243295 2.87
359.00 0.243261 2.87
360.00 0.243228 2.87
361.00 0.243194 2.87
362.00 0.243161 2.87
363.00 0.243128 2.87
364.00 0.243095 2.87
365.00 0.243062 2.87
366.00 0.243030 2.87
367.00 0.242997 2.87
368.00 0.242965 2.87
369.00 0.242933 2.87
370.00 0.242901 2.87
371.00 0.242869 2.87
372.00 0.242837 2.87
373.00 0.242806 2.87
374.00 0.242774 2.87
375.00 0.242743 2.87
376.00 0.242711 2.87
377.00 0.242680 2.87
378.00 0.242649 2.87
379.00 0.242619 2.87
380.00 0.242588 2.87
381.00 0.242557 2.87
382.00 0.242527 2.87
383.00 0.242496 2.87
384.00 0.242466 2.87
385.00 0.242436 2.87
386.00 0.242406 2.87
387.00 0.242376 2.87
388.00 0.242346 2.87
389.00 0.242316 2.87
390.00 0.242286 2.87
391.00 0.242256 2.87
392.00 0.242227 2.87
393.00 0.242197 2.87
394.00 0.242168 2.87
395.00 0.242139 2.87
396.00 0.242109 2.87
397.00 0.242080 2.87
398.00 0.242051 2.87
399.00 0.242022 2.87
400.00 0.241993 2.87
401.00 0.241965 2.86
402.00 0.241936 2.86
403.00 0.241908 2.86
404.00 0.241880 2.86
405.00 0.241852 2.86
406.00 0.241824 2.86
407.00 0.241797 2.86
408.00 0.241769 2.86
409.00 0.241741 2.86
410.00 0.241714 2.85
411.00 0.241689 2.85
412.00 0.241663 2.85
413.00 0.241638 2.85
414.00 0.241614 2.85
415.00 0.241589 2.85
416.00 0.241565 2.85
417.00 0.241541 2.85
418.00 0.241517 2.85
419.00 0.241493 2.85
420.00 0.241469 2.85
421.00 0.241446 2.85
422.00 0.241423 2.85
423.00 0.241399 2.85
424.00 0.241377 2.85
425.00 0.241354 2.85
426.00 0.241331 2.85
427.00 0.241309 2.85
428.00 0.241287 2.85
429.00 0.241265 2.85
430.00 0.241243 2.85
431.00 0.241221 2.85
432.00 0.241199 2.85
433.00 0.241178 2.84
434.00 0.241158 2.84
435.00 0.241139 2.84
436.00 0.241119 2.84
437.00 0.241100 2.84
438.00 0.241082 2.84
439.00 0.241063 2.84
440.00 0.241045 2.84
441.00 0.241027 2.84
442.00 0.241009 2.84
443.00 0.240991 2.84
444.00 0.240973 2.84
445.00 0.240956 2.84
446.00 0.240938 2.84
447.00 0.240921 2.84
448.00 0.240905 2.84
449.00 0.240888 2.84
450.00 0.240871 2.84
451.00 0.240855 2.84
452.00 0.240839 2.84
453.00 0.240823 2.84
454.00 0.240807 2.84
455.00 0.240791 2.84
456.00 0.240775 2.84
457.00 0.240760 2.84
458.00 0.240744 2.84
459.00 0.240729 2.84
460.00 0.240714 2.84
461.00 0.240699 2.84
462.00 0.240684 2.84
463.00 0.240670 2.84
464.00 0.240655 2.84
465.00 0.240641 2.84
466.00 0.240627 2.84
467.00 0.240612 2.84
468.00 0.240598 2.84
469.00 0.240584 2.84
470.00 0.240571 2.84
471.00 0.240557 2.84
472.00 0.240543 2.84
473.00 0.240530 2.84
474.00 0.240517 2.84
475.00 0.240504 2.84
476.00 0.240490 2.84
477.00 0.240477 2.84
478.00 0.240465 2.84
479.00 0.240452 2.84
480.00 0.240439 2.84
481.00 0.240426 2.84
482.00 0.240414 2.84
483.00 0.240402 2.84
484.00 0.240389 2.84
485.00 0.240377 2.84
486.00 0.240365 2.84
487.00 0.240353 2.84
488.00 0.240341 2.84
489.00 0.240329 2.84
490.00 0.240318 2.84
491.00 0.240306 2.84
492.00 0.240294 2.84
493.00 0.240283 2.84
494.00 0.240272 2.84
495.00 0.240260 2.84
496.00 0.240249 2.84
497.00 0.240238 2.84
498.00 0.240227 2.84
499.00 0.240216 2.84
500.00 0.240205 2.84
501.00 0.240194 2.84
502.00 0.240184 2.84
503.00 0.240173 2.84
504.00 0.240163 2.83
505.00 0.240153 2.83
506.00 0.240143 2.83
507.00 0.240133 2.83
508.00 0.240123 2.83
509.00 0.240113 2.83
510.00 0.240103 2.83
511.00 0.240094 2.83
512.00 0.240085 2.83
513.00 0.240075 2.83
514.00 0.240066 2.83
515.00 0.240057 2.83
516.00 0.240048 2.83
517.00 0.240039 2.83
518.00 0.240030 2.83
519.00 0.240021 2.83
520.00 0.240013 2.83
521.00 0.240004 2.83
522.00 0.239996 2.83
523.00 0.239987 2.83
524.00 0.239979 2.83
525.00 0.239970 2.83
526.00 0.239962 2.83
527.00 0.239954 2.83
528.00 0.239946 2.83
529.00 0.239938 2.83
530.00 0.239930 2.83
531.00 0.239922 2.83
532.00 0.239915 2.83
533.00 0.239907 2.83
534.00 0.239900 2.83
535.00 0.239892 2.83
536.00 0.239885 2.83
537.00 0.239877 2.83
538.00 0.239870 2.83
539.00 0.239863 2.83
540.00 0.239855 2.83
541.00 0.239848 2.83
542.00 0.239841 2.83
543.00 0.239834 2.83
544.00 0.239827 2.83
545.00 0.239821 2.83
546.00 0.239814 2.83
547.00 0.239807 2.83
548.00 0.239800 2.83
549.00 0.239794 2.83
550.00 0.239787 2.83
551.00 0.239781 2.83
552.00 0.239774 2.83
553.00 0.239768 2.83
554.00 0.239762 2.83
555.00 0.239755 2.83
556.00 0.239749 2.83
557.00 0.239743 2.83
558.00 0.239737 2.83
559.00 0.239731 2.83
560.00 0.239725 2.83
561.00 0.239719 2.83
562.00 0.239713 2.83
563.00 0.239707 2.83
564.00 0.239702 2.83
565.00 0.239696 2.83
566.00 0.239690 2.83
567.00 0.239684 2.83
568.00 0.239679 2.83
569.00 0.239673 2.83
570.00 0.239668 2.83
571.00 0.239662 2.83
572.00 0.239657 2.83
573.00 0.239652 2.83
574.00 0.239646 2.83
575.00 0.239641 2.83
576.00 0.239636 2.83
577.00 0.239631 2.83
578.00 0.239626 2.83
579.00 0.239621 2.83
580.00 0.239616 2.83
581.00 0.239611 2.83
582.00 0.239606 2.83
583.00 0.239601 2.83
584.00 0.239596 2.83
585.00 0.239591 2.83
586.00 0.239586 2.83
587.00 0.239581 2.83
588.00 0.239577 2.83
589.00 0.239572 2.83
590.00 0.239567 2.83
591.00 0.239563 2.83
592.00 0.239558 2.83
593.00 0.239554 2.83
594.00 0.239549 2.83
595.00 0.239545 2.83
596.00 0.239540 2.83
597.00 0.239536 2.83
598.00 0.239532 2.83
599.00 0.239527 2.83
600.00 0.239523 2.83
601.00 0.239519 2.83
602.00 0.239515 2.83
603.00 0.239511 2.83
604.00 0.239506 2.83
605.00 0.239502 2.83
606.00 0.239498 2.83
607.00 0.239494 2.83
608.00 0.239490 2.83
609.00 0.239486 2.83
610.00 0.239482 2.83
611.00 0.239478 2.83
612.00 0.239475 2.83
613.00 0.239471 2.83
614.00 0.239467 2.83
615.00 0.239463 2.83
616.00 0.239459 2.83
617.00 0.239456 2.83
618.00 0.239452 2.83
619.00 0.239448 2.83
620.00 0.239445 2.83
621.00 0.239441 2.83
622.00 0.239438 2.83
623.00 0.239434 2.83
624.00 0.239430 2.83
625.00 0.239427 2.83
626.00 0.239424 2.83
627.00 0.239420 2.83
628.00 0.239417 2.83
629.00 0.239413 2.83
630.00 0.239410 2.83
631.00 0.239407 2.83
632.00 0.239403 2.83
633.00 0.239400 2.83
634.00 0.239397 2.83
635.00 0.239394 2.83
636.00 0.239390 2.83
637.00 0.239387 2.83
638.00 0.239384 2.83
639.00 0.239381 2.83
640.00 0.239378 2.83
641.00 0.239375 2.83
642.00 0.239372 2.83
643.00 0.239369 2.83
644.00 0.239366 2.83
645.00 0.239363 2.83
646.00 0.239360 2.83
647.00 0.239357 2.83
648.00 0.239354 2.83
649.00 0.239351 2.83
650.00 0.239348 2.83
651.00 0.239345 2.83
652.00 0.239342 2.83
653.00 0.239339 2.83
654.00 0.239337 2.83
655.00 0.239334 2.83
656.00 0.239331 2.83
657.00 0.239328 2.83
658.00 0.239326 2.83
659.00 0.239323 2.83
660.00 0.239320 2.83
661.00 0.239318 2.83
662.00 0.239315 2.83
663.00 0.239312 2.83
664.00 0.239310 2.83
665.00 0.239307 2.83
666.00 0.239305 2.83
667.00 0.239302 2.83
668.00 0.239300 2.83
669.00 0.239297 2.83
670.00 0.239295 2.83
671.00 0.239292 2.83
672.00 0.239290 2.83
673.00 0.239287 2.83
674.00 0.239285 2.83
675.00 0.239283 2.83
676.00 0.239280 2.83
677.00 0.239278 2.83
678.00 0.239275 2.83
679.00 0.239273 2.83
680.00 0.239271 2.83
681.00 0.239269 2.83
682.00 0.239266 2.83
683.00 0.239264 2.83
684.00 0.239262 2.83
685.00 0.239260 2.83
686.00 0.239257 2.83
687.00 0.239255 2.83
688.00 0.239253 2.83
689.00 0.239251 2.83
690.00 0.239249 2.83
691.00 0.239247 2.83
692.00 0.239244 2.83
693.00 0.239242 2.83
694.00 0.239240 2.83
695.00 0.239238 2.83
696.00 0.239236 2.83
697.00 0.239234 2.83
698.00 0.239232 2.83
699.00 0.239230 2.83
700.00 0.239228 2.83
701.00 0.239226 2.83
702.00 0.239224 2.83
703.00 0.239222 2.83
704.00 0.239220 2.83
705.00 0.239218 2.83
706.00 0.239216 2.83
707.00 0.239215 2.83
708.00 0.239213 2.83
709.00 0.239211 2.83
710.00 0.239209 2.83
711.00 0.239207 2.83
712.00 0.239205 2.83
713.00 0.239203 2.83
714.00 0.239202 2.83
715.00 0.239200 2.83
716.00 0.239198 2.83
717.00 0.239196 2.83
718.00 0.239195 2.83
719.00 0.239193 2.83
720.00 0.239191 2.83
721.00 0.239189 2.83
722.00 0.239188 2.83
723.00 0.239186 2.83
724.00 0.239184 2.83
725.00 0.239183 2.83
726.00 0.239181 2.83
727.00 0.239179 2.83
728.00 0.239178 2.83
729.00 0.239176 2.83
730.00 0.239174 2.83
731.00 0.239173 2.83
732.00 0.239171 2.83
733.00 0.239170 2.83
734.00 0.239168 2.83
735.00 0.239167 2.83
736.00 0.239165 2.83
737.00 0.239163 2.83
738.00 0.239162 2.83
739.00 0.239160 2.83
740.00 0.239159 2.83
741.00 0.239157 2.83
742.00 0.239156 2.83
743.00 0.239154 2.83
744.00 0.239153 2.83
745.00 0.239152 2.83
746.00 0.239150 2.83
747.00 0.239149 2.83
748.00 0.239147 2.83
749.00 0.239146 2.83
750.00 0.239144 2.83
751.00 0.239143 2.83
752.00 0.239142 2.83
753.00 0.239140 2.83
754.00 0.239139 2.83
755.00 0.239138 2.83
756.00 0.239136 2.83
757.00 0.239135 2.83
758.00 0.239134 2.83
759.00 0.239132 2.83
760.00 0.239131 2.83
761.00 0.239130 2.83
762.00 0.239128 2.83
763.00 0.239127 2.83
764.00 0.239126 2.83
765.00 0.239125 2.83
766.00 0.239123 2.83
767.00 0.239122 2.83
768.00 0.239121 2.83
769.00 0.239120 2.83
770.00 0.239118 2.83
771.00 0.239117 2.83
772.00 0.239116 2.83
773.00 0.239115 2.83
774.00 0.239114 2.83
775.00 0.239112 2.83
776.00 0.239111 2.83
777.00 0.239110 2.83
778.00 0.239109 2.83
779.00 0.239108 2.83
780.00 0.239107 2.83
781.00 0.239105 2.83
782.00 0.239104 2.83
783.00 0.239103 2.83
784.00 0.239102 2.83
785.00 0.239101 2.83
786.00 0.239100 2.83
787.00 0.239099 2.83
788.00 0.239098 2.83
789.00 0.239097 2.83
790.00 0.239096 2.83
791.00 0.239095 2.83
792.00 0.239094 2.83
793.00 0.239092 2.83
794.00 0.239091 2.83
795.00 0.239090 2.83
796.00 0.239089 2.83
797.00 0.239088 2.83
798.00 0.239087 2.83
799.00 0.239086 2.83
800.00 0.239085 2.83
801.00 0.239084 2.83
802.00 0.239083 2.83
803.00 0.239082 2.83
804.00 0.239081 2.83
805.00 0.239080 2.83
806.00 0.239079 2.83
807.00 0.239079 2.83
808.00 0.239078 2.83
809.00 0.239077 2.83
810.00 0.239076 2.83
811.00 0.239075 2.83
812.00 0.239074 2.83
813.00 0.239073 2.83
814.00 0.239072 2.83
815.00 0.239071 2.83
816.00 0.239070 2.83
817.00 0.239069 2.83
818.00 0.239068 2.83
819.00 0.239068 2.83
820.00 0.239067 2.83
821.00 0.239066 2.83
822.00 0.239065 2.83
823.00 0.239064 2.83
824.00 0.239063 2.83
825.00 0.239062 2.83
826.00 0.239062 2.83
827.00 0.239061 2.83
828.00 0.239060 2.83
829.00 0.239059 2.83
830.00 0.239058 2.83
831.00 0.239058 2.83
832.00 0.239057 2.83
833.00 0.239056 2.83
834.00 0.239055 2.83
835.00 0.239054 2.83
836.00 0.239054 2.83
837.00 0.239053 2.83
838.00 0.239052 2.83
839.00 0.239051 2.83
840.00 0.239050 2.83
841.00 0.239050 2.83
842.00 0.239049 2.83
843.00 0.239048 2.83
844.00 0.239047 2.83
845.00 0.239047 2.83
846.00 0.239046 2.83
847.00 0.239045 2.83
848.00 0.239045 2.83
849.00 0.239044 2.83
850.00 0.239043 2.83
851.00 0.239042 2.83
852.00 0.239042 2.83
853.00 0.239041 2.83
854.00 0.239040 2.83
855.00 0.239040 2.83
856.00 0.239039 2.83
857.00 0.239038 2.83
858.00 0.239038 2.83
859.00 0.239037 2.83
860.00 0.239036 2.83
861.00 0.239036 2.83
862.00 0.239035 2.83
863.00 0.239034 2.83
864.00 0.239034 2.83
865.00 0.239033 2.83
866.00 0.239032 2.83
867.00 0.239032 2.83
868.00 0.239031 2.83
869.00 0.239030 2.83
870.00 0.239030 2.83
871.00 0.239029 2.83
872.00 0.239028 2.83
873.00 0.239028 2.83
874.00 0.239027 2.83
875.00 0.239027 2.83
876.00 0.239026 2.83
877.00 0.239025 2.83
878.00 0.239025 2.83
879.00 0.239024 2.83
880.00 0.239024 2.83
881.00 0.239023 2.83
882.00 0.239023 2.83
883.00 0.239022 2.83
884.00 0.239021 2.83
885.00 0.239021 2.83
886.00 0.239020 2.83
887.00 0.239020 2.83
888.00 0.239019 2.83
889.00 0.239019 2.83
890.00 0.239018 2.83
891.00 0.239017 2.83
892.00 0.239017 2.83
893.00 0.239016 2.83
894.00 0.239016 2.83
895.00 0.239015 2.83
896.00 0.239015 2.83
897.00 0.239014 2.83
898.00 0.239014 2.83
899.00 0.239013 2.83
900.00 0.239013 2.83
901.00 0.239012 2.83
902.00 0.239012 2.83
903.00 0.239011 2.83
904.00 0.239011 2.83
905.00 0.239010 2.83
906.00 0.239010 2.83
907.00 0.239009 2.83
908.00 0.239009 2.83
909.00 0.239008 2.83
910.00 0.239008 2.83
911.00 0.239007 2.83
912.00 0.239007 2.83
913.00 0.239006 2.83
914.00 0.239006 2.83
915.00 0.239005 2.83
916.00 0.239005 2.83
917.00 0.239004 2.83
918.00 0.239004 2.83
919.00 0.239003 2.83
920.00 0.239003 2.83
921.00 0.239003 2.83
922.00 0.239002 2.83
923.00 0.239002 2.83
924.00 0.239001 2.83
925.00 0.239001 2.83
926.00 0.239000 2.83
927.00 0.239000 2.83
928.00 0.239000 2.83
929.00 0.238999 2.83
930.00 0.238999 2.83
931.00 0.238998 2.83
932.00 0.238998 2.83
933.00 0.238997 2.83
934.00 0.238997 2.83
935.00 0.238997 2.83
936.00 0.238996 2.83
937.00 0.238996 2.83
938.00 0.238995 2.83
939.00 0.238995 2.83
940.00 0.238995 2.83
941.00 0.238994 2.83
942.00 0.238994 2.83
943.00 0.238993 2.83
944.00 0.238993 2.83
945.00 0.238993 2.83
946.00 0.238992 2.83
947.00 0.238992 2.83
948.00 0.238991 2.83
949.00 0.238991 2.83
950.00 0.238991 2.83
951.00 0.238990 2.83
952.00 0.238990 2.83
953.00 0.238990 2.83
954.00 0.238989 2.83
955.00 0.238989 2.83
956.00 0.238989 2.83
957.00 0.238988 2.83
958.00 0.238988 2.83
959.00 0.238987 2.83
960.00 0.238987 2.83
961.00 0.238987 2.83
962.00 0.238986 2.83
963.00 0.238986 2.83
964.00 0.238986 2.83
965.00 0.238985 2.83
966.00 0.238985 2.83
967.00 0.238985 2.83
968.00 0.238984 2.83
969.00 0.238984 2.83
970.00 0.238984 2.83
971.00 0.238983 2.83
972.00 0.238983 2.83
973.00 0.238983 2.83
974.00 0.238982 2.83
975.00 0.238982 2.83
976.00 0.238982 2.83
977.00 0.238981 2.83
978.00 0.238981 2.83
979.00 0.238981 2.83
980.00 0.238981 2.83
981.00 0.238980 2.83
982.00 0.238980 2.83
983.00 0.238980 2.83
984.00 0.238979 2.83
985.00 0.238979 2.83
986.00 0.238979 2.83
987.00 0.238978 2.83
988.00 0.238978 2.83
989.00 0.238978 2.83
990.00 0.238978 2.83
991.00 0.238977 2.83
992.00 0.238977 2.83
993.00 0.238977 2.83
994.00 0.238976 2.83
995.00 0.238976 2.83
996.00 0.238976 2.83
997.00 0.238976 2.83
998.00 0.238975 2.83
999.00 0.238975 2.83
1000.00 0.238975 2.83
1001.00 0.238975 2.83
1002.00 0.238974 2.83
1003.00 0.238974 2.83
1004.00 0.238974 2.83
1005.00 0.238973 2.83
1006.00 0.238973 2.83
1007.00 0.238973 2.83
1008.00 0.238973 2.83
1009.00 0.238972 2.83
1010.00 0.238972 2.83
1011.00 0.238972 2.83
1012.00 0.238972 2.83
1013.00 0.238971 2.83
1014.00 0.238971 2.83
1015.00 0.238971 2.83
1016.00 0.238971 2.83
1017.00 0.238970 2.83
1018.00 0.238970 2.83
1019.00 0.238970 2.83
1020.00 0.238970 2.83
1021.00 0.238969 2.83
1022.00 0.238969 2.83
1023.00 0.238969 2.83
1024.00 0.238969 2.83
1025.00 0.238969 2.83
1026.00 0.238968 2.83
1027.00 0.238968 2.83
1028.00 0.238968 2.83
1029.00 0.238968 2.83
1030.00 0.238967 2.83
1031.00 0.238967 2.83
1032.00 0.238967 2.83
1033.00 0.238967 2.83
1034.00 0.238967 2.83
1035.00 0.238966 2.83
1036.00 0.238966 2.83
1037.00 0.238966 2.83
1038.00 0.238966 2.83
1039.00 0.238965 2.83
1040.00 0.238965 2.83
1041.00 0.238965 2.83
1042.00 0.238965 2.83
1043.00 0.238965 2.83
1044.00 0.238964 2.83
1045.00 0.238964 2.83
1046.00 0.238964 2.83
1047.00 0.238964 2.83
1048.00 0.238964 2.83
1049.00 0.238963 2.83
1050.00 0.238963 2.83
1051.00 0.238963 2.83
1052.00 0.238963 2.83
1053.00 0.238963 2.83
1054.00 0.238962 2.83
1055.00 0.238962 2.83
1056.00 0.238962 2.83
1057.00 0.238962 2.83
1058.00 0.238962 2.83
1059.00 0.238961 2.83
1060.00 0.238961 2.83
1061.00 0.238961 2.83
1062.00 0.238961 2.83
1063.00 0.238961 2.83
1064.00 0.238961 2.83
1065.00 0.238960 2.83
1066.00 0.238960 2.83
1067.00 0.238960 2.83
1068.00 0.238960 2.83
1069.00 0.238960 2.83
1070.00 0.238959 2.83
1071.00 0.238959 2.83
1072.00 0.238959 2.83
1073.00 0.238959 2.83
1074.00 0.238959 2.83
1075.00 0.238959 2.83
1076.00 0.238958 2.83
1077.00 0.238958 2.83
1078.00 0.238958 2.83
1079.00 0.238958 2.83
1080.00 0.238958 2.83
1081.00 0.238958 2.83
1082.00 0.238957 2.83
1083.00 0.238957 2.83
1084.00 0.238957 2.83
1085.00 0.238957 2.83
1086.00 0.238957 2.83
1087.00 0.238957 2.83
1088.00 0.238957 2.83
1089.00 0.238956 2.83
1090.00 0.238956 2.83
1091.00 0.238956 2.83
1092.00 0.238956 2.83
1093.00 0.238956 2.83
1094.00 0.238956 2.83
1095.00 0.238955 2.83
1096.00 0.238955 2.83
1097.00 0.238955 2.83
1098.00 0.238955 2.83
1099.00 0.238955 2.83
1100.00 0.238955 2.83
1101.00 0.238955 2.83
1102.00 0.238954 2.83
1103.00 0.238954 2.83
1104.00 0.238954 2.83
1105.00 0.238954 2.83
1106.00 0.238954 2.83
1107.00 0.238954 2.83
1108.00 0.238954 2.83
1109.00 0.238953 2.83
1110.00 0.238953 2.83
1111.00 0.238953 2.83
1112.00 0.238953 2.83
1113.00 0.238953 2.83
1114.00 0.238953 2.83
1115.00 0.238953 2.83
1116.00 0.238953 2.83
1117.00 0.238952 2.83
1118.00 0.238952 2.83
1119.00 0.238952 2.83
1120.00 0.238952 2.83
1121.00 0.238952 2.83
1122.00 0.238952 2.83
1123.00 0.238952 2.83
1124.00 0.238952 2.83
1125.00 0.238951 2.83
1126.00 0.238951 2.83
1127.00 0.238951 2.83
1128.00 0.238951 2.83
1129.00 0.238951 2.83
1130.00 0.238951 2.83
1131.00 0.238951 2.83
1132.00 0.238951 2.83
1133.00 0.238950 2.83
1134.00 0.238950 2.83
1135.00 0.238950 2.83
1136.00 0.238950 2.83
1137.00 0.238950 2.83
1138.00 0.238950 2.83
1139.00 0.238950 2.83
1140.00 0.238950 2.83
1141.00 0.238950 2.83
1142.00 0.238949 2.83
1143.00 0.238949 2.83
1144.00 0.238949 2.83
1145.00 0.238949 2.83
1146.00 0.238949 2.83
1147.00 0.238949 2.83
1148.00 0.238949 2.83
1149.00 0.238949 2.83
1150.00 0.238949 2.83
1151.00 0.238948 2.83
1152.00 0.238948 2.83
1153.00 0.238948 2.83
1154.00 0.238948 2.83
1155.00 0.238948 2.83
1156.00 0.238948 2.83
1157.00 0.238948 2.83
1158.00 0.238948 2.83
1159.00 0.238948 2.83
1160.00 0.238948 2.83
1161.00 0.238947 2.83
1162.00 0.238947 2.83
1163.00 0.238947 2.83
1164.00 0.238947 2.83
1165.00 0.238947 2.83
1166.00 0.238947 2.83
1167.00 0.238947 2.83
1168.00 0.238947 2.83
1169.00 0.238947 2.83
1170.00 0.238947 2.83
1171.00 0.238947 2.83
1172.00 0.238946 2.83
1173.00 0.238946 2.83
1174.00 0.238946 2.83
1175.00 0.238946 2.83
1176.00 0.238946 2.83
1177.00 0.238946 2.83
1178.00 0.238946 2.83
1179.00 0.238946 2.83
1180.00 0.238946 2.83
1181.00 0.238946 2.83
1182.00 0.238946 2.83
1183.00 0.238945 2.83
1184.00 0.238945 2.83
1185.00 0.238945 2.83
1186.00 0.238945 2.83
1187.00 0.238945 2.83
1188.00 0.238945 2.83
1189.00 0.238945 2.83
1190.00 0.238945 2.83
1191.00 0.238945 2.83
1192.00 0.238945 2.83
1193.00 0.238945 2.83
1194.00 0.238945 2.83
1195.00 0.238944 2.83
1196.00 0.238944 2.83
1197.00 0.238944 2.83
1198.00 0.238944 2.83
1199.00 0.238944 2.83
1200.00 0.238944 2.83
1201.00 0.238944 2.83
1202.00 0.238944 2.83
1203.00 0.238944 2.83
1204.00 0.238944 2.83
1205.00 0.238944 2.83
1206.00 0.238944 2.83
1207.00 0.238944 2.83
1208.00 0.238943 2.83
1209.00 0.238943 2.83
1210.00 0.238943 2.83
1211.00 0.238943 2.83
1212.00 0.238943 2.83
1213.00 0.238943 2.83
1214.00 0.238943 2.83
1215.00 0.238943 2.83
1216.00 0.238943 2.83
1217.00 0.238943 2.83
1218.00 0.238943 2.83
1219.00 0.238943 2.83
1220.00 0.238943 2.83
1221.00 0.238943 2.83
1222.00 0.238942 2.83
1223.00 0.238942 2.83
1224.00 0.238942 2.83
1225.00 0.238942 2.83
1226.00 0.238942 2.83
1227.00 0.238942 2.83
1228.00 0.238942 2.83
1229.00 0.238942 2.83
1230.00 0.238942 2.83
1231.00 0.238942 2.83
1232.00 0.238942 2.83
1233.00 0.238942 2.83
1234.00 0.238942 2.83
1235.00 0.238942 2.83
1236.00 0.238942 2.83
1237.00 0.238942 2.83
1238.00 0.238941 2.83
1239.00 0.238941 2.83
1240.00 0.238941 2.83
1241.00 0.238941 2.83
1242.00 0.238941 2.83
1243.00 0.238941 2.83
1244.00 0.238941 2.83
1245.00 0.238941 2.83
1246.00 0.238941 2.83
1247.00 0.238941 2.83
1248.00 0.238941 2.83
1249.00 0.238941 2.83
1250.00 0.238941 2.83
1251.00 0.238941 2.83
1252.00 0.238941 2.83
1253.00 0.238941 2.83
1254.00 0.238941 2.83
1255.00 0.238940 2.83
1256.00 0.238940 2.83
1257.00 0.238940 2.83
1258.00 0.238940 2.83
1259.00 0.238940 2.83
1260.00 0.238940 2.83
1261.00 0.238940 2.83
1262.00 0.238940 2.83
1263.00 0.238940 2.83
1264.00 0.238940 2.83
1265.00 0.238940 2.83
1266.00 0.238940 2.83
1267.00 0.238940 2.83
1268.00 0.238940 2.83
1269.00 0.238940 2.83
1270.00 0.238940 2.83
1271.00 0.238940 2.83
1272.00 0.238940 2.83
1273.00 0.238940 2.83
1274.00 0.238940 2.83
1275.00 0.238939 2.83
1276.00 0.238939 2.83
1277.00 0.238939 2.83
1278.00 0.238939 2.83
1279.00 0.238939 2.83
1280.00 0.238939 2.83
1281.00 0.238939 2.83
1282.00 0.238939 2.83
1283.00 0.238939 2.83
1284.00 0.238939 2.83
1285.00 0.238939 2.83
1286.00 0.238939 2.83
1287.00 0.238939 2.83
1288.00 0.238939 2.83
1289.00 0.238939 2.83
1290.00 0.238939 2.83
1291.00 0.238939 2.83
1292.00 0.238939 2.83
1293.00 0.238939 2.83
1294.00 0.238939 2.83
1295.00 0.238939 2.83
1296.00 0.238939 2.83
1297.00 0.238938 2.83
1298.00 0.238938 2.83
1299.00 0.238938 2.83
1300.00 0.238938 2.83
1301.00 0.238938 2.83
1302.00 0.238938 2.83
1303.00 0.238938 2.83
1304.00 0.238938 2.83
1305.00 0.238938 2.83
1306.00 0.238938 2.83
1307.00 0.238938 2.83
1308.00 0.238938 2.83
1309.00 0.238938 2.83
1310.00 0.238938 2.83
1311.00 0.238938 2.83
1312.00 0.238938 2.83
1313.00 0.238938 2.83
1314.00 0.238938 2.83
1315.00 0.238938 2.83
1316.00 0.238938 2.83
1317.00 0.238938 2.83
1318.00 0.238938 2.83
1319.00 0.238938 2.83
1320.00 0.238938 2.83
1321.00 0.238938 2.83
1322.00 0.238938 2.83
1323.00 0.238937 2.83
1324.00 0.238937 2.83
1325.00 0.238937 2.83
1326.00 0.238937 2.83
1327.00 0.238937 2.83
1328.00 0.238937 2.83
1329.00 0.238937 2.83
1330.00 0.238937 2.83
1331.00 0.238937 2.83
1332.00 0.238937 2.83
1333.00 0.238937 2.83
1334.00 0.238937 2.83
1335.00 0.238937 2.83
1336.00 0.238937 2.83
1337.00 0.238937 2.83
1338.00 0.238937 2.83
1339.00 0.238937 2.83
1340.00 0.238937 2.83
1341.00 0.238937 2.83
1342.00 0.238937 2.83
1343.00 0.238937 2.83
1344.00 0.238937 2.83
1345.00 0.238937 2.83
1346.00 0.238937 2.83
1347.00 0.238937 2.83
1348.00 0.238937 2.83
1349.00 0.238937 2.83
1350.00 0.238937 2.83
1351.00 0.238937 2.83
1352.00 0.238937 2.83
1353.00 0.238937 2.83
1354.00 0.238936 2.83
1355.00 0.238936 2.83
1356.00 0.238936 2.83
1357.00 0.238936 2.83
1358.00 0.238936 2.83
1359.00 0.238936 2.83
1360.00 0.238936 2.83
1361.00 0.238936 2.83
1362.00 0.238936 2.83
1363.00 0.238936 2.83
1364.00 0.238936 2.83
1365.00 0.238936 2.83
1366.00 0.238936 2.83
1367.00 0.238936 2.83
1368.00 0.238936 2.83
1369.00 0.238936 2.83
1370.00 0.238936 2.83
1371.00 0.238936 2.83
1372.00 0.238936 2.83
1373.00 0.238936 2.83
1374.00 0.238936 2.83
1375.00 0.238936 2.83
1376.00 0.238936 2.83
1377.00 0.238936 2.83
1378.00 0.238936 2.83
1379.00 0.238936 2.83
1380.00 0.238936 2.83
1381.00 0.238936 2.83
1382.00 0.238936 2.83
1383.00 0.238936 2.83
1384.00 0.238936 2.83
1385.00 0.238936 2.83
1386.00 0.238936 2.83
1387.00 0.238936 2.83
1388.00 0.238936 2.83
1389.00 0.238936 2.83
1390.00 0.238936 2.83
1391.00 0.238936 2.83
1392.00 0.238935 2.83
1393.00 0.238935 2.83
1394.00 0.238935 2.83
1395.00 0.238935 2.83
1396.00 0.238935 2.83
1397.00 0.238935 2.83
1398.00 0.238935 2.83
1399.00 0.238935 2.83
1400.00 0.238935 2.83
1401.00 0.238935 2.83
1402.00 0.238935 2.83
1403.00 0.238935 2.83
1404.00 0.238935 2.83
1405.00 0.238935 2.83
1406.00 0.238935 2.83
1407.00 0.238935 2.83
1408.00 0.238935 2.83
1409.00 0.238935 2.83
1410.00 0.238935 2.83
1411.00 0.238935 2.83
1412.00 0.238935 2.83
1413.00 0.238935 2.83
1414.00 0.238935 2.83
1415.00 0.238935 2.83
1416.00 0.238935 2.83
1417.00 0.238935 2.83
1418.00 0.238935 2.83
1419.00 0.238935 2.83
1420.00 0.238935 2.83
1421.00 0.238935 2.83
1422.00 0.238935 2.83
1423.00 0.238935 2.83
1424.00 0.238935 2.83
1425.00 0.238935 2.83
1426.00 0.238935 2.83
1427.00 0.238935 2.83
1428.00 0.238935 2.83
1429.00 0.238935 2.83
1430.00 0.238935 2.83
1431.00 0.238935 2.83
1432.00 0.238935 2.83
1433.00 0.238935 2.83
1434.00 0.238935 2.83
1435.00 0.238935 2.83
1436.00 0.238935 2.83
1437.00 0.238935 2.83
1438.00 0.238935 2.83
1439.00 0.238935 2.83
1440.00 0.238935 2.83
1441.00 0.238935 2.83
1442.00 0.238934 2.83
1443.00 0.238934 2.83
1444.00 0.238934 2.83
1445.00 0.238934 2.83
1446.00 0.238934 2.83
1447.00 0.238934 2.83
1448.00 0.238934 2.83
1449.00 0.238934 2.83
1450.00 0.238934 2.83
1451.00 0.238934 2.83
1452.00 0.238934 2.83
1453.00 0.238934 2.83
1454.00 0.238934 2.83
1455.00 0.238934 2.83
1456.00 0.238934 2.83
1457.00 0.238934 2.83
1458.00 0.238934 2.83
1459.00 0.238934 2.83
1460.00 0.238934 2.83
1461.00 0.238934 2.83
1462.00 0.238934 2.83
1463.00 0.238934 2.83
1464.00 0.238934 2.83
1465.00 0.238934 2.83
1466.00 0.238934 2.83
1467.00 0.238934 2.83
1468.00 0.238934 2.83
1469.00 0.238934 2.83
1470.00 0.238934 2.83
1471.00 0.238934 2.83
1472.00 0.238934 2.83
1473.00 0.238934 2.83
1474.00 0.238934 2.83
1475.00 0.238934 2.83
1476.00 0.238934 2.83
1477.00 0.238934 2.83
1478.00 0.238934 2.83
1479.00 0.238934 2.83
1480.00 0.238934 2.83
1481.00 0.238934 2.83
1482.00 0.238934 2.83
1483.00 0.238934 2.83
1484.00 0.238934 2.83
1485.00 0.238934 2.83
1486.00 0.238934 2.83
1487.00 0.238934 2.83
1488.00 0.238934 2.83
1489.00 0.238934 2.83
1490.00 0.238934 2.83
1491.00 0.238934 2.83
1492.00 0.238934 2.83
1493.00 0.238934 2.83
1494.00 0.238934 2.83
1495.00 0.238934 2.83
1496.00 0.238934 2.83
1497.00 0.238934 2.83
1498.00 0.238934 2.83
1499.00 0.238934 2.83
1500.00 0.238934 2.83
1501.00 0.238934 2.83
1502.00 0.238934 2.83
1503.00 0.238934 2.83
1504.00 0.238934 2.83
1505.00 0.238934 2.83
1506.00 0.238934 2.83
1507.00 0.238934 2.83
1508.00 0.238934 2.83
1509.00 0.238934 2.83
1510.00 0.238934 2.83
1511.00 0.238934 2.83
1512.00 0.238934 2.83
1513.00 0.238934 2.83
1514.00 0.238934 2.83
1515.00 0.238934 2.83
1516.00 0.238933 2.83
1517.00 0.238933 2.83
1518.00 0.238933 2.83
1519.00 0.238933 2.83
1520.00 0.238933 2.83
1521.00 0.238933 2.83
1522.00 0.238933 2.83
1523.00 0.238933 2.83
1524.00 0.238933 2.83
1525.00 0.238933 2.83
1526.00 0.238933 2.83
1527.00 0.238933 2.83
1528.00 0.238933 2.83
1529.00 0.238933 2.83
1530.00 0.238933 2.83
1531.00 0.238933 2.83
1532.00 0.238933 2.83
1533.00 0.238933 2.83
1534.00 0.238933 2.83
1535.00 0.238933 2.83
1536.00 0.238933 2.83
1537.00 0.238933 2.83
1538.00 0.238933 2.83
1539.00 0.238933 2.83
1540.00 0.238933 2.83
1541.00 0.238933 2.83
1542.00 0.238933 2.83
1543.00 0.238933 2.83
1544.00 0.238933 2.83
1545.00 0.238933 2.83
1546.00 0.238933 2.83
1547.00 0.238933 2.83
1548.00 0.238933 2.83
1549.00 0.238933 2.83
1550.00 0.238933 2.83
1551.00 0.238933 2.83
1552.00 0.238933 2.83
1553.00 0.238933 2.83
1554.00 0.238933 2.83
1555.00 0.238933 2.83
1556.00 0.238933 2.83
1557.00 0.238933 2.83
1558.00 0.238933 2.83
1559.00 0.238933 2.83
1560.00 0.238933 2.83
1561.00 0.238933 2.83
1562.00 0.238933 2.83
1563.00 0.238933 2.83
1564.00 0.238933 2.83
1565.00 0.238933 2.83
1566.00 0.238933 2.83
1567.00 0.238933 2.83
1568.00 0.238933 2.83
1569.00 0.238933 2.83
1570.00 0.238933 2.83
1571.00 0.238933 2.83
1572.00 0.238933 2.83
1573.00 0.238933 2.83
1574.00 0.238933 2.83
1575.00 0.238933 2.83
1576.00 0.238933 2.83
1577.00 0.238933 2.83
1578.00 0.238933 2.83
1579.00 0.238933 2.83
1580.00 0.238933 2.83
1581.00 0.238933 2.83
1582.00 0.238933 2.83
1583.00 0.238933 2.83
1584.00 0.238933 2.83
1585.00 0.238933 2.83
1586.00 0.238933 2.83
1587.00 0.238933 2.83
1588.00 0.238933 2.83
1589.00 0.238933 2.83
1590.00 0.238933 2.83
1591.00 0.238933 2.83
1592.00 0.238933 2.83
1593.00 0.238933 2.83
1594.00 0.238933 2.83
1595.00 0.238933 2.83
1596.00 0.238933 2.83
1597.00 0.238933 2.83
1598.00 0.238933 2.83
1599.00 0.238933 2.83
1600.00 0.238933 2.83
1601.00 0.238933 2.83
1602.00 0.238933 2.83
1603.00 0.238933 2.83
1604.00 0.238933 2.83
1605.00 0.238933 2.83
1606.00 0.238933 2.83
1607.00 0.238933 2.83
1608.00 0.238933 2.83
1609.00 0.238933 2.83
1610.00 0.238933 2.83
1611.00 0.238933 2.83
1612.00 0.238933 2.83
1613.00 0.238933 2.83
1614.00 0.238933 2.83
1615.00 0.238933 2.83
1616.00 0.238933 2.83
1617.00 0.238933 2.83
1618.00 0.238933 2.83
1619.00 0.238933 2.83
1620.00 0.238933 2.83
1621.00 0.238933 2.83
1622.00 0.238933 2.83
1623.00 0.238933 2.83
1624.00 0.238933 2.83
1625.00 0.238933 2.83
1626.00 0.238933 2.83
1627.00 0.238933 2.83
1628.00 0.238933 2.83
1629.00 0.238933 2.83
1630.00 0.238933 2.83
1631.00 0.238933 2.83
1632.00 0.238933 2.83
1633.00 0.238933 2.83
1634.00 0.238933 2.83
1635.00 0.238933 2.83
1636.00 0.238933 2.83
1637.00 0.238933 2.83
1638.00 0.238933 2.83
1639.00 0.238933 2.83
1640.00 0.238933 2.83
1641.00 0.238933 2.83
1642.00 0.238933 2.83
1643.00 0.238933 2.83
1644.00 0.238933 2.83
1645.00 0.238933 2.83
1646.00 0.238933 2.83
1647.00 0.238933 2.83
1648.00 0.238933 2.83
1649.00 0.238933 2.83
1650.00 0.238933 2.83
1651.00 0.238933 2.83
1652.00 0.238933 2.83
1653.00 0.238933 2.83
1654.00 0.238933 2.83
1655.00 0.238933 2.83
1656.00 0.238932 2.83
1657.00 0.238932 2.83
1658.00 0.238932 2.83
1659.00 0.238932 2.83
1660.00 0.238932 2.83
1661.00 0.238932 2.83
1662.00 0.238932 2.83
1663.00 0.238932 2.83
1664.00 0.238932 2.83
1665.00 0.238932 2.83
1666.00 0.238932 2.83
1667.00 0.238932 2.83
1668.00 0.238932 2.83
1669.00 0.238932 2.83
1670.00 0.238932 2.83
1671.00 0.238932 2.83
1672.00 0.238932 2.83
1673.00 0.238932 2.83
1674.00 0.238932 2.83
1675.00 0.238932 2.83
1676.00 0.238932 2.83
1677.00 0.238932 2.83
1678.00 0.238932 2.83
1679.00 0.238932 2.83
1680.00 0.238932 2.83
1681.00 0.238932 2.83
1682.00 0.238932 2.83
1683.00 0.238932 2.83
1684.00 0.238932 2.83
1685.00 0.238932 2.83
1686.00 0.238932 2.83
1687.00 0.238932 2.83
1688.00 0.238932 2.83
1689.00 0.238932 2.83
1690.00 0.238932 2.83
1691.00 0.238932 2.83
1692.00 0.238932 2.83
1693.00 0.238932 2.83
1694.00 0.238932 2.83
1695.00 0.238932 2.83
1696.00 0.238932 2.83
1697.00 0.238932 2.83
1698.00 0.238932 2.83
1699.00 0.238932 2.83
1700.00 0.238932 2.83
1701.00 0.238932 2.83
1702.00 0.238932 2.83
1703.00 0.238932 2.83
1704.00 0.238932 2.83
1705.00 0.238932 2.83
1706.00 0.238932 2.83
1707.00 0.238932 2.83
1708.00 0.238932 2.83
1709.00 0.238932 2.83
1710.00 0.238932 2.83
1711.00 0.238932 2.83
1712.00 0.238932 2.83
1713.00 0.238932 2.83
1714.00 0.238932 2.83
1715.00 0.238932 2.83
1716.00 0.238932 2.83
1717.00 0.238932 2.83
1718.00 0.238932 2.83
1719.00 0.238932 2.83
1720.00 0.238932 2.83
1721.00 0.238932 2.83
1722.00 0.238932 2.83
1723.00 0.238932 2.83
1724.00 0.238932 2.83
1725.00 0.238932 2.83
1726.00 0.238932 2.83
1727.00 0.238932 2.83
1728.00 0.238932 2.83
1729.00 0.238932 2.83
1730.00 0.238932 2.83
1731.00 0.238932 2.83
1732.00 0.238932 2.83
1733.00 0.238932 2.83
1734.00 0.238932 2.83
1735.00 0.238932 2.83
1736.00 0.238932 2.83
1737.00 0.238932 2.83
1738.00 0.238932 2.83
1739.00 0.238932 2.83
1740.00 0.238932 2.83
1741.00 0.238932 2.83
1742.00 0.238932 2.83
1743.00 0.238932 2.83
1744.00 0.238932 2.83
1745.00 0.238932 2.83
1746.00 0.238932 2.83
1747.00 0.238932 2.83
1748.00 0.238932 2.83
1749.00 0.238932 2.83
1750.00 0.238932 2.83
1751.00 0.238932 2.83
1752.00 0.238932 2.83
1753.00 0.238932 2.83
1754.00 0.238932 2.83
1755.00 0.238932 2.83
1756.00 0.238932 2.83
1757.00 0.238932 2.83
1758.00 0.238932 2.83
1759.00 0.238932 2.83
1760.00 0.238932 2.83
1761.00 0.238932 2.83
1762.00 0.238932 2.83
1763.00 0.238932 2.83
1764.00 0.238932 2.83
1765.00 0.238932 2.83
1766.00 0.238932 2.83
1767.00 0.238932 2.83
1768.00 0.238932 2.83
1769.00 0.238932 2.83
1770.00 0.238932 2.83
1771.00 0.238932 2.83
1772.00 0.238932 2.83
1773.00 0.238932 2.83
1774.00 0.238932 2.83
1775.00 0.238932 2.83
1776.00 0.238932 2.83
1777.00 0.238932 2.83
1778.00 0.238932 2.83
1779.00 0.238932 2.83
1780.00 0.238932 2.83
1781.00 0.238932 2.83
1782.00 0.238932 2.83
1783.00 0.238932 2.83
1784.00 0.238932 2.83
1785.00 0.238932 2.83
1786.00 0.238932 2.83
1787.00 0.238932 2.83
1788.00 0.238932 2.83
1789.00 0.238932 2.83
1790.00 0.238932 2.83
1791.00 0.238932 2.83
1792.00 0.238932 2.83
1793.00 0.238932 2.83
1794.00 0.238932 2.83
1795.00 0.238932 2.83
1796.00 0.238932 2.83
1797.00 0.238932 2.83
1798.00 0.238932 2.83
1799.00 0.238932 2.83
1800.00 0.238932 2.83
1801.00 0.238932 2.83
1802.00 0.238932 2.83
1803.00 0.238932 2.83
1804.00 0.238932 2.83
1805.00 0.238932 2.83
1806.00 0.238932 2.83
1807.00 0.238932 2.83
1808.00 0.238932 2.83
1809.00 0.238932 2.83
1810.00 0.238932 2.83
1811.00 0.238932 2.83
1812.00 0.238932 2.83
1813.00 0.238932 2.83
1814.00 0.238932 2.83
1815.00 0.238932 2.83
1816.00 0.238932 2.83
1817.00 0.238932 2.83
1818.00 0.238932 2.83
1819.00 0.238932 2.83
1820.00 0.238932 2.83
1821.00 0.238932 2.83
1822.00 0.238932 2.83
1823.00 0.238932 2.83
1824.00 0.238932 2.83
1825.00 0.238932 2.83
1826.00 0.238932 2.83
1827.00 0.238932 2.83
1828.00 0.238932 2.83
1829.00 0.238932 2.83
1830.00 0.238932 2.83
1831.00 0.238932 2.83
1832.00 0.238932 2.83
1833.00 0.238932 2.83
1834.00 0.238932 2.83
1835.00 0.238932 2.83
1836.00 0.238932 2.83
1837.00 0.238932 2.83
1838.00 0.238932 2.83
1839.00 0.238932 2.83
1840.00 0.238932 2.83
1841.00 0.238932 2.83
1842.00 0.238932 2.83
1843.00 0.238932 2.83
1844.00 0.238932 2.83
1845.00 0.238932 2.83
1846.00 0.238932 2.83
1847.00 0.238932 2.83
1848.00 0.238932 2.83
1849.00 0.238932 2.83
1850.00 0.238932 2.83
1851.00 0.238932 2.83
1852.00 0.238932 2.83
1853.00 0.238932 2.83
1854.00 0.238932 2.83
1855.00 0.238932 2.83
1856.00 0.238932 2.83
1857.00 0.238932 2.83
1858.00 0.238932 2.83
1859.00 0.238932 2.83
1860.00 0.238932 2.83
1861.00 0.238932 2.83
1862.00 0.238932 2.83
1863.00 0.238932 2.83
1864.00 0.238932 2.83
1865.00 0.238932 2.83
1866.00 0.238932 2.83
1867.00 0.238932 2.83
1868.00 0.238932 2.83
1869.00 0.238932 2.83
1870.00 0.238932 2.83
1871.00 0.238932 2.83
1872.00 0.238932 2.83
1873.00 0.238932 2.83
1874.00 0.238932 2.83
1875.00 0.238932 2.83
1876.00 0.238932 2.83
1877.00 0.238932 2.83
1878.00 0.238932 2.83
1879.00 0.238932 2.83
1880.00 0.238932 2.83
1881.00 0.238932 2.83
1882.00 0.238932 2.83
1883.00 0.238932 2.83
1884.00 0.238932 2.83
1885.00 0.238932 2.83
1886.00 0.238932 2.83
1887.00 0.238932 2.83
1888.00 0.238932 2.83
1889.00 0.238932 2.83
1890.00 0.238932 2.83
1891.00 0.238932 2.83
1892.00 0.238932 2.83
1893.00 0.238932 2.83
1894.00 0.238932 2.83
1895.00 0.238932 2.83
1896.00 0.238932 2.83
1897.00 0.238932 2.83
1898.00 0.238932 2.83
1899.00 0.238932 2.83
1900.00 0.238932 2.83
1901.00 0.238932 2.83
1902.00 0.238932 2.83
1903.00 0.238932 2.83
1904.00 0.238932 2.83
1905.00 0.238932 2.83
1906.00 0.238932 2.83
1907.00 0.238932 2.83
1908.00 0.238932 2.83
1909.00 0.238932 2.83
1910.00 0.238932 2.83
1911.00 0.238932 2.83
1912.00 0.238932 2.83
1913.00 0.238932 2.83
1914.00 0.238932 2.83
1915.00 0.238932 2.83
1916.00 0.238932 2.83
1917.00 0.238932 2.83
1918.00 0.238932 2.83
1919.00 0.238932 2.83
1920.00 0.238932 2.83
1921.00 0.238932 2.83
1922.00 0.238932 2.83
1923.00 0.238932 2.83
1924.00 0.238932 2.83
1925.00 0.238932 2.83
1926.00 0.238932 2.83
1927.00 0.238932 2.83
1928.00 0.238932 2.83
1929.00 0.238932 2.83
1930.00 0.238932 2.83
1931.00 0.238932 2.83
1932.00 0.238932 2.83
1933.00 0.238932 2.83
1934.00 0.238932 2.83
1935.00 0.238932 2.83
1936.00 0.238932 2.83
1937.00 0.238932 2.83
1938.00 0.238932 2.83
1939.00 0.238932 2.83
1940.00 0.238932 2.83
1941.00 0.238932 2.83
1942.00 0.238932 2.83
1943.00 0.238932 2.83
1944.00 0.238932 2.83
1945.00 0.238932 2.83
1946.00 0.238932 2.83
1947.00 0.238932 2.83
1948.00 0.238932 2.83
1949.00 0.238932 2.83
1950.00 0.238932 2.83
1951.00 0.238932 2.83
1952.00 0.238932 2.83
1953.00 0.238932 2.83
1954.00 0.238932 2.83
1955.00 0.238932 2.83
1956.00 0.238932 2.83
1957.00 0.238932 2.83
1958.00 0.238932 2.83
1959.00 0.238932 2.83
1960.00 0.238932 2.83
1961.00 0.238932 2.83
1962.00 0.238932 2.83
1963.00 0.238932 2.83
1964.00 0.238932 2.83
1965.00 0.238932 2.83
1966.00 0.238932 2.83
1967.00 0.238932 2.83
1968.00 0.238932 2.83
1969.00 0.238932 2.83
1970.00 0.238932 2.83
1971.00 0.238932 2.83
1972.00 0.238932 2.83
1973.00 0.238932 2.83
1974.00 0.238932 2.83
1975.00 0.238932 2.83
1976.00 0.238932 2.83
1977.00 0.238932 2.83
1978.00 0.238932 2.83
1979.00 0.238932 2.83
1980.00 0.238932 2.83
1981.00 0.238932 2.83
1982.00 0.238932 2.83
1983.00 0.238932 2.83
1984.00 0.238932 2.83
1985.00 0.238932 2.83
1986.00 0.238932 2.83
1987.00 0.238932 2.83
1988.00 0.238932 2.83
1989.00 0.238932 2.83
1990.00 0.238932 2.83
1991.00 0.238932 2.83
1992.00 0.238932 2.83
1993.00 0.238932 2.83
1994.00 0.238932 2.83
1995.00 0.238932 2.83
1996.00 0.238932 2.83
1997.00 0.238932 2.83
1998.00 0.238932 2.83
1999.00 0.238932 2.83
2000.00 0.238932 2.83
