0.00 0.449817 4.76
1.00 0.448153 4.76
2.00 0.446483 4.76
3.00 0.444810 4.75
4.00 0.443138 4.75
5.00 0.441460 4.75
6.00 0.439776 4.75
7.00 0.438085 4.75
8.00 0.436390 4.74
9.00 0.434701 4.74
10.00 0.433006 4.74
11.00 0.431305 4.74
12.00 0.429597 4.74
13.00 0.427881 4.74
14.00 0.426157 4.74
15.00 0.424425 4.73
16.00 0.422696 4.73
17.00 0.420973 4.72
18.00 0.419248 4.72
19.00 0.417514 4.71
20.00 0.415785 4.71
21.00 0.414045 4.71
22.00 0.412294 4.71
23.00 0.410531 4.71
24.00 0.408764 4.70
25.00 0.406993 4.70
26.00 0.405219 4.69
27.00 0.403438 4.68
28.00 0.401665 4.68
29.00 0.399879 4.68
30.00 0.398080 4.68
31.00 0.396289 4.67
32.00 0.394515 4.66
33.00 0.392749 4.65
34.00 0.390974 4.65
35.00 0.389195 4.64
36.00 0.387404 4.64
37.00 0.385621 4.62
38.00 0.383844 4.62
39.00 0.382073 4.61
40.00 0.380324 4.59
41.00 0.378618 4.56
42.00 0.377007 4.53
43.00 0.375414 4.52
44.00 0.373845 4.50
45.00 0.372318 4.49
46.00 0.370805 4.48
47.00 0.369291 4.48
48.00 0.367769 4.48
49.00 0.366236 4.48
50.00 0.364693 4.48
51.00 0.363138 4.48
52.00 0.361580 4.47
53.00 0.360039 4.47
54.00 0.358497 4.46
55.00 0.356979 4.45
56.00 0.355450 4.44
57.00 0.353937 4.43
58.00 0.352417 4.43
59.00 0.350884 4.43
60.00 0.349339 4.43
61.00 0.347818 4.42
62.00 0.346285 4.42
63.00 0.344767 4.39
64.00 0.343287 4.38
65.00 0.341815 4.38
66.00 0.340332 4.38
67.00 0.338885 4.36
68.00 0.337478 4.35
69.00 0.336088 4.34
70.00 0.334739 4.33
71.00 0.333419 4.31
72.00 0.332098 4.31
73.00 0.330768 4.31
74.00 0.329428 4.31
75.00 0.328077 4.30
76.00 0.326753 4.29
77.00 0.325437 4.28
78.00 0.324111 4.28
79.00 0.322833 4.25
80.00 0.321565 4.25
81.00 0.320320 4.22
82.00 0.319114 4.21
83.00 0.317910 4.21
84.00 0.316699 4.21
85.00 0.315504 4.20
86.00 0.314314 4.20
87.00 0.313131 4.18
88.00 0.311983 4.16
89.00 0.310873 4.15
90.00 0.309782 4.14
91.00 0.308720 4.13
92.00 0.307683 4.11
93.00 0.306668 4.11
94.00 0.305649 4.10
95.00 0.304630 4.10
96.00 0.303616 4.08
97.00 0.302627 4.08
98.00 0.301631 4.08
99.00 0.300643 4.06
100.00 0.299702 4.06
101.00 0.298755 4.06
102.00 0.297802 4.06
103.00 0.296859 4.05
104.00 0.295928 4.05
105.00 0.294991 4.05
106.00 0.294096 4.03
107.00 0.293242 4.01
108.00 0.292402 4.00
109.00 0.291557 4.00
110.00 0.290707 4.00
111.00 0.289851 4.00
112.00 0.289040 3.97
113.00 0.288248 3.97
114.00 0.287478 3.96
115.00 0.286719 3.95
116.00 0.285997 3.94
117.00 0.285275 3.94
118.00 0.284552 3.93
119.00 0.283842 3.92
120.00 0.283131 3.92
121.00 0.282417 3.91
122.00 0.281717 3.90
123.00 0.281068 3.88
124.00 0.280439 3.88
125.00 0.279807 3.88
126.00 0.279185 3.87
127.00 0.278571 3.87
128.00 0.277985 3.85
129.00 0.277443 3.85
130.00 0.276921 3.84
131.00 0.276407 3.84
132.00 0.275892 3.84
133.00 0.275374 3.84
134.00 0.274854 3.84
135.00 0.274331 3.83
136.00 0.273828 3.83
137.00 0.273338 3.82
138.00 0.272869 3.82
139.00 0.272397 3.82
140.00 0.271922 3.82
141.00 0.271445 3.82
142.00 0.270967 3.81
143.00 0.270519 3.80
144.00 0.270074 3.80
145.00 0.269634 3.79
146.00 0.269201 3.78
147.00 0.268799 3.77
148.00 0.268404 3.77
149.00 0.268008 3.77
150.00 0.267611 3.77
151.00 0.267212 3.77
152.00 0.266812 3.77
153.00 0.266410 3.77
154.00 0.266010 3.76
155.00 0.265612 3.76
156.00 0.265211 3.76
157.00 0.264807 3.76
158.00 0.264402 3.75
159.00 0.264019 3.75
160.00 0.263634 3.75
161.00 0.263247 3.75
162.00 0.262881 3.74
163.00 0.262520 3.74
164.00 0.262158 3.74
165.00 0.261795 3.74
166.00 0.261430 3.74
167.00 0.261063 3.74
168.00 0.260700 3.73
169.00 0.260347 3.73
170.00 0.260007 3.72
171.00 0.259675 3.72
172.00 0.259343 3.72
173.00 0.259023 3.71
174.00 0.258710 3.71
175.00 0.258396 3.71
176.00 0.258082 3.71
177.00 0.257767 3.71
178.00 0.257451 3.71
179.00 0.257134 3.71
180.00 0.256816 3.71
181.00 0.256496 3.71
182.00 0.256174 3.71
183.00 0.255851 3.71
184.00 0.255531 3.70
185.00 0.255234 3.69
186.00 0.254947 3.68
187.00 0.254662 3.68
188.00 0.254377 3.68
189.00 0.254103 3.67
190.00 0.253833 3.67
191.00 0.253564 3.67
192.00 0.253295 3.67
193.00 0.253026 3.67
194.00 0.252756 3.67
195.00 0.252488 3.66
196.00 0.252221 3.66
197.00 0.251954 3.66
198.00 0.251686 3.66
199.00 0.251417 3.66
200.00 0.251147 3.66
201.00 0.250876 3.66
202.00 0.250603 3.66
203.00 0.250329 3.66
204.00 0.250053 3.66
205.00 0.249775 3.66
206.00 0.249502 3.65
207.00 0.249241 3.65
208.00 0.248981 3.65
209.00 0.248726 3.64
210.00 0.248472 3.63
211.00 0.248229 3.63
212.00 0.247986 3.63
213.00 0.247743 3.63
214.00 0.247510 3.62
215.00 0.247289 3.62
216.00 0.247069 3.62
217.00 0.246851 3.62
218.00 0.246637 3.61
219.00 0.246437 3.61
220.00 0.246242 3.60
221.00 0.246060 3.60
222.00 0.245880 3.60
223.00 0.245701 3.60
224.00 0.245523 3.60
225.00 0.245347 3.60
226.00 0.245172 3.60
227.00 0.244997 3.60
228.00 0.244823 3.60
229.00 0.244649 3.60
230.00 0.244476 3.60
231.00 0.244303 3.60
232.00 0.244132 3.59
233.00 0.243965 3.59
234.00 0.243798 3.59
235.00 0.243631 3.59
236.00 0.243465 3.59
237.00 0.243298 3.59
238.00 0.243133 3.58
239.00 0.242969 3.58
240.00 0.242805 3.58
241.00 0.242641 3.58
242.00 0.242476 3.58
243.00 0.242311 3.58
244.00 0.242146 3.58
245.00 0.241980 3.58
246.00 0.241815 3.57
247.00 0.241650 3.57
248.00 0.241485 3.57
249.00 0.241319 3.57
250.00 0.241153 3.57
251.00 0.240985 3.57
252.00 0.240818 3.57
253.00 0.240658 3.56
254.00 0.240506 3.56
255.00 0.240364 3.55
256.00 0.240230 3.55
257.00 0.240098 3.55
258.00 0.239966 3.55
259.00 0.239835 3.55
260.00 0.239705 3.55
261.00 0.239575 3.55
262.00 0.239446 3.55
263.00 0.239317 3.55
264.00 0.239188 3.55
265.00 0.239059 3.55
266.00 0.238931 3.55
267.00 0.238802 3.55
268.00 0.238674 3.55
269.00 0.238545 3.55
270.00 0.238417 3.55
271.00 0.238288 3.55
272.00 0.238160 3.55
273.00 0.238031 3.55
274.00 0.237901 3.55
275.00 0.237772 3.55
276.00 0.237642 3.55
277.00 0.237512 3.55
278.00 0.237382 3.55
279.00 0.237251 3.55
280.00 0.237119 3.55
281.00 0.236988 3.55
282.00 0.236855 3.55
283.00 0.236722 3.55
284.00 0.236589 3.55
285.00 0.236456 3.54
286.00 0.236328 3.54
287.00 0.236199 3.54
288.00 0.236077 3.53
289.00 0.235960 3.53
290.00 0.235844 3.53
291.00 0.235728 3.53
292.00 0.235612 3.53
293.00 0.235496 3.53
294.00 0.235381 3.53
295.00 0.235267 3.52
296.00 0.235161 3.52
297.00 0.235056 3.52
298.00 0.234951 3.52
299.00 0.234847 3.52
300.00 0.234744 3.52
301.00 0.234640 3.52
302.00 0.234537 3.52
303.00 0.234435 3.51
304.00 0.234336 3.51
305.00 0.234237 3.51
306.00 0.234138 3.51
307.00 0.234039 3.51
308.00 0.233942 3.50
309.00 0.233855 3.50
310.00 0.233768 3.50
311.00 0.233682 3.50
312.00 0.233596 3.50
313.00 0.233512 3.50
314.00 0.233428 3.50
315.00 0.233344 3.50
316.00 0.233261 3.50
317.00 0.233179 3.50
318.00 0.233097 3.50
319.00 0.233016 3.50
320.00 0.232935 3.50
321.00 0.232855 3.49
322.00 0.232777 3.49
323.00 0.232699 3.49
324.00 0.232622 3.49
325.00 0.232545 3.49
326.00 0.232468 3.49
327.00 0.232392 3.49
328.00 0.232316 3.49
329.00 0.232241 3.49
330.00 0.232166 3.49
331.00 0.232099 3.48
332.00 0.232035 3.48
333.00 0.231973 3.48
334.00 0.231912 3.48
335.00 0.231852 3.48
336.00 0.231792 3.48
337.00 0.231733 3.48
338.00 0.231675 3.48
339.00 0.231618 3.48
340.00 0.231561 3.48
341.00 0.231505 3.48
342.00 0.231449 3.48
343.00 0.231393 3.48
344.00 0.231339 3.48
345.00 0.231284 3.47
346.00 0.231237 3.47
347.00 0.231191 3.47
348.00 0.231146 3.47
349.00 0.231102 3.47
350.00 0.231058 3.47
351.00 0.231015 3.47
352.00 0.230973 3.47
353.00 0.230932 3.47
354.00 0.230891 3.47
355.00 0.230851 3.47
356.00 0.230811 3.47
357.00 0.230773 3.47
358.00 0.230734 3.47
359.00 0.230696 3.47
360.00 0.230659 3.47
361.00 0.230622 3.47
362.00 0.230586 3.47
363.00 0.230550 3.47
364.00 0.230515 3.47
365.00 0.230480 3.47
366.00 0.230446 3.47
367.00 0.230412 3.47
368.00 0.230378 3.47
369.00 0.230345 3.47
370.00 0.230312 3.47
371.00 0.230279 3.47
372.00 0.230247 3.47
373.00 0.230215 3.47
374.00 0.230184 3.47
375.00 0.230153 3.47
376.00 0.230122 3.46
377.00 0.230093 3.46
378.00 0.230064 3.46
379.00 0.230035 3.46
380.00 0.230007 3.46
381.00 0.229979 3.46
382.00 0.229952 3.46
383.00 0.229924 3.46
384.00 0.229897 3.46
385.00 0.229871 3.46
386.00 0.229844 3.46
387.00 0.229818 3.46
388.00 0.229792 3.46
389.00 0.229767 3.46
390.00 0.229741 3.46
391.00 0.229716 3.45
392.00 0.229692 3.45
393.00 0.229667 3.45
394.00 0.229643 3.45
395.00 0.229620 3.45
396.00 0.229596 3.45
397.00 0.229573 3.45
398.00 0.229550 3.45
399.00 0.229527 3.45
400.00 0.229504 3.45
401.00 0.229482 3.45
402.00 0.229460 3.45
403.00 0.229438 3.45
404.00 0.229416 3.45
405.00 0.229394 3.45
406.00 0.229372 3.45
407.00 0.229351 3.45
408.00 0.229330 3.45
409.00 0.229309 3.45
410.00 0.229288 3.45
411.00 0.229267 3.45
412.00 0.229247 3.45
413.00 0.229227 3.45
414.00 0.229206 3.45
415.00 0.229186 3.45
416.00 0.229166 3.45
417.00 0.229146 3.45
418.00 0.229127 3.45
419.00 0.229107 3.45
420.00 0.229088 3.45
421.00 0.229069 3.45
422.00 0.229049 3.45
423.00 0.229030 3.45
424.00 0.229011 3.45
425.00 0.228992 3.45
426.00 0.228974 3.45
427.00 0.228955 3.45
428.00 0.228936 3.45
429.00 0.228918 3.45
430.00 0.228900 3.45
431.00 0.228881 3.45
432.00 0.228863 3.45
433.00 0.228845 3.45
434.00 0.228827 3.45
435.00 0.228809 3.45
436.00 0.228791 3.45
437.00 0.228774 3.45
438.00 0.228756 3.45
439.00 0.228738 3.45
440.00 0.228721 3.45
441.00 0.228703 3.45
442.00 0.228686 3.45
443.00 0.228669 3.45
444.00 0.228651 3.45
445.00 0.228634 3.45
446.00 0.228617 3.45
447.00 0.228600 3.45
448.00 0.228583 3.45
449.00 0.228566 3.45
450.00 0.228549 3.45
451.00 0.228532 3.45
452.00 0.228515 3.45
453.00 0.228499 3.45
454.00 0.228482 3.45
455.00 0.228465 3.45
456.00 0.228448 3.45
457.00 0.228432 3.45
458.00 0.228415 3.45
459.00 0.228399 3.45
460.00 0.228382 3.45
461.00 0.228366 3.45
462.00 0.228349 3.45
463.00 0.228333 3.45
464.00 0.228316 3.45
465.00 0.228300 3.45
466.00 0.228284 3.45
467.00 0.228267 3.45
468.00 0.228251 3.45
469.00 0.228235 3.45
470.00 0.228218 3.45
471.00 0.228202 3.45
472.00 0.228186 3.45
473.00 0.228169 3.45
474.00 0.228153 3.45
475.00 0.228137 3.45
476.00 0.228121 3.45
477.00 0.228105 3.45
478.00 0.228088 3.45
479.00 0.228072 3.45
480.00 0.228056 3.45
481.00 0.228040 3.45
482.00 0.228023 3.45
483.00 0.228007 3.45
484.00 0.227991 3.45
485.00 0.227975 3.45
486.00 0.227958 3.45
487.00 0.227942 3.45
488.00 0.227926 3.45
489.00 0.227910 3.45
490.00 0.227893 3.45
491.00 0.227877 3.45
492.00 0.227861 3.45
493.00 0.227844 3.45
494.00 0.227828 3.45
495.00 0.227812 3.45
496.00 0.227795 3.45
497.00 0.227779 3.45
498.00 0.227762 3.45
499.00 0.227746 3.45
500.00 0.227729 3.45
501.00 0.227713 3.45
502.00 0.227696 3.45
503.00 0.227680 3.45
504.00 0.227663 3.45
505.00 0.227646 3.45
506.00 0.227630 3.45
507.00 0.227613 3.45
508.00 0.227596 3.45
509.00 0.227579 3.45
510.00 0.227562 3.45
511.00 0.227545 3.45
512.00 0.227528 3.45
513.00 0.227511 3.45
514.00 0.227494 3.45
515.00 0.227477 3.45
516.00 0.227460 3.45
517.00 0.227443 3.45
518.00 0.227426 3.45
519.00 0.227408 3.45
520.00 0.227391 3.45
521.00 0.227373 3.45
522.00 0.227356 3.45
523.00 0.227338 3.45
524.00 0.227321 3.45
525.00 0.227303 3.45
526.00 0.227285 3.45
527.00 0.227267 3.45
528.00 0.227249 3.45
529.00 0.227232 3.45
530.00 0.227213 3.45
531.00 0.227195 3.45
532.00 0.227177 3.45
533.00 0.227159 3.45
534.00 0.227141 3.45
535.00 0.227122 3.45
536.00 0.227104 3.45
537.00 0.227085 3.45
538.00 0.227066 3.45
539.00 0.227048 3.45
540.00 0.227029 3.45
541.00 0.227010 3.45
542.00 0.226991 3.45
543.00 0.226972 3.45
544.00 0.226953 3.45
545.00 0.226933 3.45
546.00 0.226914 3.45
547.00 0.226895 3.45
548.00 0.226875 3.45
549.00 0.226855 3.45
550.00 0.226836 3.45
551.00 0.226816 3.45
552.00 0.226796 3.45
553.00 0.226776 3.45
554.00 0.226755 3.45
555.00 0.226735 3.45
556.00 0.226715 3.45
557.00 0.226694 3.45
558.00 0.226674 3.45
559.00 0.226653 3.45
560.00 0.226634 3.44
561.00 0.226617 3.44
562.00 0.226599 3.44
563.00 0.226582 3.44
564.00 0.226565 3.44
565.00 0.226548 3.44
566.00 0.226531 3.44
567.00 0.226514 3.44
568.00 0.226497 3.44
569.00 0.226480 3.44
570.00 0.226464 3.44
571.00 0.226447 3.44
572.00 0.226430 3.44
573.00 0.226414 3.44
574.00 0.226397 3.44
575.00 0.226381 3.44
576.00 0.226365 3.44
577.00 0.226348 3.44
578.00 0.226332 3.44
579.00 0.226316 3.44
580.00 0.226299 3.44
581.00 0.226283 3.44
582.00 0.226267 3.44
583.00 0.226251 3.44
584.00 0.226235 3.44
585.00 0.226219 3.44
586.00 0.226203 3.44
587.00 0.226187 3.44
588.00 0.226171 3.44
589.00 0.226155 3.44
590.00 0.226139 3.44
591.00 0.226124 3.44
592.00 0.226108 3.44
593.00 0.226092 3.44
594.00 0.226076 3.44
595.00 0.226061 3.44
596.00 0.226045 3.44
597.00 0.226029 3.44
598.00 0.226014 3.44
599.00 0.225998 3.44
600.00 0.225983 3.44
601.00 0.225967 3.44
602.00 0.225952 3.44
603.00 0.225936 3.44
604.00 0.225921 3.44
605.00 0.225905 3.44
606.00 0.225890 3.44
607.00 0.225874 3.44
608.00 0.225859 3.44
609.00 0.225843 3.44
610.00 0.225828 3.44
611.00 0.225813 3.44
612.00 0.225797 3.44
613.00 0.225782 3.44
614.00 0.225767 3.44
615.00 0.225751 3.44
616.00 0.225736 3.44
617.00 0.225721 3.44
618.00 0.225705 3.44
619.00 0.225690 3.44
620.00 0.225675 3.44
621.00 0.225659 3.44
622.00 0.225644 3.44
623.00 0.225630 3.43
624.00 0.225617 3.43
625.00 0.225605 3.43
626.00 0.225593 3.43
627.00 0.225582 3.43
628.00 0.225570 3.43
629.00 0.225559 3.43
630.00 0.225548 3.43
631.00 0.225537 3.43
632.00 0.225526 3.43
633.00 0.225515 3.43
634.00 0.225504 3.43
635.00 0.225493 3.43
636.00 0.225483 3.43
637.00 0.225472 3.43
638.00 0.225462 3.43
639.00 0.225451 3.43
640.00 0.225441 3.43
641.00 0.225431 3.43
642.00 0.225421 3.43
643.00 0.225411 3.43
644.00 0.225401 3.43
645.00 0.225391 3.43
646.00 0.225381 3.43
647.00 0.225372 3.43
648.00 0.225362 3.43
649.00 0.225352 3.43
650.00 0.225343 3.43
651.00 0.225333 3.43
652.00 0.225324 3.43
653.00 0.225315 3.43
654.00 0.225305 3.43
655.00 0.225296 3.43
656.00 0.225287 3.43
657.00 0.225278 3.43
658.00 0.225269 3.43
659.00 0.225260 3.43
660.00 0.225251 3.43
661.00 0.225242 3.43
662.00 0.225234 3.43
663.00 0.225225 3.43
664.00 0.225216 3.43
665.00 0.225208 3.43
666.00 0.225199 3.43
667.00 0.225190 3.43
668.00 0.225182 3.43
669.00 0.225173 3.43
670.00 0.225165 3.43
671.00 0.225157 3.43
672.00 0.225148 3.43
673.00 0.225140 3.43
674.00 0.225132 3.43
675.00 0.225124 3.43
676.00 0.225116 3.43
677.00 0.225108 3.43
678.00 0.225100 3.43
679.00 0.225092 3.43
680.00 0.225084 3.43
681.00 0.225076 3.43
682.00 0.225068 3.43
683.00 0.225060 3.43
684.00 0.225052 3.43
685.00 0.225045 3.43
686.00 0.225037 3.43
687.00 0.225029 3.43
688.00 0.225022 3.43
689.00 0.225014 3.43
690.00 0.225007 3.43
691.00 0.224999 3.43
692.00 0.224992 3.43
693.00 0.224984 3.43
694.00 0.224977 3.43
695.00 0.224970 3.43
696.00 0.224962 3.43
697.00 0.224955 3.43
698.00 0.224948 3.43
699.00 0.224941 3.43
700.00 0.224933 3.43
701.00 0.224926 3.43
702.00 0.224919 3.43
703.00 0.224912 3.43
704.00 0.224905 3.43
705.00 0.224898 3.43
706.00 0.224891 3.43
707.00 0.224884 3.43
708.00 0.224877 3.43
709.00 0.224870 3.43
710.00 0.224864 3.43
711.00 0.224857 3.43
712.00 0.224850 3.43
713.00 0.224843 3.43
714.00 0.224837 3.43
715.00 0.224830 3.43
716.00 0.224823 3.43
717.00 0.224817 3.43
718.00 0.224810 3.43
719.00 0.224803 3.43
720.00 0.224797 3.43
721.00 0.224790 3.43
722.00 0.224784 3.43
723.00 0.224777 3.43
724.00 0.224771 3.43
725.00 0.224765 3.43
726.00 0.224758 3.43
727.00 0.224752 3.43
728.00 0.224745 3.43
729.00 0.224739 3.43
730.00 0.224733 3.43
731.00 0.224727 3.43
732.00 0.224720 3.43
733.00 0.224714 3.43
734.00 0.224708 3.43
735.00 0.224702 3.43
736.00 0.224696 3.43
737.00 0.224690 3.43
738.00 0.224684 3.43
739.00 0.224678 3.43
740.00 0.224672 3.43
741.00 0.224666 3.43
742.00 0.224660 3.43
743.00 0.224654 3.43
744.00 0.224648 3.43
745.00 0.224642 3.43
746.00 0.224636 3.43
747.00 0.224630 3.43
748.00 0.224624 3.43
749.00 0.224618 3.43
750.00 0.224613 3.43
751.00 0.224607 3.43
752.00 0.224601 3.43
753.00 0.224595 3.43
754.00 0.224590 3.43
755.00 0.224584 3.43
756.00 0.224578 3.43
757.00 0.224573 3.43
758.00 0.224567 3.43
759.00 0.224561 3.43
760.00 0.224556 3.43
761.00 0.224550 3.43
762.00 0.224545 3.43
763.00 0.224539 3.43
764.00 0.224534 3.43
765.00 0.224528 3.43
766.00 0.224523 3.42
767.00 0.224518 3.42
768.00 0.224513 3.42
769.00 0.224509 3.42
770.00 0.224504 3.42
771.00 0.224500 3.42
772.00 0.224496 3.42
773.00 0.224491 3.42
774.00 0.224487 3.42
775.00 0.224483 3.42
776.00 0.224479 3.42
777.00 0.224475 3.42
778.00 0.224471 3.42
779.00 0.224467 3.42
780.00 0.224463 3.42
781.00 0.224459 3.42
782.00 0.224455 3.42
783.00 0.224451 3.42
784.00 0.224448 3.42
785.00 0.224444 3.42
786.00 0.224440 3.42
787.00 0.224437 3.42
788.00 0.224433 3.42
789.00 0.224429 3.42
790.00 0.224426 3.42
791.00 0.224422 3.42
792.00 0.224419 3.42
793.00 0.224416 3.42
794.00 0.224412 3.42
795.00 0.224409 3.42
796.00 0.224406 3.42
797.00 0.224402 3.42
798.00 0.224399 3.42
799.00 0.224396 3.42
800.00 0.224393 3.42
801.00 0.224389 3.42
802.00 0.224386 3.42
803.00 0.224383 3.42
804.00 0.224380 3.42
805.00 0.224377 3.42
806.00 0.224374 3.42
807.00 0.224371 3.42
808.00 0.224368 3.42
809.00 0.224365 3.42
810.00 0.224362 3.42
811.00 0.224359 3.42
812.00 0.224356 3.42
813.00 0.224354 3.42
814.00 0.224351 3.42
815.00 0.224348 3.42
816.00 0.224345 3.42
817.00 0.224342 3.42
818.00 0.224340 3.42
819.00 0.224337 3.42
820.00 0.224334 3.42
821.00 0.224332 3.42
822.00 0.224329 3.42
823.00 0.224326 3.42
824.00 0.224324 3.42
825.00 0.224321 3.42
826.00 0.224319 3.42
827.00 0.224316 3.42
828.00 0.224314 3.42
829.00 0.224311 3.42
830.00 0.224309 3.42
831.00 0.224306 3.42
832.00 0.224304 3.42
833.00 0.224301 3.42
834.00 0.224299 3.42
835.00 0.224297 3.42
836.00 0.224294 3.42
837.00 0.224292 3.42
838.00 0.224290 3.42
839.00 0.224287 3.42
840.00 0.224285 3.42
841.00 0.224283 3.42
842.00 0.224281 3.42
843.00 0.224278 3.42
844.00 0.224276 3.42
845.00 0.224274 3.42
846.00 0.224272 3.42
847.00 0.224270 3.42
848.00 0.224267 3.42
849.00 0.224265 3.42
850.00 0.224263 3.42
851.00 0.224261 3.42
852.00 0.224259 3.42
853.00 0.224257 3.42
854.00 0.224255 3.42
855.00 0.224253 3.42
856.00 0.224251 3.41
857.00 0.224249 3.41
858.00 0.224248 3.41
859.00 0.224246 3.41
860.00 0.224245 3.41
861.00 0.224243 3.41
862.00 0.224242 3.41
863.00 0.224240 3.41
864.00 0.224239 3.41
865.00 0.224237 3.41
866.00 0.224236 3.41
867.00 0.224234 3.41
868.00 0.224233 3.41
869.00 0.224232 3.41
870.00 0.224230 3.41
871.00 0.224229 3.41
872.00 0.224228 3.41
873.00 0.224227 3.41
874.00 0.224226 3.41
875.00 0.224224 3.41
876.00 0.224223 3.41
877.00 0.224222 3.41
878.00 0.224221 3.41
879.00 0.224220 3.41
880.00 0.224219 3.41
881.00 0.224218 3.41
882.00 0.224217 3.41
883.00 0.224216 3.41
884.00 0.224215 3.41
885.00 0.224214 3.41
886.00 0.224213 3.41
887.00 0.224212 3.41
888.00 0.224211 3.41
889.00 0.224210 3.41
890.00 0.224209 3.41
891.00 0.224208 3.41
892.00 0.224207 3.41
893.00 0.224206 3.41
894.00 0.224205 3.41
895.00 0.224205 3.41
896.00 0.224204 3.41
897.00 0.224203 3.41
898.00 0.224202 3.41
899.00 0.224201 3.41
900.00 0.224201 3.41
901.00 0.224200 3.41
902.00 0.224199 3.41
903.00 0.224198 3.41
904.00 0.224198 3.41
905.00 0.224197 3.41
906.00 0.224196 3.41
907.00 0.224195 3.41
908.00 0.224195 3.41
909.00 0.224194 3.41
910.00 0.224193 3.41
911.00 0.224193 3.41
912.00 0.224192 3.41
913.00 0.224192 3.41
914.00 0.224191 3.41
915.00 0.224190 3.41
916.00 0.224190 3.41
917.00 0.224189 3.41
918.00 0.224189 3.41
919.00 0.224188 3.41
920.00 0.224187 3.41
921.00 0.224187 3.41
922.00 0.224186 3.41
923.00 0.224186 3.41
924.00 0.224185 3.41
925.00 0.224185 3.41
926.00 0.224184 3.41
927.00 0.224184 3.41
928.00 0.224183 3.41
929.00 0.224183 3.41
930.00 0.224182 3.41
931.00 0.224182 3.41
932.00 0.224181 3.41
933.00 0.224181 3.41
934.00 0.224180 3.41
935.00 0.224180 3.41
936.00 0.224180 3.41
937.00 0.224179 3.41
938.00 0.224179 3.41
939.00 0.224178 3.41
940.00 0.224178 3.41
941.00 0.224177 3.41
942.00 0.224177 3.41
943.00 0.224177 3.41
944.00 0.224176 3.41
945.00 0.224176 3.41
946.00 0.224175 3.41
947.00 0.224175 3.41
948.00 0.224175 3.41
949.00 0.224174 3.41
950.00 0.224174 3.41
951.00 0.224174 3.41
952.00 0.224173 3.41
953.00 0.224173 3.41
954.00 0.224173 3.41
955.00 0.224172 3.41
956.00 0.224172 3.41
957.00 0.224172 3.41
958.00 0.224171 3.41
959.00 0.224171 3.41
960.00 0.224171 3.41
961.00 0.224170 3.41
962.00 0.224170 3.41
963.00 0.224170 3.41
964.00 0.224170 3.41
965.00 0.224169 3.41
966.00 0.224169 3.41
967.00 0.224169 3.41
968.00 0.224168 3.41
969.00 0.224168 3.41
970.00 0.224168 3.41
971.00 0.224168 3.41
972.00 0.224167 3.41
973.00 0.224167 3.41
974.00 0.224167 3.41
975.00 0.224167 3.41
976.00 0.224166 3.41
977.00 0.224166 3.41
978.00 0.224166 3.41
979.00 0.224166 3.41
980.00 0.224166 3.41
981.00 0.224165 3.41
982.00 0.224165 3.41
983.00 0.224165 3.41
984.00 0.224165 3.41
985.00 0.224164 3.41
986.00 0.224164 3.41
987.00 0.224164 3.41
988.00 0.224164 3.41
989.00 0.224164 3.41
990.00 0.224163 3.41
991.00 0.224163 3.41
992.00 0.224163 3.41
993.00 0.224163 3.41
994.00 0.224163 3.41
995.00 0.224162 3.41
996.00 0.224162 3.41
997.00 0.224162 3.41
998.00 0.224162 3.41
999.00 0.224162 3.41
1000.00 0.224162 3.41
1001.00 0.224161 3.41
1002.00 0.224161 3.41
1003.00 0.224161 3.41
1004.00 0.224161 3.41
1005.00 0.224161 3.41
1006.00 0.224161 3.41
1007.00 0.224160 3.41
1008.00 0.224160 3.41
1009.00 0.224160 3.41
1010.00 0.224160 3.41
1011.00 0.224160 3.41
1012.00 0.224160 3.41
1013.00 0.224159 3.41
1014.00 0.224159 3.41
1015.00 0.224159 3.41
1016.00 0.224159 3.41
1017.00 0.224159 3.41
1018.00 0.224159 3.41
1019.00 0.224159 3.41
1020.00 0.224159 3.41
1021.00 0.224158 3.41
1022.00 0.224158 3.41
1023.00 0.224158 3.41
1024.00 0.224158 3.41
1025.00 0.224158 3.41
1026.00 0.224158 3.41
1027.00 0.224158 3.41
1028.00 0.224158 3.41
1029.00 0.224157 3.41
1030.00 0.224157 3.41
1031.00 0.224157 3.41
1032.00 0.224157 3.41
1033.00 0.224157 3.41
1034.00 0.224157 3.41
1035.00 0.224157 3.41
1036.00 0.224157 3.41
1037.00 0.224156 3.41
1038.00 0.224156 3.41
1039.00 0.224156 3.41
1040.00 0.224156 3.41
1041.00 0.224156 3.41
1042.00 0.224156 3.41
1043.00 0.224156 3.41
1044.00 0.224156 3.41
1045.00 0.224156 3.41
1046.00 0.224156 3.41
1047.00 0.224155 3.41
1048.00 0.224155 3.41
1049.00 0.224155 3.41
1050.00 0.224155 3.41
1051.00 0.224155 3.41
1052.00 0.224155 3.41
1053.00 0.224155 3.41
1054.00 0.224155 3.41
1055.00 0.224155 3.41
1056.00 0.224155 3.41
1057.00 0.224155 3.41
1058.00 0.224155 3.41
1059.00 0.224154 3.41
1060.00 0.224154 3.41
1061.00 0.224154 3.41
1062.00 0.224154 3.41
1063.00 0.224154 3.41
1064.00 0.224154 3.41
1065.00 0.224154 3.41
1066.00 0.224154 3.41
1067.00 0.224154 3.41
1068.00 0.224154 3.41
1069.00 0.224154 3.41
1070.00 0.224154 3.41
1071.00 0.224154 3.41
1072.00 0.224153 3.41
1073.00 0.224153 3.41
1074.00 0.224153 3.41
1075.00 0.224153 3.41
1076.00 0.224153 3.41
1077.00 0.224153 3.41
1078.00 0.224153 3.41
1079.00 0.224153 3.41
1080.00 0.224153 3.41
1081.00 0.224153 3.41
1082.00 0.224153 3.41
1083.00 0.224153 3.41
1084.00 0.224153 3.41
1085.00 0.224153 3.41
1086.00 0.224153 3.41
1087.00 0.224152 3.41
1088.00 0.224152 3.41
1089.00 0.224152 3.41
1090.00 0.224152 3.41
1091.00 0.224152 3.41
1092.00 0.224152 3.41
1093.00 0.224152 3.41
1094.00 0.224152 3.41
1095.00 0.224152 3.41
1096.00 0.224152 3.41
1097.00 0.224152 3.41
1098.00 0.224152 3.41
1099.00 0.224152 3.41
1100.00 0.224152 3.41
1101.00 0.224152 3.41
1102.00 0.224152 3.41
1103.00 0.224152 3.41
1104.00 0.224152 3.41
1105.00 0.224152 3.41
1106.00 0.224151 3.41
1107.00 0.224151 3.41
1108.00 0.224151 3.41
1109.00 0.224151 3.41
1110.00 0.224151 3.41
1111.00 0.224151 3.41
1112.00 0.224151 3.41
1113.00 0.224151 3.41
1114.00 0.224151 3.41
1115.00 0.224151 3.41
1116.00 0.224151 3.41
1117.00 0.224151 3.41
1118.00 0.224151 3.41
1119.00 0.224151 3.41
1120.00 0.224151 3.41
1121.00 0.224151 3.41
1122.00 0.224151 3.41
1123.00 0.224151 3.41
1124.00 0.224151 3.41
1125.00 0.224151 3.41
1126.00 0.224151 3.41
1127.00 0.224151 3.41
1128.00 0.224151 3.41
1129.00 0.224151 3.41
1130.00 0.224150 3.41
1131.00 0.224150 3.41
1132.00 0.224150 3.41
1133.00 0.224150 3.41
1134.00 0.224150 3.41
1135.00 0.224150 3.41
1136.00 0.224150 3.41
1137.00 0.224150 3.41
1138.00 0.224150 3.41
1139.00 0.224150 3.41
1140.00 0.224150 3.41
1141.00 0.224150 3.41
1142.00 0.224150 3.41
1143.00 0.224150 3.41
1144.00 0.224150 3.41
1145.00 0.224150 3.41
1146.00 0.224150 3.41
1147.00 0.224150 3.41
1148.00 0.224150 3.41
1149.00 0.224150 3.41
1150.00 0.224150 3.41
1151.00 0.224150 3.41
1152.00 0.224150 3.41
1153.00 0.224150 3.41
1154.00 0.224150 3.41
1155.00 0.224150 3.41
1156.00 0.224150 3.41
1157.00 0.224150 3.41
1158.00 0.224150 3.41
1159.00 0.224150 3.41
1160.00 0.224150 3.41
1161.00 0.224149 3.41
1162.00 0.224149 3.41
1163.00 0.224149 3.41
1164.00 0.224149 3.41
1165.00 0.224149 3.41
1166.00 0.224149 3.41
1167.00 0.224149 3.41
1168.00 0.224149 3.41
1169.00 0.224149 3.41
1170.00 0.224149 3.41
1171.00 0.224149 3.41
1172.00 0.224149 3.41
1173.00 0.224149 3.41
1174.00 0.224149 3.41
1175.00 0.224149 3.41
1176.00 0.224149 3.41
1177.00 0.224149 3.41
1178.00 0.224149 3.41
1179.00 0.224149 3.41
1180.00 0.224149 3.41
1181.00 0.224149 3.41
1182.00 0.224149 3.41
1183.00 0.224149 3.41
1184.00 0.224149 3.41
1185.00 0.224149 3.41
1186.00 0.224149 3.41
1187.00 0.224149 3.41
1188.00 0.224149 3.41
1189.00 0.224149 3.41
1190.00 0.224149 3.41
1191.00 0.224149 3.41
1192.00 0.224149 3.41
1193.00 0.224149 3.41
1194.00 0.224149 3.41
1195.00 0.224149 3.41
1196.00 0.224149 3.41
1197.00 0.224149 3.41
1198.00 0.224149 3.41
1199.00 0.224149 3.41
1200.00 0.224149 3.41
1201.00 0.224149 3.41
1202.00 0.224149 3.41
1203.00 0.224149 3.41
1204.00 0.224149 3.41
1205.00 0.224149 3.41
1206.00 0.224149 3.41
1207.00 0.224148 3.41
1208.00 0.224148 3.41
1209.00 0.224148 3.41
1210.00 0.224148 3.41
1211.00 0.224148 3.41
1212.00 0.224148 3.41
1213.00 0.224148 3.41
1214.00 0.224148 3.41
1215.00 0.224148 3.41
1216.00 0.224148 3.41
1217.00 0.224148 3.41
1218.00 0.224148 3.41
1219.00 0.224148 3.41
1220.00 0.224148 3.41
1221.00 0.224148 3.41
1222.00 0.224148 3.41
1223.00 0.224148 3.41
1224.00 0.224148 3.41
1225.00 0.224148 3.41
1226.00 0.224148 3.41
1227.00 0.224148 3.41
1228.00 0.224148 3.41
1229.00 0.224148 3.41
1230.00 0.224148 3.41
1231.00 0.224148 3.41
1232.00 0.224148 3.41
1233.00 0.224148 3.41
1234.00 0.224148 3.41
1235.00 0.224148 3.41
1236.00 0.224148 3.41
1237.00 0.224148 3.41
1238.00 0.224148 3.41
1239.00 0.224148 3.41
1240.00 0.224148 3.41
1241.00 0.224148 3.41
1242.00 0.224148 3.41
1243.00 0.224148 3.41
1244.00 0.224148 3.41
1245.00 0.224148 3.41
1246.00 0.224148 3.41
1247.00 0.224148 3.41
1248.00 0.224148 3.41
1249.00 0.224148 3.41
1250.00 0.224148 3.41
1251.00 0.224148 3.41
1252.00 0.224148 3.41
1253.00 0.224148 3.41
1254.00 0.224148 3.41
1255.00 0.224148 3.41
1256.00 0.224148 3.41
1257.00 0.224148 3.41
1258.00 0.224148 3.41
1259.00 0.224148 3.41
1260.00 0.224148 3.41
1261.00 0.224148 3.41
1262.00 0.224148 3.41
1263.00 0.224148 3.41
1264.00 0.224148 3.41
1265.00 0.224148 3.41
1266.00 0.224148 3.41
1267.00 0.224148 3.41
1268.00 0.224148 3.41
1269.00 0.224148 3.41
1270.00 0.224148 3.41
1271.00 0.224148 3.41
1272.00 0.224148 3.41
1273.00 0.224148 3.41
1274.00 0.224148 3.41
1275.00 0.224148 3.41
1276.00 0.224148 3.41
1277.00 0.224148 3.41
1278.00 0.224148 3.41
1279.00 0.224148 3.41
1280.00 0.224148 3.41
1281.00 0.224148 3.41
1282.00 0.224148 3.41
1283.00 0.224148 3.41
1284.00 0.224148 3.41
1285.00 0.224147 3.41
1286.00 0.224147 3.41
1287.00 0.224147 3.41
1288.00 0.224147 3.41
1289.00 0.224147 3.41
1290.00 0.224147 3.41
1291.00 0.224147 3.41
1292.00 0.224147 3.41
1293.00 0.224147 3.41
1294.00 0.224147 3.41
1295.00 0.224147 3.41
1296.00 0.224147 3.41
1297.00 0.224147 3.41
1298.00 0.224147 3.41
1299.00 0.224147 3.41
1300.00 0.224147 3.41
1301.00 0.224147 3.41
1302.00 0.224147 3.41
1303.00 0.224147 3.41
1304.00 0.224147 3.41
1305.00 0.224147 3.41
1306.00 0.224147 3.41
1307.00 0.224147 3.41
1308.00 0.224147 3.41
1309.00 0.224147 3.41
1310.00 0.224147 3.41
1311.00 0.224147 3.41
1312.00 0.224147 3.41
1313.00 0.224147 3.41
1314.00 0.224147 3.41
1315.00 0.224147 3.41
1316.00 0.224147 3.41
1317.00 0.224147 3.41
1318.00 0.224147 3.41
1319.00 0.224147 3.41
1320.00 0.224147 3.41
1321.00 0.224147 3.41
1322.00 0.224147 3.41
1323.00 0.224147 3.41
1324.00 0.224147 3.41
1325.00 0.224147 3.41
1326.00 0.224147 3.41
1327.00 0.224147 3.41
1328.00 0.224147 3.41
1329.00 0.224147 3.41
1330.00 0.224147 3.41
1331.00 0.224147 3.41
1332.00 0.224147 3.41
1333.00 0.224147 3.41
1334.00 0.224147 3.41
1335.00 0.224147 3.41
1336.00 0.224147 3.41
1337.00 0.224147 3.41
1338.00 0.224147 3.41
1339.00 0.224147 3.41
1340.00 0.224147 3.41
1341.00 0.224147 3.41
1342.00 0.224147 3.41
1343.00 0.224147 3.41
1344.00 0.224147 3.41
1345.00 0.224147 3.41
1346.00 0.224147 3.41
1347.00 0.224147 3.41
1348.00 0.224147 3.41
1349.00 0.224147 3.41
1350.00 0.224147 3.41
1351.00 0.224147 3.41
1352.00 0.224147 3.41
1353.00 0.224147 3.41
1354.00 0.224147 3.41
1355.00 0.224147 3.41
1356.00 0.224147 3.41
1357.00 0.224147 3.41
1358.00 0.224147 3.41
1359.00 0.224147 3.41
1360.00 0.224147 3.41
1361.00 0.224147 3.41
1362.00 0.224147 3.41
1363.00 0.224147 3.41
1364.00 0.224147 3.41
1365.00 0.224147 3.41
1366.00 0.224147 3.41
1367.00 0.224147 3.41
1368.00 0.224147 3.41
1369.00 0.224147 3.41
1370.00 0.224147 3.41
1371.00 0.224147 3.41
1372.00 0.224147 3.41
1373.00 0.224147 3.41
1374.00 0.224147 3.41
1375.00 0.224147 3.41
1376.00 0.224147 3.41
1377.00 0.224147 3.41
1378.00 0.224147 3.41
1379.00 0.224147 3.41
1380.00 0.224147 3.41
1381.00 0.224147 3.41
1382.00 0.224147 3.41
1383.00 0.224147 3.41
1384.00 0.224147 3.41
1385.00 0.224147 3.41
1386.00 0.224147 3.41
1387.00 0.224147 3.41
1388.00 0.224147 3.41
1389.00 0.224147 3.41
1390.00 0.224147 3.41
1391.00 0.224147 3.41
1392.00 0.224147 3.41
1393.00 0.224147 3.41
1394.00 0.224147 3.41
1395.00 0.224147 3.41
1396.00 0.224147 3.41
1397.00 0.224147 3.41
1398.00 0.224147 3.41
1399.00 0.224147 3.41
1400.00 0.224147 3.41
1401.00 0.224147 3.41
1402.00 0.224147 3.41
1403.00 0.224147 3.41
1404.00 0.224147 3.41
1405.00 0.224147 3.41
1406.00 0.224147 3.41
1407.00 0.224147 3.41
1408.00 0.224147 3.41
1409.00 0.224147 3.41
1410.00 0.224147 3.41
1411.00 0.224147 3.41
1412.00 0.224147 3.41
1413.00 0.224147 3.41
1414.00 0.224147 3.41
1415.00 0.224147 3.41
1416.00 0.224147 3.41
1417.00 0.224147 3.41
1418.00 0.224147 3.41
1419.00 0.224147 3.41
1420.00 0.224147 3.41
1421.00 0.224147 3.41
1422.00 0.224147 3.41
1423.00 0.224147 3.41
1424.00 0.224147 3.41
1425.00 0.224147 3.41
1426.00 0.224147 3.41
1427.00 0.224147 3.41
1428.00 0.224147 3.41
1429.00 0.224147 3.41
1430.00 0.224147 3.41
1431.00 0.224147 3.41
1432.00 0.224147 3.41
1433.00 0.224147 3.41
1434.00 0.224147 3.41
1435.00 0.224147 3.41
1436.00 0.224147 3.41
1437.00 0.224147 3.41
1438.00 0.224147 3.41
1439.00 0.224147 3.41
1440.00 0.224147 3.41
1441.00 0.224147 3.41
1442.00 0.224147 3.41
1443.00 0.224147 3.41
1444.00 0.224147 3.41
1445.00 0.224147 3.41
1446.00 0.224147 3.41
1447.00 0.224147 3.41
1448.00 0.224147 3.41
1449.00 0.224147 3.41
1450.00 0.224147 3.41
1451.00 0.224147 3.41
1452.00 0.224147 3.41
1453.00 0.224147 3.41
1454.00 0.224147 3.41
1455.00 0.224147 3.41
1456.00 0.224147 3.41
1457.00 0.224147 3.41
1458.00 0.224147 3.41
1459.00 0.224147 3.41
1460.00 0.224147 3.41
1461.00 0.224147 3.41
1462.00 0.224147 3.41
1463.00 0.224147 3.41
1464.00 0.224147 3.41
1465.00 0.224147 3.41
1466.00 0.224147 3.41
1467.00 0.224147 3.41
1468.00 0.224147 3.41
1469.00 0.224147 3.41
1470.00 0.224147 3.41
1471.00 0.224147 3.41
1472.00 0.224147 3.41
1473.00 0.224147 3.41
1474.00 0.224147 3.41
1475.00 0.224147 3.41
1476.00 0.224147 3.41
1477.00 0.224147 3.41
1478.00 0.224147 3.41
1479.00 0.224147 3.41
1480.00 0.224147 3.41
1481.00 0.224147 3.41
1482.00 0.224147 3.41
1483.00 0.224147 3.41
1484.00 0.224147 3.41
1485.00 0.224147 3.41
1486.00 0.224147 3.41
1487.00 0.224147 3.41
1488.00 0.224147 3.41
1489.00 0.224147 3.41
1490.00 0.224147 3.41
1491.00 0.224147 3.41
1492.00 0.224147 3.41
1493.00 0.224147 3.41
1494.00 0.224147 3.41
1495.00 0.224147 3.41
1496.00 0.224147 3.41
1497.00 0.224147 3.41
1498.00 0.224147 3.41
1499.00 0.224147 3.41
1500.00 0.224147 3.41
1501.00 0.224147 3.41
1502.00 0.224147 3.41
1503.00 0.224147 3.41
1504.00 0.224147 3.41
1505.00 0.224147 3.41
1506.00 0.224147 3.41
1507.00 0.224147 3.41
1508.00 0.224147 3.41
1509.00 0.224147 3.41
1510.00 0.224147 3.41
1511.00 0.224147 3.41
1512.00 0.224147 3.41
1513.00 0.224147 3.41
1514.00 0.224147 3.41
1515.00 0.224147 3.41
1516.00 0.224147 3.41
1517.00 0.224147 3.41
1518.00 0.224147 3.41
1519.00 0.224147 3.41
1520.00 0.224147 3.41
1521.00 0.224147 3.41
1522.00 0.224147 3.41
1523.00 0.224147 3.41
1524.00 0.224147 3.41
1525.00 0.224147 3.41
1526.00 0.224147 3.41
1527.00 0.224147 3.41
1528.00 0.224147 3.41
1529.00 0.224147 3.41
1530.00 0.224147 3.41
1531.00 0.224147 3.41
1532.00 0.224147 3.41
1533.00 0.224147 3.41
1534.00 0.224147 3.41
1535.00 0.224147 3.41
1536.00 0.224147 3.41
1537.00 0.224147 3.41
1538.00 0.224146 3.41
1539.00 0.224146 3.41
1540.00 0.224146 3.41
1541.00 0.224146 3.41
1542.00 0.224146 3.41
1543.00 0.224146 3.41
1544.00 0.224146 3.41
1545.00 0.224146 3.41
1546.00 0.224146 3.41
1547.00 0.224146 3.41
1548.00 0.224146 3.41
1549.00 0.224146 3.41
1550.00 0.224146 3.41
1551.00 0.224146 3.41
1552.00 0.224146 3.41
1553.00 0.224146 3.41
1554.00 0.224146 3.41
1555.00 0.224146 3.41
1556.00 0.224146 3.41
1557.00 0.224146 3.41
1558.00 0.224146 3.41
1559.00 0.224146 3.41
1560.00 0.224146 3.41
1561.00 0.224146 3.41
1562.00 0.224146 3.41
1563.00 0.224146 3.41
1564.00 0.224146 3.41
1565.00 0.224146 3.41
1566.00 0.224146 3.41
1567.00 0.224146 3.41
1568.00 0.224146 3.41
1569.00 0.224146 3.41
1570.00 0.224146 3.41
1571.00 0.224146 3.41
1572.00 0.224146 3.41
1573.00 0.224146 3.41
1574.00 0.224146 3.41
1575.00 0.224146 3.41
1576.00 0.224146 3.41
1577.00 0.224146 3.41
1578.00 0.224146 3.41
1579.00 0.224146 3.41
1580.00 0.224146 3.41
1581.00 0.224146 3.41
1582.00 0.224146 3.41
1583.00 0.224146 3.41
1584.00 0.224146 3.41
1585.00 0.224146 3.41
1586.00 0.224146 3.41
1587.00 0.224146 3.41
1588.00 0.224146 3.41
1589.00 0.224146 3.41
1590.00 0.224146 3.41
1591.00 0.224146 3.41
1592.00 0.224146 3.41
1593.00 0.224146 3.41
1594.00 0.224146 3.41
1595.00 0.224146 3.41
1596.00 0.224146 3.41
1597.00 0.224146 3.41
1598.00 0.224146 3.41
1599.00 0.224146 3.41
1600.00 0.224146 3.41
1601.00 0.224146 3.41
1602.00 0.224146 3.41
1603.00 0.224146 3.41
1604.00 0.224146 3.41
1605.00 0.224146 3.41
1606.00 0.224146 3.41
1607.00 0.224146 3.41
1608.00 0.224146 3.41
1609.00 0.224146 3.41
1610.00 0.224146 3.41
1611.00 0.224146 3.41
1612.00 0.224146 3.41
1613.00 0.224146 3.41
1614.00 0.224146 3.41
1615.00 0.224146 3.41
1616.00 0.224146 3.41
1617.00 0.224146 3.41
1618.00 0.224146 3.41
1619.00 0.224146 3.41
1620.00 0.224146 3.41
1621.00 0.224146 3.41
1622.00 0.224146 3.41
1623.00 0.224146 3.41
1624.00 0.224146 3.41
1625.00 0.224146 3.41
1626.00 0.224146 3.41
1627.00 0.224146 3.41
1628.00 0.224146 3.41
1629.00 0.224146 3.41
1630.00 0.224146 3.41
1631.00 0.224146 3.41
1632.00 0.224146 3.41
1633.00 0.224146 3.41
1634.00 0.224146 3.41
1635.00 0.224146 3.41
1636.00 0.224146 3.41
1637.00 0.224146 3.41
1638.00 0.224146 3.41
1639.00 0.224146 3.41
1640.00 0.224146 3.41
1641.00 0.224146 3.41
1642.00 0.224146 3.41
1643.00 0.224146 3.41
1644.00 0.224146 3.41
1645.00 0.224146 3.41
1646.00 0.224146 3.41
1647.00 0.224146 3.41
1648.00 0.224146 3.41
1649.00 0.224146 3.41
1650.00 0.224146 3.41
1651.00 0.224146 3.41
1652.00 0.224146 3.41
1653.00 0.224146 3.41
1654.00 0.224146 3.41
1655.00 0.224146 3.41
1656.00 0.224146 3.41
1657.00 0.224146 3.41
1658.00 0.224146 3.41
1659.00 0.224146 3.41
1660.00 0.224146 3.41
1661.00 0.224146 3.41
1662.00 0.224146 3.41
1663.00 0.224146 3.41
1664.00 0.224146 3.41
1665.00 0.224146 3.41
1666.00 0.224146 3.41
1667.00 0.224146 3.41
1668.00 0.224146 3.41
1669.00 0.224146 3.41
1670.00 0.224146 3.41
1671.00 0.224146 3.41
1672.00 0.224146 3.41
1673.00 0.224146 3.41
1674.00 0.224146 3.41
1675.00 0.224146 3.41
1676.00 0.224146 3.41
1677.00 0.224146 3.41
1678.00 0.224146 3.41
1679.00 0.224146 3.41
1680.00 0.224146 3.41
1681.00 0.224146 3.41
1682.00 0.224146 3.41
1683.00 0.224146 3.41
1684.00 0.224146 3.41
1685.00 0.224146 3.41
1686.00 0.224146 3.41
1687.00 0.224146 3.41
1688.00 0.224146 3.41
1689.00 0.224146 3.41
1690.00 0.224146 3.41
1691.00 0.224146 3.41
1692.00 0.224146 3.41
1693.00 0.224146 3.41
1694.00 0.224146 3.41
1695.00 0.224146 3.41
1696.00 0.224146 3.41
1697.00 0.224146 3.41
1698.00 0.224146 3.41
1699.00 0.224146 3.41
1700.00 0.224146 3.41
1701.00 0.224146 3.41
1702.00 0.224146 3.41
1703.00 0.224146 3.41
1704.00 0.224146 3.41
1705.00 0.224146 3.41
1706.00 0.224146 3.41
1707.00 0.224146 3.41
1708.00 0.224146 3.41
1709.00 0.224146 3.41
1710.00 0.224146 3.41
1711.00 0.224146 3.41
1712.00 0.224146 3.41
1713.00 0.224146 3.41
1714.00 0.224146 3.41
1715.00 0.224146 3.41
1716.00 0.224146 3.41
1717.00 0.224146 3.41
1718.00 0.224146 3.41
1719.00 0.224146 3.41
1720.00 0.224146 3.41
1721.00 0.224146 3.41
1722.00 0.224146 3.41
1723.00 0.224146 3.41
1724.00 0.224146 3.41
1725.00 0.224146 3.41
1726.00 0.224146 3.41
1727.00 0.224146 3.41
1728.00 0.224146 3.41
1729.00 0.224146 3.41
1730.00 0.224146 3.41
1731.00 0.224146 3.41
1732.00 0.224146 3.41
1733.00 0.224146 3.41
1734.00 0.224146 3.41
1735.00 0.224146 3.41
1736.00 0.224146 3.41
1737.00 0.224146 3.41
1738.00 0.224146 3.41
1739.00 0.224146 3.41
1740.00 0.224146 3.41
1741.00 0.224146 3.41
1742.00 0.224146 3.41
1743.00 0.224146 3.41
1744.00 0.224146 3.41
1745.00 0.224146 3.41
1746.00 0.224146 3.41
1747.00 0.224146 3.41
1748.00 0.224146 3.41
1749.00 0.224146 3.41
1750.00 0.224146 3.41
1751.00 0.224146 3.41
1752.00 0.224146 3.41
1753.00 0.224146 3.41
1754.00 0.224146 3.41
1755.00 0.224146 3.41
1756.00 0.224146 3.41
1757.00 0.224146 3.41
1758.00 0.224146 3.41
1759.00 0.224146 3.41
1760.00 0.224146 3.41
1761.00 0.224146 3.41
1762.00 0.224146 3.41
1763.00 0.224146 3.41
1764.00 0.224146 3.41
1765.00 0.224146 3.41
1766.00 0.224146 3.41
1767.00 0.224146 3.41
1768.00 0.224146 3.41
1769.00 0.224146 3.41
1770.00 0.224146 3.41
1771.00 0.224146 3.41
1772.00 0.224146 3.41
1773.00 0.224146 3.41
1774.00 0.224146 3.41
1775.00 0.224146 3.41
1776.00 0.224146 3.41
1777.00 0.224146 3.41
1778.00 0.224146 3.41
1779.00 0.224146 3.41
1780.00 0.224146 3.41
1781.00 0.224146 3.41
1782.00 0.224146 3.41
1783.00 0.224146 3.41
1784.00 0.224146 3.41
1785.00 0.224146 3.41
1786.00 0.224146 3.41
1787.00 0.224146 3.41
1788.00 0.224146 3.41
1789.00 0.224146 3.41
1790.00 0.224146 3.41
1791.00 0.224146 3.41
1792.00 0.224146 3.41
1793.00 0.224146 3.41
1794.00 0.224146 3.41
1795.00 0.224146 3.41
1796.00 0.224146 3.41
1797.00 0.224146 3.41
1798.00 0.224146 3.41
1799.00 0.224146 3.41
1800.00 0.224146 3.41
1801.00 0.224146 3.41
1802.00 0.224146 3.41
1803.00 0.224146 3.41
1804.00 0.224146 3.41
1805.00 0.224146 3.41
1806.00 0.224146 3.41
1807.00 0.224146 3.41
1808.00 0.224146 3.41
1809.00 0.224146 3.41
1810.00 0.224146 3.41
1811.00 0.224146 3.41
1812.00 0.224146 3.41
1813.00 0.224146 3.41
1814.00 0.224146 3.41
1815.00 0.224146 3.41
1816.00 0.224146 3.41
1817.00 0.224146 3.41
1818.00 0.224146 3.41
1819.00 0.224146 3.41
1820.00 0.224146 3.41
1821.00 0.224146 3.41
1822.00 0.224146 3.41
1823.00 0.224146 3.41
1824.00 0.224146 3.41
1825.00 0.224146 3.41
1826.00 0.224146 3.41
1827.00 0.224146 3.41
1828.00 0.224146 3.41
1829.00 0.224146 3.41
1830.00 0.224146 3.41
1831.00 0.224146 3.41
1832.00 0.224146 3.41
1833.00 0.224146 3.41
1834.00 0.224146 3.41
1835.00 0.224146 3.41
1836.00 0.224146 3.41
1837.00 0.224146 3.41
1838.00 0.224146 3.41
1839.00 0.224146 3.41
1840.00 0.224146 3.41
1841.00 0.224146 3.41
1842.00 0.224146 3.41
1843.00 0.224146 3.41
1844.00 0.224146 3.41
1845.00 0.224146 3.41
1846.00 0.224146 3.41
1847.00 0.224146 3.41
1848.00 0.224146 3.41
1849.00 0.224146 3.41
1850.00 0.224146 3.41
1851.00 0.224146 3.41
1852.00 0.224146 3.41
1853.00 0.224146 3.41
1854.00 0.224146 3.41
1855.00 0.224146 3.41
1856.00 0.224146 3.41
1857.00 0.224146 3.41
1858.00 0.224146 3.41
1859.00 0.224146 3.41
1860.00 0.224146 3.41
1861.00 0.224146 3.41
1862.00 0.224146 3.41
1863.00 0.224146 3.41
1864.00 0.224146 3.41
1865.00 0.224146 3.41
1866.00 0.224146 3.41
1867.00 0.224146 3.41
1868.00 0.224146 3.41
1869.00 0.224146 3.41
1870.00 0.224146 3.41
1871.00 0.224146 3.41
1872.00 0.224146 3.41
1873.00 0.224146 3.41
1874.00 0.224146 3.41
1875.00 0.224146 3.41
1876.00 0.224146 3.41
1877.00 0.224146 3.41
1878.00 0.224146 3.41
1879.00 0.224146 3.41
1880.00 0.224146 3.41
1881.00 0.224146 3.41
1882.00 0.224146 3.41
1883.00 0.224146 3.41
1884.00 0.224146 3.41
1885.00 0.224146 3.41
1886.00 0.224146 3.41
1887.00 0.224146 3.41
1888.00 0.224146 3.41
1889.00 0.224146 3.41
1890.00 0.224146 3.41
1891.00 0.224146 3.41
1892.00 0.224146 3.41
1893.00 0.224146 3.41
1894.00 0.224146 3.41
1895.00 0.224146 3.41
1896.00 0.224146 3.41
1897.00 0.224146 3.41
1898.00 0.224146 3.41
1899.00 0.224146 3.41
1900.00 0.224146 3.41
1901.00 0.224146 3.41
1902.00 0.224146 3.41
1903.00 0.224146 3.41
1904.00 0.224146 3.41
1905.00 0.224146 3.41
1906.00 0.224146 3.41
1907.00 0.224146 3.41
1908.00 0.224146 3.41
1909.00 0.224146 3.41
1910.00 0.224146 3.41
1911.00 0.224146 3.41
1912.00 0.224146 3.41
1913.00 0.224146 3.41
1914.00 0.224146 3.41
1915.00 0.224146 3.41
1916.00 0.224146 3.41
1917.00 0.224146 3.41
1918.00 0.224146 3.41
1919.00 0.224146 3.41
1920.00 0.224146 3.41
1921.00 0.224146 3.41
1922.00 0.224146 3.41
1923.00 0.224146 3.41
1924.00 0.224146 3.41
1925.00 0.224146 3.41
1926.00 0.224146 3.41
1927.00 0.224146 3.41
1928.00 0.224146 3.41
1929.00 0.224146 3.41
1930.00 0.224146 3.41
1931.00 0.224146 3.41
1932.00 0.224146 3.41
1933.00 0.224146 3.41
1934.00 0.224146 3.41
1935.00 0.224146 3.41
1936.00 0.224146 3.41
1937.00 0.224146 3.41
1938.00 0.224146 3.41
1939.00 0.224146 3.41
1940.00 0.224146 3.41
1941.00 0.224146 3.41
1942.00 0.224146 3.41
1943.00 0.224146 3.41
1944.00 0.224146 3.41
1945.00 0.224146 3.41
1946.00 0.224146 3.41
1947.00 0.224146 3.41
1948.00 0.224146 3.41
1949.00 0.224146 3.41
1950.00 0.224146 3.41
1951.00 0.224146 3.41
1952.00 0.224146 3.41
1953.00 0.224146 3.41
1954.00 0.224146 3.41
1955.00 0.224146 3.41
1956.00 0.224146 3.41
1957.00 0.224146 3.41
1958.00 0.224146 3.41
1959.00 0.224146 3.41
1960.00 0.224146 3.41
1961.00 0.224146 3.41
1962.00 0.224146 3.41
1963.00 0.224146 3.41
1964.00 0.224146 3.41
1965.00 0.224146 3.41
1966.00 0.224146 3.41
1967.00 0.224146 3.41
1968.00 0.224146 3.41
1969.00 0.224146 3.41
1970.00 0.224146 3.41
1971.00 0.224146 3.41
1972.00 0.224146 3.41
1973.00 0.224146 3.41
1974.00 0.224146 3.41
1975.00 0.224146 3.41
1976.00 0.224146 3.41
1977.00 0.224146 3.41
1978.00 0.224146 3.41
1979.00 0.224146 3.41
1980.00 0.224146 3.41
1981.00 0.224146 3.41
1982.00 0.224146 3.41
1983.00 0.224146 3.41
1984.00 0.224146 3.41
1985.00 0.224146 3.41
1986.00 0.224146 3.41
1987.00 0.224146 3.41
1988.00 0.224146 3.41
1989.00 0.224146 3.41
1990.00 0.224146 3.41
1991.00 0.224146 3.41
1992.00 0.224146 3.41
1993.00 0.224146 3.41
1994.00 0.224146 3.41
1995.00 0.224146 3.41
1996.00 0.224146 3.41
1997.00 0.224146 3.41
1998.00 0.224146 3.41
1999.00 0.224146 3.41
2000.00 0.224146 3.41
