0.00 0.257721 2.89
1.00 0.257213 2.89
2.00 0.256704 2.89
3.00 0.256196 2.89
4.00 0.255688 2.89
5.00 0.255179 2.89
6.00 0.254671 2.89
7.00 0.254163 2.89
8.00 0.253654 2.89
9.00 0.253146 2.89
10.00 0.252639 2.89
11.00 0.252131 2.89
12.00 0.251623 2.89
13.00 0.251116 2.89
14.00 0.250608 2.89
15.00 0.250100 2.89
16.00 0.249593 2.89
17.00 0.249084 2.89
18.00 0.248576 2.89
19.00 0.248073 2.88
20.00 0.247569 2.88
21.00 0.247077 2.87
22.00 0.246587 2.87
23.00 0.246097 2.87
24.00 0.245607 2.87
25.00 0.245117 2.87
26.00 0.244626 2.87
27.00 0.244135 2.87
28.00 0.243643 2.87
29.00 0.243150 2.87
30.00 0.242660 2.86
31.00 0.242177 2.86
32.00 0.241693 2.86
33.00 0.241208 2.86
34.00 0.240721 2.86
35.00 0.240234 2.86
36.00 0.239745 2.86
37.00 0.239254 2.86
38.00 0.238762 2.86
39.00 0.238268 2.86
40.00 0.237772 2.86
41.00 0.237274 2.86
42.00 0.236780 2.85
43.00 0.236295 2.85
44.00 0.235809 2.85
45.00 0.235323 2.84
46.00 0.234859 2.84
47.00 0.234415 2.83
48.00 0.233977 2.82
49.00 0.233539 2.82
50.00 0.233101 2.82
51.00 0.232661 2.82
52.00 0.232221 2.82
53.00 0.231788 2.81
54.00 0.231371 2.80
55.00 0.230965 2.80
56.00 0.230559 2.80
57.00 0.230152 2.80
58.00 0.229747 2.79
59.00 0.229357 2.79
60.00 0.228966 2.79
61.00 0.228574 2.79
62.00 0.228181 2.79
63.00 0.227787 2.79
64.00 0.227419 2.78
65.00 0.227054 2.78
66.00 0.226687 2.78
67.00 0.226320 2.78
68.00 0.225951 2.77
69.00 0.225594 2.77
70.00 0.225235 2.77
71.00 0.224893 2.76
72.00 0.224563 2.76
73.00 0.224232 2.76
74.00 0.223900 2.76
75.00 0.223573 2.75
76.00 0.223266 2.74
77.00 0.222974 2.74
78.00 0.222682 2.74
79.00 0.222396 2.73
80.00 0.222157 2.71
81.00 0.221924 2.71
82.00 0.221691 2.71
83.00 0.221458 2.71
84.00 0.221226 2.71
85.00 0.220994 2.71
86.00 0.220762 2.71
87.00 0.220529 2.71
88.00 0.220296 2.71
89.00 0.220063 2.71
90.00 0.219829 2.71
91.00 0.219616 2.70
92.00 0.219412 2.70
93.00 0.219209 2.70
94.00 0.219005 2.70
95.00 0.218807 2.69
96.00 0.218636 2.69
97.00 0.218466 2.68
98.00 0.218299 2.68
99.00 0.218131 2.68
100.00 0.217962 2.68
101.00 0.217797 2.67
102.00 0.217649 2.67
103.00 0.217501 2.67
104.00 0.217353 2.67
105.00 0.217221 2.66
106.00 0.217108 2.66
107.00 0.216996 2.66
108.00 0.216883 2.66
109.00 0.216794 2.65
110.00 0.216714 2.65
111.00 0.216634 2.65
112.00 0.216555 2.65
113.00 0.216476 2.65
114.00 0.216397 2.65
115.00 0.216319 2.65
116.00 0.216240 2.65
117.00 0.216162 2.65
118.00 0.216084 2.65
119.00 0.216006 2.65
120.00 0.215928 2.65
121.00 0.215851 2.65
122.00 0.215773 2.65
123.00 0.215698 2.64
124.00 0.215626 2.64
125.00 0.215563 2.63
126.00 0.215519 2.63
127.00 0.215476 2.63
128.00 0.215433 2.63
129.00 0.215391 2.63
130.00 0.215350 2.63
131.00 0.215316 2.62
132.00 0.215283 2.62
133.00 0.215251 2.62
134.00 0.215220 2.62
135.00 0.215189 2.62
136.00 0.215159 2.62
137.00 0.215130 2.62
138.00 0.215102 2.62
139.00 0.215073 2.62
140.00 0.215046 2.61
141.00 0.215023 2.60
142.00 0.215003 2.60
143.00 0.214983 2.60
144.00 0.214963 2.60
145.00 0.214944 2.60
146.00 0.214926 2.60
147.00 0.214907 2.60
148.00 0.214890 2.60
149.00 0.214873 2.60
150.00 0.214856 2.60
151.00 0.214839 2.60
152.00 0.214823 2.60
153.00 0.214807 2.60
154.00 0.214792 2.60
155.00 0.214777 2.60
156.00 0.214762 2.60
157.00 0.214747 2.60
158.00 0.214733 2.60
159.00 0.214718 2.60
160.00 0.214704 2.60
161.00 0.214691 2.60
162.00 0.214677 2.60
163.00 0.214664 2.60
164.00 0.214650 2.60
165.00 0.214637 2.60
166.00 0.214624 2.60
167.00 0.214611 2.60
168.00 0.214599 2.60
169.00 0.214586 2.60
170.00 0.214574 2.60
171.00 0.214561 2.60
172.00 0.214549 2.60
173.00 0.214537 2.60
174.00 0.214525 2.60
175.00 0.214513 2.60
176.00 0.214501 2.60
177.00 0.214489 2.60
178.00 0.214477 2.60
179.00 0.214466 2.60
180.00 0.214454 2.60
181.00 0.214442 2.60
182.00 0.214431 2.60
183.00 0.214419 2.60
184.00 0.214408 2.60
185.00 0.214397 2.60
186.00 0.214385 2.60
187.00 0.214374 2.60
188.00 0.214362 2.60
189.00 0.214351 2.60
190.00 0.214340 2.60
191.00 0.214329 2.60
192.00 0.214317 2.60
193.00 0.214306 2.60
194.00 0.214295 2.60
195.00 0.214284 2.60
196.00 0.214273 2.60
197.00 0.214262 2.60
198.00 0.214251 2.60
199.00 0.214239 2.60
200.00 0.214228 2.60
201.00 0.214217 2.60
202.00 0.214206 2.60
203.00 0.214195 2.60
204.00 0.214184 2.60
205.00 0.214173 2.60
206.00 0.214162 2.60
207.00 0.214151 2.60
208.00 0.214140 2.60
209.00 0.214133 2.59
210.00 0.214128 2.59
211.00 0.214123 2.59
212.00 0.214119 2.59
213.00 0.214114 2.59
214.00 0.214110 2.59
215.00 0.214105 2.59
216.00 0.214101 2.59
217.00 0.214097 2.59
218.00 0.214093 2.59
219.00 0.214089 2.59
220.00 0.214085 2.59
221.00 0.214081 2.59
222.00 0.214078 2.58
223.00 0.214076 2.58
224.00 0.214074 2.58
225.00 0.214073 2.58
226.00 0.214072 2.58
227.00 0.214071 2.58
228.00 0.214070 2.58
229.00 0.214069 2.58
230.00 0.214068 2.58
231.00 0.214067 2.58
232.00 0.214067 2.58
233.00 0.214066 2.58
234.00 0.214065 2.58
235.00 0.214064 2.58
236.00 0.214064 2.58
237.00 0.214063 2.58
238.00 0.214063 2.58
239.00 0.214062 2.58
240.00 0.214061 2.58
241.00 0.214061 2.58
242.00 0.214060 2.58
243.00 0.214060 2.58
244.00 0.214059 2.58
245.00 0.214059 2.58
246.00 0.214059 2.58
247.00 0.214058 2.58
248.00 0.214058 2.58
249.00 0.214057 2.58
250.00 0.214057 2.58
251.00 0.214057 2.58
252.00 0.214056 2.58
253.00 0.214056 2.58
254.00 0.214056 2.58
255.00 0.214055 2.58
256.00 0.214055 2.58
257.00 0.214055 2.58
258.00 0.214054 2.58
259.00 0.214054 2.58
260.00 0.214054 2.58
261.00 0.214054 2.58
262.00 0.214053 2.58
263.00 0.214053 2.58
264.00 0.214053 2.58
265.00 0.214053 2.58
266.00 0.214052 2.58
267.00 0.214052 2.58
268.00 0.214052 2.58
269.00 0.214052 2.58
270.00 0.214052 2.58
271.00 0.214051 2.58
272.00 0.214051 2.58
273.00 0.214051 2.58
274.00 0.214051 2.58
275.00 0.214051 2.58
276.00 0.214050 2.58
277.00 0.214050 2.58
278.00 0.214050 2.58
279.00 0.214050 2.58
280.00 0.214050 2.58
281.00 0.214050 2.58
282.00 0.214049 2.58
283.00 0.214049 2.58
284.00 0.214049 2.58
285.00 0.214049 2.58
286.00 0.214049 2.58
287.00 0.214049 2.58
288.00 0.214049 2.58
289.00 0.214049 2.58
290.00 0.214048 2.58
291.00 0.214048 2.58
292.00 0.214048 2.58
293.00 0.214048 2.58
294.00 0.214048 2.58
295.00 0.214048 2.58
296.00 0.214048 2.58
297.00 0.214048 2.58
298.00 0.214048 2.58
299.00 0.214047 2.58
300.00 0.214047 2.58
301.00 0.214047 2.58
302.00 0.214047 2.58
303.00 0.214047 2.58
304.00 0.214047 2.58
305.00 0.214047 2.58
306.00 0.214047 2.58
307.00 0.214047 2.58
308.00 0.214047 2.58
309.00 0.214047 2.58
310.00 0.214047 2.58
311.00 0.214047 2.58
312.00 0.214046 2.58
313.00 0.214046 2.58
314.00 0.214046 2.58
315.00 0.214046 2.58
316.00 0.214046 2.58
317.00 0.214046 2.58
318.00 0.214046 2.58
319.00 0.214046 2.58
320.00 0.214046 2.58
321.00 0.214046 2.58
322.00 0.214046 2.58
323.00 0.214046 2.58
324.00 0.214046 2.58
325.00 0.214046 2.58
326.00 0.214046 2.58
327.00 0.214046 2.58
328.00 0.214046 2.58
329.00 0.214045 2.58
330.00 0.214045 2.58
331.00 0.214045 2.58
332.00 0.214045 2.58
333.00 0.214045 2.58
334.00 0.214045 2.58
335.00 0.214045 2.58
336.00 0.214045 2.58
337.00 0.214045 2.58
338.00 0.214045 2.58
339.00 0.214045 2.58
340.00 0.214045 2.58
341.00 0.214045 2.58
342.00 0.214045 2.58
343.00 0.214045 2.58
344.00 0.214045 2.58
345.00 0.214045 2.58
346.00 0.214045 2.58
347.00 0.214045 2.58
348.00 0.214045 2.58
349.00 0.214045 2.58
350.00 0.214045 2.58
351.00 0.214045 2.58
352.00 0.214045 2.58
353.00 0.214045 2.58
354.00 0.214045 2.58
355.00 0.214045 2.58
356.00 0.214044 2.58
357.00 0.214044 2.58
358.00 0.214044 2.58
359.00 0.214044 2.58
360.00 0.214044 2.58
361.00 0.214044 2.58
362.00 0.214044 2.58
363.00 0.214044 2.58
364.00 0.214044 2.58
365.00 0.214044 2.58
366.00 0.214044 2.58
367.00 0.214044 2.58
368.00 0.214044 2.58
369.00 0.214044 2.58
370.00 0.214044 2.58
371.00 0.214044 2.58
372.00 0.214044 2.58
373.00 0.214044 2.58
374.00 0.214044 2.58
375.00 0.214044 2.58
376.00 0.214044 2.58
377.00 0.214044 2.58
378.00 0.214044 2.58
379.00 0.214044 2.58
380.00 0.214044 2.58
381.00 0.214044 2.58
382.00 0.214044 2.58
383.00 0.214044 2.58
384.00 0.214044 2.58
385.00 0.214044 2.58
386.00 0.214044 2.58
387.00 0.214044 2.58
388.00 0.214044 2.58
389.00 0.214044 2.58
390.00 0.214044 2.58
391.00 0.214044 2.58
392.00 0.214044 2.58
393.00 0.214044 2.58
394.00 0.214044 2.58
395.00 0.214044 2.58
396.00 0.214044 2.58
397.00 0.214044 2.58
398.00 0.214044 2.58
399.00 0.214044 2.58
400.00 0.214044 2.58
401.00 0.214044 2.58
402.00 0.214044 2.58
403.00 0.214044 2.58
404.00 0.214044 2.58
405.00 0.214044 2.58
406.00 0.214044 2.58
407.00 0.214044 2.58
408.00 0.214044 2.58
409.00 0.214044 2.58
410.00 0.214044 2.58
411.00 0.214044 2.58
412.00 0.214044 2.58
413.00 0.214044 2.58
414.00 0.214044 2.58
415.00 0.214044 2.58
416.00 0.214044 2.58
417.00 0.214044 2.58
418.00 0.214043 2.58
419.00 0.214043 2.58
420.00 0.214043 2.58
421.00 0.214043 2.58
422.00 0.214043 2.58
423.00 0.214043 2.58
424.00 0.214043 2.58
425.00 0.214043 2.58
426.00 0.214043 2.58
427.00 0.214043 2.58
428.00 0.214043 2.58
429.00 0.214043 2.58
430.00 0.214043 2.58
431.00 0.214043 2.58
432.00 0.214043 2.58
433.00 0.214043 2.58
434.00 0.214043 2.58
435.00 0.214043 2.58
436.00 0.214043 2.58
437.00 0.214043 2.58
438.00 0.214043 2.58
439.00 0.214043 2.58
440.00 0.214043 2.58
441.00 0.214043 2.58
442.00 0.214043 2.58
443.00 0.214043 2.58
444.00 0.214043 2.58
445.00 0.214043 2.58
446.00 0.214043 2.58
447.00 0.214043 2.58
448.00 0.214043 2.58
449.00 0.214043 2.58
450.00 0.214043 2.58
451.00 0.214043 2.58
452.00 0.214043 2.58
453.00 0.214043 2.58
454.00 0.214043 2.58
455.00 0.214043 2.58
456.00 0.214043 2.58
457.00 0.214043 2.58
458.00 0.214043 2.58
459.00 0.214043 2.58
460.00 0.214043 2.58
461.00 0.214043 2.58
462.00 0.214043 2.58
463.00 0.214043 2.58
464.00 0.214043 2.58
465.00 0.214043 2.58
466.00 0.214043 2.58
467.00 0.214043 2.58
468.00 0.214043 2.58
469.00 0.214043 2.58
470.00 0.214043 2.58
471.00 0.214043 2.58
472.00 0.214043 2.58
473.00 0.214043 2.58
474.00 0.214043 2.58
475.00 0.214043 2.58
476.00 0.214043 2.58
477.00 0.214043 2.58
478.00 0.214043 2.58
479.00 0.214043 2.58
480.00 0.214043 2.58
481.00 0.214043 2.58
482.00 0.214043 2.58
483.00 0.214043 2.58
484.00 0.214043 2.58
485.00 0.214043 2.58
486.00 0.214043 2.58
487.00 0.214043 2.58
488.00 0.214043 2.58
489.00 0.214043 2.58
490.00 0.214043 2.58
491.00 0.214043 2.58
492.00 0.214043 2.58
493.00 0.214043 2.58
494.00 0.214043 2.58
495.00 0.214043 2.58
496.00 0.214043 2.58
497.00 0.214043 2.58
498.00 0.214043 2.58
499.00 0.214043 2.58
500.00 0.214043 2.58
501.00 0.214043 2.58
502.00 0.214043 2.58
503.00 0.214043 2.58
504.00 0.214043 2.58
505.00 0.214043 2.58
506.00 0.214043 2.58
507.00 0.214043 2.58
508.00 0.214043 2.58
509.00 0.214043 2.58
510.00 0.214043 2.58
511.00 0.214043 2.58
512.00 0.214043 2.58
513.00 0.214043 2.58
514.00 0.214043 2.58
515.00 0.214043 2.58
516.00 0.214043 2.58
517.00 0.214043 2.58
518.00 0.214043 2.58
519.00 0.214043 2.58
520.00 0.214043 2.58
521.00 0.214043 2.58
522.00 0.214043 2.58
523.00 0.214043 2.58
524.00 0.214043 2.58
525.00 0.214043 2.58
526.00 0.214043 2.58
527.00 0.214043 2.58
528.00 0.214043 2.58
529.00 0.214043 2.58
530.00 0.214043 2.58
531.00 0.214043 2.58
532.00 0.214043 2.58
533.00 0.214043 2.58
534.00 0.214043 2.58
535.00 0.214043 2.58
536.00 0.214043 2.58
537.00 0.214043 2.58
538.00 0.214043 2.58
539.00 0.214043 2.58
540.00 0.214043 2.58
541.00 0.214043 2.58
542.00 0.214043 2.58
543.00 0.214043 2.58
544.00 0.214043 2.58
545.00 0.214043 2.58
546.00 0.214043 2.58
547.00 0.214043 2.58
548.00 0.214043 2.58
549.00 0.214043 2.58
550.00 0.214043 2.58
551.00 0.214043 2.58
552.00 0.214043 2.58
553.00 0.214043 2.58
554.00 0.214043 2.58
555.00 0.214043 2.58
556.00 0.214043 2.58
557.00 0.214043 2.58
558.00 0.214043 2.58
559.00 0.214043 2.58
560.00 0.214043 2.58
561.00 0.214043 2.58
562.00 0.214043 2.58
563.00 0.214043 2.58
564.00 0.214043 2.58
565.00 0.214043 2.58
566.00 0.214043 2.58
567.00 0.214043 2.58
568.00 0.214043 2.58
569.00 0.214043 2.58
570.00 0.214043 2.58
571.00 0.214043 2.58
572.00 0.214043 2.58
573.00 0.214043 2.58
574.00 0.214043 2.58
575.00 0.214043 2.58
576.00 0.214043 2.58
577.00 0.214043 2.58
578.00 0.214043 2.58
579.00 0.214043 2.58
580.00 0.214043 2.58
581.00 0.214043 2.58
582.00 0.214043 2.58
583.00 0.214043 2.58
584.00 0.214043 2.58
585.00 0.214043 2.58
586.00 0.214043 2.58
587.00 0.214043 2.58
588.00 0.214043 2.58
589.00 0.214043 2.58
590.00 0.214043 2.58
591.00 0.214043 2.58
592.00 0.214043 2.58
593.00 0.214043 2.58
594.00 0.214043 2.58
595.00 0.214043 2.58
596.00 0.214043 2.58
597.00 0.214043 2.58
598.00 0.214043 2.58
599.00 0.214043 2.58
600.00 0.214043 2.58
601.00 0.214043 2.58
602.00 0.214043 2.58
603.00 0.214043 2.58
604.00 0.214043 2.58
605.00 0.214043 2.58
606.00 0.214043 2.58
607.00 0.214043 2.58
608.00 0.214043 2.58
609.00 0.214043 2.58
610.00 0.214043 2.58
611.00 0.214043 2.58
612.00 0.214043 2.58
613.00 0.214043 2.58
614.00 0.214043 2.58
615.00 0.214043 2.58
616.00 0.214043 2.58
617.00 0.214043 2.58
618.00 0.214043 2.58
619.00 0.214043 2.58
620.00 0.214043 2.58
621.00 0.214043 2.58
622.00 0.214043 2.58
623.00 0.214043 2.58
624.00 0.214043 2.58
625.00 0.214043 2.58
626.00 0.214043 2.58
627.00 0.214043 2.58
628.00 0.214043 2.58
629.00 0.214043 2.58
630.00 0.214043 2.58
631.00 0.214043 2.58
632.00 0.214043 2.58
633.00 0.214043 2.58
634.00 0.214043 2.58
635.00 0.214043 2.58
636.00 0.214043 2.58
637.00 0.214043 2.58
638.00 0.214043 2.58
639.00 0.214043 2.58
640.00 0.214043 2.58
641.00 0.214043 2.58
642.00 0.214043 2.58
643.00 0.214043 2.58
644.00 0.214043 2.58
645.00 0.214043 2.58
646.00 0.214043 2.58
647.00 0.214043 2.58
648.00 0.214043 2.58
649.00 0.214043 2.58
650.00 0.214043 2.58
651.00 0.214043 2.58
652.00 0.214043 2.58
653.00 0.214043 2.58
654.00 0.214043 2.58
655.00 0.214043 2.58
656.00 0.214043 2.58
657.00 0.214043 2.58
658.00 0.214043 2.58
659.00 0.214043 2.58
660.00 0.214043 2.58
661.00 0.214043 2.58
662.00 0.214043 2.58
663.00 0.214043 2.58
664.00 0.214043 2.58
665.00 0.214043 2.58
666.00 0.214043 2.58
667.00 0.214043 2.58
668.00 0.214043 2.58
669.00 0.214043 2.58
670.00 0.214043 2.58
671.00 0.214043 2.58
672.00 0.214043 2.58
673.00 0.214043 2.58
674.00 0.214043 2.58
675.00 0.214043 2.58
676.00 0.214043 2.58
677.00 0.214043 2.58
678.00 0.214043 2.58
679.00 0.214043 2.58
680.00 0.214043 2.58
681.00 0.214043 2.58
682.00 0.214043 2.58
683.00 0.214043 2.58
684.00 0.214043 2.58
685.00 0.214043 2.58
686.00 0.214043 2.58
687.00 0.214043 2.58
688.00 0.214043 2.58
689.00 0.214043 2.58
690.00 0.214043 2.58
691.00 0.214043 2.58
692.00 0.214043 2.58
693.00 0.214043 2.58
694.00 0.214043 2.58
695.00 0.214043 2.58
696.00 0.214043 2.58
697.00 0.214043 2.58
698.00 0.214043 2.58
699.00 0.214043 2.58
700.00 0.214043 2.58
701.00 0.214043 2.58
702.00 0.214043 2.58
703.00 0.214043 2.58
704.00 0.214043 2.58
705.00 0.214043 2.58
706.00 0.214043 2.58
707.00 0.214043 2.58
708.00 0.214043 2.58
709.00 0.214043 2.58
710.00 0.214043 2.58
711.00 0.214043 2.58
712.00 0.214043 2.58
713.00 0.214043 2.58
714.00 0.214043 2.58
715.00 0.214043 2.58
716.00 0.214043 2.58
717.00 0.214043 2.58
718.00 0.214043 2.58
719.00 0.214043 2.58
720.00 0.214043 2.58
721.00 0.214043 2.58
722.00 0.214043 2.58
723.00 0.214043 2.58
724.00 0.214043 2.58
725.00 0.214043 2.58
726.00 0.214043 2.58
727.00 0.214043 2.58
728.00 0.214043 2.58
729.00 0.214043 2.58
730.00 0.214043 2.58
731.00 0.214043 2.58
732.00 0.214043 2.58
733.00 0.214043 2.58
734.00 0.214043 2.58
735.00 0.214043 2.58
736.00 0.214043 2.58
737.00 0.214043 2.58
738.00 0.214043 2.58
739.00 0.214043 2.58
740.00 0.214043 2.58
741.00 0.214043 2.58
742.00 0.214043 2.58
743.00 0.214043 2.58
744.00 0.214043 2.58
745.00 0.214043 2.58
746.00 0.214043 2.58
747.00 0.214043 2.58
748.00 0.214043 2.58
749.00 0.214043 2.58
750.00 0.214043 2.58
751.00 0.214043 2.58
752.00 0.214043 2.58
753.00 0.214043 2.58
754.00 0.214043 2.58
755.00 0.214043 2.58
756.00 0.214043 2.58
757.00 0.214043 2.58
758.00 0.214043 2.58
759.00 0.214043 2.58
760.00 0.214043 2.58
761.00 0.214043 2.58
762.00 0.214043 2.58
763.00 0.214043 2.58
764.00 0.214043 2.58
765.00 0.214043 2.58
766.00 0.214043 2.58
767.00 0.214043 2.58
768.00 0.214043 2.58
769.00 0.214043 2.58
770.00 0.214043 2.58
771.00 0.214043 2.58
772.00 0.214043 2.58
773.00 0.214043 2.58
774.00 0.214043 2.58
775.00 0.214043 2.58
776.00 0.214043 2.58
777.00 0.214043 2.58
778.00 0.214043 2.58
779.00 0.214043 2.58
780.00 0.214043 2.58
781.00 0.214043 2.58
782.00 0.214043 2.58
783.00 0.214043 2.58
784.00 0.214043 2.58
785.00 0.214043 2.58
786.00 0.214043 2.58
787.00 0.214043 2.58
788.00 0.214043 2.58
789.00 0.214043 2.58
790.00 0.214043 2.58
791.00 0.214043 2.58
792.00 0.214043 2.58
793.00 0.214043 2.58
794.00 0.214043 2.58
795.00 0.214043 2.58
796.00 0.214043 2.58
797.00 0.214043 2.58
798.00 0.214043 2.58
799.00 0.214043 2.58
800.00 0.214043 2.58
801.00 0.214043 2.58
802.00 0.214043 2.58
803.00 0.214043 2.58
804.00 0.214043 2.58
805.00 0.214043 2.58
806.00 0.214043 2.58
807.00 0.214043 2.58
808.00 0.214043 2.58
809.00 0.214043 2.58
810.00 0.214043 2.58
811.00 0.214043 2.58
812.00 0.214043 2.58
813.00 0.214043 2.58
814.00 0.214043 2.58
815.00 0.214043 2.58
816.00 0.214043 2.58
817.00 0.214043 2.58
818.00 0.214043 2.58
819.00 0.214043 2.58
820.00 0.214043 2.58
821.00 0.214043 2.58
822.00 0.214043 2.58
823.00 0.214043 2.58
824.00 0.214043 2.58
825.00 0.214043 2.58
826.00 0.214043 2.58
827.00 0.214043 2.58
828.00 0.214043 2.58
829.00 0.214043 2.58
830.00 0.214043 2.58
831.00 0.214043 2.58
832.00 0.214043 2.58
833.00 0.214043 2.58
834.00 0.214043 2.58
835.00 0.214043 2.58
836.00 0.214043 2.58
837.00 0.214043 2.58
838.00 0.214043 2.58
839.00 0.214043 2.58
840.00 0.214043 2.58
841.00 0.214043 2.58
842.00 0.214043 2.58
843.00 0.214043 2.58
844.00 0.214043 2.58
845.00 0.214043 2.58
846.00 0.214043 2.58
847.00 0.214043 2.58
848.00 0.214043 2.58
849.00 0.214043 2.58
850.00 0.214043 2.58
851.00 0.214043 2.58
852.00 0.214043 2.58
853.00 0.214043 2.58
854.00 0.214043 2.58
855.00 0.214043 2.58
856.00 0.214043 2.58
857.00 0.214043 2.58
858.00 0.214043 2.58
859.00 0.214043 2.58
860.00 0.214043 2.58
861.00 0.214043 2.58
862.00 0.214043 2.58
863.00 0.214043 2.58
864.00 0.214043 2.58
865.00 0.214043 2.58
866.00 0.214043 2.58
867.00 0.214043 2.58
868.00 0.214043 2.58
869.00 0.214043 2.58
870.00 0.214043 2.58
871.00 0.214043 2.58
872.00 0.214043 2.58
873.00 0.214043 2.58
874.00 0.214043 2.58
875.00 0.214043 2.58
876.00 0.214043 2.58
877.00 0.214043 2.58
878.00 0.214043 2.58
879.00 0.214043 2.58
880.00 0.214043 2.58
881.00 0.214043 2.58
882.00 0.214043 2.58
883.00 0.214043 2.58
884.00 0.214043 2.58
885.00 0.214043 2.58
886.00 0.214043 2.58
887.00 0.214043 2.58
888.00 0.214043 2.58
889.00 0.214043 2.58
890.00 0.214043 2.58
891.00 0.214043 2.58
892.00 0.214043 2.58
893.00 0.214043 2.58
894.00 0.214043 2.58
895.00 0.214043 2.58
896.00 0.214043 2.58
897.00 0.214043 2.58
898.00 0.214043 2.58
899.00 0.214043 2.58
900.00 0.214043 2.58
901.00 0.214043 2.58
902.00 0.214043 2.58
903.00 0.214043 2.58
904.00 0.214043 2.58
905.00 0.214043 2.58
906.00 0.214043 2.58
907.00 0.214043 2.58
908.00 0.214043 2.58
909.00 0.214043 2.58
910.00 0.214043 2.58
911.00 0.214043 2.58
912.00 0.214043 2.58
913.00 0.214043 2.58
914.00 0.214043 2.58
915.00 0.214043 2.58
916.00 0.214043 2.58
917.00 0.214043 2.58
918.00 0.214043 2.58
919.00 0.214043 2.58
920.00 0.214043 2.58
921.00 0.214043 2.58
922.00 0.214043 2.58
923.00 0.214043 2.58
924.00 0.214043 2.58
925.00 0.214043 2.58
926.00 0.214043 2.58
927.00 0.214043 2.58
928.00 0.214043 2.58
929.00 0.214043 2.58
930.00 0.214043 2.58
931.00 0.214043 2.58
932.00 0.214043 2.58
933.00 0.214043 2.58
934.00 0.214043 2.58
935.00 0.214043 2.58
936.00 0.214043 2.58
937.00 0.214043 2.58
938.00 0.214043 2.58
939.00 0.214043 2.58
940.00 0.214043 2.58
941.00 0.214043 2.58
942.00 0.214043 2.58
943.00 0.214043 2.58
944.00 0.214043 2.58
945.00 0.214043 2.58
946.00 0.214043 2.58
947.00 0.214043 2.58
948.00 0.214043 2.58
949.00 0.214043 2.58
950.00 0.214043 2.58
951.00 0.214043 2.58
952.00 0.214043 2.58
953.00 0.214043 2.58
954.00 0.214043 2.58
955.00 0.214043 2.58
956.00 0.214043 2.58
957.00 0.214043 2.58
958.00 0.214043 2.58
959.00 0.214043 2.58
960.00 0.214043 2.58
961.00 0.214043 2.58
962.00 0.214043 2.58
963.00 0.214043 2.58
964.00 0.214043 2.58
965.00 0.214043 2.58
966.00 0.214043 2.58
967.00 0.214043 2.58
968.00 0.214043 2.58
969.00 0.214043 2.58
970.00 0.214043 2.58
971.00 0.214043 2.58
972.00 0.214043 2.58
973.00 0.214043 2.58
974.00 0.214043 2.58
975.00 0.214043 2.58
976.00 0.214043 2.58
977.00 0.214043 2.58
978.00 0.214043 2.58
979.00 0.214043 2.58
980.00 0.214043 2.58
981.00 0.214043 2.58
982.00 0.214043 2.58
983.00 0.214043 2.58
984.00 0.214043 2.58
985.00 0.214043 2.58
986.00 0.214043 2.58
987.00 0.214043 2.58
988.00 0.214043 2.58
989.00 0.214043 2.58
990.00 0.214043 2.58
991.00 0.214043 2.58
992.00 0.214043 2.58
993.00 0.214043 2.58
994.00 0.214043 2.58
995.00 0.214043 2.58
996.00 0.214043 2.58
997.00 0.214043 2.58
998.00 0.214043 2.58
999.00 0.214043 2.58
1000.00 0.214043 2.58
1001.00 0.214043 2.58
1002.00 0.214043 2.58
1003.00 0.214043 2.58
1004.00 0.214043 2.58
1005.00 0.214043 2.58
1006.00 0.214043 2.58
1007.00 0.214043 2.58
1008.00 0.214043 2.58
1009.00 0.214043 2.58
1010.00 0.214043 2.58
1011.00 0.214043 2.58
1012.00 0.214043 2.58
1013.00 0.214043 2.58
1014.00 0.214043 2.58
1015.00 0.214043 2.58
1016.00 0.214043 2.58
1017.00 0.214043 2.58
1018.00 0.214043 2.58
1019.00 0.214043 2.58
1020.00 0.214043 2.58
1021.00 0.214043 2.58
1022.00 0.214043 2.58
1023.00 0.214043 2.58
1024.00 0.214043 2.58
1025.00 0.214043 2.58
1026.00 0.214043 2.58
1027.00 0.214043 2.58
1028.00 0.214043 2.58
1029.00 0.214043 2.58
1030.00 0.214043 2.58
1031.00 0.214043 2.58
1032.00 0.214043 2.58
1033.00 0.214043 2.58
1034.00 0.214043 2.58
1035.00 0.214043 2.58
1036.00 0.214043 2.58
1037.00 0.214043 2.58
1038.00 0.214043 2.58
1039.00 0.214043 2.58
1040.00 0.214043 2.58
1041.00 0.214043 2.58
1042.00 0.214043 2.58
1043.00 0.214043 2.58
1044.00 0.214043 2.58
1045.00 0.214043 2.58
1046.00 0.214043 2.58
1047.00 0.214043 2.58
1048.00 0.214043 2.58
1049.00 0.214043 2.58
1050.00 0.214043 2.58
1051.00 0.214043 2.58
1052.00 0.214043 2.58
1053.00 0.214043 2.58
1054.00 0.214043 2.58
1055.00 0.214043 2.58
1056.00 0.214043 2.58
1057.00 0.214043 2.58
1058.00 0.214043 2.58
1059.00 0.214043 2.58
1060.00 0.214043 2.58
1061.00 0.214043 2.58
1062.00 0.214043 2.58
1063.00 0.214043 2.58
1064.00 0.214043 2.58
1065.00 0.214043 2.58
1066.00 0.214043 2.58
1067.00 0.214043 2.58
1068.00 0.214043 2.58
1069.00 0.214043 2.58
1070.00 0.214043 2.58
1071.00 0.214043 2.58
1072.00 0.214043 2.58
1073.00 0.214043 2.58
1074.00 0.214043 2.58
1075.00 0.214043 2.58
1076.00 0.214043 2.58
1077.00 0.214043 2.58
1078.00 0.214043 2.58
1079.00 0.214043 2.58
1080.00 0.214043 2.58
1081.00 0.214043 2.58
1082.00 0.214043 2.58
1083.00 0.214043 2.58
1084.00 0.214043 2.58
1085.00 0.214043 2.58
1086.00 0.214043 2.58
1087.00 0.214043 2.58
1088.00 0.214043 2.58
1089.00 0.214043 2.58
1090.00 0.214043 2.58
1091.00 0.214043 2.58
1092.00 0.214043 2.58
1093.00 0.214043 2.58
1094.00 0.214043 2.58
1095.00 0.214043 2.58
1096.00 0.214043 2.58
1097.00 0.214043 2.58
1098.00 0.214043 2.58
1099.00 0.214043 2.58
1100.00 0.214043 2.58
1101.00 0.214043 2.58
1102.00 0.214043 2.58
1103.00 0.214043 2.58
1104.00 0.214043 2.58
1105.00 0.214043 2.58
1106.00 0.214043 2.58
1107.00 0.214043 2.58
1108.00 0.214043 2.58
1109.00 0.214043 2.58
1110.00 0.214043 2.58
1111.00 0.214043 2.58
1112.00 0.214043 2.58
1113.00 0.214043 2.58
1114.00 0.214043 2.58
1115.00 0.214043 2.58
1116.00 0.214043 2.58
1117.00 0.214043 2.58
1118.00 0.214043 2.58
1119.00 0.214043 2.58
1120.00 0.214043 2.58
1121.00 0.214043 2.58
1122.00 0.214043 2.58
1123.00 0.214043 2.58
1124.00 0.214043 2.58
1125.00 0.214043 2.58
1126.00 0.214043 2.58
1127.00 0.214043 2.58
1128.00 0.214043 2.58
1129.00 0.214043 2.58
1130.00 0.214043 2.58
1131.00 0.214043 2.58
1132.00 0.214043 2.58
1133.00 0.214043 2.58
1134.00 0.214043 2.58
1135.00 0.214043 2.58
1136.00 0.214043 2.58
1137.00 0.214043 2.58
1138.00 0.214043 2.58
1139.00 0.214043 2.58
1140.00 0.214043 2.58
1141.00 0.214043 2.58
1142.00 0.214043 2.58
1143.00 0.214043 2.58
1144.00 0.214043 2.58
1145.00 0.214043 2.58
1146.00 0.214043 2.58
1147.00 0.214043 2.58
1148.00 0.214043 2.58
1149.00 0.214043 2.58
1150.00 0.214043 2.58
1151.00 0.214043 2.58
1152.00 0.214043 2.58
1153.00 0.214043 2.58
1154.00 0.214043 2.58
1155.00 0.214043 2.58
1156.00 0.214043 2.58
1157.00 0.214043 2.58
1158.00 0.214043 2.58
1159.00 0.214043 2.58
1160.00 0.214043 2.58
1161.00 0.214043 2.58
1162.00 0.214043 2.58
1163.00 0.214043 2.58
1164.00 0.214043 2.58
1165.00 0.214043 2.58
1166.00 0.214043 2.58
1167.00 0.214043 2.58
1168.00 0.214043 2.58
1169.00 0.214043 2.58
1170.00 0.214043 2.58
1171.00 0.214043 2.58
1172.00 0.214043 2.58
1173.00 0.214043 2.58
1174.00 0.214043 2.58
1175.00 0.214043 2.58
1176.00 0.214043 2.58
1177.00 0.214043 2.58
1178.00 0.214043 2.58
1179.00 0.214043 2.58
1180.00 0.214043 2.58
1181.00 0.214043 2.58
1182.00 0.214043 2.58
1183.00 0.214043 2.58
1184.00 0.214043 2.58
1185.00 0.214043 2.58
1186.00 0.214043 2.58
1187.00 0.214043 2.58
1188.00 0.214043 2.58
1189.00 0.214043 2.58
1190.00 0.214043 2.58
1191.00 0.214043 2.58
1192.00 0.214043 2.58
1193.00 0.214043 2.58
1194.00 0.214043 2.58
1195.00 0.214043 2.58
1196.00 0.214043 2.58
1197.00 0.214043 2.58
1198.00 0.214043 2.58
1199.00 0.214043 2.58
1200.00 0.214043 2.58
1201.00 0.214043 2.58
1202.00 0.214043 2.58
1203.00 0.214043 2.58
1204.00 0.214043 2.58
1205.00 0.214043 2.58
1206.00 0.214043 2.58
1207.00 0.214043 2.58
1208.00 0.214043 2.58
1209.00 0.214043 2.58
1210.00 0.214043 2.58
1211.00 0.214043 2.58
1212.00 0.214043 2.58
1213.00 0.214043 2.58
1214.00 0.214043 2.58
1215.00 0.214043 2.58
1216.00 0.214043 2.58
1217.00 0.214043 2.58
1218.00 0.214043 2.58
1219.00 0.214043 2.58
1220.00 0.214043 2.58
1221.00 0.214043 2.58
1222.00 0.214043 2.58
1223.00 0.214043 2.58
1224.00 0.214043 2.58
1225.00 0.214043 2.58
1226.00 0.214043 2.58
1227.00 0.214043 2.58
1228.00 0.214043 2.58
1229.00 0.214043 2.58
1230.00 0.214043 2.58
1231.00 0.214043 2.58
1232.00 0.214043 2.58
1233.00 0.214043 2.58
1234.00 0.214043 2.58
1235.00 0.214043 2.58
1236.00 0.214043 2.58
1237.00 0.214043 2.58
1238.00 0.214043 2.58
1239.00 0.214043 2.58
1240.00 0.214043 2.58
1241.00 0.214043 2.58
1242.00 0.214043 2.58
1243.00 0.214043 2.58
1244.00 0.214043 2.58
1245.00 0.214043 2.58
1246.00 0.214043 2.58
1247.00 0.214043 2.58
1248.00 0.214043 2.58
1249.00 0.214043 2.58
1250.00 0.214043 2.58
1251.00 0.214043 2.58
1252.00 0.214043 2.58
1253.00 0.214043 2.58
1254.00 0.214043 2.58
1255.00 0.214043 2.58
1256.00 0.214043 2.58
1257.00 0.214043 2.58
1258.00 0.214043 2.58
1259.00 0.214043 2.58
1260.00 0.214043 2.58
1261.00 0.214043 2.58
1262.00 0.214043 2.58
1263.00 0.214043 2.58
1264.00 0.214043 2.58
1265.00 0.214043 2.58
1266.00 0.214043 2.58
1267.00 0.214043 2.58
1268.00 0.214043 2.58
1269.00 0.214043 2.58
1270.00 0.214043 2.58
1271.00 0.214043 2.58
1272.00 0.214043 2.58
1273.00 0.214043 2.58
1274.00 0.214043 2.58
1275.00 0.214043 2.58
1276.00 0.214043 2.58
1277.00 0.214043 2.58
1278.00 0.214043 2.58
1279.00 0.214043 2.58
1280.00 0.214043 2.58
1281.00 0.214043 2.58
1282.00 0.214043 2.58
1283.00 0.214043 2.58
1284.00 0.214043 2.58
1285.00 0.214043 2.58
1286.00 0.214043 2.58
1287.00 0.214043 2.58
1288.00 0.214043 2.58
1289.00 0.214043 2.58
1290.00 0.214043 2.58
1291.00 0.214043 2.58
1292.00 0.214043 2.58
1293.00 0.214043 2.58
1294.00 0.214043 2.58
1295.00 0.214043 2.58
1296.00 0.214043 2.58
1297.00 0.214043 2.58
1298.00 0.214043 2.58
1299.00 0.214043 2.58
1300.00 0.214043 2.58
1301.00 0.214043 2.58
1302.00 0.214043 2.58
1303.00 0.214043 2.58
1304.00 0.214043 2.58
1305.00 0.214043 2.58
1306.00 0.214043 2.58
1307.00 0.214043 2.58
1308.00 0.214043 2.58
1309.00 0.214043 2.58
1310.00 0.214043 2.58
1311.00 0.214043 2.58
1312.00 0.214043 2.58
1313.00 0.214043 2.58
1314.00 0.214043 2.58
1315.00 0.214043 2.58
1316.00 0.214043 2.58
1317.00 0.214043 2.58
1318.00 0.214043 2.58
1319.00 0.214043 2.58
1320.00 0.214043 2.58
1321.00 0.214043 2.58
1322.00 0.214043 2.58
1323.00 0.214043 2.58
1324.00 0.214043 2.58
1325.00 0.214043 2.58
1326.00 0.214043 2.58
1327.00 0.214043 2.58
1328.00 0.214043 2.58
1329.00 0.214043 2.58
1330.00 0.214043 2.58
1331.00 0.214043 2.58
1332.00 0.214043 2.58
1333.00 0.214043 2.58
1334.00 0.214043 2.58
1335.00 0.214043 2.58
1336.00 0.214043 2.58
1337.00 0.214043 2.58
1338.00 0.214043 2.58
1339.00 0.214043 2.58
1340.00 0.214043 2.58
1341.00 0.214043 2.58
1342.00 0.214043 2.58
1343.00 0.214043 2.58
1344.00 0.214043 2.58
1345.00 0.214043 2.58
1346.00 0.214043 2.58
1347.00 0.214043 2.58
1348.00 0.214043 2.58
1349.00 0.214043 2.58
1350.00 0.214043 2.58
1351.00 0.214043 2.58
1352.00 0.214043 2.58
1353.00 0.214043 2.58
1354.00 0.214043 2.58
1355.00 0.214043 2.58
1356.00 0.214043 2.58
1357.00 0.214043 2.58
1358.00 0.214043 2.58
1359.00 0.214043 2.58
1360.00 0.214043 2.58
1361.00 0.214043 2.58
1362.00 0.214043 2.58
1363.00 0.214043 2.58
1364.00 0.214043 2.58
1365.00 0.214043 2.58
1366.00 0.214043 2.58
1367.00 0.214043 2.58
1368.00 0.214043 2.58
1369.00 0.214043 2.58
1370.00 0.214043 2.58
1371.00 0.214043 2.58
1372.00 0.214043 2.58
1373.00 0.214043 2.58
1374.00 0.214043 2.58
1375.00 0.214043 2.58
1376.00 0.214043 2.58
1377.00 0.214043 2.58
1378.00 0.214043 2.58
1379.00 0.214043 2.58
1380.00 0.214043 2.58
1381.00 0.214043 2.58
1382.00 0.214043 2.58
1383.00 0.214043 2.58
1384.00 0.214043 2.58
1385.00 0.214043 2.58
1386.00 0.214043 2.58
1387.00 0.214043 2.58
1388.00 0.214043 2.58
1389.00 0.214043 2.58
1390.00 0.214043 2.58
1391.00 0.214043 2.58
1392.00 0.214043 2.58
1393.00 0.214043 2.58
1394.00 0.214043 2.58
1395.00 0.214043 2.58
1396.00 0.214043 2.58
1397.00 0.214043 2.58
1398.00 0.214043 2.58
1399.00 0.214043 2.58
1400.00 0.214043 2.58
1401.00 0.214043 2.58
1402.00 0.214043 2.58
1403.00 0.214043 2.58
1404.00 0.214043 2.58
1405.00 0.214043 2.58
1406.00 0.214043 2.58
1407.00 0.214043 2.58
1408.00 0.214043 2.58
1409.00 0.214043 2.58
1410.00 0.214043 2.58
1411.00 0.214043 2.58
1412.00 0.214043 2.58
1413.00 0.214043 2.58
1414.00 0.214043 2.58
1415.00 0.214043 2.58
1416.00 0.214043 2.58
1417.00 0.214043 2.58
1418.00 0.214043 2.58
1419.00 0.214043 2.58
1420.00 0.214043 2.58
1421.00 0.214043 2.58
1422.00 0.214043 2.58
1423.00 0.214043 2.58
1424.00 0.214043 2.58
1425.00 0.214043 2.58
1426.00 0.214043 2.58
1427.00 0.214043 2.58
1428.00 0.214043 2.58
1429.00 0.214043 2.58
1430.00 0.214043 2.58
1431.00 0.214043 2.58
1432.00 0.214043 2.58
1433.00 0.214043 2.58
1434.00 0.214043 2.58
1435.00 0.214043 2.58
1436.00 0.214043 2.58
1437.00 0.214043 2.58
1438.00 0.214043 2.58
1439.00 0.214043 2.58
1440.00 0.214043 2.58
1441.00 0.214043 2.58
1442.00 0.214043 2.58
1443.00 0.214043 2.58
1444.00 0.214043 2.58
1445.00 0.214043 2.58
1446.00 0.214043 2.58
1447.00 0.214043 2.58
1448.00 0.214043 2.58
1449.00 0.214043 2.58
1450.00 0.214043 2.58
1451.00 0.214043 2.58
1452.00 0.214043 2.58
1453.00 0.214043 2.58
1454.00 0.214043 2.58
1455.00 0.214043 2.58
1456.00 0.214043 2.58
1457.00 0.214043 2.58
1458.00 0.214043 2.58
1459.00 0.214043 2.58
1460.00 0.214043 2.58
1461.00 0.214043 2.58
1462.00 0.214043 2.58
1463.00 0.214043 2.58
1464.00 0.214043 2.58
1465.00 0.214043 2.58
1466.00 0.214043 2.58
1467.00 0.214043 2.58
1468.00 0.214043 2.58
1469.00 0.214043 2.58
1470.00 0.214043 2.58
1471.00 0.214043 2.58
1472.00 0.214043 2.58
1473.00 0.214043 2.58
1474.00 0.214043 2.58
1475.00 0.214043 2.58
1476.00 0.214043 2.58
1477.00 0.214043 2.58
1478.00 0.214043 2.58
1479.00 0.214043 2.58
1480.00 0.214043 2.58
1481.00 0.214043 2.58
1482.00 0.214043 2.58
1483.00 0.214043 2.58
1484.00 0.214043 2.58
1485.00 0.214043 2.58
1486.00 0.214043 2.58
1487.00 0.214043 2.58
1488.00 0.214043 2.58
1489.00 0.214043 2.58
1490.00 0.214043 2.58
1491.00 0.214043 2.58
1492.00 0.214043 2.58
1493.00 0.214043 2.58
1494.00 0.214043 2.58
1495.00 0.214043 2.58
1496.00 0.214043 2.58
1497.00 0.214043 2.58
1498.00 0.214043 2.58
1499.00 0.214043 2.58
1500.00 0.214043 2.58
1501.00 0.214043 2.58
1502.00 0.214043 2.58
1503.00 0.214043 2.58
1504.00 0.214043 2.58
1505.00 0.214043 2.58
1506.00 0.214043 2.58
1507.00 0.214043 2.58
1508.00 0.214043 2.58
1509.00 0.214043 2.58
1510.00 0.214043 2.58
1511.00 0.214043 2.58
1512.00 0.214043 2.58
1513.00 0.214043 2.58
1514.00 0.214043 2.58
1515.00 0.214043 2.58
1516.00 0.214043 2.58
1517.00 0.214043 2.58
1518.00 0.214043 2.58
1519.00 0.214043 2.58
1520.00 0.214043 2.58
1521.00 0.214043 2.58
1522.00 0.214043 2.58
1523.00 0.214043 2.58
1524.00 0.214043 2.58
1525.00 0.214043 2.58
1526.00 0.214043 2.58
1527.00 0.214043 2.58
1528.00 0.214043 2.58
1529.00 0.214043 2.58
1530.00 0.214043 2.58
1531.00 0.214043 2.58
1532.00 0.214043 2.58
1533.00 0.214043 2.58
1534.00 0.214043 2.58
1535.00 0.214043 2.58
1536.00 0.214043 2.58
1537.00 0.214043 2.58
1538.00 0.214043 2.58
1539.00 0.214043 2.58
1540.00 0.214043 2.58
1541.00 0.214043 2.58
1542.00 0.214043 2.58
1543.00 0.214043 2.58
1544.00 0.214043 2.58
1545.00 0.214043 2.58
1546.00 0.214043 2.58
1547.00 0.214043 2.58
1548.00 0.214043 2.58
1549.00 0.214043 2.58
1550.00 0.214043 2.58
1551.00 0.214043 2.58
1552.00 0.214043 2.58
1553.00 0.214043 2.58
1554.00 0.214043 2.58
1555.00 0.214043 2.58
1556.00 0.214043 2.58
1557.00 0.214043 2.58
1558.00 0.214043 2.58
1559.00 0.214043 2.58
1560.00 0.214043 2.58
1561.00 0.214043 2.58
1562.00 0.214043 2.58
1563.00 0.214043 2.58
1564.00 0.214043 2.58
1565.00 0.214043 2.58
1566.00 0.214043 2.58
1567.00 0.214043 2.58
1568.00 0.214043 2.58
1569.00 0.214043 2.58
1570.00 0.214043 2.58
1571.00 0.214043 2.58
1572.00 0.214043 2.58
1573.00 0.214043 2.58
1574.00 0.214043 2.58
1575.00 0.214043 2.58
1576.00 0.214043 2.58
1577.00 0.214043 2.58
1578.00 0.214043 2.58
1579.00 0.214043 2.58
1580.00 0.214043 2.58
1581.00 0.214043 2.58
1582.00 0.214043 2.58
1583.00 0.214043 2.58
1584.00 0.214043 2.58
1585.00 0.214043 2.58
1586.00 0.214043 2.58
1587.00 0.214043 2.58
1588.00 0.214043 2.58
1589.00 0.214043 2.58
1590.00 0.214043 2.58
1591.00 0.214043 2.58
1592.00 0.214043 2.58
1593.00 0.214043 2.58
1594.00 0.214043 2.58
1595.00 0.214043 2.58
1596.00 0.214043 2.58
1597.00 0.214043 2.58
1598.00 0.214043 2.58
1599.00 0.214043 2.58
1600.00 0.214043 2.58
1601.00 0.214043 2.58
1602.00 0.214043 2.58
1603.00 0.214043 2.58
1604.00 0.214043 2.58
1605.00 0.214043 2.58
1606.00 0.214043 2.58
1607.00 0.214043 2.58
1608.00 0.214043 2.58
1609.00 0.214043 2.58
1610.00 0.214043 2.58
1611.00 0.214043 2.58
1612.00 0.214043 2.58
1613.00 0.214043 2.58
1614.00 0.214043 2.58
1615.00 0.214043 2.58
1616.00 0.214043 2.58
1617.00 0.214043 2.58
1618.00 0.214043 2.58
1619.00 0.214043 2.58
1620.00 0.214043 2.58
1621.00 0.214043 2.58
1622.00 0.214043 2.58
1623.00 0.214043 2.58
1624.00 0.214043 2.58
1625.00 0.214043 2.58
1626.00 0.214043 2.58
1627.00 0.214043 2.58
1628.00 0.214043 2.58
1629.00 0.214043 2.58
1630.00 0.214043 2.58
1631.00 0.214043 2.58
1632.00 0.214043 2.58
1633.00 0.214043 2.58
1634.00 0.214043 2.58
1635.00 0.214043 2.58
1636.00 0.214043 2.58
1637.00 0.214043 2.58
1638.00 0.214043 2.58
1639.00 0.214043 2.58
1640.00 0.214043 2.58
1641.00 0.214043 2.58
1642.00 0.214043 2.58
1643.00 0.214043 2.58
1644.00 0.214043 2.58
1645.00 0.214043 2.58
1646.00 0.214043 2.58
1647.00 0.214043 2.58
1648.00 0.214043 2.58
1649.00 0.214043 2.58
1650.00 0.214043 2.58
1651.00 0.214043 2.58
1652.00 0.214043 2.58
1653.00 0.214043 2.58
1654.00 0.214043 2.58
1655.00 0.214043 2.58
1656.00 0.214043 2.58
1657.00 0.214043 2.58
1658.00 0.214043 2.58
1659.00 0.214043 2.58
1660.00 0.214043 2.58
1661.00 0.214043 2.58
1662.00 0.214043 2.58
1663.00 0.214043 2.58
1664.00 0.214043 2.58
1665.00 0.214043 2.58
1666.00 0.214043 2.58
1667.00 0.214043 2.58
1668.00 0.214043 2.58
1669.00 0.214043 2.58
1670.00 0.214043 2.58
1671.00 0.214043 2.58
1672.00 0.214043 2.58
1673.00 0.214043 2.58
1674.00 0.214043 2.58
1675.00 0.214043 2.58
1676.00 0.214043 2.58
1677.00 0.214043 2.58
1678.00 0.214043 2.58
1679.00 0.214043 2.58
1680.00 0.214043 2.58
1681.00 0.214043 2.58
1682.00 0.214043 2.58
1683.00 0.214043 2.58
1684.00 0.214043 2.58
1685.00 0.214043 2.58
1686.00 0.214043 2.58
1687.00 0.214043 2.58
1688.00 0.214043 2.58
1689.00 0.214043 2.58
1690.00 0.214043 2.58
1691.00 0.214043 2.58
1692.00 0.214043 2.58
1693.00 0.214043 2.58
1694.00 0.214043 2.58
1695.00 0.214043 2.58
1696.00 0.214043 2.58
1697.00 0.214043 2.58
1698.00 0.214043 2.58
1699.00 0.214043 2.58
1700.00 0.214043 2.58
1701.00 0.214043 2.58
1702.00 0.214043 2.58
1703.00 0.214043 2.58
1704.00 0.214043 2.58
1705.00 0.214043 2.58
1706.00 0.214043 2.58
1707.00 0.214043 2.58
1708.00 0.214043 2.58
1709.00 0.214043 2.58
1710.00 0.214043 2.58
1711.00 0.214043 2.58
1712.00 0.214043 2.58
1713.00 0.214043 2.58
1714.00 0.214043 2.58
1715.00 0.214043 2.58
1716.00 0.214043 2.58
1717.00 0.214043 2.58
1718.00 0.214043 2.58
1719.00 0.214043 2.58
1720.00 0.214043 2.58
1721.00 0.214043 2.58
1722.00 0.214043 2.58
1723.00 0.214043 2.58
1724.00 0.214043 2.58
1725.00 0.214043 2.58
1726.00 0.214043 2.58
1727.00 0.214043 2.58
1728.00 0.214043 2.58
1729.00 0.214043 2.58
1730.00 0.214043 2.58
1731.00 0.214043 2.58
1732.00 0.214043 2.58
1733.00 0.214043 2.58
1734.00 0.214043 2.58
1735.00 0.214043 2.58
1736.00 0.214043 2.58
1737.00 0.214043 2.58
1738.00 0.214043 2.58
1739.00 0.214043 2.58
1740.00 0.214043 2.58
1741.00 0.214043 2.58
1742.00 0.214043 2.58
1743.00 0.214043 2.58
1744.00 0.214043 2.58
1745.00 0.214043 2.58
1746.00 0.214043 2.58
1747.00 0.214043 2.58
1748.00 0.214043 2.58
1749.00 0.214043 2.58
1750.00 0.214043 2.58
1751.00 0.214043 2.58
1752.00 0.214043 2.58
1753.00 0.214043 2.58
1754.00 0.214043 2.58
1755.00 0.214043 2.58
1756.00 0.214043 2.58
1757.00 0.214043 2.58
1758.00 0.214043 2.58
1759.00 0.214043 2.58
1760.00 0.214043 2.58
1761.00 0.214043 2.58
1762.00 0.214043 2.58
1763.00 0.214043 2.58
1764.00 0.214043 2.58
1765.00 0.214043 2.58
1766.00 0.214043 2.58
1767.00 0.214043 2.58
1768.00 0.214043 2.58
1769.00 0.214043 2.58
1770.00 0.214043 2.58
1771.00 0.214043 2.58
1772.00 0.214043 2.58
1773.00 0.214043 2.58
1774.00 0.214043 2.58
1775.00 0.214043 2.58
1776.00 0.214043 2.58
1777.00 0.214043 2.58
1778.00 0.214043 2.58
1779.00 0.214043 2.58
1780.00 0.214043 2.58
1781.00 0.214043 2.58
1782.00 0.214043 2.58
1783.00 0.214043 2.58
1784.00 0.214043 2.58
1785.00 0.214043 2.58
1786.00 0.214043 2.58
1787.00 0.214043 2.58
1788.00 0.214043 2.58
1789.00 0.214043 2.58
1790.00 0.214043 2.58
1791.00 0.214043 2.58
1792.00 0.214043 2.58
1793.00 0.214043 2.58
1794.00 0.214043 2.58
1795.00 0.214043 2.58
1796.00 0.214043 2.58
1797.00 0.214043 2.58
1798.00 0.214043 2.58
1799.00 0.214043 2.58
1800.00 0.214043 2.58
1801.00 0.214043 2.58
1802.00 0.214043 2.58
1803.00 0.214043 2.58
1804.00 0.214043 2.58
1805.00 0.214043 2.58
1806.00 0.214043 2.58
1807.00 0.214043 2.58
1808.00 0.214043 2.58
1809.00 0.214043 2.58
1810.00 0.214043 2.58
1811.00 0.214043 2.58
1812.00 0.214043 2.58
1813.00 0.214043 2.58
1814.00 0.214043 2.58
1815.00 0.214043 2.58
1816.00 0.214043 2.58
1817.00 0.214043 2.58
1818.00 0.214043 2.58
1819.00 0.214043 2.58
1820.00 0.214043 2.58
1821.00 0.214043 2.58
1822.00 0.214043 2.58
1823.00 0.214043 2.58
1824.00 0.214043 2.58
1825.00 0.214043 2.58
1826.00 0.214043 2.58
1827.00 0.214043 2.58
1828.00 0.214043 2.58
1829.00 0.214043 2.58
1830.00 0.214043 2.58
1831.00 0.214043 2.58
1832.00 0.214043 2.58
1833.00 0.214043 2.58
1834.00 0.214043 2.58
1835.00 0.214043 2.58
1836.00 0.214043 2.58
1837.00 0.214043 2.58
1838.00 0.214043 2.58
1839.00 0.214043 2.58
1840.00 0.214043 2.58
1841.00 0.214043 2.58
1842.00 0.214043 2.58
1843.00 0.214043 2.58
1844.00 0.214043 2.58
1845.00 0.214043 2.58
1846.00 0.214043 2.58
1847.00 0.214043 2.58
1848.00 0.214043 2.58
1849.00 0.214043 2.58
1850.00 0.214043 2.58
1851.00 0.214043 2.58
1852.00 0.214043 2.58
1853.00 0.214043 2.58
1854.00 0.214043 2.58
1855.00 0.214043 2.58
1856.00 0.214043 2.58
1857.00 0.214043 2.58
1858.00 0.214043 2.58
1859.00 0.214043 2.58
1860.00 0.214043 2.58
1861.00 0.214043 2.58
1862.00 0.214043 2.58
1863.00 0.214043 2.58
1864.00 0.214043 2.58
1865.00 0.214043 2.58
1866.00 0.214043 2.58
1867.00 0.214043 2.58
1868.00 0.214043 2.58
1869.00 0.214043 2.58
1870.00 0.214043 2.58
1871.00 0.214043 2.58
1872.00 0.214043 2.58
1873.00 0.214043 2.58
1874.00 0.214043 2.58
1875.00 0.214043 2.58
1876.00 0.214043 2.58
1877.00 0.214043 2.58
1878.00 0.214043 2.58
1879.00 0.214043 2.58
1880.00 0.214043 2.58
1881.00 0.214043 2.58
1882.00 0.214043 2.58
1883.00 0.214043 2.58
1884.00 0.214043 2.58
1885.00 0.214043 2.58
1886.00 0.214043 2.58
1887.00 0.214043 2.58
1888.00 0.214043 2.58
1889.00 0.214043 2.58
1890.00 0.214043 2.58
1891.00 0.214043 2.58
1892.00 0.214043 2.58
1893.00 0.214043 2.58
1894.00 0.214043 2.58
1895.00 0.214043 2.58
1896.00 0.214043 2.58
1897.00 0.214043 2.58
1898.00 0.214043 2.58
1899.00 0.214043 2.58
1900.00 0.214043 2.58
1901.00 0.214043 2.58
1902.00 0.214043 2.58
1903.00 0.214043 2.58
1904.00 0.214043 2.58
1905.00 0.214043 2.58
1906.00 0.214043 2.58
1907.00 0.214043 2.58
1908.00 0.214043 2.58
1909.00 0.214043 2.58
1910.00 0.214043 2.58
1911.00 0.214043 2.58
1912.00 0.214043 2.58
1913.00 0.214043 2.58
1914.00 0.214043 2.58
1915.00 0.214043 2.58
1916.00 0.214043 2.58
1917.00 0.214043 2.58
1918.00 0.214043 2.58
1919.00 0.214043 2.58
1920.00 0.214043 2.58
1921.00 0.214043 2.58
1922.00 0.214043 2.58
1923.00 0.214043 2.58
1924.00 0.214043 2.58
1925.00 0.214043 2.58
1926.00 0.214043 2.58
1927.00 0.214043 2.58
1928.00 0.214043 2.58
1929.00 0.214043 2.58
1930.00 0.214043 2.58
1931.00 0.214043 2.58
1932.00 0.214043 2.58
1933.00 0.214043 2.58
1934.00 0.214043 2.58
1935.00 0.214043 2.58
1936.00 0.214043 2.58
1937.00 0.214043 2.58
1938.00 0.214043 2.58
1939.00 0.214043 2.58
1940.00 0.214043 2.58
1941.00 0.214043 2.58
1942.00 0.214043 2.58
1943.00 0.214043 2.58
1944.00 0.214043 2.58
1945.00 0.214043 2.58
1946.00 0.214043 2.58
1947.00 0.214043 2.58
1948.00 0.214043 2.58
1949.00 0.214043 2.58
1950.00 0.214043 2.58
1951.00 0.214043 2.58
1952.00 0.214043 2.58
1953.00 0.214043 2.58
1954.00 0.214043 2.58
1955.00 0.214043 2.58
1956.00 0.214043 2.58
1957.00 0.214043 2.58
1958.00 0.214043 2.58
1959.00 0.214043 2.58
1960.00 0.214043 2.58
1961.00 0.214043 2.58
1962.00 0.214043 2.58
1963.00 0.214043 2.58
1964.00 0.214043 2.58
1965.00 0.214043 2.58
1966.00 0.214043 2.58
1967.00 0.214043 2.58
1968.00 0.214043 2.58
1969.00 0.214043 2.58
1970.00 0.214043 2.58
1971.00 0.214043 2.58
1972.00 0.214043 2.58
1973.00 0.214043 2.58
1974.00 0.214043 2.58
1975.00 0.214043 2.58
1976.00 0.214043 2.58
1977.00 0.214043 2.58
1978.00 0.214043 2.58
1979.00 0.214043 2.58
1980.00 0.214043 2.58
1981.00 0.214043 2.58
1982.00 0.214043 2.58
1983.00 0.214043 2.58
1984.00 0.214043 2.58
1985.00 0.214043 2.58
1986.00 0.214043 2.58
1987.00 0.214043 2.58
1988.00 0.214043 2.58
1989.00 0.214043 2.58
1990.00 0.214043 2.58
1991.00 0.214043 2.58
1992.00 0.214043 2.58
1993.00 0.214043 2.58
1994.00 0.214043 2.58
1995.00 0.214043 2.58
1996.00 0.214043 2.58
1997.00 0.214043 2.58
1998.00 0.214043 2.58
1999.00 0.214043 2.58
2000.00 0.214043 2.58
