0.00 0.865771 7.90
1.00 0.864144 7.90
2.00 0.862512 7.90
3.00 0.860876 7.90
4.00 0.859236 7.90
5.00 0.857591 7.90
6.00 0.855941 7.90
7.00 0.854287 7.90
8.00 0.852628 7.90
9.00 0.850965 7.90
10.00 0.849297 7.90
11.00 0.847624 7.90
12.00 0.845946 7.90
13.00 0.844263 7.90
14.00 0.842575 7.90
15.00 0.840882 7.90
16.00 0.839182 7.90
17.00 0.837479 7.89
18.00 0.835773 7.89
19.00 0.834070 7.87
20.00 0.832389 7.85
21.00 0.830709 7.85
22.00 0.829027 7.85
23.00 0.827341 7.85
24.00 0.825651 7.85
25.00 0.823958 7.85
26.00 0.822260 7.85
27.00 0.820573 7.83
28.00 0.818889 7.82
29.00 0.817203 7.82
30.00 0.815516 7.80
31.00 0.813845 7.80
32.00 0.812175 7.79
33.00 0.810506 7.79
34.00 0.808833 7.79
35.00 0.807157 7.78
36.00 0.805490 7.77
37.00 0.803837 7.76
38.00 0.802184 7.76
39.00 0.800526 7.75
40.00 0.798894 7.74
41.00 0.797261 7.74
42.00 0.795625 7.74
43.00 0.793984 7.74
44.00 0.792337 7.74
45.00 0.790693 7.72
46.00 0.789055 7.71
47.00 0.787415 7.71
48.00 0.785795 7.68
49.00 0.784195 7.68
50.00 0.782591 7.67
51.00 0.780992 7.65
52.00 0.779409 7.63
53.00 0.777849 7.63
54.00 0.776286 7.62
55.00 0.774740 7.61
56.00 0.773218 7.59
57.00 0.771700 7.58
58.00 0.770186 7.57
59.00 0.768679 7.57
60.00 0.767178 7.55
61.00 0.765695 7.54
62.00 0.764222 7.52
63.00 0.762794 7.50
64.00 0.761375 7.49
65.00 0.759963 7.48
66.00 0.758555 7.48
67.00 0.757144 7.48
68.00 0.755730 7.48
69.00 0.754333 7.47
70.00 0.752952 7.45
71.00 0.751583 7.44
72.00 0.750221 7.44
73.00 0.748856 7.44
74.00 0.747490 7.43
75.00 0.746145 7.38
76.00 0.744862 7.37
77.00 0.743579 7.37
78.00 0.742294 7.37
79.00 0.741020 7.35
80.00 0.739757 7.35
81.00 0.738501 7.34
82.00 0.737260 7.34
83.00 0.736030 7.33
84.00 0.734808 7.33
85.00 0.733586 7.32
86.00 0.732380 7.32
87.00 0.731173 7.31
88.00 0.729963 7.31
89.00 0.728752 7.30
90.00 0.727549 7.29
91.00 0.726350 7.28
92.00 0.725174 7.27
93.00 0.723997 7.27
94.00 0.722833 7.23
95.00 0.721705 7.23
96.00 0.720594 7.22
97.00 0.719501 7.21
98.00 0.718410 7.21
99.00 0.717329 7.19
100.00 0.716272 7.19
101.00 0.715233 7.18
102.00 0.714197 7.17
103.00 0.713165 7.17
104.00 0.712135 7.16
105.00 0.711103 7.16
106.00 0.710074 7.15
107.00 0.709052 7.15
108.00 0.708028 7.15
109.00 0.707024 7.14
110.00 0.706025 7.13
111.00 0.705053 7.12
112.00 0.704096 7.11
113.00 0.703149 7.08
114.00 0.702239 7.08
115.00 0.701330 7.06
116.00 0.700434 7.04
117.00 0.699554 7.03
118.00 0.698682 7.02
119.00 0.697833 7.02
120.00 0.696983 7.02
121.00 0.696131 7.02
122.00 0.695280 7.01
123.00 0.694456 6.99
124.00 0.693661 6.98
125.00 0.692873 6.98
126.00 0.692084 6.98
127.00 0.691293 6.98
128.00 0.690500 6.98
129.00 0.689707 6.96
130.00 0.688927 6.94
131.00 0.688175 6.93
132.00 0.687427 6.91
133.00 0.686699 6.89
134.00 0.685975 6.87
135.00 0.685275 6.87
136.00 0.684574 6.87
137.00 0.683881 6.86
138.00 0.683209 6.85
139.00 0.682543 6.85
140.00 0.681875 6.85
141.00 0.681205 6.85
142.00 0.680555 6.84
143.00 0.679906 6.83
144.00 0.679257 6.83
145.00 0.678613 6.82
146.00 0.677970 6.82
147.00 0.677327 6.82
148.00 0.676688 6.80
149.00 0.676065 6.80
150.00 0.675464 6.79
151.00 0.674864 6.79
152.00 0.674264 6.79
153.00 0.673663 6.79
154.00 0.673060 6.79
155.00 0.672459 6.78
156.00 0.671873 6.78
157.00 0.671286 6.78
158.00 0.670706 6.77
159.00 0.670147 6.76
160.00 0.669591 6.76
161.00 0.669035 6.76
162.00 0.668478 6.76
163.00 0.667929 6.74
164.00 0.667398 6.73
165.00 0.666869 6.73
166.00 0.666339 6.74
167.00 0.665808 6.74
168.00 0.665276 6.74
169.00 0.664743 6.74
170.00 0.664221 6.72
171.00 0.663705 6.72
172.00 0.663189 6.71
173.00 0.662676 6.71
174.00 0.662161 6.71
175.00 0.661656 6.70
176.00 0.661156 6.70
177.00 0.660654 6.70
178.00 0.660152 6.70
179.00 0.659666 6.69
180.00 0.659183 6.68
181.00 0.658710 6.67
182.00 0.658238 6.67
183.00 0.657769 6.66
184.00 0.657302 6.66
185.00 0.656851 6.65
186.00 0.656411 6.64
187.00 0.655981 6.64
188.00 0.655552 6.64
189.00 0.655127 6.62
190.00 0.654711 6.61
191.00 0.654298 6.61
192.00 0.653884 6.61
193.00 0.653472 6.61
194.00 0.653060 6.61
195.00 0.652648 6.61
196.00 0.652236 6.61
197.00 0.651823 6.61
198.00 0.651411 6.61
199.00 0.650999 6.61
200.00 0.650586 6.61
201.00 0.650173 6.60
202.00 0.649773 6.59
203.00 0.649373 6.58
204.00 0.648980 6.56
205.00 0.648601 6.56
206.00 0.648224 6.55
207.00 0.647850 6.55
208.00 0.647477 6.55
209.00 0.647104 6.55
210.00 0.646742 6.54
211.00 0.646385 6.54
212.00 0.646028 6.54
213.00 0.645671 6.54
214.00 0.645315 6.54
215.00 0.644960 6.53
216.00 0.644606 6.53
217.00 0.644251 6.53
218.00 0.643897 6.53
219.00 0.643543 6.53
220.00 0.643188 6.53
221.00 0.642833 6.53
222.00 0.642486 6.52
223.00 0.642145 6.52
224.00 0.641815 6.50
225.00 0.641490 6.50
226.00 0.641174 6.49
227.00 0.640865 6.49
228.00 0.640556 6.49
229.00 0.640249 6.49
230.00 0.639942 6.49
231.00 0.639635 6.49
232.00 0.639330 6.49
233.00 0.639024 6.49
234.00 0.638719 6.49
235.00 0.638414 6.49
236.00 0.638109 6.49
237.00 0.637804 6.49
238.00 0.637499 6.49
239.00 0.637194 6.49
240.00 0.636889 6.49
241.00 0.636584 6.49
242.00 0.636278 6.49
243.00 0.635972 6.49
244.00 0.635665 6.49
245.00 0.635358 6.49
246.00 0.635051 6.49
247.00 0.634742 6.49
248.00 0.634440 6.48
249.00 0.634139 6.48
250.00 0.633839 6.48
251.00 0.633538 6.48
252.00 0.633240 6.47
253.00 0.632947 6.47
254.00 0.632654 6.47
255.00 0.632361 6.47
256.00 0.632069 6.46
257.00 0.631778 6.46
258.00 0.631488 6.46
259.00 0.631196 6.46
260.00 0.630907 6.45
261.00 0.630617 6.45
262.00 0.630327 6.45
263.00 0.630038 6.44
264.00 0.629765 6.43
265.00 0.629493 6.43
266.00 0.629221 6.43
267.00 0.628950 6.43
268.00 0.628680 6.43
269.00 0.628409 6.43
270.00 0.628139 6.42
271.00 0.627871 6.42
272.00 0.627602 6.42
273.00 0.627334 6.42
274.00 0.627065 6.42
275.00 0.626796 6.42
276.00 0.626527 6.42
277.00 0.626258 6.42
278.00 0.625989 6.42
279.00 0.625731 6.41
280.00 0.625477 6.40
281.00 0.625230 6.40
282.00 0.624983 6.40
283.00 0.624737 6.40
284.00 0.624492 6.40
285.00 0.624247 6.40
286.00 0.624004 6.39
287.00 0.623762 6.39
288.00 0.623519 6.39
289.00 0.623277 6.39
290.00 0.623036 6.39
291.00 0.622794 6.39
292.00 0.622552 6.39
293.00 0.622316 6.38
294.00 0.622085 6.38
295.00 0.621856 6.37
296.00 0.621635 6.37
297.00 0.621418 6.36
298.00 0.621202 6.36
299.00 0.620987 6.36
300.00 0.620773 6.36
301.00 0.620559 6.36
302.00 0.620346 6.36
303.00 0.620133 6.36
304.00 0.619921 6.36
305.00 0.619712 6.33
306.00 0.619508 6.32
307.00 0.619310 6.32
308.00 0.619113 6.32
309.00 0.618916 6.32
310.00 0.618721 6.32
311.00 0.618527 6.32
312.00 0.618333 6.32
313.00 0.618139 6.32
314.00 0.617947 6.32
315.00 0.617755 6.32
316.00 0.617563 6.32
317.00 0.617372 6.32
318.00 0.617181 6.32
319.00 0.616991 6.32
320.00 0.616803 6.31
321.00 0.616618 6.31
322.00 0.616432 6.31
323.00 0.616248 6.31
324.00 0.616064 6.31
325.00 0.615880 6.31
326.00 0.615697 6.31
327.00 0.615514 6.31
328.00 0.615332 6.31
329.00 0.615150 6.31
330.00 0.614968 6.31
331.00 0.614787 6.30
332.00 0.614606 6.30
333.00 0.614425 6.30
334.00 0.614245 6.30
335.00 0.614065 6.30
336.00 0.613886 6.29
337.00 0.613707 6.29
338.00 0.613528 6.29
339.00 0.613350 6.29
340.00 0.613173 6.28
341.00 0.612996 6.28
342.00 0.612819 6.28
343.00 0.612642 6.28
344.00 0.612466 6.28
345.00 0.612289 6.28
346.00 0.612113 6.28
347.00 0.611936 6.28
348.00 0.611760 6.28
349.00 0.611587 6.27
350.00 0.611420 6.27
351.00 0.611254 6.26
352.00 0.611089 6.26
353.00 0.610933 6.25
354.00 0.610780 6.25
355.00 0.610627 6.25
356.00 0.610474 6.25
357.00 0.610324 6.24
358.00 0.610177 6.24
359.00 0.610031 6.24
360.00 0.609885 6.24
361.00 0.609741 6.24
362.00 0.609597 6.24
363.00 0.609453 6.24
364.00 0.609310 6.24
365.00 0.609168 6.24
366.00 0.609026 6.24
367.00 0.608884 6.24
368.00 0.608744 6.23
369.00 0.608604 6.23
370.00 0.608465 6.23
371.00 0.608326 6.23
372.00 0.608188 6.23
373.00 0.608050 6.23
374.00 0.607912 6.23
375.00 0.607775 6.23
376.00 0.607637 6.23
377.00 0.607501 6.23
378.00 0.607364 6.23
379.00 0.607228 6.23
380.00 0.607095 6.22
381.00 0.606965 6.22
382.00 0.606836 6.22
383.00 0.606707 6.22
384.00 0.606579 6.22
385.00 0.606451 6.22
386.00 0.606324 6.22
387.00 0.606197 6.22
388.00 0.606070 6.22
389.00 0.605944 6.22
390.00 0.605818 6.22
391.00 0.605692 6.22
392.00 0.605567 6.22
393.00 0.605442 6.22
394.00 0.605317 6.22
395.00 0.605192 6.22
396.00 0.605068 6.22
397.00 0.604943 6.22
398.00 0.604819 6.22
399.00 0.604695 6.22
400.00 0.604571 6.22
401.00 0.604448 6.22
402.00 0.604324 6.22
403.00 0.604201 6.22
404.00 0.604077 6.22
405.00 0.603954 6.22
406.00 0.603831 6.22
407.00 0.603709 6.21
408.00 0.603587 6.21
409.00 0.603466 6.21
410.00 0.603345 6.20
411.00 0.603231 6.20
412.00 0.603116 6.20
413.00 0.603003 6.19
414.00 0.602894 6.19
415.00 0.602786 6.19
416.00 0.602679 6.19
417.00 0.602572 6.19
418.00 0.602465 6.19
419.00 0.602359 6.19
420.00 0.602254 6.19
421.00 0.602149 6.19
422.00 0.602044 6.19
423.00 0.601939 6.19
424.00 0.601837 6.18
425.00 0.601735 6.18
426.00 0.601634 6.18
427.00 0.601533 6.18
428.00 0.601433 6.18
429.00 0.601333 6.18
430.00 0.601233 6.18
431.00 0.601137 6.17
432.00 0.601043 6.17
433.00 0.600950 6.17
434.00 0.600857 6.17
435.00 0.600765 6.17
436.00 0.600673 6.17
437.00 0.600582 6.17
438.00 0.600491 6.17
439.00 0.600401 6.16
440.00 0.600314 6.15
441.00 0.600231 6.15
442.00 0.600149 6.15
443.00 0.600068 6.15
444.00 0.599987 6.15
445.00 0.599907 6.15
446.00 0.599827 6.15
447.00 0.599748 6.15
448.00 0.599669 6.15
449.00 0.599591 6.15
450.00 0.599514 6.15
451.00 0.599436 6.15
452.00 0.599360 6.15
453.00 0.599283 6.15
454.00 0.599208 6.15
455.00 0.599132 6.15
456.00 0.599057 6.15
457.00 0.598982 6.15
458.00 0.598908 6.15
459.00 0.598836 6.14
460.00 0.598766 6.14
461.00 0.598697 6.14
462.00 0.598628 6.14
463.00 0.598559 6.14
464.00 0.598491 6.14
465.00 0.598424 6.14
466.00 0.598357 6.14
467.00 0.598290 6.14
468.00 0.598224 6.14
469.00 0.598159 6.14
470.00 0.598093 6.14
471.00 0.598029 6.14
472.00 0.597964 6.14
473.00 0.597900 6.14
474.00 0.597837 6.14
475.00 0.597773 6.14
476.00 0.597711 6.14
477.00 0.597648 6.14
478.00 0.597586 6.14
479.00 0.597524 6.14
480.00 0.597463 6.14
481.00 0.597402 6.14
482.00 0.597346 6.13
483.00 0.597291 6.13
484.00 0.597237 6.13
485.00 0.597184 6.13
486.00 0.597131 6.13
487.00 0.597079 6.13
488.00 0.597027 6.13
489.00 0.596976 6.13
490.00 0.596925 6.13
491.00 0.596875 6.13
492.00 0.596825 6.13
493.00 0.596775 6.13
494.00 0.596726 6.13
495.00 0.596679 6.12
496.00 0.596631 6.12
497.00 0.596584 6.12
498.00 0.596538 6.12
499.00 0.596492 6.12
500.00 0.596447 6.12
501.00 0.596401 6.12
502.00 0.596357 6.12
503.00 0.596312 6.12
504.00 0.596268 6.12
505.00 0.596225 6.12
506.00 0.596181 6.12
507.00 0.596138 6.12
508.00 0.596096 6.12
509.00 0.596053 6.12
510.00 0.596011 6.12
511.00 0.595970 6.11
512.00 0.595929 6.11
513.00 0.595889 6.11
514.00 0.595848 6.11
515.00 0.595809 6.11
516.00 0.595769 6.11
517.00 0.595730 6.11
518.00 0.595691 6.11
519.00 0.595652 6.11
520.00 0.595614 6.11
521.00 0.595576 6.11
522.00 0.595538 6.11
523.00 0.595501 6.11
524.00 0.595464 6.11
525.00 0.595427 6.11
526.00 0.595390 6.11
527.00 0.595354 6.11
528.00 0.595318 6.11
529.00 0.595282 6.11
530.00 0.595247 6.11
531.00 0.595212 6.11
532.00 0.595177 6.11
533.00 0.595142 6.11
534.00 0.595108 6.11
535.00 0.595073 6.11
536.00 0.595040 6.11
537.00 0.595006 6.11
538.00 0.594972 6.11
539.00 0.594939 6.11
540.00 0.594906 6.11
541.00 0.594873 6.11
542.00 0.594841 6.11
543.00 0.594808 6.11
544.00 0.594776 6.11
545.00 0.594744 6.11
546.00 0.594713 6.11
547.00 0.594681 6.11
548.00 0.594650 6.11
549.00 0.594619 6.11
550.00 0.594588 6.11
551.00 0.594557 6.11
552.00 0.594527 6.11
553.00 0.594497 6.11
554.00 0.594467 6.11
555.00 0.594437 6.11
556.00 0.594407 6.11
557.00 0.594378 6.11
558.00 0.594348 6.11
559.00 0.594319 6.11
560.00 0.594290 6.11
561.00 0.594261 6.11
562.00 0.594233 6.11
563.00 0.594204 6.11
564.00 0.594176 6.11
565.00 0.594148 6.11
566.00 0.594120 6.11
567.00 0.594092 6.11
568.00 0.594065 6.11
569.00 0.594037 6.11
570.00 0.594010 6.11
571.00 0.593983 6.11
572.00 0.593956 6.11
573.00 0.593929 6.11
574.00 0.593903 6.11
575.00 0.593876 6.11
576.00 0.593850 6.11
577.00 0.593824 6.11
578.00 0.593798 6.11
579.00 0.593772 6.11
580.00 0.593746 6.11
581.00 0.593721 6.11
582.00 0.593695 6.11
583.00 0.593670 6.11
584.00 0.593645 6.11
585.00 0.593620 6.11
586.00 0.593595 6.11
587.00 0.593570 6.11
588.00 0.593545 6.11
589.00 0.593521 6.11
590.00 0.593496 6.11
591.00 0.593472 6.11
592.00 0.593448 6.11
593.00 0.593424 6.11
594.00 0.593400 6.11
595.00 0.593376 6.11
596.00 0.593353 6.11
597.00 0.593329 6.11
598.00 0.593306 6.11
599.00 0.593282 6.11
600.00 0.593259 6.11
601.00 0.593236 6.11
602.00 0.593213 6.11
603.00 0.593191 6.10
604.00 0.593169 6.10
605.00 0.593147 6.10
606.00 0.593125 6.10
607.00 0.593104 6.10
608.00 0.593082 6.10
609.00 0.593061 6.10
610.00 0.593040 6.10
611.00 0.593019 6.10
612.00 0.592998 6.10
613.00 0.592977 6.10
614.00 0.592957 6.10
615.00 0.592936 6.10
616.00 0.592916 6.10
617.00 0.592896 6.10
618.00 0.592876 6.10
619.00 0.592856 6.10
620.00 0.592836 6.10
621.00 0.592816 6.10
622.00 0.592797 6.10
623.00 0.592777 6.10
624.00 0.592758 6.10
625.00 0.592739 6.10
626.00 0.592719 6.10
627.00 0.592701 6.10
628.00 0.592682 6.10
629.00 0.592663 6.10
630.00 0.592644 6.10
631.00 0.592626 6.10
632.00 0.592607 6.10
633.00 0.592589 6.10
634.00 0.592571 6.10
635.00 0.592552 6.10
636.00 0.592534 6.10
637.00 0.592517 6.10
638.00 0.592499 6.10
639.00 0.592481 6.10
640.00 0.592463 6.10
641.00 0.592446 6.10
642.00 0.592428 6.10
643.00 0.592411 6.10
644.00 0.592394 6.10
645.00 0.592377 6.10
646.00 0.592359 6.10
647.00 0.592342 6.10
648.00 0.592326 6.10
649.00 0.592309 6.10
650.00 0.592292 6.10
651.00 0.592275 6.10
652.00 0.592259 6.10
653.00 0.592242 6.09
654.00 0.592226 6.09
655.00 0.592210 6.09
656.00 0.592194 6.09
657.00 0.592178 6.09
658.00 0.592162 6.09
659.00 0.592146 6.09
660.00 0.592130 6.09
661.00 0.592115 6.09
662.00 0.592099 6.09
663.00 0.592084 6.09
664.00 0.592068 6.09
665.00 0.592053 6.09
666.00 0.592038 6.09
667.00 0.592023 6.09
668.00 0.592008 6.09
669.00 0.591993 6.09
670.00 0.591978 6.09
671.00 0.591963 6.09
672.00 0.591948 6.09
673.00 0.591933 6.09
674.00 0.591919 6.09
675.00 0.591904 6.09
676.00 0.591890 6.09
677.00 0.591875 6.09
678.00 0.591861 6.09
679.00 0.591846 6.09
680.00 0.591832 6.09
681.00 0.591818 6.09
682.00 0.591804 6.09
683.00 0.591790 6.09
684.00 0.591776 6.09
685.00 0.591762 6.09
686.00 0.591748 6.09
687.00 0.591734 6.09
688.00 0.591721 6.09
689.00 0.591707 6.09
690.00 0.591694 6.09
691.00 0.591680 6.09
692.00 0.591667 6.09
693.00 0.591653 6.09
694.00 0.591640 6.09
695.00 0.591627 6.09
696.00 0.591613 6.09
697.00 0.591600 6.09
698.00 0.591587 6.09
699.00 0.591574 6.09
700.00 0.591561 6.09
701.00 0.591548 6.09
702.00 0.591535 6.08
703.00 0.591523 6.08
704.00 0.591511 6.08
705.00 0.591499 6.08
706.00 0.591487 6.08
707.00 0.591475 6.08
708.00 0.591463 6.08
709.00 0.591451 6.08
710.00 0.591439 6.08
711.00 0.591428 6.08
712.00 0.591416 6.08
713.00 0.591405 6.08
714.00 0.591393 6.08
715.00 0.591382 6.08
716.00 0.591370 6.08
717.00 0.591359 6.08
718.00 0.591348 6.08
719.00 0.591337 6.08
720.00 0.591326 6.08
721.00 0.591315 6.08
722.00 0.591304 6.08
723.00 0.591293 6.08
724.00 0.591282 6.08
725.00 0.591272 6.08
726.00 0.591261 6.08
727.00 0.591250 6.08
728.00 0.591240 6.08
729.00 0.591229 6.08
730.00 0.591219 6.08
731.00 0.591208 6.08
732.00 0.591198 6.08
733.00 0.591188 6.08
734.00 0.591177 6.08
735.00 0.591167 6.08
736.00 0.591157 6.08
737.00 0.591147 6.08
738.00 0.591137 6.08
739.00 0.591127 6.08
740.00 0.591117 6.08
741.00 0.591107 6.08
742.00 0.591097 6.08
743.00 0.591087 6.08
744.00 0.591077 6.08
745.00 0.591068 6.08
746.00 0.591058 6.08
747.00 0.591049 6.07
748.00 0.591039 6.07
749.00 0.591031 6.06
750.00 0.591022 6.06
751.00 0.591014 6.06
752.00 0.591006 6.06
753.00 0.590999 6.06
754.00 0.590991 6.06
755.00 0.590983 6.06
756.00 0.590975 6.05
757.00 0.590968 6.05
758.00 0.590962 6.05
759.00 0.590955 6.05
760.00 0.590948 6.05
761.00 0.590941 6.05
762.00 0.590935 6.05
763.00 0.590928 6.05
764.00 0.590922 6.05
765.00 0.590915 6.05
766.00 0.590909 6.05
767.00 0.590903 6.05
768.00 0.590897 6.05
769.00 0.590890 6.05
770.00 0.590884 6.05
771.00 0.590878 6.05
772.00 0.590872 6.05
773.00 0.590866 6.05
774.00 0.590860 6.05
775.00 0.590854 6.05
776.00 0.590848 6.05
777.00 0.590843 6.05
778.00 0.590837 6.05
779.00 0.590831 6.05
780.00 0.590826 6.05
781.00 0.590820 6.05
782.00 0.590814 6.05
783.00 0.590809 6.05
784.00 0.590803 6.05
785.00 0.590798 6.05
786.00 0.590793 6.05
787.00 0.590787 6.05
788.00 0.590782 6.05
789.00 0.590777 6.05
790.00 0.590771 6.05
791.00 0.590766 6.05
792.00 0.590761 6.05
793.00 0.590756 6.05
794.00 0.590751 6.05
795.00 0.590746 6.05
796.00 0.590741 6.05
797.00 0.590736 6.05
798.00 0.590731 6.05
799.00 0.590726 6.05
800.00 0.590721 6.05
801.00 0.590717 6.05
802.00 0.590712 6.05
803.00 0.590707 6.05
804.00 0.590702 6.05
805.00 0.590698 6.05
806.00 0.590693 6.05
807.00 0.590688 6.05
808.00 0.590684 6.05
809.00 0.590679 6.05
810.00 0.590675 6.05
811.00 0.590670 6.05
812.00 0.590666 6.05
813.00 0.590662 6.05
814.00 0.590657 6.05
815.00 0.590653 6.05
816.00 0.590649 6.05
817.00 0.590644 6.05
818.00 0.590640 6.05
819.00 0.590636 6.05
820.00 0.590632 6.05
821.00 0.590627 6.05
822.00 0.590623 6.05
823.00 0.590619 6.05
824.00 0.590615 6.05
825.00 0.590611 6.05
826.00 0.590607 6.05
827.00 0.590603 6.05
828.00 0.590599 6.05
829.00 0.590595 6.05
830.00 0.590591 6.05
831.00 0.590587 6.05
832.00 0.590583 6.05
833.00 0.590580 6.05
834.00 0.590576 6.05
835.00 0.590572 6.05
836.00 0.590568 6.05
837.00 0.590565 6.05
838.00 0.590561 6.05
839.00 0.590557 6.05
840.00 0.590554 6.05
841.00 0.590550 6.05
842.00 0.590546 6.05
843.00 0.590543 6.05
844.00 0.590539 6.05
845.00 0.590536 6.05
846.00 0.590532 6.05
847.00 0.590529 6.05
848.00 0.590525 6.05
849.00 0.590522 6.05
850.00 0.590518 6.05
851.00 0.590515 6.05
852.00 0.590512 6.05
853.00 0.590508 6.05
854.00 0.590505 6.05
855.00 0.590502 6.05
856.00 0.590498 6.05
857.00 0.590495 6.05
858.00 0.590492 6.05
859.00 0.590489 6.05
860.00 0.590485 6.05
861.00 0.590482 6.05
862.00 0.590479 6.05
863.00 0.590476 6.05
864.00 0.590473 6.05
865.00 0.590470 6.05
866.00 0.590467 6.05
867.00 0.590464 6.05
868.00 0.590461 6.05
869.00 0.590458 6.05
870.00 0.590455 6.05
871.00 0.590452 6.05
872.00 0.590449 6.05
873.00 0.590446 6.05
874.00 0.590443 6.05
875.00 0.590440 6.05
876.00 0.590437 6.05
877.00 0.590434 6.05
878.00 0.590431 6.05
879.00 0.590429 6.05
880.00 0.590426 6.05
881.00 0.590423 6.05
882.00 0.590420 6.05
883.00 0.590418 6.05
884.00 0.590415 6.05
885.00 0.590412 6.05
886.00 0.590409 6.05
887.00 0.590407 6.05
888.00 0.590404 6.05
889.00 0.590401 6.05
890.00 0.590399 6.05
891.00 0.590396 6.05
892.00 0.590394 6.05
893.00 0.590391 6.05
894.00 0.590388 6.05
895.00 0.590386 6.05
896.00 0.590383 6.05
897.00 0.590381 6.05
898.00 0.590378 6.05
899.00 0.590376 6.05
900.00 0.590373 6.05
901.00 0.590371 6.05
902.00 0.590369 6.05
903.00 0.590366 6.05
904.00 0.590364 6.05
905.00 0.590361 6.05
906.00 0.590359 6.05
907.00 0.590357 6.05
908.00 0.590354 6.05
909.00 0.590352 6.05
910.00 0.590350 6.05
911.00 0.590347 6.05
912.00 0.590345 6.05
913.00 0.590343 6.05
914.00 0.590341 6.05
915.00 0.590338 6.05
916.00 0.590336 6.05
917.00 0.590334 6.05
918.00 0.590332 6.05
919.00 0.590329 6.05
920.00 0.590327 6.05
921.00 0.590325 6.05
922.00 0.590323 6.05
923.00 0.590321 6.05
924.00 0.590319 6.05
925.00 0.590317 6.05
926.00 0.590315 6.05
927.00 0.590312 6.05
928.00 0.590310 6.05
929.00 0.590308 6.05
930.00 0.590306 6.05
931.00 0.590304 6.05
932.00 0.590302 6.05
933.00 0.590300 6.05
934.00 0.590298 6.05
935.00 0.590296 6.05
936.00 0.590294 6.05
937.00 0.590292 6.05
938.00 0.590290 6.05
939.00 0.590288 6.05
940.00 0.590287 6.05
941.00 0.590285 6.05
942.00 0.590283 6.05
943.00 0.590281 6.05
944.00 0.590279 6.05
945.00 0.590277 6.05
946.00 0.590275 6.05
947.00 0.590273 6.05
948.00 0.590272 6.05
949.00 0.590270 6.05
950.00 0.590268 6.05
951.00 0.590266 6.05
952.00 0.590264 6.05
953.00 0.590263 6.05
954.00 0.590261 6.05
955.00 0.590259 6.05
956.00 0.590257 6.05
957.00 0.590256 6.05
958.00 0.590254 6.05
959.00 0.590252 6.05
960.00 0.590251 6.05
961.00 0.590249 6.05
962.00 0.590247 6.05
963.00 0.590246 6.05
964.00 0.590244 6.05
965.00 0.590242 6.05
966.00 0.590241 6.05
967.00 0.590239 6.05
968.00 0.590237 6.05
969.00 0.590236 6.05
970.00 0.590234 6.05
971.00 0.590233 6.05
972.00 0.590231 6.05
973.00 0.590229 6.05
974.00 0.590228 6.05
975.00 0.590226 6.05
976.00 0.590225 6.05
977.00 0.590223 6.05
978.00 0.590222 6.05
979.00 0.590220 6.05
980.00 0.590219 6.05
981.00 0.590217 6.05
982.00 0.590216 6.05
983.00 0.590214 6.05
984.00 0.590213 6.05
985.00 0.590211 6.05
986.00 0.590210 6.05
987.00 0.590208 6.05
988.00 0.590207 6.05
989.00 0.590206 6.05
990.00 0.590204 6.05
991.00 0.590203 6.05
992.00 0.590201 6.05
993.00 0.590200 6.05
994.00 0.590199 6.05
995.00 0.590197 6.05
996.00 0.590196 6.05
997.00 0.590194 6.05
998.00 0.590193 6.05
999.00 0.590192 6.05
1000.00 0.590190 6.05
1001.00 0.590189 6.05
1002.00 0.590188 6.05
1003.00 0.590187 6.05
1004.00 0.590185 6.05
1005.00 0.590184 6.05
1006.00 0.590183 6.05
1007.00 0.590181 6.05
1008.00 0.590180 6.05
1009.00 0.590179 6.05
1010.00 0.590178 6.05
1011.00 0.590176 6.05
1012.00 0.590175 6.05
1013.00 0.590174 6.05
1014.00 0.590173 6.05
1015.00 0.590171 6.05
1016.00 0.590170 6.05
1017.00 0.590169 6.05
1018.00 0.590168 6.05
1019.00 0.590167 6.05
1020.00 0.590165 6.05
1021.00 0.590164 6.05
1022.00 0.590163 6.05
1023.00 0.590162 6.05
1024.00 0.590161 6.05
1025.00 0.590160 6.05
1026.00 0.590158 6.05
1027.00 0.590157 6.05
1028.00 0.590156 6.05
1029.00 0.590155 6.05
1030.00 0.590154 6.05
1031.00 0.590153 6.05
1032.00 0.590152 6.05
1033.00 0.590151 6.05
1034.00 0.590150 6.05
1035.00 0.590148 6.05
1036.00 0.590147 6.05
1037.00 0.590146 6.05
1038.00 0.590145 6.05
1039.00 0.590144 6.05
1040.00 0.590143 6.05
1041.00 0.590142 6.05
1042.00 0.590141 6.05
1043.00 0.590140 6.05
1044.00 0.590139 6.05
1045.00 0.590138 6.05
1046.00 0.590137 6.05
1047.00 0.590136 6.05
1048.00 0.590135 6.05
1049.00 0.590134 6.05
1050.00 0.590133 6.05
1051.00 0.590132 6.05
1052.00 0.590131 6.05
1053.00 0.590130 6.05
1054.00 0.590129 6.05
1055.00 0.590128 6.05
1056.00 0.590127 6.05
1057.00 0.590126 6.05
1058.00 0.590125 6.05
1059.00 0.590124 6.05
1060.00 0.590123 6.05
1061.00 0.590122 6.05
1062.00 0.590122 6.05
1063.00 0.590121 6.05
1064.00 0.590120 6.05
1065.00 0.590119 6.05
1066.00 0.590118 6.05
1067.00 0.590117 6.05
1068.00 0.590116 6.05
1069.00 0.590115 6.05
1070.00 0.590114 6.05
1071.00 0.590113 6.05
1072.00 0.590113 6.05
1073.00 0.590112 6.05
1074.00 0.590111 6.05
1075.00 0.590110 6.05
1076.00 0.590109 6.05
1077.00 0.590108 6.05
1078.00 0.590108 6.05
1079.00 0.590107 6.05
1080.00 0.590106 6.05
1081.00 0.590105 6.05
1082.00 0.590104 6.05
1083.00 0.590103 6.05
1084.00 0.590103 6.05
1085.00 0.590102 6.05
1086.00 0.590101 6.05
1087.00 0.590100 6.05
1088.00 0.590099 6.05
1089.00 0.590099 6.05
1090.00 0.590098 6.05
1091.00 0.590097 6.05
1092.00 0.590096 6.05
1093.00 0.590095 6.05
1094.00 0.590095 6.05
1095.00 0.590094 6.05
1096.00 0.590093 6.05
1097.00 0.590092 6.05
1098.00 0.590092 6.05
1099.00 0.590091 6.05
1100.00 0.590090 6.05
1101.00 0.590089 6.05
1102.00 0.590089 6.05
1103.00 0.590088 6.05
1104.00 0.590087 6.05
1105.00 0.590087 6.05
1106.00 0.590086 6.05
1107.00 0.590085 6.05
1108.00 0.590084 6.05
1109.00 0.590084 6.05
1110.00 0.590083 6.05
1111.00 0.590082 6.05
1112.00 0.590082 6.05
1113.00 0.590081 6.05
1114.00 0.590080 6.05
1115.00 0.590080 6.05
1116.00 0.590079 6.05
1117.00 0.590078 6.05
1118.00 0.590078 6.05
1119.00 0.590077 6.05
1120.00 0.590076 6.05
1121.00 0.590076 6.05
1122.00 0.590075 6.05
1123.00 0.590074 6.05
1124.00 0.590074 6.05
1125.00 0.590073 6.05
1126.00 0.590072 6.05
1127.00 0.590072 6.05
1128.00 0.590071 6.05
1129.00 0.590070 6.05
1130.00 0.590070 6.05
1131.00 0.590069 6.05
1132.00 0.590069 6.05
1133.00 0.590068 6.05
1134.00 0.590067 6.05
1135.00 0.590067 6.05
1136.00 0.590066 6.05
1137.00 0.590066 6.05
1138.00 0.590065 6.05
1139.00 0.590064 6.05
1140.00 0.590064 6.05
1141.00 0.590063 6.05
1142.00 0.590063 6.05
1143.00 0.590062 6.05
1144.00 0.590062 6.05
1145.00 0.590061 6.05
1146.00 0.590060 6.05
1147.00 0.590060 6.05
1148.00 0.590059 6.05
1149.00 0.590059 6.05
1150.00 0.590058 6.05
1151.00 0.590058 6.05
1152.00 0.590057 6.05
1153.00 0.590056 6.05
1154.00 0.590056 6.05
1155.00 0.590055 6.05
1156.00 0.590055 6.05
1157.00 0.590054 6.05
1158.00 0.590054 6.05
1159.00 0.590053 6.05
1160.00 0.590053 6.05
1161.00 0.590052 6.05
1162.00 0.590052 6.05
1163.00 0.590051 6.05
1164.00 0.590051 6.05
1165.00 0.590050 6.05
1166.00 0.590050 6.05
1167.00 0.590049 6.05
1168.00 0.590049 6.05
1169.00 0.590048 6.05
1170.00 0.590048 6.05
1171.00 0.590047 6.05
1172.00 0.590047 6.05
1173.00 0.590046 6.05
1174.00 0.590046 6.05
1175.00 0.590045 6.05
1176.00 0.590045 6.05
1177.00 0.590044 6.05
1178.00 0.590044 6.05
1179.00 0.590043 6.05
1180.00 0.590043 6.05
1181.00 0.590042 6.05
1182.00 0.590042 6.05
1183.00 0.590042 6.05
1184.00 0.590041 6.05
1185.00 0.590041 6.05
1186.00 0.590040 6.05
1187.00 0.590040 6.05
1188.00 0.590039 6.05
1189.00 0.590039 6.05
1190.00 0.590038 6.05
1191.00 0.590038 6.05
1192.00 0.590037 6.05
1193.00 0.590037 6.05
1194.00 0.590037 6.05
1195.00 0.590036 6.05
1196.00 0.590036 6.05
1197.00 0.590035 6.05
1198.00 0.590035 6.05
1199.00 0.590034 6.05
1200.00 0.590034 6.05
1201.00 0.590034 6.05
1202.00 0.590033 6.05
1203.00 0.590033 6.05
1204.00 0.590032 6.05
1205.00 0.590032 6.05
1206.00 0.590032 6.05
1207.00 0.590031 6.05
1208.00 0.590031 6.05
1209.00 0.590030 6.05
1210.00 0.590030 6.05
1211.00 0.590030 6.05
1212.00 0.590029 6.05
1213.00 0.590029 6.05
1214.00 0.590028 6.05
1215.00 0.590028 6.05
1216.00 0.590028 6.05
1217.00 0.590027 6.05
1218.00 0.590027 6.05
1219.00 0.590027 6.05
1220.00 0.590026 6.05
1221.00 0.590026 6.05
1222.00 0.590025 6.05
1223.00 0.590025 6.05
1224.00 0.590025 6.05
1225.00 0.590024 6.05
1226.00 0.590024 6.05
1227.00 0.590024 6.05
1228.00 0.590023 6.05
1229.00 0.590023 6.05
1230.00 0.590023 6.05
1231.00 0.590022 6.05
1232.00 0.590022 6.05
1233.00 0.590022 6.05
1234.00 0.590021 6.05
1235.00 0.590021 6.05
1236.00 0.590021 6.05
1237.00 0.590020 6.05
1238.00 0.590020 6.05
1239.00 0.590020 6.05
1240.00 0.590019 6.05
1241.00 0.590019 6.05
1242.00 0.590019 6.05
1243.00 0.590018 6.05
1244.00 0.590018 6.05
1245.00 0.590018 6.05
1246.00 0.590017 6.05
1247.00 0.590017 6.05
1248.00 0.590017 6.05
1249.00 0.590016 6.05
1250.00 0.590016 6.05
1251.00 0.590016 6.05
1252.00 0.590015 6.05
1253.00 0.590015 6.05
1254.00 0.590015 6.05
1255.00 0.590014 6.05
1256.00 0.590014 6.05
1257.00 0.590014 6.05
1258.00 0.590014 6.05
1259.00 0.590013 6.05
1260.00 0.590013 6.05
1261.00 0.590013 6.05
1262.00 0.590012 6.05
1263.00 0.590012 6.05
1264.00 0.590012 6.05
1265.00 0.590011 6.05
1266.00 0.590011 6.05
1267.00 0.590011 6.05
1268.00 0.590011 6.05
1269.00 0.590010 6.05
1270.00 0.590010 6.05
1271.00 0.590010 6.05
1272.00 0.590009 6.05
1273.00 0.590009 6.05
1274.00 0.590009 6.05
1275.00 0.590009 6.05
1276.00 0.590008 6.05
1277.00 0.590008 6.05
1278.00 0.590008 6.05
1279.00 0.590008 6.05
1280.00 0.590007 6.05
1281.00 0.590007 6.05
1282.00 0.590007 6.05
1283.00 0.590007 6.05
1284.00 0.590006 6.05
1285.00 0.590006 6.05
1286.00 0.590006 6.05
1287.00 0.590006 6.05
1288.00 0.590005 6.05
1289.00 0.590005 6.05
1290.00 0.590005 6.05
1291.00 0.590005 6.05
1292.00 0.590004 6.05
1293.00 0.590004 6.05
1294.00 0.590004 6.05
1295.00 0.590004 6.05
1296.00 0.590003 6.05
1297.00 0.590003 6.05
1298.00 0.590003 6.05
1299.00 0.590003 6.05
1300.00 0.590002 6.05
1301.00 0.590002 6.05
1302.00 0.590002 6.05
1303.00 0.590002 6.05
1304.00 0.590001 6.05
1305.00 0.590001 6.05
1306.00 0.590001 6.05
1307.00 0.590001 6.05
1308.00 0.590000 6.05
1309.00 0.590000 6.05
1310.00 0.590000 6.05
1311.00 0.590000 6.05
1312.00 0.590000 6.05
1313.00 0.589999 6.05
1314.00 0.589999 6.05
1315.00 0.589999 6.05
1316.00 0.589999 6.05
1317.00 0.589998 6.05
1318.00 0.589998 6.05
1319.00 0.589998 6.05
1320.00 0.589998 6.05
1321.00 0.589998 6.05
1322.00 0.589997 6.05
1323.00 0.589997 6.05
1324.00 0.589997 6.05
1325.00 0.589997 6.05
1326.00 0.589997 6.05
1327.00 0.589996 6.05
1328.00 0.589996 6.05
1329.00 0.589996 6.05
1330.00 0.589996 6.05
1331.00 0.589996 6.05
1332.00 0.589995 6.05
1333.00 0.589995 6.05
1334.00 0.589995 6.05
1335.00 0.589995 6.05
1336.00 0.589995 6.05
1337.00 0.589994 6.05
1338.00 0.589994 6.05
1339.00 0.589994 6.05
1340.00 0.589994 6.05
1341.00 0.589994 6.05
1342.00 0.589993 6.05
1343.00 0.589993 6.05
1344.00 0.589993 6.05
1345.00 0.589993 6.05
1346.00 0.589993 6.05
1347.00 0.589993 6.05
1348.00 0.589992 6.05
1349.00 0.589992 6.05
1350.00 0.589992 6.05
1351.00 0.589992 6.05
1352.00 0.589992 6.05
1353.00 0.589991 6.05
1354.00 0.589991 6.05
1355.00 0.589991 6.05
1356.00 0.589991 6.05
1357.00 0.589991 6.05
1358.00 0.589991 6.05
1359.00 0.589990 6.05
1360.00 0.589990 6.05
1361.00 0.589990 6.05
1362.00 0.589990 6.05
1363.00 0.589990 6.05
1364.00 0.589990 6.05
1365.00 0.589989 6.05
1366.00 0.589989 6.05
1367.00 0.589989 6.05
1368.00 0.589989 6.05
1369.00 0.589989 6.05
1370.00 0.589989 6.05
1371.00 0.589988 6.05
1372.00 0.589988 6.05
1373.00 0.589988 6.05
1374.00 0.589988 6.05
1375.00 0.589988 6.05
1376.00 0.589988 6.05
1377.00 0.589988 6.05
1378.00 0.589987 6.05
1379.00 0.589987 6.05
1380.00 0.589987 6.05
1381.00 0.589987 6.05
1382.00 0.589987 6.05
1383.00 0.589987 6.05
1384.00 0.589986 6.05
1385.00 0.589986 6.05
1386.00 0.589986 6.05
1387.00 0.589986 6.05
1388.00 0.589986 6.05
1389.00 0.589986 6.05
1390.00 0.589986 6.05
1391.00 0.589985 6.05
1392.00 0.589985 6.05
1393.00 0.589985 6.05
1394.00 0.589985 6.05
1395.00 0.589985 6.05
1396.00 0.589985 6.05
1397.00 0.589985 6.05
1398.00 0.589984 6.05
1399.00 0.589984 6.05
1400.00 0.589984 6.05
1401.00 0.589984 6.05
1402.00 0.589984 6.05
1403.00 0.589984 6.05
1404.00 0.589984 6.05
1405.00 0.589984 6.05
1406.00 0.589983 6.05
1407.00 0.589983 6.05
1408.00 0.589983 6.05
1409.00 0.589983 6.05
1410.00 0.589983 6.05
1411.00 0.589983 6.05
1412.00 0.589983 6.05
1413.00 0.589983 6.05
1414.00 0.589982 6.05
1415.00 0.589982 6.05
1416.00 0.589982 6.05
1417.00 0.589982 6.05
1418.00 0.589982 6.05
1419.00 0.589982 6.05
1420.00 0.589982 6.05
1421.00 0.589982 6.05
1422.00 0.589981 6.05
1423.00 0.589981 6.05
1424.00 0.589981 6.05
1425.00 0.589981 6.05
1426.00 0.589981 6.05
1427.00 0.589981 6.05
1428.00 0.589981 6.05
1429.00 0.589981 6.05
1430.00 0.589980 6.05
1431.00 0.589980 6.05
1432.00 0.589980 6.05
1433.00 0.589980 6.05
1434.00 0.589980 6.05
1435.00 0.589980 6.05
1436.00 0.589980 6.05
1437.00 0.589980 6.05
1438.00 0.589980 6.05
1439.00 0.589979 6.05
1440.00 0.589979 6.05
1441.00 0.589979 6.05
1442.00 0.589979 6.05
1443.00 0.589979 6.05
1444.00 0.589979 6.05
1445.00 0.589979 6.05
1446.00 0.589979 6.05
1447.00 0.589979 6.05
1448.00 0.589979 6.05
1449.00 0.589978 6.05
1450.00 0.589978 6.05
1451.00 0.589978 6.05
1452.00 0.589978 6.05
1453.00 0.589978 6.05
1454.00 0.589978 6.05
1455.00 0.589978 6.05
1456.00 0.589978 6.05
1457.00 0.589978 6.05
1458.00 0.589978 6.05
1459.00 0.589977 6.05
1460.00 0.589977 6.05
1461.00 0.589977 6.05
1462.00 0.589977 6.05
1463.00 0.589977 6.05
1464.00 0.589977 6.05
1465.00 0.589977 6.05
1466.00 0.589977 6.05
1467.00 0.589977 6.05
1468.00 0.589977 6.05
1469.00 0.589976 6.05
1470.00 0.589976 6.05
1471.00 0.589976 6.05
1472.00 0.589976 6.05
1473.00 0.589976 6.05
1474.00 0.589976 6.05
1475.00 0.589976 6.05
1476.00 0.589976 6.05
1477.00 0.589976 6.05
1478.00 0.589976 6.05
1479.00 0.589976 6.05
1480.00 0.589976 6.05
1481.00 0.589975 6.05
1482.00 0.589975 6.05
1483.00 0.589975 6.05
1484.00 0.589975 6.05
1485.00 0.589975 6.05
1486.00 0.589975 6.05
1487.00 0.589975 6.05
1488.00 0.589975 6.05
1489.00 0.589975 6.05
1490.00 0.589975 6.05
1491.00 0.589975 6.05
1492.00 0.589975 6.05
1493.00 0.589974 6.05
1494.00 0.589974 6.05
1495.00 0.589974 6.05
1496.00 0.589974 6.05
1497.00 0.589974 6.05
1498.00 0.589974 6.05
1499.00 0.589974 6.05
1500.00 0.589974 6.05
1501.00 0.589974 6.05
1502.00 0.589974 6.05
1503.00 0.589974 6.05
1504.00 0.589974 6.05
1505.00 0.589973 6.05
1506.00 0.589973 6.05
1507.00 0.589973 6.05
1508.00 0.589973 6.05
1509.00 0.589973 6.05
1510.00 0.589973 6.05
1511.00 0.589973 6.05
1512.00 0.589973 6.05
1513.00 0.589973 6.05
1514.00 0.589973 6.05
1515.00 0.589973 6.05
1516.00 0.589973 6.05
1517.00 0.589973 6.05
1518.00 0.589973 6.05
1519.00 0.589972 6.05
1520.00 0.589972 6.05
1521.00 0.589972 6.05
1522.00 0.589972 6.05
1523.00 0.589972 6.05
1524.00 0.589972 6.05
1525.00 0.589972 6.05
1526.00 0.589972 6.05
1527.00 0.589972 6.05
1528.00 0.589972 6.05
1529.00 0.589972 6.05
1530.00 0.589972 6.05
1531.00 0.589972 6.05
1532.00 0.589972 6.05
1533.00 0.589972 6.05
1534.00 0.589971 6.05
1535.00 0.589971 6.05
1536.00 0.589971 6.05
1537.00 0.589971 6.05
1538.00 0.589971 6.05
1539.00 0.589971 6.05
1540.00 0.589971 6.05
1541.00 0.589971 6.05
1542.00 0.589971 6.05
1543.00 0.589971 6.05
1544.00 0.589971 6.05
1545.00 0.589971 6.05
1546.00 0.589971 6.05
1547.00 0.589971 6.05
1548.00 0.589971 6.05
1549.00 0.589971 6.05
1550.00 0.589970 6.05
1551.00 0.589970 6.05
1552.00 0.589970 6.05
1553.00 0.589970 6.05
1554.00 0.589970 6.05
1555.00 0.589970 6.05
1556.00 0.589970 6.05
1557.00 0.589970 6.05
1558.00 0.589970 6.05
1559.00 0.589970 6.05
1560.00 0.589970 6.05
1561.00 0.589970 6.05
1562.00 0.589970 6.05
1563.00 0.589970 6.05
1564.00 0.589970 6.05
1565.00 0.589970 6.05
1566.00 0.589970 6.05
1567.00 0.589970 6.05
1568.00 0.589969 6.05
1569.00 0.589969 6.05
1570.00 0.589969 6.05
1571.00 0.589969 6.05
1572.00 0.589969 6.05
1573.00 0.589969 6.05
1574.00 0.589969 6.05
1575.00 0.589969 6.05
1576.00 0.589969 6.05
1577.00 0.589969 6.05
1578.00 0.589969 6.05
1579.00 0.589969 6.05
1580.00 0.589969 6.05
1581.00 0.589969 6.05
1582.00 0.589969 6.05
1583.00 0.589969 6.05
1584.00 0.589969 6.05
1585.00 0.589969 6.05
1586.00 0.589969 6.05
1587.00 0.589969 6.05
1588.00 0.589968 6.05
1589.00 0.589968 6.05
1590.00 0.589968 6.05
1591.00 0.589968 6.05
1592.00 0.589968 6.05
1593.00 0.589968 6.05
1594.00 0.589968 6.05
1595.00 0.589968 6.05
1596.00 0.589968 6.05
1597.00 0.589968 6.05
1598.00 0.589968 6.05
1599.00 0.589968 6.05
1600.00 0.589968 6.05
1601.00 0.589968 6.05
1602.00 0.589968 6.05
1603.00 0.589968 6.05
1604.00 0.589968 6.05
1605.00 0.589968 6.05
1606.00 0.589968 6.05
1607.00 0.589968 6.05
1608.00 0.589968 6.05
1609.00 0.589968 6.05
1610.00 0.589968 6.05
1611.00 0.589967 6.05
1612.00 0.589967 6.05
1613.00 0.589967 6.05
1614.00 0.589967 6.05
1615.00 0.589967 6.05
1616.00 0.589967 6.05
1617.00 0.589967 6.05
1618.00 0.589967 6.05
1619.00 0.589967 6.05
1620.00 0.589967 6.05
1621.00 0.589967 6.05
1622.00 0.589967 6.05
1623.00 0.589967 6.05
1624.00 0.589967 6.05
1625.00 0.589967 6.05
1626.00 0.589967 6.05
1627.00 0.589967 6.05
1628.00 0.589967 6.05
1629.00 0.589967 6.05
1630.00 0.589967 6.05
1631.00 0.589967 6.05
1632.00 0.589967 6.05
1633.00 0.589967 6.05
1634.00 0.589967 6.05
1635.00 0.589967 6.05
1636.00 0.589966 6.05
1637.00 0.589966 6.05
1638.00 0.589966 6.05
1639.00 0.589966 6.05
1640.00 0.589966 6.05
1641.00 0.589966 6.05
1642.00 0.589966 6.05
1643.00 0.589966 6.05
1644.00 0.589966 6.05
1645.00 0.589966 6.05
1646.00 0.589966 6.05
1647.00 0.589966 6.05
1648.00 0.589966 6.05
1649.00 0.589966 6.05
1650.00 0.589966 6.05
1651.00 0.589966 6.05
1652.00 0.589966 6.05
1653.00 0.589966 6.05
1654.00 0.589966 6.05
1655.00 0.589966 6.05
1656.00 0.589966 6.05
1657.00 0.589966 6.05
1658.00 0.589966 6.05
1659.00 0.589966 6.05
1660.00 0.589966 6.05
1661.00 0.589966 6.05
1662.00 0.589966 6.05
1663.00 0.589966 6.05
1664.00 0.589966 6.05
1665.00 0.589966 6.05
1666.00 0.589965 6.05
1667.00 0.589965 6.05
1668.00 0.589965 6.05
1669.00 0.589965 6.05
1670.00 0.589965 6.05
1671.00 0.589965 6.05
1672.00 0.589965 6.05
1673.00 0.589965 6.05
1674.00 0.589965 6.05
1675.00 0.589965 6.05
1676.00 0.589965 6.05
1677.00 0.589965 6.05
1678.00 0.589965 6.05
1679.00 0.589965 6.05
1680.00 0.589965 6.05
1681.00 0.589965 6.05
1682.00 0.589965 6.05
1683.00 0.589965 6.05
1684.00 0.589965 6.05
1685.00 0.589965 6.05
1686.00 0.589965 6.05
1687.00 0.589965 6.05
1688.00 0.589965 6.05
1689.00 0.589965 6.05
1690.00 0.589965 6.05
1691.00 0.589965 6.05
1692.00 0.589965 6.05
1693.00 0.589965 6.05
1694.00 0.589965 6.05
1695.00 0.589965 6.05
1696.00 0.589965 6.05
1697.00 0.589965 6.05
1698.00 0.589965 6.05
1699.00 0.589965 6.05
1700.00 0.589965 6.05
1701.00 0.589964 6.05
1702.00 0.589964 6.05
1703.00 0.589964 6.05
1704.00 0.589964 6.05
1705.00 0.589964 6.05
1706.00 0.589964 6.05
1707.00 0.589964 6.05
1708.00 0.589964 6.05
1709.00 0.589964 6.05
1710.00 0.589964 6.05
1711.00 0.589964 6.05
1712.00 0.589964 6.05
1713.00 0.589964 6.05
1714.00 0.589964 6.05
1715.00 0.589964 6.05
1716.00 0.589964 6.05
1717.00 0.589964 6.05
1718.00 0.589964 6.05
1719.00 0.589964 6.05
1720.00 0.589964 6.05
1721.00 0.589964 6.05
1722.00 0.589964 6.05
1723.00 0.589964 6.05
1724.00 0.589964 6.05
1725.00 0.589964 6.05
1726.00 0.589964 6.05
1727.00 0.589964 6.05
1728.00 0.589964 6.05
1729.00 0.589964 6.05
1730.00 0.589964 6.05
1731.00 0.589964 6.05
1732.00 0.589964 6.05
1733.00 0.589964 6.05
1734.00 0.589964 6.05
1735.00 0.589964 6.05
1736.00 0.589964 6.05
1737.00 0.589964 6.05
1738.00 0.589964 6.05
1739.00 0.589964 6.05
1740.00 0.589964 6.05
1741.00 0.589964 6.05
1742.00 0.589964 6.05
1743.00 0.589964 6.05
1744.00 0.589964 6.05
1745.00 0.589964 6.05
1746.00 0.589963 6.05
1747.00 0.589963 6.05
1748.00 0.589963 6.05
1749.00 0.589963 6.05
1750.00 0.589963 6.05
1751.00 0.589963 6.05
1752.00 0.589963 6.05
1753.00 0.589963 6.05
1754.00 0.589963 6.05
1755.00 0.589963 6.05
1756.00 0.589963 6.05
1757.00 0.589963 6.05
1758.00 0.589963 6.05
1759.00 0.589963 6.05
1760.00 0.589963 6.05
1761.00 0.589963 6.05
1762.00 0.589963 6.05
1763.00 0.589963 6.05
1764.00 0.589963 6.05
1765.00 0.589963 6.05
1766.00 0.589963 6.05
1767.00 0.589963 6.05
1768.00 0.589963 6.05
1769.00 0.589963 6.05
1770.00 0.589963 6.05
1771.00 0.589963 6.05
1772.00 0.589963 6.05
1773.00 0.589963 6.05
1774.00 0.589963 6.05
1775.00 0.589963 6.05
1776.00 0.589963 6.05
1777.00 0.589963 6.05
1778.00 0.589963 6.05
1779.00 0.589963 6.05
1780.00 0.589963 6.05
1781.00 0.589963 6.05
1782.00 0.589963 6.05
1783.00 0.589963 6.05
1784.00 0.589963 6.05
1785.00 0.589963 6.05
1786.00 0.589963 6.05
1787.00 0.589963 6.05
1788.00 0.589963 6.05
1789.00 0.589963 6.05
1790.00 0.589963 6.05
1791.00 0.589963 6.05
1792.00 0.589963 6.05
1793.00 0.589963 6.05
1794.00 0.589963 6.05
1795.00 0.589963 6.05
1796.00 0.589963 6.05
1797.00 0.589963 6.05
1798.00 0.589963 6.05
1799.00 0.589963 6.05
1800.00 0.589963 6.05
1801.00 0.589963 6.05
1802.00 0.589963 6.05
1803.00 0.589963 6.05
1804.00 0.589963 6.05
1805.00 0.589962 6.05
1806.00 0.589962 6.05
1807.00 0.589962 6.05
1808.00 0.589962 6.05
1809.00 0.589962 6.05
1810.00 0.589962 6.05
1811.00 0.589962 6.05
1812.00 0.589962 6.05
1813.00 0.589962 6.05
1814.00 0.589962 6.05
1815.00 0.589962 6.05
1816.00 0.589962 6.05
1817.00 0.589962 6.05
1818.00 0.589962 6.05
1819.00 0.589962 6.05
1820.00 0.589962 6.05
1821.00 0.589962 6.05
1822.00 0.589962 6.05
1823.00 0.589962 6.05
1824.00 0.589962 6.05
1825.00 0.589962 6.05
1826.00 0.589962 6.05
1827.00 0.589962 6.05
1828.00 0.589962 6.05
1829.00 0.589962 6.05
1830.00 0.589962 6.05
1831.00 0.589962 6.05
1832.00 0.589962 6.05
1833.00 0.589962 6.05
1834.00 0.589962 6.05
1835.00 0.589962 6.05
1836.00 0.589962 6.05
1837.00 0.589962 6.05
1838.00 0.589962 6.05
1839.00 0.589962 6.05
1840.00 0.589962 6.05
1841.00 0.589962 6.05
1842.00 0.589962 6.05
1843.00 0.589962 6.05
1844.00 0.589962 6.05
1845.00 0.589962 6.05
1846.00 0.589962 6.05
1847.00 0.589962 6.05
1848.00 0.589962 6.05
1849.00 0.589962 6.05
1850.00 0.589962 6.05
1851.00 0.589962 6.05
1852.00 0.589962 6.05
1853.00 0.589962 6.05
1854.00 0.589962 6.05
1855.00 0.589962 6.05
1856.00 0.589962 6.05
1857.00 0.589962 6.05
1858.00 0.589962 6.05
1859.00 0.589962 6.05
1860.00 0.589962 6.05
1861.00 0.589962 6.05
1862.00 0.589962 6.05
1863.00 0.589962 6.05
1864.00 0.589962 6.05
1865.00 0.589962 6.05
1866.00 0.589962 6.05
1867.00 0.589962 6.05
1868.00 0.589962 6.05
1869.00 0.589962 6.05
1870.00 0.589962 6.05
1871.00 0.589962 6.05
1872.00 0.589962 6.05
1873.00 0.589962 6.05
1874.00 0.589962 6.05
1875.00 0.589962 6.05
1876.00 0.589962 6.05
1877.00 0.589962 6.05
1878.00 0.589962 6.05
1879.00 0.589962 6.05
1880.00 0.589962 6.05
1881.00 0.589962 6.05
1882.00 0.589962 6.05
1883.00 0.589962 6.05
1884.00 0.589962 6.05
1885.00 0.589962 6.05
1886.00 0.589962 6.05
1887.00 0.589962 6.05
1888.00 0.589962 6.05
1889.00 0.589962 6.05
1890.00 0.589962 6.05
1891.00 0.589962 6.05
1892.00 0.589962 6.05
1893.00 0.589961 6.05
1894.00 0.589961 6.05
1895.00 0.589961 6.05
1896.00 0.589961 6.05
1897.00 0.589961 6.05
1898.00 0.589961 6.05
1899.00 0.589961 6.05
1900.00 0.589961 6.05
1901.00 0.589961 6.05
1902.00 0.589961 6.05
1903.00 0.589961 6.05
1904.00 0.589961 6.05
1905.00 0.589961 6.05
1906.00 0.589961 6.05
1907.00 0.589961 6.05
1908.00 0.589961 6.05
1909.00 0.589961 6.05
1910.00 0.589961 6.05
1911.00 0.589961 6.05
1912.00 0.589961 6.05
1913.00 0.589961 6.05
1914.00 0.589961 6.05
1915.00 0.589961 6.05
1916.00 0.589961 6.05
1917.00 0.589961 6.05
1918.00 0.589961 6.05
1919.00 0.589961 6.05
1920.00 0.589961 6.05
1921.00 0.589961 6.05
1922.00 0.589961 6.05
1923.00 0.589961 6.05
1924.00 0.589961 6.05
1925.00 0.589961 6.05
1926.00 0.589961 6.05
1927.00 0.589961 6.05
1928.00 0.589961 6.05
1929.00 0.589961 6.05
1930.00 0.589961 6.05
1931.00 0.589961 6.05
1932.00 0.589961 6.05
1933.00 0.589961 6.05
1934.00 0.589961 6.05
1935.00 0.589961 6.05
1936.00 0.589961 6.05
1937.00 0.589961 6.05
1938.00 0.589961 6.05
1939.00 0.589961 6.05
1940.00 0.589961 6.05
1941.00 0.589961 6.05
1942.00 0.589961 6.05
1943.00 0.589961 6.05
1944.00 0.589961 6.05
1945.00 0.589961 6.05
1946.00 0.589961 6.05
1947.00 0.589961 6.05
1948.00 0.589961 6.05
1949.00 0.589961 6.05
1950.00 0.589961 6.05
1951.00 0.589961 6.05
1952.00 0.589961 6.05
1953.00 0.589961 6.05
1954.00 0.589961 6.05
1955.00 0.589961 6.05
1956.00 0.589961 6.05
1957.00 0.589961 6.05
1958.00 0.589961 6.05
1959.00 0.589961 6.05
1960.00 0.589961 6.05
1961.00 0.589961 6.05
1962.00 0.589961 6.05
1963.00 0.589961 6.05
1964.00 0.589961 6.05
1965.00 0.589961 6.05
1966.00 0.589961 6.05
1967.00 0.589961 6.05
1968.00 0.589961 6.05
1969.00 0.589961 6.05
1970.00 0.589961 6.05
1971.00 0.589961 6.05
1972.00 0.589961 6.05
1973.00 0.589961 6.05
1974.00 0.589961 6.05
1975.00 0.589961 6.05
1976.00 0.589961 6.05
1977.00 0.589961 6.05
1978.00 0.589961 6.05
1979.00 0.589961 6.05
1980.00 0.589961 6.05
1981.00 0.589961 6.05
1982.00 0.589961 6.05
1983.00 0.589961 6.05
1984.00 0.589961 6.05
1985.00 0.589961 6.05
1986.00 0.589961 6.05
1987.00 0.589961 6.05
1988.00 0.589961 6.05
1989.00 0.589961 6.05
1990.00 0.589961 6.05
1991.00 0.589961 6.05
1992.00 0.589961 6.05
1993.00 0.589961 6.05
1994.00 0.589961 6.05
1995.00 0.589961 6.05
1996.00 0.589961 6.05
1997.00 0.589961 6.05
1998.00 0.589961 6.05
1999.00 0.589961 6.05
2000.00 0.589961 6.05
