0.00 0.238428 3.34
1.00 0.237618 3.33
2.00 0.236811 3.33
3.00 0.236004 3.33
4.00 0.235197 3.33
5.00 0.234389 3.33
6.00 0.233581 3.33
7.00 0.232772 3.33
8.00 0.231962 3.33
9.00 0.231152 3.33
10.00 0.230340 3.33
11.00 0.229527 3.33
12.00 0.228718 3.32
13.00 0.227911 3.32
14.00 0.227102 3.32
15.00 0.226296 3.31
16.00 0.225492 3.31
17.00 0.224685 3.31
18.00 0.223876 3.31
19.00 0.223066 3.30
20.00 0.222270 3.29
21.00 0.221481 3.29
22.00 0.220691 3.29
23.00 0.219898 3.29
24.00 0.219103 3.29
25.00 0.218311 3.28
26.00 0.217543 3.26
27.00 0.216780 3.26
28.00 0.216015 3.26
29.00 0.215247 3.26
30.00 0.214477 3.26
31.00 0.213703 3.26
32.00 0.212926 3.26
33.00 0.212144 3.26
34.00 0.211359 3.26
35.00 0.210569 3.26
36.00 0.209775 3.26
37.00 0.208981 3.25
38.00 0.208183 3.25
39.00 0.207385 3.23
40.00 0.206612 3.22
41.00 0.205843 3.22
42.00 0.205070 3.22
43.00 0.204292 3.22
44.00 0.203509 3.22
45.00 0.202722 3.22
46.00 0.201930 3.22
47.00 0.201132 3.22
48.00 0.200330 3.22
49.00 0.199523 3.21
50.00 0.198711 3.21
51.00 0.197895 3.20
52.00 0.197077 3.20
53.00 0.196255 3.19
54.00 0.195450 3.19
55.00 0.194667 3.15
56.00 0.193922 3.14
57.00 0.193178 3.14
58.00 0.192430 3.14
59.00 0.191679 3.14
60.00 0.190924 3.14
61.00 0.190174 3.13
62.00 0.189444 3.11
63.00 0.188716 3.11
64.00 0.187984 3.11
65.00 0.187248 3.11
66.00 0.186524 3.09
67.00 0.185822 3.08
68.00 0.185128 3.08
69.00 0.184430 3.08
70.00 0.183730 3.08
71.00 0.183025 3.08
72.00 0.182317 3.08
73.00 0.181605 3.08
74.00 0.180892 3.07
75.00 0.180174 3.07
76.00 0.179456 3.06
77.00 0.178758 3.06
78.00 0.178057 3.06
79.00 0.177357 3.05
80.00 0.176684 3.04
81.00 0.176015 3.04
82.00 0.175341 3.04
83.00 0.174668 3.03
84.00 0.174002 3.03
85.00 0.173334 3.03
86.00 0.172661 3.03
87.00 0.171990 3.02
88.00 0.171337 3.02
89.00 0.170684 3.01
90.00 0.170053 3.01
91.00 0.169429 3.00
92.00 0.168806 2.99
93.00 0.168183 2.99
94.00 0.167562 2.98
95.00 0.166974 2.96
96.00 0.166417 2.96
97.00 0.165857 2.96
98.00 0.165322 2.95
99.00 0.164787 2.95
100.00 0.164255 2.94
101.00 0.163766 2.93
102.00 0.163290 2.92
103.00 0.162873 2.90
104.00 0.162471 2.90
105.00 0.162067 2.90
106.00 0.161660 2.90
107.00 0.161252 2.90
108.00 0.160841 2.90
109.00 0.160428 2.90
110.00 0.160029 2.88
111.00 0.159640 2.88
112.00 0.159249 2.88
113.00 0.158870 2.87
114.00 0.158506 2.86
115.00 0.158151 2.86
116.00 0.157794 2.86
117.00 0.157445 2.85
118.00 0.157100 2.85
119.00 0.156753 2.85
120.00 0.156405 2.85
121.00 0.156056 2.85
122.00 0.155704 2.85
123.00 0.155352 2.85
124.00 0.154997 2.85
125.00 0.154660 2.84
126.00 0.154325 2.84
127.00 0.154000 2.83
128.00 0.153696 2.82
129.00 0.153399 2.82
130.00 0.153103 2.82
131.00 0.152806 2.82
132.00 0.152516 2.81
133.00 0.152231 2.81
134.00 0.151963 2.79
135.00 0.151699 2.79
136.00 0.151435 2.79
137.00 0.151171 2.79
138.00 0.150907 2.79
139.00 0.150642 2.79
140.00 0.150377 2.79
141.00 0.150112 2.79
142.00 0.149852 2.78
143.00 0.149600 2.78
144.00 0.149347 2.78
145.00 0.149098 2.77
146.00 0.148852 2.77
147.00 0.148607 2.77
148.00 0.148361 2.77
149.00 0.148118 2.76
150.00 0.147881 2.75
151.00 0.147659 2.75
152.00 0.147438 2.75
153.00 0.147217 2.75
154.00 0.146997 2.75
155.00 0.146776 2.75
156.00 0.146563 2.74
157.00 0.146353 2.74
158.00 0.146144 2.74
159.00 0.145934 2.74
160.00 0.145724 2.74
161.00 0.145514 2.73
162.00 0.145305 2.72
163.00 0.145099 2.72
164.00 0.144893 2.72
165.00 0.144686 2.72
166.00 0.144478 2.72
167.00 0.144270 2.72
168.00 0.144071 2.71
169.00 0.143874 2.71
170.00 0.143676 2.71
171.00 0.143478 2.71
172.00 0.143279 2.71
173.00 0.143080 2.71
174.00 0.142881 2.71
175.00 0.142681 2.71
176.00 0.142481 2.70
177.00 0.142293 2.70
178.00 0.142105 2.70
179.00 0.141917 2.70
180.00 0.141736 2.69
181.00 0.141563 2.69
182.00 0.141390 2.69
183.00 0.141217 2.69
184.00 0.141050 2.68
185.00 0.140887 2.68
186.00 0.140736 2.67
187.00 0.140592 2.67
188.00 0.140449 2.67
189.00 0.140307 2.67
190.00 0.140166 2.67
191.00 0.140026 2.67
192.00 0.139887 2.67
193.00 0.139748 2.67
194.00 0.139610 2.67
195.00 0.139473 2.67
196.00 0.139337 2.66
197.00 0.139213 2.65
198.00 0.139095 2.65
199.00 0.138978 2.65
200.00 0.138862 2.65
201.00 0.138747 2.65
202.00 0.138634 2.65
203.00 0.138521 2.65
204.00 0.138408 2.65
205.00 0.138297 2.65
206.00 0.138186 2.65
207.00 0.138075 2.65
208.00 0.137966 2.65
209.00 0.137856 2.65
210.00 0.137749 2.64
211.00 0.137643 2.64
212.00 0.137537 2.64
213.00 0.137431 2.64
214.00 0.137326 2.64
215.00 0.137221 2.64
216.00 0.137116 2.64
217.00 0.137012 2.64
218.00 0.136907 2.64
219.00 0.136803 2.64
220.00 0.136698 2.64
221.00 0.136599 2.63
222.00 0.136505 2.63
223.00 0.136411 2.63
224.00 0.136317 2.63
225.00 0.136223 2.63
226.00 0.136130 2.63
227.00 0.136038 2.63
228.00 0.135945 2.63
229.00 0.135853 2.63
230.00 0.135761 2.63
231.00 0.135669 2.63
232.00 0.135577 2.63
233.00 0.135492 2.62
234.00 0.135409 2.61
235.00 0.135330 2.61
236.00 0.135251 2.61
237.00 0.135173 2.61
238.00 0.135095 2.61
239.00 0.135018 2.61
240.00 0.134942 2.61
241.00 0.134866 2.61
242.00 0.134790 2.61
243.00 0.134715 2.61
244.00 0.134641 2.61
245.00 0.134566 2.61
246.00 0.134492 2.61
247.00 0.134419 2.61
248.00 0.134345 2.61
249.00 0.134272 2.61
250.00 0.134200 2.61
251.00 0.134127 2.61
252.00 0.134055 2.61
253.00 0.133983 2.61
254.00 0.133911 2.61
255.00 0.133840 2.61
256.00 0.133768 2.61
257.00 0.133697 2.61
258.00 0.133626 2.60
259.00 0.133564 2.60
260.00 0.133508 2.59
261.00 0.133455 2.59
262.00 0.133403 2.59
263.00 0.133353 2.59
264.00 0.133304 2.59
265.00 0.133255 2.59
266.00 0.133207 2.59
267.00 0.133160 2.59
268.00 0.133114 2.59
269.00 0.133069 2.59
270.00 0.133024 2.59
271.00 0.132980 2.59
272.00 0.132936 2.59
273.00 0.132894 2.58
274.00 0.132858 2.58
275.00 0.132823 2.58
276.00 0.132789 2.58
277.00 0.132755 2.58
278.00 0.132723 2.58
279.00 0.132691 2.58
280.00 0.132659 2.58
281.00 0.132629 2.58
282.00 0.132599 2.58
283.00 0.132569 2.58
284.00 0.132540 2.58
285.00 0.132512 2.58
286.00 0.132484 2.58
287.00 0.132459 2.57
288.00 0.132435 2.57
289.00 0.132412 2.57
290.00 0.132390 2.57
291.00 0.132368 2.57
292.00 0.132346 2.57
293.00 0.132325 2.57
294.00 0.132305 2.57
295.00 0.132285 2.57
296.00 0.132265 2.57
297.00 0.132246 2.57
298.00 0.132227 2.57
299.00 0.132209 2.57
300.00 0.132191 2.57
301.00 0.132173 2.57
302.00 0.132156 2.57
303.00 0.132139 2.57
304.00 0.132122 2.57
305.00 0.132106 2.57
306.00 0.132090 2.57
307.00 0.132074 2.57
308.00 0.132059 2.57
309.00 0.132044 2.57
310.00 0.132029 2.57
311.00 0.132014 2.57
312.00 0.132000 2.57
313.00 0.131986 2.57
314.00 0.131972 2.57
315.00 0.131958 2.57
316.00 0.131945 2.57
317.00 0.131931 2.57
318.00 0.131918 2.57
319.00 0.131906 2.57
320.00 0.131893 2.57
321.00 0.131881 2.57
322.00 0.131869 2.57
323.00 0.131857 2.57
324.00 0.131845 2.57
325.00 0.131833 2.57
326.00 0.131822 2.57
327.00 0.131811 2.57
328.00 0.131800 2.57
329.00 0.131789 2.57
330.00 0.131778 2.57
331.00 0.131768 2.57
332.00 0.131757 2.57
333.00 0.131747 2.57
334.00 0.131737 2.57
335.00 0.131727 2.57
336.00 0.131717 2.57
337.00 0.131708 2.57
338.00 0.131698 2.57
339.00 0.131689 2.57
340.00 0.131680 2.57
341.00 0.131671 2.57
342.00 0.131662 2.57
343.00 0.131653 2.57
344.00 0.131644 2.57
345.00 0.131636 2.57
346.00 0.131627 2.57
347.00 0.131619 2.57
348.00 0.131610 2.57
349.00 0.131602 2.57
350.00 0.131594 2.57
351.00 0.131586 2.57
352.00 0.131579 2.57
353.00 0.131571 2.57
354.00 0.131563 2.57
355.00 0.131556 2.57
356.00 0.131548 2.57
357.00 0.131541 2.57
358.00 0.131534 2.57
359.00 0.131527 2.57
360.00 0.131520 2.57
361.00 0.131513 2.57
362.00 0.131506 2.57
363.00 0.131499 2.57
364.00 0.131493 2.57
365.00 0.131486 2.57
366.00 0.131480 2.57
367.00 0.131473 2.57
368.00 0.131467 2.57
369.00 0.131461 2.57
370.00 0.131454 2.57
371.00 0.131448 2.57
372.00 0.131442 2.57
373.00 0.131436 2.57
374.00 0.131430 2.57
375.00 0.131425 2.57
376.00 0.131419 2.57
377.00 0.131413 2.57
378.00 0.131407 2.57
379.00 0.131402 2.57
380.00 0.131396 2.57
381.00 0.131391 2.57
382.00 0.131386 2.57
383.00 0.131380 2.57
384.00 0.131375 2.57
385.00 0.131370 2.57
386.00 0.131365 2.57
387.00 0.131360 2.57
388.00 0.131355 2.57
389.00 0.131350 2.57
390.00 0.131345 2.57
391.00 0.131340 2.57
392.00 0.131335 2.57
393.00 0.131331 2.57
394.00 0.131326 2.57
395.00 0.131321 2.57
396.00 0.131317 2.57
397.00 0.131312 2.57
398.00 0.131308 2.57
399.00 0.131303 2.57
400.00 0.131299 2.57
401.00 0.131295 2.57
402.00 0.131290 2.57
403.00 0.131286 2.57
404.00 0.131282 2.57
405.00 0.131278 2.57
406.00 0.131274 2.57
407.00 0.131270 2.57
408.00 0.131266 2.57
409.00 0.131262 2.57
410.00 0.131258 2.57
411.00 0.131254 2.57
412.00 0.131250 2.57
413.00 0.131246 2.57
414.00 0.131242 2.57
415.00 0.131239 2.57
416.00 0.131235 2.57
417.00 0.131231 2.57
418.00 0.131228 2.57
419.00 0.131224 2.57
420.00 0.131220 2.57
421.00 0.131217 2.57
422.00 0.131213 2.57
423.00 0.131210 2.57
424.00 0.131207 2.57
425.00 0.131203 2.57
426.00 0.131200 2.57
427.00 0.131197 2.57
428.00 0.131193 2.57
429.00 0.131190 2.57
430.00 0.131187 2.57
431.00 0.131184 2.57
432.00 0.131180 2.57
433.00 0.131177 2.57
434.00 0.131174 2.57
435.00 0.131171 2.57
436.00 0.131168 2.57
437.00 0.131165 2.57
438.00 0.131162 2.57
439.00 0.131159 2.57
440.00 0.131156 2.57
441.00 0.131153 2.57
442.00 0.131150 2.57
443.00 0.131148 2.57
444.00 0.131145 2.57
445.00 0.131142 2.57
446.00 0.131139 2.57
447.00 0.131136 2.57
448.00 0.131134 2.57
449.00 0.131131 2.57
450.00 0.131128 2.57
451.00 0.131126 2.57
452.00 0.131123 2.57
453.00 0.131121 2.57
454.00 0.131118 2.57
455.00 0.131115 2.57
456.00 0.131113 2.57
457.00 0.131110 2.57
458.00 0.131108 2.57
459.00 0.131105 2.57
460.00 0.131103 2.57
461.00 0.131101 2.57
462.00 0.131098 2.57
463.00 0.131096 2.57
464.00 0.131093 2.57
465.00 0.131091 2.57
466.00 0.131089 2.57
467.00 0.131086 2.57
468.00 0.131084 2.57
469.00 0.131082 2.57
470.00 0.131080 2.57
471.00 0.131077 2.57
472.00 0.131075 2.57
473.00 0.131073 2.57
474.00 0.131071 2.57
475.00 0.131069 2.57
476.00 0.131067 2.57
477.00 0.131064 2.57
478.00 0.131062 2.57
479.00 0.131060 2.57
480.00 0.131058 2.57
481.00 0.131056 2.57
482.00 0.131054 2.57
483.00 0.131052 2.57
484.00 0.131050 2.57
485.00 0.131048 2.57
486.00 0.131046 2.57
487.00 0.131044 2.57
488.00 0.131042 2.57
489.00 0.131040 2.57
490.00 0.131038 2.57
491.00 0.131037 2.57
492.00 0.131035 2.57
493.00 0.131033 2.57
494.00 0.131031 2.57
495.00 0.131029 2.57
496.00 0.131027 2.57
497.00 0.131026 2.57
498.00 0.131024 2.57
499.00 0.131022 2.56
500.00 0.131021 2.56
501.00 0.131020 2.56
502.00 0.131018 2.56
503.00 0.131017 2.56
504.00 0.131016 2.56
505.00 0.131015 2.56
506.00 0.131013 2.56
507.00 0.131012 2.56
508.00 0.131011 2.56
509.00 0.131010 2.56
510.00 0.131008 2.56
511.00 0.131007 2.56
512.00 0.131006 2.56
513.00 0.131005 2.56
514.00 0.131004 2.56
515.00 0.131003 2.56
516.00 0.131002 2.56
517.00 0.131001 2.56
518.00 0.130999 2.56
519.00 0.130998 2.56
520.00 0.130997 2.56
521.00 0.130996 2.56
522.00 0.130995 2.56
523.00 0.130994 2.56
524.00 0.130993 2.56
525.00 0.130992 2.56
526.00 0.130991 2.56
527.00 0.130990 2.56
528.00 0.130989 2.56
529.00 0.130988 2.56
530.00 0.130987 2.56
531.00 0.130986 2.56
532.00 0.130985 2.56
533.00 0.130984 2.56
534.00 0.130983 2.56
535.00 0.130982 2.56
536.00 0.130981 2.56
537.00 0.130981 2.56
538.00 0.130980 2.56
539.00 0.130979 2.56
540.00 0.130978 2.56
541.00 0.130977 2.56
542.00 0.130976 2.56
543.00 0.130975 2.56
544.00 0.130974 2.56
545.00 0.130974 2.56
546.00 0.130973 2.56
547.00 0.130972 2.56
548.00 0.130971 2.56
549.00 0.130970 2.56
550.00 0.130969 2.56
551.00 0.130969 2.56
552.00 0.130968 2.56
553.00 0.130967 2.56
554.00 0.130966 2.56
555.00 0.130966 2.56
556.00 0.130965 2.56
557.00 0.130964 2.56
558.00 0.130963 2.56
559.00 0.130963 2.56
560.00 0.130962 2.56
561.00 0.130961 2.56
562.00 0.130960 2.56
563.00 0.130960 2.56
564.00 0.130959 2.56
565.00 0.130958 2.56
566.00 0.130958 2.56
567.00 0.130957 2.56
568.00 0.130956 2.56
569.00 0.130956 2.56
570.00 0.130955 2.56
571.00 0.130954 2.56
572.00 0.130954 2.56
573.00 0.130953 2.56
574.00 0.130952 2.56
575.00 0.130952 2.56
576.00 0.130951 2.56
577.00 0.130950 2.56
578.00 0.130950 2.56
579.00 0.130949 2.56
580.00 0.130949 2.56
581.00 0.130948 2.56
582.00 0.130947 2.56
583.00 0.130947 2.56
584.00 0.130946 2.56
585.00 0.130946 2.56
586.00 0.130945 2.56
587.00 0.130944 2.56
588.00 0.130944 2.56
589.00 0.130943 2.56
590.00 0.130943 2.56
591.00 0.130942 2.56
592.00 0.130942 2.56
593.00 0.130941 2.56
594.00 0.130941 2.56
595.00 0.130940 2.56
596.00 0.130940 2.56
597.00 0.130939 2.56
598.00 0.130939 2.56
599.00 0.130938 2.56
600.00 0.130938 2.56
601.00 0.130937 2.56
602.00 0.130937 2.56
603.00 0.130936 2.56
604.00 0.130936 2.56
605.00 0.130935 2.56
606.00 0.130935 2.56
607.00 0.130934 2.56
608.00 0.130934 2.56
609.00 0.130933 2.56
610.00 0.130933 2.56
611.00 0.130932 2.56
612.00 0.130932 2.56
613.00 0.130931 2.56
614.00 0.130931 2.56
615.00 0.130931 2.56
616.00 0.130930 2.56
617.00 0.130930 2.56
618.00 0.130929 2.56
619.00 0.130929 2.56
620.00 0.130928 2.56
621.00 0.130928 2.56
622.00 0.130928 2.56
623.00 0.130927 2.56
624.00 0.130927 2.56
625.00 0.130926 2.56
626.00 0.130926 2.56
627.00 0.130926 2.56
628.00 0.130925 2.56
629.00 0.130925 2.56
630.00 0.130924 2.56
631.00 0.130924 2.56
632.00 0.130924 2.56
633.00 0.130923 2.56
634.00 0.130923 2.56
635.00 0.130923 2.56
636.00 0.130922 2.56
637.00 0.130922 2.56
638.00 0.130921 2.56
639.00 0.130921 2.56
640.00 0.130921 2.56
641.00 0.130920 2.56
642.00 0.130920 2.56
643.00 0.130920 2.56
644.00 0.130919 2.56
645.00 0.130919 2.56
646.00 0.130919 2.56
647.00 0.130918 2.56
648.00 0.130918 2.56
649.00 0.130918 2.56
650.00 0.130917 2.56
651.00 0.130917 2.56
652.00 0.130917 2.56
653.00 0.130916 2.56
654.00 0.130916 2.56
655.00 0.130916 2.56
656.00 0.130916 2.56
657.00 0.130915 2.56
658.00 0.130915 2.56
659.00 0.130915 2.56
660.00 0.130914 2.56
661.00 0.130914 2.56
662.00 0.130914 2.56
663.00 0.130914 2.56
664.00 0.130913 2.56
665.00 0.130913 2.56
666.00 0.130913 2.56
667.00 0.130912 2.56
668.00 0.130912 2.56
669.00 0.130912 2.56
670.00 0.130912 2.56
671.00 0.130911 2.56
672.00 0.130911 2.56
673.00 0.130911 2.56
674.00 0.130911 2.56
675.00 0.130910 2.56
676.00 0.130910 2.56
677.00 0.130910 2.56
678.00 0.130910 2.56
679.00 0.130909 2.56
680.00 0.130909 2.56
681.00 0.130909 2.56
682.00 0.130909 2.56
683.00 0.130908 2.56
684.00 0.130908 2.56
685.00 0.130908 2.56
686.00 0.130908 2.56
687.00 0.130907 2.56
688.00 0.130907 2.56
689.00 0.130907 2.56
690.00 0.130907 2.56
691.00 0.130907 2.56
692.00 0.130906 2.56
693.00 0.130906 2.56
694.00 0.130906 2.56
695.00 0.130906 2.56
696.00 0.130906 2.56
697.00 0.130905 2.56
698.00 0.130905 2.56
699.00 0.130905 2.56
700.00 0.130905 2.56
701.00 0.130904 2.56
702.00 0.130904 2.56
703.00 0.130904 2.56
704.00 0.130904 2.56
705.00 0.130904 2.56
706.00 0.130903 2.56
707.00 0.130903 2.56
708.00 0.130903 2.56
709.00 0.130903 2.56
710.00 0.130903 2.56
711.00 0.130903 2.56
712.00 0.130902 2.56
713.00 0.130902 2.56
714.00 0.130902 2.56
715.00 0.130902 2.56
716.00 0.130902 2.56
717.00 0.130901 2.56
718.00 0.130901 2.56
719.00 0.130901 2.56
720.00 0.130901 2.56
721.00 0.130901 2.56
722.00 0.130901 2.56
723.00 0.130900 2.56
724.00 0.130900 2.56
725.00 0.130900 2.56
726.00 0.130900 2.56
727.00 0.130900 2.56
728.00 0.130900 2.56
729.00 0.130900 2.56
730.00 0.130899 2.56
731.00 0.130899 2.56
732.00 0.130899 2.56
733.00 0.130899 2.56
734.00 0.130899 2.56
735.00 0.130899 2.56
736.00 0.130898 2.56
737.00 0.130898 2.56
738.00 0.130898 2.56
739.00 0.130898 2.56
740.00 0.130898 2.56
741.00 0.130898 2.56
742.00 0.130898 2.56
743.00 0.130897 2.56
744.00 0.130897 2.56
745.00 0.130897 2.56
746.00 0.130897 2.56
747.00 0.130897 2.56
748.00 0.130897 2.56
749.00 0.130897 2.56
750.00 0.130897 2.56
751.00 0.130896 2.56
752.00 0.130896 2.56
753.00 0.130896 2.56
754.00 0.130896 2.56
755.00 0.130896 2.56
756.00 0.130896 2.56
757.00 0.130896 2.56
758.00 0.130896 2.56
759.00 0.130895 2.56
760.00 0.130895 2.56
761.00 0.130895 2.56
762.00 0.130895 2.56
763.00 0.130895 2.56
764.00 0.130895 2.56
765.00 0.130895 2.56
766.00 0.130895 2.56
767.00 0.130894 2.56
768.00 0.130894 2.56
769.00 0.130894 2.56
770.00 0.130894 2.56
771.00 0.130894 2.56
772.00 0.130894 2.56
773.00 0.130894 2.56
774.00 0.130894 2.56
775.00 0.130894 2.56
776.00 0.130894 2.56
777.00 0.130893 2.56
778.00 0.130893 2.56
779.00 0.130893 2.56
780.00 0.130893 2.56
781.00 0.130893 2.56
782.00 0.130893 2.56
783.00 0.130893 2.56
784.00 0.130893 2.56
785.00 0.130893 2.56
786.00 0.130893 2.56
787.00 0.130892 2.56
788.00 0.130892 2.56
789.00 0.130892 2.56
790.00 0.130892 2.56
791.00 0.130892 2.56
792.00 0.130892 2.56
793.00 0.130892 2.56
794.00 0.130892 2.56
795.00 0.130892 2.56
796.00 0.130892 2.56
797.00 0.130892 2.56
798.00 0.130891 2.56
799.00 0.130891 2.56
800.00 0.130891 2.56
801.00 0.130891 2.56
802.00 0.130891 2.56
803.00 0.130891 2.56
804.00 0.130891 2.56
805.00 0.130891 2.56
806.00 0.130891 2.56
807.00 0.130891 2.56
808.00 0.130891 2.56
809.00 0.130891 2.56
810.00 0.130891 2.56
811.00 0.130890 2.56
812.00 0.130890 2.56
813.00 0.130890 2.56
814.00 0.130890 2.56
815.00 0.130890 2.56
816.00 0.130890 2.56
817.00 0.130890 2.56
818.00 0.130890 2.56
819.00 0.130890 2.56
820.00 0.130890 2.56
821.00 0.130890 2.56
822.00 0.130890 2.56
823.00 0.130890 2.56
824.00 0.130890 2.56
825.00 0.130889 2.56
826.00 0.130889 2.56
827.00 0.130889 2.56
828.00 0.130889 2.56
829.00 0.130889 2.56
830.00 0.130889 2.56
831.00 0.130889 2.56
832.00 0.130889 2.56
833.00 0.130889 2.56
834.00 0.130889 2.56
835.00 0.130889 2.56
836.00 0.130889 2.56
837.00 0.130889 2.56
838.00 0.130889 2.56
839.00 0.130889 2.56
840.00 0.130888 2.56
841.00 0.130888 2.56
842.00 0.130888 2.56
843.00 0.130888 2.56
844.00 0.130888 2.56
845.00 0.130888 2.56
846.00 0.130888 2.56
847.00 0.130888 2.56
848.00 0.130888 2.56
849.00 0.130888 2.56
850.00 0.130888 2.56
851.00 0.130888 2.56
852.00 0.130888 2.56
853.00 0.130888 2.56
854.00 0.130888 2.56
855.00 0.130888 2.56
856.00 0.130888 2.56
857.00 0.130888 2.56
858.00 0.130888 2.56
859.00 0.130887 2.56
860.00 0.130887 2.56
861.00 0.130887 2.56
862.00 0.130887 2.56
863.00 0.130887 2.56
864.00 0.130887 2.56
865.00 0.130887 2.56
866.00 0.130887 2.56
867.00 0.130887 2.56
868.00 0.130887 2.56
869.00 0.130887 2.56
870.00 0.130887 2.56
871.00 0.130887 2.56
872.00 0.130887 2.56
873.00 0.130887 2.56
874.00 0.130887 2.56
875.00 0.130887 2.56
876.00 0.130887 2.56
877.00 0.130887 2.56
878.00 0.130887 2.56
879.00 0.130887 2.56
880.00 0.130887 2.56
881.00 0.130886 2.56
882.00 0.130886 2.56
883.00 0.130886 2.56
884.00 0.130886 2.56
885.00 0.130886 2.56
886.00 0.130886 2.56
887.00 0.130886 2.56
888.00 0.130886 2.56
889.00 0.130886 2.56
890.00 0.130886 2.56
891.00 0.130886 2.56
892.00 0.130886 2.56
893.00 0.130886 2.56
894.00 0.130886 2.56
895.00 0.130886 2.56
896.00 0.130886 2.56
897.00 0.130886 2.56
898.00 0.130886 2.56
899.00 0.130886 2.56
900.00 0.130886 2.56
901.00 0.130886 2.56
902.00 0.130886 2.56
903.00 0.130886 2.56
904.00 0.130886 2.56
905.00 0.130886 2.56
906.00 0.130886 2.56
907.00 0.130886 2.56
908.00 0.130886 2.56
909.00 0.130885 2.56
910.00 0.130885 2.56
911.00 0.130885 2.56
912.00 0.130885 2.56
913.00 0.130885 2.56
914.00 0.130885 2.56
915.00 0.130885 2.56
916.00 0.130885 2.56
917.00 0.130885 2.56
918.00 0.130885 2.56
919.00 0.130885 2.56
920.00 0.130885 2.56
921.00 0.130885 2.56
922.00 0.130885 2.56
923.00 0.130885 2.56
924.00 0.130885 2.56
925.00 0.130885 2.56
926.00 0.130885 2.56
927.00 0.130885 2.56
928.00 0.130885 2.56
929.00 0.130885 2.56
930.00 0.130885 2.56
931.00 0.130885 2.56
932.00 0.130885 2.56
933.00 0.130885 2.56
934.00 0.130885 2.56
935.00 0.130885 2.56
936.00 0.130885 2.56
937.00 0.130885 2.56
938.00 0.130885 2.56
939.00 0.130885 2.56
940.00 0.130885 2.56
941.00 0.130885 2.56
942.00 0.130885 2.56
943.00 0.130885 2.56
944.00 0.130885 2.56
945.00 0.130884 2.56
946.00 0.130884 2.56
947.00 0.130884 2.56
948.00 0.130884 2.56
949.00 0.130884 2.56
950.00 0.130884 2.56
951.00 0.130884 2.56
952.00 0.130884 2.56
953.00 0.130884 2.56
954.00 0.130884 2.56
955.00 0.130884 2.56
956.00 0.130884 2.56
957.00 0.130884 2.56
958.00 0.130884 2.56
959.00 0.130884 2.56
960.00 0.130884 2.56
961.00 0.130884 2.56
962.00 0.130884 2.56
963.00 0.130884 2.56
964.00 0.130884 2.56
965.00 0.130884 2.56
966.00 0.130884 2.56
967.00 0.130884 2.56
968.00 0.130884 2.56
969.00 0.130884 2.56
970.00 0.130884 2.56
971.00 0.130884 2.56
972.00 0.130884 2.56
973.00 0.130884 2.56
974.00 0.130884 2.56
975.00 0.130884 2.56
976.00 0.130884 2.56
977.00 0.130884 2.56
978.00 0.130884 2.56
979.00 0.130884 2.56
980.00 0.130884 2.56
981.00 0.130884 2.56
982.00 0.130884 2.56
983.00 0.130884 2.56
984.00 0.130884 2.56
985.00 0.130884 2.56
986.00 0.130884 2.56
987.00 0.130884 2.56
988.00 0.130884 2.56
989.00 0.130884 2.56
990.00 0.130884 2.56
991.00 0.130884 2.56
992.00 0.130884 2.56
993.00 0.130884 2.56
994.00 0.130884 2.56
995.00 0.130884 2.56
996.00 0.130884 2.56
997.00 0.130884 2.56
998.00 0.130884 2.56
999.00 0.130883 2.56
1000.00 0.130883 2.56
1001.00 0.130883 2.56
1002.00 0.130883 2.56
1003.00 0.130883 2.56
1004.00 0.130883 2.56
1005.00 0.130883 2.56
1006.00 0.130883 2.56
1007.00 0.130883 2.56
1008.00 0.130883 2.56
1009.00 0.130883 2.56
1010.00 0.130883 2.56
1011.00 0.130883 2.56
1012.00 0.130883 2.56
1013.00 0.130883 2.56
1014.00 0.130883 2.56
1015.00 0.130883 2.56
1016.00 0.130883 2.56
1017.00 0.130883 2.56
1018.00 0.130883 2.56
1019.00 0.130883 2.56
1020.00 0.130883 2.56
1021.00 0.130883 2.56
1022.00 0.130883 2.56
1023.00 0.130883 2.56
1024.00 0.130883 2.56
1025.00 0.130883 2.56
1026.00 0.130883 2.56
1027.00 0.130883 2.56
1028.00 0.130883 2.56
1029.00 0.130883 2.56
1030.00 0.130883 2.56
1031.00 0.130883 2.56
1032.00 0.130883 2.56
1033.00 0.130883 2.56
1034.00 0.130883 2.56
1035.00 0.130883 2.56
1036.00 0.130883 2.56
1037.00 0.130883 2.56
1038.00 0.130883 2.56
1039.00 0.130883 2.56
1040.00 0.130883 2.56
1041.00 0.130883 2.56
1042.00 0.130883 2.56
1043.00 0.130883 2.56
1044.00 0.130883 2.56
1045.00 0.130883 2.56
1046.00 0.130883 2.56
1047.00 0.130883 2.56
1048.00 0.130883 2.56
1049.00 0.130883 2.56
1050.00 0.130883 2.56
1051.00 0.130883 2.56
1052.00 0.130883 2.56
1053.00 0.130883 2.56
1054.00 0.130883 2.56
1055.00 0.130883 2.56
1056.00 0.130883 2.56
1057.00 0.130883 2.56
1058.00 0.130883 2.56
1059.00 0.130883 2.56
1060.00 0.130883 2.56
1061.00 0.130883 2.56
1062.00 0.130883 2.56
1063.00 0.130883 2.56
1064.00 0.130883 2.56
1065.00 0.130883 2.56
1066.00 0.130883 2.56
1067.00 0.130883 2.56
1068.00 0.130883 2.56
1069.00 0.130883 2.56
1070.00 0.130883 2.56
1071.00 0.130883 2.56
1072.00 0.130883 2.56
1073.00 0.130883 2.56
1074.00 0.130883 2.56
1075.00 0.130883 2.56
1076.00 0.130883 2.56
1077.00 0.130883 2.56
1078.00 0.130883 2.56
1079.00 0.130883 2.56
1080.00 0.130883 2.56
1081.00 0.130883 2.56
1082.00 0.130883 2.56
1083.00 0.130883 2.56
1084.00 0.130883 2.56
1085.00 0.130883 2.56
1086.00 0.130883 2.56
1087.00 0.130883 2.56
1088.00 0.130883 2.56
1089.00 0.130883 2.56
1090.00 0.130883 2.56
1091.00 0.130883 2.56
1092.00 0.130883 2.56
1093.00 0.130883 2.56
1094.00 0.130883 2.56
1095.00 0.130883 2.56
1096.00 0.130883 2.56
1097.00 0.130883 2.56
1098.00 0.130883 2.56
1099.00 0.130883 2.56
1100.00 0.130883 2.56
1101.00 0.130883 2.56
1102.00 0.130883 2.56
1103.00 0.130883 2.56
1104.00 0.130883 2.56
1105.00 0.130882 2.56
1106.00 0.130882 2.56
1107.00 0.130882 2.56
1108.00 0.130882 2.56
1109.00 0.130882 2.56
1110.00 0.130882 2.56
1111.00 0.130882 2.56
1112.00 0.130882 2.56
1113.00 0.130882 2.56
1114.00 0.130882 2.56
1115.00 0.130882 2.56
1116.00 0.130882 2.56
1117.00 0.130882 2.56
1118.00 0.130882 2.56
1119.00 0.130882 2.56
1120.00 0.130882 2.56
1121.00 0.130882 2.56
1122.00 0.130882 2.56
1123.00 0.130882 2.56
1124.00 0.130882 2.56
1125.00 0.130882 2.56
1126.00 0.130882 2.56
1127.00 0.130882 2.56
1128.00 0.130882 2.56
1129.00 0.130882 2.56
1130.00 0.130882 2.56
1131.00 0.130882 2.56
1132.00 0.130882 2.56
1133.00 0.130882 2.56
1134.00 0.130882 2.56
1135.00 0.130882 2.56
1136.00 0.130882 2.56
1137.00 0.130882 2.56
1138.00 0.130882 2.56
1139.00 0.130882 2.56
1140.00 0.130882 2.56
1141.00 0.130882 2.56
1142.00 0.130882 2.56
1143.00 0.130882 2.56
1144.00 0.130882 2.56
1145.00 0.130882 2.56
1146.00 0.130882 2.56
1147.00 0.130882 2.56
1148.00 0.130882 2.56
1149.00 0.130882 2.56
1150.00 0.130882 2.56
1151.00 0.130882 2.56
1152.00 0.130882 2.56
1153.00 0.130882 2.56
1154.00 0.130882 2.56
1155.00 0.130882 2.56
1156.00 0.130882 2.56
1157.00 0.130882 2.56
1158.00 0.130882 2.56
1159.00 0.130882 2.56
1160.00 0.130882 2.56
1161.00 0.130882 2.56
1162.00 0.130882 2.56
1163.00 0.130882 2.56
1164.00 0.130882 2.56
1165.00 0.130882 2.56
1166.00 0.130882 2.56
1167.00 0.130882 2.56
1168.00 0.130882 2.56
1169.00 0.130882 2.56
1170.00 0.130882 2.56
1171.00 0.130882 2.56
1172.00 0.130882 2.56
1173.00 0.130882 2.56
1174.00 0.130882 2.56
1175.00 0.130882 2.56
1176.00 0.130882 2.56
1177.00 0.130882 2.56
1178.00 0.130882 2.56
1179.00 0.130882 2.56
1180.00 0.130882 2.56
1181.00 0.130882 2.56
1182.00 0.130882 2.56
1183.00 0.130882 2.56
1184.00 0.130882 2.56
1185.00 0.130882 2.56
1186.00 0.130882 2.56
1187.00 0.130882 2.56
1188.00 0.130882 2.56
1189.00 0.130882 2.56
1190.00 0.130882 2.56
1191.00 0.130882 2.56
1192.00 0.130882 2.56
1193.00 0.130882 2.56
1194.00 0.130882 2.56
1195.00 0.130882 2.56
1196.00 0.130882 2.56
1197.00 0.130882 2.56
1198.00 0.130882 2.56
1199.00 0.130882 2.56
1200.00 0.130882 2.56
1201.00 0.130882 2.56
1202.00 0.130882 2.56
1203.00 0.130882 2.56
1204.00 0.130882 2.56
1205.00 0.130882 2.56
1206.00 0.130882 2.56
1207.00 0.130882 2.56
1208.00 0.130882 2.56
1209.00 0.130882 2.56
1210.00 0.130882 2.56
1211.00 0.130882 2.56
1212.00 0.130882 2.56
1213.00 0.130882 2.56
1214.00 0.130882 2.56
1215.00 0.130882 2.56
1216.00 0.130882 2.56
1217.00 0.130882 2.56
1218.00 0.130882 2.56
1219.00 0.130882 2.56
1220.00 0.130882 2.56
1221.00 0.130882 2.56
1222.00 0.130882 2.56
1223.00 0.130882 2.56
1224.00 0.130882 2.56
1225.00 0.130882 2.56
1226.00 0.130882 2.56
1227.00 0.130882 2.56
1228.00 0.130882 2.56
1229.00 0.130882 2.56
1230.00 0.130882 2.56
1231.00 0.130882 2.56
1232.00 0.130882 2.56
1233.00 0.130882 2.56
1234.00 0.130882 2.56
1235.00 0.130882 2.56
1236.00 0.130882 2.56
1237.00 0.130882 2.56
1238.00 0.130882 2.56
1239.00 0.130882 2.56
1240.00 0.130882 2.56
1241.00 0.130882 2.56
1242.00 0.130882 2.56
1243.00 0.130882 2.56
1244.00 0.130882 2.56
1245.00 0.130882 2.56
1246.00 0.130882 2.56
1247.00 0.130882 2.56
1248.00 0.130882 2.56
1249.00 0.130882 2.56
1250.00 0.130882 2.56
1251.00 0.130882 2.56
1252.00 0.130882 2.56
1253.00 0.130882 2.56
1254.00 0.130882 2.56
1255.00 0.130882 2.56
1256.00 0.130882 2.56
1257.00 0.130882 2.56
1258.00 0.130882 2.56
1259.00 0.130882 2.56
1260.00 0.130882 2.56
1261.00 0.130882 2.56
1262.00 0.130882 2.56
1263.00 0.130882 2.56
1264.00 0.130882 2.56
1265.00 0.130882 2.56
1266.00 0.130882 2.56
1267.00 0.130882 2.56
1268.00 0.130882 2.56
1269.00 0.130882 2.56
1270.00 0.130882 2.56
1271.00 0.130882 2.56
1272.00 0.130882 2.56
1273.00 0.130882 2.56
1274.00 0.130882 2.56
1275.00 0.130882 2.56
1276.00 0.130882 2.56
1277.00 0.130882 2.56
1278.00 0.130882 2.56
1279.00 0.130882 2.56
1280.00 0.130882 2.56
1281.00 0.130882 2.56
1282.00 0.130882 2.56
1283.00 0.130882 2.56
1284.00 0.130882 2.56
1285.00 0.130882 2.56
1286.00 0.130882 2.56
1287.00 0.130882 2.56
1288.00 0.130882 2.56
1289.00 0.130882 2.56
1290.00 0.130882 2.56
1291.00 0.130882 2.56
1292.00 0.130882 2.56
1293.00 0.130882 2.56
1294.00 0.130882 2.56
1295.00 0.130882 2.56
1296.00 0.130882 2.56
1297.00 0.130882 2.56
1298.00 0.130882 2.56
1299.00 0.130882 2.56
1300.00 0.130882 2.56
1301.00 0.130882 2.56
1302.00 0.130882 2.56
1303.00 0.130882 2.56
1304.00 0.130882 2.56
1305.00 0.130882 2.56
1306.00 0.130882 2.56
1307.00 0.130882 2.56
1308.00 0.130882 2.56
1309.00 0.130882 2.56
1310.00 0.130882 2.56
1311.00 0.130882 2.56
1312.00 0.130882 2.56
1313.00 0.130882 2.56
1314.00 0.130882 2.56
1315.00 0.130882 2.56
1316.00 0.130882 2.56
1317.00 0.130882 2.56
1318.00 0.130882 2.56
1319.00 0.130882 2.56
1320.00 0.130882 2.56
1321.00 0.130882 2.56
1322.00 0.130882 2.56
1323.00 0.130882 2.56
1324.00 0.130882 2.56
1325.00 0.130882 2.56
1326.00 0.130882 2.56
1327.00 0.130882 2.56
1328.00 0.130882 2.56
1329.00 0.130882 2.56
1330.00 0.130882 2.56
1331.00 0.130882 2.56
1332.00 0.130882 2.56
1333.00 0.130882 2.56
1334.00 0.130882 2.56
1335.00 0.130882 2.56
1336.00 0.130882 2.56
1337.00 0.130882 2.56
1338.00 0.130882 2.56
1339.00 0.130882 2.56
1340.00 0.130882 2.56
1341.00 0.130882 2.56
1342.00 0.130882 2.56
1343.00 0.130882 2.56
1344.00 0.130882 2.56
1345.00 0.130882 2.56
1346.00 0.130882 2.56
1347.00 0.130882 2.56
1348.00 0.130882 2.56
1349.00 0.130882 2.56
1350.00 0.130882 2.56
1351.00 0.130882 2.56
1352.00 0.130882 2.56
1353.00 0.130882 2.56
1354.00 0.130882 2.56
1355.00 0.130882 2.56
1356.00 0.130882 2.56
1357.00 0.130882 2.56
1358.00 0.130882 2.56
1359.00 0.130882 2.56
1360.00 0.130882 2.56
1361.00 0.130882 2.56
1362.00 0.130882 2.56
1363.00 0.130882 2.56
1364.00 0.130882 2.56
1365.00 0.130882 2.56
1366.00 0.130882 2.56
1367.00 0.130882 2.56
1368.00 0.130882 2.56
1369.00 0.130882 2.56
1370.00 0.130882 2.56
1371.00 0.130882 2.56
1372.00 0.130882 2.56
1373.00 0.130882 2.56
1374.00 0.130882 2.56
1375.00 0.130882 2.56
1376.00 0.130882 2.56
1377.00 0.130882 2.56
1378.00 0.130882 2.56
1379.00 0.130882 2.56
1380.00 0.130882 2.56
1381.00 0.130882 2.56
1382.00 0.130882 2.56
1383.00 0.130882 2.56
1384.00 0.130882 2.56
1385.00 0.130882 2.56
1386.00 0.130882 2.56
1387.00 0.130882 2.56
1388.00 0.130882 2.56
1389.00 0.130882 2.56
1390.00 0.130882 2.56
1391.00 0.130882 2.56
1392.00 0.130882 2.56
1393.00 0.130882 2.56
1394.00 0.130882 2.56
1395.00 0.130882 2.56
1396.00 0.130882 2.56
1397.00 0.130882 2.56
1398.00 0.130882 2.56
1399.00 0.130882 2.56
1400.00 0.130882 2.56
1401.00 0.130882 2.56
1402.00 0.130882 2.56
1403.00 0.130882 2.56
1404.00 0.130882 2.56
1405.00 0.130882 2.56
1406.00 0.130882 2.56
1407.00 0.130882 2.56
1408.00 0.130882 2.56
1409.00 0.130882 2.56
1410.00 0.130882 2.56
1411.00 0.130882 2.56
1412.00 0.130882 2.56
1413.00 0.130882 2.56
1414.00 0.130882 2.56
1415.00 0.130882 2.56
1416.00 0.130882 2.56
1417.00 0.130882 2.56
1418.00 0.130882 2.56
1419.00 0.130882 2.56
1420.00 0.130882 2.56
1421.00 0.130882 2.56
1422.00 0.130882 2.56
1423.00 0.130882 2.56
1424.00 0.130882 2.56
1425.00 0.130882 2.56
1426.00 0.130882 2.56
1427.00 0.130882 2.56
1428.00 0.130882 2.56
1429.00 0.130882 2.56
1430.00 0.130882 2.56
1431.00 0.130882 2.56
1432.00 0.130882 2.56
1433.00 0.130882 2.56
1434.00 0.130882 2.56
1435.00 0.130882 2.56
1436.00 0.130882 2.56
1437.00 0.130882 2.56
1438.00 0.130882 2.56
1439.00 0.130882 2.56
1440.00 0.130882 2.56
1441.00 0.130882 2.56
1442.00 0.130882 2.56
1443.00 0.130882 2.56
1444.00 0.130882 2.56
1445.00 0.130882 2.56
1446.00 0.130882 2.56
1447.00 0.130882 2.56
1448.00 0.130882 2.56
1449.00 0.130882 2.56
1450.00 0.130882 2.56
1451.00 0.130882 2.56
1452.00 0.130882 2.56
1453.00 0.130882 2.56
1454.00 0.130882 2.56
1455.00 0.130882 2.56
1456.00 0.130882 2.56
1457.00 0.130882 2.56
1458.00 0.130882 2.56
1459.00 0.130882 2.56
1460.00 0.130882 2.56
1461.00 0.130882 2.56
1462.00 0.130882 2.56
1463.00 0.130882 2.56
1464.00 0.130882 2.56
1465.00 0.130882 2.56
1466.00 0.130882 2.56
1467.00 0.130882 2.56
1468.00 0.130882 2.56
1469.00 0.130882 2.56
1470.00 0.130882 2.56
1471.00 0.130882 2.56
1472.00 0.130882 2.56
1473.00 0.130882 2.56
1474.00 0.130882 2.56
1475.00 0.130882 2.56
1476.00 0.130882 2.56
1477.00 0.130882 2.56
1478.00 0.130882 2.56
1479.00 0.130882 2.56
1480.00 0.130882 2.56
1481.00 0.130882 2.56
1482.00 0.130882 2.56
1483.00 0.130882 2.56
1484.00 0.130882 2.56
1485.00 0.130882 2.56
1486.00 0.130882 2.56
1487.00 0.130882 2.56
1488.00 0.130882 2.56
1489.00 0.130882 2.56
1490.00 0.130882 2.56
1491.00 0.130882 2.56
1492.00 0.130882 2.56
1493.00 0.130882 2.56
1494.00 0.130882 2.56
1495.00 0.130882 2.56
1496.00 0.130882 2.56
1497.00 0.130882 2.56
1498.00 0.130882 2.56
1499.00 0.130882 2.56
1500.00 0.130882 2.56
1501.00 0.130882 2.56
1502.00 0.130882 2.56
1503.00 0.130882 2.56
1504.00 0.130882 2.56
1505.00 0.130882 2.56
1506.00 0.130882 2.56
1507.00 0.130882 2.56
1508.00 0.130882 2.56
1509.00 0.130882 2.56
1510.00 0.130882 2.56
1511.00 0.130882 2.56
1512.00 0.130882 2.56
1513.00 0.130882 2.56
1514.00 0.130882 2.56
1515.00 0.130882 2.56
1516.00 0.130882 2.56
1517.00 0.130882 2.56
1518.00 0.130882 2.56
1519.00 0.130882 2.56
1520.00 0.130882 2.56
1521.00 0.130882 2.56
1522.00 0.130882 2.56
1523.00 0.130882 2.56
1524.00 0.130882 2.56
1525.00 0.130882 2.56
1526.00 0.130882 2.56
1527.00 0.130882 2.56
1528.00 0.130882 2.56
1529.00 0.130882 2.56
1530.00 0.130882 2.56
1531.00 0.130882 2.56
1532.00 0.130882 2.56
1533.00 0.130882 2.56
1534.00 0.130882 2.56
1535.00 0.130882 2.56
1536.00 0.130882 2.56
1537.00 0.130882 2.56
1538.00 0.130882 2.56
1539.00 0.130882 2.56
1540.00 0.130882 2.56
1541.00 0.130882 2.56
1542.00 0.130882 2.56
1543.00 0.130882 2.56
1544.00 0.130882 2.56
1545.00 0.130882 2.56
1546.00 0.130882 2.56
1547.00 0.130882 2.56
1548.00 0.130882 2.56
1549.00 0.130882 2.56
1550.00 0.130882 2.56
1551.00 0.130882 2.56
1552.00 0.130882 2.56
1553.00 0.130882 2.56
1554.00 0.130882 2.56
1555.00 0.130882 2.56
1556.00 0.130882 2.56
1557.00 0.130882 2.56
1558.00 0.130882 2.56
1559.00 0.130882 2.56
1560.00 0.130882 2.56
1561.00 0.130882 2.56
1562.00 0.130882 2.56
1563.00 0.130882 2.56
1564.00 0.130882 2.56
1565.00 0.130882 2.56
1566.00 0.130882 2.56
1567.00 0.130882 2.56
1568.00 0.130882 2.56
1569.00 0.130882 2.56
1570.00 0.130882 2.56
1571.00 0.130882 2.56
1572.00 0.130882 2.56
1573.00 0.130882 2.56
1574.00 0.130882 2.56
1575.00 0.130882 2.56
1576.00 0.130882 2.56
1577.00 0.130882 2.56
1578.00 0.130882 2.56
1579.00 0.130882 2.56
1580.00 0.130882 2.56
1581.00 0.130882 2.56
1582.00 0.130882 2.56
1583.00 0.130882 2.56
1584.00 0.130882 2.56
1585.00 0.130882 2.56
1586.00 0.130882 2.56
1587.00 0.130882 2.56
1588.00 0.130882 2.56
1589.00 0.130882 2.56
1590.00 0.130882 2.56
1591.00 0.130882 2.56
1592.00 0.130882 2.56
1593.00 0.130882 2.56
1594.00 0.130882 2.56
1595.00 0.130882 2.56
1596.00 0.130882 2.56
1597.00 0.130882 2.56
1598.00 0.130882 2.56
1599.00 0.130882 2.56
1600.00 0.130882 2.56
1601.00 0.130882 2.56
1602.00 0.130882 2.56
1603.00 0.130882 2.56
1604.00 0.130882 2.56
1605.00 0.130882 2.56
1606.00 0.130882 2.56
1607.00 0.130882 2.56
1608.00 0.130882 2.56
1609.00 0.130882 2.56
1610.00 0.130882 2.56
1611.00 0.130882 2.56
1612.00 0.130882 2.56
1613.00 0.130882 2.56
1614.00 0.130882 2.56
1615.00 0.130882 2.56
1616.00 0.130882 2.56
1617.00 0.130882 2.56
1618.00 0.130882 2.56
1619.00 0.130882 2.56
1620.00 0.130882 2.56
1621.00 0.130882 2.56
1622.00 0.130882 2.56
1623.00 0.130882 2.56
1624.00 0.130882 2.56
1625.00 0.130882 2.56
1626.00 0.130882 2.56
1627.00 0.130882 2.56
1628.00 0.130882 2.56
1629.00 0.130882 2.56
1630.00 0.130882 2.56
1631.00 0.130882 2.56
1632.00 0.130882 2.56
1633.00 0.130882 2.56
1634.00 0.130882 2.56
1635.00 0.130882 2.56
1636.00 0.130882 2.56
1637.00 0.130882 2.56
1638.00 0.130882 2.56
1639.00 0.130882 2.56
1640.00 0.130882 2.56
1641.00 0.130882 2.56
1642.00 0.130882 2.56
1643.00 0.130882 2.56
1644.00 0.130882 2.56
1645.00 0.130882 2.56
1646.00 0.130882 2.56
1647.00 0.130882 2.56
1648.00 0.130882 2.56
1649.00 0.130882 2.56
1650.00 0.130882 2.56
1651.00 0.130882 2.56
1652.00 0.130882 2.56
1653.00 0.130882 2.56
1654.00 0.130882 2.56
1655.00 0.130882 2.56
1656.00 0.130882 2.56
1657.00 0.130882 2.56
1658.00 0.130882 2.56
1659.00 0.130882 2.56
1660.00 0.130882 2.56
1661.00 0.130882 2.56
1662.00 0.130882 2.56
1663.00 0.130882 2.56
1664.00 0.130882 2.56
1665.00 0.130882 2.56
1666.00 0.130882 2.56
1667.00 0.130882 2.56
1668.00 0.130882 2.56
1669.00 0.130882 2.56
1670.00 0.130882 2.56
1671.00 0.130882 2.56
1672.00 0.130882 2.56
1673.00 0.130882 2.56
1674.00 0.130882 2.56
1675.00 0.130882 2.56
1676.00 0.130882 2.56
1677.00 0.130882 2.56
1678.00 0.130882 2.56
1679.00 0.130882 2.56
1680.00 0.130882 2.56
1681.00 0.130882 2.56
1682.00 0.130882 2.56
1683.00 0.130882 2.56
1684.00 0.130882 2.56
1685.00 0.130882 2.56
1686.00 0.130882 2.56
1687.00 0.130882 2.56
1688.00 0.130882 2.56
1689.00 0.130882 2.56
1690.00 0.130882 2.56
1691.00 0.130882 2.56
1692.00 0.130882 2.56
1693.00 0.130882 2.56
1694.00 0.130882 2.56
1695.00 0.130882 2.56
1696.00 0.130882 2.56
1697.00 0.130882 2.56
1698.00 0.130882 2.56
1699.00 0.130882 2.56
1700.00 0.130882 2.56
1701.00 0.130882 2.56
1702.00 0.130882 2.56
1703.00 0.130882 2.56
1704.00 0.130882 2.56
1705.00 0.130882 2.56
1706.00 0.130882 2.56
1707.00 0.130882 2.56
1708.00 0.130882 2.56
1709.00 0.130882 2.56
1710.00 0.130882 2.56
1711.00 0.130882 2.56
1712.00 0.130882 2.56
1713.00 0.130882 2.56
1714.00 0.130882 2.56
1715.00 0.130882 2.56
1716.00 0.130882 2.56
1717.00 0.130882 2.56
1718.00 0.130882 2.56
1719.00 0.130882 2.56
1720.00 0.130882 2.56
1721.00 0.130882 2.56
1722.00 0.130882 2.56
1723.00 0.130882 2.56
1724.00 0.130882 2.56
1725.00 0.130882 2.56
1726.00 0.130882 2.56
1727.00 0.130882 2.56
1728.00 0.130882 2.56
1729.00 0.130882 2.56
1730.00 0.130882 2.56
1731.00 0.130882 2.56
1732.00 0.130882 2.56
1733.00 0.130882 2.56
1734.00 0.130882 2.56
1735.00 0.130882 2.56
1736.00 0.130882 2.56
1737.00 0.130882 2.56
1738.00 0.130882 2.56
1739.00 0.130882 2.56
1740.00 0.130882 2.56
1741.00 0.130882 2.56
1742.00 0.130882 2.56
1743.00 0.130882 2.56
1744.00 0.130882 2.56
1745.00 0.130882 2.56
1746.00 0.130882 2.56
1747.00 0.130882 2.56
1748.00 0.130882 2.56
1749.00 0.130882 2.56
1750.00 0.130882 2.56
1751.00 0.130882 2.56
1752.00 0.130882 2.56
1753.00 0.130882 2.56
1754.00 0.130882 2.56
1755.00 0.130882 2.56
1756.00 0.130882 2.56
1757.00 0.130882 2.56
1758.00 0.130882 2.56
1759.00 0.130882 2.56
1760.00 0.130882 2.56
1761.00 0.130882 2.56
1762.00 0.130882 2.56
1763.00 0.130882 2.56
1764.00 0.130882 2.56
1765.00 0.130882 2.56
1766.00 0.130882 2.56
1767.00 0.130882 2.56
1768.00 0.130882 2.56
1769.00 0.130882 2.56
1770.00 0.130882 2.56
1771.00 0.130882 2.56
1772.00 0.130882 2.56
1773.00 0.130882 2.56
1774.00 0.130882 2.56
1775.00 0.130882 2.56
1776.00 0.130882 2.56
1777.00 0.130882 2.56
1778.00 0.130882 2.56
1779.00 0.130882 2.56
1780.00 0.130882 2.56
1781.00 0.130882 2.56
1782.00 0.130882 2.56
1783.00 0.130882 2.56
1784.00 0.130882 2.56
1785.00 0.130882 2.56
1786.00 0.130882 2.56
1787.00 0.130882 2.56
1788.00 0.130882 2.56
1789.00 0.130882 2.56
1790.00 0.130882 2.56
1791.00 0.130882 2.56
1792.00 0.130882 2.56
1793.00 0.130882 2.56
1794.00 0.130882 2.56
1795.00 0.130882 2.56
1796.00 0.130882 2.56
1797.00 0.130882 2.56
1798.00 0.130882 2.56
1799.00 0.130882 2.56
1800.00 0.130882 2.56
1801.00 0.130882 2.56
1802.00 0.130882 2.56
1803.00 0.130882 2.56
1804.00 0.130882 2.56
1805.00 0.130882 2.56
1806.00 0.130882 2.56
1807.00 0.130882 2.56
1808.00 0.130882 2.56
1809.00 0.130882 2.56
1810.00 0.130882 2.56
1811.00 0.130882 2.56
1812.00 0.130882 2.56
1813.00 0.130882 2.56
1814.00 0.130882 2.56
1815.00 0.130882 2.56
1816.00 0.130882 2.56
1817.00 0.130882 2.56
1818.00 0.130882 2.56
1819.00 0.130882 2.56
1820.00 0.130882 2.56
1821.00 0.130882 2.56
1822.00 0.130882 2.56
1823.00 0.130882 2.56
1824.00 0.130882 2.56
1825.00 0.130882 2.56
1826.00 0.130882 2.56
1827.00 0.130882 2.56
1828.00 0.130882 2.56
1829.00 0.130882 2.56
1830.00 0.130882 2.56
1831.00 0.130882 2.56
1832.00 0.130882 2.56
1833.00 0.130882 2.56
1834.00 0.130882 2.56
1835.00 0.130882 2.56
1836.00 0.130882 2.56
1837.00 0.130882 2.56
1838.00 0.130882 2.56
1839.00 0.130882 2.56
1840.00 0.130882 2.56
1841.00 0.130882 2.56
1842.00 0.130882 2.56
1843.00 0.130882 2.56
1844.00 0.130882 2.56
1845.00 0.130882 2.56
1846.00 0.130882 2.56
1847.00 0.130882 2.56
1848.00 0.130882 2.56
1849.00 0.130882 2.56
1850.00 0.130882 2.56
1851.00 0.130882 2.56
1852.00 0.130882 2.56
1853.00 0.130882 2.56
1854.00 0.130882 2.56
1855.00 0.130882 2.56
1856.00 0.130882 2.56
1857.00 0.130882 2.56
1858.00 0.130882 2.56
1859.00 0.130882 2.56
1860.00 0.130882 2.56
1861.00 0.130882 2.56
1862.00 0.130882 2.56
1863.00 0.130882 2.56
1864.00 0.130882 2.56
1865.00 0.130882 2.56
1866.00 0.130882 2.56
1867.00 0.130882 2.56
1868.00 0.130882 2.56
1869.00 0.130882 2.56
1870.00 0.130882 2.56
1871.00 0.130882 2.56
1872.00 0.130882 2.56
1873.00 0.130882 2.56
1874.00 0.130882 2.56
1875.00 0.130882 2.56
1876.00 0.130882 2.56
1877.00 0.130882 2.56
1878.00 0.130882 2.56
1879.00 0.130882 2.56
1880.00 0.130882 2.56
1881.00 0.130882 2.56
1882.00 0.130882 2.56
1883.00 0.130882 2.56
1884.00 0.130882 2.56
1885.00 0.130882 2.56
1886.00 0.130882 2.56
1887.00 0.130882 2.56
1888.00 0.130882 2.56
1889.00 0.130882 2.56
1890.00 0.130882 2.56
1891.00 0.130882 2.56
1892.00 0.130882 2.56
1893.00 0.130882 2.56
1894.00 0.130882 2.56
1895.00 0.130882 2.56
1896.00 0.130882 2.56
1897.00 0.130882 2.56
1898.00 0.130882 2.56
1899.00 0.130882 2.56
1900.00 0.130882 2.56
1901.00 0.130882 2.56
1902.00 0.130882 2.56
1903.00 0.130882 2.56
1904.00 0.130882 2.56
1905.00 0.130882 2.56
1906.00 0.130882 2.56
1907.00 0.130882 2.56
1908.00 0.130882 2.56
1909.00 0.130882 2.56
1910.00 0.130882 2.56
1911.00 0.130882 2.56
1912.00 0.130882 2.56
1913.00 0.130882 2.56
1914.00 0.130882 2.56
1915.00 0.130882 2.56
1916.00 0.130882 2.56
1917.00 0.130882 2.56
1918.00 0.130882 2.56
1919.00 0.130882 2.56
1920.00 0.130882 2.56
1921.00 0.130882 2.56
1922.00 0.130882 2.56
1923.00 0.130882 2.56
1924.00 0.130882 2.56
1925.00 0.130882 2.56
1926.00 0.130882 2.56
1927.00 0.130882 2.56
1928.00 0.130882 2.56
1929.00 0.130882 2.56
1930.00 0.130882 2.56
1931.00 0.130882 2.56
1932.00 0.130882 2.56
1933.00 0.130882 2.56
1934.00 0.130882 2.56
1935.00 0.130882 2.56
1936.00 0.130882 2.56
1937.00 0.130882 2.56
1938.00 0.130882 2.56
1939.00 0.130882 2.56
1940.00 0.130882 2.56
1941.00 0.130882 2.56
1942.00 0.130882 2.56
1943.00 0.130882 2.56
1944.00 0.130882 2.56
1945.00 0.130882 2.56
1946.00 0.130882 2.56
1947.00 0.130882 2.56
1948.00 0.130882 2.56
1949.00 0.130882 2.56
1950.00 0.130882 2.56
1951.00 0.130882 2.56
1952.00 0.130882 2.56
1953.00 0.130882 2.56
1954.00 0.130882 2.56
1955.00 0.130882 2.56
1956.00 0.130882 2.56
1957.00 0.130882 2.56
1958.00 0.130882 2.56
1959.00 0.130882 2.56
1960.00 0.130882 2.56
1961.00 0.130882 2.56
1962.00 0.130882 2.56
1963.00 0.130882 2.56
1964.00 0.130882 2.56
1965.00 0.130882 2.56
1966.00 0.130882 2.56
1967.00 0.130882 2.56
1968.00 0.130882 2.56
1969.00 0.130882 2.56
1970.00 0.130882 2.56
1971.00 0.130882 2.56
1972.00 0.130882 2.56
1973.00 0.130882 2.56
1974.00 0.130882 2.56
1975.00 0.130882 2.56
1976.00 0.130882 2.56
1977.00 0.130882 2.56
1978.00 0.130882 2.56
1979.00 0.130882 2.56
1980.00 0.130882 2.56
1981.00 0.130882 2.56
1982.00 0.130882 2.56
1983.00 0.130882 2.56
1984.00 0.130882 2.56
1985.00 0.130882 2.56
1986.00 0.130882 2.56
1987.00 0.130882 2.56
1988.00 0.130882 2.56
1989.00 0.130882 2.56
1990.00 0.130882 2.56
1991.00 0.130882 2.56
1992.00 0.130882 2.56
1993.00 0.130882 2.56
1994.00 0.130882 2.56
1995.00 0.130882 2.56
1996.00 0.130882 2.56
1997.00 0.130882 2.56
1998.00 0.130882 2.56
1999.00 0.130882 2.56
2000.00 0.130882 2.56
