0.00 1.227603 13.08
1.00 1.226280 13.08
2.00 1.224960 13.07
3.00 1.223650 13.07
4.00 1.222347 13.07
5.00 1.221055 13.07
6.00 1.219773 13.07
7.00 1.218501 13.07
8.00 1.217235 13.07
9.00 1.215974 13.07
10.00 1.214763 13.06
11.00 1.213591 13.05
12.00 1.212532 13.04
13.00 1.211532 13.04
14.00 1.210548 13.04
15.00 1.209572 13.04
16.00 1.208598 13.04
17.00 1.207638 13.03
18.00 1.206740 13.02
19.00 1.205860 13.01
20.00 1.204983 13.01
21.00 1.204173 13.00
22.00 1.203407 12.99
23.00 1.202744 12.98
24.00 1.202175 12.97
25.00 1.201672 12.97
26.00 1.201202 12.96
27.00 1.200836 12.96
28.00 1.200479 12.96
29.00 1.200128 12.96
30.00 1.199778 12.96
31.00 1.199431 12.96
32.00 1.199104 12.95
33.00 1.198854 12.95
34.00 1.198644 12.94
35.00 1.198446 12.94
36.00 1.198255 12.94
37.00 1.198067 12.94
38.00 1.197881 12.94
39.00 1.197697 12.94
40.00 1.197515 12.94
41.00 1.197333 12.94
42.00 1.197151 12.94
43.00 1.197045 12.92
44.00 1.196988 12.92
45.00 1.196939 12.92
46.00 1.196895 12.92
47.00 1.196855 12.92
48.00 1.196818 12.92
49.00 1.196783 12.92
50.00 1.196751 12.92
51.00 1.196721 12.92
52.00 1.196693 12.92
53.00 1.196667 12.92
54.00 1.196643 12.92
55.00 1.196620 12.92
56.00 1.196599 12.92
57.00 1.196580 12.92
58.00 1.196561 12.92
59.00 1.196545 12.92
60.00 1.196529 12.92
61.00 1.196514 12.92
62.00 1.196500 12.92
63.00 1.196487 12.92
64.00 1.196475 12.92
65.00 1.196464 12.92
66.00 1.196454 12.92
67.00 1.196444 12.92
68.00 1.196435 12.92
69.00 1.196426 12.92
70.00 1.196418 12.92
71.00 1.196411 12.92
72.00 1.196404 12.92
73.00 1.196397 12.92
74.00 1.196391 12.92
75.00 1.196385 12.92
76.00 1.196380 12.92
77.00 1.196375 12.92
78.00 1.196370 12.92
79.00 1.196366 12.92
80.00 1.196362 12.92
81.00 1.196358 12.92
82.00 1.196354 12.92
83.00 1.196351 12.92
84.00 1.196348 12.92
85.00 1.196345 12.92
86.00 1.196342 12.92
87.00 1.196339 12.92
88.00 1.196337 12.92
89.00 1.196335 12.92
90.00 1.196333 12.92
91.00 1.196331 12.92
92.00 1.196329 12.92
93.00 1.196327 12.92
94.00 1.196325 12.92
95.00 1.196324 12.92
96.00 1.196322 12.92
97.00 1.196321 12.92
98.00 1.196320 12.92
99.00 1.196319 12.92
100.00 1.196318 12.92
101.00 1.196317 12.92
102.00 1.196316 12.92
103.00 1.196315 12.92
104.00 1.196314 12.92
105.00 1.196313 12.92
106.00 1.196312 12.92
107.00 1.196312 12.92
108.00 1.196311 12.92
109.00 1.196311 12.92
110.00 1.196310 12.92
111.00 1.196309 12.92
112.00 1.196309 12.92
113.00 1.196308 12.92
114.00 1.196308 12.92
115.00 1.196308 12.92
116.00 1.196307 12.92
117.00 1.196307 12.92
118.00 1.196307 12.92
119.00 1.196306 12.92
120.00 1.196306 12.92
121.00 1.196306 12.92
122.00 1.196305 12.92
123.00 1.196305 12.92
124.00 1.196305 12.92
125.00 1.196305 12.92
126.00 1.196305 12.92
127.00 1.196304 12.92
128.00 1.196304 12.92
129.00 1.196304 12.92
130.00 1.196304 12.92
131.00 1.196304 12.92
132.00 1.196304 12.92
133.00 1.196304 12.92
134.00 1.196303 12.92
135.00 1.196303 12.92
136.00 1.196303 12.92
137.00 1.196303 12.92
138.00 1.196303 12.92
139.00 1.196303 12.92
140.00 1.196303 12.92
141.00 1.196303 12.92
142.00 1.196303 12.92
143.00 1.196303 12.92
144.00 1.196303 12.92
145.00 1.196303 12.92
146.00 1.196303 12.92
147.00 1.196303 12.92
148.00 1.196302 12.92
149.00 1.196302 12.92
150.00 1.196302 12.92
151.00 1.196302 12.92
152.00 1.196302 12.92
153.00 1.196302 12.92
154.00 1.196302 12.92
155.00 1.196302 12.92
156.00 1.196302 12.92
157.00 1.196302 12.92
158.00 1.196302 12.92
159.00 1.196302 12.92
160.00 1.196302 12.92
161.00 1.196302 12.92
162.00 1.196302 12.92
163.00 1.196302 12.92
164.00 1.196302 12.92
165.00 1.196302 12.92
166.00 1.196302 12.92
167.00 1.196302 12.92
168.00 1.196302 12.92
169.00 1.196302 12.92
170.00 1.196302 12.92
171.00 1.196302 12.92
172.00 1.196302 12.92
173.00 1.196302 12.92
174.00 1.196302 12.92
175.00 1.196302 12.92
176.00 1.196302 12.92
177.00 1.196302 12.92
178.00 1.196302 12.92
179.00 1.196302 12.92
180.00 1.196302 12.92
181.00 1.196302 12.92
182.00 1.196302 12.92
183.00 1.196302 12.92
184.00 1.196302 12.92
185.00 1.196302 12.92
186.00 1.196302 12.92
187.00 1.196302 12.92
188.00 1.196302 12.92
189.00 1.196302 12.92
190.00 1.196302 12.92
191.00 1.196302 12.92
192.00 1.196302 12.92
193.00 1.196302 12.92
194.00 1.196302 12.92
195.00 1.196302 12.92
196.00 1.196302 12.92
197.00 1.196302 12.92
198.00 1.196302 12.92
199.00 1.196302 12.92
200.00 1.196302 12.92
201.00 1.196302 12.92
202.00 1.196302 12.92
203.00 1.196302 12.92
204.00 1.196302 12.92
205.00 1.196302 12.92
206.00 1.196302 12.92
207.00 1.196302 12.92
208.00 1.196302 12.92
209.00 1.196302 12.92
210.00 1.196302 12.92
211.00 1.196302 12.92
212.00 1.196302 12.92
213.00 1.196302 12.92
214.00 1.196302 12.92
215.00 1.196302 12.92
216.00 1.196302 12.92
217.00 1.196302 12.92
218.00 1.196302 12.92
219.00 1.196302 12.92
220.00 1.196302 12.92
221.00 1.196302 12.92
222.00 1.196302 12.92
223.00 1.196302 12.92
224.00 1.196302 12.92
225.00 1.196302 12.92
226.00 1.196302 12.92
227.00 1.196302 12.92
228.00 1.196302 12.92
229.00 1.196302 12.92
230.00 1.196302 12.92
231.00 1.196302 12.92
232.00 1.196302 12.92
233.00 1.196302 12.92
234.00 1.196302 12.92
235.00 1.196302 12.92
236.00 1.196302 12.92
237.00 1.196302 12.92
238.00 1.196302 12.92
239.00 1.196302 12.92
240.00 1.196302 12.92
241.00 1.196302 12.92
242.00 1.196302 12.92
243.00 1.196302 12.92
244.00 1.196302 12.92
245.00 1.196302 12.92
246.00 1.196302 12.92
247.00 1.196302 12.92
248.00 1.196302 12.92
249.00 1.196302 12.92
250.00 1.196302 12.92
251.00 1.196302 12.92
252.00 1.196302 12.92
253.00 1.196302 12.92
254.00 1.196302 12.92
255.00 1.196302 12.92
256.00 1.196302 12.92
257.00 1.196302 12.92
258.00 1.196302 12.92
259.00 1.196302 12.92
260.00 1.196302 12.92
261.00 1.196302 12.92
262.00 1.196302 12.92
263.00 1.196302 12.92
264.00 1.196302 12.92
265.00 1.196302 12.92
266.00 1.196302 12.92
267.00 1.196302 12.92
268.00 1.196302 12.92
269.00 1.196302 12.92
270.00 1.196302 12.92
271.00 1.196302 12.92
272.00 1.196302 12.92
273.00 1.196302 12.92
274.00 1.196302 12.92
275.00 1.196302 12.92
276.00 1.196302 12.92
277.00 1.196302 12.92
278.00 1.196302 12.92
279.00 1.196302 12.92
280.00 1.196302 12.92
281.00 1.196302 12.92
282.00 1.196302 12.92
283.00 1.196302 12.92
284.00 1.196302 12.92
285.00 1.196302 12.92
286.00 1.196302 12.92
287.00 1.196302 12.92
288.00 1.196302 12.92
289.00 1.196302 12.92
290.00 1.196302 12.92
291.00 1.196302 12.92
292.00 1.196302 12.92
293.00 1.196302 12.92
294.00 1.196302 12.92
295.00 1.196302 12.92
296.00 1.196302 12.92
297.00 1.196302 12.92
298.00 1.196302 12.92
299.00 1.196302 12.92
300.00 1.196302 12.92
301.00 1.196302 12.92
302.00 1.196302 12.92
303.00 1.196302 12.92
304.00 1.196302 12.92
305.00 1.196302 12.92
306.00 1.196302 12.92
307.00 1.196302 12.92
308.00 1.196302 12.92
309.00 1.196302 12.92
310.00 1.196302 12.92
311.00 1.196302 12.92
312.00 1.196302 12.92
313.00 1.196302 12.92
314.00 1.196302 12.92
315.00 1.196302 12.92
316.00 1.196302 12.92
317.00 1.196302 12.92
318.00 1.196302 12.92
319.00 1.196302 12.92
320.00 1.196302 12.92
321.00 1.196302 12.92
322.00 1.196302 12.92
323.00 1.196302 12.92
324.00 1.196302 12.92
325.00 1.196302 12.92
326.00 1.196302 12.92
327.00 1.196302 12.92
328.00 1.196302 12.92
329.00 1.196302 12.92
330.00 1.196302 12.92
331.00 1.196302 12.92
332.00 1.196302 12.92
333.00 1.196302 12.92
334.00 1.196302 12.92
335.00 1.196302 12.92
336.00 1.196302 12.92
337.00 1.196302 12.92
338.00 1.196302 12.92
339.00 1.196302 12.92
340.00 1.196302 12.92
341.00 1.196302 12.92
342.00 1.196302 12.92
343.00 1.196302 12.92
344.00 1.196302 12.92
345.00 1.196302 12.92
346.00 1.196302 12.92
347.00 1.196302 12.92
348.00 1.196302 12.92
349.00 1.196302 12.92
350.00 1.196302 12.92
351.00 1.196302 12.92
352.00 1.196302 12.92
353.00 1.196302 12.92
354.00 1.196302 12.92
355.00 1.196302 12.92
356.00 1.196302 12.92
357.00 1.196302 12.92
358.00 1.196302 12.92
359.00 1.196302 12.92
360.00 1.196302 12.92
361.00 1.196302 12.92
362.00 1.196302 12.92
363.00 1.196302 12.92
364.00 1.196302 12.92
365.00 1.196302 12.92
366.00 1.196302 12.92
367.00 1.196302 12.92
368.00 1.196302 12.92
369.00 1.196302 12.92
370.00 1.196302 12.92
371.00 1.196302 12.92
372.00 1.196302 12.92
373.00 1.196302 12.92
374.00 1.196302 12.92
375.00 1.196302 12.92
376.00 1.196302 12.92
377.00 1.196302 12.92
378.00 1.196302 12.92
379.00 1.196302 12.92
380.00 1.196302 12.92
381.00 1.196302 12.92
382.00 1.196302 12.92
383.00 1.196302 12.92
384.00 1.196302 12.92
385.00 1.196302 12.92
386.00 1.196302 12.92
387.00 1.196302 12.92
388.00 1.196302 12.92
389.00 1.196302 12.92
390.00 1.196302 12.92
391.00 1.196302 12.92
392.00 1.196302 12.92
393.00 1.196302 12.92
394.00 1.196302 12.92
395.00 1.196302 12.92
396.00 1.196302 12.92
397.00 1.196302 12.92
398.00 1.196302 12.92
399.00 1.196302 12.92
400.00 1.196302 12.92
401.00 1.196302 12.92
402.00 1.196302 12.92
403.00 1.196302 12.92
404.00 1.196302 12.92
405.00 1.196302 12.92
406.00 1.196302 12.92
407.00 1.196302 12.92
408.00 1.196302 12.92
409.00 1.196302 12.92
410.00 1.196302 12.92
411.00 1.196302 12.92
412.00 1.196302 12.92
413.00 1.196302 12.92
414.00 1.196302 12.92
415.00 1.196302 12.92
416.00 1.196302 12.92
417.00 1.196302 12.92
418.00 1.196302 12.92
419.00 1.196302 12.92
420.00 1.196302 12.92
421.00 1.196302 12.92
422.00 1.196302 12.92
423.00 1.196302 12.92
424.00 1.196302 12.92
425.00 1.196302 12.92
426.00 1.196302 12.92
427.00 1.196302 12.92
428.00 1.196302 12.92
429.00 1.196302 12.92
430.00 1.196302 12.92
431.00 1.196302 12.92
432.00 1.196302 12.92
433.00 1.196302 12.92
434.00 1.196302 12.92
435.00 1.196302 12.92
436.00 1.196302 12.92
437.00 1.196302 12.92
438.00 1.196302 12.92
439.00 1.196302 12.92
440.00 1.196302 12.92
441.00 1.196302 12.92
442.00 1.196302 12.92
443.00 1.196302 12.92
444.00 1.196302 12.92
445.00 1.196302 12.92
446.00 1.196302 12.92
447.00 1.196302 12.92
448.00 1.196302 12.92
449.00 1.196302 12.92
450.00 1.196302 12.92
451.00 1.196302 12.92
452.00 1.196302 12.92
453.00 1.196302 12.92
454.00 1.196302 12.92
455.00 1.196302 12.92
456.00 1.196302 12.92
457.00 1.196302 12.92
458.00 1.196302 12.92
459.00 1.196302 12.92
460.00 1.196302 12.92
461.00 1.196302 12.92
462.00 1.196302 12.92
463.00 1.196302 12.92
464.00 1.196302 12.92
465.00 1.196302 12.92
466.00 1.196302 12.92
467.00 1.196302 12.92
468.00 1.196302 12.92
469.00 1.196302 12.92
470.00 1.196302 12.92
471.00 1.196302 12.92
472.00 1.196302 12.92
473.00 1.196302 12.92
474.00 1.196302 12.92
475.00 1.196302 12.92
476.00 1.196302 12.92
477.00 1.196302 12.92
478.00 1.196302 12.92
479.00 1.196302 12.92
480.00 1.196302 12.92
481.00 1.196302 12.92
482.00 1.196302 12.92
483.00 1.196302 12.92
484.00 1.196302 12.92
485.00 1.196302 12.92
486.00 1.196302 12.92
487.00 1.196302 12.92
488.00 1.196302 12.92
489.00 1.196302 12.92
490.00 1.196302 12.92
491.00 1.196302 12.92
492.00 1.196302 12.92
493.00 1.196302 12.92
494.00 1.196302 12.92
495.00 1.196302 12.92
496.00 1.196302 12.92
497.00 1.196302 12.92
498.00 1.196302 12.92
499.00 1.196302 12.92
500.00 1.196302 12.92
501.00 1.196302 12.92
502.00 1.196302 12.92
503.00 1.196302 12.92
504.00 1.196302 12.92
505.00 1.196302 12.92
506.00 1.196302 12.92
507.00 1.196302 12.92
508.00 1.196302 12.92
509.00 1.196302 12.92
510.00 1.196302 12.92
511.00 1.196302 12.92
512.00 1.196302 12.92
513.00 1.196302 12.92
514.00 1.196302 12.92
515.00 1.196302 12.92
516.00 1.196302 12.92
517.00 1.196302 12.92
518.00 1.196302 12.92
519.00 1.196302 12.92
520.00 1.196302 12.92
521.00 1.196302 12.92
522.00 1.196302 12.92
523.00 1.196302 12.92
524.00 1.196302 12.92
525.00 1.196302 12.92
526.00 1.196302 12.92
527.00 1.196302 12.92
528.00 1.196302 12.92
529.00 1.196302 12.92
530.00 1.196302 12.92
531.00 1.196302 12.92
532.00 1.196302 12.92
533.00 1.196302 12.92
534.00 1.196302 12.92
535.00 1.196302 12.92
536.00 1.196302 12.92
537.00 1.196302 12.92
538.00 1.196302 12.92
539.00 1.196302 12.92
540.00 1.196302 12.92
541.00 1.196302 12.92
542.00 1.196302 12.92
543.00 1.196302 12.92
544.00 1.196302 12.92
545.00 1.196302 12.92
546.00 1.196302 12.92
547.00 1.196302 12.92
548.00 1.196302 12.92
549.00 1.196302 12.92
550.00 1.196302 12.92
551.00 1.196302 12.92
552.00 1.196302 12.92
553.00 1.196302 12.92
554.00 1.196302 12.92
555.00 1.196302 12.92
556.00 1.196302 12.92
557.00 1.196302 12.92
558.00 1.196302 12.92
559.00 1.196302 12.92
560.00 1.196302 12.92
561.00 1.196302 12.92
562.00 1.196302 12.92
563.00 1.196302 12.92
564.00 1.196302 12.92
565.00 1.196302 12.92
566.00 1.196302 12.92
567.00 1.196302 12.92
568.00 1.196302 12.92
569.00 1.196302 12.92
570.00 1.196302 12.92
571.00 1.196302 12.92
572.00 1.196302 12.92
573.00 1.196302 12.92
574.00 1.196302 12.92
575.00 1.196302 12.92
576.00 1.196302 12.92
577.00 1.196302 12.92
578.00 1.196302 12.92
579.00 1.196302 12.92
580.00 1.196302 12.92
581.00 1.196302 12.92
582.00 1.196302 12.92
583.00 1.196302 12.92
584.00 1.196302 12.92
585.00 1.196302 12.92
586.00 1.196302 12.92
587.00 1.196302 12.92
588.00 1.196302 12.92
589.00 1.196302 12.92
590.00 1.196302 12.92
591.00 1.196302 12.92
592.00 1.196302 12.92
593.00 1.196302 12.92
594.00 1.196302 12.92
595.00 1.196302 12.92
596.00 1.196302 12.92
597.00 1.196302 12.92
598.00 1.196302 12.92
599.00 1.196302 12.92
600.00 1.196302 12.92
601.00 1.196302 12.92
602.00 1.196302 12.92
603.00 1.196302 12.92
604.00 1.196302 12.92
605.00 1.196302 12.92
606.00 1.196302 12.92
607.00 1.196302 12.92
608.00 1.196302 12.92
609.00 1.196302 12.92
610.00 1.196302 12.92
611.00 1.196302 12.92
612.00 1.196302 12.92
613.00 1.196302 12.92
614.00 1.196302 12.92
615.00 1.196302 12.92
616.00 1.196302 12.92
617.00 1.196302 12.92
618.00 1.196302 12.92
619.00 1.196302 12.92
620.00 1.196302 12.92
621.00 1.196302 12.92
622.00 1.196302 12.92
623.00 1.196302 12.92
624.00 1.196302 12.92
625.00 1.196302 12.92
626.00 1.196302 12.92
627.00 1.196302 12.92
628.00 1.196302 12.92
629.00 1.196302 12.92
630.00 1.196302 12.92
631.00 1.196302 12.92
632.00 1.196302 12.92
633.00 1.196302 12.92
634.00 1.196302 12.92
635.00 1.196302 12.92
636.00 1.196302 12.92
637.00 1.196302 12.92
638.00 1.196302 12.92
639.00 1.196302 12.92
640.00 1.196302 12.92
641.00 1.196302 12.92
642.00 1.196302 12.92
643.00 1.196302 12.92
644.00 1.196302 12.92
645.00 1.196302 12.92
646.00 1.196302 12.92
647.00 1.196302 12.92
648.00 1.196302 12.92
649.00 1.196302 12.92
650.00 1.196302 12.92
651.00 1.196302 12.92
652.00 1.196302 12.92
653.00 1.196302 12.92
654.00 1.196302 12.92
655.00 1.196302 12.92
656.00 1.196302 12.92
657.00 1.196302 12.92
658.00 1.196302 12.92
659.00 1.196302 12.92
660.00 1.196302 12.92
661.00 1.196302 12.92
662.00 1.196302 12.92
663.00 1.196302 12.92
664.00 1.196302 12.92
665.00 1.196302 12.92
666.00 1.196302 12.92
667.00 1.196302 12.92
668.00 1.196302 12.92
669.00 1.196302 12.92
670.00 1.196302 12.92
671.00 1.196302 12.92
672.00 1.196302 12.92
673.00 1.196302 12.92
674.00 1.196302 12.92
675.00 1.196302 12.92
676.00 1.196302 12.92
677.00 1.196302 12.92
678.00 1.196302 12.92
679.00 1.196302 12.92
680.00 1.196302 12.92
681.00 1.196302 12.92
682.00 1.196302 12.92
683.00 1.196302 12.92
684.00 1.196302 12.92
685.00 1.196302 12.92
686.00 1.196302 12.92
687.00 1.196302 12.92
688.00 1.196302 12.92
689.00 1.196302 12.92
690.00 1.196302 12.92
691.00 1.196302 12.92
692.00 1.196302 12.92
693.00 1.196302 12.92
694.00 1.196302 12.92
695.00 1.196302 12.92
696.00 1.196302 12.92
697.00 1.196302 12.92
698.00 1.196302 12.92
699.00 1.196302 12.92
700.00 1.196302 12.92
701.00 1.196302 12.92
702.00 1.196302 12.92
703.00 1.196302 12.92
704.00 1.196302 12.92
705.00 1.196302 12.92
706.00 1.196302 12.92
707.00 1.196302 12.92
708.00 1.196302 12.92
709.00 1.196302 12.92
710.00 1.196302 12.92
711.00 1.196302 12.92
712.00 1.196302 12.92
713.00 1.196302 12.92
714.00 1.196302 12.92
715.00 1.196302 12.92
716.00 1.196302 12.92
717.00 1.196302 12.92
718.00 1.196302 12.92
719.00 1.196302 12.92
720.00 1.196302 12.92
721.00 1.196302 12.92
722.00 1.196302 12.92
723.00 1.196302 12.92
724.00 1.196302 12.92
725.00 1.196302 12.92
726.00 1.196302 12.92
727.00 1.196302 12.92
728.00 1.196302 12.92
729.00 1.196302 12.92
730.00 1.196302 12.92
731.00 1.196302 12.92
732.00 1.196302 12.92
733.00 1.196302 12.92
734.00 1.196302 12.92
735.00 1.196302 12.92
736.00 1.196302 12.92
737.00 1.196302 12.92
738.00 1.196302 12.92
739.00 1.196302 12.92
740.00 1.196302 12.92
741.00 1.196302 12.92
742.00 1.196302 12.92
743.00 1.196302 12.92
744.00 1.196302 12.92
745.00 1.196302 12.92
746.00 1.196302 12.92
747.00 1.196302 12.92
748.00 1.196302 12.92
749.00 1.196302 12.92
750.00 1.196302 12.92
751.00 1.196302 12.92
752.00 1.196302 12.92
753.00 1.196302 12.92
754.00 1.196302 12.92
755.00 1.196302 12.92
756.00 1.196302 12.92
757.00 1.196302 12.92
758.00 1.196302 12.92
759.00 1.196302 12.92
760.00 1.196302 12.92
761.00 1.196302 12.92
762.00 1.196302 12.92
763.00 1.196302 12.92
764.00 1.196302 12.92
765.00 1.196302 12.92
766.00 1.196302 12.92
767.00 1.196302 12.92
768.00 1.196302 12.92
769.00 1.196302 12.92
770.00 1.196302 12.92
771.00 1.196302 12.92
772.00 1.196302 12.92
773.00 1.196302 12.92
774.00 1.196302 12.92
775.00 1.196302 12.92
776.00 1.196302 12.92
777.00 1.196302 12.92
778.00 1.196302 12.92
779.00 1.196302 12.92
780.00 1.196302 12.92
781.00 1.196302 12.92
782.00 1.196302 12.92
783.00 1.196302 12.92
784.00 1.196302 12.92
785.00 1.196302 12.92
786.00 1.196302 12.92
787.00 1.196302 12.92
788.00 1.196302 12.92
789.00 1.196302 12.92
790.00 1.196302 12.92
791.00 1.196302 12.92
792.00 1.196302 12.92
793.00 1.196302 12.92
794.00 1.196302 12.92
795.00 1.196302 12.92
796.00 1.196302 12.92
797.00 1.196302 12.92
798.00 1.196302 12.92
799.00 1.196302 12.92
800.00 1.196302 12.92
801.00 1.196302 12.92
802.00 1.196302 12.92
803.00 1.196302 12.92
804.00 1.196302 12.92
805.00 1.196302 12.92
806.00 1.196302 12.92
807.00 1.196302 12.92
808.00 1.196302 12.92
809.00 1.196302 12.92
810.00 1.196302 12.92
811.00 1.196302 12.92
812.00 1.196302 12.92
813.00 1.196302 12.92
814.00 1.196302 12.92
815.00 1.196302 12.92
816.00 1.196302 12.92
817.00 1.196302 12.92
818.00 1.196302 12.92
819.00 1.196302 12.92
820.00 1.196302 12.92
821.00 1.196302 12.92
822.00 1.196302 12.92
823.00 1.196302 12.92
824.00 1.196302 12.92
825.00 1.196302 12.92
826.00 1.196302 12.92
827.00 1.196302 12.92
828.00 1.196302 12.92
829.00 1.196302 12.92
830.00 1.196302 12.92
831.00 1.196302 12.92
832.00 1.196302 12.92
833.00 1.196302 12.92
834.00 1.196302 12.92
835.00 1.196302 12.92
836.00 1.196302 12.92
837.00 1.196302 12.92
838.00 1.196302 12.92
839.00 1.196302 12.92
840.00 1.196302 12.92
841.00 1.196302 12.92
842.00 1.196302 12.92
843.00 1.196302 12.92
844.00 1.196302 12.92
845.00 1.196302 12.92
846.00 1.196302 12.92
847.00 1.196302 12.92
848.00 1.196302 12.92
849.00 1.196302 12.92
850.00 1.196302 12.92
851.00 1.196302 12.92
852.00 1.196302 12.92
853.00 1.196302 12.92
854.00 1.196302 12.92
855.00 1.196302 12.92
856.00 1.196302 12.92
857.00 1.196302 12.92
858.00 1.196302 12.92
859.00 1.196302 12.92
860.00 1.196302 12.92
861.00 1.196302 12.92
862.00 1.196302 12.92
863.00 1.196302 12.92
864.00 1.196302 12.92
865.00 1.196302 12.92
866.00 1.196302 12.92
867.00 1.196302 12.92
868.00 1.196302 12.92
869.00 1.196302 12.92
870.00 1.196302 12.92
871.00 1.196302 12.92
872.00 1.196302 12.92
873.00 1.196302 12.92
874.00 1.196302 12.92
875.00 1.196302 12.92
876.00 1.196302 12.92
877.00 1.196302 12.92
878.00 1.196302 12.92
879.00 1.196302 12.92
880.00 1.196302 12.92
881.00 1.196302 12.92
882.00 1.196302 12.92
883.00 1.196302 12.92
884.00 1.196302 12.92
885.00 1.196302 12.92
886.00 1.196302 12.92
887.00 1.196302 12.92
888.00 1.196302 12.92
889.00 1.196302 12.92
890.00 1.196302 12.92
891.00 1.196302 12.92
892.00 1.196302 12.92
893.00 1.196302 12.92
894.00 1.196302 12.92
895.00 1.196302 12.92
896.00 1.196302 12.92
897.00 1.196302 12.92
898.00 1.196302 12.92
899.00 1.196302 12.92
900.00 1.196302 12.92
901.00 1.196302 12.92
902.00 1.196302 12.92
903.00 1.196302 12.92
904.00 1.196302 12.92
905.00 1.196302 12.92
906.00 1.196302 12.92
907.00 1.196302 12.92
908.00 1.196302 12.92
909.00 1.196302 12.92
910.00 1.196302 12.92
911.00 1.196302 12.92
912.00 1.196302 12.92
913.00 1.196302 12.92
914.00 1.196302 12.92
915.00 1.196302 12.92
916.00 1.196302 12.92
917.00 1.196302 12.92
918.00 1.196302 12.92
919.00 1.196302 12.92
920.00 1.196302 12.92
921.00 1.196302 12.92
922.00 1.196302 12.92
923.00 1.196302 12.92
924.00 1.196302 12.92
925.00 1.196302 12.92
926.00 1.196302 12.92
927.00 1.196302 12.92
928.00 1.196302 12.92
929.00 1.196302 12.92
930.00 1.196302 12.92
931.00 1.196302 12.92
932.00 1.196302 12.92
933.00 1.196302 12.92
934.00 1.196302 12.92
935.00 1.196302 12.92
936.00 1.196302 12.92
937.00 1.196302 12.92
938.00 1.196302 12.92
939.00 1.196302 12.92
940.00 1.196302 12.92
941.00 1.196302 12.92
942.00 1.196302 12.92
943.00 1.196302 12.92
944.00 1.196302 12.92
945.00 1.196302 12.92
946.00 1.196302 12.92
947.00 1.196302 12.92
948.00 1.196302 12.92
949.00 1.196302 12.92
950.00 1.196302 12.92
951.00 1.196302 12.92
952.00 1.196302 12.92
953.00 1.196302 12.92
954.00 1.196302 12.92
955.00 1.196302 12.92
956.00 1.196302 12.92
957.00 1.196302 12.92
958.00 1.196302 12.92
959.00 1.196302 12.92
960.00 1.196302 12.92
961.00 1.196302 12.92
962.00 1.196302 12.92
963.00 1.196302 12.92
964.00 1.196302 12.92
965.00 1.196302 12.92
966.00 1.196302 12.92
967.00 1.196302 12.92
968.00 1.196302 12.92
969.00 1.196302 12.92
970.00 1.196302 12.92
971.00 1.196302 12.92
972.00 1.196302 12.92
973.00 1.196302 12.92
974.00 1.196302 12.92
975.00 1.196302 12.92
976.00 1.196302 12.92
977.00 1.196302 12.92
978.00 1.196302 12.92
979.00 1.196302 12.92
980.00 1.196302 12.92
981.00 1.196302 12.92
982.00 1.196302 12.92
983.00 1.196302 12.92
984.00 1.196302 12.92
985.00 1.196302 12.92
986.00 1.196302 12.92
987.00 1.196302 12.92
988.00 1.196302 12.92
989.00 1.196302 12.92
990.00 1.196302 12.92
991.00 1.196302 12.92
992.00 1.196302 12.92
993.00 1.196302 12.92
994.00 1.196302 12.92
995.00 1.196302 12.92
996.00 1.196302 12.92
997.00 1.196302 12.92
998.00 1.196302 12.92
999.00 1.196302 12.92
1000.00 1.196302 12.92
1001.00 1.196302 12.92
1002.00 1.196302 12.92
1003.00 1.196302 12.92
1004.00 1.196302 12.92
1005.00 1.196302 12.92
1006.00 1.196302 12.92
1007.00 1.196302 12.92
1008.00 1.196302 12.92
1009.00 1.196302 12.92
1010.00 1.196302 12.92
1011.00 1.196302 12.92
1012.00 1.196302 12.92
1013.00 1.196302 12.92
1014.00 1.196302 12.92
1015.00 1.196302 12.92
1016.00 1.196302 12.92
1017.00 1.196302 12.92
1018.00 1.196302 12.92
1019.00 1.196302 12.92
1020.00 1.196302 12.92
1021.00 1.196302 12.92
1022.00 1.196302 12.92
1023.00 1.196302 12.92
1024.00 1.196302 12.92
1025.00 1.196302 12.92
1026.00 1.196302 12.92
1027.00 1.196302 12.92
1028.00 1.196302 12.92
1029.00 1.196302 12.92
1030.00 1.196302 12.92
1031.00 1.196302 12.92
1032.00 1.196302 12.92
1033.00 1.196302 12.92
1034.00 1.196302 12.92
1035.00 1.196302 12.92
1036.00 1.196302 12.92
1037.00 1.196302 12.92
1038.00 1.196302 12.92
1039.00 1.196302 12.92
1040.00 1.196302 12.92
1041.00 1.196302 12.92
1042.00 1.196302 12.92
1043.00 1.196302 12.92
1044.00 1.196302 12.92
1045.00 1.196302 12.92
1046.00 1.196302 12.92
1047.00 1.196302 12.92
1048.00 1.196302 12.92
1049.00 1.196302 12.92
1050.00 1.196302 12.92
1051.00 1.196302 12.92
1052.00 1.196302 12.92
1053.00 1.196302 12.92
1054.00 1.196302 12.92
1055.00 1.196302 12.92
1056.00 1.196302 12.92
1057.00 1.196302 12.92
1058.00 1.196302 12.92
1059.00 1.196302 12.92
1060.00 1.196302 12.92
1061.00 1.196302 12.92
1062.00 1.196302 12.92
1063.00 1.196302 12.92
1064.00 1.196302 12.92
1065.00 1.196302 12.92
1066.00 1.196302 12.92
1067.00 1.196302 12.92
1068.00 1.196302 12.92
1069.00 1.196302 12.92
1070.00 1.196302 12.92
1071.00 1.196302 12.92
1072.00 1.196302 12.92
1073.00 1.196302 12.92
1074.00 1.196302 12.92
1075.00 1.196302 12.92
1076.00 1.196302 12.92
1077.00 1.196302 12.92
1078.00 1.196302 12.92
1079.00 1.196302 12.92
1080.00 1.196302 12.92
1081.00 1.196302 12.92
1082.00 1.196302 12.92
1083.00 1.196302 12.92
1084.00 1.196302 12.92
1085.00 1.196302 12.92
1086.00 1.196302 12.92
1087.00 1.196302 12.92
1088.00 1.196302 12.92
1089.00 1.196302 12.92
1090.00 1.196302 12.92
1091.00 1.196302 12.92
1092.00 1.196302 12.92
1093.00 1.196302 12.92
1094.00 1.196302 12.92
1095.00 1.196302 12.92
1096.00 1.196302 12.92
1097.00 1.196302 12.92
1098.00 1.196302 12.92
1099.00 1.196302 12.92
1100.00 1.196302 12.92
1101.00 1.196302 12.92
1102.00 1.196302 12.92
1103.00 1.196302 12.92
1104.00 1.196302 12.92
1105.00 1.196302 12.92
1106.00 1.196302 12.92
1107.00 1.196302 12.92
1108.00 1.196302 12.92
1109.00 1.196302 12.92
1110.00 1.196302 12.92
1111.00 1.196302 12.92
1112.00 1.196302 12.92
1113.00 1.196302 12.92
1114.00 1.196302 12.92
1115.00 1.196302 12.92
1116.00 1.196302 12.92
1117.00 1.196302 12.92
1118.00 1.196302 12.92
1119.00 1.196302 12.92
1120.00 1.196302 12.92
1121.00 1.196302 12.92
1122.00 1.196302 12.92
1123.00 1.196302 12.92
1124.00 1.196302 12.92
1125.00 1.196302 12.92
1126.00 1.196302 12.92
1127.00 1.196302 12.92
1128.00 1.196302 12.92
1129.00 1.196302 12.92
1130.00 1.196302 12.92
1131.00 1.196302 12.92
1132.00 1.196302 12.92
1133.00 1.196302 12.92
1134.00 1.196302 12.92
1135.00 1.196302 12.92
1136.00 1.196302 12.92
1137.00 1.196302 12.92
1138.00 1.196302 12.92
1139.00 1.196302 12.92
1140.00 1.196302 12.92
1141.00 1.196302 12.92
1142.00 1.196302 12.92
1143.00 1.196302 12.92
1144.00 1.196302 12.92
1145.00 1.196302 12.92
1146.00 1.196302 12.92
1147.00 1.196302 12.92
1148.00 1.196302 12.92
1149.00 1.196302 12.92
1150.00 1.196302 12.92
1151.00 1.196302 12.92
1152.00 1.196302 12.92
1153.00 1.196302 12.92
1154.00 1.196302 12.92
1155.00 1.196302 12.92
1156.00 1.196302 12.92
1157.00 1.196302 12.92
1158.00 1.196302 12.92
1159.00 1.196302 12.92
1160.00 1.196302 12.92
1161.00 1.196302 12.92
1162.00 1.196302 12.92
1163.00 1.196302 12.92
1164.00 1.196302 12.92
1165.00 1.196302 12.92
1166.00 1.196302 12.92
1167.00 1.196302 12.92
1168.00 1.196302 12.92
1169.00 1.196302 12.92
1170.00 1.196302 12.92
1171.00 1.196302 12.92
1172.00 1.196302 12.92
1173.00 1.196302 12.92
1174.00 1.196302 12.92
1175.00 1.196302 12.92
1176.00 1.196302 12.92
1177.00 1.196302 12.92
1178.00 1.196302 12.92
1179.00 1.196302 12.92
1180.00 1.196302 12.92
1181.00 1.196302 12.92
1182.00 1.196302 12.92
1183.00 1.196302 12.92
1184.00 1.196302 12.92
1185.00 1.196302 12.92
1186.00 1.196302 12.92
1187.00 1.196302 12.92
1188.00 1.196302 12.92
1189.00 1.196302 12.92
1190.00 1.196302 12.92
1191.00 1.196302 12.92
1192.00 1.196302 12.92
1193.00 1.196302 12.92
1194.00 1.196302 12.92
1195.00 1.196302 12.92
1196.00 1.196302 12.92
1197.00 1.196302 12.92
1198.00 1.196302 12.92
1199.00 1.196302 12.92
1200.00 1.196302 12.92
1201.00 1.196302 12.92
1202.00 1.196302 12.92
1203.00 1.196302 12.92
1204.00 1.196302 12.92
1205.00 1.196302 12.92
1206.00 1.196302 12.92
1207.00 1.196302 12.92
1208.00 1.196302 12.92
1209.00 1.196302 12.92
1210.00 1.196302 12.92
1211.00 1.196302 12.92
1212.00 1.196302 12.92
1213.00 1.196302 12.92
1214.00 1.196302 12.92
1215.00 1.196302 12.92
1216.00 1.196302 12.92
1217.00 1.196302 12.92
1218.00 1.196302 12.92
1219.00 1.196302 12.92
1220.00 1.196302 12.92
1221.00 1.196302 12.92
1222.00 1.196302 12.92
1223.00 1.196302 12.92
1224.00 1.196302 12.92
1225.00 1.196302 12.92
1226.00 1.196302 12.92
1227.00 1.196302 12.92
1228.00 1.196302 12.92
1229.00 1.196302 12.92
1230.00 1.196302 12.92
1231.00 1.196302 12.92
1232.00 1.196302 12.92
1233.00 1.196302 12.92
1234.00 1.196302 12.92
1235.00 1.196302 12.92
1236.00 1.196302 12.92
1237.00 1.196302 12.92
1238.00 1.196302 12.92
1239.00 1.196302 12.92
1240.00 1.196302 12.92
1241.00 1.196302 12.92
1242.00 1.196302 12.92
1243.00 1.196302 12.92
1244.00 1.196302 12.92
1245.00 1.196302 12.92
1246.00 1.196302 12.92
1247.00 1.196302 12.92
1248.00 1.196302 12.92
1249.00 1.196302 12.92
1250.00 1.196302 12.92
1251.00 1.196302 12.92
1252.00 1.196302 12.92
1253.00 1.196302 12.92
1254.00 1.196302 12.92
1255.00 1.196302 12.92
1256.00 1.196302 12.92
1257.00 1.196302 12.92
1258.00 1.196302 12.92
1259.00 1.196302 12.92
1260.00 1.196302 12.92
1261.00 1.196302 12.92
1262.00 1.196302 12.92
1263.00 1.196302 12.92
1264.00 1.196302 12.92
1265.00 1.196302 12.92
1266.00 1.196302 12.92
1267.00 1.196302 12.92
1268.00 1.196302 12.92
1269.00 1.196302 12.92
1270.00 1.196302 12.92
1271.00 1.196302 12.92
1272.00 1.196302 12.92
1273.00 1.196302 12.92
1274.00 1.196302 12.92
1275.00 1.196302 12.92
1276.00 1.196302 12.92
1277.00 1.196302 12.92
1278.00 1.196302 12.92
1279.00 1.196302 12.92
1280.00 1.196302 12.92
1281.00 1.196302 12.92
1282.00 1.196302 12.92
1283.00 1.196302 12.92
1284.00 1.196302 12.92
1285.00 1.196302 12.92
1286.00 1.196302 12.92
1287.00 1.196302 12.92
1288.00 1.196302 12.92
1289.00 1.196302 12.92
1290.00 1.196302 12.92
1291.00 1.196302 12.92
1292.00 1.196302 12.92
1293.00 1.196302 12.92
1294.00 1.196302 12.92
1295.00 1.196302 12.92
1296.00 1.196302 12.92
1297.00 1.196302 12.92
1298.00 1.196302 12.92
1299.00 1.196302 12.92
1300.00 1.196302 12.92
1301.00 1.196302 12.92
1302.00 1.196302 12.92
1303.00 1.196302 12.92
1304.00 1.196302 12.92
1305.00 1.196302 12.92
1306.00 1.196302 12.92
1307.00 1.196302 12.92
1308.00 1.196302 12.92
1309.00 1.196302 12.92
1310.00 1.196302 12.92
1311.00 1.196302 12.92
1312.00 1.196302 12.92
1313.00 1.196302 12.92
1314.00 1.196302 12.92
1315.00 1.196302 12.92
1316.00 1.196302 12.92
1317.00 1.196302 12.92
1318.00 1.196302 12.92
1319.00 1.196302 12.92
1320.00 1.196302 12.92
1321.00 1.196302 12.92
1322.00 1.196302 12.92
1323.00 1.196302 12.92
1324.00 1.196302 12.92
1325.00 1.196302 12.92
1326.00 1.196302 12.92
1327.00 1.196302 12.92
1328.00 1.196302 12.92
1329.00 1.196302 12.92
1330.00 1.196302 12.92
1331.00 1.196302 12.92
1332.00 1.196302 12.92
1333.00 1.196302 12.92
1334.00 1.196302 12.92
1335.00 1.196302 12.92
1336.00 1.196302 12.92
1337.00 1.196302 12.92
1338.00 1.196302 12.92
1339.00 1.196302 12.92
1340.00 1.196302 12.92
1341.00 1.196302 12.92
1342.00 1.196302 12.92
1343.00 1.196302 12.92
1344.00 1.196302 12.92
1345.00 1.196302 12.92
1346.00 1.196302 12.92
1347.00 1.196302 12.92
1348.00 1.196302 12.92
1349.00 1.196302 12.92
1350.00 1.196302 12.92
1351.00 1.196302 12.92
1352.00 1.196302 12.92
1353.00 1.196302 12.92
1354.00 1.196302 12.92
1355.00 1.196302 12.92
1356.00 1.196302 12.92
1357.00 1.196302 12.92
1358.00 1.196302 12.92
1359.00 1.196302 12.92
1360.00 1.196302 12.92
1361.00 1.196302 12.92
1362.00 1.196302 12.92
1363.00 1.196302 12.92
1364.00 1.196302 12.92
1365.00 1.196302 12.92
1366.00 1.196302 12.92
1367.00 1.196302 12.92
1368.00 1.196302 12.92
1369.00 1.196302 12.92
1370.00 1.196302 12.92
1371.00 1.196302 12.92
1372.00 1.196302 12.92
1373.00 1.196302 12.92
1374.00 1.196302 12.92
1375.00 1.196302 12.92
1376.00 1.196302 12.92
1377.00 1.196302 12.92
1378.00 1.196302 12.92
1379.00 1.196302 12.92
1380.00 1.196302 12.92
1381.00 1.196302 12.92
1382.00 1.196302 12.92
1383.00 1.196302 12.92
1384.00 1.196302 12.92
1385.00 1.196302 12.92
1386.00 1.196302 12.92
1387.00 1.196302 12.92
1388.00 1.196302 12.92
1389.00 1.196302 12.92
1390.00 1.196302 12.92
1391.00 1.196302 12.92
1392.00 1.196302 12.92
1393.00 1.196302 12.92
1394.00 1.196302 12.92
1395.00 1.196302 12.92
1396.00 1.196302 12.92
1397.00 1.196302 12.92
1398.00 1.196302 12.92
1399.00 1.196302 12.92
1400.00 1.196302 12.92
1401.00 1.196302 12.92
1402.00 1.196302 12.92
1403.00 1.196302 12.92
1404.00 1.196302 12.92
1405.00 1.196302 12.92
1406.00 1.196302 12.92
1407.00 1.196302 12.92
1408.00 1.196302 12.92
1409.00 1.196302 12.92
1410.00 1.196302 12.92
1411.00 1.196302 12.92
1412.00 1.196302 12.92
1413.00 1.196302 12.92
1414.00 1.196302 12.92
1415.00 1.196302 12.92
1416.00 1.196302 12.92
1417.00 1.196302 12.92
1418.00 1.196302 12.92
1419.00 1.196302 12.92
1420.00 1.196302 12.92
1421.00 1.196302 12.92
1422.00 1.196302 12.92
1423.00 1.196302 12.92
1424.00 1.196302 12.92
1425.00 1.196302 12.92
1426.00 1.196302 12.92
1427.00 1.196302 12.92
1428.00 1.196302 12.92
1429.00 1.196302 12.92
1430.00 1.196302 12.92
1431.00 1.196302 12.92
1432.00 1.196302 12.92
1433.00 1.196302 12.92
1434.00 1.196302 12.92
1435.00 1.196302 12.92
1436.00 1.196302 12.92
1437.00 1.196302 12.92
1438.00 1.196302 12.92
1439.00 1.196302 12.92
1440.00 1.196302 12.92
1441.00 1.196302 12.92
1442.00 1.196302 12.92
1443.00 1.196302 12.92
1444.00 1.196302 12.92
1445.00 1.196302 12.92
1446.00 1.196302 12.92
1447.00 1.196302 12.92
1448.00 1.196302 12.92
1449.00 1.196302 12.92
1450.00 1.196302 12.92
1451.00 1.196302 12.92
1452.00 1.196302 12.92
1453.00 1.196302 12.92
1454.00 1.196302 12.92
1455.00 1.196302 12.92
1456.00 1.196302 12.92
1457.00 1.196302 12.92
1458.00 1.196302 12.92
1459.00 1.196302 12.92
1460.00 1.196302 12.92
1461.00 1.196302 12.92
1462.00 1.196302 12.92
1463.00 1.196302 12.92
1464.00 1.196302 12.92
1465.00 1.196302 12.92
1466.00 1.196302 12.92
1467.00 1.196302 12.92
1468.00 1.196302 12.92
1469.00 1.196302 12.92
1470.00 1.196302 12.92
1471.00 1.196302 12.92
1472.00 1.196302 12.92
1473.00 1.196302 12.92
1474.00 1.196302 12.92
1475.00 1.196302 12.92
1476.00 1.196302 12.92
1477.00 1.196302 12.92
1478.00 1.196302 12.92
1479.00 1.196302 12.92
1480.00 1.196302 12.92
1481.00 1.196302 12.92
1482.00 1.196302 12.92
1483.00 1.196302 12.92
1484.00 1.196302 12.92
1485.00 1.196302 12.92
1486.00 1.196302 12.92
1487.00 1.196302 12.92
1488.00 1.196302 12.92
1489.00 1.196302 12.92
1490.00 1.196302 12.92
1491.00 1.196302 12.92
1492.00 1.196302 12.92
1493.00 1.196302 12.92
1494.00 1.196302 12.92
1495.00 1.196302 12.92
1496.00 1.196302 12.92
1497.00 1.196302 12.92
1498.00 1.196302 12.92
1499.00 1.196302 12.92
1500.00 1.196302 12.92
1501.00 1.196302 12.92
1502.00 1.196302 12.92
1503.00 1.196302 12.92
1504.00 1.196302 12.92
1505.00 1.196302 12.92
1506.00 1.196302 12.92
1507.00 1.196302 12.92
1508.00 1.196302 12.92
1509.00 1.196302 12.92
1510.00 1.196302 12.92
1511.00 1.196302 12.92
1512.00 1.196302 12.92
1513.00 1.196302 12.92
1514.00 1.196302 12.92
1515.00 1.196302 12.92
1516.00 1.196302 12.92
1517.00 1.196302 12.92
1518.00 1.196302 12.92
1519.00 1.196302 12.92
1520.00 1.196302 12.92
1521.00 1.196302 12.92
1522.00 1.196302 12.92
1523.00 1.196302 12.92
1524.00 1.196302 12.92
1525.00 1.196302 12.92
1526.00 1.196302 12.92
1527.00 1.196302 12.92
1528.00 1.196302 12.92
1529.00 1.196302 12.92
1530.00 1.196302 12.92
1531.00 1.196302 12.92
1532.00 1.196302 12.92
1533.00 1.196302 12.92
1534.00 1.196302 12.92
1535.00 1.196302 12.92
1536.00 1.196302 12.92
1537.00 1.196302 12.92
1538.00 1.196302 12.92
1539.00 1.196302 12.92
1540.00 1.196302 12.92
1541.00 1.196302 12.92
1542.00 1.196302 12.92
1543.00 1.196302 12.92
1544.00 1.196302 12.92
1545.00 1.196302 12.92
1546.00 1.196302 12.92
1547.00 1.196302 12.92
1548.00 1.196302 12.92
1549.00 1.196302 12.92
1550.00 1.196302 12.92
1551.00 1.196302 12.92
1552.00 1.196302 12.92
1553.00 1.196302 12.92
1554.00 1.196302 12.92
1555.00 1.196302 12.92
1556.00 1.196302 12.92
1557.00 1.196302 12.92
1558.00 1.196302 12.92
1559.00 1.196302 12.92
1560.00 1.196302 12.92
1561.00 1.196302 12.92
1562.00 1.196302 12.92
1563.00 1.196302 12.92
1564.00 1.196302 12.92
1565.00 1.196302 12.92
1566.00 1.196302 12.92
1567.00 1.196302 12.92
1568.00 1.196302 12.92
1569.00 1.196302 12.92
1570.00 1.196302 12.92
1571.00 1.196302 12.92
1572.00 1.196302 12.92
1573.00 1.196302 12.92
1574.00 1.196302 12.92
1575.00 1.196302 12.92
1576.00 1.196302 12.92
1577.00 1.196302 12.92
1578.00 1.196302 12.92
1579.00 1.196302 12.92
1580.00 1.196302 12.92
1581.00 1.196302 12.92
1582.00 1.196302 12.92
1583.00 1.196302 12.92
1584.00 1.196302 12.92
1585.00 1.196302 12.92
1586.00 1.196302 12.92
1587.00 1.196302 12.92
1588.00 1.196302 12.92
1589.00 1.196302 12.92
1590.00 1.196302 12.92
1591.00 1.196302 12.92
1592.00 1.196302 12.92
1593.00 1.196302 12.92
1594.00 1.196302 12.92
1595.00 1.196302 12.92
1596.00 1.196302 12.92
1597.00 1.196302 12.92
1598.00 1.196302 12.92
1599.00 1.196302 12.92
1600.00 1.196302 12.92
1601.00 1.196302 12.92
1602.00 1.196302 12.92
1603.00 1.196302 12.92
1604.00 1.196302 12.92
1605.00 1.196302 12.92
1606.00 1.196302 12.92
1607.00 1.196302 12.92
1608.00 1.196302 12.92
1609.00 1.196302 12.92
1610.00 1.196302 12.92
1611.00 1.196302 12.92
1612.00 1.196302 12.92
1613.00 1.196302 12.92
1614.00 1.196302 12.92
1615.00 1.196302 12.92
1616.00 1.196302 12.92
1617.00 1.196302 12.92
1618.00 1.196302 12.92
1619.00 1.196302 12.92
1620.00 1.196302 12.92
1621.00 1.196302 12.92
1622.00 1.196302 12.92
1623.00 1.196302 12.92
1624.00 1.196302 12.92
1625.00 1.196302 12.92
1626.00 1.196302 12.92
1627.00 1.196302 12.92
1628.00 1.196302 12.92
1629.00 1.196302 12.92
1630.00 1.196302 12.92
1631.00 1.196302 12.92
1632.00 1.196302 12.92
1633.00 1.196302 12.92
1634.00 1.196302 12.92
1635.00 1.196302 12.92
1636.00 1.196302 12.92
1637.00 1.196302 12.92
1638.00 1.196302 12.92
1639.00 1.196302 12.92
1640.00 1.196302 12.92
1641.00 1.196302 12.92
1642.00 1.196302 12.92
1643.00 1.196302 12.92
1644.00 1.196302 12.92
1645.00 1.196302 12.92
1646.00 1.196302 12.92
1647.00 1.196302 12.92
1648.00 1.196302 12.92
1649.00 1.196302 12.92
1650.00 1.196302 12.92
1651.00 1.196302 12.92
1652.00 1.196302 12.92
1653.00 1.196302 12.92
1654.00 1.196302 12.92
1655.00 1.196302 12.92
1656.00 1.196302 12.92
1657.00 1.196302 12.92
1658.00 1.196302 12.92
1659.00 1.196302 12.92
1660.00 1.196302 12.92
1661.00 1.196302 12.92
1662.00 1.196302 12.92
1663.00 1.196302 12.92
1664.00 1.196302 12.92
1665.00 1.196302 12.92
1666.00 1.196302 12.92
1667.00 1.196302 12.92
1668.00 1.196302 12.92
1669.00 1.196302 12.92
1670.00 1.196302 12.92
1671.00 1.196302 12.92
1672.00 1.196302 12.92
1673.00 1.196302 12.92
1674.00 1.196302 12.92
1675.00 1.196302 12.92
1676.00 1.196302 12.92
1677.00 1.196302 12.92
1678.00 1.196302 12.92
1679.00 1.196302 12.92
1680.00 1.196302 12.92
1681.00 1.196302 12.92
1682.00 1.196302 12.92
1683.00 1.196302 12.92
1684.00 1.196302 12.92
1685.00 1.196302 12.92
1686.00 1.196302 12.92
1687.00 1.196302 12.92
1688.00 1.196302 12.92
1689.00 1.196302 12.92
1690.00 1.196302 12.92
1691.00 1.196302 12.92
1692.00 1.196302 12.92
1693.00 1.196302 12.92
1694.00 1.196302 12.92
1695.00 1.196302 12.92
1696.00 1.196302 12.92
1697.00 1.196302 12.92
1698.00 1.196302 12.92
1699.00 1.196302 12.92
1700.00 1.196302 12.92
1701.00 1.196302 12.92
1702.00 1.196302 12.92
1703.00 1.196302 12.92
1704.00 1.196302 12.92
1705.00 1.196302 12.92
1706.00 1.196302 12.92
1707.00 1.196302 12.92
1708.00 1.196302 12.92
1709.00 1.196302 12.92
1710.00 1.196302 12.92
1711.00 1.196302 12.92
1712.00 1.196302 12.92
1713.00 1.196302 12.92
1714.00 1.196302 12.92
1715.00 1.196302 12.92
1716.00 1.196302 12.92
1717.00 1.196302 12.92
1718.00 1.196302 12.92
1719.00 1.196302 12.92
1720.00 1.196302 12.92
1721.00 1.196302 12.92
1722.00 1.196302 12.92
1723.00 1.196302 12.92
1724.00 1.196302 12.92
1725.00 1.196302 12.92
1726.00 1.196302 12.92
1727.00 1.196302 12.92
1728.00 1.196302 12.92
1729.00 1.196302 12.92
1730.00 1.196302 12.92
1731.00 1.196302 12.92
1732.00 1.196302 12.92
1733.00 1.196302 12.92
1734.00 1.196302 12.92
1735.00 1.196302 12.92
1736.00 1.196302 12.92
1737.00 1.196302 12.92
1738.00 1.196302 12.92
1739.00 1.196302 12.92
1740.00 1.196302 12.92
1741.00 1.196302 12.92
1742.00 1.196302 12.92
1743.00 1.196302 12.92
1744.00 1.196302 12.92
1745.00 1.196302 12.92
1746.00 1.196302 12.92
1747.00 1.196302 12.92
1748.00 1.196302 12.92
1749.00 1.196302 12.92
1750.00 1.196302 12.92
1751.00 1.196302 12.92
1752.00 1.196302 12.92
1753.00 1.196302 12.92
1754.00 1.196302 12.92
1755.00 1.196302 12.92
1756.00 1.196302 12.92
1757.00 1.196302 12.92
1758.00 1.196302 12.92
1759.00 1.196302 12.92
1760.00 1.196302 12.92
1761.00 1.196302 12.92
1762.00 1.196302 12.92
1763.00 1.196302 12.92
1764.00 1.196302 12.92
1765.00 1.196302 12.92
1766.00 1.196302 12.92
1767.00 1.196302 12.92
1768.00 1.196302 12.92
1769.00 1.196302 12.92
1770.00 1.196302 12.92
1771.00 1.196302 12.92
1772.00 1.196302 12.92
1773.00 1.196302 12.92
1774.00 1.196302 12.92
1775.00 1.196302 12.92
1776.00 1.196302 12.92
1777.00 1.196302 12.92
1778.00 1.196302 12.92
1779.00 1.196302 12.92
1780.00 1.196302 12.92
1781.00 1.196302 12.92
1782.00 1.196302 12.92
1783.00 1.196302 12.92
1784.00 1.196302 12.92
1785.00 1.196302 12.92
1786.00 1.196302 12.92
1787.00 1.196302 12.92
1788.00 1.196302 12.92
1789.00 1.196302 12.92
1790.00 1.196302 12.92
1791.00 1.196302 12.92
1792.00 1.196302 12.92
1793.00 1.196302 12.92
1794.00 1.196302 12.92
1795.00 1.196302 12.92
1796.00 1.196302 12.92
1797.00 1.196302 12.92
1798.00 1.196302 12.92
1799.00 1.196302 12.92
1800.00 1.196302 12.92
1801.00 1.196302 12.92
1802.00 1.196302 12.92
1803.00 1.196302 12.92
1804.00 1.196302 12.92
1805.00 1.196302 12.92
1806.00 1.196302 12.92
1807.00 1.196302 12.92
1808.00 1.196302 12.92
1809.00 1.196302 12.92
1810.00 1.196302 12.92
1811.00 1.196302 12.92
1812.00 1.196302 12.92
1813.00 1.196302 12.92
1814.00 1.196302 12.92
1815.00 1.196302 12.92
1816.00 1.196302 12.92
1817.00 1.196302 12.92
1818.00 1.196302 12.92
1819.00 1.196302 12.92
1820.00 1.196302 12.92
1821.00 1.196302 12.92
1822.00 1.196302 12.92
1823.00 1.196302 12.92
1824.00 1.196302 12.92
1825.00 1.196302 12.92
1826.00 1.196302 12.92
1827.00 1.196302 12.92
1828.00 1.196302 12.92
1829.00 1.196302 12.92
1830.00 1.196302 12.92
1831.00 1.196302 12.92
1832.00 1.196302 12.92
1833.00 1.196302 12.92
1834.00 1.196302 12.92
1835.00 1.196302 12.92
1836.00 1.196302 12.92
1837.00 1.196302 12.92
1838.00 1.196302 12.92
1839.00 1.196302 12.92
1840.00 1.196302 12.92
1841.00 1.196302 12.92
1842.00 1.196302 12.92
1843.00 1.196302 12.92
1844.00 1.196302 12.92
1845.00 1.196302 12.92
1846.00 1.196302 12.92
1847.00 1.196302 12.92
1848.00 1.196302 12.92
1849.00 1.196302 12.92
1850.00 1.196302 12.92
1851.00 1.196302 12.92
1852.00 1.196302 12.92
1853.00 1.196302 12.92
1854.00 1.196302 12.92
1855.00 1.196302 12.92
1856.00 1.196302 12.92
1857.00 1.196302 12.92
1858.00 1.196302 12.92
1859.00 1.196302 12.92
1860.00 1.196302 12.92
1861.00 1.196302 12.92
1862.00 1.196302 12.92
1863.00 1.196302 12.92
1864.00 1.196302 12.92
1865.00 1.196302 12.92
1866.00 1.196302 12.92
1867.00 1.196302 12.92
1868.00 1.196302 12.92
1869.00 1.196302 12.92
1870.00 1.196302 12.92
1871.00 1.196302 12.92
1872.00 1.196302 12.92
1873.00 1.196302 12.92
1874.00 1.196302 12.92
1875.00 1.196302 12.92
1876.00 1.196302 12.92
1877.00 1.196302 12.92
1878.00 1.196302 12.92
1879.00 1.196302 12.92
1880.00 1.196302 12.92
1881.00 1.196302 12.92
1882.00 1.196302 12.92
1883.00 1.196302 12.92
1884.00 1.196302 12.92
1885.00 1.196302 12.92
1886.00 1.196302 12.92
1887.00 1.196302 12.92
1888.00 1.196302 12.92
1889.00 1.196302 12.92
1890.00 1.196302 12.92
1891.00 1.196302 12.92
1892.00 1.196302 12.92
1893.00 1.196302 12.92
1894.00 1.196302 12.92
1895.00 1.196302 12.92
1896.00 1.196302 12.92
1897.00 1.196302 12.92
1898.00 1.196302 12.92
1899.00 1.196302 12.92
1900.00 1.196302 12.92
1901.00 1.196302 12.92
1902.00 1.196302 12.92
1903.00 1.196302 12.92
1904.00 1.196302 12.92
1905.00 1.196302 12.92
1906.00 1.196302 12.92
1907.00 1.196302 12.92
1908.00 1.196302 12.92
1909.00 1.196302 12.92
1910.00 1.196302 12.92
1911.00 1.196302 12.92
1912.00 1.196302 12.92
1913.00 1.196302 12.92
1914.00 1.196302 12.92
1915.00 1.196302 12.92
1916.00 1.196302 12.92
1917.00 1.196302 12.92
1918.00 1.196302 12.92
1919.00 1.196302 12.92
1920.00 1.196302 12.92
1921.00 1.196302 12.92
1922.00 1.196302 12.92
1923.00 1.196302 12.92
1924.00 1.196302 12.92
1925.00 1.196302 12.92
1926.00 1.196302 12.92
1927.00 1.196302 12.92
1928.00 1.196302 12.92
1929.00 1.196302 12.92
1930.00 1.196302 12.92
1931.00 1.196302 12.92
1932.00 1.196302 12.92
1933.00 1.196302 12.92
1934.00 1.196302 12.92
1935.00 1.196302 12.92
1936.00 1.196302 12.92
1937.00 1.196302 12.92
1938.00 1.196302 12.92
1939.00 1.196302 12.92
1940.00 1.196302 12.92
1941.00 1.196302 12.92
1942.00 1.196302 12.92
1943.00 1.196302 12.92
1944.00 1.196302 12.92
1945.00 1.196302 12.92
1946.00 1.196302 12.92
1947.00 1.196302 12.92
1948.00 1.196302 12.92
1949.00 1.196302 12.92
1950.00 1.196302 12.92
1951.00 1.196302 12.92
1952.00 1.196302 12.92
1953.00 1.196302 12.92
1954.00 1.196302 12.92
1955.00 1.196302 12.92
1956.00 1.196302 12.92
1957.00 1.196302 12.92
1958.00 1.196302 12.92
1959.00 1.196302 12.92
1960.00 1.196302 12.92
1961.00 1.196302 12.92
1962.00 1.196302 12.92
1963.00 1.196302 12.92
1964.00 1.196302 12.92
1965.00 1.196302 12.92
1966.00 1.196302 12.92
1967.00 1.196302 12.92
1968.00 1.196302 12.92
1969.00 1.196302 12.92
1970.00 1.196302 12.92
1971.00 1.196302 12.92
1972.00 1.196302 12.92
1973.00 1.196302 12.92
1974.00 1.196302 12.92
1975.00 1.196302 12.92
1976.00 1.196302 12.92
1977.00 1.196302 12.92
1978.00 1.196302 12.92
1979.00 1.196302 12.92
1980.00 1.196302 12.92
1981.00 1.196302 12.92
1982.00 1.196302 12.92
1983.00 1.196302 12.92
1984.00 1.196302 12.92
1985.00 1.196302 12.92
1986.00 1.196302 12.92
1987.00 1.196302 12.92
1988.00 1.196302 12.92
1989.00 1.196302 12.92
1990.00 1.196302 12.92
1991.00 1.196302 12.92
1992.00 1.196302 12.92
1993.00 1.196302 12.92
1994.00 1.196302 12.92
1995.00 1.196302 12.92
1996.00 1.196302 12.92
1997.00 1.196302 12.92
1998.00 1.196302 12.92
1999.00 1.196302 12.92
2000.00 1.196302 12.92
