0.00 0.263091 4.23
1.00 0.262373 4.23
2.00 0.261662 4.23
3.00 0.260958 4.23
4.00 0.260263 4.23
5.00 0.259592 4.22
6.00 0.258946 4.22
7.00 0.258317 4.22
8.00 0.257700 4.22
9.00 0.257091 4.22
10.00 0.256504 4.21
11.00 0.255941 4.21
12.00 0.255383 4.20
13.00 0.254840 4.20
14.00 0.254295 4.20
15.00 0.253747 4.20
16.00 0.253195 4.20
17.00 0.252638 4.20
18.00 0.252075 4.20
19.00 0.251506 4.20
20.00 0.250931 4.20
21.00 0.250350 4.20
22.00 0.249764 4.20
23.00 0.249221 4.18
24.00 0.248755 4.17
25.00 0.248388 4.16
26.00 0.248086 4.16
27.00 0.247785 4.16
28.00 0.247512 4.14
29.00 0.247245 4.14
30.00 0.246978 4.14
31.00 0.246711 4.14
32.00 0.246475 4.12
33.00 0.246385 4.11
34.00 0.246298 4.11
35.00 0.246251 4.10
36.00 0.246231 4.10
37.00 0.246215 4.10
38.00 0.246201 4.10
39.00 0.246189 4.10
40.00 0.246178 4.10
41.00 0.246169 4.10
42.00 0.246160 4.10
43.00 0.246153 4.10
44.00 0.246146 4.10
45.00 0.246139 4.10
46.00 0.246133 4.10
47.00 0.246127 4.10
48.00 0.246122 4.10
49.00 0.246117 4.10
50.00 0.246112 4.10
51.00 0.246108 4.10
52.00 0.246104 4.10
53.00 0.246100 4.10
54.00 0.246096 4.10
55.00 0.246092 4.10
56.00 0.246088 4.10
57.00 0.246084 4.10
58.00 0.246081 4.10
59.00 0.246077 4.10
60.00 0.246074 4.10
61.00 0.246071 4.10
62.00 0.246067 4.10
63.00 0.246064 4.10
64.00 0.246061 4.10
65.00 0.246058 4.10
66.00 0.246055 4.10
67.00 0.246052 4.10
68.00 0.246048 4.10
69.00 0.246045 4.10
70.00 0.246042 4.10
71.00 0.246039 4.10
72.00 0.246036 4.10
73.00 0.246034 4.10
74.00 0.246031 4.10
75.00 0.246028 4.10
76.00 0.246025 4.10
77.00 0.246022 4.10
78.00 0.246019 4.10
79.00 0.246016 4.10
80.00 0.246013 4.10
81.00 0.246010 4.10
82.00 0.246008 4.10
83.00 0.246005 4.10
84.00 0.246002 4.10
85.00 0.245999 4.10
86.00 0.245996 4.10
87.00 0.245993 4.10
88.00 0.245990 4.10
89.00 0.245988 4.10
90.00 0.245985 4.10
91.00 0.245982 4.10
92.00 0.245979 4.10
93.00 0.245976 4.10
94.00 0.245973 4.10
95.00 0.245971 4.10
96.00 0.245968 4.10
97.00 0.245965 4.10
98.00 0.245962 4.10
99.00 0.245959 4.10
100.00 0.245956 4.10
101.00 0.245953 4.10
102.00 0.245950 4.10
103.00 0.245948 4.10
104.00 0.245945 4.09
105.00 0.245945 4.09
106.00 0.245944 4.09
107.00 0.245944 4.09
108.00 0.245943 4.09
109.00 0.245943 4.09
110.00 0.245942 4.09
111.00 0.245942 4.09
112.00 0.245941 4.09
113.00 0.245941 4.09
114.00 0.245940 4.09
115.00 0.245940 4.09
116.00 0.245940 4.09
117.00 0.245939 4.09
118.00 0.245939 4.09
119.00 0.245939 4.09
120.00 0.245938 4.09
121.00 0.245938 4.09
122.00 0.245938 4.09
123.00 0.245938 4.09
124.00 0.245937 4.09
125.00 0.245937 4.09
126.00 0.245937 4.09
127.00 0.245936 4.09
128.00 0.245936 4.09
129.00 0.245936 4.09
130.00 0.245936 4.09
131.00 0.245935 4.09
132.00 0.245935 4.09
133.00 0.245935 4.09
134.00 0.245935 4.09
135.00 0.245934 4.09
136.00 0.245934 4.09
137.00 0.245934 4.09
138.00 0.245934 4.09
139.00 0.245934 4.09
140.00 0.245933 4.09
141.00 0.245933 4.09
142.00 0.245933 4.09
143.00 0.245933 4.09
144.00 0.245933 4.09
145.00 0.245932 4.09
146.00 0.245932 4.09
147.00 0.245932 4.09
148.00 0.245932 4.09
149.00 0.245932 4.09
150.00 0.245932 4.09
151.00 0.245931 4.09
152.00 0.245931 4.09
153.00 0.245931 4.09
154.00 0.245931 4.09
155.00 0.245931 4.09
156.00 0.245931 4.09
157.00 0.245930 4.09
158.00 0.245930 4.09
159.00 0.245930 4.09
160.00 0.245930 4.09
161.00 0.245930 4.09
162.00 0.245930 4.09
163.00 0.245929 4.09
164.00 0.245929 4.09
165.00 0.245929 4.09
166.00 0.245929 4.09
167.00 0.245929 4.09
168.00 0.245929 4.09
169.00 0.245929 4.09
170.00 0.245929 4.09
171.00 0.245928 4.09
172.00 0.245928 4.09
173.00 0.245928 4.09
174.00 0.245928 4.09
175.00 0.245928 4.09
176.00 0.245928 4.09
177.00 0.245928 4.09
178.00 0.245928 4.09
179.00 0.245927 4.09
180.00 0.245927 4.09
181.00 0.245927 4.09
182.00 0.245927 4.09
183.00 0.245927 4.09
184.00 0.245927 4.09
185.00 0.245927 4.09
186.00 0.245927 4.09
187.00 0.245927 4.09
188.00 0.245927 4.09
189.00 0.245926 4.09
190.00 0.245926 4.09
191.00 0.245926 4.09
192.00 0.245926 4.09
193.00 0.245926 4.09
194.00 0.245926 4.09
195.00 0.245926 4.09
196.00 0.245926 4.09
197.00 0.245926 4.09
198.00 0.245926 4.09
199.00 0.245926 4.09
200.00 0.245926 4.09
201.00 0.245926 4.09
202.00 0.245925 4.09
203.00 0.245925 4.09
204.00 0.245925 4.09
205.00 0.245925 4.09
206.00 0.245925 4.09
207.00 0.245925 4.09
208.00 0.245925 4.09
209.00 0.245925 4.09
210.00 0.245925 4.09
211.00 0.245925 4.09
212.00 0.245925 4.09
213.00 0.245925 4.09
214.00 0.245925 4.09
215.00 0.245925 4.09
216.00 0.245925 4.09
217.00 0.245924 4.09
218.00 0.245924 4.09
219.00 0.245924 4.09
220.00 0.245924 4.09
221.00 0.245924 4.09
222.00 0.245924 4.09
223.00 0.245924 4.09
224.00 0.245924 4.09
225.00 0.245924 4.09
226.00 0.245924 4.09
227.00 0.245924 4.09
228.00 0.245924 4.09
229.00 0.245924 4.09
230.00 0.245924 4.09
231.00 0.245924 4.09
232.00 0.245924 4.09
233.00 0.245924 4.09
234.00 0.245924 4.09
235.00 0.245924 4.09
236.00 0.245924 4.09
237.00 0.245924 4.09
238.00 0.245924 4.09
239.00 0.245924 4.09
240.00 0.245923 4.09
241.00 0.245923 4.09
242.00 0.245923 4.09
243.00 0.245923 4.09
244.00 0.245923 4.09
245.00 0.245923 4.09
246.00 0.245923 4.09
247.00 0.245923 4.09
248.00 0.245923 4.09
249.00 0.245923 4.09
250.00 0.245923 4.09
251.00 0.245923 4.09
252.00 0.245923 4.09
253.00 0.245923 4.09
254.00 0.245923 4.09
255.00 0.245923 4.09
256.00 0.245923 4.09
257.00 0.245923 4.09
258.00 0.245923 4.09
259.00 0.245923 4.09
260.00 0.245923 4.09
261.00 0.245923 4.09
262.00 0.245923 4.09
263.00 0.245923 4.09
264.00 0.245923 4.09
265.00 0.245923 4.09
266.00 0.245923 4.09
267.00 0.245923 4.09
268.00 0.245923 4.09
269.00 0.245923 4.09
270.00 0.245923 4.09
271.00 0.245923 4.09
272.00 0.245923 4.09
273.00 0.245923 4.09
274.00 0.245923 4.09
275.00 0.245923 4.09
276.00 0.245923 4.09
277.00 0.245923 4.09
278.00 0.245923 4.09
279.00 0.245923 4.09
280.00 0.245922 4.09
281.00 0.245922 4.09
282.00 0.245922 4.09
283.00 0.245922 4.09
284.00 0.245922 4.09
285.00 0.245922 4.09
286.00 0.245922 4.09
287.00 0.245922 4.09
288.00 0.245922 4.09
289.00 0.245922 4.09
290.00 0.245922 4.09
291.00 0.245922 4.09
292.00 0.245922 4.09
293.00 0.245922 4.09
294.00 0.245922 4.09
295.00 0.245922 4.09
296.00 0.245922 4.09
297.00 0.245922 4.09
298.00 0.245922 4.09
299.00 0.245922 4.09
300.00 0.245922 4.09
301.00 0.245922 4.09
302.00 0.245922 4.09
303.00 0.245922 4.09
304.00 0.245922 4.09
305.00 0.245922 4.09
306.00 0.245922 4.09
307.00 0.245922 4.09
308.00 0.245922 4.09
309.00 0.245922 4.09
310.00 0.245922 4.09
311.00 0.245922 4.09
312.00 0.245922 4.09
313.00 0.245922 4.09
314.00 0.245922 4.09
315.00 0.245922 4.09
316.00 0.245922 4.09
317.00 0.245922 4.09
318.00 0.245922 4.09
319.00 0.245922 4.09
320.00 0.245922 4.09
321.00 0.245922 4.09
322.00 0.245922 4.09
323.00 0.245922 4.09
324.00 0.245922 4.09
325.00 0.245922 4.09
326.00 0.245922 4.09
327.00 0.245922 4.09
328.00 0.245922 4.09
329.00 0.245922 4.09
330.00 0.245922 4.09
331.00 0.245922 4.09
332.00 0.245922 4.09
333.00 0.245922 4.09
334.00 0.245922 4.09
335.00 0.245922 4.09
336.00 0.245922 4.09
337.00 0.245922 4.09
338.00 0.245922 4.09
339.00 0.245922 4.09
340.00 0.245922 4.09
341.00 0.245922 4.09
342.00 0.245922 4.09
343.00 0.245922 4.09
344.00 0.245922 4.09
345.00 0.245922 4.09
346.00 0.245922 4.09
347.00 0.245922 4.09
348.00 0.245922 4.09
349.00 0.245922 4.09
350.00 0.245922 4.09
351.00 0.245922 4.09
352.00 0.245922 4.09
353.00 0.245922 4.09
354.00 0.245922 4.09
355.00 0.245922 4.09
356.00 0.245922 4.09
357.00 0.245922 4.09
358.00 0.245922 4.09
359.00 0.245922 4.09
360.00 0.245922 4.09
361.00 0.245922 4.09
362.00 0.245922 4.09
363.00 0.245922 4.09
364.00 0.245922 4.09
365.00 0.245922 4.09
366.00 0.245922 4.09
367.00 0.245922 4.09
368.00 0.245922 4.09
369.00 0.245922 4.09
370.00 0.245922 4.09
371.00 0.245922 4.09
372.00 0.245922 4.09
373.00 0.245922 4.09
374.00 0.245922 4.09
375.00 0.245922 4.09
376.00 0.245922 4.09
377.00 0.245922 4.09
378.00 0.245922 4.09
379.00 0.245922 4.09
380.00 0.245922 4.09
381.00 0.245922 4.09
382.00 0.245922 4.09
383.00 0.245922 4.09
384.00 0.245922 4.09
385.00 0.245922 4.09
386.00 0.245922 4.09
387.00 0.245922 4.09
388.00 0.245922 4.09
389.00 0.245922 4.09
390.00 0.245922 4.09
391.00 0.245922 4.09
392.00 0.245922 4.09
393.00 0.245922 4.09
394.00 0.245922 4.09
395.00 0.245922 4.09
396.00 0.245922 4.09
397.00 0.245922 4.09
398.00 0.245922 4.09
399.00 0.245922 4.09
400.00 0.245922 4.09
401.00 0.245922 4.09
402.00 0.245922 4.09
403.00 0.245922 4.09
404.00 0.245922 4.09
405.00 0.245922 4.09
406.00 0.245922 4.09
407.00 0.245922 4.09
408.00 0.245922 4.09
409.00 0.245922 4.09
410.00 0.245922 4.09
411.00 0.245922 4.09
412.00 0.245922 4.09
413.00 0.245922 4.09
414.00 0.245922 4.09
415.00 0.245922 4.09
416.00 0.245922 4.09
417.00 0.245922 4.09
418.00 0.245922 4.09
419.00 0.245922 4.09
420.00 0.245922 4.09
421.00 0.245922 4.09
422.00 0.245922 4.09
423.00 0.245922 4.09
424.00 0.245922 4.09
425.00 0.245922 4.09
426.00 0.245922 4.09
427.00 0.245922 4.09
428.00 0.245922 4.09
429.00 0.245922 4.09
430.00 0.245922 4.09
431.00 0.245922 4.09
432.00 0.245922 4.09
433.00 0.245922 4.09
434.00 0.245922 4.09
435.00 0.245922 4.09
436.00 0.245922 4.09
437.00 0.245922 4.09
438.00 0.245922 4.09
439.00 0.245922 4.09
440.00 0.245922 4.09
441.00 0.245922 4.09
442.00 0.245922 4.09
443.00 0.245922 4.09
444.00 0.245922 4.09
445.00 0.245922 4.09
446.00 0.245922 4.09
447.00 0.245922 4.09
448.00 0.245922 4.09
449.00 0.245922 4.09
450.00 0.245922 4.09
451.00 0.245922 4.09
452.00 0.245922 4.09
453.00 0.245922 4.09
454.00 0.245922 4.09
455.00 0.245922 4.09
456.00 0.245922 4.09
457.00 0.245922 4.09
458.00 0.245922 4.09
459.00 0.245922 4.09
460.00 0.245922 4.09
461.00 0.245922 4.09
462.00 0.245922 4.09
463.00 0.245922 4.09
464.00 0.245922 4.09
465.00 0.245922 4.09
466.00 0.245922 4.09
467.00 0.245922 4.09
468.00 0.245922 4.09
469.00 0.245922 4.09
470.00 0.245922 4.09
471.00 0.245922 4.09
472.00 0.245922 4.09
473.00 0.245922 4.09
474.00 0.245922 4.09
475.00 0.245922 4.09
476.00 0.245922 4.09
477.00 0.245922 4.09
478.00 0.245922 4.09
479.00 0.245922 4.09
480.00 0.245922 4.09
481.00 0.245922 4.09
482.00 0.245922 4.09
483.00 0.245922 4.09
484.00 0.245922 4.09
485.00 0.245922 4.09
486.00 0.245922 4.09
487.00 0.245922 4.09
488.00 0.245922 4.09
489.00 0.245922 4.09
490.00 0.245922 4.09
491.00 0.245922 4.09
492.00 0.245922 4.09
493.00 0.245922 4.09
494.00 0.245922 4.09
495.00 0.245922 4.09
496.00 0.245922 4.09
497.00 0.245922 4.09
498.00 0.245922 4.09
499.00 0.245922 4.09
500.00 0.245922 4.09
501.00 0.245922 4.09
502.00 0.245922 4.09
503.00 0.245922 4.09
504.00 0.245922 4.09
505.00 0.245922 4.09
506.00 0.245922 4.09
507.00 0.245922 4.09
508.00 0.245922 4.09
509.00 0.245922 4.09
510.00 0.245922 4.09
511.00 0.245922 4.09
512.00 0.245922 4.09
513.00 0.245922 4.09
514.00 0.245922 4.09
515.00 0.245922 4.09
516.00 0.245922 4.09
517.00 0.245922 4.09
518.00 0.245922 4.09
519.00 0.245922 4.09
520.00 0.245922 4.09
521.00 0.245922 4.09
522.00 0.245922 4.09
523.00 0.245922 4.09
524.00 0.245922 4.09
525.00 0.245922 4.09
526.00 0.245922 4.09
527.00 0.245922 4.09
528.00 0.245922 4.09
529.00 0.245922 4.09
530.00 0.245922 4.09
531.00 0.245922 4.09
532.00 0.245922 4.09
533.00 0.245922 4.09
534.00 0.245922 4.09
535.00 0.245922 4.09
536.00 0.245922 4.09
537.00 0.245922 4.09
538.00 0.245922 4.09
539.00 0.245922 4.09
540.00 0.245922 4.09
541.00 0.245922 4.09
542.00 0.245922 4.09
543.00 0.245922 4.09
544.00 0.245922 4.09
545.00 0.245922 4.09
546.00 0.245922 4.09
547.00 0.245922 4.09
548.00 0.245922 4.09
549.00 0.245922 4.09
550.00 0.245922 4.09
551.00 0.245922 4.09
552.00 0.245922 4.09
553.00 0.245922 4.09
554.00 0.245922 4.09
555.00 0.245922 4.09
556.00 0.245922 4.09
557.00 0.245922 4.09
558.00 0.245922 4.09
559.00 0.245922 4.09
560.00 0.245922 4.09
561.00 0.245922 4.09
562.00 0.245922 4.09
563.00 0.245922 4.09
564.00 0.245922 4.09
565.00 0.245922 4.09
566.00 0.245922 4.09
567.00 0.245922 4.09
568.00 0.245922 4.09
569.00 0.245922 4.09
570.00 0.245922 4.09
571.00 0.245922 4.09
572.00 0.245922 4.09
573.00 0.245922 4.09
574.00 0.245922 4.09
575.00 0.245922 4.09
576.00 0.245922 4.09
577.00 0.245922 4.09
578.00 0.245922 4.09
579.00 0.245922 4.09
580.00 0.245922 4.09
581.00 0.245922 4.09
582.00 0.245922 4.09
583.00 0.245922 4.09
584.00 0.245922 4.09
585.00 0.245922 4.09
586.00 0.245922 4.09
587.00 0.245922 4.09
588.00 0.245922 4.09
589.00 0.245922 4.09
590.00 0.245922 4.09
591.00 0.245922 4.09
592.00 0.245922 4.09
593.00 0.245922 4.09
594.00 0.245922 4.09
595.00 0.245922 4.09
596.00 0.245922 4.09
597.00 0.245922 4.09
598.00 0.245922 4.09
599.00 0.245922 4.09
600.00 0.245922 4.09
601.00 0.245922 4.09
602.00 0.245922 4.09
603.00 0.245922 4.09
604.00 0.245922 4.09
605.00 0.245922 4.09
606.00 0.245922 4.09
607.00 0.245922 4.09
608.00 0.245922 4.09
609.00 0.245922 4.09
610.00 0.245922 4.09
611.00 0.245922 4.09
612.00 0.245922 4.09
613.00 0.245922 4.09
614.00 0.245922 4.09
615.00 0.245922 4.09
616.00 0.245922 4.09
617.00 0.245922 4.09
618.00 0.245922 4.09
619.00 0.245922 4.09
620.00 0.245922 4.09
621.00 0.245922 4.09
622.00 0.245922 4.09
623.00 0.245922 4.09
624.00 0.245922 4.09
625.00 0.245922 4.09
626.00 0.245922 4.09
627.00 0.245922 4.09
628.00 0.245922 4.09
629.00 0.245922 4.09
630.00 0.245922 4.09
631.00 0.245922 4.09
632.00 0.245922 4.09
633.00 0.245922 4.09
634.00 0.245922 4.09
635.00 0.245922 4.09
636.00 0.245922 4.09
637.00 0.245922 4.09
638.00 0.245922 4.09
639.00 0.245922 4.09
640.00 0.245922 4.09
641.00 0.245922 4.09
642.00 0.245922 4.09
643.00 0.245922 4.09
644.00 0.245922 4.09
645.00 0.245922 4.09
646.00 0.245922 4.09
647.00 0.245922 4.09
648.00 0.245922 4.09
649.00 0.245922 4.09
650.00 0.245922 4.09
651.00 0.245922 4.09
652.00 0.245922 4.09
653.00 0.245922 4.09
654.00 0.245922 4.09
655.00 0.245922 4.09
656.00 0.245922 4.09
657.00 0.245922 4.09
658.00 0.245922 4.09
659.00 0.245922 4.09
660.00 0.245922 4.09
661.00 0.245922 4.09
662.00 0.245922 4.09
663.00 0.245922 4.09
664.00 0.245922 4.09
665.00 0.245922 4.09
666.00 0.245922 4.09
667.00 0.245922 4.09
668.00 0.245922 4.09
669.00 0.245922 4.09
670.00 0.245922 4.09
671.00 0.245922 4.09
672.00 0.245922 4.09
673.00 0.245922 4.09
674.00 0.245922 4.09
675.00 0.245922 4.09
676.00 0.245922 4.09
677.00 0.245922 4.09
678.00 0.245922 4.09
679.00 0.245922 4.09
680.00 0.245922 4.09
681.00 0.245922 4.09
682.00 0.245922 4.09
683.00 0.245922 4.09
684.00 0.245922 4.09
685.00 0.245922 4.09
686.00 0.245922 4.09
687.00 0.245922 4.09
688.00 0.245922 4.09
689.00 0.245922 4.09
690.00 0.245922 4.09
691.00 0.245922 4.09
692.00 0.245922 4.09
693.00 0.245922 4.09
694.00 0.245922 4.09
695.00 0.245922 4.09
696.00 0.245922 4.09
697.00 0.245922 4.09
698.00 0.245922 4.09
699.00 0.245922 4.09
700.00 0.245922 4.09
701.00 0.245922 4.09
702.00 0.245922 4.09
703.00 0.245922 4.09
704.00 0.245922 4.09
705.00 0.245922 4.09
706.00 0.245922 4.09
707.00 0.245922 4.09
708.00 0.245922 4.09
709.00 0.245922 4.09
710.00 0.245922 4.09
711.00 0.245922 4.09
712.00 0.245922 4.09
713.00 0.245922 4.09
714.00 0.245922 4.09
715.00 0.245922 4.09
716.00 0.245922 4.09
717.00 0.245922 4.09
718.00 0.245922 4.09
719.00 0.245922 4.09
720.00 0.245922 4.09
721.00 0.245922 4.09
722.00 0.245922 4.09
723.00 0.245922 4.09
724.00 0.245922 4.09
725.00 0.245922 4.09
726.00 0.245922 4.09
727.00 0.245922 4.09
728.00 0.245922 4.09
729.00 0.245922 4.09
730.00 0.245922 4.09
731.00 0.245922 4.09
732.00 0.245922 4.09
733.00 0.245922 4.09
734.00 0.245922 4.09
735.00 0.245922 4.09
736.00 0.245922 4.09
737.00 0.245922 4.09
738.00 0.245922 4.09
739.00 0.245922 4.09
740.00 0.245922 4.09
741.00 0.245922 4.09
742.00 0.245922 4.09
743.00 0.245922 4.09
744.00 0.245922 4.09
745.00 0.245922 4.09
746.00 0.245922 4.09
747.00 0.245922 4.09
748.00 0.245922 4.09
749.00 0.245922 4.09
750.00 0.245922 4.09
751.00 0.245922 4.09
752.00 0.245922 4.09
753.00 0.245922 4.09
754.00 0.245922 4.09
755.00 0.245922 4.09
756.00 0.245922 4.09
757.00 0.245922 4.09
758.00 0.245922 4.09
759.00 0.245922 4.09
760.00 0.245922 4.09
761.00 0.245922 4.09
762.00 0.245922 4.09
763.00 0.245922 4.09
764.00 0.245922 4.09
765.00 0.245922 4.09
766.00 0.245922 4.09
767.00 0.245922 4.09
768.00 0.245922 4.09
769.00 0.245922 4.09
770.00 0.245922 4.09
771.00 0.245922 4.09
772.00 0.245922 4.09
773.00 0.245922 4.09
774.00 0.245922 4.09
775.00 0.245922 4.09
776.00 0.245922 4.09
777.00 0.245922 4.09
778.00 0.245922 4.09
779.00 0.245922 4.09
780.00 0.245922 4.09
781.00 0.245922 4.09
782.00 0.245922 4.09
783.00 0.245922 4.09
784.00 0.245922 4.09
785.00 0.245922 4.09
786.00 0.245922 4.09
787.00 0.245922 4.09
788.00 0.245922 4.09
789.00 0.245922 4.09
790.00 0.245922 4.09
791.00 0.245922 4.09
792.00 0.245922 4.09
793.00 0.245922 4.09
794.00 0.245922 4.09
795.00 0.245922 4.09
796.00 0.245922 4.09
797.00 0.245922 4.09
798.00 0.245922 4.09
799.00 0.245922 4.09
800.00 0.245922 4.09
801.00 0.245922 4.09
802.00 0.245922 4.09
803.00 0.245922 4.09
804.00 0.245922 4.09
805.00 0.245922 4.09
806.00 0.245922 4.09
807.00 0.245922 4.09
808.00 0.245922 4.09
809.00 0.245922 4.09
810.00 0.245922 4.09
811.00 0.245922 4.09
812.00 0.245922 4.09
813.00 0.245922 4.09
814.00 0.245922 4.09
815.00 0.245922 4.09
816.00 0.245922 4.09
817.00 0.245922 4.09
818.00 0.245922 4.09
819.00 0.245922 4.09
820.00 0.245922 4.09
821.00 0.245922 4.09
822.00 0.245922 4.09
823.00 0.245922 4.09
824.00 0.245922 4.09
825.00 0.245922 4.09
826.00 0.245922 4.09
827.00 0.245922 4.09
828.00 0.245922 4.09
829.00 0.245922 4.09
830.00 0.245922 4.09
831.00 0.245922 4.09
832.00 0.245922 4.09
833.00 0.245922 4.09
834.00 0.245922 4.09
835.00 0.245922 4.09
836.00 0.245922 4.09
837.00 0.245922 4.09
838.00 0.245922 4.09
839.00 0.245922 4.09
840.00 0.245922 4.09
841.00 0.245922 4.09
842.00 0.245922 4.09
843.00 0.245922 4.09
844.00 0.245922 4.09
845.00 0.245922 4.09
846.00 0.245922 4.09
847.00 0.245922 4.09
848.00 0.245922 4.09
849.00 0.245922 4.09
850.00 0.245922 4.09
851.00 0.245922 4.09
852.00 0.245922 4.09
853.00 0.245922 4.09
854.00 0.245922 4.09
855.00 0.245922 4.09
856.00 0.245922 4.09
857.00 0.245922 4.09
858.00 0.245922 4.09
859.00 0.245922 4.09
860.00 0.245922 4.09
861.00 0.245922 4.09
862.00 0.245922 4.09
863.00 0.245922 4.09
864.00 0.245922 4.09
865.00 0.245922 4.09
866.00 0.245922 4.09
867.00 0.245922 4.09
868.00 0.245922 4.09
869.00 0.245922 4.09
870.00 0.245922 4.09
871.00 0.245922 4.09
872.00 0.245922 4.09
873.00 0.245922 4.09
874.00 0.245922 4.09
875.00 0.245922 4.09
876.00 0.245922 4.09
877.00 0.245922 4.09
878.00 0.245922 4.09
879.00 0.245922 4.09
880.00 0.245922 4.09
881.00 0.245922 4.09
882.00 0.245922 4.09
883.00 0.245922 4.09
884.00 0.245922 4.09
885.00 0.245922 4.09
886.00 0.245922 4.09
887.00 0.245922 4.09
888.00 0.245922 4.09
889.00 0.245922 4.09
890.00 0.245922 4.09
891.00 0.245922 4.09
892.00 0.245922 4.09
893.00 0.245922 4.09
894.00 0.245922 4.09
895.00 0.245922 4.09
896.00 0.245922 4.09
897.00 0.245922 4.09
898.00 0.245922 4.09
899.00 0.245922 4.09
900.00 0.245922 4.09
901.00 0.245922 4.09
902.00 0.245922 4.09
903.00 0.245922 4.09
904.00 0.245922 4.09
905.00 0.245922 4.09
906.00 0.245922 4.09
907.00 0.245922 4.09
908.00 0.245922 4.09
909.00 0.245922 4.09
910.00 0.245922 4.09
911.00 0.245922 4.09
912.00 0.245922 4.09
913.00 0.245922 4.09
914.00 0.245922 4.09
915.00 0.245922 4.09
916.00 0.245922 4.09
917.00 0.245922 4.09
918.00 0.245922 4.09
919.00 0.245922 4.09
920.00 0.245922 4.09
921.00 0.245922 4.09
922.00 0.245922 4.09
923.00 0.245922 4.09
924.00 0.245922 4.09
925.00 0.245922 4.09
926.00 0.245922 4.09
927.00 0.245922 4.09
928.00 0.245922 4.09
929.00 0.245922 4.09
930.00 0.245922 4.09
931.00 0.245922 4.09
932.00 0.245922 4.09
933.00 0.245922 4.09
934.00 0.245922 4.09
935.00 0.245922 4.09
936.00 0.245922 4.09
937.00 0.245922 4.09
938.00 0.245922 4.09
939.00 0.245922 4.09
940.00 0.245922 4.09
941.00 0.245922 4.09
942.00 0.245922 4.09
943.00 0.245922 4.09
944.00 0.245922 4.09
945.00 0.245922 4.09
946.00 0.245922 4.09
947.00 0.245922 4.09
948.00 0.245922 4.09
949.00 0.245922 4.09
950.00 0.245922 4.09
951.00 0.245922 4.09
952.00 0.245922 4.09
953.00 0.245922 4.09
954.00 0.245922 4.09
955.00 0.245922 4.09
956.00 0.245922 4.09
957.00 0.245922 4.09
958.00 0.245922 4.09
959.00 0.245922 4.09
960.00 0.245922 4.09
961.00 0.245922 4.09
962.00 0.245922 4.09
963.00 0.245922 4.09
964.00 0.245922 4.09
965.00 0.245922 4.09
966.00 0.245922 4.09
967.00 0.245922 4.09
968.00 0.245922 4.09
969.00 0.245922 4.09
970.00 0.245922 4.09
971.00 0.245922 4.09
972.00 0.245922 4.09
973.00 0.245922 4.09
974.00 0.245922 4.09
975.00 0.245922 4.09
976.00 0.245922 4.09
977.00 0.245922 4.09
978.00 0.245922 4.09
979.00 0.245922 4.09
980.00 0.245922 4.09
981.00 0.245922 4.09
982.00 0.245922 4.09
983.00 0.245922 4.09
984.00 0.245922 4.09
985.00 0.245922 4.09
986.00 0.245922 4.09
987.00 0.245922 4.09
988.00 0.245922 4.09
989.00 0.245922 4.09
990.00 0.245922 4.09
991.00 0.245922 4.09
992.00 0.245922 4.09
993.00 0.245922 4.09
994.00 0.245922 4.09
995.00 0.245922 4.09
996.00 0.245922 4.09
997.00 0.245922 4.09
998.00 0.245922 4.09
999.00 0.245922 4.09
1000.00 0.245922 4.09
1001.00 0.245922 4.09
1002.00 0.245922 4.09
1003.00 0.245922 4.09
1004.00 0.245922 4.09
1005.00 0.245922 4.09
1006.00 0.245922 4.09
1007.00 0.245922 4.09
1008.00 0.245922 4.09
1009.00 0.245922 4.09
1010.00 0.245922 4.09
1011.00 0.245922 4.09
1012.00 0.245922 4.09
1013.00 0.245922 4.09
1014.00 0.245922 4.09
1015.00 0.245922 4.09
1016.00 0.245922 4.09
1017.00 0.245922 4.09
1018.00 0.245922 4.09
1019.00 0.245922 4.09
1020.00 0.245922 4.09
1021.00 0.245922 4.09
1022.00 0.245922 4.09
1023.00 0.245922 4.09
1024.00 0.245922 4.09
1025.00 0.245922 4.09
1026.00 0.245922 4.09
1027.00 0.245922 4.09
1028.00 0.245922 4.09
1029.00 0.245922 4.09
1030.00 0.245922 4.09
1031.00 0.245922 4.09
1032.00 0.245922 4.09
1033.00 0.245922 4.09
1034.00 0.245922 4.09
1035.00 0.245922 4.09
1036.00 0.245922 4.09
1037.00 0.245922 4.09
1038.00 0.245922 4.09
1039.00 0.245922 4.09
1040.00 0.245922 4.09
1041.00 0.245922 4.09
1042.00 0.245922 4.09
1043.00 0.245922 4.09
1044.00 0.245922 4.09
1045.00 0.245922 4.09
1046.00 0.245922 4.09
1047.00 0.245922 4.09
1048.00 0.245922 4.09
1049.00 0.245922 4.09
1050.00 0.245922 4.09
1051.00 0.245922 4.09
1052.00 0.245922 4.09
1053.00 0.245922 4.09
1054.00 0.245922 4.09
1055.00 0.245922 4.09
1056.00 0.245922 4.09
1057.00 0.245922 4.09
1058.00 0.245922 4.09
1059.00 0.245922 4.09
1060.00 0.245922 4.09
1061.00 0.245922 4.09
1062.00 0.245922 4.09
1063.00 0.245922 4.09
1064.00 0.245922 4.09
1065.00 0.245922 4.09
1066.00 0.245922 4.09
1067.00 0.245922 4.09
1068.00 0.245922 4.09
1069.00 0.245922 4.09
1070.00 0.245922 4.09
1071.00 0.245922 4.09
1072.00 0.245922 4.09
1073.00 0.245922 4.09
1074.00 0.245922 4.09
1075.00 0.245922 4.09
1076.00 0.245922 4.09
1077.00 0.245922 4.09
1078.00 0.245922 4.09
1079.00 0.245922 4.09
1080.00 0.245922 4.09
1081.00 0.245922 4.09
1082.00 0.245922 4.09
1083.00 0.245922 4.09
1084.00 0.245922 4.09
1085.00 0.245922 4.09
1086.00 0.245922 4.09
1087.00 0.245922 4.09
1088.00 0.245922 4.09
1089.00 0.245922 4.09
1090.00 0.245922 4.09
1091.00 0.245922 4.09
1092.00 0.245922 4.09
1093.00 0.245922 4.09
1094.00 0.245922 4.09
1095.00 0.245922 4.09
1096.00 0.245922 4.09
1097.00 0.245922 4.09
1098.00 0.245922 4.09
1099.00 0.245922 4.09
1100.00 0.245922 4.09
1101.00 0.245922 4.09
1102.00 0.245922 4.09
1103.00 0.245922 4.09
1104.00 0.245922 4.09
1105.00 0.245922 4.09
1106.00 0.245922 4.09
1107.00 0.245922 4.09
1108.00 0.245922 4.09
1109.00 0.245922 4.09
1110.00 0.245922 4.09
1111.00 0.245922 4.09
1112.00 0.245922 4.09
1113.00 0.245922 4.09
1114.00 0.245922 4.09
1115.00 0.245922 4.09
1116.00 0.245922 4.09
1117.00 0.245922 4.09
1118.00 0.245922 4.09
1119.00 0.245922 4.09
1120.00 0.245922 4.09
1121.00 0.245922 4.09
1122.00 0.245922 4.09
1123.00 0.245922 4.09
1124.00 0.245922 4.09
1125.00 0.245922 4.09
1126.00 0.245922 4.09
1127.00 0.245922 4.09
1128.00 0.245922 4.09
1129.00 0.245922 4.09
1130.00 0.245922 4.09
1131.00 0.245922 4.09
1132.00 0.245922 4.09
1133.00 0.245922 4.09
1134.00 0.245922 4.09
1135.00 0.245922 4.09
1136.00 0.245922 4.09
1137.00 0.245922 4.09
1138.00 0.245922 4.09
1139.00 0.245922 4.09
1140.00 0.245922 4.09
1141.00 0.245922 4.09
1142.00 0.245922 4.09
1143.00 0.245922 4.09
1144.00 0.245922 4.09
1145.00 0.245922 4.09
1146.00 0.245922 4.09
1147.00 0.245922 4.09
1148.00 0.245922 4.09
1149.00 0.245922 4.09
1150.00 0.245922 4.09
1151.00 0.245922 4.09
1152.00 0.245922 4.09
1153.00 0.245922 4.09
1154.00 0.245922 4.09
1155.00 0.245922 4.09
1156.00 0.245922 4.09
1157.00 0.245922 4.09
1158.00 0.245922 4.09
1159.00 0.245922 4.09
1160.00 0.245922 4.09
1161.00 0.245922 4.09
1162.00 0.245922 4.09
1163.00 0.245922 4.09
1164.00 0.245922 4.09
1165.00 0.245922 4.09
1166.00 0.245922 4.09
1167.00 0.245922 4.09
1168.00 0.245922 4.09
1169.00 0.245922 4.09
1170.00 0.245922 4.09
1171.00 0.245922 4.09
1172.00 0.245922 4.09
1173.00 0.245922 4.09
1174.00 0.245922 4.09
1175.00 0.245922 4.09
1176.00 0.245922 4.09
1177.00 0.245922 4.09
1178.00 0.245922 4.09
1179.00 0.245922 4.09
1180.00 0.245922 4.09
1181.00 0.245922 4.09
1182.00 0.245922 4.09
1183.00 0.245922 4.09
1184.00 0.245922 4.09
1185.00 0.245922 4.09
1186.00 0.245922 4.09
1187.00 0.245922 4.09
1188.00 0.245922 4.09
1189.00 0.245922 4.09
1190.00 0.245922 4.09
1191.00 0.245922 4.09
1192.00 0.245922 4.09
1193.00 0.245922 4.09
1194.00 0.245922 4.09
1195.00 0.245922 4.09
1196.00 0.245922 4.09
1197.00 0.245922 4.09
1198.00 0.245922 4.09
1199.00 0.245922 4.09
1200.00 0.245922 4.09
1201.00 0.245922 4.09
1202.00 0.245922 4.09
1203.00 0.245922 4.09
1204.00 0.245922 4.09
1205.00 0.245922 4.09
1206.00 0.245922 4.09
1207.00 0.245922 4.09
1208.00 0.245922 4.09
1209.00 0.245922 4.09
1210.00 0.245922 4.09
1211.00 0.245922 4.09
1212.00 0.245922 4.09
1213.00 0.245922 4.09
1214.00 0.245922 4.09
1215.00 0.245922 4.09
1216.00 0.245922 4.09
1217.00 0.245922 4.09
1218.00 0.245922 4.09
1219.00 0.245922 4.09
1220.00 0.245922 4.09
1221.00 0.245922 4.09
1222.00 0.245922 4.09
1223.00 0.245922 4.09
1224.00 0.245922 4.09
1225.00 0.245922 4.09
1226.00 0.245922 4.09
1227.00 0.245922 4.09
1228.00 0.245922 4.09
1229.00 0.245922 4.09
1230.00 0.245922 4.09
1231.00 0.245922 4.09
1232.00 0.245922 4.09
1233.00 0.245922 4.09
1234.00 0.245922 4.09
1235.00 0.245922 4.09
1236.00 0.245922 4.09
1237.00 0.245922 4.09
1238.00 0.245922 4.09
1239.00 0.245922 4.09
1240.00 0.245922 4.09
1241.00 0.245922 4.09
1242.00 0.245922 4.09
1243.00 0.245922 4.09
1244.00 0.245922 4.09
1245.00 0.245922 4.09
1246.00 0.245922 4.09
1247.00 0.245922 4.09
1248.00 0.245922 4.09
1249.00 0.245922 4.09
1250.00 0.245922 4.09
1251.00 0.245922 4.09
1252.00 0.245922 4.09
1253.00 0.245922 4.09
1254.00 0.245922 4.09
1255.00 0.245922 4.09
1256.00 0.245922 4.09
1257.00 0.245922 4.09
1258.00 0.245922 4.09
1259.00 0.245922 4.09
1260.00 0.245922 4.09
1261.00 0.245922 4.09
1262.00 0.245922 4.09
1263.00 0.245922 4.09
1264.00 0.245922 4.09
1265.00 0.245922 4.09
1266.00 0.245922 4.09
1267.00 0.245922 4.09
1268.00 0.245922 4.09
1269.00 0.245922 4.09
1270.00 0.245922 4.09
1271.00 0.245922 4.09
1272.00 0.245922 4.09
1273.00 0.245922 4.09
1274.00 0.245922 4.09
1275.00 0.245922 4.09
1276.00 0.245922 4.09
1277.00 0.245922 4.09
1278.00 0.245922 4.09
1279.00 0.245922 4.09
1280.00 0.245922 4.09
1281.00 0.245922 4.09
1282.00 0.245922 4.09
1283.00 0.245922 4.09
1284.00 0.245922 4.09
1285.00 0.245922 4.09
1286.00 0.245922 4.09
1287.00 0.245922 4.09
1288.00 0.245922 4.09
1289.00 0.245922 4.09
1290.00 0.245922 4.09
1291.00 0.245922 4.09
1292.00 0.245922 4.09
1293.00 0.245922 4.09
1294.00 0.245922 4.09
1295.00 0.245922 4.09
1296.00 0.245922 4.09
1297.00 0.245922 4.09
1298.00 0.245922 4.09
1299.00 0.245922 4.09
1300.00 0.245922 4.09
1301.00 0.245922 4.09
1302.00 0.245922 4.09
1303.00 0.245922 4.09
1304.00 0.245922 4.09
1305.00 0.245922 4.09
1306.00 0.245922 4.09
1307.00 0.245922 4.09
1308.00 0.245922 4.09
1309.00 0.245922 4.09
1310.00 0.245922 4.09
1311.00 0.245922 4.09
1312.00 0.245922 4.09
1313.00 0.245922 4.09
1314.00 0.245922 4.09
1315.00 0.245922 4.09
1316.00 0.245922 4.09
1317.00 0.245922 4.09
1318.00 0.245922 4.09
1319.00 0.245922 4.09
1320.00 0.245922 4.09
1321.00 0.245922 4.09
1322.00 0.245922 4.09
1323.00 0.245922 4.09
1324.00 0.245922 4.09
1325.00 0.245922 4.09
1326.00 0.245922 4.09
1327.00 0.245922 4.09
1328.00 0.245922 4.09
1329.00 0.245922 4.09
1330.00 0.245922 4.09
1331.00 0.245922 4.09
1332.00 0.245922 4.09
1333.00 0.245922 4.09
1334.00 0.245922 4.09
1335.00 0.245922 4.09
1336.00 0.245922 4.09
1337.00 0.245922 4.09
1338.00 0.245922 4.09
1339.00 0.245922 4.09
1340.00 0.245922 4.09
1341.00 0.245922 4.09
1342.00 0.245922 4.09
1343.00 0.245922 4.09
1344.00 0.245922 4.09
1345.00 0.245922 4.09
1346.00 0.245922 4.09
1347.00 0.245922 4.09
1348.00 0.245922 4.09
1349.00 0.245922 4.09
1350.00 0.245922 4.09
1351.00 0.245922 4.09
1352.00 0.245922 4.09
1353.00 0.245922 4.09
1354.00 0.245922 4.09
1355.00 0.245922 4.09
1356.00 0.245922 4.09
1357.00 0.245922 4.09
1358.00 0.245922 4.09
1359.00 0.245922 4.09
1360.00 0.245922 4.09
1361.00 0.245922 4.09
1362.00 0.245922 4.09
1363.00 0.245922 4.09
1364.00 0.245922 4.09
1365.00 0.245922 4.09
1366.00 0.245922 4.09
1367.00 0.245922 4.09
1368.00 0.245922 4.09
1369.00 0.245922 4.09
1370.00 0.245922 4.09
1371.00 0.245922 4.09
1372.00 0.245922 4.09
1373.00 0.245922 4.09
1374.00 0.245922 4.09
1375.00 0.245922 4.09
1376.00 0.245922 4.09
1377.00 0.245922 4.09
1378.00 0.245922 4.09
1379.00 0.245922 4.09
1380.00 0.245922 4.09
1381.00 0.245922 4.09
1382.00 0.245922 4.09
1383.00 0.245922 4.09
1384.00 0.245922 4.09
1385.00 0.245922 4.09
1386.00 0.245922 4.09
1387.00 0.245922 4.09
1388.00 0.245922 4.09
1389.00 0.245922 4.09
1390.00 0.245922 4.09
1391.00 0.245922 4.09
1392.00 0.245922 4.09
1393.00 0.245922 4.09
1394.00 0.245922 4.09
1395.00 0.245922 4.09
1396.00 0.245922 4.09
1397.00 0.245922 4.09
1398.00 0.245922 4.09
1399.00 0.245922 4.09
1400.00 0.245922 4.09
1401.00 0.245922 4.09
1402.00 0.245922 4.09
1403.00 0.245922 4.09
1404.00 0.245922 4.09
1405.00 0.245922 4.09
1406.00 0.245922 4.09
1407.00 0.245922 4.09
1408.00 0.245922 4.09
1409.00 0.245922 4.09
1410.00 0.245922 4.09
1411.00 0.245922 4.09
1412.00 0.245922 4.09
1413.00 0.245922 4.09
1414.00 0.245922 4.09
1415.00 0.245922 4.09
1416.00 0.245922 4.09
1417.00 0.245922 4.09
1418.00 0.245922 4.09
1419.00 0.245922 4.09
1420.00 0.245922 4.09
1421.00 0.245922 4.09
1422.00 0.245922 4.09
1423.00 0.245922 4.09
1424.00 0.245922 4.09
1425.00 0.245922 4.09
1426.00 0.245922 4.09
1427.00 0.245922 4.09
1428.00 0.245922 4.09
1429.00 0.245922 4.09
1430.00 0.245922 4.09
1431.00 0.245922 4.09
1432.00 0.245922 4.09
1433.00 0.245922 4.09
1434.00 0.245922 4.09
1435.00 0.245922 4.09
1436.00 0.245922 4.09
1437.00 0.245922 4.09
1438.00 0.245922 4.09
1439.00 0.245922 4.09
1440.00 0.245922 4.09
1441.00 0.245922 4.09
1442.00 0.245922 4.09
1443.00 0.245922 4.09
1444.00 0.245922 4.09
1445.00 0.245922 4.09
1446.00 0.245922 4.09
1447.00 0.245922 4.09
1448.00 0.245922 4.09
1449.00 0.245922 4.09
1450.00 0.245922 4.09
1451.00 0.245922 4.09
1452.00 0.245922 4.09
1453.00 0.245922 4.09
1454.00 0.245922 4.09
1455.00 0.245922 4.09
1456.00 0.245922 4.09
1457.00 0.245922 4.09
1458.00 0.245922 4.09
1459.00 0.245922 4.09
1460.00 0.245922 4.09
1461.00 0.245922 4.09
1462.00 0.245922 4.09
1463.00 0.245922 4.09
1464.00 0.245922 4.09
1465.00 0.245922 4.09
1466.00 0.245922 4.09
1467.00 0.245922 4.09
1468.00 0.245922 4.09
1469.00 0.245922 4.09
1470.00 0.245922 4.09
1471.00 0.245922 4.09
1472.00 0.245922 4.09
1473.00 0.245922 4.09
1474.00 0.245922 4.09
1475.00 0.245922 4.09
1476.00 0.245922 4.09
1477.00 0.245922 4.09
1478.00 0.245922 4.09
1479.00 0.245922 4.09
1480.00 0.245922 4.09
1481.00 0.245922 4.09
1482.00 0.245922 4.09
1483.00 0.245922 4.09
1484.00 0.245922 4.09
1485.00 0.245922 4.09
1486.00 0.245922 4.09
1487.00 0.245922 4.09
1488.00 0.245922 4.09
1489.00 0.245922 4.09
1490.00 0.245922 4.09
1491.00 0.245922 4.09
1492.00 0.245922 4.09
1493.00 0.245922 4.09
1494.00 0.245922 4.09
1495.00 0.245922 4.09
1496.00 0.245922 4.09
1497.00 0.245922 4.09
1498.00 0.245922 4.09
1499.00 0.245922 4.09
1500.00 0.245922 4.09
1501.00 0.245922 4.09
1502.00 0.245922 4.09
1503.00 0.245922 4.09
1504.00 0.245922 4.09
1505.00 0.245922 4.09
1506.00 0.245922 4.09
1507.00 0.245922 4.09
1508.00 0.245922 4.09
1509.00 0.245922 4.09
1510.00 0.245922 4.09
1511.00 0.245922 4.09
1512.00 0.245922 4.09
1513.00 0.245922 4.09
1514.00 0.245922 4.09
1515.00 0.245922 4.09
1516.00 0.245922 4.09
1517.00 0.245922 4.09
1518.00 0.245922 4.09
1519.00 0.245922 4.09
1520.00 0.245922 4.09
1521.00 0.245922 4.09
1522.00 0.245922 4.09
1523.00 0.245922 4.09
1524.00 0.245922 4.09
1525.00 0.245922 4.09
1526.00 0.245922 4.09
1527.00 0.245922 4.09
1528.00 0.245922 4.09
1529.00 0.245922 4.09
1530.00 0.245922 4.09
1531.00 0.245922 4.09
1532.00 0.245922 4.09
1533.00 0.245922 4.09
1534.00 0.245922 4.09
1535.00 0.245922 4.09
1536.00 0.245922 4.09
1537.00 0.245922 4.09
1538.00 0.245922 4.09
1539.00 0.245922 4.09
1540.00 0.245922 4.09
1541.00 0.245922 4.09
1542.00 0.245922 4.09
1543.00 0.245922 4.09
1544.00 0.245922 4.09
1545.00 0.245922 4.09
1546.00 0.245922 4.09
1547.00 0.245922 4.09
1548.00 0.245922 4.09
1549.00 0.245922 4.09
1550.00 0.245922 4.09
1551.00 0.245922 4.09
1552.00 0.245922 4.09
1553.00 0.245922 4.09
1554.00 0.245922 4.09
1555.00 0.245922 4.09
1556.00 0.245922 4.09
1557.00 0.245922 4.09
1558.00 0.245922 4.09
1559.00 0.245922 4.09
1560.00 0.245922 4.09
1561.00 0.245922 4.09
1562.00 0.245922 4.09
1563.00 0.245922 4.09
1564.00 0.245922 4.09
1565.00 0.245922 4.09
1566.00 0.245922 4.09
1567.00 0.245922 4.09
1568.00 0.245922 4.09
1569.00 0.245922 4.09
1570.00 0.245922 4.09
1571.00 0.245922 4.09
1572.00 0.245922 4.09
1573.00 0.245922 4.09
1574.00 0.245922 4.09
1575.00 0.245922 4.09
1576.00 0.245922 4.09
1577.00 0.245922 4.09
1578.00 0.245922 4.09
1579.00 0.245922 4.09
1580.00 0.245922 4.09
1581.00 0.245922 4.09
1582.00 0.245922 4.09
1583.00 0.245922 4.09
1584.00 0.245922 4.09
1585.00 0.245922 4.09
1586.00 0.245922 4.09
1587.00 0.245922 4.09
1588.00 0.245922 4.09
1589.00 0.245922 4.09
1590.00 0.245922 4.09
1591.00 0.245922 4.09
1592.00 0.245922 4.09
1593.00 0.245922 4.09
1594.00 0.245922 4.09
1595.00 0.245922 4.09
1596.00 0.245922 4.09
1597.00 0.245922 4.09
1598.00 0.245922 4.09
1599.00 0.245922 4.09
1600.00 0.245922 4.09
1601.00 0.245922 4.09
1602.00 0.245922 4.09
1603.00 0.245922 4.09
1604.00 0.245922 4.09
1605.00 0.245922 4.09
1606.00 0.245922 4.09
1607.00 0.245922 4.09
1608.00 0.245922 4.09
1609.00 0.245922 4.09
1610.00 0.245922 4.09
1611.00 0.245922 4.09
1612.00 0.245922 4.09
1613.00 0.245922 4.09
1614.00 0.245922 4.09
1615.00 0.245922 4.09
1616.00 0.245922 4.09
1617.00 0.245922 4.09
1618.00 0.245922 4.09
1619.00 0.245922 4.09
1620.00 0.245922 4.09
1621.00 0.245922 4.09
1622.00 0.245922 4.09
1623.00 0.245922 4.09
1624.00 0.245922 4.09
1625.00 0.245922 4.09
1626.00 0.245922 4.09
1627.00 0.245922 4.09
1628.00 0.245922 4.09
1629.00 0.245922 4.09
1630.00 0.245922 4.09
1631.00 0.245922 4.09
1632.00 0.245922 4.09
1633.00 0.245922 4.09
1634.00 0.245922 4.09
1635.00 0.245922 4.09
1636.00 0.245922 4.09
1637.00 0.245922 4.09
1638.00 0.245922 4.09
1639.00 0.245922 4.09
1640.00 0.245922 4.09
1641.00 0.245922 4.09
1642.00 0.245922 4.09
1643.00 0.245922 4.09
1644.00 0.245922 4.09
1645.00 0.245922 4.09
1646.00 0.245922 4.09
1647.00 0.245922 4.09
1648.00 0.245922 4.09
1649.00 0.245922 4.09
1650.00 0.245922 4.09
1651.00 0.245922 4.09
1652.00 0.245922 4.09
1653.00 0.245922 4.09
1654.00 0.245922 4.09
1655.00 0.245922 4.09
1656.00 0.245922 4.09
1657.00 0.245922 4.09
1658.00 0.245922 4.09
1659.00 0.245922 4.09
1660.00 0.245922 4.09
1661.00 0.245922 4.09
1662.00 0.245922 4.09
1663.00 0.245922 4.09
1664.00 0.245922 4.09
1665.00 0.245922 4.09
1666.00 0.245922 4.09
1667.00 0.245922 4.09
1668.00 0.245922 4.09
1669.00 0.245922 4.09
1670.00 0.245922 4.09
1671.00 0.245922 4.09
1672.00 0.245922 4.09
1673.00 0.245922 4.09
1674.00 0.245922 4.09
1675.00 0.245922 4.09
1676.00 0.245922 4.09
1677.00 0.245922 4.09
1678.00 0.245922 4.09
1679.00 0.245922 4.09
1680.00 0.245922 4.09
1681.00 0.245922 4.09
1682.00 0.245922 4.09
1683.00 0.245922 4.09
1684.00 0.245922 4.09
1685.00 0.245922 4.09
1686.00 0.245922 4.09
1687.00 0.245922 4.09
1688.00 0.245922 4.09
1689.00 0.245922 4.09
1690.00 0.245922 4.09
1691.00 0.245922 4.09
1692.00 0.245922 4.09
1693.00 0.245922 4.09
1694.00 0.245922 4.09
1695.00 0.245922 4.09
1696.00 0.245922 4.09
1697.00 0.245922 4.09
1698.00 0.245922 4.09
1699.00 0.245922 4.09
1700.00 0.245922 4.09
1701.00 0.245922 4.09
1702.00 0.245922 4.09
1703.00 0.245922 4.09
1704.00 0.245922 4.09
1705.00 0.245922 4.09
1706.00 0.245922 4.09
1707.00 0.245922 4.09
1708.00 0.245922 4.09
1709.00 0.245922 4.09
1710.00 0.245922 4.09
1711.00 0.245922 4.09
1712.00 0.245922 4.09
1713.00 0.245922 4.09
1714.00 0.245922 4.09
1715.00 0.245922 4.09
1716.00 0.245922 4.09
1717.00 0.245922 4.09
1718.00 0.245922 4.09
1719.00 0.245922 4.09
1720.00 0.245922 4.09
1721.00 0.245922 4.09
1722.00 0.245922 4.09
1723.00 0.245922 4.09
1724.00 0.245922 4.09
1725.00 0.245922 4.09
1726.00 0.245922 4.09
1727.00 0.245922 4.09
1728.00 0.245922 4.09
1729.00 0.245922 4.09
1730.00 0.245922 4.09
1731.00 0.245922 4.09
1732.00 0.245922 4.09
1733.00 0.245922 4.09
1734.00 0.245922 4.09
1735.00 0.245922 4.09
1736.00 0.245922 4.09
1737.00 0.245922 4.09
1738.00 0.245922 4.09
1739.00 0.245922 4.09
1740.00 0.245922 4.09
1741.00 0.245922 4.09
1742.00 0.245922 4.09
1743.00 0.245922 4.09
1744.00 0.245922 4.09
1745.00 0.245922 4.09
1746.00 0.245922 4.09
1747.00 0.245922 4.09
1748.00 0.245922 4.09
1749.00 0.245922 4.09
1750.00 0.245922 4.09
1751.00 0.245922 4.09
1752.00 0.245922 4.09
1753.00 0.245922 4.09
1754.00 0.245922 4.09
1755.00 0.245922 4.09
1756.00 0.245922 4.09
1757.00 0.245922 4.09
1758.00 0.245922 4.09
1759.00 0.245922 4.09
1760.00 0.245922 4.09
1761.00 0.245922 4.09
1762.00 0.245922 4.09
1763.00 0.245922 4.09
1764.00 0.245922 4.09
1765.00 0.245922 4.09
1766.00 0.245922 4.09
1767.00 0.245922 4.09
1768.00 0.245922 4.09
1769.00 0.245922 4.09
1770.00 0.245922 4.09
1771.00 0.245922 4.09
1772.00 0.245922 4.09
1773.00 0.245922 4.09
1774.00 0.245922 4.09
1775.00 0.245922 4.09
1776.00 0.245922 4.09
1777.00 0.245922 4.09
1778.00 0.245922 4.09
1779.00 0.245922 4.09
1780.00 0.245922 4.09
1781.00 0.245922 4.09
1782.00 0.245922 4.09
1783.00 0.245922 4.09
1784.00 0.245922 4.09
1785.00 0.245922 4.09
1786.00 0.245922 4.09
1787.00 0.245922 4.09
1788.00 0.245922 4.09
1789.00 0.245922 4.09
1790.00 0.245922 4.09
1791.00 0.245922 4.09
1792.00 0.245922 4.09
1793.00 0.245922 4.09
1794.00 0.245922 4.09
1795.00 0.245922 4.09
1796.00 0.245922 4.09
1797.00 0.245922 4.09
1798.00 0.245922 4.09
1799.00 0.245922 4.09
1800.00 0.245922 4.09
1801.00 0.245922 4.09
1802.00 0.245922 4.09
1803.00 0.245922 4.09
1804.00 0.245922 4.09
1805.00 0.245922 4.09
1806.00 0.245922 4.09
1807.00 0.245922 4.09
1808.00 0.245922 4.09
1809.00 0.245922 4.09
1810.00 0.245922 4.09
1811.00 0.245922 4.09
1812.00 0.245922 4.09
1813.00 0.245922 4.09
1814.00 0.245922 4.09
1815.00 0.245922 4.09
1816.00 0.245922 4.09
1817.00 0.245922 4.09
1818.00 0.245922 4.09
1819.00 0.245922 4.09
1820.00 0.245922 4.09
1821.00 0.245922 4.09
1822.00 0.245922 4.09
1823.00 0.245922 4.09
1824.00 0.245922 4.09
1825.00 0.245922 4.09
1826.00 0.245922 4.09
1827.00 0.245922 4.09
1828.00 0.245922 4.09
1829.00 0.245922 4.09
1830.00 0.245922 4.09
1831.00 0.245922 4.09
1832.00 0.245922 4.09
1833.00 0.245922 4.09
1834.00 0.245922 4.09
1835.00 0.245922 4.09
1836.00 0.245922 4.09
1837.00 0.245922 4.09
1838.00 0.245922 4.09
1839.00 0.245922 4.09
1840.00 0.245922 4.09
1841.00 0.245922 4.09
1842.00 0.245922 4.09
1843.00 0.245922 4.09
1844.00 0.245922 4.09
1845.00 0.245922 4.09
1846.00 0.245922 4.09
1847.00 0.245922 4.09
1848.00 0.245922 4.09
1849.00 0.245922 4.09
1850.00 0.245922 4.09
1851.00 0.245922 4.09
1852.00 0.245922 4.09
1853.00 0.245922 4.09
1854.00 0.245922 4.09
1855.00 0.245922 4.09
1856.00 0.245922 4.09
1857.00 0.245922 4.09
1858.00 0.245922 4.09
1859.00 0.245922 4.09
1860.00 0.245922 4.09
1861.00 0.245922 4.09
1862.00 0.245922 4.09
1863.00 0.245922 4.09
1864.00 0.245922 4.09
1865.00 0.245922 4.09
1866.00 0.245922 4.09
1867.00 0.245922 4.09
1868.00 0.245922 4.09
1869.00 0.245922 4.09
1870.00 0.245922 4.09
1871.00 0.245922 4.09
1872.00 0.245922 4.09
1873.00 0.245922 4.09
1874.00 0.245922 4.09
1875.00 0.245922 4.09
1876.00 0.245922 4.09
1877.00 0.245922 4.09
1878.00 0.245922 4.09
1879.00 0.245922 4.09
1880.00 0.245922 4.09
1881.00 0.245922 4.09
1882.00 0.245922 4.09
1883.00 0.245922 4.09
1884.00 0.245922 4.09
1885.00 0.245922 4.09
1886.00 0.245922 4.09
1887.00 0.245922 4.09
1888.00 0.245922 4.09
1889.00 0.245922 4.09
1890.00 0.245922 4.09
1891.00 0.245922 4.09
1892.00 0.245922 4.09
1893.00 0.245922 4.09
1894.00 0.245922 4.09
1895.00 0.245922 4.09
1896.00 0.245922 4.09
1897.00 0.245922 4.09
1898.00 0.245922 4.09
1899.00 0.245922 4.09
1900.00 0.245922 4.09
1901.00 0.245922 4.09
1902.00 0.245922 4.09
1903.00 0.245922 4.09
1904.00 0.245922 4.09
1905.00 0.245922 4.09
1906.00 0.245922 4.09
1907.00 0.245922 4.09
1908.00 0.245922 4.09
1909.00 0.245922 4.09
1910.00 0.245922 4.09
1911.00 0.245922 4.09
1912.00 0.245922 4.09
1913.00 0.245922 4.09
1914.00 0.245922 4.09
1915.00 0.245922 4.09
1916.00 0.245922 4.09
1917.00 0.245922 4.09
1918.00 0.245922 4.09
1919.00 0.245922 4.09
1920.00 0.245922 4.09
1921.00 0.245922 4.09
1922.00 0.245922 4.09
1923.00 0.245922 4.09
1924.00 0.245922 4.09
1925.00 0.245922 4.09
1926.00 0.245922 4.09
1927.00 0.245922 4.09
1928.00 0.245922 4.09
1929.00 0.245922 4.09
1930.00 0.245922 4.09
1931.00 0.245922 4.09
1932.00 0.245922 4.09
1933.00 0.245922 4.09
1934.00 0.245922 4.09
1935.00 0.245922 4.09
1936.00 0.245922 4.09
1937.00 0.245922 4.09
1938.00 0.245922 4.09
1939.00 0.245922 4.09
1940.00 0.245922 4.09
1941.00 0.245922 4.09
1942.00 0.245922 4.09
1943.00 0.245922 4.09
1944.00 0.245922 4.09
1945.00 0.245922 4.09
1946.00 0.245922 4.09
1947.00 0.245922 4.09
1948.00 0.245922 4.09
1949.00 0.245922 4.09
1950.00 0.245922 4.09
1951.00 0.245922 4.09
1952.00 0.245922 4.09
1953.00 0.245922 4.09
1954.00 0.245922 4.09
1955.00 0.245922 4.09
1956.00 0.245922 4.09
1957.00 0.245922 4.09
1958.00 0.245922 4.09
1959.00 0.245922 4.09
1960.00 0.245922 4.09
1961.00 0.245922 4.09
1962.00 0.245922 4.09
1963.00 0.245922 4.09
1964.00 0.245922 4.09
1965.00 0.245922 4.09
1966.00 0.245922 4.09
1967.00 0.245922 4.09
1968.00 0.245922 4.09
1969.00 0.245922 4.09
1970.00 0.245922 4.09
1971.00 0.245922 4.09
1972.00 0.245922 4.09
1973.00 0.245922 4.09
1974.00 0.245922 4.09
1975.00 0.245922 4.09
1976.00 0.245922 4.09
1977.00 0.245922 4.09
1978.00 0.245922 4.09
1979.00 0.245922 4.09
1980.00 0.245922 4.09
1981.00 0.245922 4.09
1982.00 0.245922 4.09
1983.00 0.245922 4.09
1984.00 0.245922 4.09
1985.00 0.245922 4.09
1986.00 0.245922 4.09
1987.00 0.245922 4.09
1988.00 0.245922 4.09
1989.00 0.245922 4.09
1990.00 0.245922 4.09
1991.00 0.245922 4.09
1992.00 0.245922 4.09
1993.00 0.245922 4.09
1994.00 0.245922 4.09
1995.00 0.245922 4.09
1996.00 0.245922 4.09
1997.00 0.245922 4.09
1998.00 0.245922 4.09
1999.00 0.245922 4.09
2000.00 0.245922 4.09
