0.00 0.234007 2.94
1.00 0.233230 2.94
2.00 0.232452 2.94
3.00 0.231673 2.94
4.00 0.230893 2.94
5.00 0.230111 2.94
6.00 0.229328 2.94
7.00 0.228544 2.94
8.00 0.227759 2.94
9.00 0.226972 2.94
10.00 0.226183 2.94
11.00 0.225400 2.92
12.00 0.224626 2.92
13.00 0.223852 2.92
14.00 0.223078 2.92
15.00 0.222303 2.92
16.00 0.221527 2.92
17.00 0.220750 2.92
18.00 0.219971 2.92
19.00 0.219189 2.92
20.00 0.218405 2.92
21.00 0.217618 2.92
22.00 0.216828 2.92
23.00 0.216035 2.92
24.00 0.215237 2.92
25.00 0.214435 2.92
26.00 0.213630 2.92
27.00 0.212819 2.92
28.00 0.212015 2.91
29.00 0.211210 2.91
30.00 0.210428 2.89
31.00 0.209666 2.89
32.00 0.208902 2.89
33.00 0.208136 2.88
34.00 0.207422 2.86
35.00 0.206732 2.86
36.00 0.206055 2.85
37.00 0.205407 2.84
38.00 0.204771 2.83
39.00 0.204144 2.82
40.00 0.203561 2.81
41.00 0.202993 2.81
42.00 0.202427 2.81
43.00 0.201870 2.79
44.00 0.201332 2.78
45.00 0.200820 2.76
46.00 0.200334 2.75
47.00 0.199871 2.75
48.00 0.199410 2.75
49.00 0.198951 2.75
50.00 0.198492 2.75
51.00 0.198034 2.75
52.00 0.197597 2.74
53.00 0.197162 2.74
54.00 0.196727 2.74
55.00 0.196292 2.74
56.00 0.195858 2.73
57.00 0.195467 2.72
58.00 0.195094 2.72
59.00 0.194729 2.71
60.00 0.194371 2.71
61.00 0.194024 2.70
62.00 0.193687 2.70
63.00 0.193366 2.68
64.00 0.193066 2.67
65.00 0.192785 2.67
66.00 0.192506 2.67
67.00 0.192229 2.67
68.00 0.191954 2.67
69.00 0.191680 2.67
70.00 0.191407 2.66
71.00 0.191167 2.66
72.00 0.190928 2.66
73.00 0.190690 2.66
74.00 0.190452 2.66
75.00 0.190236 2.65
76.00 0.190024 2.65
77.00 0.189813 2.65
78.00 0.189603 2.65
79.00 0.189393 2.65
80.00 0.189184 2.65
81.00 0.188975 2.65
82.00 0.188767 2.65
83.00 0.188558 2.65
84.00 0.188349 2.65
85.00 0.188140 2.65
86.00 0.187944 2.64
87.00 0.187763 2.64
88.00 0.187594 2.63
89.00 0.187443 2.63
90.00 0.187293 2.63
91.00 0.187145 2.63
92.00 0.187003 2.61
93.00 0.186878 2.61
94.00 0.186753 2.61
95.00 0.186631 2.61
96.00 0.186509 2.61
97.00 0.186388 2.61
98.00 0.186268 2.61
99.00 0.186148 2.61
100.00 0.186029 2.61
101.00 0.185910 2.61
102.00 0.185792 2.61
103.00 0.185673 2.61
104.00 0.185555 2.61
105.00 0.185436 2.61
106.00 0.185318 2.61
107.00 0.185199 2.61
108.00 0.185080 2.61
109.00 0.184962 2.61
110.00 0.184842 2.61
111.00 0.184723 2.61
112.00 0.184603 2.61
113.00 0.184499 2.60
114.00 0.184400 2.60
115.00 0.184302 2.60
116.00 0.184204 2.60
117.00 0.184125 2.59
118.00 0.184052 2.59
119.00 0.183980 2.59
120.00 0.183909 2.59
121.00 0.183840 2.59
122.00 0.183772 2.59
123.00 0.183704 2.59
124.00 0.183637 2.59
125.00 0.183571 2.58
126.00 0.183508 2.58
127.00 0.183445 2.58
128.00 0.183383 2.58
129.00 0.183321 2.58
130.00 0.183264 2.57
131.00 0.183210 2.57
132.00 0.183157 2.57
133.00 0.183105 2.57
134.00 0.183054 2.57
135.00 0.183003 2.57
136.00 0.182953 2.57
137.00 0.182903 2.57
138.00 0.182854 2.57
139.00 0.182805 2.57
140.00 0.182756 2.57
141.00 0.182708 2.57
142.00 0.182661 2.57
143.00 0.182613 2.57
144.00 0.182566 2.57
145.00 0.182519 2.57
146.00 0.182473 2.57
147.00 0.182426 2.57
148.00 0.182380 2.57
149.00 0.182334 2.57
150.00 0.182288 2.57
151.00 0.182245 2.56
152.00 0.182209 2.56
153.00 0.182174 2.56
154.00 0.182139 2.56
155.00 0.182105 2.56
156.00 0.182072 2.56
157.00 0.182039 2.56
158.00 0.182006 2.56
159.00 0.181974 2.56
160.00 0.181942 2.56
161.00 0.181910 2.56
162.00 0.181879 2.56
163.00 0.181848 2.56
164.00 0.181818 2.56
165.00 0.181787 2.56
166.00 0.181757 2.56
167.00 0.181728 2.56
168.00 0.181698 2.56
169.00 0.181669 2.56
170.00 0.181640 2.56
171.00 0.181611 2.56
172.00 0.181583 2.56
173.00 0.181554 2.56
174.00 0.181526 2.56
175.00 0.181499 2.56
176.00 0.181471 2.56
177.00 0.181444 2.56
178.00 0.181416 2.56
179.00 0.181389 2.56
180.00 0.181363 2.56
181.00 0.181336 2.56
182.00 0.181311 2.55
183.00 0.181294 2.55
184.00 0.181278 2.55
185.00 0.181262 2.55
186.00 0.181247 2.55
187.00 0.181232 2.55
188.00 0.181218 2.55
189.00 0.181204 2.55
190.00 0.181190 2.55
191.00 0.181176 2.55
192.00 0.181163 2.55
193.00 0.181150 2.55
194.00 0.181137 2.55
195.00 0.181125 2.55
196.00 0.181112 2.55
197.00 0.181100 2.55
198.00 0.181088 2.55
199.00 0.181077 2.55
200.00 0.181065 2.55
201.00 0.181054 2.55
202.00 0.181043 2.55
203.00 0.181032 2.55
204.00 0.181021 2.55
205.00 0.181010 2.55
206.00 0.181000 2.55
207.00 0.180989 2.55
208.00 0.180979 2.55
209.00 0.180969 2.55
210.00 0.180960 2.55
211.00 0.180950 2.55
212.00 0.180940 2.55
213.00 0.180931 2.55
214.00 0.180922 2.55
215.00 0.180913 2.55
216.00 0.180904 2.55
217.00 0.180895 2.55
218.00 0.180886 2.55
219.00 0.180878 2.55
220.00 0.180869 2.55
221.00 0.180861 2.55
222.00 0.180853 2.55
223.00 0.180845 2.55
224.00 0.180837 2.55
225.00 0.180829 2.55
226.00 0.180822 2.55
227.00 0.180814 2.55
228.00 0.180806 2.55
229.00 0.180799 2.55
230.00 0.180792 2.55
231.00 0.180785 2.55
232.00 0.180778 2.55
233.00 0.180771 2.55
234.00 0.180764 2.55
235.00 0.180757 2.55
236.00 0.180750 2.55
237.00 0.180744 2.55
238.00 0.180737 2.55
239.00 0.180731 2.55
240.00 0.180724 2.55
241.00 0.180718 2.55
242.00 0.180712 2.55
243.00 0.180706 2.55
244.00 0.180700 2.55
245.00 0.180694 2.55
246.00 0.180688 2.55
247.00 0.180682 2.55
248.00 0.180677 2.55
249.00 0.180671 2.55
250.00 0.180665 2.55
251.00 0.180660 2.55
252.00 0.180655 2.55
253.00 0.180649 2.55
254.00 0.180644 2.55
255.00 0.180639 2.55
256.00 0.180633 2.55
257.00 0.180628 2.55
258.00 0.180623 2.55
259.00 0.180618 2.55
260.00 0.180613 2.55
261.00 0.180609 2.55
262.00 0.180604 2.55
263.00 0.180599 2.55
264.00 0.180594 2.55
265.00 0.180590 2.55
266.00 0.180585 2.55
267.00 0.180581 2.55
268.00 0.180576 2.55
269.00 0.180572 2.55
270.00 0.180567 2.55
271.00 0.180563 2.55
272.00 0.180559 2.55
273.00 0.180555 2.55
274.00 0.180550 2.55
275.00 0.180546 2.55
276.00 0.180542 2.55
277.00 0.180538 2.55
278.00 0.180534 2.55
279.00 0.180530 2.54
280.00 0.180527 2.54
281.00 0.180523 2.54
282.00 0.180520 2.54
283.00 0.180516 2.54
284.00 0.180513 2.54
285.00 0.180510 2.54
286.00 0.180506 2.54
287.00 0.180503 2.54
288.00 0.180500 2.54
289.00 0.180497 2.54
290.00 0.180493 2.54
291.00 0.180490 2.54
292.00 0.180487 2.54
293.00 0.180484 2.54
294.00 0.180481 2.54
295.00 0.180478 2.54
296.00 0.180475 2.54
297.00 0.180473 2.54
298.00 0.180470 2.54
299.00 0.180467 2.54
300.00 0.180464 2.54
301.00 0.180461 2.54
302.00 0.180459 2.54
303.00 0.180456 2.54
304.00 0.180453 2.54
305.00 0.180451 2.54
306.00 0.180448 2.54
307.00 0.180445 2.54
308.00 0.180443 2.54
309.00 0.180440 2.54
310.00 0.180438 2.54
311.00 0.180435 2.54
312.00 0.180433 2.54
313.00 0.180431 2.54
314.00 0.180428 2.54
315.00 0.180426 2.54
316.00 0.180424 2.54
317.00 0.180421 2.54
318.00 0.180419 2.54
319.00 0.180417 2.54
320.00 0.180415 2.54
321.00 0.180412 2.54
322.00 0.180410 2.54
323.00 0.180408 2.54
324.00 0.180406 2.54
325.00 0.180404 2.54
326.00 0.180402 2.54
327.00 0.180400 2.54
328.00 0.180397 2.54
329.00 0.180395 2.54
330.00 0.180393 2.54
331.00 0.180391 2.54
332.00 0.180389 2.54
333.00 0.180387 2.54
334.00 0.180386 2.54
335.00 0.180384 2.54
336.00 0.180382 2.54
337.00 0.180380 2.54
338.00 0.180378 2.54
339.00 0.180376 2.54
340.00 0.180374 2.54
341.00 0.180372 2.54
342.00 0.180370 2.54
343.00 0.180369 2.54
344.00 0.180367 2.54
345.00 0.180365 2.54
346.00 0.180363 2.54
347.00 0.180362 2.54
348.00 0.180360 2.54
349.00 0.180358 2.54
350.00 0.180356 2.54
351.00 0.180355 2.54
352.00 0.180353 2.54
353.00 0.180351 2.54
354.00 0.180350 2.54
355.00 0.180348 2.54
356.00 0.180346 2.54
357.00 0.180345 2.54
358.00 0.180343 2.54
359.00 0.180341 2.54
360.00 0.180340 2.54
361.00 0.180338 2.54
362.00 0.180336 2.54
363.00 0.180335 2.54
364.00 0.180333 2.54
365.00 0.180332 2.54
366.00 0.180330 2.54
367.00 0.180328 2.54
368.00 0.180327 2.54
369.00 0.180325 2.54
370.00 0.180324 2.54
371.00 0.180322 2.54
372.00 0.180321 2.54
373.00 0.180319 2.54
374.00 0.180318 2.54
375.00 0.180316 2.54
376.00 0.180315 2.54
377.00 0.180313 2.54
378.00 0.180312 2.54
379.00 0.180310 2.54
380.00 0.180308 2.54
381.00 0.180307 2.54
382.00 0.180305 2.54
383.00 0.180304 2.54
384.00 0.180302 2.54
385.00 0.180301 2.54
386.00 0.180299 2.54
387.00 0.180298 2.54
388.00 0.180296 2.54
389.00 0.180295 2.54
390.00 0.180293 2.54
391.00 0.180292 2.54
392.00 0.180291 2.54
393.00 0.180289 2.53
394.00 0.180288 2.53
395.00 0.180286 2.53
396.00 0.180285 2.53
397.00 0.180283 2.53
398.00 0.180282 2.53
399.00 0.180280 2.53
400.00 0.180279 2.53
401.00 0.180277 2.53
402.00 0.180276 2.53
403.00 0.180274 2.53
404.00 0.180273 2.53
405.00 0.180271 2.53
406.00 0.180270 2.53
407.00 0.180268 2.53
408.00 0.180267 2.53
409.00 0.180266 2.53
410.00 0.180264 2.53
411.00 0.180263 2.53
412.00 0.180261 2.53
413.00 0.180260 2.53
414.00 0.180258 2.53
415.00 0.180257 2.53
416.00 0.180255 2.53
417.00 0.180254 2.53
418.00 0.180252 2.53
419.00 0.180251 2.52
420.00 0.180250 2.52
421.00 0.180250 2.52
422.00 0.180250 2.52
423.00 0.180250 2.52
424.00 0.180250 2.52
425.00 0.180249 2.52
426.00 0.180249 2.52
427.00 0.180249 2.52
428.00 0.180249 2.52
429.00 0.180249 2.52
430.00 0.180248 2.52
431.00 0.180248 2.52
432.00 0.180248 2.52
433.00 0.180248 2.52
434.00 0.180248 2.52
435.00 0.180247 2.52
436.00 0.180247 2.52
437.00 0.180247 2.52
438.00 0.180247 2.52
439.00 0.180247 2.52
440.00 0.180247 2.52
441.00 0.180246 2.52
442.00 0.180246 2.52
443.00 0.180246 2.52
444.00 0.180246 2.52
445.00 0.180246 2.52
446.00 0.180246 2.52
447.00 0.180246 2.52
448.00 0.180245 2.52
449.00 0.180245 2.52
450.00 0.180245 2.52
451.00 0.180245 2.52
452.00 0.180245 2.52
453.00 0.180245 2.52
454.00 0.180245 2.52
455.00 0.180245 2.52
456.00 0.180244 2.52
457.00 0.180244 2.52
458.00 0.180244 2.52
459.00 0.180244 2.52
460.00 0.180244 2.52
461.00 0.180244 2.52
462.00 0.180244 2.52
463.00 0.180244 2.52
464.00 0.180244 2.52
465.00 0.180244 2.52
466.00 0.180243 2.52
467.00 0.180243 2.52
468.00 0.180243 2.52
469.00 0.180243 2.52
470.00 0.180243 2.52
471.00 0.180243 2.52
472.00 0.180243 2.52
473.00 0.180243 2.52
474.00 0.180243 2.52
475.00 0.180243 2.52
476.00 0.180243 2.52
477.00 0.180243 2.52
478.00 0.180243 2.52
479.00 0.180242 2.52
480.00 0.180242 2.52
481.00 0.180242 2.52
482.00 0.180242 2.52
483.00 0.180242 2.52
484.00 0.180242 2.52
485.00 0.180242 2.52
486.00 0.180242 2.52
487.00 0.180242 2.52
488.00 0.180242 2.52
489.00 0.180242 2.52
490.00 0.180242 2.52
491.00 0.180242 2.52
492.00 0.180242 2.52
493.00 0.180242 2.52
494.00 0.180242 2.52
495.00 0.180242 2.52
496.00 0.180241 2.52
497.00 0.180241 2.52
498.00 0.180241 2.52
499.00 0.180241 2.52
500.00 0.180241 2.52
501.00 0.180241 2.52
502.00 0.180241 2.52
503.00 0.180241 2.52
504.00 0.180241 2.52
505.00 0.180241 2.52
506.00 0.180241 2.52
507.00 0.180241 2.52
508.00 0.180241 2.52
509.00 0.180241 2.52
510.00 0.180241 2.52
511.00 0.180241 2.52
512.00 0.180241 2.52
513.00 0.180241 2.52
514.00 0.180241 2.52
515.00 0.180241 2.52
516.00 0.180241 2.52
517.00 0.180241 2.52
518.00 0.180241 2.52
519.00 0.180241 2.52
520.00 0.180241 2.52
521.00 0.180241 2.52
522.00 0.180240 2.52
523.00 0.180240 2.52
524.00 0.180240 2.52
525.00 0.180240 2.52
526.00 0.180240 2.52
527.00 0.180240 2.52
528.00 0.180240 2.52
529.00 0.180240 2.52
530.00 0.180240 2.52
531.00 0.180240 2.52
532.00 0.180240 2.52
533.00 0.180240 2.52
534.00 0.180240 2.52
535.00 0.180240 2.52
536.00 0.180240 2.52
537.00 0.180240 2.52
538.00 0.180240 2.52
539.00 0.180240 2.52
540.00 0.180240 2.52
541.00 0.180240 2.52
542.00 0.180240 2.52
543.00 0.180240 2.52
544.00 0.180240 2.52
545.00 0.180240 2.52
546.00 0.180240 2.52
547.00 0.180240 2.52
548.00 0.180240 2.52
549.00 0.180240 2.52
550.00 0.180240 2.52
551.00 0.180240 2.52
552.00 0.180240 2.52
553.00 0.180240 2.52
554.00 0.180240 2.52
555.00 0.180240 2.52
556.00 0.180240 2.52
557.00 0.180240 2.52
558.00 0.180240 2.52
559.00 0.180240 2.52
560.00 0.180240 2.52
561.00 0.180240 2.52
562.00 0.180240 2.52
563.00 0.180240 2.52
564.00 0.180240 2.52
565.00 0.180240 2.52
566.00 0.180240 2.52
567.00 0.180240 2.52
568.00 0.180240 2.52
569.00 0.180240 2.52
570.00 0.180240 2.52
571.00 0.180240 2.52
572.00 0.180240 2.52
573.00 0.180240 2.52
574.00 0.180240 2.52
575.00 0.180240 2.52
576.00 0.180240 2.52
577.00 0.180240 2.52
578.00 0.180240 2.52
579.00 0.180240 2.52
580.00 0.180240 2.52
581.00 0.180240 2.52
582.00 0.180240 2.52
583.00 0.180240 2.52
584.00 0.180240 2.52
585.00 0.180239 2.52
586.00 0.180239 2.52
587.00 0.180239 2.52
588.00 0.180239 2.52
589.00 0.180239 2.52
590.00 0.180239 2.52
591.00 0.180239 2.52
592.00 0.180239 2.52
593.00 0.180239 2.52
594.00 0.180239 2.52
595.00 0.180239 2.52
596.00 0.180239 2.52
597.00 0.180239 2.52
598.00 0.180239 2.52
599.00 0.180239 2.52
600.00 0.180239 2.52
601.00 0.180239 2.52
602.00 0.180239 2.52
603.00 0.180239 2.52
604.00 0.180239 2.52
605.00 0.180239 2.52
606.00 0.180239 2.52
607.00 0.180239 2.52
608.00 0.180239 2.52
609.00 0.180239 2.52
610.00 0.180239 2.52
611.00 0.180239 2.52
612.00 0.180239 2.52
613.00 0.180239 2.52
614.00 0.180239 2.52
615.00 0.180239 2.52
616.00 0.180239 2.52
617.00 0.180239 2.52
618.00 0.180239 2.52
619.00 0.180239 2.52
620.00 0.180239 2.52
621.00 0.180239 2.52
622.00 0.180239 2.52
623.00 0.180239 2.52
624.00 0.180239 2.52
625.00 0.180239 2.52
626.00 0.180239 2.52
627.00 0.180239 2.52
628.00 0.180239 2.52
629.00 0.180239 2.52
630.00 0.180239 2.52
631.00 0.180239 2.52
632.00 0.180239 2.52
633.00 0.180239 2.52
634.00 0.180239 2.52
635.00 0.180239 2.52
636.00 0.180239 2.52
637.00 0.180239 2.52
638.00 0.180239 2.52
639.00 0.180239 2.52
640.00 0.180239 2.52
641.00 0.180239 2.52
642.00 0.180239 2.52
643.00 0.180239 2.52
644.00 0.180239 2.52
645.00 0.180239 2.52
646.00 0.180239 2.52
647.00 0.180239 2.52
648.00 0.180239 2.52
649.00 0.180239 2.52
650.00 0.180239 2.52
651.00 0.180239 2.52
652.00 0.180239 2.52
653.00 0.180239 2.52
654.00 0.180239 2.52
655.00 0.180239 2.52
656.00 0.180239 2.52
657.00 0.180239 2.52
658.00 0.180239 2.52
659.00 0.180239 2.52
660.00 0.180239 2.52
661.00 0.180239 2.52
662.00 0.180239 2.52
663.00 0.180239 2.52
664.00 0.180239 2.52
665.00 0.180239 2.52
666.00 0.180239 2.52
667.00 0.180239 2.52
668.00 0.180239 2.52
669.00 0.180239 2.52
670.00 0.180239 2.52
671.00 0.180239 2.52
672.00 0.180239 2.52
673.00 0.180239 2.52
674.00 0.180239 2.52
675.00 0.180239 2.52
676.00 0.180239 2.52
677.00 0.180239 2.52
678.00 0.180239 2.52
679.00 0.180239 2.52
680.00 0.180239 2.52
681.00 0.180239 2.52
682.00 0.180239 2.52
683.00 0.180239 2.52
684.00 0.180239 2.52
685.00 0.180239 2.52
686.00 0.180239 2.52
687.00 0.180239 2.52
688.00 0.180239 2.52
689.00 0.180239 2.52
690.00 0.180239 2.52
691.00 0.180239 2.52
692.00 0.180239 2.52
693.00 0.180239 2.52
694.00 0.180239 2.52
695.00 0.180239 2.52
696.00 0.180239 2.52
697.00 0.180239 2.52
698.00 0.180239 2.52
699.00 0.180239 2.52
700.00 0.180239 2.52
701.00 0.180239 2.52
702.00 0.180239 2.52
703.00 0.180239 2.52
704.00 0.180239 2.52
705.00 0.180239 2.52
706.00 0.180239 2.52
707.00 0.180239 2.52
708.00 0.180239 2.52
709.00 0.180239 2.52
710.00 0.180239 2.52
711.00 0.180239 2.52
712.00 0.180239 2.52
713.00 0.180239 2.52
714.00 0.180239 2.52
715.00 0.180239 2.52
716.00 0.180239 2.52
717.00 0.180239 2.52
718.00 0.180239 2.52
719.00 0.180239 2.52
720.00 0.180239 2.52
721.00 0.180239 2.52
722.00 0.180239 2.52
723.00 0.180239 2.52
724.00 0.180239 2.52
725.00 0.180239 2.52
726.00 0.180239 2.52
727.00 0.180239 2.52
728.00 0.180239 2.52
729.00 0.180239 2.52
730.00 0.180239 2.52
731.00 0.180239 2.52
732.00 0.180239 2.52
733.00 0.180239 2.52
734.00 0.180239 2.52
735.00 0.180239 2.52
736.00 0.180239 2.52
737.00 0.180239 2.52
738.00 0.180239 2.52
739.00 0.180239 2.52
740.00 0.180239 2.52
741.00 0.180239 2.52
742.00 0.180239 2.52
743.00 0.180239 2.52
744.00 0.180239 2.52
745.00 0.180239 2.52
746.00 0.180239 2.52
747.00 0.180239 2.52
748.00 0.180239 2.52
749.00 0.180239 2.52
750.00 0.180239 2.52
751.00 0.180239 2.52
752.00 0.180239 2.52
753.00 0.180239 2.52
754.00 0.180239 2.52
755.00 0.180239 2.52
756.00 0.180239 2.52
757.00 0.180239 2.52
758.00 0.180239 2.52
759.00 0.180239 2.52
760.00 0.180239 2.52
761.00 0.180239 2.52
762.00 0.180239 2.52
763.00 0.180239 2.52
764.00 0.180239 2.52
765.00 0.180239 2.52
766.00 0.180239 2.52
767.00 0.180239 2.52
768.00 0.180239 2.52
769.00 0.180239 2.52
770.00 0.180239 2.52
771.00 0.180239 2.52
772.00 0.180239 2.52
773.00 0.180239 2.52
774.00 0.180239 2.52
775.00 0.180239 2.52
776.00 0.180239 2.52
777.00 0.180239 2.52
778.00 0.180239 2.52
779.00 0.180239 2.52
780.00 0.180239 2.52
781.00 0.180239 2.52
782.00 0.180239 2.52
783.00 0.180239 2.52
784.00 0.180239 2.52
785.00 0.180239 2.52
786.00 0.180239 2.52
787.00 0.180239 2.52
788.00 0.180239 2.52
789.00 0.180239 2.52
790.00 0.180239 2.52
791.00 0.180239 2.52
792.00 0.180239 2.52
793.00 0.180239 2.52
794.00 0.180239 2.52
795.00 0.180239 2.52
796.00 0.180239 2.52
797.00 0.180239 2.52
798.00 0.180239 2.52
799.00 0.180239 2.52
800.00 0.180239 2.52
801.00 0.180239 2.52
802.00 0.180239 2.52
803.00 0.180239 2.52
804.00 0.180239 2.52
805.00 0.180239 2.52
806.00 0.180239 2.52
807.00 0.180239 2.52
808.00 0.180239 2.52
809.00 0.180239 2.52
810.00 0.180239 2.52
811.00 0.180239 2.52
812.00 0.180239 2.52
813.00 0.180239 2.52
814.00 0.180239 2.52
815.00 0.180239 2.52
816.00 0.180239 2.52
817.00 0.180239 2.52
818.00 0.180239 2.52
819.00 0.180239 2.52
820.00 0.180239 2.52
821.00 0.180239 2.52
822.00 0.180239 2.52
823.00 0.180239 2.52
824.00 0.180239 2.52
825.00 0.180239 2.52
826.00 0.180239 2.52
827.00 0.180239 2.52
828.00 0.180239 2.52
829.00 0.180239 2.52
830.00 0.180239 2.52
831.00 0.180239 2.52
832.00 0.180239 2.52
833.00 0.180239 2.52
834.00 0.180239 2.52
835.00 0.180239 2.52
836.00 0.180239 2.52
837.00 0.180239 2.52
838.00 0.180239 2.52
839.00 0.180239 2.52
840.00 0.180239 2.52
841.00 0.180239 2.52
842.00 0.180239 2.52
843.00 0.180239 2.52
844.00 0.180239 2.52
845.00 0.180239 2.52
846.00 0.180239 2.52
847.00 0.180239 2.52
848.00 0.180239 2.52
849.00 0.180239 2.52
850.00 0.180239 2.52
851.00 0.180239 2.52
852.00 0.180239 2.52
853.00 0.180239 2.52
854.00 0.180239 2.52
855.00 0.180239 2.52
856.00 0.180239 2.52
857.00 0.180239 2.52
858.00 0.180239 2.52
859.00 0.180239 2.52
860.00 0.180239 2.52
861.00 0.180239 2.52
862.00 0.180239 2.52
863.00 0.180239 2.52
864.00 0.180239 2.52
865.00 0.180239 2.52
866.00 0.180239 2.52
867.00 0.180239 2.52
868.00 0.180239 2.52
869.00 0.180239 2.52
870.00 0.180239 2.52
871.00 0.180239 2.52
872.00 0.180239 2.52
873.00 0.180239 2.52
874.00 0.180239 2.52
875.00 0.180239 2.52
876.00 0.180239 2.52
877.00 0.180239 2.52
878.00 0.180239 2.52
879.00 0.180239 2.52
880.00 0.180239 2.52
881.00 0.180239 2.52
882.00 0.180239 2.52
883.00 0.180239 2.52
884.00 0.180239 2.52
885.00 0.180239 2.52
886.00 0.180239 2.52
887.00 0.180239 2.52
888.00 0.180239 2.52
889.00 0.180239 2.52
890.00 0.180239 2.52
891.00 0.180239 2.52
892.00 0.180239 2.52
893.00 0.180239 2.52
894.00 0.180239 2.52
895.00 0.180239 2.52
896.00 0.180239 2.52
897.00 0.180239 2.52
898.00 0.180239 2.52
899.00 0.180239 2.52
900.00 0.180239 2.52
901.00 0.180239 2.52
902.00 0.180239 2.52
903.00 0.180239 2.52
904.00 0.180239 2.52
905.00 0.180239 2.52
906.00 0.180239 2.52
907.00 0.180239 2.52
908.00 0.180239 2.52
909.00 0.180239 2.52
910.00 0.180239 2.52
911.00 0.180239 2.52
912.00 0.180239 2.52
913.00 0.180239 2.52
914.00 0.180239 2.52
915.00 0.180239 2.52
916.00 0.180239 2.52
917.00 0.180239 2.52
918.00 0.180239 2.52
919.00 0.180239 2.52
920.00 0.180239 2.52
921.00 0.180239 2.52
922.00 0.180239 2.52
923.00 0.180239 2.52
924.00 0.180239 2.52
925.00 0.180239 2.52
926.00 0.180239 2.52
927.00 0.180239 2.52
928.00 0.180239 2.52
929.00 0.180239 2.52
930.00 0.180239 2.52
931.00 0.180239 2.52
932.00 0.180239 2.52
933.00 0.180239 2.52
934.00 0.180239 2.52
935.00 0.180239 2.52
936.00 0.180239 2.52
937.00 0.180239 2.52
938.00 0.180239 2.52
939.00 0.180239 2.52
940.00 0.180239 2.52
941.00 0.180239 2.52
942.00 0.180239 2.52
943.00 0.180239 2.52
944.00 0.180239 2.52
945.00 0.180239 2.52
946.00 0.180239 2.52
947.00 0.180239 2.52
948.00 0.180239 2.52
949.00 0.180239 2.52
950.00 0.180239 2.52
951.00 0.180239 2.52
952.00 0.180239 2.52
953.00 0.180239 2.52
954.00 0.180239 2.52
955.00 0.180239 2.52
956.00 0.180239 2.52
957.00 0.180239 2.52
958.00 0.180239 2.52
959.00 0.180239 2.52
960.00 0.180239 2.52
961.00 0.180239 2.52
962.00 0.180239 2.52
963.00 0.180239 2.52
964.00 0.180239 2.52
965.00 0.180239 2.52
966.00 0.180239 2.52
967.00 0.180239 2.52
968.00 0.180239 2.52
969.00 0.180239 2.52
970.00 0.180239 2.52
971.00 0.180239 2.52
972.00 0.180239 2.52
973.00 0.180239 2.52
974.00 0.180239 2.52
975.00 0.180239 2.52
976.00 0.180239 2.52
977.00 0.180239 2.52
978.00 0.180239 2.52
979.00 0.180239 2.52
980.00 0.180239 2.52
981.00 0.180239 2.52
982.00 0.180239 2.52
983.00 0.180239 2.52
984.00 0.180239 2.52
985.00 0.180239 2.52
986.00 0.180239 2.52
987.00 0.180239 2.52
988.00 0.180239 2.52
989.00 0.180239 2.52
990.00 0.180239 2.52
991.00 0.180239 2.52
992.00 0.180239 2.52
993.00 0.180239 2.52
994.00 0.180239 2.52
995.00 0.180239 2.52
996.00 0.180239 2.52
997.00 0.180239 2.52
998.00 0.180239 2.52
999.00 0.180239 2.52
1000.00 0.180239 2.52
1001.00 0.180239 2.52
1002.00 0.180239 2.52
1003.00 0.180239 2.52
1004.00 0.180239 2.52
1005.00 0.180239 2.52
1006.00 0.180239 2.52
1007.00 0.180239 2.52
1008.00 0.180239 2.52
1009.00 0.180239 2.52
1010.00 0.180239 2.52
1011.00 0.180239 2.52
1012.00 0.180239 2.52
1013.00 0.180239 2.52
1014.00 0.180239 2.52
1015.00 0.180239 2.52
1016.00 0.180239 2.52
1017.00 0.180239 2.52
1018.00 0.180239 2.52
1019.00 0.180239 2.52
1020.00 0.180239 2.52
1021.00 0.180239 2.52
1022.00 0.180239 2.52
1023.00 0.180239 2.52
1024.00 0.180239 2.52
1025.00 0.180239 2.52
1026.00 0.180239 2.52
1027.00 0.180239 2.52
1028.00 0.180239 2.52
1029.00 0.180239 2.52
1030.00 0.180239 2.52
1031.00 0.180239 2.52
1032.00 0.180239 2.52
1033.00 0.180239 2.52
1034.00 0.180239 2.52
1035.00 0.180239 2.52
1036.00 0.180239 2.52
1037.00 0.180239 2.52
1038.00 0.180239 2.52
1039.00 0.180239 2.52
1040.00 0.180239 2.52
1041.00 0.180239 2.52
1042.00 0.180239 2.52
1043.00 0.180239 2.52
1044.00 0.180239 2.52
1045.00 0.180239 2.52
1046.00 0.180239 2.52
1047.00 0.180239 2.52
1048.00 0.180239 2.52
1049.00 0.180239 2.52
1050.00 0.180239 2.52
1051.00 0.180239 2.52
1052.00 0.180239 2.52
1053.00 0.180239 2.52
1054.00 0.180239 2.52
1055.00 0.180239 2.52
1056.00 0.180239 2.52
1057.00 0.180239 2.52
1058.00 0.180239 2.52
1059.00 0.180239 2.52
1060.00 0.180239 2.52
1061.00 0.180239 2.52
1062.00 0.180239 2.52
1063.00 0.180239 2.52
1064.00 0.180239 2.52
1065.00 0.180239 2.52
1066.00 0.180239 2.52
1067.00 0.180239 2.52
1068.00 0.180239 2.52
1069.00 0.180239 2.52
1070.00 0.180239 2.52
1071.00 0.180239 2.52
1072.00 0.180239 2.52
1073.00 0.180239 2.52
1074.00 0.180239 2.52
1075.00 0.180239 2.52
1076.00 0.180239 2.52
1077.00 0.180239 2.52
1078.00 0.180239 2.52
1079.00 0.180239 2.52
1080.00 0.180239 2.52
1081.00 0.180239 2.52
1082.00 0.180239 2.52
1083.00 0.180239 2.52
1084.00 0.180239 2.52
1085.00 0.180239 2.52
1086.00 0.180239 2.52
1087.00 0.180239 2.52
1088.00 0.180239 2.52
1089.00 0.180239 2.52
1090.00 0.180239 2.52
1091.00 0.180239 2.52
1092.00 0.180239 2.52
1093.00 0.180239 2.52
1094.00 0.180239 2.52
1095.00 0.180239 2.52
1096.00 0.180239 2.52
1097.00 0.180239 2.52
1098.00 0.180239 2.52
1099.00 0.180239 2.52
1100.00 0.180239 2.52
1101.00 0.180239 2.52
1102.00 0.180239 2.52
1103.00 0.180239 2.52
1104.00 0.180239 2.52
1105.00 0.180239 2.52
1106.00 0.180239 2.52
1107.00 0.180239 2.52
1108.00 0.180239 2.52
1109.00 0.180239 2.52
1110.00 0.180239 2.52
1111.00 0.180239 2.52
1112.00 0.180239 2.52
1113.00 0.180239 2.52
1114.00 0.180239 2.52
1115.00 0.180239 2.52
1116.00 0.180239 2.52
1117.00 0.180239 2.52
1118.00 0.180239 2.52
1119.00 0.180239 2.52
1120.00 0.180239 2.52
1121.00 0.180239 2.52
1122.00 0.180239 2.52
1123.00 0.180239 2.52
1124.00 0.180239 2.52
1125.00 0.180239 2.52
1126.00 0.180239 2.52
1127.00 0.180239 2.52
1128.00 0.180239 2.52
1129.00 0.180239 2.52
1130.00 0.180239 2.52
1131.00 0.180239 2.52
1132.00 0.180239 2.52
1133.00 0.180239 2.52
1134.00 0.180239 2.52
1135.00 0.180239 2.52
1136.00 0.180239 2.52
1137.00 0.180239 2.52
1138.00 0.180239 2.52
1139.00 0.180239 2.52
1140.00 0.180239 2.52
1141.00 0.180239 2.52
1142.00 0.180239 2.52
1143.00 0.180239 2.52
1144.00 0.180239 2.52
1145.00 0.180239 2.52
1146.00 0.180239 2.52
1147.00 0.180239 2.52
1148.00 0.180239 2.52
1149.00 0.180239 2.52
1150.00 0.180239 2.52
1151.00 0.180239 2.52
1152.00 0.180239 2.52
1153.00 0.180239 2.52
1154.00 0.180239 2.52
1155.00 0.180239 2.52
1156.00 0.180239 2.52
1157.00 0.180239 2.52
1158.00 0.180239 2.52
1159.00 0.180239 2.52
1160.00 0.180239 2.52
1161.00 0.180239 2.52
1162.00 0.180239 2.52
1163.00 0.180239 2.52
1164.00 0.180239 2.52
1165.00 0.180239 2.52
1166.00 0.180239 2.52
1167.00 0.180239 2.52
1168.00 0.180239 2.52
1169.00 0.180239 2.52
1170.00 0.180239 2.52
1171.00 0.180239 2.52
1172.00 0.180239 2.52
1173.00 0.180239 2.52
1174.00 0.180239 2.52
1175.00 0.180239 2.52
1176.00 0.180239 2.52
1177.00 0.180239 2.52
1178.00 0.180239 2.52
1179.00 0.180239 2.52
1180.00 0.180239 2.52
1181.00 0.180239 2.52
1182.00 0.180239 2.52
1183.00 0.180239 2.52
1184.00 0.180239 2.52
1185.00 0.180239 2.52
1186.00 0.180239 2.52
1187.00 0.180239 2.52
1188.00 0.180239 2.52
1189.00 0.180239 2.52
1190.00 0.180239 2.52
1191.00 0.180239 2.52
1192.00 0.180239 2.52
1193.00 0.180239 2.52
1194.00 0.180239 2.52
1195.00 0.180239 2.52
1196.00 0.180239 2.52
1197.00 0.180239 2.52
1198.00 0.180239 2.52
1199.00 0.180239 2.52
1200.00 0.180239 2.52
1201.00 0.180239 2.52
1202.00 0.180239 2.52
1203.00 0.180239 2.52
1204.00 0.180239 2.52
1205.00 0.180239 2.52
1206.00 0.180239 2.52
1207.00 0.180239 2.52
1208.00 0.180239 2.52
1209.00 0.180239 2.52
1210.00 0.180239 2.52
1211.00 0.180239 2.52
1212.00 0.180239 2.52
1213.00 0.180239 2.52
1214.00 0.180239 2.52
1215.00 0.180239 2.52
1216.00 0.180239 2.52
1217.00 0.180239 2.52
1218.00 0.180239 2.52
1219.00 0.180239 2.52
1220.00 0.180239 2.52
1221.00 0.180239 2.52
1222.00 0.180239 2.52
1223.00 0.180239 2.52
1224.00 0.180239 2.52
1225.00 0.180239 2.52
1226.00 0.180239 2.52
1227.00 0.180239 2.52
1228.00 0.180239 2.52
1229.00 0.180239 2.52
1230.00 0.180239 2.52
1231.00 0.180239 2.52
1232.00 0.180239 2.52
1233.00 0.180239 2.52
1234.00 0.180239 2.52
1235.00 0.180239 2.52
1236.00 0.180239 2.52
1237.00 0.180239 2.52
1238.00 0.180239 2.52
1239.00 0.180239 2.52
1240.00 0.180239 2.52
1241.00 0.180239 2.52
1242.00 0.180239 2.52
1243.00 0.180239 2.52
1244.00 0.180239 2.52
1245.00 0.180239 2.52
1246.00 0.180239 2.52
1247.00 0.180239 2.52
1248.00 0.180239 2.52
1249.00 0.180239 2.52
1250.00 0.180239 2.52
1251.00 0.180239 2.52
1252.00 0.180239 2.52
1253.00 0.180239 2.52
1254.00 0.180239 2.52
1255.00 0.180239 2.52
1256.00 0.180239 2.52
1257.00 0.180239 2.52
1258.00 0.180239 2.52
1259.00 0.180239 2.52
1260.00 0.180239 2.52
1261.00 0.180239 2.52
1262.00 0.180239 2.52
1263.00 0.180239 2.52
1264.00 0.180239 2.52
1265.00 0.180239 2.52
1266.00 0.180239 2.52
1267.00 0.180239 2.52
1268.00 0.180239 2.52
1269.00 0.180239 2.52
1270.00 0.180239 2.52
1271.00 0.180239 2.52
1272.00 0.180239 2.52
1273.00 0.180239 2.52
1274.00 0.180239 2.52
1275.00 0.180239 2.52
1276.00 0.180239 2.52
1277.00 0.180239 2.52
1278.00 0.180239 2.52
1279.00 0.180239 2.52
1280.00 0.180239 2.52
1281.00 0.180239 2.52
1282.00 0.180239 2.52
1283.00 0.180239 2.52
1284.00 0.180239 2.52
1285.00 0.180239 2.52
1286.00 0.180239 2.52
1287.00 0.180239 2.52
1288.00 0.180239 2.52
1289.00 0.180239 2.52
1290.00 0.180239 2.52
1291.00 0.180239 2.52
1292.00 0.180239 2.52
1293.00 0.180239 2.52
1294.00 0.180239 2.52
1295.00 0.180239 2.52
1296.00 0.180239 2.52
1297.00 0.180239 2.52
1298.00 0.180239 2.52
1299.00 0.180239 2.52
1300.00 0.180239 2.52
1301.00 0.180239 2.52
1302.00 0.180239 2.52
1303.00 0.180239 2.52
1304.00 0.180239 2.52
1305.00 0.180239 2.52
1306.00 0.180239 2.52
1307.00 0.180239 2.52
1308.00 0.180239 2.52
1309.00 0.180239 2.52
1310.00 0.180239 2.52
1311.00 0.180239 2.52
1312.00 0.180239 2.52
1313.00 0.180239 2.52
1314.00 0.180239 2.52
1315.00 0.180239 2.52
1316.00 0.180239 2.52
1317.00 0.180239 2.52
1318.00 0.180239 2.52
1319.00 0.180239 2.52
1320.00 0.180239 2.52
1321.00 0.180239 2.52
1322.00 0.180239 2.52
1323.00 0.180239 2.52
1324.00 0.180239 2.52
1325.00 0.180239 2.52
1326.00 0.180239 2.52
1327.00 0.180239 2.52
1328.00 0.180239 2.52
1329.00 0.180239 2.52
1330.00 0.180239 2.52
1331.00 0.180239 2.52
1332.00 0.180239 2.52
1333.00 0.180239 2.52
1334.00 0.180239 2.52
1335.00 0.180239 2.52
1336.00 0.180239 2.52
1337.00 0.180239 2.52
1338.00 0.180239 2.52
1339.00 0.180239 2.52
1340.00 0.180239 2.52
1341.00 0.180239 2.52
1342.00 0.180239 2.52
1343.00 0.180239 2.52
1344.00 0.180239 2.52
1345.00 0.180239 2.52
1346.00 0.180239 2.52
1347.00 0.180239 2.52
1348.00 0.180239 2.52
1349.00 0.180239 2.52
1350.00 0.180239 2.52
1351.00 0.180239 2.52
1352.00 0.180239 2.52
1353.00 0.180239 2.52
1354.00 0.180239 2.52
1355.00 0.180239 2.52
1356.00 0.180239 2.52
1357.00 0.180239 2.52
1358.00 0.180239 2.52
1359.00 0.180239 2.52
1360.00 0.180239 2.52
1361.00 0.180239 2.52
1362.00 0.180239 2.52
1363.00 0.180239 2.52
1364.00 0.180239 2.52
1365.00 0.180239 2.52
1366.00 0.180239 2.52
1367.00 0.180239 2.52
1368.00 0.180239 2.52
1369.00 0.180239 2.52
1370.00 0.180239 2.52
1371.00 0.180239 2.52
1372.00 0.180239 2.52
1373.00 0.180239 2.52
1374.00 0.180239 2.52
1375.00 0.180239 2.52
1376.00 0.180239 2.52
1377.00 0.180239 2.52
1378.00 0.180239 2.52
1379.00 0.180239 2.52
1380.00 0.180239 2.52
1381.00 0.180239 2.52
1382.00 0.180239 2.52
1383.00 0.180239 2.52
1384.00 0.180239 2.52
1385.00 0.180239 2.52
1386.00 0.180239 2.52
1387.00 0.180239 2.52
1388.00 0.180239 2.52
1389.00 0.180239 2.52
1390.00 0.180239 2.52
1391.00 0.180239 2.52
1392.00 0.180239 2.52
1393.00 0.180239 2.52
1394.00 0.180239 2.52
1395.00 0.180239 2.52
1396.00 0.180239 2.52
1397.00 0.180239 2.52
1398.00 0.180239 2.52
1399.00 0.180239 2.52
1400.00 0.180239 2.52
1401.00 0.180239 2.52
1402.00 0.180239 2.52
1403.00 0.180239 2.52
1404.00 0.180239 2.52
1405.00 0.180239 2.52
1406.00 0.180239 2.52
1407.00 0.180239 2.52
1408.00 0.180239 2.52
1409.00 0.180239 2.52
1410.00 0.180239 2.52
1411.00 0.180239 2.52
1412.00 0.180239 2.52
1413.00 0.180239 2.52
1414.00 0.180239 2.52
1415.00 0.180239 2.52
1416.00 0.180239 2.52
1417.00 0.180239 2.52
1418.00 0.180239 2.52
1419.00 0.180239 2.52
1420.00 0.180239 2.52
1421.00 0.180239 2.52
1422.00 0.180239 2.52
1423.00 0.180239 2.52
1424.00 0.180239 2.52
1425.00 0.180239 2.52
1426.00 0.180239 2.52
1427.00 0.180239 2.52
1428.00 0.180239 2.52
1429.00 0.180239 2.52
1430.00 0.180239 2.52
1431.00 0.180239 2.52
1432.00 0.180239 2.52
1433.00 0.180239 2.52
1434.00 0.180239 2.52
1435.00 0.180239 2.52
1436.00 0.180239 2.52
1437.00 0.180239 2.52
1438.00 0.180239 2.52
1439.00 0.180239 2.52
1440.00 0.180239 2.52
1441.00 0.180239 2.52
1442.00 0.180239 2.52
1443.00 0.180239 2.52
1444.00 0.180239 2.52
1445.00 0.180239 2.52
1446.00 0.180239 2.52
1447.00 0.180239 2.52
1448.00 0.180239 2.52
1449.00 0.180239 2.52
1450.00 0.180239 2.52
1451.00 0.180239 2.52
1452.00 0.180239 2.52
1453.00 0.180239 2.52
1454.00 0.180239 2.52
1455.00 0.180239 2.52
1456.00 0.180239 2.52
1457.00 0.180239 2.52
1458.00 0.180239 2.52
1459.00 0.180239 2.52
1460.00 0.180239 2.52
1461.00 0.180239 2.52
1462.00 0.180239 2.52
1463.00 0.180239 2.52
1464.00 0.180239 2.52
1465.00 0.180239 2.52
1466.00 0.180239 2.52
1467.00 0.180239 2.52
1468.00 0.180239 2.52
1469.00 0.180239 2.52
1470.00 0.180239 2.52
1471.00 0.180239 2.52
1472.00 0.180239 2.52
1473.00 0.180239 2.52
1474.00 0.180239 2.52
1475.00 0.180239 2.52
1476.00 0.180239 2.52
1477.00 0.180239 2.52
1478.00 0.180239 2.52
1479.00 0.180239 2.52
1480.00 0.180239 2.52
1481.00 0.180239 2.52
1482.00 0.180239 2.52
1483.00 0.180239 2.52
1484.00 0.180239 2.52
1485.00 0.180239 2.52
1486.00 0.180239 2.52
1487.00 0.180239 2.52
1488.00 0.180239 2.52
1489.00 0.180239 2.52
1490.00 0.180239 2.52
1491.00 0.180239 2.52
1492.00 0.180239 2.52
1493.00 0.180239 2.52
1494.00 0.180239 2.52
1495.00 0.180239 2.52
1496.00 0.180239 2.52
1497.00 0.180239 2.52
1498.00 0.180239 2.52
1499.00 0.180239 2.52
1500.00 0.180239 2.52
1501.00 0.180239 2.52
1502.00 0.180239 2.52
1503.00 0.180239 2.52
1504.00 0.180239 2.52
1505.00 0.180239 2.52
1506.00 0.180239 2.52
1507.00 0.180239 2.52
1508.00 0.180239 2.52
1509.00 0.180239 2.52
1510.00 0.180239 2.52
1511.00 0.180239 2.52
1512.00 0.180239 2.52
1513.00 0.180239 2.52
1514.00 0.180239 2.52
1515.00 0.180239 2.52
1516.00 0.180239 2.52
1517.00 0.180239 2.52
1518.00 0.180239 2.52
1519.00 0.180239 2.52
1520.00 0.180239 2.52
1521.00 0.180239 2.52
1522.00 0.180239 2.52
1523.00 0.180239 2.52
1524.00 0.180239 2.52
1525.00 0.180239 2.52
1526.00 0.180239 2.52
1527.00 0.180239 2.52
1528.00 0.180239 2.52
1529.00 0.180239 2.52
1530.00 0.180239 2.52
1531.00 0.180239 2.52
1532.00 0.180239 2.52
1533.00 0.180239 2.52
1534.00 0.180239 2.52
1535.00 0.180239 2.52
1536.00 0.180239 2.52
1537.00 0.180239 2.52
1538.00 0.180239 2.52
1539.00 0.180239 2.52
1540.00 0.180239 2.52
1541.00 0.180239 2.52
1542.00 0.180239 2.52
1543.00 0.180239 2.52
1544.00 0.180239 2.52
1545.00 0.180239 2.52
1546.00 0.180239 2.52
1547.00 0.180239 2.52
1548.00 0.180239 2.52
1549.00 0.180239 2.52
1550.00 0.180239 2.52
1551.00 0.180239 2.52
1552.00 0.180239 2.52
1553.00 0.180239 2.52
1554.00 0.180239 2.52
1555.00 0.180239 2.52
1556.00 0.180239 2.52
1557.00 0.180239 2.52
1558.00 0.180239 2.52
1559.00 0.180239 2.52
1560.00 0.180239 2.52
1561.00 0.180239 2.52
1562.00 0.180239 2.52
1563.00 0.180239 2.52
1564.00 0.180239 2.52
1565.00 0.180239 2.52
1566.00 0.180239 2.52
1567.00 0.180239 2.52
1568.00 0.180239 2.52
1569.00 0.180239 2.52
1570.00 0.180239 2.52
1571.00 0.180239 2.52
1572.00 0.180239 2.52
1573.00 0.180239 2.52
1574.00 0.180239 2.52
1575.00 0.180239 2.52
1576.00 0.180239 2.52
1577.00 0.180239 2.52
1578.00 0.180239 2.52
1579.00 0.180239 2.52
1580.00 0.180239 2.52
1581.00 0.180239 2.52
1582.00 0.180239 2.52
1583.00 0.180239 2.52
1584.00 0.180239 2.52
1585.00 0.180239 2.52
1586.00 0.180239 2.52
1587.00 0.180239 2.52
1588.00 0.180239 2.52
1589.00 0.180239 2.52
1590.00 0.180239 2.52
1591.00 0.180239 2.52
1592.00 0.180239 2.52
1593.00 0.180239 2.52
1594.00 0.180239 2.52
1595.00 0.180239 2.52
1596.00 0.180239 2.52
1597.00 0.180239 2.52
1598.00 0.180239 2.52
1599.00 0.180239 2.52
1600.00 0.180239 2.52
1601.00 0.180239 2.52
1602.00 0.180239 2.52
1603.00 0.180239 2.52
1604.00 0.180239 2.52
1605.00 0.180239 2.52
1606.00 0.180239 2.52
1607.00 0.180239 2.52
1608.00 0.180239 2.52
1609.00 0.180239 2.52
1610.00 0.180239 2.52
1611.00 0.180239 2.52
1612.00 0.180239 2.52
1613.00 0.180239 2.52
1614.00 0.180239 2.52
1615.00 0.180239 2.52
1616.00 0.180239 2.52
1617.00 0.180239 2.52
1618.00 0.180239 2.52
1619.00 0.180239 2.52
1620.00 0.180239 2.52
1621.00 0.180239 2.52
1622.00 0.180239 2.52
1623.00 0.180239 2.52
1624.00 0.180239 2.52
1625.00 0.180239 2.52
1626.00 0.180239 2.52
1627.00 0.180239 2.52
1628.00 0.180239 2.52
1629.00 0.180239 2.52
1630.00 0.180239 2.52
1631.00 0.180239 2.52
1632.00 0.180239 2.52
1633.00 0.180239 2.52
1634.00 0.180239 2.52
1635.00 0.180239 2.52
1636.00 0.180239 2.52
1637.00 0.180239 2.52
1638.00 0.180239 2.52
1639.00 0.180239 2.52
1640.00 0.180239 2.52
1641.00 0.180239 2.52
1642.00 0.180239 2.52
1643.00 0.180239 2.52
1644.00 0.180239 2.52
1645.00 0.180239 2.52
1646.00 0.180239 2.52
1647.00 0.180239 2.52
1648.00 0.180239 2.52
1649.00 0.180239 2.52
1650.00 0.180239 2.52
1651.00 0.180239 2.52
1652.00 0.180239 2.52
1653.00 0.180239 2.52
1654.00 0.180239 2.52
1655.00 0.180239 2.52
1656.00 0.180239 2.52
1657.00 0.180239 2.52
1658.00 0.180239 2.52
1659.00 0.180239 2.52
1660.00 0.180239 2.52
1661.00 0.180239 2.52
1662.00 0.180239 2.52
1663.00 0.180239 2.52
1664.00 0.180239 2.52
1665.00 0.180239 2.52
1666.00 0.180239 2.52
1667.00 0.180239 2.52
1668.00 0.180239 2.52
1669.00 0.180239 2.52
1670.00 0.180239 2.52
1671.00 0.180239 2.52
1672.00 0.180239 2.52
1673.00 0.180239 2.52
1674.00 0.180239 2.52
1675.00 0.180239 2.52
1676.00 0.180239 2.52
1677.00 0.180239 2.52
1678.00 0.180239 2.52
1679.00 0.180239 2.52
1680.00 0.180239 2.52
1681.00 0.180239 2.52
1682.00 0.180239 2.52
1683.00 0.180239 2.52
1684.00 0.180239 2.52
1685.00 0.180239 2.52
1686.00 0.180239 2.52
1687.00 0.180239 2.52
1688.00 0.180239 2.52
1689.00 0.180239 2.52
1690.00 0.180239 2.52
1691.00 0.180239 2.52
1692.00 0.180239 2.52
1693.00 0.180239 2.52
1694.00 0.180239 2.52
1695.00 0.180239 2.52
1696.00 0.180239 2.52
1697.00 0.180239 2.52
1698.00 0.180239 2.52
1699.00 0.180239 2.52
1700.00 0.180239 2.52
1701.00 0.180239 2.52
1702.00 0.180239 2.52
1703.00 0.180239 2.52
1704.00 0.180239 2.52
1705.00 0.180239 2.52
1706.00 0.180239 2.52
1707.00 0.180239 2.52
1708.00 0.180239 2.52
1709.00 0.180239 2.52
1710.00 0.180239 2.52
1711.00 0.180239 2.52
1712.00 0.180239 2.52
1713.00 0.180239 2.52
1714.00 0.180239 2.52
1715.00 0.180239 2.52
1716.00 0.180239 2.52
1717.00 0.180239 2.52
1718.00 0.180239 2.52
1719.00 0.180239 2.52
1720.00 0.180239 2.52
1721.00 0.180239 2.52
1722.00 0.180239 2.52
1723.00 0.180239 2.52
1724.00 0.180239 2.52
1725.00 0.180239 2.52
1726.00 0.180239 2.52
1727.00 0.180239 2.52
1728.00 0.180239 2.52
1729.00 0.180239 2.52
1730.00 0.180239 2.52
1731.00 0.180239 2.52
1732.00 0.180239 2.52
1733.00 0.180239 2.52
1734.00 0.180239 2.52
1735.00 0.180239 2.52
1736.00 0.180239 2.52
1737.00 0.180239 2.52
1738.00 0.180239 2.52
1739.00 0.180239 2.52
1740.00 0.180239 2.52
1741.00 0.180239 2.52
1742.00 0.180239 2.52
1743.00 0.180239 2.52
1744.00 0.180239 2.52
1745.00 0.180239 2.52
1746.00 0.180239 2.52
1747.00 0.180239 2.52
1748.00 0.180239 2.52
1749.00 0.180239 2.52
1750.00 0.180239 2.52
1751.00 0.180239 2.52
1752.00 0.180239 2.52
1753.00 0.180239 2.52
1754.00 0.180239 2.52
1755.00 0.180239 2.52
1756.00 0.180239 2.52
1757.00 0.180239 2.52
1758.00 0.180239 2.52
1759.00 0.180239 2.52
1760.00 0.180239 2.52
1761.00 0.180239 2.52
1762.00 0.180239 2.52
1763.00 0.180239 2.52
1764.00 0.180239 2.52
1765.00 0.180239 2.52
1766.00 0.180239 2.52
1767.00 0.180239 2.52
1768.00 0.180239 2.52
1769.00 0.180239 2.52
1770.00 0.180239 2.52
1771.00 0.180239 2.52
1772.00 0.180239 2.52
1773.00 0.180239 2.52
1774.00 0.180239 2.52
1775.00 0.180239 2.52
1776.00 0.180239 2.52
1777.00 0.180239 2.52
1778.00 0.180239 2.52
1779.00 0.180239 2.52
1780.00 0.180239 2.52
1781.00 0.180239 2.52
1782.00 0.180239 2.52
1783.00 0.180239 2.52
1784.00 0.180239 2.52
1785.00 0.180239 2.52
1786.00 0.180239 2.52
1787.00 0.180239 2.52
1788.00 0.180239 2.52
1789.00 0.180239 2.52
1790.00 0.180239 2.52
1791.00 0.180239 2.52
1792.00 0.180239 2.52
1793.00 0.180239 2.52
1794.00 0.180239 2.52
1795.00 0.180239 2.52
1796.00 0.180239 2.52
1797.00 0.180239 2.52
1798.00 0.180239 2.52
1799.00 0.180239 2.52
1800.00 0.180239 2.52
1801.00 0.180239 2.52
1802.00 0.180239 2.52
1803.00 0.180239 2.52
1804.00 0.180239 2.52
1805.00 0.180239 2.52
1806.00 0.180239 2.52
1807.00 0.180239 2.52
1808.00 0.180239 2.52
1809.00 0.180239 2.52
1810.00 0.180239 2.52
1811.00 0.180239 2.52
1812.00 0.180239 2.52
1813.00 0.180239 2.52
1814.00 0.180239 2.52
1815.00 0.180239 2.52
1816.00 0.180239 2.52
1817.00 0.180239 2.52
1818.00 0.180239 2.52
1819.00 0.180239 2.52
1820.00 0.180239 2.52
1821.00 0.180239 2.52
1822.00 0.180239 2.52
1823.00 0.180239 2.52
1824.00 0.180239 2.52
1825.00 0.180239 2.52
1826.00 0.180239 2.52
1827.00 0.180239 2.52
1828.00 0.180239 2.52
1829.00 0.180239 2.52
1830.00 0.180239 2.52
1831.00 0.180239 2.52
1832.00 0.180239 2.52
1833.00 0.180239 2.52
1834.00 0.180239 2.52
1835.00 0.180239 2.52
1836.00 0.180239 2.52
1837.00 0.180239 2.52
1838.00 0.180239 2.52
1839.00 0.180239 2.52
1840.00 0.180239 2.52
1841.00 0.180239 2.52
1842.00 0.180239 2.52
1843.00 0.180239 2.52
1844.00 0.180239 2.52
1845.00 0.180239 2.52
1846.00 0.180239 2.52
1847.00 0.180239 2.52
1848.00 0.180239 2.52
1849.00 0.180239 2.52
1850.00 0.180239 2.52
1851.00 0.180239 2.52
1852.00 0.180239 2.52
1853.00 0.180239 2.52
1854.00 0.180239 2.52
1855.00 0.180239 2.52
1856.00 0.180239 2.52
1857.00 0.180239 2.52
1858.00 0.180239 2.52
1859.00 0.180239 2.52
1860.00 0.180239 2.52
1861.00 0.180239 2.52
1862.00 0.180239 2.52
1863.00 0.180239 2.52
1864.00 0.180239 2.52
1865.00 0.180239 2.52
1866.00 0.180239 2.52
1867.00 0.180239 2.52
1868.00 0.180239 2.52
1869.00 0.180239 2.52
1870.00 0.180239 2.52
1871.00 0.180239 2.52
1872.00 0.180239 2.52
1873.00 0.180239 2.52
1874.00 0.180239 2.52
1875.00 0.180239 2.52
1876.00 0.180239 2.52
1877.00 0.180239 2.52
1878.00 0.180239 2.52
1879.00 0.180239 2.52
1880.00 0.180239 2.52
1881.00 0.180239 2.52
1882.00 0.180239 2.52
1883.00 0.180239 2.52
1884.00 0.180239 2.52
1885.00 0.180239 2.52
1886.00 0.180239 2.52
1887.00 0.180239 2.52
1888.00 0.180239 2.52
1889.00 0.180239 2.52
1890.00 0.180239 2.52
1891.00 0.180239 2.52
1892.00 0.180239 2.52
1893.00 0.180239 2.52
1894.00 0.180239 2.52
1895.00 0.180239 2.52
1896.00 0.180239 2.52
1897.00 0.180239 2.52
1898.00 0.180239 2.52
1899.00 0.180239 2.52
1900.00 0.180239 2.52
1901.00 0.180239 2.52
1902.00 0.180239 2.52
1903.00 0.180239 2.52
1904.00 0.180239 2.52
1905.00 0.180239 2.52
1906.00 0.180239 2.52
1907.00 0.180239 2.52
1908.00 0.180239 2.52
1909.00 0.180239 2.52
1910.00 0.180239 2.52
1911.00 0.180239 2.52
1912.00 0.180239 2.52
1913.00 0.180239 2.52
1914.00 0.180239 2.52
1915.00 0.180239 2.52
1916.00 0.180239 2.52
1917.00 0.180239 2.52
1918.00 0.180239 2.52
1919.00 0.180239 2.52
1920.00 0.180239 2.52
1921.00 0.180239 2.52
1922.00 0.180239 2.52
1923.00 0.180239 2.52
1924.00 0.180239 2.52
1925.00 0.180239 2.52
1926.00 0.180239 2.52
1927.00 0.180239 2.52
1928.00 0.180239 2.52
1929.00 0.180239 2.52
1930.00 0.180239 2.52
1931.00 0.180239 2.52
1932.00 0.180239 2.52
1933.00 0.180239 2.52
1934.00 0.180239 2.52
1935.00 0.180239 2.52
1936.00 0.180239 2.52
1937.00 0.180239 2.52
1938.00 0.180239 2.52
1939.00 0.180239 2.52
1940.00 0.180239 2.52
1941.00 0.180239 2.52
1942.00 0.180239 2.52
1943.00 0.180239 2.52
1944.00 0.180239 2.52
1945.00 0.180239 2.52
1946.00 0.180239 2.52
1947.00 0.180239 2.52
1948.00 0.180239 2.52
1949.00 0.180239 2.52
1950.00 0.180239 2.52
1951.00 0.180239 2.52
1952.00 0.180239 2.52
1953.00 0.180239 2.52
1954.00 0.180239 2.52
1955.00 0.180239 2.52
1956.00 0.180239 2.52
1957.00 0.180239 2.52
1958.00 0.180239 2.52
1959.00 0.180239 2.52
1960.00 0.180239 2.52
1961.00 0.180239 2.52
1962.00 0.180239 2.52
1963.00 0.180239 2.52
1964.00 0.180239 2.52
1965.00 0.180239 2.52
1966.00 0.180239 2.52
1967.00 0.180239 2.52
1968.00 0.180239 2.52
1969.00 0.180239 2.52
1970.00 0.180239 2.52
1971.00 0.180239 2.52
1972.00 0.180239 2.52
1973.00 0.180239 2.52
1974.00 0.180239 2.52
1975.00 0.180239 2.52
1976.00 0.180239 2.52
1977.00 0.180239 2.52
1978.00 0.180239 2.52
1979.00 0.180239 2.52
1980.00 0.180239 2.52
1981.00 0.180239 2.52
1982.00 0.180239 2.52
1983.00 0.180239 2.52
1984.00 0.180239 2.52
1985.00 0.180239 2.52
1986.00 0.180239 2.52
1987.00 0.180239 2.52
1988.00 0.180239 2.52
1989.00 0.180239 2.52
1990.00 0.180239 2.52
1991.00 0.180239 2.52
1992.00 0.180239 2.52
1993.00 0.180239 2.52
1994.00 0.180239 2.52
1995.00 0.180239 2.52
1996.00 0.180239 2.52
1997.00 0.180239 2.52
1998.00 0.180239 2.52
1999.00 0.180239 2.52
2000.00 0.180239 2.52
