0.00 0.525509 4.02
1.00 0.524784 4.02
2.00 0.524056 4.02
3.00 0.523326 4.02
4.00 0.522594 4.02
5.00 0.521859 4.02
6.00 0.521122 4.02
7.00 0.520382 4.02
8.00 0.519640 4.02
9.00 0.518895 4.02
10.00 0.518148 4.02
11.00 0.517399 4.02
12.00 0.516647 4.02
13.00 0.515892 4.02
14.00 0.515135 4.02
15.00 0.514375 4.02
16.00 0.513613 4.02
17.00 0.512848 4.02
18.00 0.512080 4.02
19.00 0.511309 4.02
20.00 0.510536 4.02
21.00 0.509760 4.02
22.00 0.508981 4.02
23.00 0.508208 4.01
24.00 0.507435 4.01
25.00 0.506661 4.01
26.00 0.505891 4.00
27.00 0.505125 4.00
28.00 0.504356 4.00
29.00 0.503586 4.00
30.00 0.502814 4.00
31.00 0.502041 4.00
32.00 0.501264 4.00
33.00 0.500486 4.00
34.00 0.499705 4.00
35.00 0.498921 4.00
36.00 0.498135 4.00
37.00 0.497346 4.00
38.00 0.496554 4.00
39.00 0.495771 3.99
40.00 0.494989 3.99
41.00 0.494204 3.99
42.00 0.493417 3.99
43.00 0.492627 3.99
44.00 0.491834 3.99
45.00 0.491043 3.96
46.00 0.490285 3.96
47.00 0.489525 3.96
48.00 0.488764 3.96
49.00 0.488000 3.96
50.00 0.487235 3.96
51.00 0.486467 3.96
52.00 0.485697 3.96
53.00 0.484925 3.96
54.00 0.484155 3.95
55.00 0.483400 3.95
56.00 0.482643 3.95
57.00 0.481882 3.95
58.00 0.481120 3.95
59.00 0.480354 3.95
60.00 0.479584 3.95
61.00 0.478812 3.95
62.00 0.478036 3.95
63.00 0.477257 3.95
64.00 0.476474 3.95
65.00 0.475687 3.95
66.00 0.474897 3.95
67.00 0.474102 3.95
68.00 0.473304 3.95
69.00 0.472502 3.95
70.00 0.471696 3.95
71.00 0.470886 3.95
72.00 0.470072 3.95
73.00 0.469259 3.94
74.00 0.468457 3.94
75.00 0.467674 3.92
76.00 0.466892 3.92
77.00 0.466107 3.92
78.00 0.465334 3.91
79.00 0.464566 3.91
80.00 0.463796 3.91
81.00 0.463022 3.91
82.00 0.462246 3.91
83.00 0.461482 3.89
84.00 0.460737 3.89
85.00 0.459995 3.88
86.00 0.459265 3.88
87.00 0.458558 3.86
88.00 0.457862 3.86
89.00 0.457164 3.86
90.00 0.456465 3.86
91.00 0.455764 3.86
92.00 0.455060 3.86
93.00 0.454355 3.86
94.00 0.453647 3.86
95.00 0.452937 3.86
96.00 0.452223 3.86
97.00 0.451511 3.85
98.00 0.450825 3.84
99.00 0.450146 3.84
100.00 0.449465 3.84
101.00 0.448781 3.84
102.00 0.448094 3.84
103.00 0.447404 3.84
104.00 0.446711 3.84
105.00 0.446016 3.84
106.00 0.445337 3.83
107.00 0.444658 3.83
108.00 0.443977 3.83
109.00 0.443292 3.83
110.00 0.442605 3.83
111.00 0.441914 3.83
112.00 0.441224 3.81
113.00 0.440569 3.81
114.00 0.439910 3.81
115.00 0.439250 3.81
116.00 0.438587 3.81
117.00 0.437920 3.81
118.00 0.437251 3.81
119.00 0.436595 3.80
120.00 0.435940 3.80
121.00 0.435296 3.79
122.00 0.434653 3.79
123.00 0.434017 3.78
124.00 0.433392 3.78
125.00 0.432765 3.78
126.00 0.432137 3.78
127.00 0.431521 3.77
128.00 0.430915 3.76
129.00 0.430335 3.75
130.00 0.429761 3.75
131.00 0.429187 3.74
132.00 0.428613 3.74
133.00 0.428037 3.74
134.00 0.427459 3.74
135.00 0.426879 3.74
136.00 0.426297 3.74
137.00 0.425713 3.74
138.00 0.425127 3.74
139.00 0.424538 3.74
140.00 0.423946 3.74
141.00 0.423352 3.74
142.00 0.422767 3.73
143.00 0.422183 3.73
144.00 0.421597 3.73
145.00 0.421024 3.72
146.00 0.420459 3.71
147.00 0.419895 3.71
148.00 0.419328 3.71
149.00 0.418759 3.71
150.00 0.418188 3.71
151.00 0.417614 3.71
152.00 0.417041 3.70
153.00 0.416486 3.69
154.00 0.415934 3.69
155.00 0.415388 3.68
156.00 0.414856 3.67
157.00 0.414336 3.67
158.00 0.413815 3.67
159.00 0.413295 3.66
160.00 0.412795 3.66
161.00 0.412295 3.66
162.00 0.411793 3.66
163.00 0.411291 3.66
164.00 0.410791 3.65
165.00 0.410301 3.65
166.00 0.409810 3.65
167.00 0.409318 3.65
168.00 0.408838 3.64
169.00 0.408363 3.64
170.00 0.407887 3.64
171.00 0.407410 3.64
172.00 0.406934 3.63
173.00 0.406463 3.63
174.00 0.405991 3.63
175.00 0.405518 3.63
176.00 0.405044 3.63
177.00 0.404575 3.62
178.00 0.404116 3.61
179.00 0.403670 3.60
180.00 0.403240 3.60
181.00 0.402810 3.60
182.00 0.402379 3.60
183.00 0.401947 3.60
184.00 0.401514 3.60
185.00 0.401085 3.59
186.00 0.400661 3.59
187.00 0.400236 3.59
188.00 0.399811 3.59
189.00 0.399385 3.59
190.00 0.398957 3.59
191.00 0.398528 3.59
192.00 0.398099 3.59
193.00 0.397667 3.59
194.00 0.397235 3.59
195.00 0.396801 3.59
196.00 0.396365 3.59
197.00 0.395947 3.58
198.00 0.395532 3.58
199.00 0.395115 3.58
200.00 0.394697 3.58
201.00 0.394278 3.58
202.00 0.393859 3.57
203.00 0.393451 3.57
204.00 0.393041 3.57
205.00 0.392631 3.57
206.00 0.392220 3.57
207.00 0.391807 3.57
208.00 0.391393 3.57
209.00 0.390981 3.56
210.00 0.390576 3.56
211.00 0.390170 3.56
212.00 0.389763 3.56
213.00 0.389356 3.56
214.00 0.388947 3.56
215.00 0.388539 3.55
216.00 0.388153 3.54
217.00 0.387780 3.53
218.00 0.387411 3.53
219.00 0.387045 3.52
220.00 0.386705 3.51
221.00 0.386367 3.51
222.00 0.386031 3.51
223.00 0.385701 3.50
224.00 0.385386 3.49
225.00 0.385077 3.49
226.00 0.384769 3.49
227.00 0.384462 3.49
228.00 0.384156 3.49
229.00 0.383850 3.49
230.00 0.383545 3.49
231.00 0.383240 3.49
232.00 0.382936 3.49
233.00 0.382631 3.49
234.00 0.382327 3.49
235.00 0.382024 3.48
236.00 0.381721 3.48
237.00 0.381418 3.48
238.00 0.381117 3.47
239.00 0.380815 3.47
240.00 0.380514 3.47
241.00 0.380212 3.47
242.00 0.379910 3.47
243.00 0.379607 3.47
244.00 0.379309 3.46
245.00 0.379012 3.46
246.00 0.378715 3.46
247.00 0.378417 3.46
248.00 0.378119 3.46
249.00 0.377830 3.44
250.00 0.377558 3.44
251.00 0.377288 3.44
252.00 0.377018 3.44
253.00 0.376747 3.44
254.00 0.376477 3.44
255.00 0.376207 3.44
256.00 0.375937 3.44
257.00 0.375667 3.44
258.00 0.375396 3.44
259.00 0.375125 3.44
260.00 0.374853 3.44
261.00 0.374582 3.44
262.00 0.374309 3.44
263.00 0.374036 3.44
264.00 0.373763 3.44
265.00 0.373489 3.44
266.00 0.373214 3.44
267.00 0.372938 3.44
268.00 0.372662 3.44
269.00 0.372385 3.44
270.00 0.372107 3.44
271.00 0.371828 3.44
272.00 0.371548 3.44
273.00 0.371268 3.44
274.00 0.370995 3.43
275.00 0.370731 3.42
276.00 0.370470 3.42
277.00 0.370208 3.42
278.00 0.369947 3.42
279.00 0.369685 3.42
280.00 0.369422 3.42
281.00 0.369160 3.42
282.00 0.368897 3.42
283.00 0.368649 3.41
284.00 0.368404 3.41
285.00 0.368159 3.41
286.00 0.367914 3.41
287.00 0.367669 3.41
288.00 0.367424 3.41
289.00 0.367179 3.41
290.00 0.366933 3.41
291.00 0.366693 3.40
292.00 0.366456 3.40
293.00 0.366219 3.40
294.00 0.365983 3.40
295.00 0.365746 3.40
296.00 0.365508 3.40
297.00 0.365275 3.39
298.00 0.365049 3.39
299.00 0.364823 3.39
300.00 0.364598 3.39
301.00 0.364372 3.39
302.00 0.364147 3.39
303.00 0.363922 3.39
304.00 0.363697 3.39
305.00 0.363471 3.39
306.00 0.363245 3.39
307.00 0.363020 3.39
308.00 0.362793 3.39
309.00 0.362567 3.39
310.00 0.362340 3.39
311.00 0.362113 3.39
312.00 0.361885 3.39
313.00 0.361664 3.38
314.00 0.361449 3.38
315.00 0.361234 3.38
316.00 0.361019 3.38
317.00 0.360804 3.38
318.00 0.360588 3.38
319.00 0.360373 3.38
320.00 0.360157 3.38
321.00 0.359941 3.38
322.00 0.359725 3.38
323.00 0.359509 3.38
324.00 0.359292 3.38
325.00 0.359075 3.38
326.00 0.358858 3.38
327.00 0.358644 3.37
328.00 0.358430 3.37
329.00 0.358215 3.37
330.00 0.358016 3.36
331.00 0.357819 3.36
332.00 0.357622 3.36
333.00 0.357425 3.36
334.00 0.357228 3.36
335.00 0.357031 3.36
336.00 0.356834 3.36
337.00 0.356637 3.36
338.00 0.356449 3.35
339.00 0.356262 3.35
340.00 0.356076 3.34
341.00 0.355894 3.34
342.00 0.355713 3.34
343.00 0.355533 3.34
344.00 0.355353 3.34
345.00 0.355174 3.34
346.00 0.354994 3.34
347.00 0.354815 3.34
348.00 0.354636 3.34
349.00 0.354457 3.34
350.00 0.354279 3.34
351.00 0.354100 3.34
352.00 0.353921 3.34
353.00 0.353742 3.34
354.00 0.353563 3.34
355.00 0.353384 3.34
356.00 0.353205 3.34
357.00 0.353025 3.34
358.00 0.352846 3.34
359.00 0.352667 3.33
360.00 0.352493 3.33
361.00 0.352320 3.33
362.00 0.352147 3.33
363.00 0.351975 3.33
364.00 0.351802 3.33
365.00 0.351629 3.33
366.00 0.351456 3.33
367.00 0.351283 3.33
368.00 0.351110 3.33
369.00 0.350937 3.33
370.00 0.350764 3.33
371.00 0.350591 3.33
372.00 0.350417 3.33
373.00 0.350244 3.33
374.00 0.350073 3.32
375.00 0.349903 3.32
376.00 0.349734 3.32
377.00 0.349564 3.32
378.00 0.349395 3.32
379.00 0.349233 3.31
380.00 0.349079 3.31
381.00 0.348925 3.31
382.00 0.348772 3.31
383.00 0.348619 3.31
384.00 0.348466 3.31
385.00 0.348314 3.31
386.00 0.348162 3.31
387.00 0.348010 3.31
388.00 0.347863 3.30
389.00 0.347718 3.30
390.00 0.347573 3.30
391.00 0.347428 3.30
392.00 0.347284 3.30
393.00 0.347140 3.30
394.00 0.346997 3.30
395.00 0.346854 3.30
396.00 0.346710 3.30
397.00 0.346568 3.30
398.00 0.346425 3.30
399.00 0.346282 3.30
400.00 0.346140 3.30
401.00 0.345998 3.30
402.00 0.345855 3.30
403.00 0.345716 3.29
404.00 0.345583 3.29
405.00 0.345451 3.29
406.00 0.345320 3.29
407.00 0.345192 3.28
408.00 0.345065 3.28
409.00 0.344938 3.28
410.00 0.344812 3.28
411.00 0.344686 3.28
412.00 0.344561 3.28
413.00 0.344442 3.27
414.00 0.344324 3.27
415.00 0.344207 3.27
416.00 0.344091 3.27
417.00 0.343975 3.27
418.00 0.343860 3.27
419.00 0.343745 3.27
420.00 0.343631 3.27
421.00 0.343517 3.27
422.00 0.343404 3.27
423.00 0.343291 3.27
424.00 0.343178 3.27
425.00 0.343066 3.27
426.00 0.342954 3.27
427.00 0.342842 3.27
428.00 0.342731 3.27
429.00 0.342620 3.27
430.00 0.342509 3.27
431.00 0.342398 3.27
432.00 0.342288 3.27
433.00 0.342178 3.27
434.00 0.342068 3.27
435.00 0.341958 3.27
436.00 0.341850 3.26
437.00 0.341742 3.25
438.00 0.341639 3.25
439.00 0.341536 3.25
440.00 0.341433 3.25
441.00 0.341331 3.25
442.00 0.341229 3.25
443.00 0.341127 3.25
444.00 0.341026 3.25
445.00 0.340925 3.25
446.00 0.340824 3.25
447.00 0.340728 3.24
448.00 0.340639 3.24
449.00 0.340550 3.24
450.00 0.340463 3.24
451.00 0.340375 3.24
452.00 0.340289 3.24
453.00 0.340203 3.24
454.00 0.340118 3.24
455.00 0.340033 3.24
456.00 0.339949 3.24
457.00 0.339865 3.24
458.00 0.339782 3.24
459.00 0.339699 3.24
460.00 0.339617 3.24
461.00 0.339535 3.24
462.00 0.339453 3.24
463.00 0.339372 3.24
464.00 0.339291 3.24
465.00 0.339211 3.24
466.00 0.339131 3.24
467.00 0.339051 3.24
468.00 0.338971 3.24
469.00 0.338892 3.24
470.00 0.338813 3.24
471.00 0.338735 3.24
472.00 0.338656 3.24
473.00 0.338578 3.24
474.00 0.338500 3.24
475.00 0.338423 3.24
476.00 0.338345 3.24
477.00 0.338268 3.24
478.00 0.338191 3.24
479.00 0.338114 3.24
480.00 0.338037 3.24
481.00 0.337961 3.24
482.00 0.337884 3.24
483.00 0.337808 3.24
484.00 0.337732 3.24
485.00 0.337656 3.24
486.00 0.337580 3.24
487.00 0.337505 3.24
488.00 0.337429 3.24
489.00 0.337354 3.24
490.00 0.337278 3.24
491.00 0.337203 3.24
492.00 0.337127 3.24
493.00 0.337052 3.23
494.00 0.336979 3.23
495.00 0.336906 3.23
496.00 0.336833 3.23
497.00 0.336759 3.23
498.00 0.336686 3.23
499.00 0.336614 3.23
500.00 0.336541 3.23
501.00 0.336468 3.23
502.00 0.336395 3.23
503.00 0.336323 3.23
504.00 0.336250 3.23
505.00 0.336178 3.23
506.00 0.336105 3.23
507.00 0.336033 3.23
508.00 0.335960 3.23
509.00 0.335888 3.23
510.00 0.335815 3.23
511.00 0.335743 3.23
512.00 0.335670 3.23
513.00 0.335598 3.23
514.00 0.335525 3.23
515.00 0.335453 3.23
516.00 0.335380 3.23
517.00 0.335307 3.23
518.00 0.335235 3.23
519.00 0.335162 3.23
520.00 0.335089 3.23
521.00 0.335016 3.23
522.00 0.334943 3.23
523.00 0.334870 3.23
524.00 0.334797 3.23
525.00 0.334723 3.23
526.00 0.334650 3.23
527.00 0.334576 3.23
528.00 0.334503 3.23
529.00 0.334429 3.23
530.00 0.334355 3.23
531.00 0.334282 3.22
532.00 0.334211 3.22
533.00 0.334140 3.22
534.00 0.334069 3.22
535.00 0.333998 3.22
536.00 0.333927 3.22
537.00 0.333856 3.22
538.00 0.333785 3.22
539.00 0.333714 3.22
540.00 0.333643 3.22
541.00 0.333572 3.22
542.00 0.333502 3.22
543.00 0.333431 3.22
544.00 0.333360 3.22
545.00 0.333289 3.22
546.00 0.333218 3.22
547.00 0.333148 3.22
548.00 0.333077 3.22
549.00 0.333006 3.22
550.00 0.332935 3.22
551.00 0.332864 3.22
552.00 0.332794 3.22
553.00 0.332723 3.22
554.00 0.332652 3.22
555.00 0.332581 3.22
556.00 0.332510 3.22
557.00 0.332439 3.22
558.00 0.332368 3.21
559.00 0.332299 3.21
560.00 0.332230 3.21
561.00 0.332161 3.21
562.00 0.332092 3.20
563.00 0.332031 3.20
564.00 0.331970 3.20
565.00 0.331909 3.20
566.00 0.331849 3.20
567.00 0.331788 3.20
568.00 0.331736 3.18
569.00 0.331686 3.18
570.00 0.331638 3.18
571.00 0.331590 3.18
572.00 0.331543 3.18
573.00 0.331496 3.18
574.00 0.331450 3.18
575.00 0.331405 3.18
576.00 0.331360 3.18
577.00 0.331315 3.18
578.00 0.331271 3.18
579.00 0.331228 3.18
580.00 0.331185 3.18
581.00 0.331142 3.18
582.00 0.331100 3.18
583.00 0.331058 3.18
584.00 0.331016 3.18
585.00 0.330975 3.18
586.00 0.330935 3.18
587.00 0.330894 3.18
588.00 0.330854 3.18
589.00 0.330815 3.18
590.00 0.330775 3.18
591.00 0.330736 3.18
592.00 0.330697 3.18
593.00 0.330659 3.18
594.00 0.330621 3.18
595.00 0.330583 3.18
596.00 0.330546 3.18
597.00 0.330508 3.18
598.00 0.330471 3.18
599.00 0.330435 3.18
600.00 0.330398 3.18
601.00 0.330362 3.18
602.00 0.330326 3.18
603.00 0.330291 3.18
604.00 0.330255 3.18
605.00 0.330220 3.18
606.00 0.330185 3.18
607.00 0.330150 3.18
608.00 0.330116 3.18
609.00 0.330082 3.18
610.00 0.330048 3.18
611.00 0.330014 3.18
612.00 0.329980 3.18
613.00 0.329947 3.18
614.00 0.329914 3.18
615.00 0.329881 3.18
616.00 0.329848 3.18
617.00 0.329815 3.18
618.00 0.329783 3.18
619.00 0.329751 3.18
620.00 0.329719 3.18
621.00 0.329687 3.18
622.00 0.329656 3.18
623.00 0.329624 3.18
624.00 0.329593 3.18
625.00 0.329562 3.18
626.00 0.329531 3.18
627.00 0.329500 3.18
628.00 0.329469 3.18
629.00 0.329439 3.18
630.00 0.329409 3.18
631.00 0.329379 3.18
632.00 0.329349 3.18
633.00 0.329319 3.18
634.00 0.329289 3.18
635.00 0.329260 3.18
636.00 0.329231 3.18
637.00 0.329201 3.18
638.00 0.329172 3.18
639.00 0.329143 3.18
640.00 0.329115 3.18
641.00 0.329086 3.18
642.00 0.329057 3.18
643.00 0.329029 3.18
644.00 0.329001 3.18
645.00 0.328973 3.18
646.00 0.328945 3.18
647.00 0.328917 3.18
648.00 0.328889 3.18
649.00 0.328862 3.18
650.00 0.328834 3.18
651.00 0.328807 3.18
652.00 0.328780 3.18
653.00 0.328753 3.18
654.00 0.328726 3.18
655.00 0.328699 3.18
656.00 0.328672 3.18
657.00 0.328645 3.17
658.00 0.328620 3.17
659.00 0.328594 3.17
660.00 0.328569 3.17
661.00 0.328543 3.17
662.00 0.328518 3.17
663.00 0.328493 3.17
664.00 0.328468 3.17
665.00 0.328443 3.17
666.00 0.328418 3.17
667.00 0.328394 3.17
668.00 0.328369 3.17
669.00 0.328345 3.17
670.00 0.328320 3.17
671.00 0.328296 3.17
672.00 0.328272 3.17
673.00 0.328248 3.17
674.00 0.328224 3.17
675.00 0.328200 3.17
676.00 0.328176 3.17
677.00 0.328152 3.17
678.00 0.328129 3.17
679.00 0.328105 3.17
680.00 0.328082 3.17
681.00 0.328059 3.17
682.00 0.328035 3.17
683.00 0.328013 3.16
684.00 0.327992 3.16
685.00 0.327971 3.16
686.00 0.327950 3.16
687.00 0.327929 3.16
688.00 0.327909 3.16
689.00 0.327889 3.16
690.00 0.327869 3.16
691.00 0.327849 3.16
692.00 0.327829 3.16
693.00 0.327810 3.16
694.00 0.327790 3.16
695.00 0.327771 3.16
696.00 0.327752 3.16
697.00 0.327733 3.16
698.00 0.327714 3.16
699.00 0.327695 3.16
700.00 0.327676 3.16
701.00 0.327658 3.16
702.00 0.327639 3.16
703.00 0.327621 3.16
704.00 0.327603 3.16
705.00 0.327585 3.16
706.00 0.327567 3.16
707.00 0.327549 3.15
708.00 0.327532 3.15
709.00 0.327514 3.15
710.00 0.327497 3.15
711.00 0.327480 3.15
712.00 0.327463 3.15
713.00 0.327446 3.15
714.00 0.327429 3.15
715.00 0.327413 3.15
716.00 0.327396 3.15
717.00 0.327380 3.15
718.00 0.327363 3.15
719.00 0.327347 3.15
720.00 0.327331 3.15
721.00 0.327315 3.15
722.00 0.327299 3.15
723.00 0.327284 3.15
724.00 0.327268 3.15
725.00 0.327252 3.15
726.00 0.327237 3.15
727.00 0.327222 3.15
728.00 0.327206 3.15
729.00 0.327191 3.15
730.00 0.327176 3.15
731.00 0.327161 3.15
732.00 0.327146 3.15
733.00 0.327132 3.15
734.00 0.327117 3.15
735.00 0.327102 3.15
736.00 0.327088 3.15
737.00 0.327074 3.15
738.00 0.327059 3.15
739.00 0.327045 3.15
740.00 0.327031 3.15
741.00 0.327017 3.15
742.00 0.327003 3.15
743.00 0.326989 3.15
744.00 0.326975 3.15
745.00 0.326962 3.15
746.00 0.326948 3.15
747.00 0.326934 3.15
748.00 0.326921 3.15
749.00 0.326908 3.15
750.00 0.326894 3.15
751.00 0.326881 3.15
752.00 0.326868 3.15
753.00 0.326855 3.15
754.00 0.326842 3.15
755.00 0.326829 3.15
756.00 0.326816 3.15
757.00 0.326804 3.15
758.00 0.326791 3.15
759.00 0.326778 3.15
760.00 0.326766 3.15
761.00 0.326753 3.15
762.00 0.326741 3.15
763.00 0.326729 3.15
764.00 0.326717 3.15
765.00 0.326704 3.15
766.00 0.326692 3.15
767.00 0.326680 3.15
768.00 0.326668 3.15
769.00 0.326656 3.15
770.00 0.326645 3.15
771.00 0.326633 3.15
772.00 0.326621 3.15
773.00 0.326610 3.15
774.00 0.326598 3.15
775.00 0.326587 3.15
776.00 0.326575 3.15
777.00 0.326564 3.15
778.00 0.326553 3.15
779.00 0.326541 3.15
780.00 0.326530 3.15
781.00 0.326519 3.15
782.00 0.326508 3.15
783.00 0.326497 3.15
784.00 0.326486 3.15
785.00 0.326475 3.15
786.00 0.326464 3.15
787.00 0.326454 3.15
788.00 0.326443 3.15
789.00 0.326432 3.15
790.00 0.326422 3.15
791.00 0.326411 3.15
792.00 0.326401 3.15
793.00 0.326390 3.15
794.00 0.326380 3.15
795.00 0.326370 3.15
796.00 0.326359 3.15
797.00 0.326349 3.15
798.00 0.326339 3.15
799.00 0.326329 3.15
800.00 0.326319 3.15
801.00 0.326309 3.15
802.00 0.326299 3.15
803.00 0.326289 3.15
804.00 0.326279 3.15
805.00 0.326270 3.15
806.00 0.326260 3.15
807.00 0.326250 3.15
808.00 0.326241 3.15
809.00 0.326231 3.15
810.00 0.326221 3.15
811.00 0.326212 3.15
812.00 0.326202 3.15
813.00 0.326193 3.15
814.00 0.326184 3.15
815.00 0.326174 3.15
816.00 0.326165 3.15
817.00 0.326156 3.15
818.00 0.326147 3.15
819.00 0.326138 3.15
820.00 0.326129 3.15
821.00 0.326120 3.15
822.00 0.326111 3.15
823.00 0.326102 3.15
824.00 0.326093 3.15
825.00 0.326084 3.15
826.00 0.326075 3.15
827.00 0.326066 3.15
828.00 0.326058 3.15
829.00 0.326049 3.15
830.00 0.326040 3.15
831.00 0.326032 3.15
832.00 0.326023 3.15
833.00 0.326015 3.15
834.00 0.326006 3.15
835.00 0.325998 3.15
836.00 0.325989 3.15
837.00 0.325981 3.15
838.00 0.325972 3.15
839.00 0.325964 3.15
840.00 0.325956 3.15
841.00 0.325948 3.15
842.00 0.325939 3.15
843.00 0.325931 3.15
844.00 0.325923 3.15
845.00 0.325915 3.15
846.00 0.325907 3.15
847.00 0.325899 3.15
848.00 0.325891 3.15
849.00 0.325883 3.15
850.00 0.325875 3.15
851.00 0.325867 3.15
852.00 0.325860 3.15
853.00 0.325852 3.15
854.00 0.325844 3.15
855.00 0.325836 3.15
856.00 0.325829 3.15
857.00 0.325821 3.15
858.00 0.325813 3.15
859.00 0.325806 3.15
860.00 0.325798 3.15
861.00 0.325791 3.15
862.00 0.325783 3.15
863.00 0.325776 3.15
864.00 0.325768 3.15
865.00 0.325761 3.15
866.00 0.325754 3.15
867.00 0.325746 3.15
868.00 0.325739 3.15
869.00 0.325732 3.15
870.00 0.325724 3.15
871.00 0.325717 3.15
872.00 0.325710 3.15
873.00 0.325703 3.15
874.00 0.325696 3.15
875.00 0.325689 3.15
876.00 0.325681 3.15
877.00 0.325674 3.15
878.00 0.325667 3.15
879.00 0.325660 3.15
880.00 0.325653 3.15
881.00 0.325647 3.15
882.00 0.325640 3.15
883.00 0.325633 3.15
884.00 0.325626 3.15
885.00 0.325619 3.15
886.00 0.325612 3.15
887.00 0.325606 3.15
888.00 0.325599 3.15
889.00 0.325592 3.15
890.00 0.325585 3.15
891.00 0.325579 3.15
892.00 0.325572 3.15
893.00 0.325565 3.15
894.00 0.325559 3.15
895.00 0.325552 3.15
896.00 0.325546 3.15
897.00 0.325539 3.15
898.00 0.325533 3.15
899.00 0.325526 3.15
900.00 0.325520 3.15
901.00 0.325513 3.15
902.00 0.325507 3.15
903.00 0.325501 3.15
904.00 0.325494 3.15
905.00 0.325488 3.15
906.00 0.325482 3.15
907.00 0.325475 3.15
908.00 0.325469 3.15
909.00 0.325463 3.15
910.00 0.325457 3.15
911.00 0.325451 3.15
912.00 0.325444 3.15
913.00 0.325438 3.15
914.00 0.325432 3.15
915.00 0.325426 3.15
916.00 0.325420 3.15
917.00 0.325414 3.15
918.00 0.325408 3.15
919.00 0.325402 3.15
920.00 0.325396 3.15
921.00 0.325390 3.15
922.00 0.325384 3.15
923.00 0.325378 3.15
924.00 0.325372 3.15
925.00 0.325366 3.15
926.00 0.325360 3.15
927.00 0.325354 3.15
928.00 0.325349 3.15
929.00 0.325343 3.15
930.00 0.325337 3.15
931.00 0.325331 3.15
932.00 0.325325 3.15
933.00 0.325320 3.15
934.00 0.325314 3.15
935.00 0.325308 3.15
936.00 0.325303 3.15
937.00 0.325297 3.15
938.00 0.325291 3.15
939.00 0.325286 3.15
940.00 0.325280 3.15
941.00 0.325274 3.15
942.00 0.325269 3.15
943.00 0.325263 3.15
944.00 0.325258 3.15
945.00 0.325252 3.15
946.00 0.325247 3.15
947.00 0.325241 3.15
948.00 0.325236 3.15
949.00 0.325230 3.15
950.00 0.325225 3.15
951.00 0.325219 3.15
952.00 0.325214 3.15
953.00 0.325209 3.15
954.00 0.325203 3.15
955.00 0.325198 3.15
956.00 0.325192 3.15
957.00 0.325187 3.15
958.00 0.325182 3.15
959.00 0.325177 3.15
960.00 0.325171 3.15
961.00 0.325166 3.15
962.00 0.325161 3.15
963.00 0.325155 3.15
964.00 0.325150 3.15
965.00 0.325145 3.15
966.00 0.325140 3.15
967.00 0.325135 3.15
968.00 0.325130 3.15
969.00 0.325124 3.15
970.00 0.325119 3.15
971.00 0.325114 3.15
972.00 0.325109 3.15
973.00 0.325104 3.15
974.00 0.325099 3.15
975.00 0.325094 3.15
976.00 0.325089 3.15
977.00 0.325084 3.15
978.00 0.325079 3.15
979.00 0.325074 3.15
980.00 0.325069 3.15
981.00 0.325064 3.15
982.00 0.325059 3.15
983.00 0.325054 3.15
984.00 0.325049 3.15
985.00 0.325044 3.15
986.00 0.325039 3.15
987.00 0.325034 3.15
988.00 0.325029 3.15
989.00 0.325024 3.15
990.00 0.325020 3.15
991.00 0.325015 3.15
992.00 0.325010 3.15
993.00 0.325005 3.15
994.00 0.325000 3.15
995.00 0.324995 3.15
996.00 0.324991 3.15
997.00 0.324986 3.15
998.00 0.324981 3.15
999.00 0.324976 3.15
1000.00 0.324972 3.15
1001.00 0.324967 3.15
1002.00 0.324962 3.15
1003.00 0.324957 3.15
1004.00 0.324953 3.15
1005.00 0.324948 3.15
1006.00 0.324943 3.15
1007.00 0.324939 3.15
1008.00 0.324934 3.14
1009.00 0.324930 3.14
1010.00 0.324925 3.14
1011.00 0.324921 3.14
1012.00 0.324916 3.14
1013.00 0.324912 3.14
1014.00 0.324908 3.14
1015.00 0.324903 3.14
1016.00 0.324899 3.14
1017.00 0.324895 3.14
1018.00 0.324890 3.14
1019.00 0.324886 3.14
1020.00 0.324882 3.14
1021.00 0.324878 3.14
1022.00 0.324874 3.14
1023.00 0.324869 3.14
1024.00 0.324865 3.14
1025.00 0.324861 3.14
1026.00 0.324857 3.14
1027.00 0.324853 3.14
1028.00 0.324849 3.14
1029.00 0.324845 3.14
1030.00 0.324840 3.14
1031.00 0.324836 3.14
1032.00 0.324832 3.14
1033.00 0.324828 3.14
1034.00 0.324824 3.14
1035.00 0.324820 3.14
1036.00 0.324816 3.14
1037.00 0.324812 3.14
1038.00 0.324809 3.14
1039.00 0.324805 3.14
1040.00 0.324801 3.14
1041.00 0.324797 3.14
1042.00 0.324793 3.14
1043.00 0.324789 3.14
1044.00 0.324785 3.14
1045.00 0.324781 3.13
1046.00 0.324778 3.13
1047.00 0.324775 3.13
1048.00 0.324771 3.13
1049.00 0.324768 3.13
1050.00 0.324765 3.13
1051.00 0.324762 3.13
1052.00 0.324759 3.13
1053.00 0.324756 3.13
1054.00 0.324752 3.13
1055.00 0.324749 3.13
1056.00 0.324746 3.13
1057.00 0.324743 3.13
1058.00 0.324740 3.13
1059.00 0.324737 3.13
1060.00 0.324735 3.13
1061.00 0.324732 3.13
1062.00 0.324729 3.13
1063.00 0.324726 3.13
1064.00 0.324723 3.13
1065.00 0.324720 3.13
1066.00 0.324718 3.13
1067.00 0.324715 3.13
1068.00 0.324712 3.13
1069.00 0.324709 3.13
1070.00 0.324707 3.13
1071.00 0.324704 3.13
1072.00 0.324702 3.13
1073.00 0.324699 3.13
1074.00 0.324696 3.13
1075.00 0.324694 3.13
1076.00 0.324691 3.13
1077.00 0.324689 3.13
1078.00 0.324686 3.13
1079.00 0.324684 3.13
1080.00 0.324681 3.13
1081.00 0.324679 3.13
1082.00 0.324677 3.13
1083.00 0.324674 3.13
1084.00 0.324672 3.13
1085.00 0.324670 3.13
1086.00 0.324667 3.13
1087.00 0.324665 3.13
1088.00 0.324663 3.13
1089.00 0.324660 3.13
1090.00 0.324658 3.13
1091.00 0.324656 3.13
1092.00 0.324654 3.13
1093.00 0.324652 3.13
1094.00 0.324649 3.13
1095.00 0.324647 3.13
1096.00 0.324645 3.13
1097.00 0.324643 3.13
1098.00 0.324641 3.13
1099.00 0.324639 3.13
1100.00 0.324637 3.13
1101.00 0.324635 3.13
1102.00 0.324633 3.13
1103.00 0.324631 3.13
1104.00 0.324629 3.13
1105.00 0.324627 3.13
1106.00 0.324625 3.13
1107.00 0.324623 3.13
1108.00 0.324621 3.13
1109.00 0.324619 3.13
1110.00 0.324617 3.13
1111.00 0.324615 3.13
1112.00 0.324613 3.13
1113.00 0.324611 3.13
1114.00 0.324610 3.13
1115.00 0.324608 3.13
1116.00 0.324606 3.13
1117.00 0.324604 3.13
1118.00 0.324602 3.13
1119.00 0.324601 3.13
1120.00 0.324599 3.13
1121.00 0.324597 3.13
1122.00 0.324595 3.13
1123.00 0.324594 3.13
1124.00 0.324592 3.13
1125.00 0.324590 3.13
1126.00 0.324589 3.13
1127.00 0.324587 3.13
1128.00 0.324585 3.13
1129.00 0.324584 3.13
1130.00 0.324582 3.13
1131.00 0.324580 3.13
1132.00 0.324579 3.13
1133.00 0.324577 3.13
1134.00 0.324576 3.13
1135.00 0.324574 3.13
1136.00 0.324572 3.13
1137.00 0.324571 3.13
1138.00 0.324569 3.13
1139.00 0.324568 3.13
1140.00 0.324566 3.13
1141.00 0.324565 3.13
1142.00 0.324563 3.13
1143.00 0.324562 3.13
1144.00 0.324561 3.13
1145.00 0.324559 3.13
1146.00 0.324558 3.13
1147.00 0.324556 3.13
1148.00 0.324555 3.13
1149.00 0.324553 3.13
1150.00 0.324552 3.13
1151.00 0.324551 3.13
1152.00 0.324549 3.13
1153.00 0.324548 3.13
1154.00 0.324547 3.13
1155.00 0.324545 3.13
1156.00 0.324544 3.13
1157.00 0.324543 3.13
1158.00 0.324541 3.13
1159.00 0.324540 3.13
1160.00 0.324539 3.13
1161.00 0.324537 3.13
1162.00 0.324536 3.13
1163.00 0.324535 3.13
1164.00 0.324534 3.13
1165.00 0.324532 3.13
1166.00 0.324531 3.13
1167.00 0.324530 3.13
1168.00 0.324529 3.13
1169.00 0.324528 3.13
1170.00 0.324526 3.13
1171.00 0.324525 3.13
1172.00 0.324524 3.13
1173.00 0.324523 3.13
1174.00 0.324522 3.13
1175.00 0.324521 3.13
1176.00 0.324520 3.13
1177.00 0.324518 3.13
1178.00 0.324517 3.13
1179.00 0.324516 3.13
1180.00 0.324515 3.13
1181.00 0.324514 3.13
1182.00 0.324513 3.13
1183.00 0.324512 3.13
1184.00 0.324511 3.13
1185.00 0.324510 3.13
1186.00 0.324509 3.13
1187.00 0.324508 3.13
1188.00 0.324507 3.13
1189.00 0.324506 3.13
1190.00 0.324505 3.13
1191.00 0.324503 3.13
1192.00 0.324502 3.13
1193.00 0.324501 3.13
1194.00 0.324500 3.13
1195.00 0.324500 3.13
1196.00 0.324499 3.13
1197.00 0.324498 3.13
1198.00 0.324497 3.13
1199.00 0.324496 3.13
1200.00 0.324495 3.13
1201.00 0.324494 3.13
1202.00 0.324493 3.13
1203.00 0.324492 3.13
1204.00 0.324491 3.13
1205.00 0.324490 3.13
1206.00 0.324489 3.13
1207.00 0.324488 3.13
1208.00 0.324487 3.13
1209.00 0.324487 3.13
1210.00 0.324486 3.13
1211.00 0.324485 3.13
1212.00 0.324484 3.13
1213.00 0.324483 3.13
1214.00 0.324482 3.13
1215.00 0.324481 3.13
1216.00 0.324481 3.13
1217.00 0.324480 3.13
1218.00 0.324479 3.13
1219.00 0.324478 3.13
1220.00 0.324477 3.13
1221.00 0.324476 3.13
1222.00 0.324476 3.13
1223.00 0.324475 3.13
1224.00 0.324474 3.13
1225.00 0.324473 3.13
1226.00 0.324473 3.13
1227.00 0.324472 3.13
1228.00 0.324471 3.13
1229.00 0.324470 3.13
1230.00 0.324469 3.13
1231.00 0.324469 3.13
1232.00 0.324468 3.13
1233.00 0.324467 3.13
1234.00 0.324467 3.13
1235.00 0.324466 3.13
1236.00 0.324465 3.13
1237.00 0.324464 3.13
1238.00 0.324464 3.13
1239.00 0.324463 3.13
1240.00 0.324462 3.13
1241.00 0.324462 3.13
1242.00 0.324461 3.13
1243.00 0.324460 3.13
1244.00 0.324459 3.13
1245.00 0.324459 3.13
1246.00 0.324458 3.13
1247.00 0.324457 3.13
1248.00 0.324457 3.13
1249.00 0.324456 3.13
1250.00 0.324456 3.13
1251.00 0.324455 3.13
1252.00 0.324454 3.13
1253.00 0.324454 3.13
1254.00 0.324453 3.13
1255.00 0.324452 3.13
1256.00 0.324452 3.13
1257.00 0.324451 3.13
1258.00 0.324451 3.13
1259.00 0.324450 3.13
1260.00 0.324449 3.13
1261.00 0.324449 3.13
1262.00 0.324448 3.13
1263.00 0.324448 3.13
1264.00 0.324447 3.13
1265.00 0.324446 3.13
1266.00 0.324446 3.13
1267.00 0.324445 3.13
1268.00 0.324445 3.13
1269.00 0.324444 3.13
1270.00 0.324444 3.13
1271.00 0.324443 3.13
1272.00 0.324442 3.13
1273.00 0.324442 3.13
1274.00 0.324441 3.13
1275.00 0.324441 3.13
1276.00 0.324440 3.13
1277.00 0.324440 3.13
1278.00 0.324439 3.13
1279.00 0.324439 3.13
1280.00 0.324438 3.13
1281.00 0.324438 3.13
1282.00 0.324437 3.13
1283.00 0.324437 3.13
1284.00 0.324436 3.13
1285.00 0.324436 3.13
1286.00 0.324435 3.13
1287.00 0.324435 3.13
1288.00 0.324434 3.13
1289.00 0.324434 3.13
1290.00 0.324433 3.13
1291.00 0.324433 3.13
1292.00 0.324432 3.13
1293.00 0.324432 3.13
1294.00 0.324431 3.13
1295.00 0.324431 3.13
1296.00 0.324430 3.13
1297.00 0.324430 3.13
1298.00 0.324430 3.13
1299.00 0.324429 3.13
1300.00 0.324429 3.13
1301.00 0.324428 3.13
1302.00 0.324428 3.13
1303.00 0.324427 3.13
1304.00 0.324427 3.13
1305.00 0.324426 3.13
1306.00 0.324426 3.13
1307.00 0.324426 3.13
1308.00 0.324425 3.13
1309.00 0.324425 3.13
1310.00 0.324424 3.13
1311.00 0.324424 3.13
1312.00 0.324424 3.13
1313.00 0.324423 3.13
1314.00 0.324423 3.13
1315.00 0.324422 3.13
1316.00 0.324422 3.13
1317.00 0.324422 3.13
1318.00 0.324421 3.13
1319.00 0.324421 3.13
1320.00 0.324420 3.13
1321.00 0.324420 3.13
1322.00 0.324420 3.13
1323.00 0.324419 3.13
1324.00 0.324419 3.13
1325.00 0.324419 3.13
1326.00 0.324418 3.13
1327.00 0.324418 3.13
1328.00 0.324417 3.13
1329.00 0.324417 3.13
1330.00 0.324417 3.13
1331.00 0.324416 3.13
1332.00 0.324416 3.13
1333.00 0.324416 3.13
1334.00 0.324415 3.13
1335.00 0.324415 3.13
1336.00 0.324415 3.13
1337.00 0.324414 3.13
1338.00 0.324414 3.13
1339.00 0.324414 3.13
1340.00 0.324413 3.13
1341.00 0.324413 3.13
1342.00 0.324413 3.13
1343.00 0.324412 3.13
1344.00 0.324412 3.13
1345.00 0.324412 3.13
1346.00 0.324411 3.13
1347.00 0.324411 3.13
1348.00 0.324411 3.13
1349.00 0.324410 3.13
1350.00 0.324410 3.13
1351.00 0.324410 3.13
1352.00 0.324410 3.13
1353.00 0.324409 3.13
1354.00 0.324409 3.13
1355.00 0.324409 3.13
1356.00 0.324408 3.13
1357.00 0.324408 3.13
1358.00 0.324408 3.13
1359.00 0.324407 3.13
1360.00 0.324407 3.13
1361.00 0.324407 3.13
1362.00 0.324407 3.13
1363.00 0.324406 3.13
1364.00 0.324406 3.13
1365.00 0.324406 3.13
1366.00 0.324406 3.13
1367.00 0.324405 3.13
1368.00 0.324405 3.13
1369.00 0.324405 3.13
1370.00 0.324404 3.13
1371.00 0.324404 3.13
1372.00 0.324404 3.13
1373.00 0.324404 3.13
1374.00 0.324403 3.13
1375.00 0.324403 3.13
1376.00 0.324403 3.13
1377.00 0.324403 3.13
1378.00 0.324402 3.13
1379.00 0.324402 3.13
1380.00 0.324402 3.13
1381.00 0.324402 3.13
1382.00 0.324401 3.13
1383.00 0.324401 3.13
1384.00 0.324401 3.13
1385.00 0.324401 3.13
1386.00 0.324400 3.13
1387.00 0.324400 3.13
1388.00 0.324400 3.13
1389.00 0.324400 3.13
1390.00 0.324400 3.13
1391.00 0.324399 3.13
1392.00 0.324399 3.13
1393.00 0.324399 3.13
1394.00 0.324399 3.13
1395.00 0.324398 3.13
1396.00 0.324398 3.13
1397.00 0.324398 3.13
1398.00 0.324398 3.13
1399.00 0.324398 3.13
1400.00 0.324397 3.13
1401.00 0.324397 3.13
1402.00 0.324397 3.13
1403.00 0.324397 3.13
1404.00 0.324397 3.13
1405.00 0.324396 3.13
1406.00 0.324396 3.13
1407.00 0.324396 3.13
1408.00 0.324396 3.13
1409.00 0.324396 3.13
1410.00 0.324395 3.13
1411.00 0.324395 3.13
1412.00 0.324395 3.13
1413.00 0.324395 3.13
1414.00 0.324395 3.13
1415.00 0.324394 3.13
1416.00 0.324394 3.13
1417.00 0.324394 3.13
1418.00 0.324394 3.13
1419.00 0.324394 3.13
1420.00 0.324393 3.13
1421.00 0.324393 3.13
1422.00 0.324393 3.13
1423.00 0.324393 3.13
1424.00 0.324393 3.13
1425.00 0.324393 3.13
1426.00 0.324392 3.13
1427.00 0.324392 3.13
1428.00 0.324392 3.13
1429.00 0.324392 3.13
1430.00 0.324392 3.13
1431.00 0.324392 3.13
1432.00 0.324391 3.13
1433.00 0.324391 3.13
1434.00 0.324391 3.13
1435.00 0.324391 3.13
1436.00 0.324391 3.13
1437.00 0.324391 3.13
1438.00 0.324390 3.13
1439.00 0.324390 3.13
1440.00 0.324390 3.13
1441.00 0.324390 3.13
1442.00 0.324390 3.13
1443.00 0.324390 3.13
1444.00 0.324389 3.13
1445.00 0.324389 3.13
1446.00 0.324389 3.13
1447.00 0.324389 3.13
1448.00 0.324389 3.13
1449.00 0.324389 3.13
1450.00 0.324389 3.13
1451.00 0.324388 3.13
1452.00 0.324388 3.13
1453.00 0.324388 3.13
1454.00 0.324388 3.13
1455.00 0.324388 3.13
1456.00 0.324388 3.13
1457.00 0.324388 3.13
1458.00 0.324387 3.13
1459.00 0.324387 3.13
1460.00 0.324387 3.13
1461.00 0.324387 3.13
1462.00 0.324387 3.13
1463.00 0.324387 3.13
1464.00 0.324387 3.13
1465.00 0.324387 3.13
1466.00 0.324386 3.13
1467.00 0.324386 3.13
1468.00 0.324386 3.13
1469.00 0.324386 3.13
1470.00 0.324386 3.13
1471.00 0.324386 3.13
1472.00 0.324386 3.13
1473.00 0.324386 3.13
1474.00 0.324385 3.13
1475.00 0.324385 3.13
1476.00 0.324385 3.13
1477.00 0.324385 3.13
1478.00 0.324385 3.13
1479.00 0.324385 3.13
1480.00 0.324385 3.13
1481.00 0.324385 3.13
1482.00 0.324384 3.13
1483.00 0.324384 3.13
1484.00 0.324384 3.13
1485.00 0.324384 3.13
1486.00 0.324384 3.13
1487.00 0.324384 3.13
1488.00 0.324384 3.13
1489.00 0.324384 3.13
1490.00 0.324384 3.13
1491.00 0.324383 3.13
1492.00 0.324383 3.13
1493.00 0.324383 3.13
1494.00 0.324383 3.13
1495.00 0.324383 3.13
1496.00 0.324383 3.13
1497.00 0.324383 3.13
1498.00 0.324383 3.13
1499.00 0.324383 3.13
1500.00 0.324383 3.13
1501.00 0.324382 3.13
1502.00 0.324382 3.13
1503.00 0.324382 3.13
1504.00 0.324382 3.13
1505.00 0.324382 3.13
1506.00 0.324382 3.13
1507.00 0.324382 3.13
1508.00 0.324382 3.13
1509.00 0.324382 3.13
1510.00 0.324382 3.13
1511.00 0.324381 3.13
1512.00 0.324381 3.13
1513.00 0.324381 3.13
1514.00 0.324381 3.13
1515.00 0.324381 3.13
1516.00 0.324381 3.13
1517.00 0.324381 3.13
1518.00 0.324381 3.13
1519.00 0.324381 3.13
1520.00 0.324381 3.13
1521.00 0.324381 3.13
1522.00 0.324380 3.13
1523.00 0.324380 3.13
1524.00 0.324380 3.13
1525.00 0.324380 3.13
1526.00 0.324380 3.13
1527.00 0.324380 3.13
1528.00 0.324380 3.13
1529.00 0.324380 3.13
1530.00 0.324380 3.13
1531.00 0.324380 3.13
1532.00 0.324380 3.13
1533.00 0.324380 3.13
1534.00 0.324380 3.13
1535.00 0.324379 3.13
1536.00 0.324379 3.13
1537.00 0.324379 3.13
1538.00 0.324379 3.13
1539.00 0.324379 3.13
1540.00 0.324379 3.13
1541.00 0.324379 3.13
1542.00 0.324379 3.13
1543.00 0.324379 3.13
1544.00 0.324379 3.13
1545.00 0.324379 3.13
1546.00 0.324379 3.13
1547.00 0.324379 3.13
1548.00 0.324378 3.13
1549.00 0.324378 3.13
1550.00 0.324378 3.13
1551.00 0.324378 3.13
1552.00 0.324378 3.13
1553.00 0.324378 3.13
1554.00 0.324378 3.13
1555.00 0.324378 3.13
1556.00 0.324378 3.13
1557.00 0.324378 3.13
1558.00 0.324378 3.13
1559.00 0.324378 3.13
1560.00 0.324378 3.13
1561.00 0.324378 3.13
1562.00 0.324378 3.13
1563.00 0.324377 3.13
1564.00 0.324377 3.13
1565.00 0.324377 3.13
1566.00 0.324377 3.13
1567.00 0.324377 3.13
1568.00 0.324377 3.13
1569.00 0.324377 3.13
1570.00 0.324377 3.13
1571.00 0.324377 3.13
1572.00 0.324377 3.13
1573.00 0.324377 3.13
1574.00 0.324377 3.13
1575.00 0.324377 3.13
1576.00 0.324377 3.13
1577.00 0.324377 3.13
1578.00 0.324377 3.13
1579.00 0.324377 3.13
1580.00 0.324376 3.13
1581.00 0.324376 3.13
1582.00 0.324376 3.13
1583.00 0.324376 3.13
1584.00 0.324376 3.13
1585.00 0.324376 3.13
1586.00 0.324376 3.13
1587.00 0.324376 3.13
1588.00 0.324376 3.13
1589.00 0.324376 3.13
1590.00 0.324376 3.13
1591.00 0.324376 3.13
1592.00 0.324376 3.13
1593.00 0.324376 3.13
1594.00 0.324376 3.13
1595.00 0.324376 3.13
1596.00 0.324376 3.13
1597.00 0.324376 3.13
1598.00 0.324376 3.13
1599.00 0.324375 3.13
1600.00 0.324375 3.13
1601.00 0.324375 3.13
1602.00 0.324375 3.13
1603.00 0.324375 3.13
1604.00 0.324375 3.13
1605.00 0.324375 3.13
1606.00 0.324375 3.13
1607.00 0.324375 3.13
1608.00 0.324375 3.13
1609.00 0.324375 3.13
1610.00 0.324375 3.13
1611.00 0.324375 3.13
1612.00 0.324375 3.13
1613.00 0.324375 3.13
1614.00 0.324375 3.13
1615.00 0.324375 3.13
1616.00 0.324375 3.13
1617.00 0.324375 3.13
1618.00 0.324375 3.13
1619.00 0.324375 3.13
1620.00 0.324375 3.13
1621.00 0.324375 3.13
1622.00 0.324374 3.13
1623.00 0.324374 3.13
1624.00 0.324374 3.13
1625.00 0.324374 3.13
1626.00 0.324374 3.13
1627.00 0.324374 3.13
1628.00 0.324374 3.13
1629.00 0.324374 3.13
1630.00 0.324374 3.13
1631.00 0.324374 3.13
1632.00 0.324374 3.13
1633.00 0.324374 3.13
1634.00 0.324374 3.13
1635.00 0.324374 3.13
1636.00 0.324374 3.13
1637.00 0.324374 3.13
1638.00 0.324374 3.13
1639.00 0.324374 3.13
1640.00 0.324374 3.13
1641.00 0.324374 3.13
1642.00 0.324374 3.13
1643.00 0.324374 3.13
1644.00 0.324374 3.13
1645.00 0.324374 3.13
1646.00 0.324374 3.13
1647.00 0.324374 3.13
1648.00 0.324374 3.13
1649.00 0.324373 3.13
1650.00 0.324373 3.13
1651.00 0.324373 3.13
1652.00 0.324373 3.13
1653.00 0.324373 3.13
1654.00 0.324373 3.13
1655.00 0.324373 3.13
1656.00 0.324373 3.13
1657.00 0.324373 3.13
1658.00 0.324373 3.13
1659.00 0.324373 3.13
1660.00 0.324373 3.13
1661.00 0.324373 3.13
1662.00 0.324373 3.13
1663.00 0.324373 3.13
1664.00 0.324373 3.13
1665.00 0.324373 3.13
1666.00 0.324373 3.13
1667.00 0.324373 3.13
1668.00 0.324373 3.13
1669.00 0.324373 3.13
1670.00 0.324373 3.13
1671.00 0.324373 3.13
1672.00 0.324373 3.13
1673.00 0.324373 3.13
1674.00 0.324373 3.13
1675.00 0.324373 3.13
1676.00 0.324373 3.13
1677.00 0.324373 3.13
1678.00 0.324373 3.13
1679.00 0.324373 3.13
1680.00 0.324373 3.13
1681.00 0.324373 3.13
1682.00 0.324373 3.13
1683.00 0.324372 3.13
1684.00 0.324372 3.13
1685.00 0.324372 3.13
1686.00 0.324372 3.13
1687.00 0.324372 3.13
1688.00 0.324372 3.13
1689.00 0.324372 3.13
1690.00 0.324372 3.13
1691.00 0.324372 3.13
1692.00 0.324372 3.13
1693.00 0.324372 3.13
1694.00 0.324372 3.13
1695.00 0.324372 3.13
1696.00 0.324372 3.13
1697.00 0.324372 3.13
1698.00 0.324372 3.13
1699.00 0.324372 3.13
1700.00 0.324372 3.13
1701.00 0.324372 3.13
1702.00 0.324372 3.13
1703.00 0.324372 3.13
1704.00 0.324372 3.13
1705.00 0.324372 3.13
1706.00 0.324372 3.13
1707.00 0.324372 3.13
1708.00 0.324372 3.13
1709.00 0.324372 3.13
1710.00 0.324372 3.13
1711.00 0.324372 3.13
1712.00 0.324372 3.13
1713.00 0.324372 3.13
1714.00 0.324372 3.13
1715.00 0.324372 3.13
1716.00 0.324372 3.13
1717.00 0.324372 3.13
1718.00 0.324372 3.13
1719.00 0.324372 3.13
1720.00 0.324372 3.13
1721.00 0.324372 3.13
1722.00 0.324372 3.13
1723.00 0.324372 3.13
1724.00 0.324372 3.13
1725.00 0.324372 3.13
1726.00 0.324372 3.13
1727.00 0.324372 3.13
1728.00 0.324371 3.13
1729.00 0.324371 3.13
1730.00 0.324371 3.13
1731.00 0.324371 3.13
1732.00 0.324371 3.13
1733.00 0.324371 3.13
1734.00 0.324371 3.13
1735.00 0.324371 3.13
1736.00 0.324371 3.13
1737.00 0.324371 3.13
1738.00 0.324371 3.13
1739.00 0.324371 3.13
1740.00 0.324371 3.13
1741.00 0.324371 3.13
1742.00 0.324371 3.13
1743.00 0.324371 3.13
1744.00 0.324371 3.13
1745.00 0.324371 3.13
1746.00 0.324371 3.13
1747.00 0.324371 3.13
1748.00 0.324371 3.13
1749.00 0.324371 3.13
1750.00 0.324371 3.13
1751.00 0.324371 3.13
1752.00 0.324371 3.13
1753.00 0.324371 3.13
1754.00 0.324371 3.13
1755.00 0.324371 3.13
1756.00 0.324371 3.13
1757.00 0.324371 3.13
1758.00 0.324371 3.13
1759.00 0.324371 3.13
1760.00 0.324371 3.13
1761.00 0.324371 3.13
1762.00 0.324371 3.13
1763.00 0.324371 3.13
1764.00 0.324371 3.13
1765.00 0.324371 3.13
1766.00 0.324371 3.13
1767.00 0.324371 3.13
1768.00 0.324371 3.13
1769.00 0.324371 3.13
1770.00 0.324371 3.13
1771.00 0.324371 3.13
1772.00 0.324371 3.13
1773.00 0.324371 3.13
1774.00 0.324371 3.13
1775.00 0.324371 3.13
1776.00 0.324371 3.13
1777.00 0.324371 3.13
1778.00 0.324371 3.13
1779.00 0.324371 3.13
1780.00 0.324371 3.13
1781.00 0.324371 3.13
1782.00 0.324371 3.13
1783.00 0.324371 3.13
1784.00 0.324371 3.13
1785.00 0.324371 3.13
1786.00 0.324371 3.13
1787.00 0.324371 3.13
1788.00 0.324371 3.13
1789.00 0.324371 3.13
1790.00 0.324371 3.13
1791.00 0.324371 3.13
1792.00 0.324371 3.13
1793.00 0.324371 3.13
1794.00 0.324371 3.13
1795.00 0.324371 3.13
1796.00 0.324371 3.13
1797.00 0.324370 3.13
1798.00 0.324370 3.13
1799.00 0.324370 3.13
1800.00 0.324370 3.13
1801.00 0.324370 3.13
1802.00 0.324370 3.13
1803.00 0.324370 3.13
1804.00 0.324370 3.13
1805.00 0.324370 3.13
1806.00 0.324370 3.13
1807.00 0.324370 3.13
1808.00 0.324370 3.13
1809.00 0.324370 3.13
1810.00 0.324370 3.13
1811.00 0.324370 3.13
1812.00 0.324370 3.13
1813.00 0.324370 3.13
1814.00 0.324370 3.13
1815.00 0.324370 3.13
1816.00 0.324370 3.13
1817.00 0.324370 3.13
1818.00 0.324370 3.13
1819.00 0.324370 3.13
1820.00 0.324370 3.13
1821.00 0.324370 3.13
1822.00 0.324370 3.13
1823.00 0.324370 3.13
1824.00 0.324370 3.13
1825.00 0.324370 3.13
1826.00 0.324370 3.13
1827.00 0.324370 3.13
1828.00 0.324370 3.13
1829.00 0.324370 3.13
1830.00 0.324370 3.13
1831.00 0.324370 3.13
1832.00 0.324370 3.13
1833.00 0.324370 3.13
1834.00 0.324370 3.13
1835.00 0.324370 3.13
1836.00 0.324370 3.13
1837.00 0.324370 3.13
1838.00 0.324370 3.13
1839.00 0.324370 3.13
1840.00 0.324370 3.13
1841.00 0.324370 3.13
1842.00 0.324370 3.13
1843.00 0.324370 3.13
1844.00 0.324370 3.13
1845.00 0.324370 3.13
1846.00 0.324370 3.13
1847.00 0.324370 3.13
1848.00 0.324370 3.13
1849.00 0.324370 3.13
1850.00 0.324370 3.13
1851.00 0.324370 3.13
1852.00 0.324370 3.13
1853.00 0.324370 3.13
1854.00 0.324370 3.13
1855.00 0.324370 3.13
1856.00 0.324370 3.13
1857.00 0.324370 3.13
1858.00 0.324370 3.13
1859.00 0.324370 3.13
1860.00 0.324370 3.13
1861.00 0.324370 3.13
1862.00 0.324370 3.13
1863.00 0.324370 3.13
1864.00 0.324370 3.13
1865.00 0.324370 3.13
1866.00 0.324370 3.13
1867.00 0.324370 3.13
1868.00 0.324370 3.13
1869.00 0.324370 3.13
1870.00 0.324370 3.13
1871.00 0.324370 3.13
1872.00 0.324370 3.13
1873.00 0.324370 3.13
1874.00 0.324370 3.13
1875.00 0.324370 3.13
1876.00 0.324370 3.13
1877.00 0.324370 3.13
1878.00 0.324370 3.13
1879.00 0.324370 3.13
1880.00 0.324370 3.13
1881.00 0.324370 3.13
1882.00 0.324370 3.13
1883.00 0.324370 3.13
1884.00 0.324370 3.13
1885.00 0.324370 3.13
1886.00 0.324370 3.13
1887.00 0.324370 3.13
1888.00 0.324370 3.13
1889.00 0.324370 3.13
1890.00 0.324370 3.13
1891.00 0.324370 3.13
1892.00 0.324370 3.13
1893.00 0.324370 3.13
1894.00 0.324370 3.13
1895.00 0.324370 3.13
1896.00 0.324370 3.13
1897.00 0.324370 3.13
1898.00 0.324370 3.13
1899.00 0.324370 3.13
1900.00 0.324370 3.13
1901.00 0.324370 3.13
1902.00 0.324370 3.13
1903.00 0.324370 3.13
1904.00 0.324370 3.13
1905.00 0.324370 3.13
1906.00 0.324370 3.13
1907.00 0.324370 3.13
1908.00 0.324370 3.13
1909.00 0.324370 3.13
1910.00 0.324370 3.13
1911.00 0.324370 3.13
1912.00 0.324370 3.13
1913.00 0.324370 3.13
1914.00 0.324370 3.13
1915.00 0.324370 3.13
1916.00 0.324370 3.13
1917.00 0.324370 3.13
1918.00 0.324370 3.13
1919.00 0.324370 3.13
1920.00 0.324370 3.13
1921.00 0.324370 3.13
1922.00 0.324370 3.13
1923.00 0.324370 3.13
1924.00 0.324370 3.13
1925.00 0.324370 3.13
1926.00 0.324370 3.13
1927.00 0.324370 3.13
1928.00 0.324370 3.13
1929.00 0.324370 3.13
1930.00 0.324370 3.13
1931.00 0.324370 3.13
1932.00 0.324370 3.13
1933.00 0.324370 3.13
1934.00 0.324370 3.13
1935.00 0.324370 3.13
1936.00 0.324370 3.13
1937.00 0.324370 3.13
1938.00 0.324370 3.13
1939.00 0.324370 3.13
1940.00 0.324370 3.13
1941.00 0.324370 3.13
1942.00 0.324370 3.13
1943.00 0.324370 3.13
1944.00 0.324369 3.13
1945.00 0.324369 3.13
1946.00 0.324369 3.13
1947.00 0.324369 3.13
1948.00 0.324369 3.13
1949.00 0.324369 3.13
1950.00 0.324369 3.13
1951.00 0.324369 3.13
1952.00 0.324369 3.13
1953.00 0.324369 3.13
1954.00 0.324369 3.13
1955.00 0.324369 3.13
1956.00 0.324369 3.13
1957.00 0.324369 3.13
1958.00 0.324369 3.13
1959.00 0.324369 3.13
1960.00 0.324369 3.13
1961.00 0.324369 3.13
1962.00 0.324369 3.13
1963.00 0.324369 3.13
1964.00 0.324369 3.13
1965.00 0.324369 3.13
1966.00 0.324369 3.13
1967.00 0.324369 3.13
1968.00 0.324369 3.13
1969.00 0.324369 3.13
1970.00 0.324369 3.13
1971.00 0.324369 3.13
1972.00 0.324369 3.13
1973.00 0.324369 3.13
1974.00 0.324369 3.13
1975.00 0.324369 3.13
1976.00 0.324369 3.13
1977.00 0.324369 3.13
1978.00 0.324369 3.13
1979.00 0.324369 3.13
1980.00 0.324369 3.13
1981.00 0.324369 3.13
1982.00 0.324369 3.13
1983.00 0.324369 3.13
1984.00 0.324369 3.13
1985.00 0.324369 3.13
1986.00 0.324369 3.13
1987.00 0.324369 3.13
1988.00 0.324369 3.13
1989.00 0.324369 3.13
1990.00 0.324369 3.13
1991.00 0.324369 3.13
1992.00 0.324369 3.13
1993.00 0.324369 3.13
1994.00 0.324369 3.13
1995.00 0.324369 3.13
1996.00 0.324369 3.13
1997.00 0.324369 3.13
1998.00 0.324369 3.13
1999.00 0.324369 3.13
2000.00 0.324369 3.13
