0.00 0.874782 10.04
1.00 0.872539 10.04
2.00 0.870286 10.03
3.00 0.868023 10.03
4.00 0.865750 10.03
5.00 0.863464 10.03
6.00 0.861167 10.03
7.00 0.858858 10.03
8.00 0.856536 10.03
9.00 0.854203 10.03
10.00 0.851856 10.03
11.00 0.849497 10.03
12.00 0.847125 10.03
13.00 0.844739 10.03
14.00 0.842340 10.03
15.00 0.839927 10.03
16.00 0.837499 10.03
17.00 0.835057 10.03
18.00 0.832601 10.03
19.00 0.830135 10.02
20.00 0.827678 10.02
21.00 0.825216 10.01
22.00 0.822744 10.01
23.00 0.820277 9.98
24.00 0.817857 9.97
25.00 0.815431 9.97
26.00 0.812995 9.97
27.00 0.810548 9.97
28.00 0.808110 9.95
29.00 0.805692 9.94
30.00 0.803289 9.94
31.00 0.800874 9.94
32.00 0.798449 9.94
33.00 0.796011 9.94
34.00 0.793560 9.94
35.00 0.791104 9.93
36.00 0.788669 9.92
37.00 0.786229 9.92
38.00 0.783774 9.92
39.00 0.781306 9.92
40.00 0.778823 9.92
41.00 0.776326 9.92
42.00 0.773844 9.91
43.00 0.771381 9.89
44.00 0.768951 9.89
45.00 0.766516 9.88
46.00 0.764092 9.87
47.00 0.761697 9.85
48.00 0.759302 9.85
49.00 0.756895 9.85
50.00 0.754474 9.85
51.00 0.752058 9.84
52.00 0.749647 9.84
53.00 0.747222 9.84
54.00 0.744788 9.83
55.00 0.742374 9.82
56.00 0.739972 9.82
57.00 0.737566 9.81
58.00 0.735191 9.80
59.00 0.732849 9.79
60.00 0.730496 9.79
61.00 0.728161 9.77
62.00 0.725846 9.75
63.00 0.723532 9.75
64.00 0.721222 9.73
65.00 0.718942 9.73
66.00 0.716651 9.73
67.00 0.714352 9.72
68.00 0.712057 9.71
69.00 0.709778 9.70
70.00 0.707519 9.69
71.00 0.705270 9.66
72.00 0.703092 9.64
73.00 0.700960 9.63
74.00 0.698833 9.62
75.00 0.696731 9.60
76.00 0.694664 9.59
77.00 0.692609 9.58
78.00 0.690600 9.55
79.00 0.688643 9.54
80.00 0.686679 9.53
81.00 0.684717 9.51
82.00 0.682864 9.47
83.00 0.681081 9.45
84.00 0.679301 9.44
85.00 0.677556 9.41
86.00 0.675816 9.40
87.00 0.674097 9.38
88.00 0.672403 9.36
89.00 0.670731 9.34
90.00 0.669111 9.32
91.00 0.667507 9.31
92.00 0.665959 9.28
93.00 0.664442 9.27
94.00 0.662956 9.26
95.00 0.661514 9.24
96.00 0.660091 9.21
97.00 0.658708 9.20
98.00 0.657375 9.18
99.00 0.656049 9.17
100.00 0.654727 9.17
101.00 0.653420 9.14
102.00 0.652153 9.13
103.00 0.650904 9.12
104.00 0.649678 9.11
105.00 0.648495 9.09
106.00 0.647344 9.09
107.00 0.646191 9.09
108.00 0.645075 9.07
109.00 0.643973 9.07
110.00 0.642876 9.06
111.00 0.641802 9.06
112.00 0.640748 9.05
113.00 0.639695 9.05
114.00 0.638640 9.04
115.00 0.637605 9.03
116.00 0.636578 9.02
117.00 0.635559 8.99
118.00 0.634565 8.98
119.00 0.633621 8.96
120.00 0.632701 8.94
121.00 0.631819 8.95
122.00 0.630935 8.95
123.00 0.630048 8.95
124.00 0.629209 8.93
125.00 0.628390 8.92
126.00 0.627589 8.92
127.00 0.626784 8.92
128.00 0.625986 8.90
129.00 0.625207 8.90
130.00 0.624450 8.89
131.00 0.623693 8.89
132.00 0.622934 8.88
133.00 0.622174 8.88
134.00 0.621420 8.86
135.00 0.620707 8.84
136.00 0.620030 8.84
137.00 0.619354 8.83
138.00 0.618680 8.82
139.00 0.618012 8.81
140.00 0.617385 8.79
141.00 0.616776 8.79
142.00 0.616185 8.76
143.00 0.615629 8.76
144.00 0.615075 8.76
145.00 0.614530 8.74
146.00 0.614006 8.74
147.00 0.613495 8.73
148.00 0.612987 8.71
149.00 0.612491 8.70
150.00 0.612001 8.69
151.00 0.611513 8.69
152.00 0.611027 8.67
153.00 0.610544 8.67
154.00 0.610061 8.67
155.00 0.609578 8.67
156.00 0.609117 8.66
157.00 0.608665 8.66
158.00 0.608219 8.65
159.00 0.607774 8.65
160.00 0.607336 8.63
161.00 0.606923 8.62
162.00 0.606519 8.60
163.00 0.606137 8.60
164.00 0.605756 8.60
165.00 0.605377 8.60
166.00 0.604999 8.60
167.00 0.604622 8.60
168.00 0.604266 8.59
169.00 0.603914 8.59
170.00 0.603563 8.59
171.00 0.603213 8.59
172.00 0.602867 8.58
173.00 0.602530 8.57
174.00 0.602217 8.57
175.00 0.601905 8.57
176.00 0.601595 8.57
177.00 0.601286 8.57
178.00 0.600978 8.57
179.00 0.600671 8.57
180.00 0.600364 8.57
181.00 0.600058 8.57
182.00 0.599752 8.57
183.00 0.599449 8.55
184.00 0.599150 8.55
185.00 0.598853 8.54
186.00 0.598560 8.54
187.00 0.598267 8.54
188.00 0.597979 8.53
189.00 0.597691 8.53
190.00 0.597403 8.53
191.00 0.597115 8.53
192.00 0.596827 8.53
193.00 0.596538 8.53
194.00 0.596249 8.53
195.00 0.595960 8.53
196.00 0.595670 8.53
197.00 0.595395 8.52
198.00 0.595124 8.51
199.00 0.594853 8.51
200.00 0.594583 8.51
201.00 0.594313 8.51
202.00 0.594043 8.51
203.00 0.593784 8.49
204.00 0.593545 8.49
205.00 0.593309 8.48
206.00 0.593094 8.48
207.00 0.592881 8.48
208.00 0.592670 8.48
209.00 0.592461 8.48
210.00 0.592253 8.48
211.00 0.592047 8.48
212.00 0.591843 8.48
213.00 0.591639 8.48
214.00 0.591437 8.48
215.00 0.591235 8.48
216.00 0.591035 8.48
217.00 0.590835 8.48
218.00 0.590636 8.48
219.00 0.590441 8.47
220.00 0.590248 8.46
221.00 0.590058 8.46
222.00 0.589869 8.46
223.00 0.589681 8.46
224.00 0.589494 8.46
225.00 0.589308 8.46
226.00 0.589122 8.46
227.00 0.588937 8.45
228.00 0.588757 8.45
229.00 0.588576 8.45
230.00 0.588397 8.45
231.00 0.588218 8.45
232.00 0.588040 8.45
233.00 0.587864 8.43
234.00 0.587699 8.43
235.00 0.587535 8.43
236.00 0.587372 8.43
237.00 0.587210 8.43
238.00 0.587048 8.43
239.00 0.586887 8.43
240.00 0.586727 8.43
241.00 0.586569 8.42
242.00 0.586413 8.42
243.00 0.586258 8.42
244.00 0.586104 8.42
245.00 0.585951 8.41
246.00 0.585800 8.40
247.00 0.585652 8.40
248.00 0.585506 8.39
249.00 0.585362 8.39
250.00 0.585219 8.39
251.00 0.585077 8.39
252.00 0.584934 8.39
253.00 0.584793 8.39
254.00 0.584652 8.39
255.00 0.584511 8.39
256.00 0.584371 8.39
257.00 0.584231 8.39
258.00 0.584092 8.39
259.00 0.583953 8.39
260.00 0.583814 8.39
261.00 0.583676 8.39
262.00 0.583538 8.39
263.00 0.583400 8.39
264.00 0.583263 8.39
265.00 0.583128 8.38
266.00 0.582995 8.38
267.00 0.582862 8.38
268.00 0.582729 8.38
269.00 0.582598 8.37
270.00 0.582468 8.37
271.00 0.582339 8.37
272.00 0.582209 8.37
273.00 0.582081 8.37
274.00 0.581958 8.36
275.00 0.581841 8.36
276.00 0.581725 8.35
277.00 0.581610 8.35
278.00 0.581496 8.35
279.00 0.581383 8.35
280.00 0.581270 8.35
281.00 0.581159 8.35
282.00 0.581047 8.35
283.00 0.580936 8.35
284.00 0.580826 8.35
285.00 0.580716 8.35
286.00 0.580607 8.35
287.00 0.580499 8.35
288.00 0.580390 8.35
289.00 0.580282 8.35
290.00 0.580175 8.35
291.00 0.580068 8.35
292.00 0.579962 8.35
293.00 0.579856 8.35
294.00 0.579750 8.35
295.00 0.579645 8.34
296.00 0.579544 8.34
297.00 0.579443 8.34
298.00 0.579342 8.34
299.00 0.579243 8.34
300.00 0.579143 8.34
301.00 0.579044 8.34
302.00 0.578945 8.34
303.00 0.578847 8.34
304.00 0.578749 8.34
305.00 0.578651 8.34
306.00 0.578554 8.34
307.00 0.578457 8.34
308.00 0.578360 8.34
309.00 0.578264 8.34
310.00 0.578168 8.33
311.00 0.578074 8.33
312.00 0.577980 8.33
313.00 0.577887 8.32
314.00 0.577800 8.32
315.00 0.577714 8.32
316.00 0.577631 8.31
317.00 0.577549 8.31
318.00 0.577467 8.31
319.00 0.577386 8.31
320.00 0.577306 8.31
321.00 0.577226 8.31
322.00 0.577148 8.30
323.00 0.577073 8.30
324.00 0.576998 8.30
325.00 0.576923 8.30
326.00 0.576850 8.30
327.00 0.576776 8.30
328.00 0.576704 8.30
329.00 0.576631 8.30
330.00 0.576560 8.30
331.00 0.576488 8.30
332.00 0.576417 8.30
333.00 0.576347 8.30
334.00 0.576277 8.30
335.00 0.576207 8.30
336.00 0.576138 8.30
337.00 0.576069 8.30
338.00 0.576000 8.30
339.00 0.575932 8.30
340.00 0.575864 8.30
341.00 0.575797 8.30
342.00 0.575730 8.30
343.00 0.575663 8.29
344.00 0.575600 8.29
345.00 0.575536 8.29
346.00 0.575474 8.29
347.00 0.575411 8.29
348.00 0.575350 8.29
349.00 0.575288 8.29
350.00 0.575227 8.29
351.00 0.575167 8.29
352.00 0.575107 8.29
353.00 0.575047 8.29
354.00 0.574987 8.29
355.00 0.574928 8.29
356.00 0.574869 8.29
357.00 0.574811 8.29
358.00 0.574753 8.28
359.00 0.574696 8.28
360.00 0.574640 8.28
361.00 0.574583 8.28
362.00 0.574528 8.28
363.00 0.574473 8.27
364.00 0.574420 8.27
365.00 0.574368 8.27
366.00 0.574315 8.27
367.00 0.574263 8.27
368.00 0.574212 8.27
369.00 0.574161 8.27
370.00 0.574110 8.27
371.00 0.574059 8.27
372.00 0.574009 8.27
373.00 0.573959 8.27
374.00 0.573909 8.27
375.00 0.573860 8.27
376.00 0.573811 8.27
377.00 0.573762 8.27
378.00 0.573714 8.27
379.00 0.573665 8.27
380.00 0.573617 8.27
381.00 0.573570 8.27
382.00 0.573522 8.27
383.00 0.573475 8.27
384.00 0.573427 8.27
385.00 0.573381 8.27
386.00 0.573334 8.27
387.00 0.573287 8.27
388.00 0.573241 8.27
389.00 0.573195 8.27
390.00 0.573149 8.27
391.00 0.573103 8.27
392.00 0.573058 8.27
393.00 0.573012 8.27
394.00 0.572967 8.27
395.00 0.572922 8.27
396.00 0.572877 8.27
397.00 0.572833 8.27
398.00 0.572788 8.27
399.00 0.572744 8.27
400.00 0.572700 8.27
401.00 0.572658 8.26
402.00 0.572616 8.26
403.00 0.572575 8.26
404.00 0.572533 8.26
405.00 0.572492 8.26
406.00 0.572452 8.26
407.00 0.572411 8.26
408.00 0.572371 8.26
409.00 0.572330 8.26
410.00 0.572290 8.26
411.00 0.572250 8.26
412.00 0.572211 8.26
413.00 0.572172 8.25
414.00 0.572135 8.25
415.00 0.572098 8.25
416.00 0.572061 8.25
417.00 0.572025 8.25
418.00 0.571988 8.25
419.00 0.571952 8.25
420.00 0.571916 8.25
421.00 0.571881 8.24
422.00 0.571848 8.24
423.00 0.571814 8.24
424.00 0.571781 8.24
425.00 0.571748 8.24
426.00 0.571715 8.24
427.00 0.571682 8.24
428.00 0.571650 8.24
429.00 0.571618 8.24
430.00 0.571586 8.24
431.00 0.571554 8.24
432.00 0.571523 8.24
433.00 0.571491 8.24
434.00 0.571460 8.24
435.00 0.571429 8.24
436.00 0.571398 8.24
437.00 0.571368 8.24
438.00 0.571337 8.24
439.00 0.571307 8.24
440.00 0.571277 8.24
441.00 0.571247 8.24
442.00 0.571217 8.24
443.00 0.571187 8.24
444.00 0.571158 8.24
445.00 0.571129 8.24
446.00 0.571100 8.24
447.00 0.571071 8.24
448.00 0.571042 8.24
449.00 0.571013 8.24
450.00 0.570984 8.24
451.00 0.570956 8.24
452.00 0.570928 8.24
453.00 0.570900 8.24
454.00 0.570871 8.24
455.00 0.570844 8.24
456.00 0.570816 8.24
457.00 0.570788 8.24
458.00 0.570761 8.24
459.00 0.570733 8.24
460.00 0.570706 8.24
461.00 0.570679 8.24
462.00 0.570652 8.24
463.00 0.570625 8.24
464.00 0.570598 8.23
465.00 0.570574 8.23
466.00 0.570550 8.23
467.00 0.570526 8.23
468.00 0.570502 8.23
469.00 0.570478 8.23
470.00 0.570455 8.23
471.00 0.570431 8.23
472.00 0.570408 8.23
473.00 0.570385 8.23
474.00 0.570363 8.23
475.00 0.570340 8.23
476.00 0.570318 8.23
477.00 0.570295 8.23
478.00 0.570273 8.23
479.00 0.570251 8.23
480.00 0.570229 8.23
481.00 0.570208 8.23
482.00 0.570186 8.23
483.00 0.570165 8.23
484.00 0.570143 8.23
485.00 0.570122 8.23
486.00 0.570101 8.23
487.00 0.570080 8.23
488.00 0.570060 8.23
489.00 0.570039 8.23
490.00 0.570019 8.23
491.00 0.569998 8.23
492.00 0.569978 8.23
493.00 0.569958 8.23
494.00 0.569938 8.23
495.00 0.569918 8.23
496.00 0.569899 8.23
497.00 0.569879 8.23
498.00 0.569860 8.23
499.00 0.569841 8.23
500.00 0.569821 8.23
501.00 0.569802 8.23
502.00 0.569783 8.23
503.00 0.569765 8.23
504.00 0.569746 8.23
505.00 0.569727 8.23
506.00 0.569709 8.23
507.00 0.569691 8.23
508.00 0.569672 8.23
509.00 0.569654 8.23
510.00 0.569636 8.23
511.00 0.569618 8.23
512.00 0.569600 8.23
513.00 0.569583 8.23
514.00 0.569565 8.23
515.00 0.569548 8.23
516.00 0.569530 8.23
517.00 0.569513 8.23
518.00 0.569496 8.23
519.00 0.569479 8.23
520.00 0.569462 8.23
521.00 0.569445 8.23
522.00 0.569428 8.23
523.00 0.569411 8.23
524.00 0.569395 8.23
525.00 0.569378 8.23
526.00 0.569362 8.23
527.00 0.569346 8.23
528.00 0.569330 8.23
529.00 0.569313 8.23
530.00 0.569297 8.23
531.00 0.569282 8.23
532.00 0.569266 8.23
533.00 0.569250 8.23
534.00 0.569234 8.23
535.00 0.569219 8.23
536.00 0.569203 8.23
537.00 0.569188 8.23
538.00 0.569173 8.23
539.00 0.569157 8.23
540.00 0.569142 8.23
541.00 0.569127 8.23
542.00 0.569112 8.23
543.00 0.569097 8.23
544.00 0.569083 8.23
545.00 0.569068 8.23
546.00 0.569053 8.23
547.00 0.569039 8.23
548.00 0.569024 8.23
549.00 0.569010 8.23
550.00 0.568995 8.23
551.00 0.568981 8.23
552.00 0.568967 8.23
553.00 0.568953 8.23
554.00 0.568939 8.23
555.00 0.568925 8.23
556.00 0.568911 8.23
557.00 0.568897 8.23
558.00 0.568884 8.23
559.00 0.568870 8.23
560.00 0.568856 8.23
561.00 0.568843 8.23
562.00 0.568829 8.23
563.00 0.568816 8.23
564.00 0.568803 8.23
565.00 0.568789 8.23
566.00 0.568776 8.23
567.00 0.568763 8.23
568.00 0.568750 8.23
569.00 0.568737 8.23
570.00 0.568724 8.23
571.00 0.568711 8.23
572.00 0.568699 8.23
573.00 0.568686 8.23
574.00 0.568673 8.22
575.00 0.568661 8.22
576.00 0.568649 8.22
577.00 0.568638 8.22
578.00 0.568626 8.22
579.00 0.568614 8.22
580.00 0.568602 8.22
581.00 0.568591 8.22
582.00 0.568579 8.22
583.00 0.568568 8.22
584.00 0.568556 8.22
585.00 0.568545 8.22
586.00 0.568534 8.22
587.00 0.568522 8.22
588.00 0.568511 8.22
589.00 0.568500 8.22
590.00 0.568489 8.22
591.00 0.568478 8.22
592.00 0.568467 8.22
593.00 0.568456 8.22
594.00 0.568445 8.22
595.00 0.568434 8.22
596.00 0.568424 8.22
597.00 0.568413 8.22
598.00 0.568402 8.22
599.00 0.568392 8.22
600.00 0.568381 8.22
601.00 0.568371 8.22
602.00 0.568360 8.22
603.00 0.568350 8.22
604.00 0.568340 8.22
605.00 0.568330 8.22
606.00 0.568319 8.22
607.00 0.568309 8.22
608.00 0.568299 8.22
609.00 0.568289 8.22
610.00 0.568279 8.22
611.00 0.568269 8.22
612.00 0.568259 8.22
613.00 0.568249 8.22
614.00 0.568239 8.22
615.00 0.568230 8.22
616.00 0.568220 8.22
617.00 0.568210 8.22
618.00 0.568201 8.22
619.00 0.568191 8.22
620.00 0.568181 8.22
621.00 0.568172 8.22
622.00 0.568162 8.22
623.00 0.568153 8.22
624.00 0.568143 8.22
625.00 0.568134 8.22
626.00 0.568125 8.22
627.00 0.568116 8.22
628.00 0.568106 8.22
629.00 0.568097 8.22
630.00 0.568088 8.22
631.00 0.568079 8.22
632.00 0.568070 8.22
633.00 0.568061 8.22
634.00 0.568052 8.22
635.00 0.568043 8.22
636.00 0.568034 8.22
637.00 0.568025 8.22
638.00 0.568016 8.22
639.00 0.568007 8.22
640.00 0.567998 8.22
641.00 0.567989 8.22
642.00 0.567981 8.22
643.00 0.567972 8.22
644.00 0.567963 8.22
645.00 0.567954 8.22
646.00 0.567946 8.22
647.00 0.567937 8.22
648.00 0.567929 8.22
649.00 0.567920 8.22
650.00 0.567912 8.22
651.00 0.567903 8.22
652.00 0.567895 8.22
653.00 0.567886 8.22
654.00 0.567878 8.22
655.00 0.567870 8.22
656.00 0.567861 8.22
657.00 0.567853 8.22
658.00 0.567845 8.22
659.00 0.567836 8.22
660.00 0.567828 8.22
661.00 0.567820 8.22
662.00 0.567812 8.22
663.00 0.567804 8.22
664.00 0.567796 8.22
665.00 0.567787 8.22
666.00 0.567779 8.22
667.00 0.567771 8.22
668.00 0.567763 8.22
669.00 0.567755 8.22
670.00 0.567748 8.21
671.00 0.567742 8.21
672.00 0.567735 8.21
673.00 0.567729 8.21
674.00 0.567722 8.21
675.00 0.567716 8.21
676.00 0.567710 8.21
677.00 0.567703 8.21
678.00 0.567697 8.21
679.00 0.567691 8.21
680.00 0.567685 8.21
681.00 0.567679 8.21
682.00 0.567673 8.21
683.00 0.567667 8.21
684.00 0.567661 8.21
685.00 0.567655 8.21
686.00 0.567649 8.21
687.00 0.567643 8.21
688.00 0.567637 8.21
689.00 0.567631 8.21
690.00 0.567626 8.21
691.00 0.567620 8.21
692.00 0.567614 8.21
693.00 0.567609 8.21
694.00 0.567603 8.21
695.00 0.567597 8.21
696.00 0.567592 8.21
697.00 0.567586 8.21
698.00 0.567581 8.21
699.00 0.567575 8.21
700.00 0.567570 8.21
701.00 0.567565 8.21
702.00 0.567559 8.21
703.00 0.567554 8.21
704.00 0.567549 8.21
705.00 0.567543 8.21
706.00 0.567538 8.21
707.00 0.567533 8.21
708.00 0.567528 8.21
709.00 0.567523 8.21
710.00 0.567518 8.21
711.00 0.567513 8.21
712.00 0.567508 8.21
713.00 0.567503 8.21
714.00 0.567498 8.21
715.00 0.567493 8.21
716.00 0.567488 8.21
717.00 0.567483 8.21
718.00 0.567478 8.21
719.00 0.567473 8.21
720.00 0.567468 8.21
721.00 0.567463 8.21
722.00 0.567459 8.21
723.00 0.567454 8.21
724.00 0.567449 8.21
725.00 0.567444 8.21
726.00 0.567440 8.21
727.00 0.567435 8.21
728.00 0.567430 8.21
729.00 0.567426 8.21
730.00 0.567421 8.21
731.00 0.567417 8.21
732.00 0.567412 8.21
733.00 0.567408 8.21
734.00 0.567403 8.21
735.00 0.567399 8.21
736.00 0.567394 8.21
737.00 0.567390 8.21
738.00 0.567386 8.21
739.00 0.567381 8.21
740.00 0.567377 8.21
741.00 0.567373 8.21
742.00 0.567368 8.21
743.00 0.567364 8.21
744.00 0.567360 8.21
745.00 0.567355 8.21
746.00 0.567351 8.21
747.00 0.567347 8.21
748.00 0.567343 8.21
749.00 0.567339 8.21
750.00 0.567335 8.21
751.00 0.567330 8.21
752.00 0.567326 8.21
753.00 0.567322 8.21
754.00 0.567318 8.21
755.00 0.567314 8.21
756.00 0.567310 8.21
757.00 0.567306 8.21
758.00 0.567302 8.21
759.00 0.567298 8.21
760.00 0.567294 8.21
761.00 0.567291 8.21
762.00 0.567287 8.21
763.00 0.567283 8.21
764.00 0.567279 8.21
765.00 0.567275 8.21
766.00 0.567271 8.21
767.00 0.567268 8.21
768.00 0.567264 8.21
769.00 0.567260 8.21
770.00 0.567256 8.21
771.00 0.567253 8.21
772.00 0.567249 8.21
773.00 0.567245 8.21
774.00 0.567242 8.21
775.00 0.567238 8.21
776.00 0.567234 8.21
777.00 0.567231 8.21
778.00 0.567227 8.21
779.00 0.567223 8.21
780.00 0.567220 8.21
781.00 0.567216 8.21
782.00 0.567213 8.21
783.00 0.567209 8.21
784.00 0.567206 8.21
785.00 0.567202 8.21
786.00 0.567199 8.21
787.00 0.567196 8.21
788.00 0.567192 8.21
789.00 0.567189 8.21
790.00 0.567185 8.21
791.00 0.567182 8.21
792.00 0.567179 8.21
793.00 0.567175 8.21
794.00 0.567172 8.21
795.00 0.567169 8.21
796.00 0.567165 8.21
797.00 0.567162 8.21
798.00 0.567159 8.21
799.00 0.567156 8.21
800.00 0.567152 8.21
801.00 0.567149 8.21
802.00 0.567146 8.21
803.00 0.567143 8.21
804.00 0.567140 8.21
805.00 0.567136 8.21
806.00 0.567133 8.21
807.00 0.567130 8.21
808.00 0.567127 8.21
809.00 0.567124 8.21
810.00 0.567121 8.21
811.00 0.567118 8.21
812.00 0.567115 8.21
813.00 0.567112 8.21
814.00 0.567109 8.21
815.00 0.567106 8.21
816.00 0.567103 8.21
817.00 0.567100 8.21
818.00 0.567097 8.21
819.00 0.567094 8.21
820.00 0.567091 8.21
821.00 0.567088 8.21
822.00 0.567085 8.21
823.00 0.567082 8.21
824.00 0.567079 8.21
825.00 0.567076 8.21
826.00 0.567074 8.21
827.00 0.567071 8.21
828.00 0.567068 8.21
829.00 0.567065 8.21
830.00 0.567062 8.21
831.00 0.567060 8.21
832.00 0.567057 8.21
833.00 0.567054 8.21
834.00 0.567051 8.21
835.00 0.567049 8.21
836.00 0.567046 8.21
837.00 0.567043 8.21
838.00 0.567040 8.21
839.00 0.567038 8.21
840.00 0.567035 8.21
841.00 0.567032 8.21
842.00 0.567030 8.21
843.00 0.567027 8.21
844.00 0.567024 8.21
845.00 0.567022 8.21
846.00 0.567019 8.21
847.00 0.567017 8.21
848.00 0.567014 8.21
849.00 0.567011 8.21
850.00 0.567009 8.21
851.00 0.567006 8.21
852.00 0.567004 8.21
853.00 0.567001 8.21
854.00 0.566999 8.21
855.00 0.566996 8.21
856.00 0.566994 8.21
857.00 0.566991 8.21
858.00 0.566989 8.21
859.00 0.566986 8.21
860.00 0.566984 8.21
861.00 0.566981 8.21
862.00 0.566979 8.21
863.00 0.566977 8.21
864.00 0.566974 8.21
865.00 0.566972 8.21
866.00 0.566969 8.21
867.00 0.566967 8.21
868.00 0.566965 8.21
869.00 0.566962 8.21
870.00 0.566960 8.21
871.00 0.566958 8.21
872.00 0.566955 8.21
873.00 0.566953 8.21
874.00 0.566951 8.21
875.00 0.566948 8.21
876.00 0.566946 8.21
877.00 0.566944 8.21
878.00 0.566942 8.21
879.00 0.566939 8.21
880.00 0.566937 8.21
881.00 0.566935 8.21
882.00 0.566933 8.21
883.00 0.566930 8.21
884.00 0.566928 8.21
885.00 0.566926 8.21
886.00 0.566924 8.21
887.00 0.566922 8.21
888.00 0.566919 8.21
889.00 0.566917 8.21
890.00 0.566915 8.21
891.00 0.566913 8.21
892.00 0.566911 8.21
893.00 0.566909 8.21
894.00 0.566907 8.21
895.00 0.566904 8.21
896.00 0.566902 8.21
897.00 0.566900 8.21
898.00 0.566898 8.21
899.00 0.566896 8.21
900.00 0.566894 8.21
901.00 0.566892 8.21
902.00 0.566890 8.21
903.00 0.566888 8.21
904.00 0.566886 8.21
905.00 0.566884 8.21
906.00 0.566882 8.21
907.00 0.566880 8.21
908.00 0.566878 8.21
909.00 0.566876 8.21
910.00 0.566874 8.21
911.00 0.566872 8.21
912.00 0.566870 8.21
913.00 0.566868 8.21
914.00 0.566866 8.21
915.00 0.566864 8.21
916.00 0.566862 8.21
917.00 0.566860 8.21
918.00 0.566858 8.21
919.00 0.566856 8.21
920.00 0.566854 8.21
921.00 0.566852 8.21
922.00 0.566851 8.21
923.00 0.566849 8.21
924.00 0.566847 8.21
925.00 0.566845 8.21
926.00 0.566843 8.21
927.00 0.566841 8.21
928.00 0.566839 8.21
929.00 0.566837 8.21
930.00 0.566836 8.21
931.00 0.566834 8.21
932.00 0.566832 8.21
933.00 0.566830 8.21
934.00 0.566828 8.21
935.00 0.566826 8.21
936.00 0.566825 8.21
937.00 0.566823 8.21
938.00 0.566821 8.21
939.00 0.566819 8.21
940.00 0.566817 8.21
941.00 0.566816 8.21
942.00 0.566814 8.21
943.00 0.566812 8.21
944.00 0.566810 8.21
945.00 0.566809 8.21
946.00 0.566807 8.21
947.00 0.566805 8.21
948.00 0.566803 8.21
949.00 0.566802 8.21
950.00 0.566800 8.21
951.00 0.566798 8.21
952.00 0.566797 8.21
953.00 0.566795 8.21
954.00 0.566793 8.21
955.00 0.566791 8.21
956.00 0.566790 8.21
957.00 0.566788 8.21
958.00 0.566786 8.21
959.00 0.566785 8.21
960.00 0.566783 8.21
961.00 0.566781 8.21
962.00 0.566780 8.21
963.00 0.566778 8.21
964.00 0.566777 8.21
965.00 0.566775 8.21
966.00 0.566773 8.21
967.00 0.566772 8.21
968.00 0.566770 8.21
969.00 0.566768 8.21
970.00 0.566767 8.21
971.00 0.566765 8.21
972.00 0.566764 8.21
973.00 0.566762 8.21
974.00 0.566760 8.21
975.00 0.566759 8.21
976.00 0.566757 8.21
977.00 0.566756 8.21
978.00 0.566754 8.21
979.00 0.566752 8.21
980.00 0.566751 8.21
981.00 0.566749 8.21
982.00 0.566748 8.21
983.00 0.566746 8.21
984.00 0.566745 8.21
985.00 0.566743 8.21
986.00 0.566742 8.21
987.00 0.566740 8.21
988.00 0.566739 8.21
989.00 0.566737 8.21
990.00 0.566736 8.21
991.00 0.566734 8.21
992.00 0.566733 8.21
993.00 0.566731 8.21
994.00 0.566729 8.21
995.00 0.566728 8.21
996.00 0.566726 8.21
997.00 0.566725 8.21
998.00 0.566724 8.21
999.00 0.566722 8.21
1000.00 0.566721 8.21
1001.00 0.566719 8.21
1002.00 0.566718 8.21
1003.00 0.566716 8.21
1004.00 0.566715 8.21
1005.00 0.566713 8.21
1006.00 0.566712 8.21
1007.00 0.566710 8.21
1008.00 0.566709 8.21
1009.00 0.566707 8.21
1010.00 0.566706 8.21
1011.00 0.566705 8.21
1012.00 0.566703 8.21
1013.00 0.566702 8.21
1014.00 0.566700 8.21
1015.00 0.566699 8.21
1016.00 0.566697 8.21
1017.00 0.566696 8.21
1018.00 0.566695 8.21
1019.00 0.566693 8.21
1020.00 0.566692 8.21
1021.00 0.566690 8.21
1022.00 0.566689 8.21
1023.00 0.566687 8.21
1024.00 0.566686 8.21
1025.00 0.566685 8.21
1026.00 0.566683 8.21
1027.00 0.566682 8.21
1028.00 0.566681 8.21
1029.00 0.566679 8.21
1030.00 0.566678 8.21
1031.00 0.566676 8.21
1032.00 0.566675 8.21
1033.00 0.566674 8.21
1034.00 0.566672 8.21
1035.00 0.566671 8.21
1036.00 0.566670 8.21
1037.00 0.566668 8.21
1038.00 0.566667 8.21
1039.00 0.566665 8.21
1040.00 0.566664 8.21
1041.00 0.566663 8.21
1042.00 0.566661 8.21
1043.00 0.566660 8.21
1044.00 0.566659 8.21
1045.00 0.566657 8.21
1046.00 0.566656 8.21
1047.00 0.566655 8.21
1048.00 0.566653 8.21
1049.00 0.566652 8.21
1050.00 0.566651 8.21
1051.00 0.566649 8.21
1052.00 0.566648 8.21
1053.00 0.566647 8.21
1054.00 0.566645 8.21
1055.00 0.566644 8.21
1056.00 0.566643 8.21
1057.00 0.566641 8.21
1058.00 0.566640 8.21
1059.00 0.566639 8.21
1060.00 0.566637 8.21
1061.00 0.566636 8.21
1062.00 0.566635 8.21
1063.00 0.566634 8.21
1064.00 0.566632 8.21
1065.00 0.566631 8.21
1066.00 0.566630 8.21
1067.00 0.566628 8.21
1068.00 0.566627 8.21
1069.00 0.566626 8.21
1070.00 0.566624 8.21
1071.00 0.566623 8.21
1072.00 0.566622 8.21
1073.00 0.566621 8.21
1074.00 0.566619 8.21
1075.00 0.566618 8.21
1076.00 0.566617 8.21
1077.00 0.566615 8.21
1078.00 0.566614 8.21
1079.00 0.566613 8.21
1080.00 0.566612 8.21
1081.00 0.566610 8.21
1082.00 0.566609 8.21
1083.00 0.566608 8.21
1084.00 0.566606 8.21
1085.00 0.566605 8.21
1086.00 0.566604 8.21
1087.00 0.566603 8.21
1088.00 0.566601 8.21
1089.00 0.566600 8.21
1090.00 0.566599 8.21
1091.00 0.566598 8.21
1092.00 0.566596 8.21
1093.00 0.566595 8.21
1094.00 0.566594 8.21
1095.00 0.566592 8.21
1096.00 0.566591 8.21
1097.00 0.566590 8.20
1098.00 0.566590 8.20
1099.00 0.566589 8.20
1100.00 0.566588 8.20
1101.00 0.566587 8.20
1102.00 0.566587 8.20
1103.00 0.566586 8.20
1104.00 0.566585 8.20
1105.00 0.566585 8.20
1106.00 0.566584 8.20
1107.00 0.566583 8.20
1108.00 0.566583 8.20
1109.00 0.566582 8.20
1110.00 0.566582 8.20
1111.00 0.566581 8.20
1112.00 0.566580 8.20
1113.00 0.566580 8.20
1114.00 0.566579 8.20
1115.00 0.566578 8.20
1116.00 0.566578 8.20
1117.00 0.566577 8.20
1118.00 0.566577 8.20
1119.00 0.566576 8.20
1120.00 0.566576 8.20
1121.00 0.566575 8.20
1122.00 0.566574 8.20
1123.00 0.566574 8.20
1124.00 0.566573 8.20
1125.00 0.566573 8.20
1126.00 0.566572 8.20
1127.00 0.566572 8.20
1128.00 0.566571 8.20
1129.00 0.566570 8.20
1130.00 0.566570 8.20
1131.00 0.566569 8.20
1132.00 0.566569 8.20
1133.00 0.566568 8.20
1134.00 0.566568 8.20
1135.00 0.566567 8.20
1136.00 0.566567 8.20
1137.00 0.566566 8.20
1138.00 0.566566 8.20
1139.00 0.566565 8.20
1140.00 0.566565 8.20
1141.00 0.566564 8.20
1142.00 0.566564 8.20
1143.00 0.566563 8.20
1144.00 0.566563 8.20
1145.00 0.566562 8.20
1146.00 0.566562 8.20
1147.00 0.566561 8.20
1148.00 0.566561 8.20
1149.00 0.566560 8.20
1150.00 0.566560 8.20
1151.00 0.566559 8.20
1152.00 0.566559 8.20
1153.00 0.566558 8.20
1154.00 0.566558 8.20
1155.00 0.566557 8.20
1156.00 0.566557 8.20
1157.00 0.566557 8.20
1158.00 0.566556 8.20
1159.00 0.566556 8.20
1160.00 0.566555 8.20
1161.00 0.566555 8.20
1162.00 0.566554 8.20
1163.00 0.566554 8.20
1164.00 0.566554 8.20
1165.00 0.566553 8.20
1166.00 0.566553 8.20
1167.00 0.566552 8.20
1168.00 0.566552 8.20
1169.00 0.566551 8.20
1170.00 0.566551 8.20
1171.00 0.566551 8.20
1172.00 0.566550 8.20
1173.00 0.566550 8.20
1174.00 0.566549 8.20
1175.00 0.566549 8.20
1176.00 0.566549 8.20
1177.00 0.566548 8.20
1178.00 0.566548 8.20
1179.00 0.566547 8.20
1180.00 0.566547 8.20
1181.00 0.566547 8.20
1182.00 0.566546 8.20
1183.00 0.566546 8.20
1184.00 0.566545 8.20
1185.00 0.566545 8.20
1186.00 0.566545 8.20
1187.00 0.566544 8.20
1188.00 0.566544 8.20
1189.00 0.566544 8.20
1190.00 0.566543 8.20
1191.00 0.566543 8.20
1192.00 0.566542 8.20
1193.00 0.566542 8.20
1194.00 0.566542 8.20
1195.00 0.566541 8.20
1196.00 0.566541 8.20
1197.00 0.566541 8.20
1198.00 0.566540 8.20
1199.00 0.566540 8.20
1200.00 0.566540 8.20
1201.00 0.566539 8.20
1202.00 0.566539 8.20
1203.00 0.566539 8.20
1204.00 0.566538 8.20
1205.00 0.566538 8.20
1206.00 0.566538 8.20
1207.00 0.566537 8.20
1208.00 0.566537 8.20
1209.00 0.566537 8.20
1210.00 0.566536 8.20
1211.00 0.566536 8.20
1212.00 0.566536 8.20
1213.00 0.566535 8.20
1214.00 0.566535 8.20
1215.00 0.566535 8.20
1216.00 0.566534 8.20
1217.00 0.566534 8.20
1218.00 0.566534 8.20
1219.00 0.566533 8.20
1220.00 0.566533 8.20
1221.00 0.566533 8.20
1222.00 0.566533 8.20
1223.00 0.566532 8.20
1224.00 0.566532 8.20
1225.00 0.566532 8.20
1226.00 0.566531 8.20
1227.00 0.566531 8.20
1228.00 0.566531 8.20
1229.00 0.566530 8.20
1230.00 0.566530 8.20
1231.00 0.566530 8.20
1232.00 0.566530 8.20
1233.00 0.566529 8.20
1234.00 0.566529 8.20
1235.00 0.566529 8.20
1236.00 0.566529 8.20
1237.00 0.566528 8.20
1238.00 0.566528 8.20
1239.00 0.566528 8.20
1240.00 0.566527 8.20
1241.00 0.566527 8.20
1242.00 0.566527 8.20
1243.00 0.566527 8.20
1244.00 0.566526 8.20
1245.00 0.566526 8.20
1246.00 0.566526 8.20
1247.00 0.566526 8.20
1248.00 0.566525 8.20
1249.00 0.566525 8.20
1250.00 0.566525 8.20
1251.00 0.566525 8.20
1252.00 0.566524 8.20
1253.00 0.566524 8.20
1254.00 0.566524 8.20
1255.00 0.566524 8.20
1256.00 0.566523 8.20
1257.00 0.566523 8.20
1258.00 0.566523 8.20
1259.00 0.566523 8.20
1260.00 0.566522 8.20
1261.00 0.566522 8.20
1262.00 0.566522 8.20
1263.00 0.566522 8.20
1264.00 0.566521 8.20
1265.00 0.566521 8.20
1266.00 0.566521 8.20
1267.00 0.566521 8.20
1268.00 0.566520 8.20
1269.00 0.566520 8.20
1270.00 0.566520 8.20
1271.00 0.566520 8.20
1272.00 0.566519 8.20
1273.00 0.566519 8.20
1274.00 0.566519 8.20
1275.00 0.566519 8.20
1276.00 0.566519 8.20
1277.00 0.566518 8.20
1278.00 0.566518 8.20
1279.00 0.566518 8.20
1280.00 0.566518 8.20
1281.00 0.566517 8.20
1282.00 0.566517 8.20
1283.00 0.566517 8.20
1284.00 0.566517 8.20
1285.00 0.566517 8.20
1286.00 0.566516 8.20
1287.00 0.566516 8.20
1288.00 0.566516 8.20
1289.00 0.566516 8.20
1290.00 0.566516 8.20
1291.00 0.566515 8.20
1292.00 0.566515 8.20
1293.00 0.566515 8.20
1294.00 0.566515 8.20
1295.00 0.566515 8.20
1296.00 0.566514 8.20
1297.00 0.566514 8.20
1298.00 0.566514 8.20
1299.00 0.566514 8.20
1300.00 0.566514 8.20
1301.00 0.566513 8.20
1302.00 0.566513 8.20
1303.00 0.566513 8.20
1304.00 0.566513 8.20
1305.00 0.566513 8.20
1306.00 0.566512 8.20
1307.00 0.566512 8.20
1308.00 0.566512 8.20
1309.00 0.566512 8.20
1310.00 0.566512 8.20
1311.00 0.566512 8.20
1312.00 0.566511 8.20
1313.00 0.566511 8.20
1314.00 0.566511 8.20
1315.00 0.566511 8.20
1316.00 0.566511 8.20
1317.00 0.566510 8.20
1318.00 0.566510 8.20
1319.00 0.566510 8.20
1320.00 0.566510 8.20
1321.00 0.566510 8.20
1322.00 0.566510 8.20
1323.00 0.566509 8.20
1324.00 0.566509 8.20
1325.00 0.566509 8.20
1326.00 0.566509 8.20
1327.00 0.566509 8.20
1328.00 0.566509 8.20
1329.00 0.566508 8.20
1330.00 0.566508 8.20
1331.00 0.566508 8.20
1332.00 0.566508 8.20
1333.00 0.566508 8.20
1334.00 0.566508 8.20
1335.00 0.566507 8.20
1336.00 0.566507 8.20
1337.00 0.566507 8.20
1338.00 0.566507 8.20
1339.00 0.566507 8.20
1340.00 0.566507 8.20
1341.00 0.566507 8.20
1342.00 0.566506 8.20
1343.00 0.566506 8.20
1344.00 0.566506 8.20
1345.00 0.566506 8.20
1346.00 0.566506 8.20
1347.00 0.566506 8.20
1348.00 0.566505 8.20
1349.00 0.566505 8.20
1350.00 0.566505 8.20
1351.00 0.566505 8.20
1352.00 0.566505 8.20
1353.00 0.566505 8.20
1354.00 0.566505 8.20
1355.00 0.566504 8.20
1356.00 0.566504 8.20
1357.00 0.566504 8.20
1358.00 0.566504 8.20
1359.00 0.566504 8.20
1360.00 0.566504 8.20
1361.00 0.566504 8.20
1362.00 0.566503 8.20
1363.00 0.566503 8.20
1364.00 0.566503 8.20
1365.00 0.566503 8.20
1366.00 0.566503 8.20
1367.00 0.566503 8.20
1368.00 0.566503 8.20
1369.00 0.566503 8.20
1370.00 0.566502 8.20
1371.00 0.566502 8.20
1372.00 0.566502 8.20
1373.00 0.566502 8.20
1374.00 0.566502 8.20
1375.00 0.566502 8.20
1376.00 0.566502 8.20
1377.00 0.566501 8.20
1378.00 0.566501 8.20
1379.00 0.566501 8.20
1380.00 0.566501 8.20
1381.00 0.566501 8.20
1382.00 0.566501 8.20
1383.00 0.566501 8.20
1384.00 0.566501 8.20
1385.00 0.566500 8.20
1386.00 0.566500 8.20
1387.00 0.566500 8.20
1388.00 0.566500 8.20
1389.00 0.566500 8.20
1390.00 0.566500 8.20
1391.00 0.566500 8.20
1392.00 0.566500 8.20
1393.00 0.566500 8.20
1394.00 0.566499 8.20
1395.00 0.566499 8.20
1396.00 0.566499 8.20
1397.00 0.566499 8.20
1398.00 0.566499 8.20
1399.00 0.566499 8.20
1400.00 0.566499 8.20
1401.00 0.566499 8.20
1402.00 0.566499 8.20
1403.00 0.566498 8.20
1404.00 0.566498 8.20
1405.00 0.566498 8.20
1406.00 0.566498 8.20
1407.00 0.566498 8.20
1408.00 0.566498 8.20
1409.00 0.566498 8.20
1410.00 0.566498 8.20
1411.00 0.566498 8.20
1412.00 0.566497 8.20
1413.00 0.566497 8.20
1414.00 0.566497 8.20
1415.00 0.566497 8.20
1416.00 0.566497 8.20
1417.00 0.566497 8.20
1418.00 0.566497 8.20
1419.00 0.566497 8.20
1420.00 0.566497 8.20
1421.00 0.566497 8.20
1422.00 0.566496 8.20
1423.00 0.566496 8.20
1424.00 0.566496 8.20
1425.00 0.566496 8.20
1426.00 0.566496 8.20
1427.00 0.566496 8.20
1428.00 0.566496 8.20
1429.00 0.566496 8.20
1430.00 0.566496 8.20
1431.00 0.566496 8.20
1432.00 0.566495 8.20
1433.00 0.566495 8.20
1434.00 0.566495 8.20
1435.00 0.566495 8.20
1436.00 0.566495 8.20
1437.00 0.566495 8.20
1438.00 0.566495 8.20
1439.00 0.566495 8.20
1440.00 0.566495 8.20
1441.00 0.566495 8.20
1442.00 0.566495 8.20
1443.00 0.566494 8.20
1444.00 0.566494 8.20
1445.00 0.566494 8.20
1446.00 0.566494 8.20
1447.00 0.566494 8.20
1448.00 0.566494 8.20
1449.00 0.566494 8.20
1450.00 0.566494 8.20
1451.00 0.566494 8.20
1452.00 0.566494 8.20
1453.00 0.566494 8.20
1454.00 0.566494 8.20
1455.00 0.566493 8.20
1456.00 0.566493 8.20
1457.00 0.566493 8.20
1458.00 0.566493 8.20
1459.00 0.566493 8.20
1460.00 0.566493 8.20
1461.00 0.566493 8.20
1462.00 0.566493 8.20
1463.00 0.566493 8.20
1464.00 0.566493 8.20
1465.00 0.566493 8.20
1466.00 0.566493 8.20
1467.00 0.566492 8.20
1468.00 0.566492 8.20
1469.00 0.566492 8.20
1470.00 0.566492 8.20
1471.00 0.566492 8.20
1472.00 0.566492 8.20
1473.00 0.566492 8.20
1474.00 0.566492 8.20
1475.00 0.566492 8.20
1476.00 0.566492 8.20
1477.00 0.566492 8.20
1478.00 0.566492 8.20
1479.00 0.566492 8.20
1480.00 0.566492 8.20
1481.00 0.566491 8.20
1482.00 0.566491 8.20
1483.00 0.566491 8.20
1484.00 0.566491 8.20
1485.00 0.566491 8.20
1486.00 0.566491 8.20
1487.00 0.566491 8.20
1488.00 0.566491 8.20
1489.00 0.566491 8.20
1490.00 0.566491 8.20
1491.00 0.566491 8.20
1492.00 0.566491 8.20
1493.00 0.566491 8.20
1494.00 0.566491 8.20
1495.00 0.566490 8.20
1496.00 0.566490 8.20
1497.00 0.566490 8.20
1498.00 0.566490 8.20
1499.00 0.566490 8.20
1500.00 0.566490 8.20
1501.00 0.566490 8.20
1502.00 0.566490 8.20
1503.00 0.566490 8.20
1504.00 0.566490 8.20
1505.00 0.566490 8.20
1506.00 0.566490 8.20
1507.00 0.566490 8.20
1508.00 0.566490 8.20
1509.00 0.566490 8.20
1510.00 0.566490 8.20
1511.00 0.566489 8.20
1512.00 0.566489 8.20
1513.00 0.566489 8.20
1514.00 0.566489 8.20
1515.00 0.566489 8.20
1516.00 0.566489 8.20
1517.00 0.566489 8.20
1518.00 0.566489 8.20
1519.00 0.566489 8.20
1520.00 0.566489 8.20
1521.00 0.566489 8.20
1522.00 0.566489 8.20
1523.00 0.566489 8.20
1524.00 0.566489 8.20
1525.00 0.566489 8.20
1526.00 0.566489 8.20
1527.00 0.566489 8.20
1528.00 0.566489 8.20
1529.00 0.566488 8.20
1530.00 0.566488 8.20
1531.00 0.566488 8.20
1532.00 0.566488 8.20
1533.00 0.566488 8.20
1534.00 0.566488 8.20
1535.00 0.566488 8.20
1536.00 0.566488 8.20
1537.00 0.566488 8.20
1538.00 0.566488 8.20
1539.00 0.566488 8.20
1540.00 0.566488 8.20
1541.00 0.566488 8.20
1542.00 0.566488 8.20
1543.00 0.566488 8.20
1544.00 0.566488 8.20
1545.00 0.566488 8.20
1546.00 0.566488 8.20
1547.00 0.566488 8.20
1548.00 0.566487 8.20
1549.00 0.566487 8.20
1550.00 0.566487 8.20
1551.00 0.566487 8.20
1552.00 0.566487 8.20
1553.00 0.566487 8.20
1554.00 0.566487 8.20
1555.00 0.566487 8.20
1556.00 0.566487 8.20
1557.00 0.566487 8.20
1558.00 0.566487 8.20
1559.00 0.566487 8.20
1560.00 0.566487 8.20
1561.00 0.566487 8.20
1562.00 0.566487 8.20
1563.00 0.566487 8.20
1564.00 0.566487 8.20
1565.00 0.566487 8.20
1566.00 0.566487 8.20
1567.00 0.566487 8.20
1568.00 0.566487 8.20
1569.00 0.566487 8.20
1570.00 0.566486 8.20
1571.00 0.566486 8.20
1572.00 0.566486 8.20
1573.00 0.566486 8.20
1574.00 0.566486 8.20
1575.00 0.566486 8.20
1576.00 0.566486 8.20
1577.00 0.566486 8.20
1578.00 0.566486 8.20
1579.00 0.566486 8.20
1580.00 0.566486 8.20
1581.00 0.566486 8.20
1582.00 0.566486 8.20
1583.00 0.566486 8.20
1584.00 0.566486 8.20
1585.00 0.566486 8.20
1586.00 0.566486 8.20
1587.00 0.566486 8.20
1588.00 0.566486 8.20
1589.00 0.566486 8.20
1590.00 0.566486 8.20
1591.00 0.566486 8.20
1592.00 0.566486 8.20
1593.00 0.566486 8.20
1594.00 0.566485 8.20
1595.00 0.566485 8.20
1596.00 0.566485 8.20
1597.00 0.566485 8.20
1598.00 0.566485 8.20
1599.00 0.566485 8.20
1600.00 0.566485 8.20
1601.00 0.566485 8.20
1602.00 0.566485 8.20
1603.00 0.566485 8.20
1604.00 0.566485 8.20
1605.00 0.566485 8.20
1606.00 0.566485 8.20
1607.00 0.566485 8.20
1608.00 0.566485 8.20
1609.00 0.566485 8.20
1610.00 0.566485 8.20
1611.00 0.566485 8.20
1612.00 0.566485 8.20
1613.00 0.566485 8.20
1614.00 0.566485 8.20
1615.00 0.566485 8.20
1616.00 0.566485 8.20
1617.00 0.566485 8.20
1618.00 0.566485 8.20
1619.00 0.566485 8.20
1620.00 0.566485 8.20
1621.00 0.566485 8.20
1622.00 0.566485 8.20
1623.00 0.566484 8.20
1624.00 0.566484 8.20
1625.00 0.566484 8.20
1626.00 0.566484 8.20
1627.00 0.566484 8.20
1628.00 0.566484 8.20
1629.00 0.566484 8.20
1630.00 0.566484 8.20
1631.00 0.566484 8.20
1632.00 0.566484 8.20
1633.00 0.566484 8.20
1634.00 0.566484 8.20
1635.00 0.566484 8.20
1636.00 0.566484 8.20
1637.00 0.566484 8.20
1638.00 0.566484 8.20
1639.00 0.566484 8.20
1640.00 0.566484 8.20
1641.00 0.566484 8.20
1642.00 0.566484 8.20
1643.00 0.566484 8.20
1644.00 0.566484 8.20
1645.00 0.566484 8.20
1646.00 0.566484 8.20
1647.00 0.566484 8.20
1648.00 0.566484 8.20
1649.00 0.566484 8.20
1650.00 0.566484 8.20
1651.00 0.566484 8.20
1652.00 0.566484 8.20
1653.00 0.566484 8.20
1654.00 0.566484 8.20
1655.00 0.566484 8.20
1656.00 0.566484 8.20
1657.00 0.566484 8.20
1658.00 0.566483 8.20
1659.00 0.566483 8.20
1660.00 0.566483 8.20
1661.00 0.566483 8.20
1662.00 0.566483 8.20
1663.00 0.566483 8.20
1664.00 0.566483 8.20
1665.00 0.566483 8.20
1666.00 0.566483 8.20
1667.00 0.566483 8.20
1668.00 0.566483 8.20
1669.00 0.566483 8.20
1670.00 0.566483 8.20
1671.00 0.566483 8.20
1672.00 0.566483 8.20
1673.00 0.566483 8.20
1674.00 0.566483 8.20
1675.00 0.566483 8.20
1676.00 0.566483 8.20
1677.00 0.566483 8.20
1678.00 0.566483 8.20
1679.00 0.566483 8.20
1680.00 0.566483 8.20
1681.00 0.566483 8.20
1682.00 0.566483 8.20
1683.00 0.566483 8.20
1684.00 0.566483 8.20
1685.00 0.566483 8.20
1686.00 0.566483 8.20
1687.00 0.566483 8.20
1688.00 0.566483 8.20
1689.00 0.566483 8.20
1690.00 0.566483 8.20
1691.00 0.566483 8.20
1692.00 0.566483 8.20
1693.00 0.566483 8.20
1694.00 0.566483 8.20
1695.00 0.566483 8.20
1696.00 0.566483 8.20
1697.00 0.566483 8.20
1698.00 0.566483 8.20
1699.00 0.566483 8.20
1700.00 0.566483 8.20
1701.00 0.566483 8.20
1702.00 0.566483 8.20
1703.00 0.566482 8.20
1704.00 0.566482 8.20
1705.00 0.566482 8.20
1706.00 0.566482 8.20
1707.00 0.566482 8.20
1708.00 0.566482 8.20
1709.00 0.566482 8.20
1710.00 0.566482 8.20
1711.00 0.566482 8.20
1712.00 0.566482 8.20
1713.00 0.566482 8.20
1714.00 0.566482 8.20
1715.00 0.566482 8.20
1716.00 0.566482 8.20
1717.00 0.566482 8.20
1718.00 0.566482 8.20
1719.00 0.566482 8.20
1720.00 0.566482 8.20
1721.00 0.566482 8.20
1722.00 0.566482 8.20
1723.00 0.566482 8.20
1724.00 0.566482 8.20
1725.00 0.566482 8.20
1726.00 0.566482 8.20
1727.00 0.566482 8.20
1728.00 0.566482 8.20
1729.00 0.566482 8.20
1730.00 0.566482 8.20
1731.00 0.566482 8.20
1732.00 0.566482 8.20
1733.00 0.566482 8.20
1734.00 0.566482 8.20
1735.00 0.566482 8.20
1736.00 0.566482 8.20
1737.00 0.566482 8.20
1738.00 0.566482 8.20
1739.00 0.566482 8.20
1740.00 0.566482 8.20
1741.00 0.566482 8.20
1742.00 0.566482 8.20
1743.00 0.566482 8.20
1744.00 0.566482 8.20
1745.00 0.566482 8.20
1746.00 0.566482 8.20
1747.00 0.566482 8.20
1748.00 0.566482 8.20
1749.00 0.566482 8.20
1750.00 0.566482 8.20
1751.00 0.566482 8.20
1752.00 0.566482 8.20
1753.00 0.566482 8.20
1754.00 0.566482 8.20
1755.00 0.566482 8.20
1756.00 0.566482 8.20
1757.00 0.566482 8.20
1758.00 0.566482 8.20
1759.00 0.566482 8.20
1760.00 0.566482 8.20
1761.00 0.566482 8.20
1762.00 0.566482 8.20
1763.00 0.566482 8.20
1764.00 0.566481 8.20
1765.00 0.566481 8.20
1766.00 0.566481 8.20
1767.00 0.566481 8.20
1768.00 0.566481 8.20
1769.00 0.566481 8.20
1770.00 0.566481 8.20
1771.00 0.566481 8.20
1772.00 0.566481 8.20
1773.00 0.566481 8.20
1774.00 0.566481 8.20
1775.00 0.566481 8.20
1776.00 0.566481 8.20
1777.00 0.566481 8.20
1778.00 0.566481 8.20
1779.00 0.566481 8.20
1780.00 0.566481 8.20
1781.00 0.566481 8.20
1782.00 0.566481 8.20
1783.00 0.566481 8.20
1784.00 0.566481 8.20
1785.00 0.566481 8.20
1786.00 0.566481 8.20
1787.00 0.566481 8.20
1788.00 0.566481 8.20
1789.00 0.566481 8.20
1790.00 0.566481 8.20
1791.00 0.566481 8.20
1792.00 0.566481 8.20
1793.00 0.566481 8.20
1794.00 0.566481 8.20
1795.00 0.566481 8.20
1796.00 0.566481 8.20
1797.00 0.566481 8.20
1798.00 0.566481 8.20
1799.00 0.566481 8.20
1800.00 0.566481 8.20
1801.00 0.566481 8.20
1802.00 0.566481 8.20
1803.00 0.566481 8.20
1804.00 0.566481 8.20
1805.00 0.566481 8.20
1806.00 0.566481 8.20
1807.00 0.566481 8.20
1808.00 0.566481 8.20
1809.00 0.566481 8.20
1810.00 0.566481 8.20
1811.00 0.566481 8.20
1812.00 0.566481 8.20
1813.00 0.566481 8.20
1814.00 0.566481 8.20
1815.00 0.566481 8.20
1816.00 0.566481 8.20
1817.00 0.566481 8.20
1818.00 0.566481 8.20
1819.00 0.566481 8.20
1820.00 0.566481 8.20
1821.00 0.566481 8.20
1822.00 0.566481 8.20
1823.00 0.566481 8.20
1824.00 0.566481 8.20
1825.00 0.566481 8.20
1826.00 0.566481 8.20
1827.00 0.566481 8.20
1828.00 0.566481 8.20
1829.00 0.566481 8.20
1830.00 0.566481 8.20
1831.00 0.566481 8.20
1832.00 0.566481 8.20
1833.00 0.566481 8.20
1834.00 0.566481 8.20
1835.00 0.566481 8.20
1836.00 0.566481 8.20
1837.00 0.566481 8.20
1838.00 0.566481 8.20
1839.00 0.566481 8.20
1840.00 0.566481 8.20
1841.00 0.566481 8.20
1842.00 0.566481 8.20
1843.00 0.566481 8.20
1844.00 0.566481 8.20
1845.00 0.566481 8.20
1846.00 0.566481 8.20
1847.00 0.566481 8.20
1848.00 0.566481 8.20
1849.00 0.566481 8.20
1850.00 0.566481 8.20
1851.00 0.566481 8.20
1852.00 0.566481 8.20
1853.00 0.566481 8.20
1854.00 0.566481 8.20
1855.00 0.566481 8.20
1856.00 0.566481 8.20
1857.00 0.566481 8.20
1858.00 0.566481 8.20
1859.00 0.566481 8.20
1860.00 0.566481 8.20
1861.00 0.566481 8.20
1862.00 0.566481 8.20
1863.00 0.566481 8.20
1864.00 0.566481 8.20
1865.00 0.566481 8.20
1866.00 0.566481 8.20
1867.00 0.566480 8.20
1868.00 0.566480 8.20
1869.00 0.566480 8.20
1870.00 0.566480 8.20
1871.00 0.566480 8.20
1872.00 0.566480 8.20
1873.00 0.566480 8.20
1874.00 0.566480 8.20
1875.00 0.566480 8.20
1876.00 0.566480 8.20
1877.00 0.566480 8.20
1878.00 0.566480 8.20
1879.00 0.566480 8.20
1880.00 0.566480 8.20
1881.00 0.566480 8.20
1882.00 0.566480 8.20
1883.00 0.566480 8.20
1884.00 0.566480 8.20
1885.00 0.566480 8.20
1886.00 0.566480 8.20
1887.00 0.566480 8.20
1888.00 0.566480 8.20
1889.00 0.566480 8.20
1890.00 0.566480 8.20
1891.00 0.566480 8.20
1892.00 0.566480 8.20
1893.00 0.566480 8.20
1894.00 0.566480 8.20
1895.00 0.566480 8.20
1896.00 0.566480 8.20
1897.00 0.566480 8.20
1898.00 0.566480 8.20
1899.00 0.566480 8.20
1900.00 0.566480 8.20
1901.00 0.566480 8.20
1902.00 0.566480 8.20
1903.00 0.566480 8.20
1904.00 0.566480 8.20
1905.00 0.566480 8.20
1906.00 0.566480 8.20
1907.00 0.566480 8.20
1908.00 0.566480 8.20
1909.00 0.566480 8.20
1910.00 0.566480 8.20
1911.00 0.566480 8.20
1912.00 0.566480 8.20
1913.00 0.566480 8.20
1914.00 0.566480 8.20
1915.00 0.566480 8.20
1916.00 0.566480 8.20
1917.00 0.566480 8.20
1918.00 0.566480 8.20
1919.00 0.566480 8.20
1920.00 0.566480 8.20
1921.00 0.566480 8.20
1922.00 0.566480 8.20
1923.00 0.566480 8.20
1924.00 0.566480 8.20
1925.00 0.566480 8.20
1926.00 0.566480 8.20
1927.00 0.566480 8.20
1928.00 0.566480 8.20
1929.00 0.566480 8.20
1930.00 0.566480 8.20
1931.00 0.566480 8.20
1932.00 0.566480 8.20
1933.00 0.566480 8.20
1934.00 0.566480 8.20
1935.00 0.566480 8.20
1936.00 0.566480 8.20
1937.00 0.566480 8.20
1938.00 0.566480 8.20
1939.00 0.566480 8.20
1940.00 0.566480 8.20
1941.00 0.566480 8.20
1942.00 0.566480 8.20
1943.00 0.566480 8.20
1944.00 0.566480 8.20
1945.00 0.566480 8.20
1946.00 0.566480 8.20
1947.00 0.566480 8.20
1948.00 0.566480 8.20
1949.00 0.566480 8.20
1950.00 0.566480 8.20
1951.00 0.566480 8.20
1952.00 0.566480 8.20
1953.00 0.566480 8.20
1954.00 0.566480 8.20
1955.00 0.566480 8.20
1956.00 0.566480 8.20
1957.00 0.566480 8.20
1958.00 0.566480 8.20
1959.00 0.566480 8.20
1960.00 0.566480 8.20
1961.00 0.566480 8.20
1962.00 0.566480 8.20
1963.00 0.566480 8.20
1964.00 0.566480 8.20
1965.00 0.566480 8.20
1966.00 0.566480 8.20
1967.00 0.566480 8.20
1968.00 0.566480 8.20
1969.00 0.566480 8.20
1970.00 0.566480 8.20
1971.00 0.566480 8.20
1972.00 0.566480 8.20
1973.00 0.566480 8.20
1974.00 0.566480 8.20
1975.00 0.566480 8.20
1976.00 0.566480 8.20
1977.00 0.566480 8.20
1978.00 0.566480 8.20
1979.00 0.566480 8.20
1980.00 0.566480 8.20
1981.00 0.566480 8.20
1982.00 0.566480 8.20
1983.00 0.566480 8.20
1984.00 0.566480 8.20
1985.00 0.566480 8.20
1986.00 0.566480 8.20
1987.00 0.566480 8.20
1988.00 0.566480 8.20
1989.00 0.566480 8.20
1990.00 0.566480 8.20
1991.00 0.566480 8.20
1992.00 0.566480 8.20
1993.00 0.566480 8.20
1994.00 0.566480 8.20
1995.00 0.566480 8.20
1996.00 0.566480 8.20
1997.00 0.566480 8.20
1998.00 0.566480 8.20
1999.00 0.566480 8.20
2000.00 0.566480 8.20
