0.00 0.324023 3.89
1.00 0.323322 3.89
2.00 0.322622 3.88
3.00 0.321928 3.88
4.00 0.321234 3.88
5.00 0.320541 3.88
6.00 0.319857 3.87
7.00 0.319177 3.87
8.00 0.318500 3.87
9.00 0.317828 3.86
10.00 0.317167 3.86
11.00 0.316516 3.85
12.00 0.315884 3.84
13.00 0.315283 3.83
14.00 0.314689 3.83
15.00 0.314101 3.82
16.00 0.313526 3.82
17.00 0.312961 3.81
18.00 0.312406 3.81
19.00 0.311856 3.81
20.00 0.311312 3.80
21.00 0.310801 3.80
22.00 0.310308 3.79
23.00 0.309824 3.79
24.00 0.309344 3.79
25.00 0.308869 3.79
26.00 0.308397 3.79
27.00 0.307928 3.79
28.00 0.307461 3.79
29.00 0.306996 3.79
30.00 0.306565 3.78
31.00 0.306147 3.78
32.00 0.305731 3.78
33.00 0.305316 3.78
34.00 0.304902 3.78
35.00 0.304488 3.78
36.00 0.304074 3.78
37.00 0.303659 3.78
38.00 0.303244 3.78
39.00 0.302828 3.78
40.00 0.302411 3.78
41.00 0.301993 3.78
42.00 0.301612 3.76
43.00 0.301288 3.75
44.00 0.300972 3.75
45.00 0.300660 3.75
46.00 0.300350 3.75
47.00 0.300042 3.75
48.00 0.299735 3.75
49.00 0.299428 3.75
50.00 0.299122 3.75
51.00 0.298816 3.75
52.00 0.298509 3.75
53.00 0.298203 3.75
54.00 0.297895 3.75
55.00 0.297586 3.75
56.00 0.297286 3.74
57.00 0.297004 3.74
58.00 0.296721 3.74
59.00 0.296439 3.74
60.00 0.296156 3.74
61.00 0.295874 3.74
62.00 0.295591 3.74
63.00 0.295334 3.73
64.00 0.295086 3.72
65.00 0.294848 3.72
66.00 0.294611 3.72
67.00 0.294376 3.72
68.00 0.294141 3.72
69.00 0.293908 3.72
70.00 0.293674 3.72
71.00 0.293441 3.72
72.00 0.293208 3.72
73.00 0.292975 3.72
74.00 0.292746 3.71
75.00 0.292530 3.71
76.00 0.292316 3.71
77.00 0.292102 3.71
78.00 0.291888 3.71
79.00 0.291674 3.71
80.00 0.291460 3.71
81.00 0.291250 3.70
82.00 0.291040 3.70
83.00 0.290831 3.70
84.00 0.290622 3.70
85.00 0.290412 3.70
86.00 0.290202 3.70
87.00 0.289997 3.69
88.00 0.289793 3.69
89.00 0.289599 3.68
90.00 0.289431 3.67
91.00 0.289281 3.65
92.00 0.289147 3.64
93.00 0.289022 3.64
94.00 0.288900 3.64
95.00 0.288782 3.63
96.00 0.288669 3.63
97.00 0.288558 3.63
98.00 0.288449 3.63
99.00 0.288343 3.63
100.00 0.288239 3.63
101.00 0.288137 3.63
102.00 0.288038 3.62
103.00 0.287946 3.62
104.00 0.287856 3.62
105.00 0.287768 3.62
106.00 0.287682 3.62
107.00 0.287598 3.62
108.00 0.287516 3.62
109.00 0.287434 3.62
110.00 0.287355 3.62
111.00 0.287277 3.62
112.00 0.287200 3.62
113.00 0.287124 3.62
114.00 0.287050 3.62
115.00 0.286977 3.62
116.00 0.286905 3.62
117.00 0.286834 3.62
118.00 0.286764 3.62
119.00 0.286696 3.62
120.00 0.286628 3.62
121.00 0.286561 3.62
122.00 0.286495 3.62
123.00 0.286431 3.62
124.00 0.286367 3.62
125.00 0.286303 3.62
126.00 0.286241 3.62
127.00 0.286180 3.62
128.00 0.286119 3.62
129.00 0.286059 3.62
130.00 0.285999 3.62
131.00 0.285941 3.62
132.00 0.285883 3.62
133.00 0.285826 3.62
134.00 0.285769 3.62
135.00 0.285713 3.62
136.00 0.285658 3.62
137.00 0.285603 3.62
138.00 0.285549 3.62
139.00 0.285496 3.62
140.00 0.285443 3.62
141.00 0.285390 3.62
142.00 0.285338 3.62
143.00 0.285287 3.62
144.00 0.285236 3.62
145.00 0.285186 3.62
146.00 0.285136 3.62
147.00 0.285086 3.62
148.00 0.285037 3.62
149.00 0.284989 3.62
150.00 0.284941 3.62
151.00 0.284893 3.62
152.00 0.284846 3.62
153.00 0.284799 3.62
154.00 0.284753 3.61
155.00 0.284708 3.61
156.00 0.284663 3.61
157.00 0.284619 3.61
158.00 0.284576 3.61
159.00 0.284533 3.61
160.00 0.284490 3.61
161.00 0.284448 3.61
162.00 0.284406 3.61
163.00 0.284367 3.60
164.00 0.284334 3.60
165.00 0.284303 3.60
166.00 0.284273 3.60
167.00 0.284243 3.60
168.00 0.284214 3.60
169.00 0.284186 3.60
170.00 0.284159 3.60
171.00 0.284132 3.60
172.00 0.284105 3.60
173.00 0.284080 3.60
174.00 0.284054 3.60
175.00 0.284029 3.60
176.00 0.284005 3.60
177.00 0.283981 3.60
178.00 0.283958 3.60
179.00 0.283935 3.60
180.00 0.283912 3.60
181.00 0.283890 3.60
182.00 0.283868 3.60
183.00 0.283846 3.60
184.00 0.283825 3.60
185.00 0.283805 3.60
186.00 0.283784 3.60
187.00 0.283764 3.60
188.00 0.283745 3.60
189.00 0.283725 3.60
190.00 0.283706 3.60
191.00 0.283688 3.60
192.00 0.283669 3.60
193.00 0.283651 3.60
194.00 0.283634 3.60
195.00 0.283616 3.60
196.00 0.283599 3.60
197.00 0.283582 3.60
198.00 0.283566 3.60
199.00 0.283549 3.60
200.00 0.283533 3.60
201.00 0.283518 3.60
202.00 0.283502 3.60
203.00 0.283487 3.60
204.00 0.283472 3.60
205.00 0.283457 3.60
206.00 0.283443 3.60
207.00 0.283429 3.60
208.00 0.283415 3.60
209.00 0.283401 3.60
210.00 0.283387 3.60
211.00 0.283374 3.60
212.00 0.283361 3.60
213.00 0.283348 3.60
214.00 0.283335 3.60
215.00 0.283323 3.60
216.00 0.283311 3.60
217.00 0.283299 3.60
218.00 0.283287 3.60
219.00 0.283275 3.60
220.00 0.283264 3.60
221.00 0.283252 3.60
222.00 0.283241 3.60
223.00 0.283230 3.60
224.00 0.283220 3.60
225.00 0.283209 3.60
226.00 0.283199 3.60
227.00 0.283188 3.60
228.00 0.283178 3.60
229.00 0.283168 3.60
230.00 0.283159 3.60
231.00 0.283149 3.60
232.00 0.283139 3.60
233.00 0.283130 3.60
234.00 0.283121 3.60
235.00 0.283112 3.60
236.00 0.283103 3.60
237.00 0.283094 3.60
238.00 0.283086 3.60
239.00 0.283077 3.60
240.00 0.283069 3.60
241.00 0.283061 3.60
242.00 0.283053 3.60
243.00 0.283045 3.60
244.00 0.283037 3.60
245.00 0.283029 3.60
246.00 0.283022 3.60
247.00 0.283015 3.60
248.00 0.283007 3.60
249.00 0.283000 3.60
250.00 0.282993 3.60
251.00 0.282986 3.60
252.00 0.282979 3.60
253.00 0.282972 3.60
254.00 0.282966 3.60
255.00 0.282959 3.60
256.00 0.282953 3.60
257.00 0.282946 3.60
258.00 0.282940 3.60
259.00 0.282934 3.60
260.00 0.282928 3.60
261.00 0.282922 3.60
262.00 0.282916 3.60
263.00 0.282910 3.60
264.00 0.282905 3.60
265.00 0.282899 3.60
266.00 0.282894 3.60
267.00 0.282888 3.60
268.00 0.282883 3.60
269.00 0.282878 3.60
270.00 0.282872 3.60
271.00 0.282867 3.60
272.00 0.282862 3.60
273.00 0.282857 3.60
274.00 0.282853 3.60
275.00 0.282848 3.60
276.00 0.282843 3.60
277.00 0.282839 3.60
278.00 0.282834 3.60
279.00 0.282829 3.60
280.00 0.282825 3.60
281.00 0.282821 3.60
282.00 0.282816 3.60
283.00 0.282812 3.60
284.00 0.282808 3.60
285.00 0.282804 3.60
286.00 0.282800 3.60
287.00 0.282796 3.60
288.00 0.282792 3.60
289.00 0.282788 3.60
290.00 0.282785 3.60
291.00 0.282781 3.60
292.00 0.282777 3.60
293.00 0.282774 3.60
294.00 0.282770 3.60
295.00 0.282767 3.60
296.00 0.282763 3.60
297.00 0.282760 3.60
298.00 0.282756 3.60
299.00 0.282753 3.60
300.00 0.282750 3.60
301.00 0.282747 3.60
302.00 0.282744 3.60
303.00 0.282740 3.60
304.00 0.282737 3.60
305.00 0.282734 3.60
306.00 0.282732 3.60
307.00 0.282729 3.60
308.00 0.282726 3.60
309.00 0.282723 3.60
310.00 0.282720 3.60
311.00 0.282717 3.60
312.00 0.282715 3.60
313.00 0.282712 3.60
314.00 0.282710 3.60
315.00 0.282707 3.60
316.00 0.282704 3.60
317.00 0.282702 3.60
318.00 0.282700 3.60
319.00 0.282697 3.60
320.00 0.282695 3.60
321.00 0.282692 3.60
322.00 0.282690 3.60
323.00 0.282688 3.60
324.00 0.282686 3.60
325.00 0.282683 3.60
326.00 0.282681 3.60
327.00 0.282679 3.60
328.00 0.282677 3.60
329.00 0.282675 3.60
330.00 0.282673 3.60
331.00 0.282671 3.60
332.00 0.282669 3.60
333.00 0.282667 3.60
334.00 0.282665 3.60
335.00 0.282663 3.60
336.00 0.282661 3.60
337.00 0.282660 3.60
338.00 0.282658 3.60
339.00 0.282656 3.60
340.00 0.282654 3.60
341.00 0.282653 3.60
342.00 0.282651 3.60
343.00 0.282649 3.60
344.00 0.282648 3.60
345.00 0.282646 3.60
346.00 0.282644 3.60
347.00 0.282643 3.60
348.00 0.282641 3.60
349.00 0.282640 3.60
350.00 0.282638 3.60
351.00 0.282637 3.60
352.00 0.282635 3.60
353.00 0.282634 3.60
354.00 0.282633 3.60
355.00 0.282631 3.60
356.00 0.282630 3.60
357.00 0.282629 3.60
358.00 0.282627 3.60
359.00 0.282626 3.60
360.00 0.282625 3.60
361.00 0.282623 3.60
362.00 0.282622 3.60
363.00 0.282621 3.60
364.00 0.282620 3.60
365.00 0.282619 3.60
366.00 0.282617 3.60
367.00 0.282616 3.60
368.00 0.282615 3.60
369.00 0.282614 3.60
370.00 0.282613 3.60
371.00 0.282612 3.60
372.00 0.282611 3.60
373.00 0.282610 3.60
374.00 0.282609 3.60
375.00 0.282608 3.60
376.00 0.282607 3.60
377.00 0.282606 3.60
378.00 0.282605 3.60
379.00 0.282604 3.60
380.00 0.282603 3.60
381.00 0.282602 3.60
382.00 0.282601 3.60
383.00 0.282600 3.60
384.00 0.282599 3.60
385.00 0.282598 3.60
386.00 0.282597 3.60
387.00 0.282597 3.60
388.00 0.282596 3.60
389.00 0.282595 3.60
390.00 0.282594 3.60
391.00 0.282593 3.60
392.00 0.282593 3.60
393.00 0.282592 3.60
394.00 0.282591 3.60
395.00 0.282590 3.60
396.00 0.282590 3.60
397.00 0.282589 3.60
398.00 0.282588 3.60
399.00 0.282587 3.60
400.00 0.282587 3.60
401.00 0.282586 3.60
402.00 0.282585 3.60
403.00 0.282585 3.60
404.00 0.282584 3.60
405.00 0.282583 3.60
406.00 0.282583 3.60
407.00 0.282582 3.60
408.00 0.282582 3.60
409.00 0.282581 3.60
410.00 0.282580 3.60
411.00 0.282580 3.60
412.00 0.282579 3.60
413.00 0.282579 3.60
414.00 0.282578 3.60
415.00 0.282578 3.60
416.00 0.282577 3.60
417.00 0.282576 3.60
418.00 0.282576 3.60
419.00 0.282575 3.60
420.00 0.282575 3.60
421.00 0.282574 3.60
422.00 0.282574 3.60
423.00 0.282573 3.60
424.00 0.282573 3.60
425.00 0.282572 3.60
426.00 0.282572 3.60
427.00 0.282572 3.60
428.00 0.282571 3.60
429.00 0.282571 3.60
430.00 0.282570 3.60
431.00 0.282570 3.60
432.00 0.282569 3.60
433.00 0.282569 3.60
434.00 0.282569 3.60
435.00 0.282568 3.60
436.00 0.282568 3.60
437.00 0.282567 3.60
438.00 0.282567 3.60
439.00 0.282567 3.60
440.00 0.282566 3.60
441.00 0.282566 3.60
442.00 0.282565 3.60
443.00 0.282565 3.60
444.00 0.282565 3.60
445.00 0.282564 3.60
446.00 0.282564 3.60
447.00 0.282564 3.60
448.00 0.282563 3.60
449.00 0.282563 3.60
450.00 0.282563 3.60
451.00 0.282562 3.60
452.00 0.282562 3.60
453.00 0.282562 3.60
454.00 0.282562 3.60
455.00 0.282561 3.60
456.00 0.282561 3.60
457.00 0.282561 3.60
458.00 0.282560 3.60
459.00 0.282560 3.60
460.00 0.282560 3.60
461.00 0.282560 3.60
462.00 0.282559 3.60
463.00 0.282559 3.60
464.00 0.282559 3.60
465.00 0.282558 3.60
466.00 0.282558 3.60
467.00 0.282558 3.60
468.00 0.282558 3.60
469.00 0.282558 3.60
470.00 0.282557 3.60
471.00 0.282557 3.60
472.00 0.282557 3.60
473.00 0.282557 3.60
474.00 0.282556 3.60
475.00 0.282556 3.60
476.00 0.282556 3.60
477.00 0.282556 3.60
478.00 0.282556 3.60
479.00 0.282555 3.60
480.00 0.282555 3.60
481.00 0.282555 3.60
482.00 0.282555 3.60
483.00 0.282555 3.60
484.00 0.282554 3.60
485.00 0.282554 3.60
486.00 0.282554 3.60
487.00 0.282554 3.60
488.00 0.282554 3.60
489.00 0.282553 3.60
490.00 0.282553 3.60
491.00 0.282553 3.60
492.00 0.282553 3.60
493.00 0.282553 3.60
494.00 0.282553 3.60
495.00 0.282552 3.60
496.00 0.282552 3.60
497.00 0.282552 3.60
498.00 0.282552 3.60
499.00 0.282552 3.60
500.00 0.282552 3.60
501.00 0.282551 3.60
502.00 0.282551 3.60
503.00 0.282551 3.60
504.00 0.282551 3.60
505.00 0.282551 3.60
506.00 0.282551 3.60
507.00 0.282551 3.60
508.00 0.282550 3.60
509.00 0.282550 3.60
510.00 0.282550 3.60
511.00 0.282550 3.60
512.00 0.282550 3.60
513.00 0.282550 3.60
514.00 0.282550 3.60
515.00 0.282550 3.60
516.00 0.282550 3.60
517.00 0.282549 3.60
518.00 0.282549 3.60
519.00 0.282549 3.60
520.00 0.282549 3.60
521.00 0.282549 3.60
522.00 0.282549 3.60
523.00 0.282549 3.60
524.00 0.282549 3.60
525.00 0.282549 3.60
526.00 0.282548 3.60
527.00 0.282548 3.60
528.00 0.282548 3.60
529.00 0.282548 3.60
530.00 0.282548 3.60
531.00 0.282548 3.60
532.00 0.282548 3.60
533.00 0.282548 3.60
534.00 0.282548 3.60
535.00 0.282548 3.60
536.00 0.282548 3.60
537.00 0.282547 3.60
538.00 0.282547 3.60
539.00 0.282547 3.60
540.00 0.282547 3.60
541.00 0.282547 3.60
542.00 0.282547 3.60
543.00 0.282547 3.60
544.00 0.282547 3.60
545.00 0.282547 3.60
546.00 0.282547 3.60
547.00 0.282547 3.60
548.00 0.282547 3.60
549.00 0.282546 3.60
550.00 0.282546 3.60
551.00 0.282546 3.60
552.00 0.282546 3.60
553.00 0.282546 3.60
554.00 0.282546 3.60
555.00 0.282546 3.60
556.00 0.282546 3.60
557.00 0.282546 3.60
558.00 0.282546 3.60
559.00 0.282546 3.60
560.00 0.282546 3.60
561.00 0.282546 3.60
562.00 0.282546 3.60
563.00 0.282546 3.60
564.00 0.282546 3.60
565.00 0.282545 3.60
566.00 0.282545 3.60
567.00 0.282545 3.60
568.00 0.282545 3.60
569.00 0.282545 3.60
570.00 0.282545 3.60
571.00 0.282545 3.60
572.00 0.282545 3.60
573.00 0.282545 3.60
574.00 0.282545 3.60
575.00 0.282545 3.60
576.00 0.282545 3.60
577.00 0.282545 3.60
578.00 0.282545 3.60
579.00 0.282545 3.60
580.00 0.282545 3.60
581.00 0.282545 3.60
582.00 0.282545 3.60
583.00 0.282545 3.60
584.00 0.282545 3.60
585.00 0.282545 3.60
586.00 0.282545 3.60
587.00 0.282544 3.60
588.00 0.282544 3.60
589.00 0.282544 3.60
590.00 0.282544 3.60
591.00 0.282544 3.60
592.00 0.282544 3.60
593.00 0.282544 3.60
594.00 0.282544 3.60
595.00 0.282544 3.60
596.00 0.282544 3.60
597.00 0.282544 3.60
598.00 0.282544 3.60
599.00 0.282544 3.60
600.00 0.282544 3.60
601.00 0.282544 3.60
602.00 0.282544 3.60
603.00 0.282544 3.60
604.00 0.282544 3.60
605.00 0.282544 3.60
606.00 0.282544 3.60
607.00 0.282544 3.60
608.00 0.282544 3.60
609.00 0.282544 3.60
610.00 0.282544 3.60
611.00 0.282544 3.60
612.00 0.282544 3.60
613.00 0.282544 3.60
614.00 0.282544 3.60
615.00 0.282544 3.60
616.00 0.282544 3.60
617.00 0.282544 3.60
618.00 0.282543 3.60
619.00 0.282543 3.60
620.00 0.282543 3.60
621.00 0.282543 3.60
622.00 0.282543 3.60
623.00 0.282543 3.60
624.00 0.282543 3.60
625.00 0.282543 3.60
626.00 0.282543 3.60
627.00 0.282543 3.60
628.00 0.282543 3.60
629.00 0.282543 3.60
630.00 0.282543 3.60
631.00 0.282543 3.60
632.00 0.282543 3.60
633.00 0.282543 3.60
634.00 0.282543 3.60
635.00 0.282543 3.60
636.00 0.282543 3.60
637.00 0.282543 3.60
638.00 0.282543 3.60
639.00 0.282543 3.60
640.00 0.282543 3.60
641.00 0.282543 3.60
642.00 0.282543 3.60
643.00 0.282543 3.60
644.00 0.282543 3.60
645.00 0.282543 3.60
646.00 0.282543 3.60
647.00 0.282543 3.60
648.00 0.282543 3.60
649.00 0.282543 3.60
650.00 0.282543 3.60
651.00 0.282543 3.60
652.00 0.282543 3.60
653.00 0.282543 3.60
654.00 0.282543 3.60
655.00 0.282543 3.60
656.00 0.282543 3.60
657.00 0.282543 3.60
658.00 0.282543 3.60
659.00 0.282543 3.60
660.00 0.282543 3.60
661.00 0.282543 3.60
662.00 0.282543 3.60
663.00 0.282543 3.60
664.00 0.282543 3.60
665.00 0.282543 3.60
666.00 0.282543 3.60
667.00 0.282543 3.60
668.00 0.282543 3.60
669.00 0.282543 3.60
670.00 0.282543 3.60
671.00 0.282543 3.60
672.00 0.282543 3.60
673.00 0.282543 3.60
674.00 0.282543 3.60
675.00 0.282543 3.60
676.00 0.282543 3.60
677.00 0.282543 3.60
678.00 0.282543 3.60
679.00 0.282543 3.60
680.00 0.282543 3.60
681.00 0.282543 3.60
682.00 0.282542 3.60
683.00 0.282542 3.60
684.00 0.282542 3.60
685.00 0.282542 3.60
686.00 0.282542 3.60
687.00 0.282542 3.60
688.00 0.282542 3.60
689.00 0.282542 3.60
690.00 0.282542 3.60
691.00 0.282542 3.60
692.00 0.282542 3.60
693.00 0.282542 3.60
694.00 0.282542 3.60
695.00 0.282542 3.60
696.00 0.282542 3.60
697.00 0.282542 3.60
698.00 0.282542 3.60
699.00 0.282542 3.60
700.00 0.282542 3.60
701.00 0.282542 3.60
702.00 0.282542 3.60
703.00 0.282542 3.60
704.00 0.282542 3.60
705.00 0.282542 3.60
706.00 0.282542 3.60
707.00 0.282542 3.60
708.00 0.282542 3.60
709.00 0.282542 3.60
710.00 0.282542 3.60
711.00 0.282542 3.60
712.00 0.282542 3.60
713.00 0.282542 3.60
714.00 0.282542 3.60
715.00 0.282542 3.60
716.00 0.282542 3.60
717.00 0.282542 3.60
718.00 0.282542 3.60
719.00 0.282542 3.60
720.00 0.282542 3.60
721.00 0.282542 3.60
722.00 0.282542 3.60
723.00 0.282542 3.60
724.00 0.282542 3.60
725.00 0.282542 3.60
726.00 0.282542 3.60
727.00 0.282542 3.60
728.00 0.282542 3.60
729.00 0.282542 3.60
730.00 0.282542 3.60
731.00 0.282542 3.60
732.00 0.282542 3.60
733.00 0.282542 3.60
734.00 0.282542 3.60
735.00 0.282542 3.60
736.00 0.282542 3.60
737.00 0.282542 3.60
738.00 0.282542 3.60
739.00 0.282542 3.60
740.00 0.282542 3.60
741.00 0.282542 3.60
742.00 0.282542 3.60
743.00 0.282542 3.60
744.00 0.282542 3.60
745.00 0.282542 3.60
746.00 0.282542 3.60
747.00 0.282542 3.60
748.00 0.282542 3.60
749.00 0.282542 3.60
750.00 0.282542 3.60
751.00 0.282542 3.60
752.00 0.282542 3.60
753.00 0.282542 3.60
754.00 0.282542 3.60
755.00 0.282542 3.60
756.00 0.282542 3.60
757.00 0.282542 3.60
758.00 0.282542 3.60
759.00 0.282542 3.60
760.00 0.282542 3.60
761.00 0.282542 3.60
762.00 0.282542 3.60
763.00 0.282542 3.60
764.00 0.282542 3.60
765.00 0.282542 3.60
766.00 0.282542 3.60
767.00 0.282542 3.60
768.00 0.282542 3.60
769.00 0.282542 3.60
770.00 0.282542 3.60
771.00 0.282542 3.60
772.00 0.282542 3.60
773.00 0.282542 3.60
774.00 0.282542 3.60
775.00 0.282542 3.60
776.00 0.282542 3.60
777.00 0.282542 3.60
778.00 0.282542 3.60
779.00 0.282542 3.60
780.00 0.282542 3.60
781.00 0.282542 3.60
782.00 0.282542 3.60
783.00 0.282542 3.60
784.00 0.282542 3.60
785.00 0.282542 3.60
786.00 0.282542 3.60
787.00 0.282542 3.60
788.00 0.282542 3.60
789.00 0.282542 3.60
790.00 0.282542 3.60
791.00 0.282542 3.60
792.00 0.282542 3.60
793.00 0.282542 3.60
794.00 0.282542 3.60
795.00 0.282542 3.60
796.00 0.282542 3.60
797.00 0.282542 3.60
798.00 0.282542 3.60
799.00 0.282542 3.60
800.00 0.282542 3.60
801.00 0.282542 3.60
802.00 0.282542 3.60
803.00 0.282542 3.60
804.00 0.282542 3.60
805.00 0.282542 3.60
806.00 0.282542 3.60
807.00 0.282542 3.60
808.00 0.282542 3.60
809.00 0.282542 3.60
810.00 0.282542 3.60
811.00 0.282542 3.60
812.00 0.282542 3.60
813.00 0.282542 3.60
814.00 0.282542 3.60
815.00 0.282542 3.60
816.00 0.282542 3.60
817.00 0.282542 3.60
818.00 0.282542 3.60
819.00 0.282542 3.60
820.00 0.282542 3.60
821.00 0.282542 3.60
822.00 0.282542 3.60
823.00 0.282542 3.60
824.00 0.282542 3.60
825.00 0.282542 3.60
826.00 0.282542 3.60
827.00 0.282542 3.60
828.00 0.282542 3.60
829.00 0.282542 3.60
830.00 0.282542 3.60
831.00 0.282542 3.60
832.00 0.282542 3.60
833.00 0.282542 3.60
834.00 0.282542 3.60
835.00 0.282542 3.60
836.00 0.282542 3.60
837.00 0.282542 3.60
838.00 0.282542 3.60
839.00 0.282542 3.60
840.00 0.282542 3.60
841.00 0.282542 3.60
842.00 0.282542 3.60
843.00 0.282542 3.60
844.00 0.282542 3.60
845.00 0.282542 3.60
846.00 0.282542 3.60
847.00 0.282542 3.60
848.00 0.282542 3.60
849.00 0.282542 3.60
850.00 0.282542 3.60
851.00 0.282542 3.60
852.00 0.282542 3.60
853.00 0.282542 3.60
854.00 0.282542 3.60
855.00 0.282542 3.60
856.00 0.282542 3.60
857.00 0.282542 3.60
858.00 0.282542 3.60
859.00 0.282542 3.60
860.00 0.282542 3.60
861.00 0.282542 3.60
862.00 0.282542 3.60
863.00 0.282542 3.60
864.00 0.282542 3.60
865.00 0.282542 3.60
866.00 0.282542 3.60
867.00 0.282542 3.60
868.00 0.282542 3.60
869.00 0.282542 3.60
870.00 0.282542 3.60
871.00 0.282542 3.60
872.00 0.282542 3.60
873.00 0.282542 3.60
874.00 0.282542 3.60
875.00 0.282542 3.60
876.00 0.282542 3.60
877.00 0.282542 3.60
878.00 0.282542 3.60
879.00 0.282542 3.60
880.00 0.282542 3.60
881.00 0.282542 3.60
882.00 0.282542 3.60
883.00 0.282542 3.60
884.00 0.282542 3.60
885.00 0.282542 3.60
886.00 0.282542 3.60
887.00 0.282542 3.60
888.00 0.282542 3.60
889.00 0.282542 3.60
890.00 0.282542 3.60
891.00 0.282542 3.60
892.00 0.282542 3.60
893.00 0.282542 3.60
894.00 0.282542 3.60
895.00 0.282542 3.60
896.00 0.282542 3.60
897.00 0.282542 3.60
898.00 0.282542 3.60
899.00 0.282542 3.60
900.00 0.282542 3.60
901.00 0.282542 3.60
902.00 0.282542 3.60
903.00 0.282542 3.60
904.00 0.282542 3.60
905.00 0.282542 3.60
906.00 0.282542 3.60
907.00 0.282542 3.60
908.00 0.282542 3.60
909.00 0.282542 3.60
910.00 0.282542 3.60
911.00 0.282542 3.60
912.00 0.282542 3.60
913.00 0.282542 3.60
914.00 0.282542 3.60
915.00 0.282542 3.60
916.00 0.282542 3.60
917.00 0.282542 3.60
918.00 0.282542 3.60
919.00 0.282542 3.60
920.00 0.282542 3.60
921.00 0.282542 3.60
922.00 0.282542 3.60
923.00 0.282542 3.60
924.00 0.282542 3.60
925.00 0.282542 3.60
926.00 0.282542 3.60
927.00 0.282542 3.60
928.00 0.282542 3.60
929.00 0.282542 3.60
930.00 0.282542 3.60
931.00 0.282542 3.60
932.00 0.282542 3.60
933.00 0.282542 3.60
934.00 0.282542 3.60
935.00 0.282542 3.60
936.00 0.282542 3.60
937.00 0.282542 3.60
938.00 0.282542 3.60
939.00 0.282542 3.60
940.00 0.282542 3.60
941.00 0.282542 3.60
942.00 0.282542 3.60
943.00 0.282542 3.60
944.00 0.282542 3.60
945.00 0.282542 3.60
946.00 0.282542 3.60
947.00 0.282542 3.60
948.00 0.282542 3.60
949.00 0.282542 3.60
950.00 0.282542 3.60
951.00 0.282542 3.60
952.00 0.282542 3.60
953.00 0.282542 3.60
954.00 0.282542 3.60
955.00 0.282542 3.60
956.00 0.282542 3.60
957.00 0.282542 3.60
958.00 0.282542 3.60
959.00 0.282542 3.60
960.00 0.282542 3.60
961.00 0.282542 3.60
962.00 0.282542 3.60
963.00 0.282542 3.60
964.00 0.282542 3.60
965.00 0.282542 3.60
966.00 0.282542 3.60
967.00 0.282542 3.60
968.00 0.282542 3.60
969.00 0.282542 3.60
970.00 0.282542 3.60
971.00 0.282542 3.60
972.00 0.282542 3.60
973.00 0.282542 3.60
974.00 0.282542 3.60
975.00 0.282542 3.60
976.00 0.282542 3.60
977.00 0.282542 3.60
978.00 0.282542 3.60
979.00 0.282542 3.60
980.00 0.282542 3.60
981.00 0.282542 3.60
982.00 0.282542 3.60
983.00 0.282542 3.60
984.00 0.282542 3.60
985.00 0.282542 3.60
986.00 0.282542 3.60
987.00 0.282542 3.60
988.00 0.282542 3.60
989.00 0.282542 3.60
990.00 0.282542 3.60
991.00 0.282542 3.60
992.00 0.282542 3.60
993.00 0.282542 3.60
994.00 0.282542 3.60
995.00 0.282542 3.60
996.00 0.282542 3.60
997.00 0.282542 3.60
998.00 0.282542 3.60
999.00 0.282542 3.60
1000.00 0.282542 3.60
1001.00 0.282542 3.60
1002.00 0.282542 3.60
1003.00 0.282542 3.60
1004.00 0.282542 3.60
1005.00 0.282542 3.60
1006.00 0.282542 3.60
1007.00 0.282542 3.60
1008.00 0.282542 3.60
1009.00 0.282542 3.60
1010.00 0.282542 3.60
1011.00 0.282542 3.60
1012.00 0.282542 3.60
1013.00 0.282542 3.60
1014.00 0.282542 3.60
1015.00 0.282542 3.60
1016.00 0.282542 3.60
1017.00 0.282542 3.60
1018.00 0.282542 3.60
1019.00 0.282542 3.60
1020.00 0.282542 3.60
1021.00 0.282542 3.60
1022.00 0.282542 3.60
1023.00 0.282542 3.60
1024.00 0.282542 3.60
1025.00 0.282542 3.60
1026.00 0.282542 3.60
1027.00 0.282542 3.60
1028.00 0.282542 3.60
1029.00 0.282542 3.60
1030.00 0.282542 3.60
1031.00 0.282542 3.60
1032.00 0.282542 3.60
1033.00 0.282542 3.60
1034.00 0.282542 3.60
1035.00 0.282542 3.60
1036.00 0.282542 3.60
1037.00 0.282542 3.60
1038.00 0.282542 3.60
1039.00 0.282542 3.60
1040.00 0.282542 3.60
1041.00 0.282542 3.60
1042.00 0.282542 3.60
1043.00 0.282542 3.60
1044.00 0.282542 3.60
1045.00 0.282542 3.60
1046.00 0.282542 3.60
1047.00 0.282542 3.60
1048.00 0.282542 3.60
1049.00 0.282542 3.60
1050.00 0.282542 3.60
1051.00 0.282542 3.60
1052.00 0.282542 3.60
1053.00 0.282542 3.60
1054.00 0.282542 3.60
1055.00 0.282542 3.60
1056.00 0.282542 3.60
1057.00 0.282542 3.60
1058.00 0.282542 3.60
1059.00 0.282542 3.60
1060.00 0.282542 3.60
1061.00 0.282542 3.60
1062.00 0.282542 3.60
1063.00 0.282542 3.60
1064.00 0.282542 3.60
1065.00 0.282542 3.60
1066.00 0.282542 3.60
1067.00 0.282542 3.60
1068.00 0.282542 3.60
1069.00 0.282542 3.60
1070.00 0.282542 3.60
1071.00 0.282542 3.60
1072.00 0.282542 3.60
1073.00 0.282542 3.60
1074.00 0.282542 3.60
1075.00 0.282542 3.60
1076.00 0.282542 3.60
1077.00 0.282542 3.60
1078.00 0.282542 3.60
1079.00 0.282542 3.60
1080.00 0.282542 3.60
1081.00 0.282542 3.60
1082.00 0.282542 3.60
1083.00 0.282542 3.60
1084.00 0.282542 3.60
1085.00 0.282542 3.60
1086.00 0.282542 3.60
1087.00 0.282542 3.60
1088.00 0.282542 3.60
1089.00 0.282542 3.60
1090.00 0.282542 3.60
1091.00 0.282542 3.60
1092.00 0.282542 3.60
1093.00 0.282542 3.60
1094.00 0.282542 3.60
1095.00 0.282542 3.60
1096.00 0.282542 3.60
1097.00 0.282542 3.60
1098.00 0.282542 3.60
1099.00 0.282542 3.60
1100.00 0.282542 3.60
1101.00 0.282542 3.60
1102.00 0.282542 3.60
1103.00 0.282542 3.60
1104.00 0.282542 3.60
1105.00 0.282542 3.60
1106.00 0.282542 3.60
1107.00 0.282542 3.60
1108.00 0.282542 3.60
1109.00 0.282542 3.60
1110.00 0.282542 3.60
1111.00 0.282542 3.60
1112.00 0.282542 3.60
1113.00 0.282542 3.60
1114.00 0.282542 3.60
1115.00 0.282542 3.60
1116.00 0.282542 3.60
1117.00 0.282542 3.60
1118.00 0.282542 3.60
1119.00 0.282542 3.60
1120.00 0.282542 3.60
1121.00 0.282542 3.60
1122.00 0.282542 3.60
1123.00 0.282542 3.60
1124.00 0.282542 3.60
1125.00 0.282542 3.60
1126.00 0.282542 3.60
1127.00 0.282542 3.60
1128.00 0.282542 3.60
1129.00 0.282542 3.60
1130.00 0.282542 3.60
1131.00 0.282542 3.60
1132.00 0.282542 3.60
1133.00 0.282542 3.60
1134.00 0.282542 3.60
1135.00 0.282542 3.60
1136.00 0.282542 3.60
1137.00 0.282542 3.60
1138.00 0.282542 3.60
1139.00 0.282542 3.60
1140.00 0.282542 3.60
1141.00 0.282542 3.60
1142.00 0.282542 3.60
1143.00 0.282542 3.60
1144.00 0.282542 3.60
1145.00 0.282542 3.60
1146.00 0.282542 3.60
1147.00 0.282542 3.60
1148.00 0.282542 3.60
1149.00 0.282542 3.60
1150.00 0.282542 3.60
1151.00 0.282542 3.60
1152.00 0.282542 3.60
1153.00 0.282542 3.60
1154.00 0.282542 3.60
1155.00 0.282542 3.60
1156.00 0.282542 3.60
1157.00 0.282542 3.60
1158.00 0.282542 3.60
1159.00 0.282542 3.60
1160.00 0.282542 3.60
1161.00 0.282542 3.60
1162.00 0.282542 3.60
1163.00 0.282542 3.60
1164.00 0.282542 3.60
1165.00 0.282542 3.60
1166.00 0.282542 3.60
1167.00 0.282542 3.60
1168.00 0.282542 3.60
1169.00 0.282542 3.60
1170.00 0.282542 3.60
1171.00 0.282542 3.60
1172.00 0.282542 3.60
1173.00 0.282542 3.60
1174.00 0.282542 3.60
1175.00 0.282542 3.60
1176.00 0.282542 3.60
1177.00 0.282542 3.60
1178.00 0.282542 3.60
1179.00 0.282542 3.60
1180.00 0.282542 3.60
1181.00 0.282542 3.60
1182.00 0.282542 3.60
1183.00 0.282542 3.60
1184.00 0.282542 3.60
1185.00 0.282542 3.60
1186.00 0.282542 3.60
1187.00 0.282542 3.60
1188.00 0.282542 3.60
1189.00 0.282542 3.60
1190.00 0.282542 3.60
1191.00 0.282542 3.60
1192.00 0.282542 3.60
1193.00 0.282542 3.60
1194.00 0.282542 3.60
1195.00 0.282542 3.60
1196.00 0.282542 3.60
1197.00 0.282542 3.60
1198.00 0.282542 3.60
1199.00 0.282542 3.60
1200.00 0.282542 3.60
1201.00 0.282542 3.60
1202.00 0.282542 3.60
1203.00 0.282542 3.60
1204.00 0.282542 3.60
1205.00 0.282542 3.60
1206.00 0.282542 3.60
1207.00 0.282542 3.60
1208.00 0.282542 3.60
1209.00 0.282542 3.60
1210.00 0.282542 3.60
1211.00 0.282542 3.60
1212.00 0.282542 3.60
1213.00 0.282542 3.60
1214.00 0.282542 3.60
1215.00 0.282542 3.60
1216.00 0.282542 3.60
1217.00 0.282542 3.60
1218.00 0.282542 3.60
1219.00 0.282542 3.60
1220.00 0.282542 3.60
1221.00 0.282542 3.60
1222.00 0.282542 3.60
1223.00 0.282542 3.60
1224.00 0.282542 3.60
1225.00 0.282542 3.60
1226.00 0.282542 3.60
1227.00 0.282542 3.60
1228.00 0.282542 3.60
1229.00 0.282542 3.60
1230.00 0.282542 3.60
1231.00 0.282542 3.60
1232.00 0.282542 3.60
1233.00 0.282542 3.60
1234.00 0.282542 3.60
1235.00 0.282542 3.60
1236.00 0.282542 3.60
1237.00 0.282542 3.60
1238.00 0.282542 3.60
1239.00 0.282542 3.60
1240.00 0.282542 3.60
1241.00 0.282542 3.60
1242.00 0.282542 3.60
1243.00 0.282542 3.60
1244.00 0.282542 3.60
1245.00 0.282542 3.60
1246.00 0.282542 3.60
1247.00 0.282542 3.60
1248.00 0.282542 3.60
1249.00 0.282542 3.60
1250.00 0.282542 3.60
1251.00 0.282542 3.60
1252.00 0.282542 3.60
1253.00 0.282542 3.60
1254.00 0.282542 3.60
1255.00 0.282542 3.60
1256.00 0.282542 3.60
1257.00 0.282542 3.60
1258.00 0.282542 3.60
1259.00 0.282542 3.60
1260.00 0.282542 3.60
1261.00 0.282542 3.60
1262.00 0.282542 3.60
1263.00 0.282542 3.60
1264.00 0.282542 3.60
1265.00 0.282542 3.60
1266.00 0.282542 3.60
1267.00 0.282542 3.60
1268.00 0.282542 3.60
1269.00 0.282542 3.60
1270.00 0.282542 3.60
1271.00 0.282542 3.60
1272.00 0.282542 3.60
1273.00 0.282542 3.60
1274.00 0.282542 3.60
1275.00 0.282542 3.60
1276.00 0.282542 3.60
1277.00 0.282542 3.60
1278.00 0.282542 3.60
1279.00 0.282542 3.60
1280.00 0.282542 3.60
1281.00 0.282542 3.60
1282.00 0.282542 3.60
1283.00 0.282542 3.60
1284.00 0.282542 3.60
1285.00 0.282542 3.60
1286.00 0.282542 3.60
1287.00 0.282542 3.60
1288.00 0.282542 3.60
1289.00 0.282542 3.60
1290.00 0.282542 3.60
1291.00 0.282542 3.60
1292.00 0.282542 3.60
1293.00 0.282542 3.60
1294.00 0.282542 3.60
1295.00 0.282542 3.60
1296.00 0.282542 3.60
1297.00 0.282542 3.60
1298.00 0.282542 3.60
1299.00 0.282542 3.60
1300.00 0.282542 3.60
1301.00 0.282542 3.60
1302.00 0.282542 3.60
1303.00 0.282542 3.60
1304.00 0.282542 3.60
1305.00 0.282542 3.60
1306.00 0.282542 3.60
1307.00 0.282542 3.60
1308.00 0.282542 3.60
1309.00 0.282542 3.60
1310.00 0.282542 3.60
1311.00 0.282542 3.60
1312.00 0.282542 3.60
1313.00 0.282542 3.60
1314.00 0.282542 3.60
1315.00 0.282542 3.60
1316.00 0.282542 3.60
1317.00 0.282542 3.60
1318.00 0.282542 3.60
1319.00 0.282542 3.60
1320.00 0.282542 3.60
1321.00 0.282542 3.60
1322.00 0.282542 3.60
1323.00 0.282542 3.60
1324.00 0.282542 3.60
1325.00 0.282542 3.60
1326.00 0.282542 3.60
1327.00 0.282542 3.60
1328.00 0.282542 3.60
1329.00 0.282542 3.60
1330.00 0.282542 3.60
1331.00 0.282542 3.60
1332.00 0.282542 3.60
1333.00 0.282542 3.60
1334.00 0.282542 3.60
1335.00 0.282542 3.60
1336.00 0.282542 3.60
1337.00 0.282542 3.60
1338.00 0.282542 3.60
1339.00 0.282542 3.60
1340.00 0.282542 3.60
1341.00 0.282542 3.60
1342.00 0.282542 3.60
1343.00 0.282542 3.60
1344.00 0.282542 3.60
1345.00 0.282542 3.60
1346.00 0.282542 3.60
1347.00 0.282542 3.60
1348.00 0.282542 3.60
1349.00 0.282542 3.60
1350.00 0.282542 3.60
1351.00 0.282542 3.60
1352.00 0.282542 3.60
1353.00 0.282542 3.60
1354.00 0.282542 3.60
1355.00 0.282542 3.60
1356.00 0.282542 3.60
1357.00 0.282542 3.60
1358.00 0.282542 3.60
1359.00 0.282542 3.60
1360.00 0.282542 3.60
1361.00 0.282542 3.60
1362.00 0.282542 3.60
1363.00 0.282542 3.60
1364.00 0.282542 3.60
1365.00 0.282542 3.60
1366.00 0.282542 3.60
1367.00 0.282542 3.60
1368.00 0.282542 3.60
1369.00 0.282542 3.60
1370.00 0.282542 3.60
1371.00 0.282542 3.60
1372.00 0.282542 3.60
1373.00 0.282542 3.60
1374.00 0.282542 3.60
1375.00 0.282542 3.60
1376.00 0.282542 3.60
1377.00 0.282542 3.60
1378.00 0.282542 3.60
1379.00 0.282542 3.60
1380.00 0.282542 3.60
1381.00 0.282542 3.60
1382.00 0.282542 3.60
1383.00 0.282542 3.60
1384.00 0.282542 3.60
1385.00 0.282542 3.60
1386.00 0.282542 3.60
1387.00 0.282542 3.60
1388.00 0.282542 3.60
1389.00 0.282542 3.60
1390.00 0.282542 3.60
1391.00 0.282542 3.60
1392.00 0.282542 3.60
1393.00 0.282542 3.60
1394.00 0.282542 3.60
1395.00 0.282542 3.60
1396.00 0.282542 3.60
1397.00 0.282542 3.60
1398.00 0.282542 3.60
1399.00 0.282542 3.60
1400.00 0.282542 3.60
1401.00 0.282542 3.60
1402.00 0.282542 3.60
1403.00 0.282542 3.60
1404.00 0.282542 3.60
1405.00 0.282542 3.60
1406.00 0.282542 3.60
1407.00 0.282542 3.60
1408.00 0.282542 3.60
1409.00 0.282542 3.60
1410.00 0.282542 3.60
1411.00 0.282542 3.60
1412.00 0.282542 3.60
1413.00 0.282542 3.60
1414.00 0.282542 3.60
1415.00 0.282542 3.60
1416.00 0.282542 3.60
1417.00 0.282542 3.60
1418.00 0.282542 3.60
1419.00 0.282542 3.60
1420.00 0.282542 3.60
1421.00 0.282542 3.60
1422.00 0.282542 3.60
1423.00 0.282542 3.60
1424.00 0.282542 3.60
1425.00 0.282542 3.60
1426.00 0.282542 3.60
1427.00 0.282542 3.60
1428.00 0.282542 3.60
1429.00 0.282542 3.60
1430.00 0.282542 3.60
1431.00 0.282542 3.60
1432.00 0.282542 3.60
1433.00 0.282542 3.60
1434.00 0.282542 3.60
1435.00 0.282542 3.60
1436.00 0.282542 3.60
1437.00 0.282542 3.60
1438.00 0.282542 3.60
1439.00 0.282542 3.60
1440.00 0.282542 3.60
1441.00 0.282542 3.60
1442.00 0.282542 3.60
1443.00 0.282542 3.60
1444.00 0.282542 3.60
1445.00 0.282542 3.60
1446.00 0.282542 3.60
1447.00 0.282542 3.60
1448.00 0.282542 3.60
1449.00 0.282542 3.60
1450.00 0.282542 3.60
1451.00 0.282542 3.60
1452.00 0.282542 3.60
1453.00 0.282542 3.60
1454.00 0.282542 3.60
1455.00 0.282542 3.60
1456.00 0.282542 3.60
1457.00 0.282542 3.60
1458.00 0.282542 3.60
1459.00 0.282542 3.60
1460.00 0.282542 3.60
1461.00 0.282542 3.60
1462.00 0.282542 3.60
1463.00 0.282542 3.60
1464.00 0.282542 3.60
1465.00 0.282542 3.60
1466.00 0.282542 3.60
1467.00 0.282542 3.60
1468.00 0.282542 3.60
1469.00 0.282542 3.60
1470.00 0.282542 3.60
1471.00 0.282542 3.60
1472.00 0.282542 3.60
1473.00 0.282542 3.60
1474.00 0.282542 3.60
1475.00 0.282542 3.60
1476.00 0.282542 3.60
1477.00 0.282542 3.60
1478.00 0.282542 3.60
1479.00 0.282542 3.60
1480.00 0.282542 3.60
1481.00 0.282542 3.60
1482.00 0.282542 3.60
1483.00 0.282542 3.60
1484.00 0.282542 3.60
1485.00 0.282542 3.60
1486.00 0.282542 3.60
1487.00 0.282542 3.60
1488.00 0.282542 3.60
1489.00 0.282542 3.60
1490.00 0.282542 3.60
1491.00 0.282542 3.60
1492.00 0.282542 3.60
1493.00 0.282542 3.60
1494.00 0.282542 3.60
1495.00 0.282542 3.60
1496.00 0.282542 3.60
1497.00 0.282542 3.60
1498.00 0.282542 3.60
1499.00 0.282542 3.60
1500.00 0.282542 3.60
1501.00 0.282542 3.60
1502.00 0.282542 3.60
1503.00 0.282542 3.60
1504.00 0.282542 3.60
1505.00 0.282542 3.60
1506.00 0.282542 3.60
1507.00 0.282542 3.60
1508.00 0.282542 3.60
1509.00 0.282542 3.60
1510.00 0.282542 3.60
1511.00 0.282542 3.60
1512.00 0.282542 3.60
1513.00 0.282542 3.60
1514.00 0.282542 3.60
1515.00 0.282542 3.60
1516.00 0.282542 3.60
1517.00 0.282542 3.60
1518.00 0.282542 3.60
1519.00 0.282542 3.60
1520.00 0.282542 3.60
1521.00 0.282542 3.60
1522.00 0.282542 3.60
1523.00 0.282542 3.60
1524.00 0.282542 3.60
1525.00 0.282542 3.60
1526.00 0.282542 3.60
1527.00 0.282542 3.60
1528.00 0.282542 3.60
1529.00 0.282542 3.60
1530.00 0.282542 3.60
1531.00 0.282542 3.60
1532.00 0.282542 3.60
1533.00 0.282542 3.60
1534.00 0.282542 3.60
1535.00 0.282542 3.60
1536.00 0.282542 3.60
1537.00 0.282542 3.60
1538.00 0.282542 3.60
1539.00 0.282542 3.60
1540.00 0.282542 3.60
1541.00 0.282542 3.60
1542.00 0.282542 3.60
1543.00 0.282542 3.60
1544.00 0.282542 3.60
1545.00 0.282542 3.60
1546.00 0.282542 3.60
1547.00 0.282542 3.60
1548.00 0.282542 3.60
1549.00 0.282542 3.60
1550.00 0.282542 3.60
1551.00 0.282542 3.60
1552.00 0.282542 3.60
1553.00 0.282542 3.60
1554.00 0.282542 3.60
1555.00 0.282542 3.60
1556.00 0.282542 3.60
1557.00 0.282542 3.60
1558.00 0.282542 3.60
1559.00 0.282542 3.60
1560.00 0.282542 3.60
1561.00 0.282542 3.60
1562.00 0.282542 3.60
1563.00 0.282542 3.60
1564.00 0.282542 3.60
1565.00 0.282542 3.60
1566.00 0.282542 3.60
1567.00 0.282542 3.60
1568.00 0.282542 3.60
1569.00 0.282542 3.60
1570.00 0.282542 3.60
1571.00 0.282542 3.60
1572.00 0.282542 3.60
1573.00 0.282542 3.60
1574.00 0.282542 3.60
1575.00 0.282542 3.60
1576.00 0.282542 3.60
1577.00 0.282542 3.60
1578.00 0.282542 3.60
1579.00 0.282542 3.60
1580.00 0.282542 3.60
1581.00 0.282542 3.60
1582.00 0.282542 3.60
1583.00 0.282542 3.60
1584.00 0.282542 3.60
1585.00 0.282542 3.60
1586.00 0.282542 3.60
1587.00 0.282542 3.60
1588.00 0.282542 3.60
1589.00 0.282542 3.60
1590.00 0.282542 3.60
1591.00 0.282542 3.60
1592.00 0.282542 3.60
1593.00 0.282542 3.60
1594.00 0.282542 3.60
1595.00 0.282542 3.60
1596.00 0.282542 3.60
1597.00 0.282542 3.60
1598.00 0.282542 3.60
1599.00 0.282542 3.60
1600.00 0.282542 3.60
1601.00 0.282542 3.60
1602.00 0.282542 3.60
1603.00 0.282542 3.60
1604.00 0.282542 3.60
1605.00 0.282542 3.60
1606.00 0.282542 3.60
1607.00 0.282542 3.60
1608.00 0.282542 3.60
1609.00 0.282542 3.60
1610.00 0.282542 3.60
1611.00 0.282542 3.60
1612.00 0.282542 3.60
1613.00 0.282542 3.60
1614.00 0.282542 3.60
1615.00 0.282542 3.60
1616.00 0.282542 3.60
1617.00 0.282542 3.60
1618.00 0.282542 3.60
1619.00 0.282542 3.60
1620.00 0.282542 3.60
1621.00 0.282542 3.60
1622.00 0.282542 3.60
1623.00 0.282542 3.60
1624.00 0.282542 3.60
1625.00 0.282542 3.60
1626.00 0.282542 3.60
1627.00 0.282542 3.60
1628.00 0.282542 3.60
1629.00 0.282542 3.60
1630.00 0.282542 3.60
1631.00 0.282542 3.60
1632.00 0.282542 3.60
1633.00 0.282542 3.60
1634.00 0.282542 3.60
1635.00 0.282542 3.60
1636.00 0.282542 3.60
1637.00 0.282542 3.60
1638.00 0.282542 3.60
1639.00 0.282542 3.60
1640.00 0.282542 3.60
1641.00 0.282542 3.60
1642.00 0.282542 3.60
1643.00 0.282542 3.60
1644.00 0.282542 3.60
1645.00 0.282542 3.60
1646.00 0.282542 3.60
1647.00 0.282542 3.60
1648.00 0.282542 3.60
1649.00 0.282542 3.60
1650.00 0.282542 3.60
1651.00 0.282542 3.60
1652.00 0.282542 3.60
1653.00 0.282542 3.60
1654.00 0.282542 3.60
1655.00 0.282542 3.60
1656.00 0.282542 3.60
1657.00 0.282542 3.60
1658.00 0.282542 3.60
1659.00 0.282542 3.60
1660.00 0.282542 3.60
1661.00 0.282542 3.60
1662.00 0.282542 3.60
1663.00 0.282542 3.60
1664.00 0.282542 3.60
1665.00 0.282542 3.60
1666.00 0.282542 3.60
1667.00 0.282542 3.60
1668.00 0.282542 3.60
1669.00 0.282542 3.60
1670.00 0.282542 3.60
1671.00 0.282542 3.60
1672.00 0.282542 3.60
1673.00 0.282542 3.60
1674.00 0.282542 3.60
1675.00 0.282542 3.60
1676.00 0.282542 3.60
1677.00 0.282542 3.60
1678.00 0.282542 3.60
1679.00 0.282542 3.60
1680.00 0.282542 3.60
1681.00 0.282542 3.60
1682.00 0.282542 3.60
1683.00 0.282542 3.60
1684.00 0.282542 3.60
1685.00 0.282542 3.60
1686.00 0.282542 3.60
1687.00 0.282542 3.60
1688.00 0.282542 3.60
1689.00 0.282542 3.60
1690.00 0.282542 3.60
1691.00 0.282542 3.60
1692.00 0.282542 3.60
1693.00 0.282542 3.60
1694.00 0.282542 3.60
1695.00 0.282542 3.60
1696.00 0.282542 3.60
1697.00 0.282542 3.60
1698.00 0.282542 3.60
1699.00 0.282542 3.60
1700.00 0.282542 3.60
1701.00 0.282542 3.60
1702.00 0.282542 3.60
1703.00 0.282542 3.60
1704.00 0.282542 3.60
1705.00 0.282542 3.60
1706.00 0.282542 3.60
1707.00 0.282542 3.60
1708.00 0.282542 3.60
1709.00 0.282542 3.60
1710.00 0.282542 3.60
1711.00 0.282542 3.60
1712.00 0.282542 3.60
1713.00 0.282542 3.60
1714.00 0.282542 3.60
1715.00 0.282542 3.60
1716.00 0.282542 3.60
1717.00 0.282542 3.60
1718.00 0.282542 3.60
1719.00 0.282542 3.60
1720.00 0.282542 3.60
1721.00 0.282542 3.60
1722.00 0.282542 3.60
1723.00 0.282542 3.60
1724.00 0.282542 3.60
1725.00 0.282542 3.60
1726.00 0.282542 3.60
1727.00 0.282542 3.60
1728.00 0.282542 3.60
1729.00 0.282542 3.60
1730.00 0.282542 3.60
1731.00 0.282542 3.60
1732.00 0.282542 3.60
1733.00 0.282542 3.60
1734.00 0.282542 3.60
1735.00 0.282542 3.60
1736.00 0.282542 3.60
1737.00 0.282542 3.60
1738.00 0.282542 3.60
1739.00 0.282542 3.60
1740.00 0.282542 3.60
1741.00 0.282542 3.60
1742.00 0.282542 3.60
1743.00 0.282542 3.60
1744.00 0.282542 3.60
1745.00 0.282542 3.60
1746.00 0.282542 3.60
1747.00 0.282542 3.60
1748.00 0.282542 3.60
1749.00 0.282542 3.60
1750.00 0.282542 3.60
1751.00 0.282542 3.60
1752.00 0.282542 3.60
1753.00 0.282542 3.60
1754.00 0.282542 3.60
1755.00 0.282542 3.60
1756.00 0.282542 3.60
1757.00 0.282542 3.60
1758.00 0.282542 3.60
1759.00 0.282542 3.60
1760.00 0.282542 3.60
1761.00 0.282542 3.60
1762.00 0.282542 3.60
1763.00 0.282542 3.60
1764.00 0.282542 3.60
1765.00 0.282542 3.60
1766.00 0.282542 3.60
1767.00 0.282542 3.60
1768.00 0.282542 3.60
1769.00 0.282542 3.60
1770.00 0.282542 3.60
1771.00 0.282542 3.60
1772.00 0.282542 3.60
1773.00 0.282542 3.60
1774.00 0.282542 3.60
1775.00 0.282542 3.60
1776.00 0.282542 3.60
1777.00 0.282542 3.60
1778.00 0.282542 3.60
1779.00 0.282542 3.60
1780.00 0.282542 3.60
1781.00 0.282542 3.60
1782.00 0.282542 3.60
1783.00 0.282542 3.60
1784.00 0.282542 3.60
1785.00 0.282542 3.60
1786.00 0.282542 3.60
1787.00 0.282542 3.60
1788.00 0.282542 3.60
1789.00 0.282542 3.60
1790.00 0.282542 3.60
1791.00 0.282542 3.60
1792.00 0.282542 3.60
1793.00 0.282542 3.60
1794.00 0.282542 3.60
1795.00 0.282542 3.60
1796.00 0.282542 3.60
1797.00 0.282542 3.60
1798.00 0.282542 3.60
1799.00 0.282542 3.60
1800.00 0.282542 3.60
1801.00 0.282542 3.60
1802.00 0.282542 3.60
1803.00 0.282542 3.60
1804.00 0.282542 3.60
1805.00 0.282542 3.60
1806.00 0.282542 3.60
1807.00 0.282542 3.60
1808.00 0.282542 3.60
1809.00 0.282542 3.60
1810.00 0.282542 3.60
1811.00 0.282542 3.60
1812.00 0.282542 3.60
1813.00 0.282542 3.60
1814.00 0.282542 3.60
1815.00 0.282542 3.60
1816.00 0.282542 3.60
1817.00 0.282542 3.60
1818.00 0.282542 3.60
1819.00 0.282542 3.60
1820.00 0.282542 3.60
1821.00 0.282542 3.60
1822.00 0.282542 3.60
1823.00 0.282542 3.60
1824.00 0.282542 3.60
1825.00 0.282542 3.60
1826.00 0.282542 3.60
1827.00 0.282542 3.60
1828.00 0.282542 3.60
1829.00 0.282542 3.60
1830.00 0.282542 3.60
1831.00 0.282542 3.60
1832.00 0.282542 3.60
1833.00 0.282542 3.60
1834.00 0.282542 3.60
1835.00 0.282542 3.60
1836.00 0.282542 3.60
1837.00 0.282542 3.60
1838.00 0.282542 3.60
1839.00 0.282542 3.60
1840.00 0.282542 3.60
1841.00 0.282542 3.60
1842.00 0.282542 3.60
1843.00 0.282542 3.60
1844.00 0.282542 3.60
1845.00 0.282542 3.60
1846.00 0.282542 3.60
1847.00 0.282542 3.60
1848.00 0.282542 3.60
1849.00 0.282542 3.60
1850.00 0.282542 3.60
1851.00 0.282542 3.60
1852.00 0.282542 3.60
1853.00 0.282542 3.60
1854.00 0.282542 3.60
1855.00 0.282542 3.60
1856.00 0.282542 3.60
1857.00 0.282542 3.60
1858.00 0.282542 3.60
1859.00 0.282542 3.60
1860.00 0.282542 3.60
1861.00 0.282542 3.60
1862.00 0.282542 3.60
1863.00 0.282542 3.60
1864.00 0.282542 3.60
1865.00 0.282542 3.60
1866.00 0.282542 3.60
1867.00 0.282542 3.60
1868.00 0.282542 3.60
1869.00 0.282542 3.60
1870.00 0.282542 3.60
1871.00 0.282542 3.60
1872.00 0.282542 3.60
1873.00 0.282542 3.60
1874.00 0.282542 3.60
1875.00 0.282542 3.60
1876.00 0.282542 3.60
1877.00 0.282542 3.60
1878.00 0.282542 3.60
1879.00 0.282542 3.60
1880.00 0.282542 3.60
1881.00 0.282542 3.60
1882.00 0.282542 3.60
1883.00 0.282542 3.60
1884.00 0.282542 3.60
1885.00 0.282542 3.60
1886.00 0.282542 3.60
1887.00 0.282542 3.60
1888.00 0.282542 3.60
1889.00 0.282542 3.60
1890.00 0.282542 3.60
1891.00 0.282542 3.60
1892.00 0.282542 3.60
1893.00 0.282542 3.60
1894.00 0.282542 3.60
1895.00 0.282542 3.60
1896.00 0.282542 3.60
1897.00 0.282542 3.60
1898.00 0.282542 3.60
1899.00 0.282542 3.60
1900.00 0.282542 3.60
1901.00 0.282542 3.60
1902.00 0.282542 3.60
1903.00 0.282542 3.60
1904.00 0.282542 3.60
1905.00 0.282542 3.60
1906.00 0.282542 3.60
1907.00 0.282542 3.60
1908.00 0.282542 3.60
1909.00 0.282542 3.60
1910.00 0.282542 3.60
1911.00 0.282542 3.60
1912.00 0.282542 3.60
1913.00 0.282542 3.60
1914.00 0.282542 3.60
1915.00 0.282542 3.60
1916.00 0.282542 3.60
1917.00 0.282542 3.60
1918.00 0.282542 3.60
1919.00 0.282542 3.60
1920.00 0.282542 3.60
1921.00 0.282542 3.60
1922.00 0.282542 3.60
1923.00 0.282542 3.60
1924.00 0.282542 3.60
1925.00 0.282542 3.60
1926.00 0.282542 3.60
1927.00 0.282542 3.60
1928.00 0.282542 3.60
1929.00 0.282542 3.60
1930.00 0.282542 3.60
1931.00 0.282542 3.60
1932.00 0.282542 3.60
1933.00 0.282542 3.60
1934.00 0.282542 3.60
1935.00 0.282542 3.60
1936.00 0.282542 3.60
1937.00 0.282542 3.60
1938.00 0.282542 3.60
1939.00 0.282542 3.60
1940.00 0.282542 3.60
1941.00 0.282542 3.60
1942.00 0.282542 3.60
1943.00 0.282542 3.60
1944.00 0.282542 3.60
1945.00 0.282542 3.60
1946.00 0.282542 3.60
1947.00 0.282542 3.60
1948.00 0.282542 3.60
1949.00 0.282542 3.60
1950.00 0.282542 3.60
1951.00 0.282542 3.60
1952.00 0.282542 3.60
1953.00 0.282542 3.60
1954.00 0.282542 3.60
1955.00 0.282542 3.60
1956.00 0.282542 3.60
1957.00 0.282542 3.60
1958.00 0.282542 3.60
1959.00 0.282542 3.60
1960.00 0.282542 3.60
1961.00 0.282542 3.60
1962.00 0.282542 3.60
1963.00 0.282542 3.60
1964.00 0.282542 3.60
1965.00 0.282542 3.60
1966.00 0.282542 3.60
1967.00 0.282542 3.60
1968.00 0.282542 3.60
1969.00 0.282542 3.60
1970.00 0.282542 3.60
1971.00 0.282542 3.60
1972.00 0.282542 3.60
1973.00 0.282542 3.60
1974.00 0.282542 3.60
1975.00 0.282542 3.60
1976.00 0.282542 3.60
1977.00 0.282542 3.60
1978.00 0.282542 3.60
1979.00 0.282542 3.60
1980.00 0.282542 3.60
1981.00 0.282542 3.60
1982.00 0.282542 3.60
1983.00 0.282542 3.60
1984.00 0.282542 3.60
1985.00 0.282542 3.60
1986.00 0.282542 3.60
1987.00 0.282542 3.60
1988.00 0.282542 3.60
1989.00 0.282542 3.60
1990.00 0.282542 3.60
1991.00 0.282542 3.60
1992.00 0.282542 3.60
1993.00 0.282542 3.60
1994.00 0.282542 3.60
1995.00 0.282542 3.60
1996.00 0.282542 3.60
1997.00 0.282542 3.60
1998.00 0.282542 3.60
1999.00 0.282542 3.60
2000.00 0.282542 3.60
