0.00 0.278530 3.57
1.00 0.277616 3.57
2.00 0.276700 3.57
3.00 0.275782 3.57
4.00 0.274861 3.57
5.00 0.273938 3.57
6.00 0.273013 3.57
7.00 0.272086 3.57
8.00 0.271156 3.57
9.00 0.270224 3.57
10.00 0.269289 3.57
11.00 0.268351 3.57
12.00 0.267409 3.57
13.00 0.266464 3.57
14.00 0.265515 3.57
15.00 0.264561 3.57
16.00 0.263602 3.57
17.00 0.262637 3.57
18.00 0.261667 3.57
19.00 0.260691 3.57
20.00 0.259709 3.57
21.00 0.258720 3.57
22.00 0.257731 3.56
23.00 0.256746 3.55
24.00 0.255760 3.55
25.00 0.254791 3.54
26.00 0.253859 3.53
27.00 0.252930 3.53
28.00 0.252003 3.52
29.00 0.251115 3.50
30.00 0.250255 3.50
31.00 0.249391 3.50
32.00 0.248523 3.50
33.00 0.247651 3.49
34.00 0.246806 3.49
35.00 0.245957 3.49
36.00 0.245103 3.49
37.00 0.244245 3.49
38.00 0.243380 3.49
39.00 0.242530 3.47
40.00 0.241716 3.47
41.00 0.240926 3.46
42.00 0.240146 3.45
43.00 0.239387 3.45
44.00 0.238626 3.45
45.00 0.237861 3.45
46.00 0.237108 3.42
47.00 0.236406 3.42
48.00 0.235702 3.42
49.00 0.235009 3.40
50.00 0.234360 3.39
51.00 0.233710 3.39
52.00 0.233057 3.39
53.00 0.232402 3.39
54.00 0.231748 3.38
55.00 0.231091 3.38
56.00 0.230454 3.37
57.00 0.229825 3.37
58.00 0.229194 3.37
59.00 0.228572 3.36
60.00 0.227992 3.35
61.00 0.227417 3.35
62.00 0.226839 3.35
63.00 0.226258 3.35
64.00 0.225687 3.34
65.00 0.225115 3.34
66.00 0.224565 3.33
67.00 0.224018 3.33
68.00 0.223473 3.32
69.00 0.222943 3.31
70.00 0.222427 3.31
71.00 0.221941 3.30
72.00 0.221457 3.30
73.00 0.220989 3.28
74.00 0.220533 3.27
75.00 0.220110 3.26
76.00 0.219693 3.26
77.00 0.219276 3.26
78.00 0.218859 3.26
79.00 0.218442 3.25
80.00 0.218030 3.25
81.00 0.217618 3.25
82.00 0.217204 3.25
83.00 0.216803 3.24
84.00 0.216444 3.23
85.00 0.216088 3.23
86.00 0.215731 3.23
87.00 0.215375 3.22
88.00 0.215022 3.22
89.00 0.214668 3.22
90.00 0.214335 3.21
91.00 0.214007 3.21
92.00 0.213678 3.21
93.00 0.213349 3.21
94.00 0.213019 3.21
95.00 0.212692 3.20
96.00 0.212365 3.20
97.00 0.212041 3.19
98.00 0.211743 3.19
99.00 0.211444 3.19
100.00 0.211145 3.19
101.00 0.210845 3.19
102.00 0.210547 3.18
103.00 0.210250 3.18
104.00 0.209951 3.18
105.00 0.209651 3.17
106.00 0.209356 3.16
107.00 0.209074 3.16
108.00 0.208792 3.16
109.00 0.208509 3.16
110.00 0.208226 3.15
111.00 0.207949 3.15
112.00 0.207672 3.15
113.00 0.207394 3.15
114.00 0.207115 3.15
115.00 0.206840 3.14
116.00 0.206583 3.14
117.00 0.206344 3.13
118.00 0.206114 3.13
119.00 0.205884 3.13
120.00 0.205662 3.12
121.00 0.205452 3.12
122.00 0.205250 3.11
123.00 0.205054 3.11
124.00 0.204859 3.11
125.00 0.204665 3.11
126.00 0.204472 3.11
127.00 0.204280 3.11
128.00 0.204088 3.11
129.00 0.203897 3.11
130.00 0.203708 3.10
131.00 0.203520 3.10
132.00 0.203331 3.10
133.00 0.203143 3.10
134.00 0.202954 3.10
135.00 0.202767 3.09
136.00 0.202595 3.09
137.00 0.202423 3.09
138.00 0.202252 3.09
139.00 0.202081 3.09
140.00 0.201910 3.09
141.00 0.201740 3.09
142.00 0.201569 3.09
143.00 0.201398 3.09
144.00 0.201227 3.09
145.00 0.201056 3.09
146.00 0.200884 3.09
147.00 0.200713 3.09
148.00 0.200545 3.08
149.00 0.200392 3.06
150.00 0.200256 3.06
151.00 0.200121 3.06
152.00 0.199987 3.06
153.00 0.199855 3.06
154.00 0.199723 3.06
155.00 0.199593 3.05
156.00 0.199472 3.04
157.00 0.199361 3.04
158.00 0.199252 3.03
159.00 0.199149 3.03
160.00 0.199047 3.03
161.00 0.198947 3.03
162.00 0.198847 3.03
163.00 0.198749 3.03
164.00 0.198651 3.03
165.00 0.198554 3.03
166.00 0.198458 3.03
167.00 0.198363 3.03
168.00 0.198268 3.03
169.00 0.198174 3.03
170.00 0.198080 3.03
171.00 0.197986 3.03
172.00 0.197893 3.03
173.00 0.197801 3.03
174.00 0.197708 3.03
175.00 0.197616 3.03
176.00 0.197524 3.03
177.00 0.197433 3.03
178.00 0.197341 3.03
179.00 0.197250 3.03
180.00 0.197159 3.03
181.00 0.197068 3.03
182.00 0.196976 3.03
183.00 0.196887 3.02
184.00 0.196798 3.02
185.00 0.196709 3.02
186.00 0.196624 3.01
187.00 0.196538 3.01
188.00 0.196459 3.00
189.00 0.196385 3.00
190.00 0.196312 3.00
191.00 0.196240 3.00
192.00 0.196170 2.99
193.00 0.196106 2.99
194.00 0.196043 2.99
195.00 0.195981 2.99
196.00 0.195920 2.99
197.00 0.195860 2.99
198.00 0.195800 2.99
199.00 0.195741 2.99
200.00 0.195684 2.98
201.00 0.195629 2.98
202.00 0.195575 2.98
203.00 0.195521 2.98
204.00 0.195468 2.98
205.00 0.195416 2.98
206.00 0.195363 2.98
207.00 0.195315 2.97
208.00 0.195268 2.97
209.00 0.195221 2.97
210.00 0.195177 2.96
211.00 0.195142 2.96
212.00 0.195108 2.96
213.00 0.195076 2.96
214.00 0.195044 2.96
215.00 0.195013 2.96
216.00 0.194982 2.96
217.00 0.194952 2.96
218.00 0.194923 2.96
219.00 0.194895 2.96
220.00 0.194867 2.96
221.00 0.194839 2.96
222.00 0.194812 2.96
223.00 0.194786 2.96
224.00 0.194760 2.96
225.00 0.194734 2.96
226.00 0.194709 2.96
227.00 0.194684 2.96
228.00 0.194662 2.95
229.00 0.194642 2.95
230.00 0.194623 2.95
231.00 0.194604 2.95
232.00 0.194586 2.95
233.00 0.194567 2.95
234.00 0.194549 2.95
235.00 0.194532 2.95
236.00 0.194515 2.95
237.00 0.194497 2.95
238.00 0.194481 2.95
239.00 0.194464 2.95
240.00 0.194448 2.95
241.00 0.194432 2.95
242.00 0.194416 2.95
243.00 0.194401 2.95
244.00 0.194386 2.95
245.00 0.194371 2.95
246.00 0.194356 2.95
247.00 0.194341 2.95
248.00 0.194327 2.95
249.00 0.194313 2.95
250.00 0.194299 2.95
251.00 0.194285 2.95
252.00 0.194271 2.95
253.00 0.194258 2.95
254.00 0.194245 2.95
255.00 0.194232 2.95
256.00 0.194219 2.95
257.00 0.194206 2.95
258.00 0.194194 2.95
259.00 0.194181 2.95
260.00 0.194169 2.95
261.00 0.194157 2.95
262.00 0.194145 2.95
263.00 0.194133 2.95
264.00 0.194121 2.95
265.00 0.194110 2.95
266.00 0.194099 2.95
267.00 0.194087 2.95
268.00 0.194076 2.95
269.00 0.194065 2.95
270.00 0.194054 2.95
271.00 0.194043 2.95
272.00 0.194033 2.95
273.00 0.194022 2.95
274.00 0.194012 2.95
275.00 0.194001 2.95
276.00 0.193991 2.95
277.00 0.193981 2.95
278.00 0.193971 2.95
279.00 0.193961 2.95
280.00 0.193951 2.95
281.00 0.193942 2.95
282.00 0.193932 2.95
283.00 0.193922 2.95
284.00 0.193913 2.95
285.00 0.193903 2.95
286.00 0.193894 2.95
287.00 0.193885 2.95
288.00 0.193876 2.95
289.00 0.193867 2.95
290.00 0.193858 2.95
291.00 0.193849 2.95
292.00 0.193840 2.95
293.00 0.193831 2.95
294.00 0.193822 2.95
295.00 0.193814 2.95
296.00 0.193805 2.95
297.00 0.193797 2.95
298.00 0.193788 2.95
299.00 0.193780 2.95
300.00 0.193773 2.94
301.00 0.193767 2.94
302.00 0.193761 2.94
303.00 0.193755 2.94
304.00 0.193749 2.94
305.00 0.193743 2.94
306.00 0.193737 2.94
307.00 0.193731 2.94
308.00 0.193726 2.94
309.00 0.193720 2.94
310.00 0.193714 2.94
311.00 0.193709 2.94
312.00 0.193703 2.94
313.00 0.193698 2.94
314.00 0.193693 2.94
315.00 0.193687 2.94
316.00 0.193682 2.94
317.00 0.193677 2.94
318.00 0.193672 2.94
319.00 0.193667 2.94
320.00 0.193662 2.94
321.00 0.193657 2.94
322.00 0.193652 2.94
323.00 0.193647 2.94
324.00 0.193642 2.94
325.00 0.193637 2.94
326.00 0.193632 2.94
327.00 0.193628 2.94
328.00 0.193623 2.94
329.00 0.193618 2.94
330.00 0.193614 2.94
331.00 0.193609 2.94
332.00 0.193605 2.94
333.00 0.193600 2.94
334.00 0.193596 2.94
335.00 0.193591 2.94
336.00 0.193587 2.94
337.00 0.193583 2.93
338.00 0.193579 2.93
339.00 0.193575 2.93
340.00 0.193571 2.93
341.00 0.193568 2.93
342.00 0.193564 2.93
343.00 0.193560 2.93
344.00 0.193557 2.93
345.00 0.193553 2.93
346.00 0.193549 2.93
347.00 0.193546 2.93
348.00 0.193542 2.93
349.00 0.193539 2.93
350.00 0.193536 2.93
351.00 0.193532 2.93
352.00 0.193529 2.93
353.00 0.193525 2.93
354.00 0.193522 2.93
355.00 0.193519 2.93
356.00 0.193516 2.93
357.00 0.193512 2.93
358.00 0.193509 2.93
359.00 0.193506 2.93
360.00 0.193503 2.93
361.00 0.193500 2.93
362.00 0.193497 2.93
363.00 0.193494 2.93
364.00 0.193491 2.93
365.00 0.193487 2.93
366.00 0.193484 2.93
367.00 0.193481 2.93
368.00 0.193478 2.93
369.00 0.193475 2.93
370.00 0.193472 2.93
371.00 0.193469 2.93
372.00 0.193467 2.93
373.00 0.193464 2.93
374.00 0.193461 2.93
375.00 0.193458 2.93
376.00 0.193455 2.93
377.00 0.193452 2.93
378.00 0.193449 2.93
379.00 0.193446 2.93
380.00 0.193443 2.93
381.00 0.193440 2.93
382.00 0.193438 2.93
383.00 0.193435 2.93
384.00 0.193432 2.93
385.00 0.193429 2.93
386.00 0.193426 2.93
387.00 0.193423 2.93
388.00 0.193421 2.93
389.00 0.193418 2.93
390.00 0.193415 2.93
391.00 0.193412 2.93
392.00 0.193409 2.93
393.00 0.193406 2.93
394.00 0.193404 2.93
395.00 0.193401 2.93
396.00 0.193398 2.93
397.00 0.193395 2.93
398.00 0.193392 2.93
399.00 0.193390 2.93
400.00 0.193387 2.93
401.00 0.193384 2.93
402.00 0.193381 2.93
403.00 0.193378 2.92
404.00 0.193378 2.92
405.00 0.193377 2.92
406.00 0.193376 2.92
407.00 0.193375 2.92
408.00 0.193375 2.92
409.00 0.193374 2.92
410.00 0.193373 2.92
411.00 0.193373 2.92
412.00 0.193372 2.92
413.00 0.193371 2.92
414.00 0.193371 2.92
415.00 0.193370 2.92
416.00 0.193370 2.92
417.00 0.193369 2.92
418.00 0.193368 2.92
419.00 0.193368 2.92
420.00 0.193367 2.92
421.00 0.193367 2.92
422.00 0.193366 2.92
423.00 0.193366 2.92
424.00 0.193365 2.92
425.00 0.193365 2.92
426.00 0.193364 2.92
427.00 0.193364 2.92
428.00 0.193363 2.92
429.00 0.193363 2.92
430.00 0.193362 2.92
431.00 0.193362 2.92
432.00 0.193361 2.92
433.00 0.193361 2.92
434.00 0.193360 2.92
435.00 0.193360 2.92
436.00 0.193360 2.92
437.00 0.193359 2.92
438.00 0.193359 2.92
439.00 0.193358 2.92
440.00 0.193358 2.92
441.00 0.193358 2.92
442.00 0.193357 2.92
443.00 0.193357 2.92
444.00 0.193356 2.92
445.00 0.193356 2.92
446.00 0.193356 2.92
447.00 0.193355 2.92
448.00 0.193355 2.92
449.00 0.193355 2.92
450.00 0.193354 2.92
451.00 0.193354 2.92
452.00 0.193354 2.92
453.00 0.193353 2.92
454.00 0.193353 2.92
455.00 0.193353 2.92
456.00 0.193352 2.92
457.00 0.193352 2.92
458.00 0.193352 2.92
459.00 0.193352 2.92
460.00 0.193351 2.92
461.00 0.193351 2.92
462.00 0.193351 2.92
463.00 0.193350 2.92
464.00 0.193350 2.92
465.00 0.193350 2.92
466.00 0.193350 2.92
467.00 0.193349 2.92
468.00 0.193349 2.92
469.00 0.193349 2.92
470.00 0.193349 2.92
471.00 0.193348 2.92
472.00 0.193348 2.92
473.00 0.193348 2.92
474.00 0.193348 2.92
475.00 0.193347 2.92
476.00 0.193347 2.92
477.00 0.193347 2.92
478.00 0.193347 2.92
479.00 0.193347 2.92
480.00 0.193346 2.92
481.00 0.193346 2.92
482.00 0.193346 2.92
483.00 0.193346 2.92
484.00 0.193346 2.92
485.00 0.193345 2.92
486.00 0.193345 2.92
487.00 0.193345 2.92
488.00 0.193345 2.92
489.00 0.193345 2.92
490.00 0.193344 2.92
491.00 0.193344 2.92
492.00 0.193344 2.92
493.00 0.193344 2.92
494.00 0.193344 2.92
495.00 0.193344 2.92
496.00 0.193343 2.92
497.00 0.193343 2.92
498.00 0.193343 2.92
499.00 0.193343 2.92
500.00 0.193343 2.92
501.00 0.193343 2.92
502.00 0.193343 2.92
503.00 0.193342 2.92
504.00 0.193342 2.92
505.00 0.193342 2.92
506.00 0.193342 2.92
507.00 0.193342 2.92
508.00 0.193342 2.92
509.00 0.193342 2.92
510.00 0.193341 2.92
511.00 0.193341 2.92
512.00 0.193341 2.92
513.00 0.193341 2.92
514.00 0.193341 2.92
515.00 0.193341 2.92
516.00 0.193341 2.92
517.00 0.193341 2.92
518.00 0.193340 2.92
519.00 0.193340 2.92
520.00 0.193340 2.92
521.00 0.193340 2.92
522.00 0.193340 2.92
523.00 0.193340 2.92
524.00 0.193340 2.92
525.00 0.193340 2.92
526.00 0.193340 2.92
527.00 0.193339 2.92
528.00 0.193339 2.92
529.00 0.193339 2.92
530.00 0.193339 2.92
531.00 0.193339 2.92
532.00 0.193339 2.92
533.00 0.193339 2.92
534.00 0.193339 2.92
535.00 0.193339 2.92
536.00 0.193339 2.92
537.00 0.193338 2.92
538.00 0.193338 2.92
539.00 0.193338 2.92
540.00 0.193338 2.92
541.00 0.193338 2.92
542.00 0.193338 2.92
543.00 0.193338 2.92
544.00 0.193338 2.92
545.00 0.193338 2.92
546.00 0.193338 2.92
547.00 0.193338 2.92
548.00 0.193338 2.92
549.00 0.193337 2.92
550.00 0.193337 2.92
551.00 0.193337 2.92
552.00 0.193337 2.92
553.00 0.193337 2.92
554.00 0.193337 2.92
555.00 0.193337 2.92
556.00 0.193337 2.92
557.00 0.193337 2.92
558.00 0.193337 2.92
559.00 0.193337 2.92
560.00 0.193337 2.92
561.00 0.193337 2.92
562.00 0.193337 2.92
563.00 0.193337 2.92
564.00 0.193336 2.92
565.00 0.193336 2.92
566.00 0.193336 2.92
567.00 0.193336 2.92
568.00 0.193336 2.92
569.00 0.193336 2.92
570.00 0.193336 2.92
571.00 0.193336 2.92
572.00 0.193336 2.92
573.00 0.193336 2.92
574.00 0.193336 2.92
575.00 0.193336 2.92
576.00 0.193336 2.92
577.00 0.193336 2.92
578.00 0.193336 2.92
579.00 0.193336 2.92
580.00 0.193336 2.92
581.00 0.193336 2.92
582.00 0.193336 2.92
583.00 0.193335 2.92
584.00 0.193335 2.92
585.00 0.193335 2.92
586.00 0.193335 2.92
587.00 0.193335 2.92
588.00 0.193335 2.92
589.00 0.193335 2.92
590.00 0.193335 2.92
591.00 0.193335 2.92
592.00 0.193335 2.92
593.00 0.193335 2.92
594.00 0.193335 2.92
595.00 0.193335 2.92
596.00 0.193335 2.92
597.00 0.193335 2.92
598.00 0.193335 2.92
599.00 0.193335 2.92
600.00 0.193335 2.92
601.00 0.193335 2.92
602.00 0.193335 2.92
603.00 0.193335 2.92
604.00 0.193335 2.92
605.00 0.193335 2.92
606.00 0.193335 2.92
607.00 0.193335 2.92
608.00 0.193334 2.92
609.00 0.193334 2.92
610.00 0.193334 2.92
611.00 0.193334 2.92
612.00 0.193334 2.92
613.00 0.193334 2.92
614.00 0.193334 2.92
615.00 0.193334 2.92
616.00 0.193334 2.92
617.00 0.193334 2.92
618.00 0.193334 2.92
619.00 0.193334 2.92
620.00 0.193334 2.92
621.00 0.193334 2.92
622.00 0.193334 2.92
623.00 0.193334 2.92
624.00 0.193334 2.92
625.00 0.193334 2.92
626.00 0.193334 2.92
627.00 0.193334 2.92
628.00 0.193334 2.92
629.00 0.193334 2.92
630.00 0.193334 2.92
631.00 0.193334 2.92
632.00 0.193334 2.92
633.00 0.193334 2.92
634.00 0.193334 2.92
635.00 0.193334 2.92
636.00 0.193334 2.92
637.00 0.193334 2.92
638.00 0.193334 2.92
639.00 0.193334 2.92
640.00 0.193334 2.92
641.00 0.193334 2.92
642.00 0.193334 2.92
643.00 0.193334 2.92
644.00 0.193334 2.92
645.00 0.193334 2.92
646.00 0.193334 2.92
647.00 0.193333 2.92
648.00 0.193333 2.92
649.00 0.193333 2.92
650.00 0.193333 2.92
651.00 0.193333 2.92
652.00 0.193333 2.92
653.00 0.193333 2.92
654.00 0.193333 2.92
655.00 0.193333 2.92
656.00 0.193333 2.92
657.00 0.193333 2.92
658.00 0.193333 2.92
659.00 0.193333 2.92
660.00 0.193333 2.92
661.00 0.193333 2.92
662.00 0.193333 2.92
663.00 0.193333 2.92
664.00 0.193333 2.92
665.00 0.193333 2.92
666.00 0.193333 2.92
667.00 0.193333 2.92
668.00 0.193333 2.92
669.00 0.193333 2.92
670.00 0.193333 2.92
671.00 0.193333 2.92
672.00 0.193333 2.92
673.00 0.193333 2.92
674.00 0.193333 2.92
675.00 0.193333 2.92
676.00 0.193333 2.92
677.00 0.193333 2.92
678.00 0.193333 2.92
679.00 0.193333 2.92
680.00 0.193333 2.92
681.00 0.193333 2.92
682.00 0.193333 2.92
683.00 0.193333 2.92
684.00 0.193333 2.92
685.00 0.193333 2.92
686.00 0.193333 2.92
687.00 0.193333 2.92
688.00 0.193333 2.92
689.00 0.193333 2.92
690.00 0.193333 2.92
691.00 0.193333 2.92
692.00 0.193333 2.92
693.00 0.193333 2.92
694.00 0.193333 2.92
695.00 0.193333 2.92
696.00 0.193333 2.92
697.00 0.193333 2.92
698.00 0.193333 2.92
699.00 0.193333 2.92
700.00 0.193333 2.92
701.00 0.193333 2.92
702.00 0.193333 2.92
703.00 0.193333 2.92
704.00 0.193333 2.92
705.00 0.193333 2.92
706.00 0.193333 2.92
707.00 0.193333 2.92
708.00 0.193333 2.92
709.00 0.193333 2.92
710.00 0.193333 2.92
711.00 0.193333 2.92
712.00 0.193333 2.92
713.00 0.193333 2.92
714.00 0.193333 2.92
715.00 0.193333 2.92
716.00 0.193333 2.92
717.00 0.193333 2.92
718.00 0.193333 2.92
719.00 0.193333 2.92
720.00 0.193333 2.92
721.00 0.193333 2.92
722.00 0.193333 2.92
723.00 0.193333 2.92
724.00 0.193333 2.92
725.00 0.193333 2.92
726.00 0.193333 2.92
727.00 0.193332 2.92
728.00 0.193332 2.92
729.00 0.193332 2.92
730.00 0.193332 2.92
731.00 0.193332 2.92
732.00 0.193332 2.92
733.00 0.193332 2.92
734.00 0.193332 2.92
735.00 0.193332 2.92
736.00 0.193332 2.92
737.00 0.193332 2.92
738.00 0.193332 2.92
739.00 0.193332 2.92
740.00 0.193332 2.92
741.00 0.193332 2.92
742.00 0.193332 2.92
743.00 0.193332 2.92
744.00 0.193332 2.92
745.00 0.193332 2.92
746.00 0.193332 2.92
747.00 0.193332 2.92
748.00 0.193332 2.92
749.00 0.193332 2.92
750.00 0.193332 2.92
751.00 0.193332 2.92
752.00 0.193332 2.92
753.00 0.193332 2.92
754.00 0.193332 2.92
755.00 0.193332 2.92
756.00 0.193332 2.92
757.00 0.193332 2.92
758.00 0.193332 2.92
759.00 0.193332 2.92
760.00 0.193332 2.92
761.00 0.193332 2.92
762.00 0.193332 2.92
763.00 0.193332 2.92
764.00 0.193332 2.92
765.00 0.193332 2.92
766.00 0.193332 2.92
767.00 0.193332 2.92
768.00 0.193332 2.92
769.00 0.193332 2.92
770.00 0.193332 2.92
771.00 0.193332 2.92
772.00 0.193332 2.92
773.00 0.193332 2.92
774.00 0.193332 2.92
775.00 0.193332 2.92
776.00 0.193332 2.92
777.00 0.193332 2.92
778.00 0.193332 2.92
779.00 0.193332 2.92
780.00 0.193332 2.92
781.00 0.193332 2.92
782.00 0.193332 2.92
783.00 0.193332 2.92
784.00 0.193332 2.92
785.00 0.193332 2.92
786.00 0.193332 2.92
787.00 0.193332 2.92
788.00 0.193332 2.92
789.00 0.193332 2.92
790.00 0.193332 2.92
791.00 0.193332 2.92
792.00 0.193332 2.92
793.00 0.193332 2.92
794.00 0.193332 2.92
795.00 0.193332 2.92
796.00 0.193332 2.92
797.00 0.193332 2.92
798.00 0.193332 2.92
799.00 0.193332 2.92
800.00 0.193332 2.92
801.00 0.193332 2.92
802.00 0.193332 2.92
803.00 0.193332 2.92
804.00 0.193332 2.92
805.00 0.193332 2.92
806.00 0.193332 2.92
807.00 0.193332 2.92
808.00 0.193332 2.92
809.00 0.193332 2.92
810.00 0.193332 2.92
811.00 0.193332 2.92
812.00 0.193332 2.92
813.00 0.193332 2.92
814.00 0.193332 2.92
815.00 0.193332 2.92
816.00 0.193332 2.92
817.00 0.193332 2.92
818.00 0.193332 2.92
819.00 0.193332 2.92
820.00 0.193332 2.92
821.00 0.193332 2.92
822.00 0.193332 2.92
823.00 0.193332 2.92
824.00 0.193332 2.92
825.00 0.193332 2.92
826.00 0.193332 2.92
827.00 0.193332 2.92
828.00 0.193332 2.92
829.00 0.193332 2.92
830.00 0.193332 2.92
831.00 0.193332 2.92
832.00 0.193332 2.92
833.00 0.193332 2.92
834.00 0.193332 2.92
835.00 0.193332 2.92
836.00 0.193332 2.92
837.00 0.193332 2.92
838.00 0.193332 2.92
839.00 0.193332 2.92
840.00 0.193332 2.92
841.00 0.193332 2.92
842.00 0.193332 2.92
843.00 0.193332 2.92
844.00 0.193332 2.92
845.00 0.193332 2.92
846.00 0.193332 2.92
847.00 0.193332 2.92
848.00 0.193332 2.92
849.00 0.193332 2.92
850.00 0.193332 2.92
851.00 0.193332 2.92
852.00 0.193332 2.92
853.00 0.193332 2.92
854.00 0.193332 2.92
855.00 0.193332 2.92
856.00 0.193332 2.92
857.00 0.193332 2.92
858.00 0.193332 2.92
859.00 0.193332 2.92
860.00 0.193332 2.92
861.00 0.193332 2.92
862.00 0.193332 2.92
863.00 0.193332 2.92
864.00 0.193332 2.92
865.00 0.193332 2.92
866.00 0.193332 2.92
867.00 0.193332 2.92
868.00 0.193332 2.92
869.00 0.193332 2.92
870.00 0.193332 2.92
871.00 0.193332 2.92
872.00 0.193332 2.92
873.00 0.193332 2.92
874.00 0.193332 2.92
875.00 0.193332 2.92
876.00 0.193332 2.92
877.00 0.193332 2.92
878.00 0.193332 2.92
879.00 0.193332 2.92
880.00 0.193332 2.92
881.00 0.193332 2.92
882.00 0.193332 2.92
883.00 0.193332 2.92
884.00 0.193332 2.92
885.00 0.193332 2.92
886.00 0.193332 2.92
887.00 0.193332 2.92
888.00 0.193332 2.92
889.00 0.193332 2.92
890.00 0.193332 2.92
891.00 0.193332 2.92
892.00 0.193332 2.92
893.00 0.193332 2.92
894.00 0.193332 2.92
895.00 0.193332 2.92
896.00 0.193332 2.92
897.00 0.193332 2.92
898.00 0.193332 2.92
899.00 0.193332 2.92
900.00 0.193332 2.92
901.00 0.193332 2.92
902.00 0.193332 2.92
903.00 0.193332 2.92
904.00 0.193332 2.92
905.00 0.193332 2.92
906.00 0.193332 2.92
907.00 0.193332 2.92
908.00 0.193332 2.92
909.00 0.193332 2.92
910.00 0.193332 2.92
911.00 0.193332 2.92
912.00 0.193332 2.92
913.00 0.193332 2.92
914.00 0.193332 2.92
915.00 0.193332 2.92
916.00 0.193332 2.92
917.00 0.193332 2.92
918.00 0.193332 2.92
919.00 0.193332 2.92
920.00 0.193332 2.92
921.00 0.193332 2.92
922.00 0.193332 2.92
923.00 0.193332 2.92
924.00 0.193332 2.92
925.00 0.193332 2.92
926.00 0.193332 2.92
927.00 0.193332 2.92
928.00 0.193332 2.92
929.00 0.193332 2.92
930.00 0.193332 2.92
931.00 0.193332 2.92
932.00 0.193332 2.92
933.00 0.193332 2.92
934.00 0.193332 2.92
935.00 0.193332 2.92
936.00 0.193332 2.92
937.00 0.193332 2.92
938.00 0.193332 2.92
939.00 0.193332 2.92
940.00 0.193332 2.92
941.00 0.193332 2.92
942.00 0.193332 2.92
943.00 0.193332 2.92
944.00 0.193332 2.92
945.00 0.193332 2.92
946.00 0.193332 2.92
947.00 0.193332 2.92
948.00 0.193332 2.92
949.00 0.193332 2.92
950.00 0.193332 2.92
951.00 0.193332 2.92
952.00 0.193332 2.92
953.00 0.193332 2.92
954.00 0.193332 2.92
955.00 0.193332 2.92
956.00 0.193332 2.92
957.00 0.193332 2.92
958.00 0.193332 2.92
959.00 0.193332 2.92
960.00 0.193332 2.92
961.00 0.193332 2.92
962.00 0.193332 2.92
963.00 0.193332 2.92
964.00 0.193332 2.92
965.00 0.193332 2.92
966.00 0.193332 2.92
967.00 0.193332 2.92
968.00 0.193332 2.92
969.00 0.193332 2.92
970.00 0.193332 2.92
971.00 0.193332 2.92
972.00 0.193332 2.92
973.00 0.193332 2.92
974.00 0.193332 2.92
975.00 0.193332 2.92
976.00 0.193332 2.92
977.00 0.193332 2.92
978.00 0.193332 2.92
979.00 0.193332 2.92
980.00 0.193332 2.92
981.00 0.193332 2.92
982.00 0.193332 2.92
983.00 0.193332 2.92
984.00 0.193332 2.92
985.00 0.193332 2.92
986.00 0.193332 2.92
987.00 0.193332 2.92
988.00 0.193332 2.92
989.00 0.193332 2.92
990.00 0.193332 2.92
991.00 0.193332 2.92
992.00 0.193332 2.92
993.00 0.193332 2.92
994.00 0.193332 2.92
995.00 0.193332 2.92
996.00 0.193332 2.92
997.00 0.193332 2.92
998.00 0.193332 2.92
999.00 0.193332 2.92
1000.00 0.193332 2.92
1001.00 0.193332 2.92
1002.00 0.193332 2.92
1003.00 0.193332 2.92
1004.00 0.193332 2.92
1005.00 0.193332 2.92
1006.00 0.193332 2.92
1007.00 0.193332 2.92
1008.00 0.193332 2.92
1009.00 0.193332 2.92
1010.00 0.193332 2.92
1011.00 0.193332 2.92
1012.00 0.193332 2.92
1013.00 0.193332 2.92
1014.00 0.193332 2.92
1015.00 0.193332 2.92
1016.00 0.193332 2.92
1017.00 0.193332 2.92
1018.00 0.193332 2.92
1019.00 0.193332 2.92
1020.00 0.193332 2.92
1021.00 0.193332 2.92
1022.00 0.193332 2.92
1023.00 0.193332 2.92
1024.00 0.193332 2.92
1025.00 0.193332 2.92
1026.00 0.193332 2.92
1027.00 0.193332 2.92
1028.00 0.193332 2.92
1029.00 0.193332 2.92
1030.00 0.193332 2.92
1031.00 0.193332 2.92
1032.00 0.193332 2.92
1033.00 0.193332 2.92
1034.00 0.193332 2.92
1035.00 0.193332 2.92
1036.00 0.193332 2.92
1037.00 0.193332 2.92
1038.00 0.193332 2.92
1039.00 0.193332 2.92
1040.00 0.193332 2.92
1041.00 0.193332 2.92
1042.00 0.193332 2.92
1043.00 0.193332 2.92
1044.00 0.193332 2.92
1045.00 0.193332 2.92
1046.00 0.193332 2.92
1047.00 0.193332 2.92
1048.00 0.193332 2.92
1049.00 0.193332 2.92
1050.00 0.193332 2.92
1051.00 0.193332 2.92
1052.00 0.193332 2.92
1053.00 0.193332 2.92
1054.00 0.193332 2.92
1055.00 0.193332 2.92
1056.00 0.193332 2.92
1057.00 0.193332 2.92
1058.00 0.193332 2.92
1059.00 0.193332 2.92
1060.00 0.193332 2.92
1061.00 0.193332 2.92
1062.00 0.193332 2.92
1063.00 0.193332 2.92
1064.00 0.193332 2.92
1065.00 0.193332 2.92
1066.00 0.193332 2.92
1067.00 0.193332 2.92
1068.00 0.193332 2.92
1069.00 0.193332 2.92
1070.00 0.193332 2.92
1071.00 0.193332 2.92
1072.00 0.193332 2.92
1073.00 0.193332 2.92
1074.00 0.193332 2.92
1075.00 0.193332 2.92
1076.00 0.193332 2.92
1077.00 0.193332 2.92
1078.00 0.193332 2.92
1079.00 0.193332 2.92
1080.00 0.193332 2.92
1081.00 0.193332 2.92
1082.00 0.193332 2.92
1083.00 0.193332 2.92
1084.00 0.193332 2.92
1085.00 0.193332 2.92
1086.00 0.193332 2.92
1087.00 0.193332 2.92
1088.00 0.193332 2.92
1089.00 0.193332 2.92
1090.00 0.193332 2.92
1091.00 0.193332 2.92
1092.00 0.193332 2.92
1093.00 0.193332 2.92
1094.00 0.193332 2.92
1095.00 0.193332 2.92
1096.00 0.193332 2.92
1097.00 0.193332 2.92
1098.00 0.193332 2.92
1099.00 0.193332 2.92
1100.00 0.193332 2.92
1101.00 0.193332 2.92
1102.00 0.193332 2.92
1103.00 0.193332 2.92
1104.00 0.193332 2.92
1105.00 0.193332 2.92
1106.00 0.193332 2.92
1107.00 0.193332 2.92
1108.00 0.193332 2.92
1109.00 0.193332 2.92
1110.00 0.193332 2.92
1111.00 0.193332 2.92
1112.00 0.193332 2.92
1113.00 0.193332 2.92
1114.00 0.193332 2.92
1115.00 0.193332 2.92
1116.00 0.193332 2.92
1117.00 0.193332 2.92
1118.00 0.193332 2.92
1119.00 0.193332 2.92
1120.00 0.193332 2.92
1121.00 0.193332 2.92
1122.00 0.193332 2.92
1123.00 0.193332 2.92
1124.00 0.193332 2.92
1125.00 0.193332 2.92
1126.00 0.193332 2.92
1127.00 0.193332 2.92
1128.00 0.193332 2.92
1129.00 0.193332 2.92
1130.00 0.193332 2.92
1131.00 0.193332 2.92
1132.00 0.193332 2.92
1133.00 0.193332 2.92
1134.00 0.193332 2.92
1135.00 0.193332 2.92
1136.00 0.193332 2.92
1137.00 0.193332 2.92
1138.00 0.193332 2.92
1139.00 0.193332 2.92
1140.00 0.193332 2.92
1141.00 0.193332 2.92
1142.00 0.193332 2.92
1143.00 0.193332 2.92
1144.00 0.193332 2.92
1145.00 0.193332 2.92
1146.00 0.193332 2.92
1147.00 0.193332 2.92
1148.00 0.193332 2.92
1149.00 0.193332 2.92
1150.00 0.193332 2.92
1151.00 0.193332 2.92
1152.00 0.193332 2.92
1153.00 0.193332 2.92
1154.00 0.193332 2.92
1155.00 0.193332 2.92
1156.00 0.193332 2.92
1157.00 0.193332 2.92
1158.00 0.193332 2.92
1159.00 0.193332 2.92
1160.00 0.193332 2.92
1161.00 0.193332 2.92
1162.00 0.193332 2.92
1163.00 0.193332 2.92
1164.00 0.193332 2.92
1165.00 0.193332 2.92
1166.00 0.193332 2.92
1167.00 0.193332 2.92
1168.00 0.193332 2.92
1169.00 0.193332 2.92
1170.00 0.193332 2.92
1171.00 0.193332 2.92
1172.00 0.193332 2.92
1173.00 0.193332 2.92
1174.00 0.193332 2.92
1175.00 0.193332 2.92
1176.00 0.193332 2.92
1177.00 0.193332 2.92
1178.00 0.193332 2.92
1179.00 0.193332 2.92
1180.00 0.193332 2.92
1181.00 0.193332 2.92
1182.00 0.193332 2.92
1183.00 0.193332 2.92
1184.00 0.193332 2.92
1185.00 0.193332 2.92
1186.00 0.193332 2.92
1187.00 0.193332 2.92
1188.00 0.193332 2.92
1189.00 0.193332 2.92
1190.00 0.193332 2.92
1191.00 0.193332 2.92
1192.00 0.193332 2.92
1193.00 0.193332 2.92
1194.00 0.193332 2.92
1195.00 0.193332 2.92
1196.00 0.193332 2.92
1197.00 0.193332 2.92
1198.00 0.193332 2.92
1199.00 0.193332 2.92
1200.00 0.193332 2.92
1201.00 0.193332 2.92
1202.00 0.193332 2.92
1203.00 0.193332 2.92
1204.00 0.193332 2.92
1205.00 0.193332 2.92
1206.00 0.193332 2.92
1207.00 0.193332 2.92
1208.00 0.193332 2.92
1209.00 0.193332 2.92
1210.00 0.193332 2.92
1211.00 0.193332 2.92
1212.00 0.193332 2.92
1213.00 0.193332 2.92
1214.00 0.193332 2.92
1215.00 0.193332 2.92
1216.00 0.193332 2.92
1217.00 0.193332 2.92
1218.00 0.193332 2.92
1219.00 0.193332 2.92
1220.00 0.193332 2.92
1221.00 0.193332 2.92
1222.00 0.193332 2.92
1223.00 0.193332 2.92
1224.00 0.193332 2.92
1225.00 0.193332 2.92
1226.00 0.193332 2.92
1227.00 0.193332 2.92
1228.00 0.193332 2.92
1229.00 0.193332 2.92
1230.00 0.193332 2.92
1231.00 0.193332 2.92
1232.00 0.193332 2.92
1233.00 0.193332 2.92
1234.00 0.193332 2.92
1235.00 0.193332 2.92
1236.00 0.193332 2.92
1237.00 0.193332 2.92
1238.00 0.193332 2.92
1239.00 0.193332 2.92
1240.00 0.193332 2.92
1241.00 0.193332 2.92
1242.00 0.193332 2.92
1243.00 0.193332 2.92
1244.00 0.193332 2.92
1245.00 0.193332 2.92
1246.00 0.193332 2.92
1247.00 0.193332 2.92
1248.00 0.193332 2.92
1249.00 0.193332 2.92
1250.00 0.193332 2.92
1251.00 0.193332 2.92
1252.00 0.193332 2.92
1253.00 0.193332 2.92
1254.00 0.193332 2.92
1255.00 0.193332 2.92
1256.00 0.193332 2.92
1257.00 0.193332 2.92
1258.00 0.193332 2.92
1259.00 0.193332 2.92
1260.00 0.193332 2.92
1261.00 0.193332 2.92
1262.00 0.193332 2.92
1263.00 0.193332 2.92
1264.00 0.193332 2.92
1265.00 0.193332 2.92
1266.00 0.193332 2.92
1267.00 0.193332 2.92
1268.00 0.193332 2.92
1269.00 0.193332 2.92
1270.00 0.193332 2.92
1271.00 0.193332 2.92
1272.00 0.193332 2.92
1273.00 0.193332 2.92
1274.00 0.193332 2.92
1275.00 0.193332 2.92
1276.00 0.193332 2.92
1277.00 0.193332 2.92
1278.00 0.193332 2.92
1279.00 0.193332 2.92
1280.00 0.193332 2.92
1281.00 0.193332 2.92
1282.00 0.193332 2.92
1283.00 0.193332 2.92
1284.00 0.193332 2.92
1285.00 0.193332 2.92
1286.00 0.193332 2.92
1287.00 0.193332 2.92
1288.00 0.193332 2.92
1289.00 0.193332 2.92
1290.00 0.193332 2.92
1291.00 0.193332 2.92
1292.00 0.193332 2.92
1293.00 0.193332 2.92
1294.00 0.193332 2.92
1295.00 0.193332 2.92
1296.00 0.193332 2.92
1297.00 0.193332 2.92
1298.00 0.193332 2.92
1299.00 0.193332 2.92
1300.00 0.193332 2.92
1301.00 0.193332 2.92
1302.00 0.193332 2.92
1303.00 0.193332 2.92
1304.00 0.193332 2.92
1305.00 0.193332 2.92
1306.00 0.193332 2.92
1307.00 0.193332 2.92
1308.00 0.193332 2.92
1309.00 0.193332 2.92
1310.00 0.193332 2.92
1311.00 0.193332 2.92
1312.00 0.193332 2.92
1313.00 0.193332 2.92
1314.00 0.193332 2.92
1315.00 0.193332 2.92
1316.00 0.193332 2.92
1317.00 0.193332 2.92
1318.00 0.193332 2.92
1319.00 0.193332 2.92
1320.00 0.193332 2.92
1321.00 0.193332 2.92
1322.00 0.193332 2.92
1323.00 0.193332 2.92
1324.00 0.193332 2.92
1325.00 0.193332 2.92
1326.00 0.193332 2.92
1327.00 0.193332 2.92
1328.00 0.193332 2.92
1329.00 0.193332 2.92
1330.00 0.193332 2.92
1331.00 0.193332 2.92
1332.00 0.193332 2.92
1333.00 0.193332 2.92
1334.00 0.193332 2.92
1335.00 0.193332 2.92
1336.00 0.193332 2.92
1337.00 0.193332 2.92
1338.00 0.193332 2.92
1339.00 0.193332 2.92
1340.00 0.193332 2.92
1341.00 0.193332 2.92
1342.00 0.193332 2.92
1343.00 0.193332 2.92
1344.00 0.193332 2.92
1345.00 0.193332 2.92
1346.00 0.193332 2.92
1347.00 0.193332 2.92
1348.00 0.193332 2.92
1349.00 0.193332 2.92
1350.00 0.193332 2.92
1351.00 0.193332 2.92
1352.00 0.193332 2.92
1353.00 0.193332 2.92
1354.00 0.193332 2.92
1355.00 0.193332 2.92
1356.00 0.193332 2.92
1357.00 0.193332 2.92
1358.00 0.193332 2.92
1359.00 0.193332 2.92
1360.00 0.193332 2.92
1361.00 0.193332 2.92
1362.00 0.193332 2.92
1363.00 0.193332 2.92
1364.00 0.193332 2.92
1365.00 0.193332 2.92
1366.00 0.193332 2.92
1367.00 0.193332 2.92
1368.00 0.193332 2.92
1369.00 0.193332 2.92
1370.00 0.193332 2.92
1371.00 0.193332 2.92
1372.00 0.193332 2.92
1373.00 0.193332 2.92
1374.00 0.193332 2.92
1375.00 0.193332 2.92
1376.00 0.193332 2.92
1377.00 0.193332 2.92
1378.00 0.193332 2.92
1379.00 0.193332 2.92
1380.00 0.193332 2.92
1381.00 0.193332 2.92
1382.00 0.193332 2.92
1383.00 0.193332 2.92
1384.00 0.193332 2.92
1385.00 0.193332 2.92
1386.00 0.193332 2.92
1387.00 0.193332 2.92
1388.00 0.193332 2.92
1389.00 0.193332 2.92
1390.00 0.193332 2.92
1391.00 0.193332 2.92
1392.00 0.193332 2.92
1393.00 0.193332 2.92
1394.00 0.193332 2.92
1395.00 0.193332 2.92
1396.00 0.193332 2.92
1397.00 0.193332 2.92
1398.00 0.193332 2.92
1399.00 0.193332 2.92
1400.00 0.193332 2.92
1401.00 0.193332 2.92
1402.00 0.193332 2.92
1403.00 0.193332 2.92
1404.00 0.193332 2.92
1405.00 0.193332 2.92
1406.00 0.193332 2.92
1407.00 0.193332 2.92
1408.00 0.193332 2.92
1409.00 0.193332 2.92
1410.00 0.193332 2.92
1411.00 0.193332 2.92
1412.00 0.193332 2.92
1413.00 0.193332 2.92
1414.00 0.193332 2.92
1415.00 0.193332 2.92
1416.00 0.193332 2.92
1417.00 0.193332 2.92
1418.00 0.193332 2.92
1419.00 0.193332 2.92
1420.00 0.193332 2.92
1421.00 0.193332 2.92
1422.00 0.193332 2.92
1423.00 0.193332 2.92
1424.00 0.193332 2.92
1425.00 0.193332 2.92
1426.00 0.193332 2.92
1427.00 0.193332 2.92
1428.00 0.193332 2.92
1429.00 0.193332 2.92
1430.00 0.193332 2.92
1431.00 0.193332 2.92
1432.00 0.193332 2.92
1433.00 0.193332 2.92
1434.00 0.193332 2.92
1435.00 0.193332 2.92
1436.00 0.193332 2.92
1437.00 0.193332 2.92
1438.00 0.193332 2.92
1439.00 0.193332 2.92
1440.00 0.193332 2.92
1441.00 0.193332 2.92
1442.00 0.193332 2.92
1443.00 0.193332 2.92
1444.00 0.193332 2.92
1445.00 0.193332 2.92
1446.00 0.193332 2.92
1447.00 0.193332 2.92
1448.00 0.193332 2.92
1449.00 0.193332 2.92
1450.00 0.193332 2.92
1451.00 0.193332 2.92
1452.00 0.193332 2.92
1453.00 0.193332 2.92
1454.00 0.193332 2.92
1455.00 0.193332 2.92
1456.00 0.193332 2.92
1457.00 0.193332 2.92
1458.00 0.193332 2.92
1459.00 0.193332 2.92
1460.00 0.193332 2.92
1461.00 0.193332 2.92
1462.00 0.193332 2.92
1463.00 0.193332 2.92
1464.00 0.193332 2.92
1465.00 0.193332 2.92
1466.00 0.193332 2.92
1467.00 0.193332 2.92
1468.00 0.193332 2.92
1469.00 0.193332 2.92
1470.00 0.193332 2.92
1471.00 0.193332 2.92
1472.00 0.193332 2.92
1473.00 0.193332 2.92
1474.00 0.193332 2.92
1475.00 0.193332 2.92
1476.00 0.193332 2.92
1477.00 0.193332 2.92
1478.00 0.193332 2.92
1479.00 0.193332 2.92
1480.00 0.193332 2.92
1481.00 0.193332 2.92
1482.00 0.193332 2.92
1483.00 0.193332 2.92
1484.00 0.193332 2.92
1485.00 0.193332 2.92
1486.00 0.193332 2.92
1487.00 0.193332 2.92
1488.00 0.193332 2.92
1489.00 0.193332 2.92
1490.00 0.193332 2.92
1491.00 0.193332 2.92
1492.00 0.193332 2.92
1493.00 0.193332 2.92
1494.00 0.193332 2.92
1495.00 0.193332 2.92
1496.00 0.193332 2.92
1497.00 0.193332 2.92
1498.00 0.193332 2.92
1499.00 0.193332 2.92
1500.00 0.193332 2.92
1501.00 0.193332 2.92
1502.00 0.193332 2.92
1503.00 0.193332 2.92
1504.00 0.193332 2.92
1505.00 0.193332 2.92
1506.00 0.193332 2.92
1507.00 0.193332 2.92
1508.00 0.193332 2.92
1509.00 0.193332 2.92
1510.00 0.193332 2.92
1511.00 0.193332 2.92
1512.00 0.193332 2.92
1513.00 0.193332 2.92
1514.00 0.193332 2.92
1515.00 0.193332 2.92
1516.00 0.193332 2.92
1517.00 0.193332 2.92
1518.00 0.193332 2.92
1519.00 0.193332 2.92
1520.00 0.193332 2.92
1521.00 0.193332 2.92
1522.00 0.193332 2.92
1523.00 0.193332 2.92
1524.00 0.193332 2.92
1525.00 0.193332 2.92
1526.00 0.193332 2.92
1527.00 0.193332 2.92
1528.00 0.193332 2.92
1529.00 0.193332 2.92
1530.00 0.193332 2.92
1531.00 0.193332 2.92
1532.00 0.193332 2.92
1533.00 0.193332 2.92
1534.00 0.193332 2.92
1535.00 0.193332 2.92
1536.00 0.193332 2.92
1537.00 0.193332 2.92
1538.00 0.193332 2.92
1539.00 0.193332 2.92
1540.00 0.193332 2.92
1541.00 0.193332 2.92
1542.00 0.193332 2.92
1543.00 0.193332 2.92
1544.00 0.193332 2.92
1545.00 0.193332 2.92
1546.00 0.193332 2.92
1547.00 0.193332 2.92
1548.00 0.193332 2.92
1549.00 0.193332 2.92
1550.00 0.193332 2.92
1551.00 0.193332 2.92
1552.00 0.193332 2.92
1553.00 0.193332 2.92
1554.00 0.193332 2.92
1555.00 0.193332 2.92
1556.00 0.193332 2.92
1557.00 0.193332 2.92
1558.00 0.193332 2.92
1559.00 0.193332 2.92
1560.00 0.193332 2.92
1561.00 0.193332 2.92
1562.00 0.193332 2.92
1563.00 0.193332 2.92
1564.00 0.193332 2.92
1565.00 0.193332 2.92
1566.00 0.193332 2.92
1567.00 0.193332 2.92
1568.00 0.193332 2.92
1569.00 0.193332 2.92
1570.00 0.193332 2.92
1571.00 0.193332 2.92
1572.00 0.193332 2.92
1573.00 0.193332 2.92
1574.00 0.193332 2.92
1575.00 0.193332 2.92
1576.00 0.193332 2.92
1577.00 0.193332 2.92
1578.00 0.193332 2.92
1579.00 0.193332 2.92
1580.00 0.193332 2.92
1581.00 0.193332 2.92
1582.00 0.193332 2.92
1583.00 0.193332 2.92
1584.00 0.193332 2.92
1585.00 0.193332 2.92
1586.00 0.193332 2.92
1587.00 0.193332 2.92
1588.00 0.193332 2.92
1589.00 0.193332 2.92
1590.00 0.193332 2.92
1591.00 0.193332 2.92
1592.00 0.193332 2.92
1593.00 0.193332 2.92
1594.00 0.193332 2.92
1595.00 0.193332 2.92
1596.00 0.193332 2.92
1597.00 0.193332 2.92
1598.00 0.193332 2.92
1599.00 0.193332 2.92
1600.00 0.193332 2.92
1601.00 0.193332 2.92
1602.00 0.193332 2.92
1603.00 0.193332 2.92
1604.00 0.193332 2.92
1605.00 0.193332 2.92
1606.00 0.193332 2.92
1607.00 0.193332 2.92
1608.00 0.193332 2.92
1609.00 0.193332 2.92
1610.00 0.193332 2.92
1611.00 0.193332 2.92
1612.00 0.193332 2.92
1613.00 0.193332 2.92
1614.00 0.193332 2.92
1615.00 0.193332 2.92
1616.00 0.193332 2.92
1617.00 0.193332 2.92
1618.00 0.193332 2.92
1619.00 0.193332 2.92
1620.00 0.193332 2.92
1621.00 0.193332 2.92
1622.00 0.193332 2.92
1623.00 0.193332 2.92
1624.00 0.193332 2.92
1625.00 0.193332 2.92
1626.00 0.193332 2.92
1627.00 0.193332 2.92
1628.00 0.193332 2.92
1629.00 0.193332 2.92
1630.00 0.193332 2.92
1631.00 0.193332 2.92
1632.00 0.193332 2.92
1633.00 0.193332 2.92
1634.00 0.193332 2.92
1635.00 0.193332 2.92
1636.00 0.193332 2.92
1637.00 0.193332 2.92
1638.00 0.193332 2.92
1639.00 0.193332 2.92
1640.00 0.193332 2.92
1641.00 0.193332 2.92
1642.00 0.193332 2.92
1643.00 0.193332 2.92
1644.00 0.193332 2.92
1645.00 0.193332 2.92
1646.00 0.193332 2.92
1647.00 0.193332 2.92
1648.00 0.193332 2.92
1649.00 0.193332 2.92
1650.00 0.193332 2.92
1651.00 0.193332 2.92
1652.00 0.193332 2.92
1653.00 0.193332 2.92
1654.00 0.193332 2.92
1655.00 0.193332 2.92
1656.00 0.193332 2.92
1657.00 0.193332 2.92
1658.00 0.193332 2.92
1659.00 0.193332 2.92
1660.00 0.193332 2.92
1661.00 0.193332 2.92
1662.00 0.193332 2.92
1663.00 0.193332 2.92
1664.00 0.193332 2.92
1665.00 0.193332 2.92
1666.00 0.193332 2.92
1667.00 0.193332 2.92
1668.00 0.193332 2.92
1669.00 0.193332 2.92
1670.00 0.193332 2.92
1671.00 0.193332 2.92
1672.00 0.193332 2.92
1673.00 0.193332 2.92
1674.00 0.193332 2.92
1675.00 0.193332 2.92
1676.00 0.193332 2.92
1677.00 0.193332 2.92
1678.00 0.193332 2.92
1679.00 0.193332 2.92
1680.00 0.193332 2.92
1681.00 0.193332 2.92
1682.00 0.193332 2.92
1683.00 0.193332 2.92
1684.00 0.193332 2.92
1685.00 0.193332 2.92
1686.00 0.193332 2.92
1687.00 0.193332 2.92
1688.00 0.193332 2.92
1689.00 0.193332 2.92
1690.00 0.193332 2.92
1691.00 0.193332 2.92
1692.00 0.193332 2.92
1693.00 0.193332 2.92
1694.00 0.193332 2.92
1695.00 0.193332 2.92
1696.00 0.193332 2.92
1697.00 0.193332 2.92
1698.00 0.193332 2.92
1699.00 0.193332 2.92
1700.00 0.193332 2.92
1701.00 0.193332 2.92
1702.00 0.193332 2.92
1703.00 0.193332 2.92
1704.00 0.193332 2.92
1705.00 0.193332 2.92
1706.00 0.193332 2.92
1707.00 0.193332 2.92
1708.00 0.193332 2.92
1709.00 0.193332 2.92
1710.00 0.193332 2.92
1711.00 0.193332 2.92
1712.00 0.193332 2.92
1713.00 0.193332 2.92
1714.00 0.193332 2.92
1715.00 0.193332 2.92
1716.00 0.193332 2.92
1717.00 0.193332 2.92
1718.00 0.193332 2.92
1719.00 0.193332 2.92
1720.00 0.193332 2.92
1721.00 0.193332 2.92
1722.00 0.193332 2.92
1723.00 0.193332 2.92
1724.00 0.193332 2.92
1725.00 0.193332 2.92
1726.00 0.193332 2.92
1727.00 0.193332 2.92
1728.00 0.193332 2.92
1729.00 0.193332 2.92
1730.00 0.193332 2.92
1731.00 0.193332 2.92
1732.00 0.193332 2.92
1733.00 0.193332 2.92
1734.00 0.193332 2.92
1735.00 0.193332 2.92
1736.00 0.193332 2.92
1737.00 0.193332 2.92
1738.00 0.193332 2.92
1739.00 0.193332 2.92
1740.00 0.193332 2.92
1741.00 0.193332 2.92
1742.00 0.193332 2.92
1743.00 0.193332 2.92
1744.00 0.193332 2.92
1745.00 0.193332 2.92
1746.00 0.193332 2.92
1747.00 0.193332 2.92
1748.00 0.193332 2.92
1749.00 0.193332 2.92
1750.00 0.193332 2.92
1751.00 0.193332 2.92
1752.00 0.193332 2.92
1753.00 0.193332 2.92
1754.00 0.193332 2.92
1755.00 0.193332 2.92
1756.00 0.193332 2.92
1757.00 0.193332 2.92
1758.00 0.193332 2.92
1759.00 0.193332 2.92
1760.00 0.193332 2.92
1761.00 0.193332 2.92
1762.00 0.193332 2.92
1763.00 0.193332 2.92
1764.00 0.193332 2.92
1765.00 0.193332 2.92
1766.00 0.193332 2.92
1767.00 0.193332 2.92
1768.00 0.193332 2.92
1769.00 0.193332 2.92
1770.00 0.193332 2.92
1771.00 0.193332 2.92
1772.00 0.193332 2.92
1773.00 0.193332 2.92
1774.00 0.193332 2.92
1775.00 0.193332 2.92
1776.00 0.193332 2.92
1777.00 0.193332 2.92
1778.00 0.193332 2.92
1779.00 0.193332 2.92
1780.00 0.193332 2.92
1781.00 0.193332 2.92
1782.00 0.193332 2.92
1783.00 0.193332 2.92
1784.00 0.193332 2.92
1785.00 0.193332 2.92
1786.00 0.193332 2.92
1787.00 0.193332 2.92
1788.00 0.193332 2.92
1789.00 0.193332 2.92
1790.00 0.193332 2.92
1791.00 0.193332 2.92
1792.00 0.193332 2.92
1793.00 0.193332 2.92
1794.00 0.193332 2.92
1795.00 0.193332 2.92
1796.00 0.193332 2.92
1797.00 0.193332 2.92
1798.00 0.193332 2.92
1799.00 0.193332 2.92
1800.00 0.193332 2.92
1801.00 0.193332 2.92
1802.00 0.193332 2.92
1803.00 0.193332 2.92
1804.00 0.193332 2.92
1805.00 0.193332 2.92
1806.00 0.193332 2.92
1807.00 0.193332 2.92
1808.00 0.193332 2.92
1809.00 0.193332 2.92
1810.00 0.193332 2.92
1811.00 0.193332 2.92
1812.00 0.193332 2.92
1813.00 0.193332 2.92
1814.00 0.193332 2.92
1815.00 0.193332 2.92
1816.00 0.193332 2.92
1817.00 0.193332 2.92
1818.00 0.193332 2.92
1819.00 0.193332 2.92
1820.00 0.193332 2.92
1821.00 0.193332 2.92
1822.00 0.193332 2.92
1823.00 0.193332 2.92
1824.00 0.193332 2.92
1825.00 0.193332 2.92
1826.00 0.193332 2.92
1827.00 0.193332 2.92
1828.00 0.193332 2.92
1829.00 0.193332 2.92
1830.00 0.193332 2.92
1831.00 0.193332 2.92
1832.00 0.193332 2.92
1833.00 0.193332 2.92
1834.00 0.193332 2.92
1835.00 0.193332 2.92
1836.00 0.193332 2.92
1837.00 0.193332 2.92
1838.00 0.193332 2.92
1839.00 0.193332 2.92
1840.00 0.193332 2.92
1841.00 0.193332 2.92
1842.00 0.193332 2.92
1843.00 0.193332 2.92
1844.00 0.193332 2.92
1845.00 0.193332 2.92
1846.00 0.193332 2.92
1847.00 0.193332 2.92
1848.00 0.193332 2.92
1849.00 0.193332 2.92
1850.00 0.193332 2.92
1851.00 0.193332 2.92
1852.00 0.193332 2.92
1853.00 0.193332 2.92
1854.00 0.193332 2.92
1855.00 0.193332 2.92
1856.00 0.193332 2.92
1857.00 0.193332 2.92
1858.00 0.193332 2.92
1859.00 0.193332 2.92
1860.00 0.193332 2.92
1861.00 0.193332 2.92
1862.00 0.193332 2.92
1863.00 0.193332 2.92
1864.00 0.193332 2.92
1865.00 0.193332 2.92
1866.00 0.193332 2.92
1867.00 0.193332 2.92
1868.00 0.193332 2.92
1869.00 0.193332 2.92
1870.00 0.193332 2.92
1871.00 0.193332 2.92
1872.00 0.193332 2.92
1873.00 0.193332 2.92
1874.00 0.193332 2.92
1875.00 0.193332 2.92
1876.00 0.193332 2.92
1877.00 0.193332 2.92
1878.00 0.193332 2.92
1879.00 0.193332 2.92
1880.00 0.193332 2.92
1881.00 0.193332 2.92
1882.00 0.193332 2.92
1883.00 0.193332 2.92
1884.00 0.193332 2.92
1885.00 0.193332 2.92
1886.00 0.193332 2.92
1887.00 0.193332 2.92
1888.00 0.193332 2.92
1889.00 0.193332 2.92
1890.00 0.193332 2.92
1891.00 0.193332 2.92
1892.00 0.193332 2.92
1893.00 0.193332 2.92
1894.00 0.193332 2.92
1895.00 0.193332 2.92
1896.00 0.193332 2.92
1897.00 0.193332 2.92
1898.00 0.193332 2.92
1899.00 0.193332 2.92
1900.00 0.193332 2.92
1901.00 0.193332 2.92
1902.00 0.193332 2.92
1903.00 0.193332 2.92
1904.00 0.193332 2.92
1905.00 0.193332 2.92
1906.00 0.193332 2.92
1907.00 0.193332 2.92
1908.00 0.193332 2.92
1909.00 0.193332 2.92
1910.00 0.193332 2.92
1911.00 0.193332 2.92
1912.00 0.193332 2.92
1913.00 0.193332 2.92
1914.00 0.193332 2.92
1915.00 0.193332 2.92
1916.00 0.193332 2.92
1917.00 0.193332 2.92
1918.00 0.193332 2.92
1919.00 0.193332 2.92
1920.00 0.193332 2.92
1921.00 0.193332 2.92
1922.00 0.193332 2.92
1923.00 0.193332 2.92
1924.00 0.193332 2.92
1925.00 0.193332 2.92
1926.00 0.193332 2.92
1927.00 0.193332 2.92
1928.00 0.193332 2.92
1929.00 0.193332 2.92
1930.00 0.193332 2.92
1931.00 0.193332 2.92
1932.00 0.193332 2.92
1933.00 0.193332 2.92
1934.00 0.193332 2.92
1935.00 0.193332 2.92
1936.00 0.193332 2.92
1937.00 0.193332 2.92
1938.00 0.193332 2.92
1939.00 0.193332 2.92
1940.00 0.193332 2.92
1941.00 0.193332 2.92
1942.00 0.193332 2.92
1943.00 0.193332 2.92
1944.00 0.193332 2.92
1945.00 0.193332 2.92
1946.00 0.193332 2.92
1947.00 0.193332 2.92
1948.00 0.193332 2.92
1949.00 0.193332 2.92
1950.00 0.193332 2.92
1951.00 0.193332 2.92
1952.00 0.193332 2.92
1953.00 0.193332 2.92
1954.00 0.193332 2.92
1955.00 0.193332 2.92
1956.00 0.193332 2.92
1957.00 0.193332 2.92
1958.00 0.193332 2.92
1959.00 0.193332 2.92
1960.00 0.193332 2.92
1961.00 0.193332 2.92
1962.00 0.193332 2.92
1963.00 0.193332 2.92
1964.00 0.193332 2.92
1965.00 0.193332 2.92
1966.00 0.193332 2.92
1967.00 0.193332 2.92
1968.00 0.193332 2.92
1969.00 0.193332 2.92
1970.00 0.193332 2.92
1971.00 0.193332 2.92
1972.00 0.193332 2.92
1973.00 0.193332 2.92
1974.00 0.193332 2.92
1975.00 0.193332 2.92
1976.00 0.193332 2.92
1977.00 0.193332 2.92
1978.00 0.193332 2.92
1979.00 0.193332 2.92
1980.00 0.193332 2.92
1981.00 0.193332 2.92
1982.00 0.193332 2.92
1983.00 0.193332 2.92
1984.00 0.193332 2.92
1985.00 0.193332 2.92
1986.00 0.193332 2.92
1987.00 0.193332 2.92
1988.00 0.193332 2.92
1989.00 0.193332 2.92
1990.00 0.193332 2.92
1991.00 0.193332 2.92
1992.00 0.193332 2.92
1993.00 0.193332 2.92
1994.00 0.193332 2.92
1995.00 0.193332 2.92
1996.00 0.193332 2.92
1997.00 0.193332 2.92
1998.00 0.193332 2.92
1999.00 0.193332 2.92
2000.00 0.193332 2.92
