0.00 0.196872 3.10
1.00 0.196182 3.10
2.00 0.195490 3.10
3.00 0.194796 3.10
4.00 0.194101 3.10
5.00 0.193405 3.10
6.00 0.192707 3.10
7.00 0.192009 3.10
8.00 0.191309 3.09
9.00 0.190621 3.09
10.00 0.189932 3.09
11.00 0.189244 3.09
12.00 0.188564 3.08
13.00 0.187889 3.08
14.00 0.187232 3.07
15.00 0.186579 3.07
16.00 0.185927 3.07
17.00 0.185275 3.07
18.00 0.184623 3.07
19.00 0.183971 3.07
20.00 0.183317 3.07
21.00 0.182662 3.07
22.00 0.182004 3.07
23.00 0.181345 3.07
24.00 0.180683 3.07
25.00 0.180023 3.06
26.00 0.179409 3.03
27.00 0.178835 3.03
28.00 0.178261 3.03
29.00 0.177686 3.03
30.00 0.177118 3.01
31.00 0.176585 3.00
32.00 0.176066 3.00
33.00 0.175546 3.00
34.00 0.175025 3.00
35.00 0.174510 2.99
36.00 0.174008 2.98
37.00 0.173520 2.97
38.00 0.173058 2.97
39.00 0.172595 2.97
40.00 0.172148 2.96
41.00 0.171703 2.96
42.00 0.171257 2.96
43.00 0.170825 2.95
44.00 0.170420 2.94
45.00 0.170022 2.94
46.00 0.169632 2.93
47.00 0.169251 2.93
48.00 0.168871 2.93
49.00 0.168492 2.92
50.00 0.168121 2.92
51.00 0.167751 2.92
52.00 0.167396 2.91
53.00 0.167050 2.91
54.00 0.166705 2.90
55.00 0.166367 2.90
56.00 0.166029 2.90
57.00 0.165695 2.89
58.00 0.165369 2.88
59.00 0.165055 2.87
60.00 0.164746 2.87
61.00 0.164438 2.86
62.00 0.164143 2.86
63.00 0.163847 2.86
64.00 0.163551 2.86
65.00 0.163254 2.86
66.00 0.162963 2.85
67.00 0.162676 2.85
68.00 0.162388 2.84
69.00 0.162113 2.84
70.00 0.161849 2.83
71.00 0.161598 2.82
72.00 0.161354 2.82
73.00 0.161116 2.81
74.00 0.160882 2.80
75.00 0.160654 2.80
76.00 0.160427 2.80
77.00 0.160199 2.80
78.00 0.159972 2.80
79.00 0.159744 2.80
80.00 0.159517 2.80
81.00 0.159293 2.79
82.00 0.159081 2.79
83.00 0.158869 2.79
84.00 0.158667 2.78
85.00 0.158469 2.78
86.00 0.158273 2.77
87.00 0.158087 2.77
88.00 0.157903 2.75
89.00 0.157730 2.75
90.00 0.157557 2.75
91.00 0.157394 2.74
92.00 0.157239 2.73
93.00 0.157086 2.73
94.00 0.156934 2.73
95.00 0.156783 2.72
96.00 0.156639 2.72
97.00 0.156496 2.72
98.00 0.156356 2.71
99.00 0.156217 2.71
100.00 0.156079 2.71
101.00 0.155941 2.71
102.00 0.155804 2.71
103.00 0.155666 2.71
104.00 0.155529 2.71
105.00 0.155392 2.71
106.00 0.155255 2.71
107.00 0.155118 2.71
108.00 0.154981 2.71
109.00 0.154852 2.70
110.00 0.154728 2.70
111.00 0.154609 2.69
112.00 0.154501 2.69
113.00 0.154392 2.69
114.00 0.154284 2.69
115.00 0.154175 2.69
116.00 0.154067 2.69
117.00 0.153971 2.68
118.00 0.153876 2.68
119.00 0.153783 2.67
120.00 0.153693 2.67
121.00 0.153603 2.67
122.00 0.153515 2.66
123.00 0.153439 2.65
124.00 0.153372 2.65
125.00 0.153305 2.65
126.00 0.153239 2.65
127.00 0.153173 2.65
128.00 0.153107 2.65
129.00 0.153042 2.65
130.00 0.152977 2.65
131.00 0.152913 2.65
132.00 0.152848 2.65
133.00 0.152784 2.65
134.00 0.152720 2.65
135.00 0.152657 2.65
136.00 0.152597 2.64
137.00 0.152538 2.64
138.00 0.152479 2.64
139.00 0.152424 2.63
140.00 0.152372 2.63
141.00 0.152322 2.63
142.00 0.152271 2.63
143.00 0.152221 2.63
144.00 0.152175 2.62
145.00 0.152129 2.62
146.00 0.152084 2.62
147.00 0.152040 2.62
148.00 0.151995 2.62
149.00 0.151951 2.62
150.00 0.151908 2.62
151.00 0.151864 2.62
152.00 0.151821 2.62
153.00 0.151778 2.62
154.00 0.151735 2.62
155.00 0.151692 2.62
156.00 0.151649 2.62
157.00 0.151607 2.62
158.00 0.151565 2.62
159.00 0.151523 2.62
160.00 0.151481 2.62
161.00 0.151439 2.62
162.00 0.151398 2.62
163.00 0.151356 2.62
164.00 0.151322 2.61
165.00 0.151288 2.61
166.00 0.151256 2.61
167.00 0.151223 2.61
168.00 0.151191 2.61
169.00 0.151159 2.61
170.00 0.151127 2.61
171.00 0.151095 2.61
172.00 0.151064 2.61
173.00 0.151033 2.61
174.00 0.151002 2.61
175.00 0.150971 2.61
176.00 0.150940 2.61
177.00 0.150909 2.61
178.00 0.150879 2.61
179.00 0.150849 2.61
180.00 0.150818 2.61
181.00 0.150788 2.61
182.00 0.150759 2.61
183.00 0.150729 2.61
184.00 0.150699 2.61
185.00 0.150669 2.61
186.00 0.150640 2.61
187.00 0.150611 2.61
188.00 0.150582 2.60
189.00 0.150554 2.60
190.00 0.150526 2.60
191.00 0.150501 2.59
192.00 0.150478 2.59
193.00 0.150455 2.59
194.00 0.150432 2.59
195.00 0.150411 2.58
196.00 0.150390 2.58
197.00 0.150370 2.58
198.00 0.150350 2.58
199.00 0.150330 2.58
200.00 0.150312 2.57
201.00 0.150295 2.57
202.00 0.150278 2.57
203.00 0.150262 2.57
204.00 0.150245 2.57
205.00 0.150229 2.57
206.00 0.150213 2.57
207.00 0.150198 2.57
208.00 0.150182 2.57
209.00 0.150167 2.57
210.00 0.150152 2.57
211.00 0.150137 2.57
212.00 0.150122 2.57
213.00 0.150107 2.57
214.00 0.150092 2.57
215.00 0.150078 2.57
216.00 0.150064 2.57
217.00 0.150050 2.57
218.00 0.150035 2.57
219.00 0.150022 2.57
220.00 0.150008 2.57
221.00 0.149994 2.57
222.00 0.149980 2.57
223.00 0.149967 2.57
224.00 0.149953 2.57
225.00 0.149940 2.56
226.00 0.149929 2.56
227.00 0.149918 2.56
228.00 0.149907 2.56
229.00 0.149896 2.56
230.00 0.149885 2.56
231.00 0.149875 2.56
232.00 0.149864 2.56
233.00 0.149854 2.56
234.00 0.149844 2.56
235.00 0.149834 2.56
236.00 0.149824 2.56
237.00 0.149814 2.56
238.00 0.149804 2.56
239.00 0.149794 2.56
240.00 0.149784 2.56
241.00 0.149775 2.56
242.00 0.149765 2.56
243.00 0.149758 2.55
244.00 0.149751 2.55
245.00 0.149744 2.55
246.00 0.149737 2.55
247.00 0.149731 2.55
248.00 0.149724 2.55
249.00 0.149718 2.55
250.00 0.149712 2.55
251.00 0.149705 2.55
252.00 0.149699 2.55
253.00 0.149693 2.55
254.00 0.149688 2.55
255.00 0.149682 2.55
256.00 0.149676 2.55
257.00 0.149670 2.55
258.00 0.149665 2.55
259.00 0.149659 2.55
260.00 0.149654 2.55
261.00 0.149649 2.55
262.00 0.149643 2.55
263.00 0.149638 2.55
264.00 0.149633 2.55
265.00 0.149628 2.55
266.00 0.149623 2.55
267.00 0.149619 2.54
268.00 0.149615 2.54
269.00 0.149612 2.54
270.00 0.149608 2.54
271.00 0.149604 2.54
272.00 0.149601 2.54
273.00 0.149598 2.54
274.00 0.149594 2.54
275.00 0.149591 2.54
276.00 0.149588 2.54
277.00 0.149585 2.54
278.00 0.149581 2.54
279.00 0.149578 2.54
280.00 0.149575 2.54
281.00 0.149572 2.54
282.00 0.149569 2.54
283.00 0.149566 2.54
284.00 0.149564 2.54
285.00 0.149561 2.54
286.00 0.149558 2.53
287.00 0.149556 2.53
288.00 0.149554 2.53
289.00 0.149552 2.53
290.00 0.149550 2.53
291.00 0.149549 2.53
292.00 0.149547 2.53
293.00 0.149545 2.53
294.00 0.149543 2.53
295.00 0.149542 2.53
296.00 0.149540 2.53
297.00 0.149539 2.53
298.00 0.149537 2.53
299.00 0.149536 2.53
300.00 0.149534 2.53
301.00 0.149533 2.53
302.00 0.149531 2.53
303.00 0.149530 2.53
304.00 0.149529 2.53
305.00 0.149527 2.53
306.00 0.149526 2.53
307.00 0.149525 2.53
308.00 0.149524 2.53
309.00 0.149522 2.53
310.00 0.149521 2.53
311.00 0.149520 2.53
312.00 0.149519 2.53
313.00 0.149518 2.53
314.00 0.149517 2.53
315.00 0.149515 2.53
316.00 0.149514 2.53
317.00 0.149513 2.53
318.00 0.149512 2.53
319.00 0.149511 2.53
320.00 0.149510 2.53
321.00 0.149509 2.53
322.00 0.149508 2.53
323.00 0.149507 2.53
324.00 0.149506 2.53
325.00 0.149506 2.53
326.00 0.149505 2.53
327.00 0.149504 2.53
328.00 0.149503 2.53
329.00 0.149502 2.53
330.00 0.149501 2.53
331.00 0.149500 2.53
332.00 0.149500 2.53
333.00 0.149499 2.53
334.00 0.149498 2.53
335.00 0.149497 2.53
336.00 0.149496 2.53
337.00 0.149496 2.53
338.00 0.149495 2.53
339.00 0.149494 2.53
340.00 0.149493 2.53
341.00 0.149493 2.53
342.00 0.149492 2.53
343.00 0.149491 2.53
344.00 0.149491 2.53
345.00 0.149490 2.53
346.00 0.149489 2.53
347.00 0.149489 2.53
348.00 0.149488 2.53
349.00 0.149487 2.53
350.00 0.149487 2.53
351.00 0.149486 2.53
352.00 0.149486 2.53
353.00 0.149485 2.53
354.00 0.149484 2.53
355.00 0.149484 2.53
356.00 0.149483 2.53
357.00 0.149483 2.53
358.00 0.149482 2.53
359.00 0.149482 2.53
360.00 0.149481 2.53
361.00 0.149481 2.53
362.00 0.149480 2.53
363.00 0.149480 2.53
364.00 0.149479 2.53
365.00 0.149479 2.53
366.00 0.149478 2.53
367.00 0.149478 2.53
368.00 0.149477 2.53
369.00 0.149477 2.53
370.00 0.149476 2.53
371.00 0.149476 2.53
372.00 0.149475 2.53
373.00 0.149475 2.53
374.00 0.149475 2.53
375.00 0.149474 2.53
376.00 0.149474 2.53
377.00 0.149473 2.53
378.00 0.149473 2.53
379.00 0.149472 2.53
380.00 0.149472 2.53
381.00 0.149472 2.53
382.00 0.149471 2.53
383.00 0.149471 2.53
384.00 0.149470 2.53
385.00 0.149470 2.53
386.00 0.149470 2.53
387.00 0.149469 2.53
388.00 0.149469 2.53
389.00 0.149469 2.53
390.00 0.149468 2.53
391.00 0.149468 2.53
392.00 0.149468 2.53
393.00 0.149467 2.53
394.00 0.149467 2.53
395.00 0.149467 2.53
396.00 0.149466 2.53
397.00 0.149466 2.53
398.00 0.149466 2.53
399.00 0.149465 2.53
400.00 0.149465 2.53
401.00 0.149465 2.53
402.00 0.149464 2.53
403.00 0.149464 2.53
404.00 0.149464 2.53
405.00 0.149464 2.53
406.00 0.149463 2.53
407.00 0.149463 2.53
408.00 0.149463 2.53
409.00 0.149462 2.53
410.00 0.149462 2.53
411.00 0.149462 2.53
412.00 0.149462 2.53
413.00 0.149461 2.53
414.00 0.149461 2.53
415.00 0.149461 2.53
416.00 0.149461 2.53
417.00 0.149460 2.53
418.00 0.149460 2.53
419.00 0.149460 2.53
420.00 0.149460 2.53
421.00 0.149459 2.53
422.00 0.149459 2.53
423.00 0.149459 2.53
424.00 0.149459 2.53
425.00 0.149459 2.53
426.00 0.149458 2.53
427.00 0.149458 2.53
428.00 0.149458 2.53
429.00 0.149458 2.53
430.00 0.149457 2.53
431.00 0.149457 2.53
432.00 0.149457 2.53
433.00 0.149457 2.53
434.00 0.149457 2.53
435.00 0.149456 2.53
436.00 0.149456 2.53
437.00 0.149456 2.53
438.00 0.149456 2.53
439.00 0.149456 2.53
440.00 0.149455 2.53
441.00 0.149455 2.53
442.00 0.149455 2.53
443.00 0.149455 2.53
444.00 0.149455 2.53
445.00 0.149455 2.53
446.00 0.149454 2.53
447.00 0.149454 2.53
448.00 0.149454 2.53
449.00 0.149454 2.53
450.00 0.149454 2.53
451.00 0.149454 2.53
452.00 0.149453 2.53
453.00 0.149453 2.53
454.00 0.149453 2.53
455.00 0.149453 2.53
456.00 0.149453 2.53
457.00 0.149453 2.53
458.00 0.149452 2.53
459.00 0.149452 2.53
460.00 0.149452 2.53
461.00 0.149452 2.53
462.00 0.149452 2.53
463.00 0.149452 2.53
464.00 0.149452 2.53
465.00 0.149451 2.53
466.00 0.149451 2.53
467.00 0.149451 2.53
468.00 0.149451 2.53
469.00 0.149451 2.53
470.00 0.149451 2.53
471.00 0.149451 2.53
472.00 0.149451 2.53
473.00 0.149450 2.53
474.00 0.149450 2.53
475.00 0.149450 2.53
476.00 0.149450 2.53
477.00 0.149450 2.53
478.00 0.149450 2.53
479.00 0.149450 2.53
480.00 0.149450 2.53
481.00 0.149449 2.53
482.00 0.149449 2.53
483.00 0.149449 2.53
484.00 0.149449 2.53
485.00 0.149449 2.53
486.00 0.149449 2.53
487.00 0.149449 2.53
488.00 0.149449 2.53
489.00 0.149449 2.53
490.00 0.149448 2.53
491.00 0.149448 2.53
492.00 0.149448 2.53
493.00 0.149448 2.53
494.00 0.149448 2.53
495.00 0.149448 2.53
496.00 0.149448 2.53
497.00 0.149448 2.53
498.00 0.149448 2.53
499.00 0.149448 2.53
500.00 0.149447 2.53
501.00 0.149447 2.53
502.00 0.149447 2.53
503.00 0.149447 2.53
504.00 0.149447 2.53
505.00 0.149447 2.53
506.00 0.149447 2.53
507.00 0.149447 2.53
508.00 0.149447 2.53
509.00 0.149447 2.53
510.00 0.149447 2.53
511.00 0.149447 2.53
512.00 0.149446 2.53
513.00 0.149446 2.53
514.00 0.149446 2.53
515.00 0.149446 2.53
516.00 0.149446 2.53
517.00 0.149446 2.53
518.00 0.149446 2.53
519.00 0.149446 2.53
520.00 0.149446 2.53
521.00 0.149446 2.53
522.00 0.149446 2.53
523.00 0.149446 2.53
524.00 0.149446 2.53
525.00 0.149445 2.53
526.00 0.149445 2.53
527.00 0.149445 2.53
528.00 0.149445 2.53
529.00 0.149445 2.53
530.00 0.149445 2.53
531.00 0.149445 2.53
532.00 0.149445 2.53
533.00 0.149445 2.53
534.00 0.149445 2.53
535.00 0.149445 2.53
536.00 0.149445 2.53
537.00 0.149445 2.53
538.00 0.149445 2.53
539.00 0.149445 2.53
540.00 0.149444 2.53
541.00 0.149444 2.53
542.00 0.149444 2.53
543.00 0.149444 2.53
544.00 0.149444 2.53
545.00 0.149444 2.53
546.00 0.149444 2.53
547.00 0.149444 2.53
548.00 0.149444 2.53
549.00 0.149444 2.53
550.00 0.149444 2.53
551.00 0.149444 2.53
552.00 0.149444 2.53
553.00 0.149444 2.53
554.00 0.149444 2.53
555.00 0.149444 2.53
556.00 0.149444 2.53
557.00 0.149444 2.53
558.00 0.149444 2.53
559.00 0.149443 2.53
560.00 0.149443 2.53
561.00 0.149443 2.53
562.00 0.149443 2.53
563.00 0.149443 2.53
564.00 0.149443 2.53
565.00 0.149443 2.53
566.00 0.149443 2.53
567.00 0.149443 2.53
568.00 0.149443 2.53
569.00 0.149443 2.53
570.00 0.149443 2.53
571.00 0.149443 2.53
572.00 0.149443 2.53
573.00 0.149443 2.53
574.00 0.149443 2.53
575.00 0.149443 2.53
576.00 0.149443 2.53
577.00 0.149443 2.53
578.00 0.149443 2.53
579.00 0.149443 2.53
580.00 0.149443 2.53
581.00 0.149443 2.53
582.00 0.149442 2.53
583.00 0.149442 2.53
584.00 0.149442 2.53
585.00 0.149442 2.53
586.00 0.149442 2.53
587.00 0.149442 2.53
588.00 0.149442 2.53
589.00 0.149442 2.53
590.00 0.149442 2.53
591.00 0.149442 2.53
592.00 0.149442 2.53
593.00 0.149442 2.53
594.00 0.149442 2.53
595.00 0.149442 2.53
596.00 0.149442 2.53
597.00 0.149442 2.53
598.00 0.149442 2.53
599.00 0.149442 2.53
600.00 0.149442 2.53
601.00 0.149442 2.53
602.00 0.149442 2.53
603.00 0.149442 2.53
604.00 0.149442 2.53
605.00 0.149442 2.53
606.00 0.149442 2.53
607.00 0.149442 2.53
608.00 0.149442 2.53
609.00 0.149442 2.53
610.00 0.149442 2.53
611.00 0.149442 2.53
612.00 0.149442 2.53
613.00 0.149442 2.53
614.00 0.149441 2.53
615.00 0.149441 2.53
616.00 0.149441 2.53
617.00 0.149441 2.53
618.00 0.149441 2.53
619.00 0.149441 2.53
620.00 0.149441 2.53
621.00 0.149441 2.53
622.00 0.149441 2.53
623.00 0.149441 2.53
624.00 0.149441 2.53
625.00 0.149441 2.53
626.00 0.149441 2.53
627.00 0.149441 2.53
628.00 0.149441 2.53
629.00 0.149441 2.53
630.00 0.149441 2.53
631.00 0.149441 2.53
632.00 0.149441 2.53
633.00 0.149441 2.53
634.00 0.149441 2.53
635.00 0.149441 2.53
636.00 0.149441 2.53
637.00 0.149441 2.53
638.00 0.149441 2.53
639.00 0.149441 2.53
640.00 0.149441 2.53
641.00 0.149441 2.53
642.00 0.149441 2.53
643.00 0.149441 2.53
644.00 0.149441 2.53
645.00 0.149441 2.53
646.00 0.149441 2.53
647.00 0.149441 2.53
648.00 0.149441 2.53
649.00 0.149441 2.53
650.00 0.149441 2.53
651.00 0.149441 2.53
652.00 0.149441 2.53
653.00 0.149441 2.53
654.00 0.149441 2.53
655.00 0.149441 2.53
656.00 0.149441 2.53
657.00 0.149441 2.53
658.00 0.149441 2.53
659.00 0.149441 2.53
660.00 0.149441 2.53
661.00 0.149441 2.53
662.00 0.149440 2.53
663.00 0.149440 2.53
664.00 0.149440 2.53
665.00 0.149440 2.53
666.00 0.149440 2.53
667.00 0.149440 2.53
668.00 0.149440 2.53
669.00 0.149440 2.53
670.00 0.149440 2.53
671.00 0.149440 2.53
672.00 0.149440 2.53
673.00 0.149440 2.53
674.00 0.149440 2.53
675.00 0.149440 2.53
676.00 0.149440 2.53
677.00 0.149440 2.53
678.00 0.149440 2.53
679.00 0.149440 2.53
680.00 0.149440 2.53
681.00 0.149440 2.53
682.00 0.149440 2.53
683.00 0.149440 2.53
684.00 0.149440 2.53
685.00 0.149440 2.53
686.00 0.149440 2.53
687.00 0.149440 2.53
688.00 0.149440 2.53
689.00 0.149440 2.53
690.00 0.149440 2.53
691.00 0.149440 2.53
692.00 0.149440 2.53
693.00 0.149440 2.53
694.00 0.149440 2.53
695.00 0.149440 2.53
696.00 0.149440 2.53
697.00 0.149440 2.53
698.00 0.149440 2.53
699.00 0.149440 2.53
700.00 0.149440 2.53
701.00 0.149440 2.53
702.00 0.149440 2.53
703.00 0.149440 2.53
704.00 0.149440 2.53
705.00 0.149440 2.53
706.00 0.149440 2.53
707.00 0.149440 2.53
708.00 0.149440 2.53
709.00 0.149440 2.53
710.00 0.149440 2.53
711.00 0.149440 2.53
712.00 0.149440 2.53
713.00 0.149440 2.53
714.00 0.149440 2.53
715.00 0.149440 2.53
716.00 0.149440 2.53
717.00 0.149440 2.53
718.00 0.149440 2.53
719.00 0.149440 2.53
720.00 0.149440 2.53
721.00 0.149440 2.53
722.00 0.149440 2.53
723.00 0.149440 2.53
724.00 0.149440 2.53
725.00 0.149440 2.53
726.00 0.149440 2.53
727.00 0.149440 2.53
728.00 0.149440 2.53
729.00 0.149440 2.53
730.00 0.149440 2.53
731.00 0.149440 2.53
732.00 0.149440 2.53
733.00 0.149440 2.53
734.00 0.149440 2.53
735.00 0.149440 2.53
736.00 0.149440 2.53
737.00 0.149440 2.53
738.00 0.149440 2.53
739.00 0.149440 2.53
740.00 0.149440 2.53
741.00 0.149440 2.53
742.00 0.149440 2.53
743.00 0.149440 2.53
744.00 0.149440 2.53
745.00 0.149440 2.53
746.00 0.149440 2.53
747.00 0.149440 2.53
748.00 0.149440 2.53
749.00 0.149440 2.53
750.00 0.149440 2.53
751.00 0.149440 2.53
752.00 0.149440 2.53
753.00 0.149440 2.53
754.00 0.149440 2.53
755.00 0.149440 2.53
756.00 0.149440 2.53
757.00 0.149440 2.53
758.00 0.149440 2.53
759.00 0.149440 2.53
760.00 0.149440 2.53
761.00 0.149440 2.53
762.00 0.149440 2.53
763.00 0.149440 2.53
764.00 0.149440 2.53
765.00 0.149440 2.53
766.00 0.149440 2.53
767.00 0.149440 2.53
768.00 0.149439 2.53
769.00 0.149439 2.53
770.00 0.149439 2.53
771.00 0.149439 2.53
772.00 0.149439 2.53
773.00 0.149439 2.53
774.00 0.149439 2.53
775.00 0.149439 2.53
776.00 0.149439 2.53
777.00 0.149439 2.53
778.00 0.149439 2.53
779.00 0.149439 2.53
780.00 0.149439 2.53
781.00 0.149439 2.53
782.00 0.149439 2.53
783.00 0.149439 2.53
784.00 0.149439 2.53
785.00 0.149439 2.53
786.00 0.149439 2.53
787.00 0.149439 2.53
788.00 0.149439 2.53
789.00 0.149439 2.53
790.00 0.149439 2.53
791.00 0.149439 2.53
792.00 0.149439 2.53
793.00 0.149439 2.53
794.00 0.149439 2.53
795.00 0.149439 2.53
796.00 0.149439 2.53
797.00 0.149439 2.53
798.00 0.149439 2.53
799.00 0.149439 2.53
800.00 0.149439 2.53
801.00 0.149439 2.53
802.00 0.149439 2.53
803.00 0.149439 2.53
804.00 0.149439 2.53
805.00 0.149439 2.53
806.00 0.149439 2.53
807.00 0.149439 2.53
808.00 0.149439 2.53
809.00 0.149439 2.53
810.00 0.149439 2.53
811.00 0.149439 2.53
812.00 0.149439 2.53
813.00 0.149439 2.53
814.00 0.149439 2.53
815.00 0.149439 2.53
816.00 0.149439 2.53
817.00 0.149439 2.53
818.00 0.149439 2.53
819.00 0.149439 2.53
820.00 0.149439 2.53
821.00 0.149439 2.53
822.00 0.149439 2.53
823.00 0.149439 2.53
824.00 0.149439 2.53
825.00 0.149439 2.53
826.00 0.149439 2.53
827.00 0.149439 2.53
828.00 0.149439 2.53
829.00 0.149439 2.53
830.00 0.149439 2.53
831.00 0.149439 2.53
832.00 0.149439 2.53
833.00 0.149439 2.53
834.00 0.149439 2.53
835.00 0.149439 2.53
836.00 0.149439 2.53
837.00 0.149439 2.53
838.00 0.149439 2.53
839.00 0.149439 2.53
840.00 0.149439 2.53
841.00 0.149439 2.53
842.00 0.149439 2.53
843.00 0.149439 2.53
844.00 0.149439 2.53
845.00 0.149439 2.53
846.00 0.149439 2.53
847.00 0.149439 2.53
848.00 0.149439 2.53
849.00 0.149439 2.53
850.00 0.149439 2.53
851.00 0.149439 2.53
852.00 0.149439 2.53
853.00 0.149439 2.53
854.00 0.149439 2.53
855.00 0.149439 2.53
856.00 0.149439 2.53
857.00 0.149439 2.53
858.00 0.149439 2.53
859.00 0.149439 2.53
860.00 0.149439 2.53
861.00 0.149439 2.53
862.00 0.149439 2.53
863.00 0.149439 2.53
864.00 0.149439 2.53
865.00 0.149439 2.53
866.00 0.149439 2.53
867.00 0.149439 2.53
868.00 0.149439 2.53
869.00 0.149439 2.53
870.00 0.149439 2.53
871.00 0.149439 2.53
872.00 0.149439 2.53
873.00 0.149439 2.53
874.00 0.149439 2.53
875.00 0.149439 2.53
876.00 0.149439 2.53
877.00 0.149439 2.53
878.00 0.149439 2.53
879.00 0.149439 2.53
880.00 0.149439 2.53
881.00 0.149439 2.53
882.00 0.149439 2.53
883.00 0.149439 2.53
884.00 0.149439 2.53
885.00 0.149439 2.53
886.00 0.149439 2.53
887.00 0.149439 2.53
888.00 0.149439 2.53
889.00 0.149439 2.53
890.00 0.149439 2.53
891.00 0.149439 2.53
892.00 0.149439 2.53
893.00 0.149439 2.53
894.00 0.149439 2.53
895.00 0.149439 2.53
896.00 0.149439 2.53
897.00 0.149439 2.53
898.00 0.149439 2.53
899.00 0.149439 2.53
900.00 0.149439 2.53
901.00 0.149439 2.53
902.00 0.149439 2.53
903.00 0.149439 2.53
904.00 0.149439 2.53
905.00 0.149439 2.53
906.00 0.149439 2.53
907.00 0.149439 2.53
908.00 0.149439 2.53
909.00 0.149439 2.53
910.00 0.149439 2.53
911.00 0.149439 2.53
912.00 0.149439 2.53
913.00 0.149439 2.53
914.00 0.149439 2.53
915.00 0.149439 2.53
916.00 0.149439 2.53
917.00 0.149439 2.53
918.00 0.149439 2.53
919.00 0.149439 2.53
920.00 0.149439 2.53
921.00 0.149439 2.53
922.00 0.149439 2.53
923.00 0.149439 2.53
924.00 0.149439 2.53
925.00 0.149439 2.53
926.00 0.149439 2.53
927.00 0.149439 2.53
928.00 0.149439 2.53
929.00 0.149439 2.53
930.00 0.149439 2.53
931.00 0.149439 2.53
932.00 0.149439 2.53
933.00 0.149439 2.53
934.00 0.149439 2.53
935.00 0.149439 2.53
936.00 0.149439 2.53
937.00 0.149439 2.53
938.00 0.149439 2.53
939.00 0.149439 2.53
940.00 0.149439 2.53
941.00 0.149439 2.53
942.00 0.149439 2.53
943.00 0.149439 2.53
944.00 0.149439 2.53
945.00 0.149439 2.53
946.00 0.149439 2.53
947.00 0.149439 2.53
948.00 0.149439 2.53
949.00 0.149439 2.53
950.00 0.149439 2.53
951.00 0.149439 2.53
952.00 0.149439 2.53
953.00 0.149439 2.53
954.00 0.149439 2.53
955.00 0.149439 2.53
956.00 0.149439 2.53
957.00 0.149439 2.53
958.00 0.149439 2.53
959.00 0.149439 2.53
960.00 0.149439 2.53
961.00 0.149439 2.53
962.00 0.149439 2.53
963.00 0.149439 2.53
964.00 0.149439 2.53
965.00 0.149439 2.53
966.00 0.149439 2.53
967.00 0.149439 2.53
968.00 0.149439 2.53
969.00 0.149439 2.53
970.00 0.149439 2.53
971.00 0.149439 2.53
972.00 0.149439 2.53
973.00 0.149439 2.53
974.00 0.149439 2.53
975.00 0.149439 2.53
976.00 0.149439 2.53
977.00 0.149439 2.53
978.00 0.149439 2.53
979.00 0.149439 2.53
980.00 0.149439 2.53
981.00 0.149439 2.53
982.00 0.149439 2.53
983.00 0.149439 2.53
984.00 0.149439 2.53
985.00 0.149439 2.53
986.00 0.149439 2.53
987.00 0.149439 2.53
988.00 0.149439 2.53
989.00 0.149439 2.53
990.00 0.149439 2.53
991.00 0.149439 2.53
992.00 0.149439 2.53
993.00 0.149439 2.53
994.00 0.149439 2.53
995.00 0.149439 2.53
996.00 0.149439 2.53
997.00 0.149439 2.53
998.00 0.149439 2.53
999.00 0.149439 2.53
1000.00 0.149439 2.53
1001.00 0.149439 2.53
1002.00 0.149439 2.53
1003.00 0.149439 2.53
1004.00 0.149439 2.53
1005.00 0.149439 2.53
1006.00 0.149439 2.53
1007.00 0.149439 2.53
1008.00 0.149439 2.53
1009.00 0.149439 2.53
1010.00 0.149439 2.53
1011.00 0.149439 2.53
1012.00 0.149439 2.53
1013.00 0.149439 2.53
1014.00 0.149439 2.53
1015.00 0.149439 2.53
1016.00 0.149439 2.53
1017.00 0.149439 2.53
1018.00 0.149439 2.53
1019.00 0.149439 2.53
1020.00 0.149439 2.53
1021.00 0.149439 2.53
1022.00 0.149439 2.53
1023.00 0.149439 2.53
1024.00 0.149439 2.53
1025.00 0.149439 2.53
1026.00 0.149439 2.53
1027.00 0.149439 2.53
1028.00 0.149439 2.53
1029.00 0.149439 2.53
1030.00 0.149439 2.53
1031.00 0.149439 2.53
1032.00 0.149439 2.53
1033.00 0.149439 2.53
1034.00 0.149439 2.53
1035.00 0.149439 2.53
1036.00 0.149439 2.53
1037.00 0.149439 2.53
1038.00 0.149439 2.53
1039.00 0.149439 2.53
1040.00 0.149439 2.53
1041.00 0.149439 2.53
1042.00 0.149439 2.53
1043.00 0.149439 2.53
1044.00 0.149439 2.53
1045.00 0.149439 2.53
1046.00 0.149439 2.53
1047.00 0.149439 2.53
1048.00 0.149439 2.53
1049.00 0.149439 2.53
1050.00 0.149439 2.53
1051.00 0.149439 2.53
1052.00 0.149439 2.53
1053.00 0.149439 2.53
1054.00 0.149439 2.53
1055.00 0.149439 2.53
1056.00 0.149439 2.53
1057.00 0.149439 2.53
1058.00 0.149439 2.53
1059.00 0.149439 2.53
1060.00 0.149439 2.53
1061.00 0.149439 2.53
1062.00 0.149439 2.53
1063.00 0.149439 2.53
1064.00 0.149439 2.53
1065.00 0.149439 2.53
1066.00 0.149439 2.53
1067.00 0.149439 2.53
1068.00 0.149439 2.53
1069.00 0.149439 2.53
1070.00 0.149439 2.53
1071.00 0.149439 2.53
1072.00 0.149439 2.53
1073.00 0.149439 2.53
1074.00 0.149439 2.53
1075.00 0.149439 2.53
1076.00 0.149439 2.53
1077.00 0.149439 2.53
1078.00 0.149439 2.53
1079.00 0.149439 2.53
1080.00 0.149439 2.53
1081.00 0.149439 2.53
1082.00 0.149439 2.53
1083.00 0.149439 2.53
1084.00 0.149439 2.53
1085.00 0.149439 2.53
1086.00 0.149439 2.53
1087.00 0.149439 2.53
1088.00 0.149439 2.53
1089.00 0.149439 2.53
1090.00 0.149439 2.53
1091.00 0.149439 2.53
1092.00 0.149439 2.53
1093.00 0.149439 2.53
1094.00 0.149439 2.53
1095.00 0.149439 2.53
1096.00 0.149439 2.53
1097.00 0.149439 2.53
1098.00 0.149439 2.53
1099.00 0.149439 2.53
1100.00 0.149439 2.53
1101.00 0.149439 2.53
1102.00 0.149439 2.53
1103.00 0.149439 2.53
1104.00 0.149439 2.53
1105.00 0.149439 2.53
1106.00 0.149439 2.53
1107.00 0.149439 2.53
1108.00 0.149439 2.53
1109.00 0.149439 2.53
1110.00 0.149439 2.53
1111.00 0.149439 2.53
1112.00 0.149439 2.53
1113.00 0.149439 2.53
1114.00 0.149439 2.53
1115.00 0.149439 2.53
1116.00 0.149439 2.53
1117.00 0.149439 2.53
1118.00 0.149439 2.53
1119.00 0.149439 2.53
1120.00 0.149439 2.53
1121.00 0.149439 2.53
1122.00 0.149439 2.53
1123.00 0.149439 2.53
1124.00 0.149439 2.53
1125.00 0.149439 2.53
1126.00 0.149439 2.53
1127.00 0.149439 2.53
1128.00 0.149439 2.53
1129.00 0.149439 2.53
1130.00 0.149439 2.53
1131.00 0.149439 2.53
1132.00 0.149439 2.53
1133.00 0.149439 2.53
1134.00 0.149439 2.53
1135.00 0.149439 2.53
1136.00 0.149439 2.53
1137.00 0.149439 2.53
1138.00 0.149439 2.53
1139.00 0.149439 2.53
1140.00 0.149439 2.53
1141.00 0.149439 2.53
1142.00 0.149439 2.53
1143.00 0.149439 2.53
1144.00 0.149439 2.53
1145.00 0.149439 2.53
1146.00 0.149439 2.53
1147.00 0.149439 2.53
1148.00 0.149439 2.53
1149.00 0.149439 2.53
1150.00 0.149439 2.53
1151.00 0.149439 2.53
1152.00 0.149439 2.53
1153.00 0.149439 2.53
1154.00 0.149439 2.53
1155.00 0.149439 2.53
1156.00 0.149439 2.53
1157.00 0.149439 2.53
1158.00 0.149439 2.53
1159.00 0.149439 2.53
1160.00 0.149439 2.53
1161.00 0.149439 2.53
1162.00 0.149439 2.53
1163.00 0.149439 2.53
1164.00 0.149439 2.53
1165.00 0.149439 2.53
1166.00 0.149439 2.53
1167.00 0.149439 2.53
1168.00 0.149439 2.53
1169.00 0.149439 2.53
1170.00 0.149439 2.53
1171.00 0.149439 2.53
1172.00 0.149439 2.53
1173.00 0.149439 2.53
1174.00 0.149439 2.53
1175.00 0.149439 2.53
1176.00 0.149439 2.53
1177.00 0.149439 2.53
1178.00 0.149439 2.53
1179.00 0.149439 2.53
1180.00 0.149439 2.53
1181.00 0.149439 2.53
1182.00 0.149439 2.53
1183.00 0.149439 2.53
1184.00 0.149439 2.53
1185.00 0.149439 2.53
1186.00 0.149439 2.53
1187.00 0.149439 2.53
1188.00 0.149439 2.53
1189.00 0.149439 2.53
1190.00 0.149439 2.53
1191.00 0.149439 2.53
1192.00 0.149439 2.53
1193.00 0.149439 2.53
1194.00 0.149439 2.53
1195.00 0.149439 2.53
1196.00 0.149439 2.53
1197.00 0.149439 2.53
1198.00 0.149439 2.53
1199.00 0.149439 2.53
1200.00 0.149439 2.53
1201.00 0.149439 2.53
1202.00 0.149439 2.53
1203.00 0.149439 2.53
1204.00 0.149439 2.53
1205.00 0.149439 2.53
1206.00 0.149439 2.53
1207.00 0.149439 2.53
1208.00 0.149439 2.53
1209.00 0.149439 2.53
1210.00 0.149439 2.53
1211.00 0.149439 2.53
1212.00 0.149439 2.53
1213.00 0.149439 2.53
1214.00 0.149439 2.53
1215.00 0.149439 2.53
1216.00 0.149439 2.53
1217.00 0.149439 2.53
1218.00 0.149439 2.53
1219.00 0.149439 2.53
1220.00 0.149439 2.53
1221.00 0.149439 2.53
1222.00 0.149439 2.53
1223.00 0.149439 2.53
1224.00 0.149439 2.53
1225.00 0.149439 2.53
1226.00 0.149439 2.53
1227.00 0.149439 2.53
1228.00 0.149439 2.53
1229.00 0.149439 2.53
1230.00 0.149439 2.53
1231.00 0.149439 2.53
1232.00 0.149439 2.53
1233.00 0.149439 2.53
1234.00 0.149439 2.53
1235.00 0.149439 2.53
1236.00 0.149439 2.53
1237.00 0.149439 2.53
1238.00 0.149439 2.53
1239.00 0.149439 2.53
1240.00 0.149439 2.53
1241.00 0.149439 2.53
1242.00 0.149439 2.53
1243.00 0.149439 2.53
1244.00 0.149439 2.53
1245.00 0.149439 2.53
1246.00 0.149439 2.53
1247.00 0.149439 2.53
1248.00 0.149439 2.53
1249.00 0.149439 2.53
1250.00 0.149439 2.53
1251.00 0.149439 2.53
1252.00 0.149439 2.53
1253.00 0.149439 2.53
1254.00 0.149439 2.53
1255.00 0.149439 2.53
1256.00 0.149439 2.53
1257.00 0.149439 2.53
1258.00 0.149439 2.53
1259.00 0.149439 2.53
1260.00 0.149439 2.53
1261.00 0.149439 2.53
1262.00 0.149439 2.53
1263.00 0.149439 2.53
1264.00 0.149439 2.53
1265.00 0.149439 2.53
1266.00 0.149439 2.53
1267.00 0.149439 2.53
1268.00 0.149439 2.53
1269.00 0.149439 2.53
1270.00 0.149439 2.53
1271.00 0.149439 2.53
1272.00 0.149439 2.53
1273.00 0.149439 2.53
1274.00 0.149439 2.53
1275.00 0.149439 2.53
1276.00 0.149439 2.53
1277.00 0.149439 2.53
1278.00 0.149439 2.53
1279.00 0.149439 2.53
1280.00 0.149439 2.53
1281.00 0.149439 2.53
1282.00 0.149439 2.53
1283.00 0.149439 2.53
1284.00 0.149439 2.53
1285.00 0.149439 2.53
1286.00 0.149439 2.53
1287.00 0.149439 2.53
1288.00 0.149439 2.53
1289.00 0.149439 2.53
1290.00 0.149439 2.53
1291.00 0.149439 2.53
1292.00 0.149439 2.53
1293.00 0.149439 2.53
1294.00 0.149439 2.53
1295.00 0.149439 2.53
1296.00 0.149439 2.53
1297.00 0.149439 2.53
1298.00 0.149439 2.53
1299.00 0.149439 2.53
1300.00 0.149439 2.53
1301.00 0.149439 2.53
1302.00 0.149439 2.53
1303.00 0.149439 2.53
1304.00 0.149439 2.53
1305.00 0.149439 2.53
1306.00 0.149439 2.53
1307.00 0.149439 2.53
1308.00 0.149439 2.53
1309.00 0.149439 2.53
1310.00 0.149439 2.53
1311.00 0.149439 2.53
1312.00 0.149439 2.53
1313.00 0.149439 2.53
1314.00 0.149439 2.53
1315.00 0.149439 2.53
1316.00 0.149439 2.53
1317.00 0.149439 2.53
1318.00 0.149439 2.53
1319.00 0.149439 2.53
1320.00 0.149439 2.53
1321.00 0.149439 2.53
1322.00 0.149439 2.53
1323.00 0.149439 2.53
1324.00 0.149439 2.53
1325.00 0.149439 2.53
1326.00 0.149439 2.53
1327.00 0.149439 2.53
1328.00 0.149439 2.53
1329.00 0.149439 2.53
1330.00 0.149439 2.53
1331.00 0.149439 2.53
1332.00 0.149439 2.53
1333.00 0.149439 2.53
1334.00 0.149439 2.53
1335.00 0.149439 2.53
1336.00 0.149439 2.53
1337.00 0.149439 2.53
1338.00 0.149439 2.53
1339.00 0.149439 2.53
1340.00 0.149439 2.53
1341.00 0.149439 2.53
1342.00 0.149439 2.53
1343.00 0.149439 2.53
1344.00 0.149439 2.53
1345.00 0.149439 2.53
1346.00 0.149439 2.53
1347.00 0.149439 2.53
1348.00 0.149439 2.53
1349.00 0.149439 2.53
1350.00 0.149439 2.53
1351.00 0.149439 2.53
1352.00 0.149439 2.53
1353.00 0.149439 2.53
1354.00 0.149439 2.53
1355.00 0.149439 2.53
1356.00 0.149439 2.53
1357.00 0.149439 2.53
1358.00 0.149439 2.53
1359.00 0.149439 2.53
1360.00 0.149439 2.53
1361.00 0.149439 2.53
1362.00 0.149439 2.53
1363.00 0.149439 2.53
1364.00 0.149439 2.53
1365.00 0.149439 2.53
1366.00 0.149439 2.53
1367.00 0.149439 2.53
1368.00 0.149439 2.53
1369.00 0.149439 2.53
1370.00 0.149439 2.53
1371.00 0.149439 2.53
1372.00 0.149439 2.53
1373.00 0.149439 2.53
1374.00 0.149439 2.53
1375.00 0.149439 2.53
1376.00 0.149439 2.53
1377.00 0.149439 2.53
1378.00 0.149439 2.53
1379.00 0.149439 2.53
1380.00 0.149439 2.53
1381.00 0.149439 2.53
1382.00 0.149439 2.53
1383.00 0.149439 2.53
1384.00 0.149439 2.53
1385.00 0.149439 2.53
1386.00 0.149439 2.53
1387.00 0.149439 2.53
1388.00 0.149439 2.53
1389.00 0.149439 2.53
1390.00 0.149439 2.53
1391.00 0.149439 2.53
1392.00 0.149439 2.53
1393.00 0.149439 2.53
1394.00 0.149439 2.53
1395.00 0.149439 2.53
1396.00 0.149439 2.53
1397.00 0.149439 2.53
1398.00 0.149439 2.53
1399.00 0.149439 2.53
1400.00 0.149439 2.53
1401.00 0.149439 2.53
1402.00 0.149439 2.53
1403.00 0.149439 2.53
1404.00 0.149439 2.53
1405.00 0.149439 2.53
1406.00 0.149439 2.53
1407.00 0.149439 2.53
1408.00 0.149439 2.53
1409.00 0.149439 2.53
1410.00 0.149439 2.53
1411.00 0.149439 2.53
1412.00 0.149439 2.53
1413.00 0.149439 2.53
1414.00 0.149439 2.53
1415.00 0.149439 2.53
1416.00 0.149439 2.53
1417.00 0.149439 2.53
1418.00 0.149439 2.53
1419.00 0.149439 2.53
1420.00 0.149439 2.53
1421.00 0.149439 2.53
1422.00 0.149439 2.53
1423.00 0.149439 2.53
1424.00 0.149439 2.53
1425.00 0.149439 2.53
1426.00 0.149439 2.53
1427.00 0.149439 2.53
1428.00 0.149439 2.53
1429.00 0.149439 2.53
1430.00 0.149439 2.53
1431.00 0.149439 2.53
1432.00 0.149439 2.53
1433.00 0.149439 2.53
1434.00 0.149439 2.53
1435.00 0.149439 2.53
1436.00 0.149439 2.53
1437.00 0.149439 2.53
1438.00 0.149439 2.53
1439.00 0.149439 2.53
1440.00 0.149439 2.53
1441.00 0.149439 2.53
1442.00 0.149439 2.53
1443.00 0.149439 2.53
1444.00 0.149439 2.53
1445.00 0.149439 2.53
1446.00 0.149439 2.53
1447.00 0.149439 2.53
1448.00 0.149439 2.53
1449.00 0.149439 2.53
1450.00 0.149439 2.53
1451.00 0.149439 2.53
1452.00 0.149439 2.53
1453.00 0.149439 2.53
1454.00 0.149439 2.53
1455.00 0.149439 2.53
1456.00 0.149439 2.53
1457.00 0.149439 2.53
1458.00 0.149439 2.53
1459.00 0.149439 2.53
1460.00 0.149439 2.53
1461.00 0.149439 2.53
1462.00 0.149439 2.53
1463.00 0.149439 2.53
1464.00 0.149439 2.53
1465.00 0.149439 2.53
1466.00 0.149439 2.53
1467.00 0.149439 2.53
1468.00 0.149439 2.53
1469.00 0.149439 2.53
1470.00 0.149439 2.53
1471.00 0.149439 2.53
1472.00 0.149439 2.53
1473.00 0.149439 2.53
1474.00 0.149439 2.53
1475.00 0.149439 2.53
1476.00 0.149439 2.53
1477.00 0.149439 2.53
1478.00 0.149439 2.53
1479.00 0.149439 2.53
1480.00 0.149439 2.53
1481.00 0.149439 2.53
1482.00 0.149439 2.53
1483.00 0.149439 2.53
1484.00 0.149439 2.53
1485.00 0.149439 2.53
1486.00 0.149439 2.53
1487.00 0.149439 2.53
1488.00 0.149439 2.53
1489.00 0.149439 2.53
1490.00 0.149439 2.53
1491.00 0.149439 2.53
1492.00 0.149439 2.53
1493.00 0.149439 2.53
1494.00 0.149439 2.53
1495.00 0.149439 2.53
1496.00 0.149439 2.53
1497.00 0.149439 2.53
1498.00 0.149439 2.53
1499.00 0.149439 2.53
1500.00 0.149439 2.53
1501.00 0.149439 2.53
1502.00 0.149439 2.53
1503.00 0.149439 2.53
1504.00 0.149439 2.53
1505.00 0.149439 2.53
1506.00 0.149439 2.53
1507.00 0.149439 2.53
1508.00 0.149439 2.53
1509.00 0.149439 2.53
1510.00 0.149439 2.53
1511.00 0.149439 2.53
1512.00 0.149439 2.53
1513.00 0.149439 2.53
1514.00 0.149439 2.53
1515.00 0.149439 2.53
1516.00 0.149439 2.53
1517.00 0.149439 2.53
1518.00 0.149439 2.53
1519.00 0.149439 2.53
1520.00 0.149439 2.53
1521.00 0.149439 2.53
1522.00 0.149439 2.53
1523.00 0.149439 2.53
1524.00 0.149439 2.53
1525.00 0.149439 2.53
1526.00 0.149439 2.53
1527.00 0.149439 2.53
1528.00 0.149439 2.53
1529.00 0.149439 2.53
1530.00 0.149439 2.53
1531.00 0.149439 2.53
1532.00 0.149439 2.53
1533.00 0.149439 2.53
1534.00 0.149439 2.53
1535.00 0.149439 2.53
1536.00 0.149439 2.53
1537.00 0.149439 2.53
1538.00 0.149439 2.53
1539.00 0.149439 2.53
1540.00 0.149439 2.53
1541.00 0.149439 2.53
1542.00 0.149439 2.53
1543.00 0.149439 2.53
1544.00 0.149439 2.53
1545.00 0.149439 2.53
1546.00 0.149439 2.53
1547.00 0.149439 2.53
1548.00 0.149439 2.53
1549.00 0.149439 2.53
1550.00 0.149439 2.53
1551.00 0.149439 2.53
1552.00 0.149439 2.53
1553.00 0.149439 2.53
1554.00 0.149439 2.53
1555.00 0.149439 2.53
1556.00 0.149439 2.53
1557.00 0.149439 2.53
1558.00 0.149439 2.53
1559.00 0.149439 2.53
1560.00 0.149439 2.53
1561.00 0.149439 2.53
1562.00 0.149439 2.53
1563.00 0.149439 2.53
1564.00 0.149439 2.53
1565.00 0.149439 2.53
1566.00 0.149439 2.53
1567.00 0.149439 2.53
1568.00 0.149439 2.53
1569.00 0.149439 2.53
1570.00 0.149439 2.53
1571.00 0.149439 2.53
1572.00 0.149439 2.53
1573.00 0.149439 2.53
1574.00 0.149439 2.53
1575.00 0.149439 2.53
1576.00 0.149439 2.53
1577.00 0.149439 2.53
1578.00 0.149439 2.53
1579.00 0.149439 2.53
1580.00 0.149439 2.53
1581.00 0.149439 2.53
1582.00 0.149439 2.53
1583.00 0.149439 2.53
1584.00 0.149439 2.53
1585.00 0.149439 2.53
1586.00 0.149439 2.53
1587.00 0.149439 2.53
1588.00 0.149439 2.53
1589.00 0.149439 2.53
1590.00 0.149439 2.53
1591.00 0.149439 2.53
1592.00 0.149439 2.53
1593.00 0.149439 2.53
1594.00 0.149439 2.53
1595.00 0.149439 2.53
1596.00 0.149439 2.53
1597.00 0.149439 2.53
1598.00 0.149439 2.53
1599.00 0.149439 2.53
1600.00 0.149439 2.53
1601.00 0.149439 2.53
1602.00 0.149439 2.53
1603.00 0.149439 2.53
1604.00 0.149439 2.53
1605.00 0.149439 2.53
1606.00 0.149439 2.53
1607.00 0.149439 2.53
1608.00 0.149439 2.53
1609.00 0.149439 2.53
1610.00 0.149439 2.53
1611.00 0.149439 2.53
1612.00 0.149439 2.53
1613.00 0.149439 2.53
1614.00 0.149439 2.53
1615.00 0.149439 2.53
1616.00 0.149439 2.53
1617.00 0.149439 2.53
1618.00 0.149439 2.53
1619.00 0.149439 2.53
1620.00 0.149439 2.53
1621.00 0.149439 2.53
1622.00 0.149439 2.53
1623.00 0.149439 2.53
1624.00 0.149439 2.53
1625.00 0.149439 2.53
1626.00 0.149439 2.53
1627.00 0.149439 2.53
1628.00 0.149439 2.53
1629.00 0.149439 2.53
1630.00 0.149439 2.53
1631.00 0.149439 2.53
1632.00 0.149439 2.53
1633.00 0.149439 2.53
1634.00 0.149439 2.53
1635.00 0.149439 2.53
1636.00 0.149439 2.53
1637.00 0.149439 2.53
1638.00 0.149439 2.53
1639.00 0.149439 2.53
1640.00 0.149439 2.53
1641.00 0.149439 2.53
1642.00 0.149439 2.53
1643.00 0.149439 2.53
1644.00 0.149439 2.53
1645.00 0.149439 2.53
1646.00 0.149439 2.53
1647.00 0.149439 2.53
1648.00 0.149439 2.53
1649.00 0.149439 2.53
1650.00 0.149439 2.53
1651.00 0.149439 2.53
1652.00 0.149439 2.53
1653.00 0.149439 2.53
1654.00 0.149439 2.53
1655.00 0.149439 2.53
1656.00 0.149439 2.53
1657.00 0.149439 2.53
1658.00 0.149439 2.53
1659.00 0.149439 2.53
1660.00 0.149439 2.53
1661.00 0.149439 2.53
1662.00 0.149439 2.53
1663.00 0.149439 2.53
1664.00 0.149439 2.53
1665.00 0.149439 2.53
1666.00 0.149439 2.53
1667.00 0.149439 2.53
1668.00 0.149439 2.53
1669.00 0.149439 2.53
1670.00 0.149439 2.53
1671.00 0.149439 2.53
1672.00 0.149439 2.53
1673.00 0.149439 2.53
1674.00 0.149439 2.53
1675.00 0.149439 2.53
1676.00 0.149439 2.53
1677.00 0.149439 2.53
1678.00 0.149439 2.53
1679.00 0.149439 2.53
1680.00 0.149439 2.53
1681.00 0.149439 2.53
1682.00 0.149439 2.53
1683.00 0.149439 2.53
1684.00 0.149439 2.53
1685.00 0.149439 2.53
1686.00 0.149439 2.53
1687.00 0.149439 2.53
1688.00 0.149439 2.53
1689.00 0.149439 2.53
1690.00 0.149439 2.53
1691.00 0.149439 2.53
1692.00 0.149439 2.53
1693.00 0.149439 2.53
1694.00 0.149439 2.53
1695.00 0.149439 2.53
1696.00 0.149439 2.53
1697.00 0.149439 2.53
1698.00 0.149439 2.53
1699.00 0.149439 2.53
1700.00 0.149439 2.53
1701.00 0.149439 2.53
1702.00 0.149439 2.53
1703.00 0.149439 2.53
1704.00 0.149439 2.53
1705.00 0.149439 2.53
1706.00 0.149439 2.53
1707.00 0.149439 2.53
1708.00 0.149439 2.53
1709.00 0.149439 2.53
1710.00 0.149439 2.53
1711.00 0.149439 2.53
1712.00 0.149439 2.53
1713.00 0.149439 2.53
1714.00 0.149439 2.53
1715.00 0.149439 2.53
1716.00 0.149439 2.53
1717.00 0.149439 2.53
1718.00 0.149439 2.53
1719.00 0.149439 2.53
1720.00 0.149439 2.53
1721.00 0.149439 2.53
1722.00 0.149439 2.53
1723.00 0.149439 2.53
1724.00 0.149439 2.53
1725.00 0.149439 2.53
1726.00 0.149439 2.53
1727.00 0.149439 2.53
1728.00 0.149439 2.53
1729.00 0.149439 2.53
1730.00 0.149439 2.53
1731.00 0.149439 2.53
1732.00 0.149439 2.53
1733.00 0.149439 2.53
1734.00 0.149439 2.53
1735.00 0.149439 2.53
1736.00 0.149439 2.53
1737.00 0.149439 2.53
1738.00 0.149439 2.53
1739.00 0.149439 2.53
1740.00 0.149439 2.53
1741.00 0.149439 2.53
1742.00 0.149439 2.53
1743.00 0.149439 2.53
1744.00 0.149439 2.53
1745.00 0.149439 2.53
1746.00 0.149439 2.53
1747.00 0.149439 2.53
1748.00 0.149439 2.53
1749.00 0.149439 2.53
1750.00 0.149439 2.53
1751.00 0.149439 2.53
1752.00 0.149439 2.53
1753.00 0.149439 2.53
1754.00 0.149439 2.53
1755.00 0.149439 2.53
1756.00 0.149439 2.53
1757.00 0.149439 2.53
1758.00 0.149439 2.53
1759.00 0.149439 2.53
1760.00 0.149439 2.53
1761.00 0.149439 2.53
1762.00 0.149439 2.53
1763.00 0.149439 2.53
1764.00 0.149439 2.53
1765.00 0.149439 2.53
1766.00 0.149439 2.53
1767.00 0.149439 2.53
1768.00 0.149439 2.53
1769.00 0.149439 2.53
1770.00 0.149439 2.53
1771.00 0.149439 2.53
1772.00 0.149439 2.53
1773.00 0.149439 2.53
1774.00 0.149439 2.53
1775.00 0.149439 2.53
1776.00 0.149439 2.53
1777.00 0.149439 2.53
1778.00 0.149439 2.53
1779.00 0.149439 2.53
1780.00 0.149439 2.53
1781.00 0.149439 2.53
1782.00 0.149439 2.53
1783.00 0.149439 2.53
1784.00 0.149439 2.53
1785.00 0.149439 2.53
1786.00 0.149439 2.53
1787.00 0.149439 2.53
1788.00 0.149439 2.53
1789.00 0.149439 2.53
1790.00 0.149439 2.53
1791.00 0.149439 2.53
1792.00 0.149439 2.53
1793.00 0.149439 2.53
1794.00 0.149439 2.53
1795.00 0.149439 2.53
1796.00 0.149439 2.53
1797.00 0.149439 2.53
1798.00 0.149439 2.53
1799.00 0.149439 2.53
1800.00 0.149439 2.53
1801.00 0.149439 2.53
1802.00 0.149439 2.53
1803.00 0.149439 2.53
1804.00 0.149439 2.53
1805.00 0.149439 2.53
1806.00 0.149439 2.53
1807.00 0.149439 2.53
1808.00 0.149439 2.53
1809.00 0.149439 2.53
1810.00 0.149439 2.53
1811.00 0.149439 2.53
1812.00 0.149439 2.53
1813.00 0.149439 2.53
1814.00 0.149439 2.53
1815.00 0.149439 2.53
1816.00 0.149439 2.53
1817.00 0.149439 2.53
1818.00 0.149439 2.53
1819.00 0.149439 2.53
1820.00 0.149439 2.53
1821.00 0.149439 2.53
1822.00 0.149439 2.53
1823.00 0.149439 2.53
1824.00 0.149439 2.53
1825.00 0.149439 2.53
1826.00 0.149439 2.53
1827.00 0.149439 2.53
1828.00 0.149439 2.53
1829.00 0.149439 2.53
1830.00 0.149439 2.53
1831.00 0.149439 2.53
1832.00 0.149439 2.53
1833.00 0.149439 2.53
1834.00 0.149439 2.53
1835.00 0.149439 2.53
1836.00 0.149439 2.53
1837.00 0.149439 2.53
1838.00 0.149439 2.53
1839.00 0.149439 2.53
1840.00 0.149439 2.53
1841.00 0.149439 2.53
1842.00 0.149439 2.53
1843.00 0.149439 2.53
1844.00 0.149439 2.53
1845.00 0.149439 2.53
1846.00 0.149439 2.53
1847.00 0.149439 2.53
1848.00 0.149439 2.53
1849.00 0.149439 2.53
1850.00 0.149439 2.53
1851.00 0.149439 2.53
1852.00 0.149439 2.53
1853.00 0.149439 2.53
1854.00 0.149439 2.53
1855.00 0.149439 2.53
1856.00 0.149439 2.53
1857.00 0.149439 2.53
1858.00 0.149439 2.53
1859.00 0.149439 2.53
1860.00 0.149439 2.53
1861.00 0.149439 2.53
1862.00 0.149439 2.53
1863.00 0.149439 2.53
1864.00 0.149439 2.53
1865.00 0.149439 2.53
1866.00 0.149439 2.53
1867.00 0.149439 2.53
1868.00 0.149439 2.53
1869.00 0.149439 2.53
1870.00 0.149439 2.53
1871.00 0.149439 2.53
1872.00 0.149439 2.53
1873.00 0.149439 2.53
1874.00 0.149439 2.53
1875.00 0.149439 2.53
1876.00 0.149439 2.53
1877.00 0.149439 2.53
1878.00 0.149439 2.53
1879.00 0.149439 2.53
1880.00 0.149439 2.53
1881.00 0.149439 2.53
1882.00 0.149439 2.53
1883.00 0.149439 2.53
1884.00 0.149439 2.53
1885.00 0.149439 2.53
1886.00 0.149439 2.53
1887.00 0.149439 2.53
1888.00 0.149439 2.53
1889.00 0.149439 2.53
1890.00 0.149439 2.53
1891.00 0.149439 2.53
1892.00 0.149439 2.53
1893.00 0.149439 2.53
1894.00 0.149439 2.53
1895.00 0.149439 2.53
1896.00 0.149439 2.53
1897.00 0.149439 2.53
1898.00 0.149439 2.53
1899.00 0.149439 2.53
1900.00 0.149439 2.53
1901.00 0.149439 2.53
1902.00 0.149439 2.53
1903.00 0.149439 2.53
1904.00 0.149439 2.53
1905.00 0.149439 2.53
1906.00 0.149439 2.53
1907.00 0.149439 2.53
1908.00 0.149439 2.53
1909.00 0.149439 2.53
1910.00 0.149439 2.53
1911.00 0.149439 2.53
1912.00 0.149439 2.53
1913.00 0.149439 2.53
1914.00 0.149439 2.53
1915.00 0.149439 2.53
1916.00 0.149439 2.53
1917.00 0.149439 2.53
1918.00 0.149439 2.53
1919.00 0.149439 2.53
1920.00 0.149439 2.53
1921.00 0.149439 2.53
1922.00 0.149439 2.53
1923.00 0.149439 2.53
1924.00 0.149439 2.53
1925.00 0.149439 2.53
1926.00 0.149439 2.53
1927.00 0.149439 2.53
1928.00 0.149439 2.53
1929.00 0.149439 2.53
1930.00 0.149439 2.53
1931.00 0.149439 2.53
1932.00 0.149439 2.53
1933.00 0.149439 2.53
1934.00 0.149439 2.53
1935.00 0.149439 2.53
1936.00 0.149439 2.53
1937.00 0.149439 2.53
1938.00 0.149439 2.53
1939.00 0.149439 2.53
1940.00 0.149439 2.53
1941.00 0.149439 2.53
1942.00 0.149439 2.53
1943.00 0.149439 2.53
1944.00 0.149439 2.53
1945.00 0.149439 2.53
1946.00 0.149439 2.53
1947.00 0.149439 2.53
1948.00 0.149439 2.53
1949.00 0.149439 2.53
1950.00 0.149439 2.53
1951.00 0.149439 2.53
1952.00 0.149439 2.53
1953.00 0.149439 2.53
1954.00 0.149439 2.53
1955.00 0.149439 2.53
1956.00 0.149439 2.53
1957.00 0.149439 2.53
1958.00 0.149439 2.53
1959.00 0.149439 2.53
1960.00 0.149439 2.53
1961.00 0.149439 2.53
1962.00 0.149439 2.53
1963.00 0.149439 2.53
1964.00 0.149439 2.53
1965.00 0.149439 2.53
1966.00 0.149439 2.53
1967.00 0.149439 2.53
1968.00 0.149439 2.53
1969.00 0.149439 2.53
1970.00 0.149439 2.53
1971.00 0.149439 2.53
1972.00 0.149439 2.53
1973.00 0.149439 2.53
1974.00 0.149439 2.53
1975.00 0.149439 2.53
1976.00 0.149439 2.53
1977.00 0.149439 2.53
1978.00 0.149439 2.53
1979.00 0.149439 2.53
1980.00 0.149439 2.53
1981.00 0.149439 2.53
1982.00 0.149439 2.53
1983.00 0.149439 2.53
1984.00 0.149439 2.53
1985.00 0.149439 2.53
1986.00 0.149439 2.53
1987.00 0.149439 2.53
1988.00 0.149439 2.53
1989.00 0.149439 2.53
1990.00 0.149439 2.53
1991.00 0.149439 2.53
1992.00 0.149439 2.53
1993.00 0.149439 2.53
1994.00 0.149439 2.53
1995.00 0.149439 2.53
1996.00 0.149439 2.53
1997.00 0.149439 2.53
1998.00 0.149439 2.53
1999.00 0.149439 2.53
2000.00 0.149439 2.53
