0.00 1.493252 17.52
1.00 1.490787 17.52
2.00 1.488314 17.52
3.00 1.485833 17.52
4.00 1.483348 17.51
5.00 1.480857 17.51
6.00 1.478358 17.51
7.00 1.475853 17.51
8.00 1.473341 17.51
9.00 1.470823 17.51
10.00 1.468297 17.51
11.00 1.465764 17.51
12.00 1.463225 17.51
13.00 1.460678 17.51
14.00 1.458124 17.51
15.00 1.455563 17.51
16.00 1.452994 17.51
17.00 1.450417 17.51
18.00 1.447832 17.51
19.00 1.445245 17.49
20.00 1.442691 17.48
21.00 1.440156 17.46
22.00 1.437633 17.46
23.00 1.435108 17.46
24.00 1.432582 17.45
25.00 1.430060 17.44
26.00 1.427553 17.44
27.00 1.425043 17.44
28.00 1.422528 17.44
29.00 1.420009 17.44
30.00 1.417483 17.44
31.00 1.414979 17.42
32.00 1.412491 17.40
33.00 1.410034 17.39
34.00 1.407603 17.36
35.00 1.405200 17.36
36.00 1.402815 17.34
37.00 1.400449 17.33
38.00 1.398117 17.32
39.00 1.395792 17.31
40.00 1.393474 17.29
41.00 1.391203 17.27
42.00 1.388983 17.25
43.00 1.386797 17.23
44.00 1.384626 17.23
45.00 1.382456 17.23
46.00 1.380287 17.23
47.00 1.378115 17.23
48.00 1.375946 17.22
49.00 1.373779 17.21
50.00 1.371636 17.20
51.00 1.369504 17.18
52.00 1.367394 17.17
53.00 1.365301 17.15
54.00 1.363215 17.15
55.00 1.361158 17.13
56.00 1.359118 17.12
57.00 1.357100 17.11
58.00 1.355086 17.11
59.00 1.353084 17.09
60.00 1.351120 17.07
61.00 1.349236 17.04
62.00 1.347375 17.04
63.00 1.345532 17.02
64.00 1.343745 17.01
65.00 1.341968 17.01
66.00 1.340199 17.00
67.00 1.338443 16.98
68.00 1.336712 16.97
69.00 1.335006 16.94
70.00 1.333315 16.94
71.00 1.331640 16.92
72.00 1.330010 16.91
73.00 1.328400 16.90
74.00 1.326823 16.89
75.00 1.325253 16.88
76.00 1.323715 16.86
77.00 1.322209 16.85
78.00 1.320725 16.85
79.00 1.319244 16.85
80.00 1.317772 16.84
81.00 1.316326 16.83
82.00 1.314884 16.83
83.00 1.313451 16.82
84.00 1.312026 16.82
85.00 1.310607 16.81
86.00 1.309196 16.81
87.00 1.307785 16.81
88.00 1.306376 16.80
89.00 1.305000 16.79
90.00 1.303652 16.78
91.00 1.302352 16.75
92.00 1.301101 16.75
93.00 1.299895 16.71
94.00 1.298706 16.71
95.00 1.297531 16.70
96.00 1.296372 16.70
97.00 1.295217 16.70
98.00 1.294080 16.69
99.00 1.292957 16.69
100.00 1.291850 16.67
101.00 1.290754 16.67
102.00 1.289678 16.66
103.00 1.288648 16.64
104.00 1.287633 16.64
105.00 1.286627 16.63
106.00 1.285630 16.63
107.00 1.284647 16.62
108.00 1.283673 16.62
109.00 1.282730 16.60
110.00 1.281813 16.59
111.00 1.280913 16.58
112.00 1.280032 16.57
113.00 1.279174 16.56
114.00 1.278329 16.56
115.00 1.277490 16.55
116.00 1.276666 16.54
117.00 1.275863 16.53
118.00 1.275070 16.53
119.00 1.274291 16.51
120.00 1.273542 16.51
121.00 1.272803 16.49
122.00 1.272083 16.48
123.00 1.271369 16.48
124.00 1.270658 16.48
125.00 1.269952 16.48
126.00 1.269249 16.48
127.00 1.268557 16.46
128.00 1.267869 16.46
129.00 1.267190 16.45
130.00 1.266518 16.43
131.00 1.265858 16.43
132.00 1.265213 16.42
133.00 1.264585 16.42
134.00 1.263966 16.41
135.00 1.263361 16.41
136.00 1.262760 16.41
137.00 1.262179 16.39
138.00 1.261620 16.39
139.00 1.261079 16.38
140.00 1.260555 16.35
141.00 1.260052 16.35
142.00 1.259568 16.34
143.00 1.259103 16.34
144.00 1.258645 16.34
145.00 1.258194 16.34
146.00 1.257747 16.34
147.00 1.257306 16.34
148.00 1.256870 16.34
149.00 1.256441 16.32
150.00 1.256019 16.32
151.00 1.255600 16.32
152.00 1.255186 16.32
153.00 1.254775 16.32
154.00 1.254367 16.32
155.00 1.253963 16.32
156.00 1.253561 16.32
157.00 1.253162 16.32
158.00 1.252765 16.32
159.00 1.252371 16.32
160.00 1.251978 16.32
161.00 1.251588 16.32
162.00 1.251204 16.31
163.00 1.250839 16.31
164.00 1.250478 16.30
165.00 1.250128 16.30
166.00 1.249780 16.30
167.00 1.249436 16.30
168.00 1.249096 16.29
169.00 1.248763 16.29
170.00 1.248434 16.28
171.00 1.248108 16.28
172.00 1.247785 16.28
173.00 1.247465 16.27
174.00 1.247147 16.27
175.00 1.246832 16.27
176.00 1.246519 16.27
177.00 1.246207 16.27
178.00 1.245904 16.26
179.00 1.245613 16.25
180.00 1.245341 16.24
181.00 1.245079 16.24
182.00 1.244821 16.24
183.00 1.244568 16.23
184.00 1.244319 16.23
185.00 1.244073 16.23
186.00 1.243831 16.23
187.00 1.243591 16.23
188.00 1.243354 16.23
189.00 1.243119 16.23
190.00 1.242887 16.23
191.00 1.242657 16.23
192.00 1.242429 16.23
193.00 1.242203 16.23
194.00 1.241980 16.23
195.00 1.241758 16.23
196.00 1.241538 16.23
197.00 1.241320 16.23
198.00 1.241103 16.23
199.00 1.240888 16.23
200.00 1.240675 16.23
201.00 1.240463 16.23
202.00 1.240252 16.23
203.00 1.240043 16.23
204.00 1.239835 16.23
205.00 1.239628 16.23
206.00 1.239422 16.23
207.00 1.239218 16.23
208.00 1.239014 16.23
209.00 1.238812 16.23
210.00 1.238611 16.23
211.00 1.238410 16.23
212.00 1.238210 16.23
213.00 1.238011 16.23
214.00 1.237813 16.23
215.00 1.237616 16.23
216.00 1.237419 16.23
217.00 1.237236 16.22
218.00 1.237054 16.22
219.00 1.236874 16.22
220.00 1.236695 16.21
221.00 1.236523 16.21
222.00 1.236352 16.21
223.00 1.236183 16.21
224.00 1.236016 16.21
225.00 1.235849 16.21
226.00 1.235684 16.21
227.00 1.235521 16.21
228.00 1.235358 16.21
229.00 1.235196 16.21
230.00 1.235036 16.21
231.00 1.234877 16.21
232.00 1.234718 16.21
233.00 1.234561 16.20
234.00 1.234406 16.20
235.00 1.234253 16.20
236.00 1.234101 16.20
237.00 1.233951 16.19
238.00 1.233803 16.19
239.00 1.233657 16.19
240.00 1.233511 16.19
241.00 1.233367 16.19
242.00 1.233223 16.19
243.00 1.233081 16.19
244.00 1.232939 16.19
245.00 1.232799 16.19
246.00 1.232659 16.19
247.00 1.232521 16.19
248.00 1.232383 16.19
249.00 1.232246 16.19
250.00 1.232110 16.19
251.00 1.231974 16.19
252.00 1.231840 16.19
253.00 1.231706 16.19
254.00 1.231573 16.19
255.00 1.231440 16.18
256.00 1.231312 16.18
257.00 1.231184 16.18
258.00 1.231058 16.18
259.00 1.230932 16.18
260.00 1.230807 16.18
261.00 1.230683 16.18
262.00 1.230560 16.18
263.00 1.230445 16.17
264.00 1.230334 16.16
265.00 1.230225 16.16
266.00 1.230117 16.16
267.00 1.230010 16.16
268.00 1.229905 16.16
269.00 1.229801 16.16
270.00 1.229698 16.16
271.00 1.229596 16.16
272.00 1.229501 16.15
273.00 1.229408 16.15
274.00 1.229318 16.15
275.00 1.229228 16.15
276.00 1.229140 16.15
277.00 1.229053 16.15
278.00 1.228967 16.15
279.00 1.228883 16.15
280.00 1.228799 16.15
281.00 1.228716 16.15
282.00 1.228635 16.15
283.00 1.228554 16.15
284.00 1.228475 16.15
285.00 1.228396 16.15
286.00 1.228318 16.15
287.00 1.228242 16.15
288.00 1.228166 16.15
289.00 1.228091 16.15
290.00 1.228016 16.15
291.00 1.227943 16.15
292.00 1.227870 16.15
293.00 1.227798 16.15
294.00 1.227727 16.15
295.00 1.227656 16.15
296.00 1.227586 16.15
297.00 1.227517 16.15
298.00 1.227449 16.15
299.00 1.227381 16.15
300.00 1.227314 16.15
301.00 1.227248 16.15
302.00 1.227182 16.15
303.00 1.227117 16.15
304.00 1.227053 16.15
305.00 1.226989 16.15
306.00 1.226926 16.15
307.00 1.226863 16.15
308.00 1.226801 16.15
309.00 1.226739 16.15
310.00 1.226678 16.15
311.00 1.226618 16.15
312.00 1.226558 16.15
313.00 1.226499 16.15
314.00 1.226440 16.15
315.00 1.226381 16.15
316.00 1.226323 16.15
317.00 1.226266 16.15
318.00 1.226210 16.14
319.00 1.226154 16.14
320.00 1.226099 16.14
321.00 1.226045 16.14
322.00 1.225991 16.14
323.00 1.225937 16.14
324.00 1.225884 16.14
325.00 1.225832 16.14
326.00 1.225780 16.14
327.00 1.225728 16.14
328.00 1.225677 16.14
329.00 1.225626 16.14
330.00 1.225576 16.14
331.00 1.225526 16.14
332.00 1.225476 16.14
333.00 1.225427 16.14
334.00 1.225378 16.14
335.00 1.225330 16.14
336.00 1.225282 16.14
337.00 1.225234 16.14
338.00 1.225187 16.14
339.00 1.225140 16.14
340.00 1.225093 16.13
341.00 1.225047 16.13
342.00 1.225001 16.13
343.00 1.224956 16.13
344.00 1.224911 16.13
345.00 1.224866 16.13
346.00 1.224822 16.13
347.00 1.224778 16.13
348.00 1.224734 16.13
349.00 1.224691 16.13
350.00 1.224648 16.13
351.00 1.224605 16.13
352.00 1.224563 16.13
353.00 1.224521 16.13
354.00 1.224479 16.13
355.00 1.224437 16.13
356.00 1.224396 16.13
357.00 1.224355 16.13
358.00 1.224315 16.13
359.00 1.224274 16.13
360.00 1.224234 16.13
361.00 1.224195 16.13
362.00 1.224155 16.13
363.00 1.224116 16.13
364.00 1.224077 16.13
365.00 1.224038 16.13
366.00 1.224000 16.13
367.00 1.223962 16.13
368.00 1.223924 16.13
369.00 1.223886 16.13
370.00 1.223848 16.13
371.00 1.223811 16.13
372.00 1.223774 16.13
373.00 1.223737 16.13
374.00 1.223701 16.13
375.00 1.223664 16.13
376.00 1.223628 16.13
377.00 1.223592 16.13
378.00 1.223557 16.13
379.00 1.223521 16.13
380.00 1.223486 16.13
381.00 1.223451 16.13
382.00 1.223416 16.13
383.00 1.223382 16.13
384.00 1.223347 16.13
385.00 1.223313 16.13
386.00 1.223279 16.12
387.00 1.223246 16.12
388.00 1.223212 16.12
389.00 1.223179 16.12
390.00 1.223146 16.12
391.00 1.223113 16.12
392.00 1.223081 16.12
393.00 1.223050 16.11
394.00 1.223021 16.11
395.00 1.222992 16.11
396.00 1.222963 16.11
397.00 1.222935 16.11
398.00 1.222907 16.11
399.00 1.222879 16.11
400.00 1.222852 16.11
401.00 1.222825 16.11
402.00 1.222798 16.11
403.00 1.222771 16.11
404.00 1.222745 16.11
405.00 1.222719 16.11
406.00 1.222693 16.11
407.00 1.222667 16.11
408.00 1.222642 16.11
409.00 1.222617 16.11
410.00 1.222592 16.11
411.00 1.222567 16.11
412.00 1.222543 16.11
413.00 1.222519 16.11
414.00 1.222495 16.11
415.00 1.222471 16.11
416.00 1.222448 16.11
417.00 1.222424 16.11
418.00 1.222401 16.11
419.00 1.222378 16.11
420.00 1.222355 16.11
421.00 1.222333 16.11
422.00 1.222311 16.11
423.00 1.222288 16.11
424.00 1.222267 16.11
425.00 1.222245 16.11
426.00 1.222223 16.11
427.00 1.222202 16.11
428.00 1.222181 16.11
429.00 1.222159 16.11
430.00 1.222139 16.11
431.00 1.222118 16.11
432.00 1.222097 16.11
433.00 1.222077 16.11
434.00 1.222057 16.11
435.00 1.222037 16.11
436.00 1.222017 16.11
437.00 1.221997 16.11
438.00 1.221978 16.11
439.00 1.221958 16.11
440.00 1.221939 16.11
441.00 1.221920 16.11
442.00 1.221901 16.11
443.00 1.221882 16.11
444.00 1.221863 16.11
445.00 1.221845 16.11
446.00 1.221827 16.11
447.00 1.221808 16.11
448.00 1.221790 16.11
449.00 1.221772 16.11
450.00 1.221754 16.11
451.00 1.221737 16.11
452.00 1.221719 16.11
453.00 1.221702 16.11
454.00 1.221685 16.11
455.00 1.221667 16.11
456.00 1.221650 16.11
457.00 1.221633 16.11
458.00 1.221617 16.11
459.00 1.221600 16.11
460.00 1.221583 16.11
461.00 1.221567 16.11
462.00 1.221551 16.11
463.00 1.221535 16.11
464.00 1.221518 16.11
465.00 1.221502 16.11
466.00 1.221487 16.11
467.00 1.221471 16.11
468.00 1.221455 16.11
469.00 1.221440 16.11
470.00 1.221424 16.11
471.00 1.221409 16.11
472.00 1.221394 16.11
473.00 1.221379 16.11
474.00 1.221364 16.11
475.00 1.221349 16.11
476.00 1.221334 16.11
477.00 1.221320 16.11
478.00 1.221305 16.11
479.00 1.221290 16.11
480.00 1.221276 16.11
481.00 1.221262 16.11
482.00 1.221248 16.11
483.00 1.221234 16.11
484.00 1.221220 16.11
485.00 1.221206 16.11
486.00 1.221192 16.11
487.00 1.221178 16.11
488.00 1.221164 16.11
489.00 1.221151 16.11
490.00 1.221137 16.11
491.00 1.221124 16.11
492.00 1.221111 16.11
493.00 1.221098 16.11
494.00 1.221084 16.11
495.00 1.221071 16.11
496.00 1.221058 16.11
497.00 1.221046 16.11
498.00 1.221033 16.11
499.00 1.221020 16.11
500.00 1.221007 16.11
501.00 1.220995 16.11
502.00 1.220982 16.11
503.00 1.220970 16.11
504.00 1.220958 16.11
505.00 1.220946 16.11
506.00 1.220933 16.11
507.00 1.220921 16.11
508.00 1.220909 16.11
509.00 1.220897 16.11
510.00 1.220885 16.11
511.00 1.220874 16.11
512.00 1.220862 16.11
513.00 1.220850 16.11
514.00 1.220839 16.11
515.00 1.220827 16.11
516.00 1.220816 16.11
517.00 1.220804 16.11
518.00 1.220793 16.11
519.00 1.220782 16.11
520.00 1.220770 16.11
521.00 1.220759 16.11
522.00 1.220748 16.11
523.00 1.220737 16.11
524.00 1.220726 16.11
525.00 1.220715 16.11
526.00 1.220704 16.11
527.00 1.220694 16.11
528.00 1.220683 16.11
529.00 1.220672 16.11
530.00 1.220662 16.11
531.00 1.220651 16.11
532.00 1.220641 16.11
533.00 1.220630 16.11
534.00 1.220620 16.11
535.00 1.220610 16.11
536.00 1.220599 16.11
537.00 1.220589 16.11
538.00 1.220579 16.11
539.00 1.220569 16.11
540.00 1.220559 16.11
541.00 1.220549 16.11
542.00 1.220539 16.11
543.00 1.220529 16.11
544.00 1.220519 16.11
545.00 1.220510 16.11
546.00 1.220500 16.11
547.00 1.220490 16.11
548.00 1.220481 16.11
549.00 1.220471 16.11
550.00 1.220462 16.11
551.00 1.220452 16.11
552.00 1.220443 16.11
553.00 1.220433 16.11
554.00 1.220424 16.11
555.00 1.220415 16.11
556.00 1.220405 16.11
557.00 1.220396 16.11
558.00 1.220387 16.11
559.00 1.220378 16.11
560.00 1.220369 16.11
561.00 1.220360 16.11
562.00 1.220351 16.11
563.00 1.220342 16.11
564.00 1.220333 16.11
565.00 1.220324 16.11
566.00 1.220315 16.11
567.00 1.220307 16.11
568.00 1.220298 16.11
569.00 1.220289 16.11
570.00 1.220281 16.11
571.00 1.220272 16.11
572.00 1.220263 16.11
573.00 1.220255 16.11
574.00 1.220246 16.11
575.00 1.220238 16.11
576.00 1.220230 16.11
577.00 1.220221 16.11
578.00 1.220213 16.11
579.00 1.220205 16.11
580.00 1.220196 16.11
581.00 1.220188 16.11
582.00 1.220180 16.11
583.00 1.220172 16.11
584.00 1.220164 16.11
585.00 1.220156 16.10
586.00 1.220149 16.10
587.00 1.220142 16.10
588.00 1.220135 16.10
589.00 1.220128 16.10
590.00 1.220121 16.10
591.00 1.220114 16.10
592.00 1.220107 16.10
593.00 1.220101 16.10
594.00 1.220094 16.10
595.00 1.220087 16.10
596.00 1.220081 16.10
597.00 1.220074 16.10
598.00 1.220068 16.10
599.00 1.220061 16.10
600.00 1.220055 16.10
601.00 1.220048 16.10
602.00 1.220042 16.10
603.00 1.220035 16.10
604.00 1.220029 16.10
605.00 1.220023 16.10
606.00 1.220016 16.10
607.00 1.220010 16.10
608.00 1.220004 16.10
609.00 1.219998 16.10
610.00 1.219992 16.10
611.00 1.219986 16.10
612.00 1.219979 16.10
613.00 1.219973 16.10
614.00 1.219967 16.10
615.00 1.219962 16.10
616.00 1.219956 16.10
617.00 1.219950 16.10
618.00 1.219944 16.10
619.00 1.219938 16.10
620.00 1.219932 16.10
621.00 1.219926 16.10
622.00 1.219921 16.10
623.00 1.219915 16.10
624.00 1.219909 16.10
625.00 1.219904 16.10
626.00 1.219898 16.10
627.00 1.219893 16.10
628.00 1.219887 16.10
629.00 1.219882 16.10
630.00 1.219876 16.10
631.00 1.219871 16.10
632.00 1.219865 16.10
633.00 1.219860 16.10
634.00 1.219854 16.10
635.00 1.219849 16.10
636.00 1.219844 16.10
637.00 1.219839 16.10
638.00 1.219833 16.10
639.00 1.219828 16.10
640.00 1.219823 16.10
641.00 1.219818 16.10
642.00 1.219813 16.10
643.00 1.219808 16.10
644.00 1.219802 16.10
645.00 1.219797 16.10
646.00 1.219792 16.10
647.00 1.219787 16.10
648.00 1.219782 16.10
649.00 1.219778 16.10
650.00 1.219773 16.10
651.00 1.219768 16.10
652.00 1.219763 16.10
653.00 1.219758 16.10
654.00 1.219753 16.10
655.00 1.219748 16.10
656.00 1.219744 16.10
657.00 1.219739 16.10
658.00 1.219734 16.10
659.00 1.219730 16.10
660.00 1.219725 16.10
661.00 1.219720 16.10
662.00 1.219716 16.10
663.00 1.219711 16.10
664.00 1.219706 16.10
665.00 1.219702 16.10
666.00 1.219697 16.10
667.00 1.219693 16.10
668.00 1.219688 16.10
669.00 1.219684 16.10
670.00 1.219680 16.10
671.00 1.219675 16.10
672.00 1.219671 16.10
673.00 1.219667 16.10
674.00 1.219662 16.10
675.00 1.219658 16.10
676.00 1.219654 16.10
677.00 1.219649 16.10
678.00 1.219645 16.10
679.00 1.219641 16.10
680.00 1.219637 16.10
681.00 1.219633 16.10
682.00 1.219628 16.10
683.00 1.219624 16.10
684.00 1.219620 16.10
685.00 1.219616 16.10
686.00 1.219612 16.10
687.00 1.219608 16.10
688.00 1.219604 16.10
689.00 1.219600 16.10
690.00 1.219596 16.10
691.00 1.219592 16.10
692.00 1.219588 16.10
693.00 1.219584 16.10
694.00 1.219580 16.10
695.00 1.219576 16.10
696.00 1.219572 16.10
697.00 1.219569 16.10
698.00 1.219565 16.10
699.00 1.219561 16.10
700.00 1.219557 16.10
701.00 1.219553 16.10
702.00 1.219550 16.10
703.00 1.219546 16.10
704.00 1.219542 16.10
705.00 1.219538 16.10
706.00 1.219535 16.10
707.00 1.219531 16.10
708.00 1.219527 16.10
709.00 1.219524 16.10
710.00 1.219520 16.10
711.00 1.219517 16.10
712.00 1.219513 16.10
713.00 1.219510 16.10
714.00 1.219506 16.10
715.00 1.219502 16.10
716.00 1.219499 16.10
717.00 1.219495 16.10
718.00 1.219492 16.10
719.00 1.219489 16.10
720.00 1.219485 16.10
721.00 1.219482 16.10
722.00 1.219478 16.10
723.00 1.219475 16.10
724.00 1.219472 16.10
725.00 1.219468 16.10
726.00 1.219465 16.10
727.00 1.219462 16.10
728.00 1.219458 16.10
729.00 1.219455 16.10
730.00 1.219452 16.10
731.00 1.219448 16.10
732.00 1.219445 16.10
733.00 1.219442 16.10
734.00 1.219439 16.10
735.00 1.219436 16.10
736.00 1.219432 16.10
737.00 1.219429 16.10
738.00 1.219426 16.10
739.00 1.219423 16.10
740.00 1.219420 16.10
741.00 1.219417 16.10
742.00 1.219414 16.10
743.00 1.219411 16.10
744.00 1.219408 16.10
745.00 1.219405 16.10
746.00 1.219402 16.10
747.00 1.219399 16.10
748.00 1.219396 16.10
749.00 1.219393 16.10
750.00 1.219390 16.10
751.00 1.219387 16.10
752.00 1.219384 16.10
753.00 1.219381 16.10
754.00 1.219378 16.10
755.00 1.219375 16.10
756.00 1.219372 16.10
757.00 1.219369 16.10
758.00 1.219366 16.10
759.00 1.219363 16.10
760.00 1.219361 16.10
761.00 1.219358 16.10
762.00 1.219355 16.10
763.00 1.219352 16.10
764.00 1.219349 16.10
765.00 1.219347 16.10
766.00 1.219344 16.10
767.00 1.219341 16.10
768.00 1.219338 16.10
769.00 1.219336 16.10
770.00 1.219333 16.10
771.00 1.219330 16.10
772.00 1.219328 16.10
773.00 1.219325 16.10
774.00 1.219322 16.10
775.00 1.219320 16.10
776.00 1.219317 16.10
777.00 1.219314 16.10
778.00 1.219312 16.10
779.00 1.219309 16.10
780.00 1.219307 16.10
781.00 1.219304 16.10
782.00 1.219302 16.10
783.00 1.219299 16.10
784.00 1.219296 16.10
785.00 1.219294 16.10
786.00 1.219291 16.10
787.00 1.219289 16.10
788.00 1.219286 16.10
789.00 1.219284 16.10
790.00 1.219281 16.10
791.00 1.219279 16.10
792.00 1.219277 16.10
793.00 1.219274 16.10
794.00 1.219272 16.10
795.00 1.219269 16.10
796.00 1.219267 16.10
797.00 1.219264 16.10
798.00 1.219262 16.10
799.00 1.219260 16.10
800.00 1.219257 16.10
801.00 1.219255 16.10
802.00 1.219253 16.10
803.00 1.219250 16.10
804.00 1.219248 16.10
805.00 1.219246 16.10
806.00 1.219243 16.10
807.00 1.219241 16.10
808.00 1.219239 16.10
809.00 1.219237 16.10
810.00 1.219234 16.10
811.00 1.219232 16.10
812.00 1.219230 16.10
813.00 1.219228 16.10
814.00 1.219225 16.10
815.00 1.219223 16.10
816.00 1.219221 16.10
817.00 1.219219 16.10
818.00 1.219217 16.10
819.00 1.219215 16.10
820.00 1.219212 16.10
821.00 1.219210 16.10
822.00 1.219208 16.10
823.00 1.219206 16.10
824.00 1.219204 16.10
825.00 1.219202 16.10
826.00 1.219200 16.10
827.00 1.219198 16.10
828.00 1.219195 16.10
829.00 1.219193 16.10
830.00 1.219191 16.10
831.00 1.219189 16.10
832.00 1.219187 16.10
833.00 1.219185 16.10
834.00 1.219183 16.10
835.00 1.219181 16.10
836.00 1.219179 16.10
837.00 1.219177 16.10
838.00 1.219175 16.10
839.00 1.219173 16.10
840.00 1.219171 16.10
841.00 1.219169 16.10
842.00 1.219167 16.10
843.00 1.219165 16.10
844.00 1.219163 16.10
845.00 1.219161 16.10
846.00 1.219159 16.10
847.00 1.219158 16.10
848.00 1.219156 16.10
849.00 1.219154 16.10
850.00 1.219152 16.10
851.00 1.219150 16.10
852.00 1.219148 16.10
853.00 1.219146 16.10
854.00 1.219144 16.10
855.00 1.219142 16.10
856.00 1.219141 16.10
857.00 1.219139 16.10
858.00 1.219137 16.10
859.00 1.219135 16.10
860.00 1.219133 16.10
861.00 1.219132 16.10
862.00 1.219130 16.10
863.00 1.219128 16.10
864.00 1.219126 16.10
865.00 1.219124 16.10
866.00 1.219123 16.10
867.00 1.219121 16.10
868.00 1.219119 16.10
869.00 1.219117 16.10
870.00 1.219116 16.10
871.00 1.219114 16.10
872.00 1.219112 16.10
873.00 1.219110 16.10
874.00 1.219109 16.10
875.00 1.219107 16.10
876.00 1.219105 16.10
877.00 1.219104 16.10
878.00 1.219102 16.10
879.00 1.219100 16.10
880.00 1.219099 16.10
881.00 1.219097 16.10
882.00 1.219095 16.10
883.00 1.219094 16.10
884.00 1.219092 16.10
885.00 1.219090 16.10
886.00 1.219089 16.10
887.00 1.219087 16.10
888.00 1.219085 16.10
889.00 1.219084 16.10
890.00 1.219082 16.10
891.00 1.219081 16.10
892.00 1.219079 16.10
893.00 1.219078 16.10
894.00 1.219076 16.10
895.00 1.219074 16.10
896.00 1.219073 16.10
897.00 1.219071 16.10
898.00 1.219070 16.10
899.00 1.219068 16.10
900.00 1.219067 16.10
901.00 1.219065 16.10
902.00 1.219064 16.10
903.00 1.219062 16.10
904.00 1.219061 16.10
905.00 1.219059 16.10
906.00 1.219058 16.10
907.00 1.219056 16.10
908.00 1.219055 16.10
909.00 1.219053 16.10
910.00 1.219052 16.10
911.00 1.219050 16.10
912.00 1.219049 16.10
913.00 1.219047 16.10
914.00 1.219046 16.10
915.00 1.219044 16.10
916.00 1.219043 16.10
917.00 1.219041 16.10
918.00 1.219040 16.10
919.00 1.219039 16.10
920.00 1.219037 16.10
921.00 1.219036 16.10
922.00 1.219034 16.10
923.00 1.219033 16.10
924.00 1.219032 16.10
925.00 1.219030 16.10
926.00 1.219029 16.10
927.00 1.219027 16.10
928.00 1.219026 16.10
929.00 1.219025 16.10
930.00 1.219023 16.10
931.00 1.219022 16.10
932.00 1.219021 16.10
933.00 1.219019 16.10
934.00 1.219018 16.10
935.00 1.219017 16.10
936.00 1.219015 16.10
937.00 1.219014 16.10
938.00 1.219013 16.10
939.00 1.219011 16.10
940.00 1.219010 16.10
941.00 1.219009 16.10
942.00 1.219007 16.10
943.00 1.219006 16.10
944.00 1.219005 16.10
945.00 1.219004 16.10
946.00 1.219002 16.10
947.00 1.219001 16.10
948.00 1.219000 16.10
949.00 1.218999 16.10
950.00 1.218997 16.10
951.00 1.218996 16.10
952.00 1.218995 16.10
953.00 1.218994 16.10
954.00 1.218992 16.10
955.00 1.218991 16.10
956.00 1.218990 16.10
957.00 1.218989 16.10
958.00 1.218987 16.10
959.00 1.218986 16.10
960.00 1.218985 16.10
961.00 1.218984 16.10
962.00 1.218983 16.10
963.00 1.218981 16.10
964.00 1.218980 16.10
965.00 1.218979 16.10
966.00 1.218978 16.10
967.00 1.218977 16.10
968.00 1.218976 16.10
969.00 1.218974 16.10
970.00 1.218973 16.10
971.00 1.218972 16.10
972.00 1.218971 16.10
973.00 1.218970 16.10
974.00 1.218969 16.10
975.00 1.218967 16.10
976.00 1.218966 16.10
977.00 1.218965 16.10
978.00 1.218964 16.10
979.00 1.218963 16.10
980.00 1.218962 16.10
981.00 1.218961 16.10
982.00 1.218960 16.10
983.00 1.218958 16.10
984.00 1.218957 16.10
985.00 1.218956 16.10
986.00 1.218955 16.10
987.00 1.218954 16.10
988.00 1.218953 16.10
989.00 1.218952 16.10
990.00 1.218951 16.10
991.00 1.218950 16.10
992.00 1.218949 16.10
993.00 1.218948 16.10
994.00 1.218947 16.10
995.00 1.218946 16.10
996.00 1.218945 16.10
997.00 1.218943 16.10
998.00 1.218942 16.10
999.00 1.218941 16.10
1000.00 1.218940 16.10
1001.00 1.218939 16.10
1002.00 1.218938 16.10
1003.00 1.218937 16.10
1004.00 1.218936 16.10
1005.00 1.218935 16.10
1006.00 1.218934 16.10
1007.00 1.218933 16.10
1008.00 1.218932 16.10
1009.00 1.218931 16.10
1010.00 1.218930 16.10
1011.00 1.218929 16.10
1012.00 1.218928 16.10
1013.00 1.218927 16.10
1014.00 1.218926 16.10
1015.00 1.218925 16.10
1016.00 1.218924 16.10
1017.00 1.218923 16.10
1018.00 1.218922 16.10
1019.00 1.218921 16.10
1020.00 1.218921 16.10
1021.00 1.218920 16.10
1022.00 1.218919 16.10
1023.00 1.218918 16.10
1024.00 1.218917 16.10
1025.00 1.218916 16.10
1026.00 1.218915 16.10
1027.00 1.218914 16.10
1028.00 1.218913 16.10
1029.00 1.218912 16.10
1030.00 1.218911 16.10
1031.00 1.218910 16.10
1032.00 1.218909 16.10
1033.00 1.218908 16.10
1034.00 1.218907 16.10
1035.00 1.218907 16.10
1036.00 1.218906 16.10
1037.00 1.218905 16.10
1038.00 1.218904 16.10
1039.00 1.218903 16.10
1040.00 1.218902 16.10
1041.00 1.218901 16.10
1042.00 1.218900 16.10
1043.00 1.218899 16.10
1044.00 1.218899 16.10
1045.00 1.218898 16.10
1046.00 1.218897 16.10
1047.00 1.218896 16.10
1048.00 1.218895 16.10
1049.00 1.218894 16.10
1050.00 1.218893 16.10
1051.00 1.218893 16.10
1052.00 1.218892 16.10
1053.00 1.218891 16.10
1054.00 1.218890 16.10
1055.00 1.218889 16.10
1056.00 1.218888 16.10
1057.00 1.218887 16.10
1058.00 1.218887 16.10
1059.00 1.218886 16.10
1060.00 1.218885 16.10
1061.00 1.218884 16.10
1062.00 1.218883 16.10
1063.00 1.218883 16.10
1064.00 1.218882 16.10
1065.00 1.218881 16.10
1066.00 1.218880 16.10
1067.00 1.218879 16.10
1068.00 1.218879 16.10
1069.00 1.218878 16.10
1070.00 1.218877 16.10
1071.00 1.218876 16.10
1072.00 1.218875 16.10
1073.00 1.218875 16.10
1074.00 1.218874 16.10
1075.00 1.218873 16.10
1076.00 1.218872 16.10
1077.00 1.218871 16.10
1078.00 1.218871 16.10
1079.00 1.218870 16.10
1080.00 1.218869 16.10
1081.00 1.218868 16.10
1082.00 1.218868 16.10
1083.00 1.218867 16.10
1084.00 1.218866 16.10
1085.00 1.218865 16.10
1086.00 1.218865 16.10
1087.00 1.218864 16.10
1088.00 1.218863 16.10
1089.00 1.218862 16.10
1090.00 1.218862 16.10
1091.00 1.218861 16.10
1092.00 1.218860 16.10
1093.00 1.218859 16.10
1094.00 1.218859 16.10
1095.00 1.218858 16.10
1096.00 1.218857 16.10
1097.00 1.218857 16.10
1098.00 1.218856 16.10
1099.00 1.218855 16.10
1100.00 1.218854 16.10
1101.00 1.218854 16.10
1102.00 1.218853 16.10
1103.00 1.218852 16.10
1104.00 1.218852 16.10
1105.00 1.218851 16.10
1106.00 1.218850 16.10
1107.00 1.218849 16.10
1108.00 1.218849 16.10
1109.00 1.218848 16.10
1110.00 1.218847 16.10
1111.00 1.218847 16.10
1112.00 1.218846 16.10
1113.00 1.218845 16.10
1114.00 1.218845 16.10
1115.00 1.218844 16.10
1116.00 1.218843 16.10
1117.00 1.218843 16.10
1118.00 1.218842 16.10
1119.00 1.218841 16.10
1120.00 1.218841 16.10
1121.00 1.218840 16.10
1122.00 1.218839 16.10
1123.00 1.218839 16.10
1124.00 1.218838 16.10
1125.00 1.218837 16.10
1126.00 1.218837 16.10
1127.00 1.218836 16.10
1128.00 1.218835 16.10
1129.00 1.218835 16.10
1130.00 1.218834 16.10
1131.00 1.218834 16.10
1132.00 1.218833 16.10
1133.00 1.218832 16.10
1134.00 1.218832 16.10
1135.00 1.218831 16.10
1136.00 1.218830 16.10
1137.00 1.218830 16.10
1138.00 1.218829 16.10
1139.00 1.218829 16.10
1140.00 1.218828 16.10
1141.00 1.218827 16.10
1142.00 1.218827 16.10
1143.00 1.218826 16.10
1144.00 1.218825 16.10
1145.00 1.218825 16.10
1146.00 1.218824 16.10
1147.00 1.218824 16.10
1148.00 1.218823 16.10
1149.00 1.218822 16.10
1150.00 1.218822 16.10
1151.00 1.218821 16.10
1152.00 1.218821 16.10
1153.00 1.218820 16.10
1154.00 1.218819 16.10
1155.00 1.218819 16.10
1156.00 1.218818 16.10
1157.00 1.218818 16.10
1158.00 1.218817 16.10
1159.00 1.218817 16.10
1160.00 1.218816 16.10
1161.00 1.218815 16.10
1162.00 1.218815 16.10
1163.00 1.218814 16.10
1164.00 1.218814 16.10
1165.00 1.218813 16.10
1166.00 1.218813 16.10
1167.00 1.218812 16.10
1168.00 1.218811 16.10
1169.00 1.218811 16.10
1170.00 1.218810 16.10
1171.00 1.218810 16.10
1172.00 1.218809 16.10
1173.00 1.218809 16.10
1174.00 1.218808 16.10
1175.00 1.218808 16.10
1176.00 1.218807 16.10
1177.00 1.218807 16.10
1178.00 1.218806 16.10
1179.00 1.218805 16.10
1180.00 1.218805 16.10
1181.00 1.218804 16.10
1182.00 1.218804 16.10
1183.00 1.218803 16.10
1184.00 1.218803 16.10
1185.00 1.218802 16.10
1186.00 1.218802 16.10
1187.00 1.218801 16.10
1188.00 1.218801 16.10
1189.00 1.218800 16.10
1190.00 1.218800 16.10
1191.00 1.218799 16.10
1192.00 1.218799 16.10
1193.00 1.218798 16.10
1194.00 1.218798 16.10
1195.00 1.218797 16.10
1196.00 1.218797 16.10
1197.00 1.218796 16.10
1198.00 1.218796 16.10
1199.00 1.218795 16.10
1200.00 1.218795 16.10
1201.00 1.218794 16.10
1202.00 1.218794 16.10
1203.00 1.218793 16.10
1204.00 1.218793 16.10
1205.00 1.218792 16.10
1206.00 1.218792 16.10
1207.00 1.218791 16.10
1208.00 1.218791 16.10
1209.00 1.218790 16.10
1210.00 1.218790 16.10
1211.00 1.218789 16.10
1212.00 1.218789 16.10
1213.00 1.218788 16.10
1214.00 1.218788 16.10
1215.00 1.218787 16.10
1216.00 1.218787 16.10
1217.00 1.218786 16.10
1218.00 1.218786 16.10
1219.00 1.218785 16.10
1220.00 1.218785 16.10
1221.00 1.218785 16.10
1222.00 1.218784 16.10
1223.00 1.218784 16.10
1224.00 1.218783 16.10
1225.00 1.218783 16.10
1226.00 1.218782 16.10
1227.00 1.218782 16.10
1228.00 1.218781 16.10
1229.00 1.218781 16.10
1230.00 1.218780 16.10
1231.00 1.218780 16.10
1232.00 1.218780 16.10
1233.00 1.218779 16.10
1234.00 1.218779 16.10
1235.00 1.218778 16.10
1236.00 1.218778 16.10
1237.00 1.218777 16.10
1238.00 1.218777 16.10
1239.00 1.218776 16.10
1240.00 1.218776 16.10
1241.00 1.218776 16.10
1242.00 1.218775 16.10
1243.00 1.218775 16.10
1244.00 1.218774 16.10
1245.00 1.218774 16.10
1246.00 1.218773 16.10
1247.00 1.218773 16.10
1248.00 1.218773 16.10
1249.00 1.218772 16.10
1250.00 1.218772 16.10
1251.00 1.218771 16.10
1252.00 1.218771 16.10
1253.00 1.218770 16.10
1254.00 1.218770 16.10
1255.00 1.218770 16.10
1256.00 1.218769 16.10
1257.00 1.218769 16.10
1258.00 1.218768 16.10
1259.00 1.218768 16.10
1260.00 1.218768 16.10
1261.00 1.218767 16.10
1262.00 1.218767 16.10
1263.00 1.218766 16.10
1264.00 1.218766 16.10
1265.00 1.218766 16.10
1266.00 1.218765 16.10
1267.00 1.218765 16.10
1268.00 1.218764 16.10
1269.00 1.218764 16.10
1270.00 1.218764 16.10
1271.00 1.218763 16.10
1272.00 1.218763 16.10
1273.00 1.218762 16.10
1274.00 1.218762 16.10
1275.00 1.218762 16.10
1276.00 1.218761 16.10
1277.00 1.218761 16.10
1278.00 1.218761 16.10
1279.00 1.218760 16.10
1280.00 1.218760 16.10
1281.00 1.218759 16.10
1282.00 1.218759 16.10
1283.00 1.218759 16.10
1284.00 1.218758 16.10
1285.00 1.218758 16.10
1286.00 1.218758 16.10
1287.00 1.218757 16.10
1288.00 1.218757 16.10
1289.00 1.218756 16.10
1290.00 1.218756 16.10
1291.00 1.218756 16.10
1292.00 1.218755 16.10
1293.00 1.218755 16.10
1294.00 1.218755 16.10
1295.00 1.218754 16.10
1296.00 1.218754 16.10
1297.00 1.218754 16.10
1298.00 1.218753 16.10
1299.00 1.218753 16.10
1300.00 1.218752 16.10
1301.00 1.218752 16.10
1302.00 1.218752 16.10
1303.00 1.218751 16.10
1304.00 1.218751 16.10
1305.00 1.218751 16.10
1306.00 1.218750 16.10
1307.00 1.218750 16.10
1308.00 1.218750 16.10
1309.00 1.218749 16.10
1310.00 1.218749 16.10
1311.00 1.218749 16.10
1312.00 1.218748 16.10
1313.00 1.218748 16.10
1314.00 1.218748 16.10
1315.00 1.218747 16.10
1316.00 1.218747 16.10
1317.00 1.218747 16.10
1318.00 1.218746 16.10
1319.00 1.218746 16.10
1320.00 1.218746 16.10
1321.00 1.218745 16.10
1322.00 1.218745 16.10
1323.00 1.218745 16.10
1324.00 1.218744 16.10
1325.00 1.218744 16.10
1326.00 1.218744 16.10
1327.00 1.218743 16.10
1328.00 1.218743 16.10
1329.00 1.218743 16.10
1330.00 1.218742 16.10
1331.00 1.218742 16.10
1332.00 1.218742 16.10
1333.00 1.218741 16.10
1334.00 1.218741 16.10
1335.00 1.218741 16.10
1336.00 1.218740 16.10
1337.00 1.218740 16.10
1338.00 1.218740 16.10
1339.00 1.218740 16.10
1340.00 1.218739 16.10
1341.00 1.218739 16.10
1342.00 1.218739 16.10
1343.00 1.218738 16.10
1344.00 1.218738 16.10
1345.00 1.218738 16.10
1346.00 1.218737 16.10
1347.00 1.218737 16.10
1348.00 1.218737 16.10
1349.00 1.218736 16.10
1350.00 1.218736 16.10
1351.00 1.218736 16.10
1352.00 1.218736 16.10
1353.00 1.218735 16.10
1354.00 1.218735 16.10
1355.00 1.218735 16.10
1356.00 1.218734 16.10
1357.00 1.218734 16.10
1358.00 1.218734 16.10
1359.00 1.218734 16.10
1360.00 1.218733 16.10
1361.00 1.218733 16.10
1362.00 1.218733 16.10
1363.00 1.218732 16.10
1364.00 1.218732 16.10
1365.00 1.218732 16.10
1366.00 1.218732 16.10
1367.00 1.218731 16.10
1368.00 1.218731 16.10
1369.00 1.218731 16.10
1370.00 1.218730 16.10
1371.00 1.218730 16.10
1372.00 1.218730 16.10
1373.00 1.218730 16.10
1374.00 1.218729 16.10
1375.00 1.218729 16.10
1376.00 1.218729 16.10
1377.00 1.218728 16.10
1378.00 1.218728 16.10
1379.00 1.218728 16.10
1380.00 1.218728 16.10
1381.00 1.218727 16.10
1382.00 1.218727 16.10
1383.00 1.218727 16.10
1384.00 1.218727 16.10
1385.00 1.218726 16.10
1386.00 1.218726 16.10
1387.00 1.218726 16.10
1388.00 1.218726 16.10
1389.00 1.218725 16.10
1390.00 1.218725 16.10
1391.00 1.218725 16.10
1392.00 1.218725 16.10
1393.00 1.218724 16.10
1394.00 1.218724 16.10
1395.00 1.218724 16.10
1396.00 1.218723 16.10
1397.00 1.218723 16.10
1398.00 1.218723 16.10
1399.00 1.218723 16.10
1400.00 1.218722 16.10
1401.00 1.218722 16.10
1402.00 1.218722 16.10
1403.00 1.218722 16.10
1404.00 1.218721 16.10
1405.00 1.218721 16.10
1406.00 1.218721 16.10
1407.00 1.218721 16.10
1408.00 1.218720 16.10
1409.00 1.218720 16.10
1410.00 1.218720 16.10
1411.00 1.218720 16.10
1412.00 1.218719 16.10
1413.00 1.218719 16.10
1414.00 1.218719 16.10
1415.00 1.218719 16.10
1416.00 1.218719 16.10
1417.00 1.218718 16.10
1418.00 1.218718 16.10
1419.00 1.218718 16.10
1420.00 1.218718 16.10
1421.00 1.218717 16.10
1422.00 1.218717 16.10
1423.00 1.218717 16.10
1424.00 1.218717 16.10
1425.00 1.218716 16.10
1426.00 1.218716 16.10
1427.00 1.218716 16.10
1428.00 1.218716 16.10
1429.00 1.218715 16.10
1430.00 1.218715 16.10
1431.00 1.218715 16.10
1432.00 1.218715 16.10
1433.00 1.218715 16.10
1434.00 1.218714 16.10
1435.00 1.218714 16.10
1436.00 1.218714 16.10
1437.00 1.218714 16.10
1438.00 1.218713 16.10
1439.00 1.218713 16.10
1440.00 1.218713 16.10
1441.00 1.218713 16.10
1442.00 1.218713 16.10
1443.00 1.218712 16.10
1444.00 1.218712 16.10
1445.00 1.218712 16.10
1446.00 1.218712 16.10
1447.00 1.218711 16.10
1448.00 1.218711 16.10
1449.00 1.218711 16.10
1450.00 1.218711 16.10
1451.00 1.218711 16.10
1452.00 1.218710 16.10
1453.00 1.218710 16.10
1454.00 1.218710 16.10
1455.00 1.218710 16.10
1456.00 1.218710 16.10
1457.00 1.218709 16.10
1458.00 1.218709 16.10
1459.00 1.218709 16.10
1460.00 1.218709 16.10
1461.00 1.218709 16.10
1462.00 1.218708 16.10
1463.00 1.218708 16.10
1464.00 1.218708 16.10
1465.00 1.218708 16.10
1466.00 1.218707 16.10
1467.00 1.218707 16.10
1468.00 1.218707 16.10
1469.00 1.218707 16.10
1470.00 1.218707 16.10
1471.00 1.218706 16.10
1472.00 1.218706 16.10
1473.00 1.218706 16.10
1474.00 1.218706 16.10
1475.00 1.218706 16.10
1476.00 1.218705 16.10
1477.00 1.218705 16.10
1478.00 1.218705 16.10
1479.00 1.218705 16.10
1480.00 1.218705 16.10
1481.00 1.218705 16.10
1482.00 1.218704 16.10
1483.00 1.218704 16.10
1484.00 1.218704 16.10
1485.00 1.218704 16.10
1486.00 1.218704 16.10
1487.00 1.218703 16.10
1488.00 1.218703 16.10
1489.00 1.218703 16.10
1490.00 1.218703 16.10
1491.00 1.218703 16.10
1492.00 1.218702 16.10
1493.00 1.218702 16.10
1494.00 1.218702 16.10
1495.00 1.218702 16.10
1496.00 1.218702 16.10
1497.00 1.218702 16.10
1498.00 1.218701 16.10
1499.00 1.218701 16.10
1500.00 1.218701 16.10
1501.00 1.218701 16.10
1502.00 1.218701 16.10
1503.00 1.218700 16.10
1504.00 1.218700 16.10
1505.00 1.218700 16.10
1506.00 1.218700 16.10
1507.00 1.218700 16.10
1508.00 1.218700 16.10
1509.00 1.218699 16.10
1510.00 1.218699 16.10
1511.00 1.218699 16.10
1512.00 1.218699 16.10
1513.00 1.218699 16.10
1514.00 1.218698 16.10
1515.00 1.218698 16.10
1516.00 1.218698 16.10
1517.00 1.218698 16.10
1518.00 1.218698 16.10
1519.00 1.218698 16.10
1520.00 1.218697 16.10
1521.00 1.218697 16.10
1522.00 1.218697 16.10
1523.00 1.218697 16.10
1524.00 1.218697 16.10
1525.00 1.218697 16.10
1526.00 1.218696 16.10
1527.00 1.218696 16.10
1528.00 1.218696 16.10
1529.00 1.218696 16.10
1530.00 1.218696 16.10
1531.00 1.218696 16.10
1532.00 1.218695 16.10
1533.00 1.218695 16.10
1534.00 1.218695 16.10
1535.00 1.218695 16.10
1536.00 1.218695 16.10
1537.00 1.218695 16.10
1538.00 1.218694 16.10
1539.00 1.218694 16.10
1540.00 1.218694 16.10
1541.00 1.218694 16.10
1542.00 1.218694 16.10
1543.00 1.218694 16.10
1544.00 1.218694 16.10
1545.00 1.218693 16.10
1546.00 1.218693 16.10
1547.00 1.218693 16.10
1548.00 1.218693 16.10
1549.00 1.218693 16.10
1550.00 1.218693 16.10
1551.00 1.218692 16.10
1552.00 1.218692 16.10
1553.00 1.218692 16.10
1554.00 1.218692 16.10
1555.00 1.218692 16.10
1556.00 1.218692 16.10
1557.00 1.218692 16.10
1558.00 1.218691 16.10
1559.00 1.218691 16.10
1560.00 1.218691 16.10
1561.00 1.218691 16.10
1562.00 1.218691 16.10
1563.00 1.218691 16.10
1564.00 1.218690 16.10
1565.00 1.218690 16.10
1566.00 1.218690 16.10
1567.00 1.218690 16.10
1568.00 1.218690 16.10
1569.00 1.218690 16.10
1570.00 1.218690 16.10
1571.00 1.218689 16.10
1572.00 1.218689 16.10
1573.00 1.218689 16.10
1574.00 1.218689 16.10
1575.00 1.218689 16.10
1576.00 1.218689 16.10
1577.00 1.218689 16.10
1578.00 1.218688 16.10
1579.00 1.218688 16.10
1580.00 1.218688 16.10
1581.00 1.218688 16.10
1582.00 1.218688 16.10
1583.00 1.218688 16.10
1584.00 1.218688 16.10
1585.00 1.218688 16.10
1586.00 1.218687 16.10
1587.00 1.218687 16.10
1588.00 1.218687 16.10
1589.00 1.218687 16.10
1590.00 1.218687 16.10
1591.00 1.218687 16.10
1592.00 1.218687 16.10
1593.00 1.218686 16.10
1594.00 1.218686 16.10
1595.00 1.218686 16.10
1596.00 1.218686 16.10
1597.00 1.218686 16.10
1598.00 1.218686 16.10
1599.00 1.218686 16.10
1600.00 1.218685 16.10
1601.00 1.218685 16.10
1602.00 1.218685 16.10
1603.00 1.218685 16.10
1604.00 1.218685 16.10
1605.00 1.218685 16.10
1606.00 1.218685 16.10
1607.00 1.218685 16.10
1608.00 1.218684 16.10
1609.00 1.218684 16.10
1610.00 1.218684 16.10
1611.00 1.218684 16.10
1612.00 1.218684 16.10
1613.00 1.218684 16.10
1614.00 1.218684 16.10
1615.00 1.218684 16.10
1616.00 1.218683 16.10
1617.00 1.218683 16.10
1618.00 1.218683 16.10
1619.00 1.218683 16.10
1620.00 1.218683 16.10
1621.00 1.218683 16.10
1622.00 1.218683 16.10
1623.00 1.218683 16.10
1624.00 1.218682 16.10
1625.00 1.218682 16.10
1626.00 1.218682 16.10
1627.00 1.218682 16.10
1628.00 1.218682 16.10
1629.00 1.218682 16.10
1630.00 1.218682 16.10
1631.00 1.218682 16.10
1632.00 1.218682 16.10
1633.00 1.218681 16.10
1634.00 1.218681 16.10
1635.00 1.218681 16.10
1636.00 1.218681 16.10
1637.00 1.218681 16.10
1638.00 1.218681 16.10
1639.00 1.218681 16.10
1640.00 1.218681 16.10
1641.00 1.218680 16.10
1642.00 1.218680 16.10
1643.00 1.218680 16.10
1644.00 1.218680 16.10
1645.00 1.218680 16.10
1646.00 1.218680 16.10
1647.00 1.218680 16.10
1648.00 1.218680 16.10
1649.00 1.218680 16.10
1650.00 1.218679 16.10
1651.00 1.218679 16.10
1652.00 1.218679 16.10
1653.00 1.218679 16.10
1654.00 1.218679 16.10
1655.00 1.218679 16.10
1656.00 1.218679 16.10
1657.00 1.218679 16.10
1658.00 1.218679 16.10
1659.00 1.218678 16.10
1660.00 1.218678 16.10
1661.00 1.218678 16.10
1662.00 1.218678 16.10
1663.00 1.218678 16.10
1664.00 1.218678 16.09
1665.00 1.218678 16.09
1666.00 1.218678 16.09
1667.00 1.218678 16.09
1668.00 1.218678 16.09
1669.00 1.218677 16.09
1670.00 1.218677 16.09
1671.00 1.218677 16.09
1672.00 1.218677 16.09
1673.00 1.218677 16.09
1674.00 1.218677 16.09
1675.00 1.218677 16.09
1676.00 1.218677 16.09
1677.00 1.218677 16.09
1678.00 1.218677 16.09
1679.00 1.218677 16.09
1680.00 1.218677 16.09
1681.00 1.218677 16.09
1682.00 1.218676 16.09
1683.00 1.218676 16.09
1684.00 1.218676 16.09
1685.00 1.218676 16.09
1686.00 1.218676 16.09
1687.00 1.218676 16.09
1688.00 1.218676 16.09
1689.00 1.218676 16.09
1690.00 1.218676 16.09
1691.00 1.218676 16.09
1692.00 1.218676 16.09
1693.00 1.218676 16.09
1694.00 1.218676 16.09
1695.00 1.218676 16.09
1696.00 1.218676 16.09
1697.00 1.218675 16.09
1698.00 1.218675 16.09
1699.00 1.218675 16.09
1700.00 1.218675 16.09
1701.00 1.218675 16.09
1702.00 1.218675 16.09
1703.00 1.218675 16.09
1704.00 1.218675 16.09
1705.00 1.218675 16.09
1706.00 1.218675 16.09
1707.00 1.218675 16.09
1708.00 1.218675 16.09
1709.00 1.218675 16.09
1710.00 1.218675 16.09
1711.00 1.218675 16.09
1712.00 1.218675 16.09
1713.00 1.218675 16.09
1714.00 1.218675 16.09
1715.00 1.218674 16.09
1716.00 1.218674 16.09
1717.00 1.218674 16.09
1718.00 1.218674 16.09
1719.00 1.218674 16.09
1720.00 1.218674 16.09
1721.00 1.218674 16.09
1722.00 1.218674 16.09
1723.00 1.218674 16.09
1724.00 1.218674 16.09
1725.00 1.218674 16.09
1726.00 1.218674 16.09
1727.00 1.218674 16.09
1728.00 1.218674 16.09
1729.00 1.218674 16.09
1730.00 1.218674 16.09
1731.00 1.218674 16.09
1732.00 1.218674 16.09
1733.00 1.218674 16.09
1734.00 1.218674 16.09
1735.00 1.218674 16.09
1736.00 1.218674 16.09
1737.00 1.218674 16.09
1738.00 1.218674 16.09
1739.00 1.218673 16.09
1740.00 1.218673 16.09
1741.00 1.218673 16.09
1742.00 1.218673 16.09
1743.00 1.218673 16.09
1744.00 1.218673 16.09
1745.00 1.218673 16.09
1746.00 1.218673 16.09
1747.00 1.218673 16.09
1748.00 1.218673 16.09
1749.00 1.218673 16.09
1750.00 1.218673 16.09
1751.00 1.218673 16.09
1752.00 1.218673 16.09
1753.00 1.218673 16.09
1754.00 1.218673 16.09
1755.00 1.218673 16.09
1756.00 1.218673 16.09
1757.00 1.218673 16.09
1758.00 1.218673 16.09
1759.00 1.218673 16.09
1760.00 1.218673 16.09
1761.00 1.218673 16.09
1762.00 1.218673 16.09
1763.00 1.218673 16.09
1764.00 1.218673 16.09
1765.00 1.218673 16.09
1766.00 1.218673 16.09
1767.00 1.218673 16.09
1768.00 1.218673 16.09
1769.00 1.218673 16.09
1770.00 1.218673 16.09
1771.00 1.218673 16.09
1772.00 1.218673 16.09
1773.00 1.218672 16.09
1774.00 1.218672 16.09
1775.00 1.218672 16.09
1776.00 1.218672 16.09
1777.00 1.218672 16.09
1778.00 1.218672 16.09
1779.00 1.218672 16.09
1780.00 1.218672 16.09
1781.00 1.218672 16.09
1782.00 1.218672 16.09
1783.00 1.218672 16.09
1784.00 1.218672 16.09
1785.00 1.218672 16.09
1786.00 1.218672 16.09
1787.00 1.218672 16.09
1788.00 1.218672 16.09
1789.00 1.218672 16.09
1790.00 1.218672 16.09
1791.00 1.218672 16.09
1792.00 1.218672 16.09
1793.00 1.218672 16.09
1794.00 1.218672 16.09
1795.00 1.218672 16.09
1796.00 1.218672 16.09
1797.00 1.218672 16.09
1798.00 1.218672 16.09
1799.00 1.218672 16.09
1800.00 1.218672 16.09
1801.00 1.218672 16.09
1802.00 1.218672 16.09
1803.00 1.218672 16.09
1804.00 1.218672 16.09
1805.00 1.218672 16.09
1806.00 1.218672 16.09
1807.00 1.218672 16.09
1808.00 1.218672 16.09
1809.00 1.218672 16.09
1810.00 1.218672 16.09
1811.00 1.218672 16.09
1812.00 1.218672 16.09
1813.00 1.218672 16.09
1814.00 1.218672 16.09
1815.00 1.218672 16.09
1816.00 1.218672 16.09
1817.00 1.218672 16.09
1818.00 1.218672 16.09
1819.00 1.218672 16.09
1820.00 1.218672 16.09
1821.00 1.218672 16.09
1822.00 1.218672 16.09
1823.00 1.218672 16.09
1824.00 1.218672 16.09
1825.00 1.218672 16.09
1826.00 1.218672 16.09
1827.00 1.218672 16.09
1828.00 1.218672 16.09
1829.00 1.218672 16.09
1830.00 1.218672 16.09
1831.00 1.218672 16.09
1832.00 1.218672 16.09
1833.00 1.218671 16.09
1834.00 1.218671 16.09
1835.00 1.218671 16.09
1836.00 1.218671 16.09
1837.00 1.218671 16.09
1838.00 1.218671 16.09
1839.00 1.218671 16.09
1840.00 1.218671 16.09
1841.00 1.218671 16.09
1842.00 1.218671 16.09
1843.00 1.218671 16.09
1844.00 1.218671 16.09
1845.00 1.218671 16.09
1846.00 1.218671 16.09
1847.00 1.218671 16.09
1848.00 1.218671 16.09
1849.00 1.218671 16.09
1850.00 1.218671 16.09
1851.00 1.218671 16.09
1852.00 1.218671 16.09
1853.00 1.218671 16.09
1854.00 1.218671 16.09
1855.00 1.218671 16.09
1856.00 1.218671 16.09
1857.00 1.218671 16.09
1858.00 1.218671 16.09
1859.00 1.218671 16.09
1860.00 1.218671 16.09
1861.00 1.218671 16.09
1862.00 1.218671 16.09
1863.00 1.218671 16.09
1864.00 1.218671 16.09
1865.00 1.218671 16.09
1866.00 1.218671 16.09
1867.00 1.218671 16.09
1868.00 1.218671 16.09
1869.00 1.218671 16.09
1870.00 1.218671 16.09
1871.00 1.218671 16.09
1872.00 1.218671 16.09
1873.00 1.218671 16.09
1874.00 1.218671 16.09
1875.00 1.218671 16.09
1876.00 1.218671 16.09
1877.00 1.218671 16.09
1878.00 1.218671 16.09
1879.00 1.218671 16.09
1880.00 1.218671 16.09
1881.00 1.218671 16.09
1882.00 1.218671 16.09
1883.00 1.218671 16.09
1884.00 1.218671 16.09
1885.00 1.218671 16.09
1886.00 1.218671 16.09
1887.00 1.218671 16.09
1888.00 1.218671 16.09
1889.00 1.218671 16.09
1890.00 1.218671 16.09
1891.00 1.218671 16.09
1892.00 1.218671 16.09
1893.00 1.218671 16.09
1894.00 1.218671 16.09
1895.00 1.218671 16.09
1896.00 1.218671 16.09
1897.00 1.218671 16.09
1898.00 1.218671 16.09
1899.00 1.218671 16.09
1900.00 1.218671 16.09
1901.00 1.218671 16.09
1902.00 1.218671 16.09
1903.00 1.218671 16.09
1904.00 1.218671 16.09
1905.00 1.218671 16.09
1906.00 1.218671 16.09
1907.00 1.218671 16.09
1908.00 1.218671 16.09
1909.00 1.218671 16.09
1910.00 1.218671 16.09
1911.00 1.218671 16.09
1912.00 1.218671 16.09
1913.00 1.218671 16.09
1914.00 1.218671 16.09
1915.00 1.218671 16.09
1916.00 1.218671 16.09
1917.00 1.218671 16.09
1918.00 1.218671 16.09
1919.00 1.218671 16.09
1920.00 1.218671 16.09
1921.00 1.218671 16.09
1922.00 1.218671 16.09
1923.00 1.218671 16.09
1924.00 1.218671 16.09
1925.00 1.218671 16.09
1926.00 1.218671 16.09
1927.00 1.218671 16.09
1928.00 1.218671 16.09
1929.00 1.218671 16.09
1930.00 1.218671 16.09
1931.00 1.218671 16.09
1932.00 1.218671 16.09
1933.00 1.218671 16.09
1934.00 1.218671 16.09
1935.00 1.218671 16.09
1936.00 1.218671 16.09
1937.00 1.218671 16.09
1938.00 1.218671 16.09
1939.00 1.218671 16.09
1940.00 1.218671 16.09
1941.00 1.218671 16.09
1942.00 1.218671 16.09
1943.00 1.218671 16.09
1944.00 1.218671 16.09
1945.00 1.218671 16.09
1946.00 1.218671 16.09
1947.00 1.218671 16.09
1948.00 1.218671 16.09
1949.00 1.218671 16.09
1950.00 1.218671 16.09
1951.00 1.218671 16.09
1952.00 1.218671 16.09
1953.00 1.218671 16.09
1954.00 1.218671 16.09
1955.00 1.218671 16.09
1956.00 1.218671 16.09
1957.00 1.218671 16.09
1958.00 1.218671 16.09
1959.00 1.218671 16.09
1960.00 1.218671 16.09
1961.00 1.218671 16.09
1962.00 1.218671 16.09
1963.00 1.218671 16.09
1964.00 1.218671 16.09
1965.00 1.218671 16.09
1966.00 1.218671 16.09
1967.00 1.218671 16.09
1968.00 1.218671 16.09
1969.00 1.218671 16.09
1970.00 1.218671 16.09
1971.00 1.218671 16.09
1972.00 1.218671 16.09
1973.00 1.218671 16.09
1974.00 1.218671 16.09
1975.00 1.218671 16.09
1976.00 1.218671 16.09
1977.00 1.218671 16.09
1978.00 1.218671 16.09
1979.00 1.218671 16.09
1980.00 1.218671 16.09
1981.00 1.218671 16.09
1982.00 1.218671 16.09
1983.00 1.218671 16.09
1984.00 1.218671 16.09
1985.00 1.218671 16.09
1986.00 1.218671 16.09
1987.00 1.218671 16.09
1988.00 1.218671 16.09
1989.00 1.218671 16.09
1990.00 1.218671 16.09
1991.00 1.218671 16.09
1992.00 1.218671 16.09
1993.00 1.218671 16.09
1994.00 1.218671 16.09
1995.00 1.218671 16.09
1996.00 1.218671 16.09
1997.00 1.218671 16.09
1998.00 1.218671 16.09
1999.00 1.218671 16.09
2000.00 1.218671 16.09
