0.00 0.352753 5.52
1.00 0.351477 5.52
2.00 0.350211 5.52
3.00 0.348958 5.52
4.00 0.347717 5.52
5.00 0.346489 5.52
6.00 0.345280 5.50
7.00 0.344105 5.50
8.00 0.342943 5.50
9.00 0.341812 5.49
10.00 0.340700 5.49
11.00 0.339598 5.49
12.00 0.338503 5.49
13.00 0.337413 5.49
14.00 0.336343 5.48
15.00 0.335282 5.48
16.00 0.334243 5.47
17.00 0.333253 5.46
18.00 0.332278 5.46
19.00 0.331344 5.45
20.00 0.330417 5.45
21.00 0.329490 5.45
22.00 0.328577 5.44
23.00 0.327697 5.43
24.00 0.326859 5.40
25.00 0.326089 5.39
26.00 0.325326 5.39
27.00 0.324567 5.38
28.00 0.323867 5.35
29.00 0.323194 5.33
30.00 0.322566 5.31
31.00 0.321967 5.29
32.00 0.321409 5.29
33.00 0.320854 5.29
34.00 0.320356 5.26
35.00 0.319876 5.25
36.00 0.319440 5.25
37.00 0.319011 5.25
38.00 0.318595 5.24
39.00 0.318221 5.22
40.00 0.317862 5.22
41.00 0.317507 5.22
42.00 0.317163 5.21
43.00 0.316846 5.20
44.00 0.316567 5.18
45.00 0.316312 5.18
46.00 0.316068 5.17
47.00 0.315839 5.17
48.00 0.315614 5.17
49.00 0.315396 5.15
50.00 0.315196 5.15
51.00 0.314999 5.15
52.00 0.314812 5.14
53.00 0.314632 5.14
54.00 0.314456 5.13
55.00 0.314293 5.13
56.00 0.314133 5.13
57.00 0.313975 5.13
58.00 0.313824 5.12
59.00 0.313696 5.12
60.00 0.313572 5.12
61.00 0.313451 5.12
62.00 0.313333 5.12
63.00 0.313218 5.12
64.00 0.313106 5.11
65.00 0.313000 5.11
66.00 0.312895 5.10
67.00 0.312798 5.10
68.00 0.312702 5.10
69.00 0.312608 5.10
70.00 0.312516 5.10
71.00 0.312425 5.10
72.00 0.312336 5.10
73.00 0.312248 5.10
74.00 0.312161 5.10
75.00 0.312076 5.10
76.00 0.311991 5.10
77.00 0.311908 5.09
78.00 0.311830 5.09
79.00 0.311754 5.08
80.00 0.311686 5.07
81.00 0.311622 5.07
82.00 0.311559 5.07
83.00 0.311498 5.07
84.00 0.311437 5.07
85.00 0.311379 5.06
86.00 0.311324 5.06
87.00 0.311270 5.06
88.00 0.311217 5.06
89.00 0.311165 5.06
90.00 0.311113 5.06
91.00 0.311062 5.06
92.00 0.311012 5.06
93.00 0.310966 5.05
94.00 0.310922 5.04
95.00 0.310882 5.04
96.00 0.310842 5.04
97.00 0.310803 5.04
98.00 0.310765 5.04
99.00 0.310727 5.04
100.00 0.310690 5.04
101.00 0.310654 5.04
102.00 0.310618 5.04
103.00 0.310583 5.04
104.00 0.310549 5.04
105.00 0.310515 5.04
106.00 0.310482 5.04
107.00 0.310449 5.04
108.00 0.310416 5.04
109.00 0.310384 5.04
110.00 0.310353 5.04
111.00 0.310322 5.04
112.00 0.310291 5.04
113.00 0.310261 5.04
114.00 0.310231 5.04
115.00 0.310201 5.04
116.00 0.310172 5.04
117.00 0.310143 5.04
118.00 0.310115 5.04
119.00 0.310087 5.04
120.00 0.310059 5.04
121.00 0.310034 5.03
122.00 0.310011 5.03
123.00 0.309987 5.03
124.00 0.309964 5.03
125.00 0.309941 5.03
126.00 0.309919 5.03
127.00 0.309897 5.03
128.00 0.309875 5.03
129.00 0.309853 5.03
130.00 0.309832 5.03
131.00 0.309811 5.03
132.00 0.309790 5.03
133.00 0.309770 5.03
134.00 0.309750 5.02
135.00 0.309734 5.02
136.00 0.309719 5.02
137.00 0.309704 5.02
138.00 0.309689 5.02
139.00 0.309674 5.02
140.00 0.309660 5.02
141.00 0.309645 5.02
142.00 0.309632 5.02
143.00 0.309618 5.02
144.00 0.309605 5.02
145.00 0.309591 5.02
146.00 0.309578 5.02
147.00 0.309565 5.02
148.00 0.309553 5.02
149.00 0.309540 5.02
150.00 0.309528 5.02
151.00 0.309516 5.02
152.00 0.309504 5.02
153.00 0.309492 5.02
154.00 0.309481 5.02
155.00 0.309470 5.02
156.00 0.309458 5.02
157.00 0.309447 5.02
158.00 0.309438 5.01
159.00 0.309429 5.01
160.00 0.309420 5.01
161.00 0.309411 5.01
162.00 0.309403 5.01
163.00 0.309395 5.01
164.00 0.309387 5.01
165.00 0.309379 5.01
166.00 0.309371 5.01
167.00 0.309364 5.01
168.00 0.309356 5.01
169.00 0.309349 5.01
170.00 0.309342 5.01
171.00 0.309335 5.01
172.00 0.309328 5.01
173.00 0.309322 5.01
174.00 0.309315 5.01
175.00 0.309309 5.01
176.00 0.309302 5.01
177.00 0.309296 5.01
178.00 0.309290 5.01
179.00 0.309284 5.01
180.00 0.309278 5.01
181.00 0.309273 5.01
182.00 0.309267 5.01
183.00 0.309262 5.01
184.00 0.309257 5.00
185.00 0.309252 5.00
186.00 0.309247 5.00
187.00 0.309243 5.00
188.00 0.309238 5.00
189.00 0.309234 5.00
190.00 0.309230 5.00
191.00 0.309226 5.00
192.00 0.309222 5.00
193.00 0.309218 5.00
194.00 0.309214 5.00
195.00 0.309211 5.00
196.00 0.309207 5.00
197.00 0.309204 5.00
198.00 0.309200 5.00
199.00 0.309197 5.00
200.00 0.309193 5.00
201.00 0.309190 5.00
202.00 0.309187 5.00
203.00 0.309184 5.00
204.00 0.309181 5.00
205.00 0.309178 5.00
206.00 0.309175 5.00
207.00 0.309172 5.00
208.00 0.309169 5.00
209.00 0.309167 5.00
210.00 0.309164 5.00
211.00 0.309161 5.00
212.00 0.309159 5.00
213.00 0.309156 5.00
214.00 0.309154 5.00
215.00 0.309152 5.00
216.00 0.309149 5.00
217.00 0.309147 5.00
218.00 0.309145 5.00
219.00 0.309142 5.00
220.00 0.309140 5.00
221.00 0.309138 5.00
222.00 0.309136 5.00
223.00 0.309134 5.00
224.00 0.309132 5.00
225.00 0.309130 5.00
226.00 0.309128 5.00
227.00 0.309126 5.00
228.00 0.309125 5.00
229.00 0.309123 5.00
230.00 0.309121 5.00
231.00 0.309119 5.00
232.00 0.309118 5.00
233.00 0.309116 5.00
234.00 0.309114 5.00
235.00 0.309113 5.00
236.00 0.309111 5.00
237.00 0.309110 5.00
238.00 0.309108 5.00
239.00 0.309107 5.00
240.00 0.309105 5.00
241.00 0.309104 5.00
242.00 0.309102 5.00
243.00 0.309101 5.00
244.00 0.309100 5.00
245.00 0.309098 5.00
246.00 0.309097 5.00
247.00 0.309096 5.00
248.00 0.309095 5.00
249.00 0.309093 5.00
250.00 0.309092 5.00
251.00 0.309091 5.00
252.00 0.309090 5.00
253.00 0.309089 5.00
254.00 0.309088 5.00
255.00 0.309087 5.00
256.00 0.309086 5.00
257.00 0.309085 5.00
258.00 0.309084 5.00
259.00 0.309083 5.00
260.00 0.309082 5.00
261.00 0.309081 5.00
262.00 0.309080 5.00
263.00 0.309079 5.00
264.00 0.309078 5.00
265.00 0.309077 5.00
266.00 0.309076 5.00
267.00 0.309075 5.00
268.00 0.309075 5.00
269.00 0.309074 5.00
270.00 0.309073 5.00
271.00 0.309072 5.00
272.00 0.309071 5.00
273.00 0.309071 5.00
274.00 0.309070 5.00
275.00 0.309069 5.00
276.00 0.309069 5.00
277.00 0.309068 5.00
278.00 0.309067 5.00
279.00 0.309066 5.00
280.00 0.309066 5.00
281.00 0.309065 5.00
282.00 0.309065 5.00
283.00 0.309064 5.00
284.00 0.309063 5.00
285.00 0.309063 5.00
286.00 0.309062 5.00
287.00 0.309062 5.00
288.00 0.309061 5.00
289.00 0.309060 5.00
290.00 0.309060 5.00
291.00 0.309059 5.00
292.00 0.309059 5.00
293.00 0.309058 5.00
294.00 0.309058 5.00
295.00 0.309057 5.00
296.00 0.309057 5.00
297.00 0.309056 5.00
298.00 0.309056 5.00
299.00 0.309055 5.00
300.00 0.309055 5.00
301.00 0.309054 5.00
302.00 0.309054 5.00
303.00 0.309054 5.00
304.00 0.309053 5.00
305.00 0.309053 5.00
306.00 0.309052 5.00
307.00 0.309052 5.00
308.00 0.309052 5.00
309.00 0.309051 5.00
310.00 0.309051 5.00
311.00 0.309050 5.00
312.00 0.309050 5.00
313.00 0.309050 5.00
314.00 0.309049 5.00
315.00 0.309049 5.00
316.00 0.309049 5.00
317.00 0.309048 5.00
318.00 0.309048 5.00
319.00 0.309048 5.00
320.00 0.309047 5.00
321.00 0.309047 5.00
322.00 0.309047 5.00
323.00 0.309047 5.00
324.00 0.309046 5.00
325.00 0.309046 5.00
326.00 0.309046 5.00
327.00 0.309045 5.00
328.00 0.309045 5.00
329.00 0.309045 5.00
330.00 0.309045 5.00
331.00 0.309044 5.00
332.00 0.309044 5.00
333.00 0.309044 5.00
334.00 0.309044 5.00
335.00 0.309043 5.00
336.00 0.309043 5.00
337.00 0.309043 5.00
338.00 0.309043 5.00
339.00 0.309042 5.00
340.00 0.309042 5.00
341.00 0.309042 5.00
342.00 0.309042 5.00
343.00 0.309042 5.00
344.00 0.309041 5.00
345.00 0.309041 5.00
346.00 0.309041 5.00
347.00 0.309041 5.00
348.00 0.309041 5.00
349.00 0.309040 5.00
350.00 0.309040 5.00
351.00 0.309040 5.00
352.00 0.309040 5.00
353.00 0.309040 5.00
354.00 0.309040 5.00
355.00 0.309039 5.00
356.00 0.309039 5.00
357.00 0.309039 5.00
358.00 0.309039 5.00
359.00 0.309039 5.00
360.00 0.309039 5.00
361.00 0.309039 5.00
362.00 0.309038 5.00
363.00 0.309038 5.00
364.00 0.309038 5.00
365.00 0.309038 5.00
366.00 0.309038 5.00
367.00 0.309038 5.00
368.00 0.309038 5.00
369.00 0.309037 5.00
370.00 0.309037 5.00
371.00 0.309037 5.00
372.00 0.309037 5.00
373.00 0.309037 5.00
374.00 0.309037 5.00
375.00 0.309037 5.00
376.00 0.309037 5.00
377.00 0.309036 5.00
378.00 0.309036 5.00
379.00 0.309036 5.00
380.00 0.309036 5.00
381.00 0.309036 5.00
382.00 0.309036 5.00
383.00 0.309036 5.00
384.00 0.309036 5.00
385.00 0.309036 5.00
386.00 0.309036 5.00
387.00 0.309035 5.00
388.00 0.309035 5.00
389.00 0.309035 5.00
390.00 0.309035 5.00
391.00 0.309035 5.00
392.00 0.309035 5.00
393.00 0.309035 5.00
394.00 0.309035 5.00
395.00 0.309035 5.00
396.00 0.309035 5.00
397.00 0.309035 5.00
398.00 0.309035 5.00
399.00 0.309034 5.00
400.00 0.309034 5.00
401.00 0.309034 5.00
402.00 0.309034 5.00
403.00 0.309034 5.00
404.00 0.309034 5.00
405.00 0.309034 5.00
406.00 0.309034 5.00
407.00 0.309034 5.00
408.00 0.309034 5.00
409.00 0.309034 5.00
410.00 0.309034 5.00
411.00 0.309034 5.00
412.00 0.309034 5.00
413.00 0.309034 5.00
414.00 0.309034 5.00
415.00 0.309033 5.00
416.00 0.309033 5.00
417.00 0.309033 5.00
418.00 0.309033 5.00
419.00 0.309033 5.00
420.00 0.309033 5.00
421.00 0.309033 5.00
422.00 0.309033 5.00
423.00 0.309033 5.00
424.00 0.309033 5.00
425.00 0.309033 5.00
426.00 0.309033 5.00
427.00 0.309033 5.00
428.00 0.309033 5.00
429.00 0.309033 5.00
430.00 0.309033 5.00
431.00 0.309033 5.00
432.00 0.309033 5.00
433.00 0.309033 5.00
434.00 0.309033 5.00
435.00 0.309033 5.00
436.00 0.309032 5.00
437.00 0.309032 5.00
438.00 0.309032 5.00
439.00 0.309032 5.00
440.00 0.309032 5.00
441.00 0.309032 5.00
442.00 0.309032 5.00
443.00 0.309032 5.00
444.00 0.309032 5.00
445.00 0.309032 5.00
446.00 0.309032 5.00
447.00 0.309032 5.00
448.00 0.309032 5.00
449.00 0.309032 5.00
450.00 0.309032 5.00
451.00 0.309032 5.00
452.00 0.309032 5.00
453.00 0.309032 5.00
454.00 0.309032 5.00
455.00 0.309032 5.00
456.00 0.309032 5.00
457.00 0.309032 5.00
458.00 0.309032 5.00
459.00 0.309032 5.00
460.00 0.309032 5.00
461.00 0.309032 5.00
462.00 0.309032 5.00
463.00 0.309032 5.00
464.00 0.309032 5.00
465.00 0.309032 5.00
466.00 0.309032 5.00
467.00 0.309032 5.00
468.00 0.309032 5.00
469.00 0.309032 5.00
470.00 0.309032 5.00
471.00 0.309031 5.00
472.00 0.309031 5.00
473.00 0.309031 5.00
474.00 0.309031 5.00
475.00 0.309031 5.00
476.00 0.309031 5.00
477.00 0.309031 5.00
478.00 0.309031 5.00
479.00 0.309031 5.00
480.00 0.309031 5.00
481.00 0.309031 5.00
482.00 0.309031 5.00
483.00 0.309031 5.00
484.00 0.309031 5.00
485.00 0.309031 5.00
486.00 0.309031 5.00
487.00 0.309031 5.00
488.00 0.309031 5.00
489.00 0.309031 5.00
490.00 0.309031 5.00
491.00 0.309031 5.00
492.00 0.309031 5.00
493.00 0.309031 5.00
494.00 0.309031 5.00
495.00 0.309031 5.00
496.00 0.309031 5.00
497.00 0.309031 5.00
498.00 0.309031 5.00
499.00 0.309031 5.00
500.00 0.309031 5.00
501.00 0.309031 5.00
502.00 0.309031 5.00
503.00 0.309031 5.00
504.00 0.309031 5.00
505.00 0.309031 5.00
506.00 0.309031 5.00
507.00 0.309031 5.00
508.00 0.309031 5.00
509.00 0.309031 5.00
510.00 0.309031 5.00
511.00 0.309031 5.00
512.00 0.309031 5.00
513.00 0.309031 5.00
514.00 0.309031 5.00
515.00 0.309031 5.00
516.00 0.309031 5.00
517.00 0.309031 5.00
518.00 0.309031 5.00
519.00 0.309031 5.00
520.00 0.309031 5.00
521.00 0.309031 5.00
522.00 0.309031 5.00
523.00 0.309031 5.00
524.00 0.309031 5.00
525.00 0.309031 5.00
526.00 0.309031 5.00
527.00 0.309031 5.00
528.00 0.309031 5.00
529.00 0.309031 5.00
530.00 0.309031 5.00
531.00 0.309031 5.00
532.00 0.309031 5.00
533.00 0.309031 5.00
534.00 0.309031 5.00
535.00 0.309031 5.00
536.00 0.309031 5.00
537.00 0.309031 5.00
538.00 0.309031 5.00
539.00 0.309031 5.00
540.00 0.309031 5.00
541.00 0.309031 5.00
542.00 0.309031 5.00
543.00 0.309031 5.00
544.00 0.309031 5.00
545.00 0.309031 5.00
546.00 0.309031 5.00
547.00 0.309031 5.00
548.00 0.309031 5.00
549.00 0.309031 5.00
550.00 0.309031 5.00
551.00 0.309031 5.00
552.00 0.309031 5.00
553.00 0.309031 5.00
554.00 0.309031 5.00
555.00 0.309031 5.00
556.00 0.309031 5.00
557.00 0.309031 5.00
558.00 0.309031 5.00
559.00 0.309031 5.00
560.00 0.309031 5.00
561.00 0.309031 5.00
562.00 0.309031 5.00
563.00 0.309031 5.00
564.00 0.309031 5.00
565.00 0.309031 5.00
566.00 0.309031 5.00
567.00 0.309031 5.00
568.00 0.309031 5.00
569.00 0.309031 5.00
570.00 0.309031 5.00
571.00 0.309031 5.00
572.00 0.309031 5.00
573.00 0.309031 5.00
574.00 0.309031 5.00
575.00 0.309031 5.00
576.00 0.309030 5.00
577.00 0.309030 5.00
578.00 0.309030 5.00
579.00 0.309030 5.00
580.00 0.309030 5.00
581.00 0.309030 5.00
582.00 0.309030 5.00
583.00 0.309030 5.00
584.00 0.309030 5.00
585.00 0.309030 5.00
586.00 0.309030 5.00
587.00 0.309030 5.00
588.00 0.309030 5.00
589.00 0.309030 5.00
590.00 0.309030 5.00
591.00 0.309030 5.00
592.00 0.309030 5.00
593.00 0.309030 5.00
594.00 0.309030 5.00
595.00 0.309030 5.00
596.00 0.309030 5.00
597.00 0.309030 5.00
598.00 0.309030 5.00
599.00 0.309030 5.00
600.00 0.309030 5.00
601.00 0.309030 5.00
602.00 0.309030 5.00
603.00 0.309030 5.00
604.00 0.309030 5.00
605.00 0.309030 5.00
606.00 0.309030 5.00
607.00 0.309030 5.00
608.00 0.309030 5.00
609.00 0.309030 5.00
610.00 0.309030 5.00
611.00 0.309030 5.00
612.00 0.309030 5.00
613.00 0.309030 5.00
614.00 0.309030 5.00
615.00 0.309030 5.00
616.00 0.309030 5.00
617.00 0.309030 5.00
618.00 0.309030 5.00
619.00 0.309030 5.00
620.00 0.309030 5.00
621.00 0.309030 5.00
622.00 0.309030 5.00
623.00 0.309030 5.00
624.00 0.309030 5.00
625.00 0.309030 5.00
626.00 0.309030 5.00
627.00 0.309030 5.00
628.00 0.309030 5.00
629.00 0.309030 5.00
630.00 0.309030 5.00
631.00 0.309030 5.00
632.00 0.309030 5.00
633.00 0.309030 5.00
634.00 0.309030 5.00
635.00 0.309030 5.00
636.00 0.309030 5.00
637.00 0.309030 5.00
638.00 0.309030 5.00
639.00 0.309030 5.00
640.00 0.309030 5.00
641.00 0.309030 5.00
642.00 0.309030 5.00
643.00 0.309030 5.00
644.00 0.309030 5.00
645.00 0.309030 5.00
646.00 0.309030 5.00
647.00 0.309030 5.00
648.00 0.309030 5.00
649.00 0.309030 5.00
650.00 0.309030 5.00
651.00 0.309030 5.00
652.00 0.309030 5.00
653.00 0.309030 5.00
654.00 0.309030 5.00
655.00 0.309030 5.00
656.00 0.309030 5.00
657.00 0.309030 5.00
658.00 0.309030 5.00
659.00 0.309030 5.00
660.00 0.309030 5.00
661.00 0.309030 5.00
662.00 0.309030 5.00
663.00 0.309030 5.00
664.00 0.309030 5.00
665.00 0.309030 5.00
666.00 0.309030 5.00
667.00 0.309030 5.00
668.00 0.309030 5.00
669.00 0.309030 5.00
670.00 0.309030 5.00
671.00 0.309030 5.00
672.00 0.309030 5.00
673.00 0.309030 5.00
674.00 0.309030 5.00
675.00 0.309030 5.00
676.00 0.309030 5.00
677.00 0.309030 5.00
678.00 0.309030 5.00
679.00 0.309030 5.00
680.00 0.309030 5.00
681.00 0.309030 5.00
682.00 0.309030 5.00
683.00 0.309030 5.00
684.00 0.309030 5.00
685.00 0.309030 5.00
686.00 0.309030 5.00
687.00 0.309030 5.00
688.00 0.309030 5.00
689.00 0.309030 5.00
690.00 0.309030 5.00
691.00 0.309030 5.00
692.00 0.309030 5.00
693.00 0.309030 5.00
694.00 0.309030 5.00
695.00 0.309030 5.00
696.00 0.309030 5.00
697.00 0.309030 5.00
698.00 0.309030 5.00
699.00 0.309030 5.00
700.00 0.309030 5.00
701.00 0.309030 5.00
702.00 0.309030 5.00
703.00 0.309030 5.00
704.00 0.309030 5.00
705.00 0.309030 5.00
706.00 0.309030 5.00
707.00 0.309030 5.00
708.00 0.309030 5.00
709.00 0.309030 5.00
710.00 0.309030 5.00
711.00 0.309030 5.00
712.00 0.309030 5.00
713.00 0.309030 5.00
714.00 0.309030 5.00
715.00 0.309030 5.00
716.00 0.309030 5.00
717.00 0.309030 5.00
718.00 0.309030 5.00
719.00 0.309030 5.00
720.00 0.309030 5.00
721.00 0.309030 5.00
722.00 0.309030 5.00
723.00 0.309030 5.00
724.00 0.309030 5.00
725.00 0.309030 5.00
726.00 0.309030 5.00
727.00 0.309030 5.00
728.00 0.309030 5.00
729.00 0.309030 5.00
730.00 0.309030 5.00
731.00 0.309030 5.00
732.00 0.309030 5.00
733.00 0.309030 5.00
734.00 0.309030 5.00
735.00 0.309030 5.00
736.00 0.309030 5.00
737.00 0.309030 5.00
738.00 0.309030 5.00
739.00 0.309030 5.00
740.00 0.309030 5.00
741.00 0.309030 5.00
742.00 0.309030 5.00
743.00 0.309030 5.00
744.00 0.309030 5.00
745.00 0.309030 5.00
746.00 0.309030 5.00
747.00 0.309030 5.00
748.00 0.309030 5.00
749.00 0.309030 5.00
750.00 0.309030 5.00
751.00 0.309030 5.00
752.00 0.309030 5.00
753.00 0.309030 5.00
754.00 0.309030 5.00
755.00 0.309030 5.00
756.00 0.309030 5.00
757.00 0.309030 5.00
758.00 0.309030 5.00
759.00 0.309030 5.00
760.00 0.309030 5.00
761.00 0.309030 5.00
762.00 0.309030 5.00
763.00 0.309030 5.00
764.00 0.309030 5.00
765.00 0.309030 5.00
766.00 0.309030 5.00
767.00 0.309030 5.00
768.00 0.309030 5.00
769.00 0.309030 5.00
770.00 0.309030 5.00
771.00 0.309030 5.00
772.00 0.309030 5.00
773.00 0.309030 5.00
774.00 0.309030 5.00
775.00 0.309030 5.00
776.00 0.309030 5.00
777.00 0.309030 5.00
778.00 0.309030 5.00
779.00 0.309030 5.00
780.00 0.309030 5.00
781.00 0.309030 5.00
782.00 0.309030 5.00
783.00 0.309030 5.00
784.00 0.309030 5.00
785.00 0.309030 5.00
786.00 0.309030 5.00
787.00 0.309030 5.00
788.00 0.309030 5.00
789.00 0.309030 5.00
790.00 0.309030 5.00
791.00 0.309030 5.00
792.00 0.309030 5.00
793.00 0.309030 5.00
794.00 0.309030 5.00
795.00 0.309030 5.00
796.00 0.309030 5.00
797.00 0.309030 5.00
798.00 0.309030 5.00
799.00 0.309030 5.00
800.00 0.309030 5.00
801.00 0.309030 5.00
802.00 0.309030 5.00
803.00 0.309030 5.00
804.00 0.309030 5.00
805.00 0.309030 5.00
806.00 0.309030 5.00
807.00 0.309030 5.00
808.00 0.309030 5.00
809.00 0.309030 5.00
810.00 0.309030 5.00
811.00 0.309030 5.00
812.00 0.309030 5.00
813.00 0.309030 5.00
814.00 0.309030 5.00
815.00 0.309030 5.00
816.00 0.309030 5.00
817.00 0.309030 5.00
818.00 0.309030 5.00
819.00 0.309030 5.00
820.00 0.309030 5.00
821.00 0.309030 5.00
822.00 0.309030 5.00
823.00 0.309030 5.00
824.00 0.309030 5.00
825.00 0.309030 5.00
826.00 0.309030 5.00
827.00 0.309030 5.00
828.00 0.309030 5.00
829.00 0.309030 5.00
830.00 0.309030 5.00
831.00 0.309030 5.00
832.00 0.309030 5.00
833.00 0.309030 5.00
834.00 0.309030 5.00
835.00 0.309030 5.00
836.00 0.309030 5.00
837.00 0.309030 5.00
838.00 0.309030 5.00
839.00 0.309030 5.00
840.00 0.309030 5.00
841.00 0.309030 5.00
842.00 0.309030 5.00
843.00 0.309030 5.00
844.00 0.309030 5.00
845.00 0.309030 5.00
846.00 0.309030 5.00
847.00 0.309030 5.00
848.00 0.309030 5.00
849.00 0.309030 5.00
850.00 0.309030 5.00
851.00 0.309030 5.00
852.00 0.309030 5.00
853.00 0.309030 5.00
854.00 0.309030 5.00
855.00 0.309030 5.00
856.00 0.309030 5.00
857.00 0.309030 5.00
858.00 0.309030 5.00
859.00 0.309030 5.00
860.00 0.309030 5.00
861.00 0.309030 5.00
862.00 0.309030 5.00
863.00 0.309030 5.00
864.00 0.309030 5.00
865.00 0.309030 5.00
866.00 0.309030 5.00
867.00 0.309030 5.00
868.00 0.309030 5.00
869.00 0.309030 5.00
870.00 0.309030 5.00
871.00 0.309030 5.00
872.00 0.309030 5.00
873.00 0.309030 5.00
874.00 0.309030 5.00
875.00 0.309030 5.00
876.00 0.309030 5.00
877.00 0.309030 5.00
878.00 0.309030 5.00
879.00 0.309030 5.00
880.00 0.309030 5.00
881.00 0.309030 5.00
882.00 0.309030 5.00
883.00 0.309030 5.00
884.00 0.309030 5.00
885.00 0.309030 5.00
886.00 0.309030 5.00
887.00 0.309030 5.00
888.00 0.309030 5.00
889.00 0.309030 5.00
890.00 0.309030 5.00
891.00 0.309030 5.00
892.00 0.309030 5.00
893.00 0.309030 5.00
894.00 0.309030 5.00
895.00 0.309030 5.00
896.00 0.309030 5.00
897.00 0.309030 5.00
898.00 0.309030 5.00
899.00 0.309030 5.00
900.00 0.309030 5.00
901.00 0.309030 5.00
902.00 0.309030 5.00
903.00 0.309030 5.00
904.00 0.309030 5.00
905.00 0.309030 5.00
906.00 0.309030 5.00
907.00 0.309030 5.00
908.00 0.309030 5.00
909.00 0.309030 5.00
910.00 0.309030 5.00
911.00 0.309030 5.00
912.00 0.309030 5.00
913.00 0.309030 5.00
914.00 0.309030 5.00
915.00 0.309030 5.00
916.00 0.309030 5.00
917.00 0.309030 5.00
918.00 0.309030 5.00
919.00 0.309030 5.00
920.00 0.309030 5.00
921.00 0.309030 5.00
922.00 0.309030 5.00
923.00 0.309030 5.00
924.00 0.309030 5.00
925.00 0.309030 5.00
926.00 0.309030 5.00
927.00 0.309030 5.00
928.00 0.309030 5.00
929.00 0.309030 5.00
930.00 0.309030 5.00
931.00 0.309030 5.00
932.00 0.309030 5.00
933.00 0.309030 5.00
934.00 0.309030 5.00
935.00 0.309030 5.00
936.00 0.309030 5.00
937.00 0.309030 5.00
938.00 0.309030 5.00
939.00 0.309030 5.00
940.00 0.309030 5.00
941.00 0.309030 5.00
942.00 0.309030 5.00
943.00 0.309030 5.00
944.00 0.309030 5.00
945.00 0.309030 5.00
946.00 0.309030 5.00
947.00 0.309030 5.00
948.00 0.309030 5.00
949.00 0.309030 5.00
950.00 0.309030 5.00
951.00 0.309030 5.00
952.00 0.309030 5.00
953.00 0.309030 5.00
954.00 0.309030 5.00
955.00 0.309030 5.00
956.00 0.309030 5.00
957.00 0.309030 5.00
958.00 0.309030 5.00
959.00 0.309030 5.00
960.00 0.309030 5.00
961.00 0.309030 5.00
962.00 0.309030 5.00
963.00 0.309030 5.00
964.00 0.309030 5.00
965.00 0.309030 5.00
966.00 0.309030 5.00
967.00 0.309030 5.00
968.00 0.309030 5.00
969.00 0.309030 5.00
970.00 0.309030 5.00
971.00 0.309030 5.00
972.00 0.309030 5.00
973.00 0.309030 5.00
974.00 0.309030 5.00
975.00 0.309030 5.00
976.00 0.309030 5.00
977.00 0.309030 5.00
978.00 0.309030 5.00
979.00 0.309030 5.00
980.00 0.309030 5.00
981.00 0.309030 5.00
982.00 0.309030 5.00
983.00 0.309030 5.00
984.00 0.309030 5.00
985.00 0.309030 5.00
986.00 0.309030 5.00
987.00 0.309030 5.00
988.00 0.309030 5.00
989.00 0.309030 5.00
990.00 0.309030 5.00
991.00 0.309030 5.00
992.00 0.309030 5.00
993.00 0.309030 5.00
994.00 0.309030 5.00
995.00 0.309030 5.00
996.00 0.309030 5.00
997.00 0.309030 5.00
998.00 0.309030 5.00
999.00 0.309030 5.00
1000.00 0.309030 5.00
1001.00 0.309030 5.00
1002.00 0.309030 5.00
1003.00 0.309030 5.00
1004.00 0.309030 5.00
1005.00 0.309030 5.00
1006.00 0.309030 5.00
1007.00 0.309030 5.00
1008.00 0.309030 5.00
1009.00 0.309030 5.00
1010.00 0.309030 5.00
1011.00 0.309030 5.00
1012.00 0.309030 5.00
1013.00 0.309030 5.00
1014.00 0.309030 5.00
1015.00 0.309030 5.00
1016.00 0.309030 5.00
1017.00 0.309030 5.00
1018.00 0.309030 5.00
1019.00 0.309030 5.00
1020.00 0.309030 5.00
1021.00 0.309030 5.00
1022.00 0.309030 5.00
1023.00 0.309030 5.00
1024.00 0.309030 5.00
1025.00 0.309030 5.00
1026.00 0.309030 5.00
1027.00 0.309030 5.00
1028.00 0.309030 5.00
1029.00 0.309030 5.00
1030.00 0.309030 5.00
1031.00 0.309030 5.00
1032.00 0.309030 5.00
1033.00 0.309030 5.00
1034.00 0.309030 5.00
1035.00 0.309030 5.00
1036.00 0.309030 5.00
1037.00 0.309030 5.00
1038.00 0.309030 5.00
1039.00 0.309030 5.00
1040.00 0.309030 5.00
1041.00 0.309030 5.00
1042.00 0.309030 5.00
1043.00 0.309030 5.00
1044.00 0.309030 5.00
1045.00 0.309030 5.00
1046.00 0.309030 5.00
1047.00 0.309030 5.00
1048.00 0.309030 5.00
1049.00 0.309030 5.00
1050.00 0.309030 5.00
1051.00 0.309030 5.00
1052.00 0.309030 5.00
1053.00 0.309030 5.00
1054.00 0.309030 5.00
1055.00 0.309030 5.00
1056.00 0.309030 5.00
1057.00 0.309030 5.00
1058.00 0.309030 5.00
1059.00 0.309030 5.00
1060.00 0.309030 5.00
1061.00 0.309030 5.00
1062.00 0.309030 5.00
1063.00 0.309030 5.00
1064.00 0.309030 5.00
1065.00 0.309030 5.00
1066.00 0.309030 5.00
1067.00 0.309030 5.00
1068.00 0.309030 5.00
1069.00 0.309030 5.00
1070.00 0.309030 5.00
1071.00 0.309030 5.00
1072.00 0.309030 5.00
1073.00 0.309030 5.00
1074.00 0.309030 5.00
1075.00 0.309030 5.00
1076.00 0.309030 5.00
1077.00 0.309030 5.00
1078.00 0.309030 5.00
1079.00 0.309030 5.00
1080.00 0.309030 5.00
1081.00 0.309030 5.00
1082.00 0.309030 5.00
1083.00 0.309030 5.00
1084.00 0.309030 5.00
1085.00 0.309030 5.00
1086.00 0.309030 5.00
1087.00 0.309030 5.00
1088.00 0.309030 5.00
1089.00 0.309030 5.00
1090.00 0.309030 5.00
1091.00 0.309030 5.00
1092.00 0.309030 5.00
1093.00 0.309030 5.00
1094.00 0.309030 5.00
1095.00 0.309030 5.00
1096.00 0.309030 5.00
1097.00 0.309030 5.00
1098.00 0.309030 5.00
1099.00 0.309030 5.00
1100.00 0.309030 5.00
1101.00 0.309030 5.00
1102.00 0.309030 5.00
1103.00 0.309030 5.00
1104.00 0.309030 5.00
1105.00 0.309030 5.00
1106.00 0.309030 5.00
1107.00 0.309030 5.00
1108.00 0.309030 5.00
1109.00 0.309030 5.00
1110.00 0.309030 5.00
1111.00 0.309030 5.00
1112.00 0.309030 5.00
1113.00 0.309030 5.00
1114.00 0.309030 5.00
1115.00 0.309030 5.00
1116.00 0.309030 5.00
1117.00 0.309030 5.00
1118.00 0.309030 5.00
1119.00 0.309030 5.00
1120.00 0.309030 5.00
1121.00 0.309030 5.00
1122.00 0.309030 5.00
1123.00 0.309030 5.00
1124.00 0.309030 5.00
1125.00 0.309030 5.00
1126.00 0.309030 5.00
1127.00 0.309030 5.00
1128.00 0.309030 5.00
1129.00 0.309030 5.00
1130.00 0.309030 5.00
1131.00 0.309030 5.00
1132.00 0.309030 5.00
1133.00 0.309030 5.00
1134.00 0.309030 5.00
1135.00 0.309030 5.00
1136.00 0.309030 5.00
1137.00 0.309030 5.00
1138.00 0.309030 5.00
1139.00 0.309030 5.00
1140.00 0.309030 5.00
1141.00 0.309030 5.00
1142.00 0.309030 5.00
1143.00 0.309030 5.00
1144.00 0.309030 5.00
1145.00 0.309030 5.00
1146.00 0.309030 5.00
1147.00 0.309030 5.00
1148.00 0.309030 5.00
1149.00 0.309030 5.00
1150.00 0.309030 5.00
1151.00 0.309030 5.00
1152.00 0.309030 5.00
1153.00 0.309030 5.00
1154.00 0.309030 5.00
1155.00 0.309030 5.00
1156.00 0.309030 5.00
1157.00 0.309030 5.00
1158.00 0.309030 5.00
1159.00 0.309030 5.00
1160.00 0.309030 5.00
1161.00 0.309030 5.00
1162.00 0.309030 5.00
1163.00 0.309030 5.00
1164.00 0.309030 5.00
1165.00 0.309030 5.00
1166.00 0.309030 5.00
1167.00 0.309030 5.00
1168.00 0.309030 5.00
1169.00 0.309030 5.00
1170.00 0.309030 5.00
1171.00 0.309030 5.00
1172.00 0.309030 5.00
1173.00 0.309030 5.00
1174.00 0.309030 5.00
1175.00 0.309030 5.00
1176.00 0.309030 5.00
1177.00 0.309030 5.00
1178.00 0.309030 5.00
1179.00 0.309030 5.00
1180.00 0.309030 5.00
1181.00 0.309030 5.00
1182.00 0.309030 5.00
1183.00 0.309030 5.00
1184.00 0.309030 5.00
1185.00 0.309030 5.00
1186.00 0.309030 5.00
1187.00 0.309030 5.00
1188.00 0.309030 5.00
1189.00 0.309030 5.00
1190.00 0.309030 5.00
1191.00 0.309030 5.00
1192.00 0.309030 5.00
1193.00 0.309030 5.00
1194.00 0.309030 5.00
1195.00 0.309030 5.00
1196.00 0.309030 5.00
1197.00 0.309030 5.00
1198.00 0.309030 5.00
1199.00 0.309030 5.00
1200.00 0.309030 5.00
1201.00 0.309030 5.00
1202.00 0.309030 5.00
1203.00 0.309030 5.00
1204.00 0.309030 5.00
1205.00 0.309030 5.00
1206.00 0.309030 5.00
1207.00 0.309030 5.00
1208.00 0.309030 5.00
1209.00 0.309030 5.00
1210.00 0.309030 5.00
1211.00 0.309030 5.00
1212.00 0.309030 5.00
1213.00 0.309030 5.00
1214.00 0.309030 5.00
1215.00 0.309030 5.00
1216.00 0.309030 5.00
1217.00 0.309030 5.00
1218.00 0.309030 5.00
1219.00 0.309030 5.00
1220.00 0.309030 5.00
1221.00 0.309030 5.00
1222.00 0.309030 5.00
1223.00 0.309030 5.00
1224.00 0.309030 5.00
1225.00 0.309030 5.00
1226.00 0.309030 5.00
1227.00 0.309030 5.00
1228.00 0.309030 5.00
1229.00 0.309030 5.00
1230.00 0.309030 5.00
1231.00 0.309030 5.00
1232.00 0.309030 5.00
1233.00 0.309030 5.00
1234.00 0.309030 5.00
1235.00 0.309030 5.00
1236.00 0.309030 5.00
1237.00 0.309030 5.00
1238.00 0.309030 5.00
1239.00 0.309030 5.00
1240.00 0.309030 5.00
1241.00 0.309030 5.00
1242.00 0.309030 5.00
1243.00 0.309030 5.00
1244.00 0.309030 5.00
1245.00 0.309030 5.00
1246.00 0.309030 5.00
1247.00 0.309030 5.00
1248.00 0.309030 5.00
1249.00 0.309030 5.00
1250.00 0.309030 5.00
1251.00 0.309030 5.00
1252.00 0.309030 5.00
1253.00 0.309030 5.00
1254.00 0.309030 5.00
1255.00 0.309030 5.00
1256.00 0.309030 5.00
1257.00 0.309030 5.00
1258.00 0.309030 5.00
1259.00 0.309030 5.00
1260.00 0.309030 5.00
1261.00 0.309030 5.00
1262.00 0.309030 5.00
1263.00 0.309030 5.00
1264.00 0.309030 5.00
1265.00 0.309030 5.00
1266.00 0.309030 5.00
1267.00 0.309030 5.00
1268.00 0.309030 5.00
1269.00 0.309030 5.00
1270.00 0.309030 5.00
1271.00 0.309030 5.00
1272.00 0.309030 5.00
1273.00 0.309030 5.00
1274.00 0.309030 5.00
1275.00 0.309030 5.00
1276.00 0.309030 5.00
1277.00 0.309030 5.00
1278.00 0.309030 5.00
1279.00 0.309030 5.00
1280.00 0.309030 5.00
1281.00 0.309030 5.00
1282.00 0.309030 5.00
1283.00 0.309030 5.00
1284.00 0.309030 5.00
1285.00 0.309030 5.00
1286.00 0.309030 5.00
1287.00 0.309030 5.00
1288.00 0.309030 5.00
1289.00 0.309030 5.00
1290.00 0.309030 5.00
1291.00 0.309030 5.00
1292.00 0.309030 5.00
1293.00 0.309030 5.00
1294.00 0.309030 5.00
1295.00 0.309030 5.00
1296.00 0.309030 5.00
1297.00 0.309030 5.00
1298.00 0.309030 5.00
1299.00 0.309030 5.00
1300.00 0.309030 5.00
1301.00 0.309030 5.00
1302.00 0.309030 5.00
1303.00 0.309030 5.00
1304.00 0.309030 5.00
1305.00 0.309030 5.00
1306.00 0.309030 5.00
1307.00 0.309030 5.00
1308.00 0.309030 5.00
1309.00 0.309030 5.00
1310.00 0.309030 5.00
1311.00 0.309030 5.00
1312.00 0.309030 5.00
1313.00 0.309030 5.00
1314.00 0.309030 5.00
1315.00 0.309030 5.00
1316.00 0.309030 5.00
1317.00 0.309030 5.00
1318.00 0.309030 5.00
1319.00 0.309030 5.00
1320.00 0.309030 5.00
1321.00 0.309030 5.00
1322.00 0.309030 5.00
1323.00 0.309030 5.00
1324.00 0.309030 5.00
1325.00 0.309030 5.00
1326.00 0.309030 5.00
1327.00 0.309030 5.00
1328.00 0.309030 5.00
1329.00 0.309030 5.00
1330.00 0.309030 5.00
1331.00 0.309030 5.00
1332.00 0.309030 5.00
1333.00 0.309030 5.00
1334.00 0.309030 5.00
1335.00 0.309030 5.00
1336.00 0.309030 5.00
1337.00 0.309030 5.00
1338.00 0.309030 5.00
1339.00 0.309030 5.00
1340.00 0.309030 5.00
1341.00 0.309030 5.00
1342.00 0.309030 5.00
1343.00 0.309030 5.00
1344.00 0.309030 5.00
1345.00 0.309030 5.00
1346.00 0.309030 5.00
1347.00 0.309030 5.00
1348.00 0.309030 5.00
1349.00 0.309030 5.00
1350.00 0.309030 5.00
1351.00 0.309030 5.00
1352.00 0.309030 5.00
1353.00 0.309030 5.00
1354.00 0.309030 5.00
1355.00 0.309030 5.00
1356.00 0.309030 5.00
1357.00 0.309030 5.00
1358.00 0.309030 5.00
1359.00 0.309030 5.00
1360.00 0.309030 5.00
1361.00 0.309030 5.00
1362.00 0.309030 5.00
1363.00 0.309030 5.00
1364.00 0.309030 5.00
1365.00 0.309030 5.00
1366.00 0.309030 5.00
1367.00 0.309030 5.00
1368.00 0.309030 5.00
1369.00 0.309030 5.00
1370.00 0.309030 5.00
1371.00 0.309030 5.00
1372.00 0.309030 5.00
1373.00 0.309030 5.00
1374.00 0.309030 5.00
1375.00 0.309030 5.00
1376.00 0.309030 5.00
1377.00 0.309030 5.00
1378.00 0.309030 5.00
1379.00 0.309030 5.00
1380.00 0.309030 5.00
1381.00 0.309030 5.00
1382.00 0.309030 5.00
1383.00 0.309030 5.00
1384.00 0.309030 5.00
1385.00 0.309030 5.00
1386.00 0.309030 5.00
1387.00 0.309030 5.00
1388.00 0.309030 5.00
1389.00 0.309030 5.00
1390.00 0.309030 5.00
1391.00 0.309030 5.00
1392.00 0.309030 5.00
1393.00 0.309030 5.00
1394.00 0.309030 5.00
1395.00 0.309030 5.00
1396.00 0.309030 5.00
1397.00 0.309030 5.00
1398.00 0.309030 5.00
1399.00 0.309030 5.00
1400.00 0.309030 5.00
1401.00 0.309030 5.00
1402.00 0.309030 5.00
1403.00 0.309030 5.00
1404.00 0.309030 5.00
1405.00 0.309030 5.00
1406.00 0.309030 5.00
1407.00 0.309030 5.00
1408.00 0.309030 5.00
1409.00 0.309030 5.00
1410.00 0.309030 5.00
1411.00 0.309030 5.00
1412.00 0.309030 5.00
1413.00 0.309030 5.00
1414.00 0.309030 5.00
1415.00 0.309030 5.00
1416.00 0.309030 5.00
1417.00 0.309030 5.00
1418.00 0.309030 5.00
1419.00 0.309030 5.00
1420.00 0.309030 5.00
1421.00 0.309030 5.00
1422.00 0.309030 5.00
1423.00 0.309030 5.00
1424.00 0.309030 5.00
1425.00 0.309030 5.00
1426.00 0.309030 5.00
1427.00 0.309030 5.00
1428.00 0.309030 5.00
1429.00 0.309030 5.00
1430.00 0.309030 5.00
1431.00 0.309030 5.00
1432.00 0.309030 5.00
1433.00 0.309030 5.00
1434.00 0.309030 5.00
1435.00 0.309030 5.00
1436.00 0.309030 5.00
1437.00 0.309030 5.00
1438.00 0.309030 5.00
1439.00 0.309030 5.00
1440.00 0.309030 5.00
1441.00 0.309030 5.00
1442.00 0.309030 5.00
1443.00 0.309030 5.00
1444.00 0.309030 5.00
1445.00 0.309030 5.00
1446.00 0.309030 5.00
1447.00 0.309030 5.00
1448.00 0.309030 5.00
1449.00 0.309030 5.00
1450.00 0.309030 5.00
1451.00 0.309030 5.00
1452.00 0.309030 5.00
1453.00 0.309030 5.00
1454.00 0.309030 5.00
1455.00 0.309030 5.00
1456.00 0.309030 5.00
1457.00 0.309030 5.00
1458.00 0.309030 5.00
1459.00 0.309030 5.00
1460.00 0.309030 5.00
1461.00 0.309030 5.00
1462.00 0.309030 5.00
1463.00 0.309030 5.00
1464.00 0.309030 5.00
1465.00 0.309030 5.00
1466.00 0.309030 5.00
1467.00 0.309030 5.00
1468.00 0.309030 5.00
1469.00 0.309030 5.00
1470.00 0.309030 5.00
1471.00 0.309030 5.00
1472.00 0.309030 5.00
1473.00 0.309030 5.00
1474.00 0.309030 5.00
1475.00 0.309030 5.00
1476.00 0.309030 5.00
1477.00 0.309030 5.00
1478.00 0.309030 5.00
1479.00 0.309030 5.00
1480.00 0.309030 5.00
1481.00 0.309030 5.00
1482.00 0.309030 5.00
1483.00 0.309030 5.00
1484.00 0.309030 5.00
1485.00 0.309030 5.00
1486.00 0.309030 5.00
1487.00 0.309030 5.00
1488.00 0.309030 5.00
1489.00 0.309030 5.00
1490.00 0.309030 5.00
1491.00 0.309030 5.00
1492.00 0.309030 5.00
1493.00 0.309030 5.00
1494.00 0.309030 5.00
1495.00 0.309030 5.00
1496.00 0.309030 5.00
1497.00 0.309030 5.00
1498.00 0.309030 5.00
1499.00 0.309030 5.00
1500.00 0.309030 5.00
1501.00 0.309030 5.00
1502.00 0.309030 5.00
1503.00 0.309030 5.00
1504.00 0.309030 5.00
1505.00 0.309030 5.00
1506.00 0.309030 5.00
1507.00 0.309030 5.00
1508.00 0.309030 5.00
1509.00 0.309030 5.00
1510.00 0.309030 5.00
1511.00 0.309030 5.00
1512.00 0.309030 5.00
1513.00 0.309030 5.00
1514.00 0.309030 5.00
1515.00 0.309030 5.00
1516.00 0.309030 5.00
1517.00 0.309030 5.00
1518.00 0.309030 5.00
1519.00 0.309030 5.00
1520.00 0.309030 5.00
1521.00 0.309030 5.00
1522.00 0.309030 5.00
1523.00 0.309030 5.00
1524.00 0.309030 5.00
1525.00 0.309030 5.00
1526.00 0.309030 5.00
1527.00 0.309030 5.00
1528.00 0.309030 5.00
1529.00 0.309030 5.00
1530.00 0.309030 5.00
1531.00 0.309030 5.00
1532.00 0.309030 5.00
1533.00 0.309030 5.00
1534.00 0.309030 5.00
1535.00 0.309030 5.00
1536.00 0.309030 5.00
1537.00 0.309030 5.00
1538.00 0.309030 5.00
1539.00 0.309030 5.00
1540.00 0.309030 5.00
1541.00 0.309030 5.00
1542.00 0.309030 5.00
1543.00 0.309030 5.00
1544.00 0.309030 5.00
1545.00 0.309030 5.00
1546.00 0.309030 5.00
1547.00 0.309030 5.00
1548.00 0.309030 5.00
1549.00 0.309030 5.00
1550.00 0.309030 5.00
1551.00 0.309030 5.00
1552.00 0.309030 5.00
1553.00 0.309030 5.00
1554.00 0.309030 5.00
1555.00 0.309030 5.00
1556.00 0.309030 5.00
1557.00 0.309030 5.00
1558.00 0.309030 5.00
1559.00 0.309030 5.00
1560.00 0.309030 5.00
1561.00 0.309030 5.00
1562.00 0.309030 5.00
1563.00 0.309030 5.00
1564.00 0.309030 5.00
1565.00 0.309030 5.00
1566.00 0.309030 5.00
1567.00 0.309030 5.00
1568.00 0.309030 5.00
1569.00 0.309030 5.00
1570.00 0.309030 5.00
1571.00 0.309030 5.00
1572.00 0.309030 5.00
1573.00 0.309030 5.00
1574.00 0.309030 5.00
1575.00 0.309030 5.00
1576.00 0.309030 5.00
1577.00 0.309030 5.00
1578.00 0.309030 5.00
1579.00 0.309030 5.00
1580.00 0.309030 5.00
1581.00 0.309030 5.00
1582.00 0.309030 5.00
1583.00 0.309030 5.00
1584.00 0.309030 5.00
1585.00 0.309030 5.00
1586.00 0.309030 5.00
1587.00 0.309030 5.00
1588.00 0.309030 5.00
1589.00 0.309030 5.00
1590.00 0.309030 5.00
1591.00 0.309030 5.00
1592.00 0.309030 5.00
1593.00 0.309030 5.00
1594.00 0.309030 5.00
1595.00 0.309030 5.00
1596.00 0.309030 5.00
1597.00 0.309030 5.00
1598.00 0.309030 5.00
1599.00 0.309030 5.00
1600.00 0.309030 5.00
1601.00 0.309030 5.00
1602.00 0.309030 5.00
1603.00 0.309030 5.00
1604.00 0.309030 5.00
1605.00 0.309030 5.00
1606.00 0.309030 5.00
1607.00 0.309030 5.00
1608.00 0.309030 5.00
1609.00 0.309030 5.00
1610.00 0.309030 5.00
1611.00 0.309030 5.00
1612.00 0.309030 5.00
1613.00 0.309030 5.00
1614.00 0.309030 5.00
1615.00 0.309030 5.00
1616.00 0.309030 5.00
1617.00 0.309030 5.00
1618.00 0.309030 5.00
1619.00 0.309030 5.00
1620.00 0.309030 5.00
1621.00 0.309030 5.00
1622.00 0.309030 5.00
1623.00 0.309030 5.00
1624.00 0.309030 5.00
1625.00 0.309030 5.00
1626.00 0.309030 5.00
1627.00 0.309030 5.00
1628.00 0.309030 5.00
1629.00 0.309030 5.00
1630.00 0.309030 5.00
1631.00 0.309030 5.00
1632.00 0.309030 5.00
1633.00 0.309030 5.00
1634.00 0.309030 5.00
1635.00 0.309030 5.00
1636.00 0.309030 5.00
1637.00 0.309030 5.00
1638.00 0.309030 5.00
1639.00 0.309030 5.00
1640.00 0.309030 5.00
1641.00 0.309030 5.00
1642.00 0.309030 5.00
1643.00 0.309030 5.00
1644.00 0.309030 5.00
1645.00 0.309030 5.00
1646.00 0.309030 5.00
1647.00 0.309030 5.00
1648.00 0.309030 5.00
1649.00 0.309030 5.00
1650.00 0.309030 5.00
1651.00 0.309030 5.00
1652.00 0.309030 5.00
1653.00 0.309030 5.00
1654.00 0.309030 5.00
1655.00 0.309030 5.00
1656.00 0.309030 5.00
1657.00 0.309030 5.00
1658.00 0.309030 5.00
1659.00 0.309030 5.00
1660.00 0.309030 5.00
1661.00 0.309030 5.00
1662.00 0.309030 5.00
1663.00 0.309030 5.00
1664.00 0.309030 5.00
1665.00 0.309030 5.00
1666.00 0.309030 5.00
1667.00 0.309030 5.00
1668.00 0.309030 5.00
1669.00 0.309030 5.00
1670.00 0.309030 5.00
1671.00 0.309030 5.00
1672.00 0.309030 5.00
1673.00 0.309030 5.00
1674.00 0.309030 5.00
1675.00 0.309030 5.00
1676.00 0.309030 5.00
1677.00 0.309030 5.00
1678.00 0.309030 5.00
1679.00 0.309030 5.00
1680.00 0.309030 5.00
1681.00 0.309030 5.00
1682.00 0.309030 5.00
1683.00 0.309030 5.00
1684.00 0.309030 5.00
1685.00 0.309030 5.00
1686.00 0.309030 5.00
1687.00 0.309030 5.00
1688.00 0.309030 5.00
1689.00 0.309030 5.00
1690.00 0.309030 5.00
1691.00 0.309030 5.00
1692.00 0.309030 5.00
1693.00 0.309030 5.00
1694.00 0.309030 5.00
1695.00 0.309030 5.00
1696.00 0.309030 5.00
1697.00 0.309030 5.00
1698.00 0.309030 5.00
1699.00 0.309030 5.00
1700.00 0.309030 5.00
1701.00 0.309030 5.00
1702.00 0.309030 5.00
1703.00 0.309030 5.00
1704.00 0.309030 5.00
1705.00 0.309030 5.00
1706.00 0.309030 5.00
1707.00 0.309030 5.00
1708.00 0.309030 5.00
1709.00 0.309030 5.00
1710.00 0.309030 5.00
1711.00 0.309030 5.00
1712.00 0.309030 5.00
1713.00 0.309030 5.00
1714.00 0.309030 5.00
1715.00 0.309030 5.00
1716.00 0.309030 5.00
1717.00 0.309030 5.00
1718.00 0.309030 5.00
1719.00 0.309030 5.00
1720.00 0.309030 5.00
1721.00 0.309030 5.00
1722.00 0.309030 5.00
1723.00 0.309030 5.00
1724.00 0.309030 5.00
1725.00 0.309030 5.00
1726.00 0.309030 5.00
1727.00 0.309030 5.00
1728.00 0.309030 5.00
1729.00 0.309030 5.00
1730.00 0.309030 5.00
1731.00 0.309030 5.00
1732.00 0.309030 5.00
1733.00 0.309030 5.00
1734.00 0.309030 5.00
1735.00 0.309030 5.00
1736.00 0.309030 5.00
1737.00 0.309030 5.00
1738.00 0.309030 5.00
1739.00 0.309030 5.00
1740.00 0.309030 5.00
1741.00 0.309030 5.00
1742.00 0.309030 5.00
1743.00 0.309030 5.00
1744.00 0.309030 5.00
1745.00 0.309030 5.00
1746.00 0.309030 5.00
1747.00 0.309030 5.00
1748.00 0.309030 5.00
1749.00 0.309030 5.00
1750.00 0.309030 5.00
1751.00 0.309030 5.00
1752.00 0.309030 5.00
1753.00 0.309030 5.00
1754.00 0.309030 5.00
1755.00 0.309030 5.00
1756.00 0.309030 5.00
1757.00 0.309030 5.00
1758.00 0.309030 5.00
1759.00 0.309030 5.00
1760.00 0.309030 5.00
1761.00 0.309030 5.00
1762.00 0.309030 5.00
1763.00 0.309030 5.00
1764.00 0.309030 5.00
1765.00 0.309030 5.00
1766.00 0.309030 5.00
1767.00 0.309030 5.00
1768.00 0.309030 5.00
1769.00 0.309030 5.00
1770.00 0.309030 5.00
1771.00 0.309030 5.00
1772.00 0.309030 5.00
1773.00 0.309030 5.00
1774.00 0.309030 5.00
1775.00 0.309030 5.00
1776.00 0.309030 5.00
1777.00 0.309030 5.00
1778.00 0.309030 5.00
1779.00 0.309030 5.00
1780.00 0.309030 5.00
1781.00 0.309030 5.00
1782.00 0.309030 5.00
1783.00 0.309030 5.00
1784.00 0.309030 5.00
1785.00 0.309030 5.00
1786.00 0.309030 5.00
1787.00 0.309030 5.00
1788.00 0.309030 5.00
1789.00 0.309030 5.00
1790.00 0.309030 5.00
1791.00 0.309030 5.00
1792.00 0.309030 5.00
1793.00 0.309030 5.00
1794.00 0.309030 5.00
1795.00 0.309030 5.00
1796.00 0.309030 5.00
1797.00 0.309030 5.00
1798.00 0.309030 5.00
1799.00 0.309030 5.00
1800.00 0.309030 5.00
1801.00 0.309030 5.00
1802.00 0.309030 5.00
1803.00 0.309030 5.00
1804.00 0.309030 5.00
1805.00 0.309030 5.00
1806.00 0.309030 5.00
1807.00 0.309030 5.00
1808.00 0.309030 5.00
1809.00 0.309030 5.00
1810.00 0.309030 5.00
1811.00 0.309030 5.00
1812.00 0.309030 5.00
1813.00 0.309030 5.00
1814.00 0.309030 5.00
1815.00 0.309030 5.00
1816.00 0.309030 5.00
1817.00 0.309030 5.00
1818.00 0.309030 5.00
1819.00 0.309030 5.00
1820.00 0.309030 5.00
1821.00 0.309030 5.00
1822.00 0.309030 5.00
1823.00 0.309030 5.00
1824.00 0.309030 5.00
1825.00 0.309030 5.00
1826.00 0.309030 5.00
1827.00 0.309030 5.00
1828.00 0.309030 5.00
1829.00 0.309030 5.00
1830.00 0.309030 5.00
1831.00 0.309030 5.00
1832.00 0.309030 5.00
1833.00 0.309030 5.00
1834.00 0.309030 5.00
1835.00 0.309030 5.00
1836.00 0.309030 5.00
1837.00 0.309030 5.00
1838.00 0.309030 5.00
1839.00 0.309030 5.00
1840.00 0.309030 5.00
1841.00 0.309030 5.00
1842.00 0.309030 5.00
1843.00 0.309030 5.00
1844.00 0.309030 5.00
1845.00 0.309030 5.00
1846.00 0.309030 5.00
1847.00 0.309030 5.00
1848.00 0.309030 5.00
1849.00 0.309030 5.00
1850.00 0.309030 5.00
1851.00 0.309030 5.00
1852.00 0.309030 5.00
1853.00 0.309030 5.00
1854.00 0.309030 5.00
1855.00 0.309030 5.00
1856.00 0.309030 5.00
1857.00 0.309030 5.00
1858.00 0.309030 5.00
1859.00 0.309030 5.00
1860.00 0.309030 5.00
1861.00 0.309030 5.00
1862.00 0.309030 5.00
1863.00 0.309030 5.00
1864.00 0.309030 5.00
1865.00 0.309030 5.00
1866.00 0.309030 5.00
1867.00 0.309030 5.00
1868.00 0.309030 5.00
1869.00 0.309030 5.00
1870.00 0.309030 5.00
1871.00 0.309030 5.00
1872.00 0.309030 5.00
1873.00 0.309030 5.00
1874.00 0.309030 5.00
1875.00 0.309030 5.00
1876.00 0.309030 5.00
1877.00 0.309030 5.00
1878.00 0.309030 5.00
1879.00 0.309030 5.00
1880.00 0.309030 5.00
1881.00 0.309030 5.00
1882.00 0.309030 5.00
1883.00 0.309030 5.00
1884.00 0.309030 5.00
1885.00 0.309030 5.00
1886.00 0.309030 5.00
1887.00 0.309030 5.00
1888.00 0.309030 5.00
1889.00 0.309030 5.00
1890.00 0.309030 5.00
1891.00 0.309030 5.00
1892.00 0.309030 5.00
1893.00 0.309030 5.00
1894.00 0.309030 5.00
1895.00 0.309030 5.00
1896.00 0.309030 5.00
1897.00 0.309030 5.00
1898.00 0.309030 5.00
1899.00 0.309030 5.00
1900.00 0.309030 5.00
1901.00 0.309030 5.00
1902.00 0.309030 5.00
1903.00 0.309030 5.00
1904.00 0.309030 5.00
1905.00 0.309030 5.00
1906.00 0.309030 5.00
1907.00 0.309030 5.00
1908.00 0.309030 5.00
1909.00 0.309030 5.00
1910.00 0.309030 5.00
1911.00 0.309030 5.00
1912.00 0.309030 5.00
1913.00 0.309030 5.00
1914.00 0.309030 5.00
1915.00 0.309030 5.00
1916.00 0.309030 5.00
1917.00 0.309030 5.00
1918.00 0.309030 5.00
1919.00 0.309030 5.00
1920.00 0.309030 5.00
1921.00 0.309030 5.00
1922.00 0.309030 5.00
1923.00 0.309030 5.00
1924.00 0.309030 5.00
1925.00 0.309030 5.00
1926.00 0.309030 5.00
1927.00 0.309030 5.00
1928.00 0.309030 5.00
1929.00 0.309030 5.00
1930.00 0.309030 5.00
1931.00 0.309030 5.00
1932.00 0.309030 5.00
1933.00 0.309030 5.00
1934.00 0.309030 5.00
1935.00 0.309030 5.00
1936.00 0.309030 5.00
1937.00 0.309030 5.00
1938.00 0.309030 5.00
1939.00 0.309030 5.00
1940.00 0.309030 5.00
1941.00 0.309030 5.00
1942.00 0.309030 5.00
1943.00 0.309030 5.00
1944.00 0.309030 5.00
1945.00 0.309030 5.00
1946.00 0.309030 5.00
1947.00 0.309030 5.00
1948.00 0.309030 5.00
1949.00 0.309030 5.00
1950.00 0.309030 5.00
1951.00 0.309030 5.00
1952.00 0.309030 5.00
1953.00 0.309030 5.00
1954.00 0.309030 5.00
1955.00 0.309030 5.00
1956.00 0.309030 5.00
1957.00 0.309030 5.00
1958.00 0.309030 5.00
1959.00 0.309030 5.00
1960.00 0.309030 5.00
1961.00 0.309030 5.00
1962.00 0.309030 5.00
1963.00 0.309030 5.00
1964.00 0.309030 5.00
1965.00 0.309030 5.00
1966.00 0.309030 5.00
1967.00 0.309030 5.00
1968.00 0.309030 5.00
1969.00 0.309030 5.00
1970.00 0.309030 5.00
1971.00 0.309030 5.00
1972.00 0.309030 5.00
1973.00 0.309030 5.00
1974.00 0.309030 5.00
1975.00 0.309030 5.00
1976.00 0.309030 5.00
1977.00 0.309030 5.00
1978.00 0.309030 5.00
1979.00 0.309030 5.00
1980.00 0.309030 5.00
1981.00 0.309030 5.00
1982.00 0.309030 5.00
1983.00 0.309030 5.00
1984.00 0.309030 5.00
1985.00 0.309030 5.00
1986.00 0.309030 5.00
1987.00 0.309030 5.00
1988.00 0.309030 5.00
1989.00 0.309030 5.00
1990.00 0.309030 5.00
1991.00 0.309030 5.00
1992.00 0.309030 5.00
1993.00 0.309030 5.00
1994.00 0.309030 5.00
1995.00 0.309030 5.00
1996.00 0.309030 5.00
1997.00 0.309030 5.00
1998.00 0.309030 5.00
1999.00 0.309030 5.00
2000.00 0.309030 5.00
