0.00 3.828400 32.50
1.00 3.821670 32.49
2.00 3.814911 32.48
3.00 3.808130 32.45
4.00 3.801329 32.45
5.00 3.794497 32.45
6.00 3.787633 32.45
7.00 3.780745 32.44
8.00 3.773830 32.42
9.00 3.766928 32.40
10.00 3.760007 32.40
11.00 3.753058 32.40
12.00 3.746086 32.39
13.00 3.739084 32.39
14.00 3.732046 32.39
15.00 3.724994 32.38
16.00 3.717943 32.37
17.00 3.710893 32.34
18.00 3.703850 32.33
19.00 3.696778 32.31
20.00 3.689690 32.30
21.00 3.682608 32.28
22.00 3.675493 32.27
23.00 3.668355 32.26
24.00 3.661250 32.23
25.00 3.654204 32.22
26.00 3.647153 32.20
27.00 3.640078 32.20
28.00 3.632961 32.20
29.00 3.625809 32.19
30.00 3.618662 32.17
31.00 3.611489 32.15
32.00 3.604308 32.13
33.00 3.597191 32.12
34.00 3.590163 32.08
35.00 3.583171 32.06
36.00 3.576212 32.02
37.00 3.569285 31.99
38.00 3.562477 31.95
39.00 3.555665 31.94
40.00 3.548841 31.94
41.00 3.542023 31.91
42.00 3.535287 31.90
43.00 3.528537 31.87
44.00 3.521827 31.86
45.00 3.515143 31.85
46.00 3.508476 31.82
47.00 3.501854 31.78
48.00 3.495357 31.77
49.00 3.488837 31.76
50.00 3.482363 31.70
51.00 3.475967 31.70
52.00 3.469544 31.69
53.00 3.463274 31.62
54.00 3.457066 31.62
55.00 3.450872 31.60
56.00 3.444719 31.58
57.00 3.438577 31.56
58.00 3.432469 31.54
59.00 3.426430 31.53
60.00 3.420386 31.52
61.00 3.414399 31.48
62.00 3.408431 31.48
63.00 3.402477 31.44
64.00 3.396688 31.43
65.00 3.390889 31.42
66.00 3.385122 31.39
67.00 3.379414 31.36
68.00 3.373729 31.35
69.00 3.368125 31.32
70.00 3.362551 31.29
71.00 3.357020 31.26
72.00 3.351563 31.24
73.00 3.346135 31.23
74.00 3.340732 31.22
75.00 3.335366 31.21
76.00 3.329998 31.21
77.00 3.324687 31.19
78.00 3.319437 31.16
79.00 3.314275 31.15
80.00 3.309168 31.12
81.00 3.304136 31.11
82.00 3.299117 31.10
83.00 3.294161 31.09
84.00 3.289211 31.08
85.00 3.284297 31.07
86.00 3.279420 31.06
87.00 3.274522 31.05
88.00 3.269591 31.05
89.00 3.264688 31.04
90.00 3.259796 31.01
91.00 3.254921 31.00
92.00 3.250087 30.98
93.00 3.245290 30.97
94.00 3.240547 30.95
95.00 3.235827 30.94
96.00 3.231114 30.93
97.00 3.226379 30.92
98.00 3.221673 30.89
99.00 3.217092 30.89
100.00 3.212493 30.88
101.00 3.207892 30.87
102.00 3.203300 30.85
103.00 3.198760 30.84
104.00 3.194301 30.80
105.00 3.189968 30.78
106.00 3.185676 30.77
107.00 3.181432 30.76
108.00 3.177180 30.75
109.00 3.172924 30.74
110.00 3.168724 30.72
111.00 3.164595 30.71
112.00 3.160490 30.70
113.00 3.156379 30.69
114.00 3.152296 30.67
115.00 3.148209 30.67
116.00 3.144169 30.65
117.00 3.140128 30.65
118.00 3.136162 30.62
119.00 3.132317 30.56
120.00 3.128536 30.55
121.00 3.124788 30.54
122.00 3.121055 30.54
123.00 3.117329 30.53
124.00 3.113640 30.51
125.00 3.110021 30.51
126.00 3.106419 30.48
127.00 3.102866 30.45
128.00 3.099370 30.45
129.00 3.095871 30.45
130.00 3.092367 30.45
131.00 3.088871 30.44
132.00 3.085457 30.41
133.00 3.082167 30.38
134.00 3.078913 30.36
135.00 3.075700 30.36
136.00 3.072488 30.34
137.00 3.069285 30.33
138.00 3.066150 30.31
139.00 3.063032 30.30
140.00 3.059928 30.29
141.00 3.056828 30.28
142.00 3.053796 30.25
143.00 3.050844 30.24
144.00 3.047944 30.23
145.00 3.045071 30.21
146.00 3.042217 30.21
147.00 3.039384 30.20
148.00 3.036552 30.20
149.00 3.033714 30.20
150.00 3.030931 30.17
151.00 3.028230 30.17
152.00 3.025538 30.15
153.00 3.022867 30.13
154.00 3.020216 30.12
155.00 3.017624 30.11
156.00 3.015110 30.10
157.00 3.012599 30.10
158.00 3.010086 30.10
159.00 3.007575 30.09
160.00 3.005062 30.08
161.00 3.002569 30.08
162.00 3.000070 30.07
163.00 2.997591 30.06
164.00 2.995134 30.04
165.00 2.992725 30.03
166.00 2.990315 30.03
167.00 2.987942 30.01
168.00 2.985600 30.00
169.00 2.983264 30.00
170.00 2.980939 29.98
171.00 2.978703 29.96
172.00 2.976514 29.94
173.00 2.974358 29.93
174.00 2.972259 29.92
175.00 2.970213 29.91
176.00 2.968179 29.91
177.00 2.966151 29.91
178.00 2.964126 29.91
179.00 2.962101 29.91
180.00 2.960073 29.91
181.00 2.958049 29.88
182.00 2.956042 29.88
183.00 2.954034 29.87
184.00 2.952032 29.86
185.00 2.950031 29.86
186.00 2.948042 29.85
187.00 2.946055 29.85
188.00 2.944066 29.85
189.00 2.942082 29.83
190.00 2.940127 29.83
191.00 2.938203 29.81
192.00 2.936297 29.80
193.00 2.934406 29.80
194.00 2.932516 29.80
195.00 2.930625 29.80
196.00 2.928770 29.78
197.00 2.926946 29.78
198.00 2.925128 29.77
199.00 2.923374 29.75
200.00 2.921673 29.73
201.00 2.919994 29.73
202.00 2.918359 29.71
203.00 2.916752 29.71
204.00 2.915158 29.71
205.00 2.913573 29.71
206.00 2.911995 29.71
207.00 2.910428 29.70
208.00 2.908872 29.70
209.00 2.907335 29.68
210.00 2.905811 29.68
211.00 2.904293 29.68
212.00 2.902779 29.68
213.00 2.901268 29.67
214.00 2.899759 29.67
215.00 2.898249 29.67
216.00 2.896739 29.67
217.00 2.895225 29.67
218.00 2.893738 29.66
219.00 2.892259 29.66
220.00 2.890806 29.65
221.00 2.889365 29.64
222.00 2.887932 29.64
223.00 2.886502 29.64
224.00 2.885106 29.63
225.00 2.883734 29.62
226.00 2.882382 29.61
227.00 2.881036 29.61
228.00 2.879694 29.61
229.00 2.878385 29.59
230.00 2.877102 29.58
231.00 2.875832 29.58
232.00 2.874573 29.57
233.00 2.873344 29.56
234.00 2.872155 29.55
235.00 2.870986 29.55
236.00 2.869829 29.55
237.00 2.868708 29.54
238.00 2.867605 29.54
239.00 2.866511 29.54
240.00 2.865426 29.54
241.00 2.864350 29.53
242.00 2.863285 29.53
243.00 2.862225 29.53
244.00 2.861169 29.53
245.00 2.860115 29.53
246.00 2.859064 29.53
247.00 2.858013 29.53
248.00 2.856962 29.53
249.00 2.855911 29.53
250.00 2.854857 29.53
251.00 2.853802 29.53
252.00 2.852749 29.52
253.00 2.851705 29.52
254.00 2.850669 29.50
255.00 2.849667 29.48
256.00 2.848684 29.48
257.00 2.847708 29.48
258.00 2.846738 29.48
259.00 2.845771 29.48
260.00 2.844824 29.47
261.00 2.843890 29.47
262.00 2.842961 29.46
263.00 2.842066 29.46
264.00 2.841179 29.46
265.00 2.840298 29.46
266.00 2.839422 29.46
267.00 2.838550 29.46
268.00 2.837680 29.46
269.00 2.836812 29.46
270.00 2.835946 29.46
271.00 2.835079 29.46
272.00 2.834212 29.46
273.00 2.833344 29.46
274.00 2.832518 29.43
275.00 2.831711 29.42
276.00 2.830913 29.41
277.00 2.830132 29.41
278.00 2.829358 29.40
279.00 2.828618 29.40
280.00 2.827888 29.40
281.00 2.827166 29.40
282.00 2.826450 29.40
283.00 2.825740 29.40
284.00 2.825049 29.39
285.00 2.824376 29.39
286.00 2.823711 29.39
287.00 2.823051 29.39
288.00 2.822396 29.39
289.00 2.821746 29.39
290.00 2.821099 29.39
291.00 2.820463 29.38
292.00 2.819836 29.38
293.00 2.819213 29.38
294.00 2.818594 29.38
295.00 2.817979 29.38
296.00 2.817366 29.38
297.00 2.816756 29.38
298.00 2.816147 29.38
299.00 2.815540 29.38
300.00 2.814933 29.38
301.00 2.814327 29.38
302.00 2.813721 29.38
303.00 2.813114 29.38
304.00 2.812507 29.38
305.00 2.811898 29.38
306.00 2.811288 29.38
307.00 2.810681 29.37
308.00 2.810091 29.37
309.00 2.809503 29.37
310.00 2.808917 29.37
311.00 2.808330 29.37
312.00 2.807744 29.37
313.00 2.807170 29.35
314.00 2.806616 29.34
315.00 2.806069 29.34
316.00 2.805526 29.34
317.00 2.804987 29.34
318.00 2.804451 29.34
319.00 2.803918 29.34
320.00 2.803395 29.33
321.00 2.802890 29.33
322.00 2.802392 29.33
323.00 2.801898 29.33
324.00 2.801408 29.33
325.00 2.800922 29.33
326.00 2.800440 29.32
327.00 2.799961 29.32
328.00 2.799485 29.32
329.00 2.799011 29.32
330.00 2.798539 29.32
331.00 2.798068 29.32
332.00 2.797598 29.32
333.00 2.797129 29.32
334.00 2.796661 29.32
335.00 2.796193 29.32
336.00 2.795729 29.31
337.00 2.795273 29.31
338.00 2.794820 29.31
339.00 2.794368 29.31
340.00 2.793919 29.31
341.00 2.793470 29.31
342.00 2.793023 29.31
343.00 2.792577 29.31
344.00 2.792131 29.31
345.00 2.791686 29.31
346.00 2.791244 29.30
347.00 2.790807 29.29
348.00 2.790385 29.29
349.00 2.789967 29.29
350.00 2.789567 29.28
351.00 2.789176 29.28
352.00 2.788794 29.27
353.00 2.788421 29.27
354.00 2.788055 29.27
355.00 2.787695 29.27
356.00 2.787340 29.27
357.00 2.786989 29.27
358.00 2.786643 29.27
359.00 2.786301 29.27
360.00 2.785963 29.27
361.00 2.785640 29.26
362.00 2.785323 29.26
363.00 2.785011 29.26
364.00 2.784704 29.26
365.00 2.784402 29.26
366.00 2.784103 29.26
367.00 2.783808 29.26
368.00 2.783517 29.26
369.00 2.783228 29.26
370.00 2.782943 29.26
371.00 2.782660 29.26
372.00 2.782380 29.26
373.00 2.782102 29.26
374.00 2.781825 29.26
375.00 2.781551 29.26
376.00 2.781278 29.26
377.00 2.781007 29.26
378.00 2.780736 29.26
379.00 2.780467 29.26
380.00 2.780199 29.26
381.00 2.779932 29.26
382.00 2.779665 29.26
383.00 2.779399 29.26
384.00 2.779133 29.26
385.00 2.778867 29.26
386.00 2.778602 29.26
387.00 2.778336 29.26
388.00 2.778070 29.26
389.00 2.777804 29.26
390.00 2.777538 29.26
391.00 2.777271 29.26
392.00 2.777003 29.26
393.00 2.776735 29.26
394.00 2.776475 29.25
395.00 2.776221 29.25
396.00 2.775972 29.24
397.00 2.775731 29.24
398.00 2.775492 29.24
399.00 2.775255 29.24
400.00 2.775021 29.24
401.00 2.774788 29.24
402.00 2.774558 29.24
403.00 2.774329 29.24
404.00 2.774101 29.24
405.00 2.773874 29.24
406.00 2.773649 29.24
407.00 2.773425 29.24
408.00 2.773202 29.24
409.00 2.772979 29.24
410.00 2.772758 29.24
411.00 2.772536 29.24
412.00 2.772317 29.23
413.00 2.772100 29.23
414.00 2.771883 29.23
415.00 2.771667 29.23
416.00 2.771452 29.23
417.00 2.771236 29.23
418.00 2.771021 29.23
419.00 2.770815 29.22
420.00 2.770614 29.22
421.00 2.770416 29.22
422.00 2.770220 29.22
423.00 2.770026 29.22
424.00 2.769834 29.22
425.00 2.769643 29.22
426.00 2.769454 29.22
427.00 2.769267 29.22
428.00 2.769082 29.22
429.00 2.768897 29.22
430.00 2.768714 29.22
431.00 2.768532 29.22
432.00 2.768351 29.22
433.00 2.768171 29.22
434.00 2.767992 29.22
435.00 2.767814 29.22
436.00 2.767637 29.22
437.00 2.767461 29.22
438.00 2.767285 29.22
439.00 2.767110 29.22
440.00 2.766935 29.22
441.00 2.766761 29.22
442.00 2.766588 29.22
443.00 2.766414 29.22
444.00 2.766242 29.22
445.00 2.766069 29.22
446.00 2.765896 29.22
447.00 2.765727 29.21
448.00 2.765563 29.21
449.00 2.765400 29.21
450.00 2.765239 29.21
451.00 2.765080 29.21
452.00 2.764923 29.21
453.00 2.764767 29.21
454.00 2.764614 29.20
455.00 2.764465 29.20
456.00 2.764319 29.20
457.00 2.764174 29.20
458.00 2.764031 29.20
459.00 2.763891 29.20
460.00 2.763751 29.20
461.00 2.763614 29.20
462.00 2.763478 29.20
463.00 2.763343 29.20
464.00 2.763210 29.20
465.00 2.763078 29.20
466.00 2.762947 29.20
467.00 2.762819 29.19
468.00 2.762694 29.19
469.00 2.762570 29.19
470.00 2.762448 29.19
471.00 2.762328 29.19
472.00 2.762209 29.19
473.00 2.762092 29.19
474.00 2.761976 29.19
475.00 2.761862 29.19
476.00 2.761749 29.19
477.00 2.761637 29.19
478.00 2.761528 29.18
479.00 2.761424 29.18
480.00 2.761321 29.18
481.00 2.761221 29.18
482.00 2.761123 29.18
483.00 2.761027 29.18
484.00 2.760933 29.18
485.00 2.760841 29.18
486.00 2.760750 29.18
487.00 2.760661 29.18
488.00 2.760574 29.18
489.00 2.760488 29.18
490.00 2.760407 29.17
491.00 2.760331 29.17
492.00 2.760257 29.17
493.00 2.760185 29.17
494.00 2.760116 29.17
495.00 2.760050 29.17
496.00 2.759985 29.17
497.00 2.759922 29.17
498.00 2.759861 29.17
499.00 2.759802 29.17
500.00 2.759744 29.17
501.00 2.759689 29.17
502.00 2.759635 29.17
503.00 2.759582 29.17
504.00 2.759531 29.17
505.00 2.759481 29.17
506.00 2.759433 29.17
507.00 2.759386 29.17
508.00 2.759340 29.17
509.00 2.759296 29.17
510.00 2.759252 29.17
511.00 2.759210 29.17
512.00 2.759169 29.17
513.00 2.759129 29.17
514.00 2.759090 29.17
515.00 2.759052 29.17
516.00 2.759015 29.17
517.00 2.758979 29.17
518.00 2.758944 29.17
519.00 2.758910 29.17
520.00 2.758876 29.17
521.00 2.758844 29.17
522.00 2.758812 29.17
523.00 2.758781 29.17
524.00 2.758750 29.17
525.00 2.758721 29.17
526.00 2.758692 29.17
527.00 2.758665 29.16
528.00 2.758639 29.16
529.00 2.758615 29.16
530.00 2.758591 29.16
531.00 2.758568 29.16
532.00 2.758546 29.16
533.00 2.758525 29.16
534.00 2.758504 29.16
535.00 2.758485 29.16
536.00 2.758466 29.16
537.00 2.758447 29.16
538.00 2.758429 29.16
539.00 2.758412 29.16
540.00 2.758396 29.16
541.00 2.758380 29.16
542.00 2.758364 29.16
543.00 2.758349 29.16
544.00 2.758335 29.16
545.00 2.758321 29.16
546.00 2.758307 29.16
547.00 2.758294 29.16
548.00 2.758282 29.16
549.00 2.758269 29.16
550.00 2.758258 29.16
551.00 2.758246 29.16
552.00 2.758235 29.16
553.00 2.758224 29.16
554.00 2.758214 29.16
555.00 2.758204 29.16
556.00 2.758194 29.16
557.00 2.758185 29.16
558.00 2.758176 29.16
559.00 2.758167 29.16
560.00 2.758159 29.16
561.00 2.758150 29.16
562.00 2.758142 29.16
563.00 2.758135 29.16
564.00 2.758127 29.16
565.00 2.758120 29.16
566.00 2.758113 29.16
567.00 2.758106 29.16
568.00 2.758100 29.16
569.00 2.758093 29.16
570.00 2.758087 29.16
571.00 2.758081 29.16
572.00 2.758075 29.16
573.00 2.758070 29.16
574.00 2.758064 29.16
575.00 2.758059 29.16
576.00 2.758054 29.16
577.00 2.758049 29.16
578.00 2.758044 29.16
579.00 2.758040 29.16
580.00 2.758035 29.16
581.00 2.758031 29.16
582.00 2.758027 29.16
583.00 2.758023 29.16
584.00 2.758019 29.16
585.00 2.758015 29.16
586.00 2.758011 29.16
587.00 2.758008 29.16
588.00 2.758004 29.16
589.00 2.758001 29.16
590.00 2.757998 29.16
591.00 2.757995 29.16
592.00 2.757992 29.16
593.00 2.757989 29.16
594.00 2.757986 29.16
595.00 2.757983 29.16
596.00 2.757980 29.16
597.00 2.757978 29.16
598.00 2.757975 29.16
599.00 2.757973 29.16
600.00 2.757971 29.16
601.00 2.757968 29.16
602.00 2.757966 29.16
603.00 2.757964 29.16
604.00 2.757962 29.16
605.00 2.757960 29.16
606.00 2.757958 29.16
607.00 2.757956 29.16
608.00 2.757954 29.16
609.00 2.757952 29.16
610.00 2.757951 29.16
611.00 2.757949 29.16
612.00 2.757947 29.16
613.00 2.757946 29.16
614.00 2.757944 29.16
615.00 2.757943 29.16
616.00 2.757941 29.16
617.00 2.757940 29.16
618.00 2.757939 29.16
619.00 2.757937 29.16
620.00 2.757936 29.16
621.00 2.757935 29.16
622.00 2.757934 29.16
623.00 2.757933 29.16
624.00 2.757932 29.16
625.00 2.757930 29.16
626.00 2.757929 29.16
627.00 2.757928 29.16
628.00 2.757927 29.16
629.00 2.757927 29.16
630.00 2.757926 29.16
631.00 2.757925 29.16
632.00 2.757924 29.16
633.00 2.757923 29.16
634.00 2.757922 29.16
635.00 2.757921 29.16
636.00 2.757921 29.16
637.00 2.757920 29.16
638.00 2.757919 29.16
639.00 2.757919 29.16
640.00 2.757918 29.16
641.00 2.757917 29.16
642.00 2.757917 29.16
643.00 2.757916 29.16
644.00 2.757915 29.16
645.00 2.757915 29.16
646.00 2.757914 29.16
647.00 2.757914 29.16
648.00 2.757913 29.16
649.00 2.757913 29.16
650.00 2.757912 29.16
651.00 2.757912 29.16
652.00 2.757911 29.16
653.00 2.757911 29.16
654.00 2.757910 29.16
655.00 2.757910 29.16
656.00 2.757910 29.16
657.00 2.757909 29.16
658.00 2.757909 29.16
659.00 2.757908 29.16
660.00 2.757908 29.16
661.00 2.757908 29.16
662.00 2.757907 29.16
663.00 2.757907 29.16
664.00 2.757907 29.16
665.00 2.757907 29.16
666.00 2.757906 29.16
667.00 2.757906 29.16
668.00 2.757906 29.16
669.00 2.757905 29.16
670.00 2.757905 29.16
671.00 2.757905 29.16
672.00 2.757905 29.16
673.00 2.757904 29.16
674.00 2.757904 29.16
675.00 2.757904 29.16
676.00 2.757904 29.16
677.00 2.757904 29.16
678.00 2.757903 29.16
679.00 2.757903 29.16
680.00 2.757903 29.16
681.00 2.757903 29.16
682.00 2.757903 29.16
683.00 2.757902 29.16
684.00 2.757902 29.16
685.00 2.757902 29.16
686.00 2.757902 29.16
687.00 2.757902 29.16
688.00 2.757902 29.16
689.00 2.757901 29.16
690.00 2.757901 29.16
691.00 2.757901 29.16
692.00 2.757901 29.16
693.00 2.757901 29.16
694.00 2.757901 29.16
695.00 2.757901 29.16
696.00 2.757901 29.16
697.00 2.757900 29.16
698.00 2.757900 29.16
699.00 2.757900 29.16
700.00 2.757900 29.16
701.00 2.757900 29.16
702.00 2.757900 29.16
703.00 2.757900 29.16
704.00 2.757900 29.16
705.00 2.757900 29.16
706.00 2.757900 29.16
707.00 2.757900 29.16
708.00 2.757899 29.16
709.00 2.757899 29.16
710.00 2.757899 29.16
711.00 2.757899 29.16
712.00 2.757899 29.16
713.00 2.757899 29.16
714.00 2.757899 29.16
715.00 2.757899 29.16
716.00 2.757899 29.16
717.00 2.757899 29.16
718.00 2.757899 29.16
719.00 2.757899 29.16
720.00 2.757899 29.16
721.00 2.757899 29.16
722.00 2.757899 29.16
723.00 2.757899 29.16
724.00 2.757898 29.16
725.00 2.757898 29.16
726.00 2.757898 29.16
727.00 2.757898 29.16
728.00 2.757898 29.16
729.00 2.757898 29.16
730.00 2.757898 29.16
731.00 2.757898 29.16
732.00 2.757898 29.16
733.00 2.757898 29.16
734.00 2.757898 29.16
735.00 2.757898 29.16
736.00 2.757898 29.16
737.00 2.757898 29.16
738.00 2.757898 29.16
739.00 2.757898 29.16
740.00 2.757898 29.16
741.00 2.757898 29.16
742.00 2.757898 29.16
743.00 2.757898 29.16
744.00 2.757898 29.16
745.00 2.757898 29.16
746.00 2.757898 29.16
747.00 2.757898 29.16
748.00 2.757898 29.16
749.00 2.757898 29.16
750.00 2.757898 29.16
751.00 2.757898 29.16
752.00 2.757898 29.16
753.00 2.757898 29.16
754.00 2.757898 29.16
755.00 2.757898 29.16
756.00 2.757898 29.16
757.00 2.757897 29.16
758.00 2.757897 29.16
759.00 2.757897 29.16
760.00 2.757897 29.16
761.00 2.757897 29.16
762.00 2.757897 29.16
763.00 2.757897 29.16
764.00 2.757897 29.16
765.00 2.757897 29.16
766.00 2.757897 29.16
767.00 2.757897 29.16
768.00 2.757897 29.16
769.00 2.757897 29.16
770.00 2.757897 29.16
771.00 2.757897 29.16
772.00 2.757897 29.16
773.00 2.757897 29.16
774.00 2.757897 29.16
775.00 2.757897 29.16
776.00 2.757897 29.16
777.00 2.757897 29.16
778.00 2.757897 29.16
779.00 2.757897 29.16
780.00 2.757897 29.16
781.00 2.757897 29.16
782.00 2.757897 29.16
783.00 2.757897 29.16
784.00 2.757897 29.16
785.00 2.757897 29.16
786.00 2.757897 29.16
787.00 2.757897 29.16
788.00 2.757897 29.16
789.00 2.757897 29.16
790.00 2.757897 29.16
791.00 2.757897 29.16
792.00 2.757897 29.16
793.00 2.757897 29.16
794.00 2.757897 29.16
795.00 2.757897 29.16
796.00 2.757897 29.16
797.00 2.757897 29.16
798.00 2.757897 29.16
799.00 2.757897 29.16
800.00 2.757897 29.16
801.00 2.757897 29.16
802.00 2.757897 29.16
803.00 2.757897 29.16
804.00 2.757897 29.16
805.00 2.757897 29.16
806.00 2.757897 29.16
807.00 2.757897 29.16
808.00 2.757897 29.16
809.00 2.757897 29.16
810.00 2.757897 29.16
811.00 2.757897 29.16
812.00 2.757897 29.16
813.00 2.757897 29.16
814.00 2.757897 29.16
815.00 2.757897 29.16
816.00 2.757897 29.16
817.00 2.757897 29.16
818.00 2.757897 29.16
819.00 2.757897 29.16
820.00 2.757897 29.16
821.00 2.757897 29.16
822.00 2.757897 29.16
823.00 2.757897 29.16
824.00 2.757897 29.16
825.00 2.757897 29.16
826.00 2.757897 29.16
827.00 2.757897 29.16
828.00 2.757897 29.16
829.00 2.757897 29.16
830.00 2.757897 29.16
831.00 2.757897 29.16
832.00 2.757897 29.16
833.00 2.757897 29.16
834.00 2.757897 29.16
835.00 2.757897 29.16
836.00 2.757897 29.16
837.00 2.757897 29.16
838.00 2.757897 29.16
839.00 2.757897 29.16
840.00 2.757897 29.16
841.00 2.757897 29.16
842.00 2.757897 29.16
843.00 2.757897 29.16
844.00 2.757897 29.16
845.00 2.757897 29.16
846.00 2.757897 29.16
847.00 2.757897 29.16
848.00 2.757897 29.16
849.00 2.757897 29.16
850.00 2.757897 29.16
851.00 2.757897 29.16
852.00 2.757897 29.16
853.00 2.757897 29.16
854.00 2.757897 29.16
855.00 2.757897 29.16
856.00 2.757897 29.16
857.00 2.757897 29.16
858.00 2.757897 29.16
859.00 2.757897 29.16
860.00 2.757897 29.16
861.00 2.757897 29.16
862.00 2.757897 29.16
863.00 2.757897 29.16
864.00 2.757897 29.16
865.00 2.757897 29.16
866.00 2.757897 29.16
867.00 2.757897 29.16
868.00 2.757897 29.16
869.00 2.757897 29.16
870.00 2.757897 29.16
871.00 2.757897 29.16
872.00 2.757897 29.16
873.00 2.757897 29.16
874.00 2.757897 29.16
875.00 2.757897 29.16
876.00 2.757897 29.16
877.00 2.757897 29.16
878.00 2.757897 29.16
879.00 2.757897 29.16
880.00 2.757897 29.16
881.00 2.757897 29.16
882.00 2.757897 29.16
883.00 2.757897 29.16
884.00 2.757897 29.16
885.00 2.757897 29.16
886.00 2.757897 29.16
887.00 2.757897 29.16
888.00 2.757897 29.16
889.00 2.757897 29.16
890.00 2.757897 29.16
891.00 2.757897 29.16
892.00 2.757897 29.16
893.00 2.757897 29.16
894.00 2.757897 29.16
895.00 2.757897 29.16
896.00 2.757897 29.16
897.00 2.757897 29.16
898.00 2.757897 29.16
899.00 2.757897 29.16
900.00 2.757897 29.16
901.00 2.757897 29.16
902.00 2.757897 29.16
903.00 2.757897 29.16
904.00 2.757897 29.16
905.00 2.757897 29.16
906.00 2.757897 29.16
907.00 2.757897 29.16
908.00 2.757897 29.16
909.00 2.757897 29.16
910.00 2.757897 29.16
911.00 2.757897 29.16
912.00 2.757897 29.16
913.00 2.757897 29.16
914.00 2.757897 29.16
915.00 2.757897 29.16
916.00 2.757897 29.16
917.00 2.757897 29.16
918.00 2.757897 29.16
919.00 2.757897 29.16
920.00 2.757897 29.16
921.00 2.757897 29.16
922.00 2.757897 29.16
923.00 2.757897 29.16
924.00 2.757897 29.16
925.00 2.757897 29.16
926.00 2.757897 29.16
927.00 2.757897 29.16
928.00 2.757897 29.16
929.00 2.757897 29.16
930.00 2.757897 29.16
931.00 2.757897 29.16
932.00 2.757897 29.16
933.00 2.757897 29.16
934.00 2.757897 29.16
935.00 2.757897 29.16
936.00 2.757897 29.16
937.00 2.757897 29.16
938.00 2.757897 29.16
939.00 2.757897 29.16
940.00 2.757897 29.16
941.00 2.757897 29.16
942.00 2.757897 29.16
943.00 2.757897 29.16
944.00 2.757897 29.16
945.00 2.757897 29.16
946.00 2.757897 29.16
947.00 2.757897 29.16
948.00 2.757897 29.16
949.00 2.757897 29.16
950.00 2.757897 29.16
951.00 2.757897 29.16
952.00 2.757897 29.16
953.00 2.757897 29.16
954.00 2.757897 29.16
955.00 2.757897 29.16
956.00 2.757897 29.16
957.00 2.757897 29.16
958.00 2.757897 29.16
959.00 2.757897 29.16
960.00 2.757897 29.16
961.00 2.757897 29.16
962.00 2.757897 29.16
963.00 2.757897 29.16
964.00 2.757897 29.16
965.00 2.757897 29.16
966.00 2.757897 29.16
967.00 2.757897 29.16
968.00 2.757897 29.16
969.00 2.757897 29.16
970.00 2.757897 29.16
971.00 2.757897 29.16
972.00 2.757897 29.16
973.00 2.757897 29.16
974.00 2.757897 29.16
975.00 2.757897 29.16
976.00 2.757897 29.16
977.00 2.757897 29.16
978.00 2.757897 29.16
979.00 2.757897 29.16
980.00 2.757897 29.16
981.00 2.757897 29.16
982.00 2.757897 29.16
983.00 2.757897 29.16
984.00 2.757897 29.16
985.00 2.757897 29.16
986.00 2.757897 29.16
987.00 2.757897 29.16
988.00 2.757897 29.16
989.00 2.757897 29.16
990.00 2.757897 29.16
991.00 2.757897 29.16
992.00 2.757897 29.16
993.00 2.757897 29.16
994.00 2.757897 29.16
995.00 2.757897 29.16
996.00 2.757897 29.16
997.00 2.757897 29.16
998.00 2.757897 29.16
999.00 2.757897 29.16
1000.00 2.757897 29.16
1001.00 2.757897 29.16
1002.00 2.757897 29.16
1003.00 2.757897 29.16
1004.00 2.757897 29.16
1005.00 2.757897 29.16
1006.00 2.757897 29.16
1007.00 2.757897 29.16
1008.00 2.757897 29.16
1009.00 2.757897 29.16
1010.00 2.757897 29.16
1011.00 2.757897 29.16
1012.00 2.757897 29.16
1013.00 2.757897 29.16
1014.00 2.757897 29.16
1015.00 2.757897 29.16
1016.00 2.757897 29.16
1017.00 2.757897 29.16
1018.00 2.757897 29.16
1019.00 2.757897 29.16
1020.00 2.757897 29.16
1021.00 2.757897 29.16
1022.00 2.757897 29.16
1023.00 2.757897 29.16
1024.00 2.757897 29.16
1025.00 2.757897 29.16
1026.00 2.757897 29.16
1027.00 2.757897 29.16
1028.00 2.757897 29.16
1029.00 2.757897 29.16
1030.00 2.757897 29.16
1031.00 2.757897 29.16
1032.00 2.757897 29.16
1033.00 2.757897 29.16
1034.00 2.757897 29.16
1035.00 2.757897 29.16
1036.00 2.757897 29.16
1037.00 2.757897 29.16
1038.00 2.757897 29.16
1039.00 2.757897 29.16
1040.00 2.757897 29.16
1041.00 2.757897 29.16
1042.00 2.757897 29.16
1043.00 2.757897 29.16
1044.00 2.757897 29.16
1045.00 2.757897 29.16
1046.00 2.757897 29.16
1047.00 2.757897 29.16
1048.00 2.757897 29.16
1049.00 2.757897 29.16
1050.00 2.757897 29.16
1051.00 2.757897 29.16
1052.00 2.757897 29.16
1053.00 2.757897 29.16
1054.00 2.757897 29.16
1055.00 2.757897 29.16
1056.00 2.757897 29.16
1057.00 2.757897 29.16
1058.00 2.757897 29.16
1059.00 2.757897 29.16
1060.00 2.757897 29.16
1061.00 2.757897 29.16
1062.00 2.757897 29.16
1063.00 2.757897 29.16
1064.00 2.757897 29.16
1065.00 2.757897 29.16
1066.00 2.757897 29.16
1067.00 2.757897 29.16
1068.00 2.757897 29.16
1069.00 2.757897 29.16
1070.00 2.757897 29.16
1071.00 2.757897 29.16
1072.00 2.757897 29.16
1073.00 2.757897 29.16
1074.00 2.757897 29.16
1075.00 2.757897 29.16
1076.00 2.757897 29.16
1077.00 2.757897 29.16
1078.00 2.757897 29.16
1079.00 2.757897 29.16
1080.00 2.757897 29.16
1081.00 2.757897 29.16
1082.00 2.757897 29.16
1083.00 2.757897 29.16
1084.00 2.757897 29.16
1085.00 2.757897 29.16
1086.00 2.757897 29.16
1087.00 2.757897 29.16
1088.00 2.757897 29.16
1089.00 2.757897 29.16
1090.00 2.757897 29.16
1091.00 2.757897 29.16
1092.00 2.757897 29.16
1093.00 2.757897 29.16
1094.00 2.757897 29.16
1095.00 2.757897 29.16
1096.00 2.757897 29.16
1097.00 2.757897 29.16
1098.00 2.757897 29.16
1099.00 2.757897 29.16
1100.00 2.757897 29.16
1101.00 2.757897 29.16
1102.00 2.757897 29.16
1103.00 2.757897 29.16
1104.00 2.757897 29.16
1105.00 2.757897 29.16
1106.00 2.757897 29.16
1107.00 2.757897 29.16
1108.00 2.757897 29.16
1109.00 2.757897 29.16
1110.00 2.757897 29.16
1111.00 2.757897 29.16
1112.00 2.757897 29.16
1113.00 2.757897 29.16
1114.00 2.757897 29.16
1115.00 2.757897 29.16
1116.00 2.757897 29.16
1117.00 2.757897 29.16
1118.00 2.757897 29.16
1119.00 2.757897 29.16
1120.00 2.757897 29.16
1121.00 2.757897 29.16
1122.00 2.757897 29.16
1123.00 2.757897 29.16
1124.00 2.757897 29.16
1125.00 2.757897 29.16
1126.00 2.757897 29.16
1127.00 2.757897 29.16
1128.00 2.757897 29.16
1129.00 2.757897 29.16
1130.00 2.757897 29.16
1131.00 2.757897 29.16
1132.00 2.757897 29.16
1133.00 2.757897 29.16
1134.00 2.757897 29.16
1135.00 2.757897 29.16
1136.00 2.757897 29.16
1137.00 2.757897 29.16
1138.00 2.757897 29.16
1139.00 2.757897 29.16
1140.00 2.757897 29.16
1141.00 2.757897 29.16
1142.00 2.757897 29.16
1143.00 2.757897 29.16
1144.00 2.757897 29.16
1145.00 2.757897 29.16
1146.00 2.757897 29.16
1147.00 2.757897 29.16
1148.00 2.757897 29.16
1149.00 2.757897 29.16
1150.00 2.757897 29.16
1151.00 2.757897 29.16
1152.00 2.757897 29.16
1153.00 2.757897 29.16
1154.00 2.757897 29.16
1155.00 2.757897 29.16
1156.00 2.757897 29.16
1157.00 2.757897 29.16
1158.00 2.757897 29.16
1159.00 2.757897 29.16
1160.00 2.757897 29.16
1161.00 2.757897 29.16
1162.00 2.757897 29.16
1163.00 2.757897 29.16
1164.00 2.757897 29.16
1165.00 2.757897 29.16
1166.00 2.757897 29.16
1167.00 2.757897 29.16
1168.00 2.757897 29.16
1169.00 2.757897 29.16
1170.00 2.757897 29.16
1171.00 2.757897 29.16
1172.00 2.757897 29.16
1173.00 2.757897 29.16
1174.00 2.757897 29.16
1175.00 2.757897 29.16
1176.00 2.757897 29.16
1177.00 2.757897 29.16
1178.00 2.757897 29.16
1179.00 2.757897 29.16
1180.00 2.757897 29.16
1181.00 2.757897 29.16
1182.00 2.757897 29.16
1183.00 2.757897 29.16
1184.00 2.757897 29.16
1185.00 2.757897 29.16
1186.00 2.757897 29.16
1187.00 2.757897 29.16
1188.00 2.757897 29.16
1189.00 2.757897 29.16
1190.00 2.757897 29.16
1191.00 2.757897 29.16
1192.00 2.757897 29.16
1193.00 2.757897 29.16
1194.00 2.757897 29.16
1195.00 2.757897 29.16
1196.00 2.757897 29.16
1197.00 2.757897 29.16
1198.00 2.757897 29.16
1199.00 2.757897 29.16
1200.00 2.757897 29.16
1201.00 2.757897 29.16
1202.00 2.757897 29.16
1203.00 2.757897 29.16
1204.00 2.757897 29.16
1205.00 2.757897 29.16
1206.00 2.757897 29.16
1207.00 2.757897 29.16
1208.00 2.757897 29.16
1209.00 2.757897 29.16
1210.00 2.757897 29.16
1211.00 2.757897 29.16
1212.00 2.757897 29.16
1213.00 2.757897 29.16
1214.00 2.757897 29.16
1215.00 2.757897 29.16
1216.00 2.757897 29.16
1217.00 2.757897 29.16
1218.00 2.757897 29.16
1219.00 2.757897 29.16
1220.00 2.757897 29.16
1221.00 2.757897 29.16
1222.00 2.757897 29.16
1223.00 2.757897 29.16
1224.00 2.757897 29.16
1225.00 2.757897 29.16
1226.00 2.757897 29.16
1227.00 2.757897 29.16
1228.00 2.757897 29.16
1229.00 2.757897 29.16
1230.00 2.757897 29.16
1231.00 2.757897 29.16
1232.00 2.757897 29.16
1233.00 2.757897 29.16
1234.00 2.757897 29.16
1235.00 2.757897 29.16
1236.00 2.757897 29.16
1237.00 2.757897 29.16
1238.00 2.757897 29.16
1239.00 2.757897 29.16
1240.00 2.757897 29.16
1241.00 2.757897 29.16
1242.00 2.757897 29.16
1243.00 2.757897 29.16
1244.00 2.757897 29.16
1245.00 2.757897 29.16
1246.00 2.757897 29.16
1247.00 2.757897 29.16
1248.00 2.757897 29.16
1249.00 2.757897 29.16
1250.00 2.757897 29.16
1251.00 2.757897 29.16
1252.00 2.757897 29.16
1253.00 2.757897 29.16
1254.00 2.757897 29.16
1255.00 2.757897 29.16
1256.00 2.757897 29.16
1257.00 2.757897 29.16
1258.00 2.757897 29.16
1259.00 2.757897 29.16
1260.00 2.757897 29.16
1261.00 2.757897 29.16
1262.00 2.757897 29.16
1263.00 2.757897 29.16
1264.00 2.757897 29.16
1265.00 2.757897 29.16
1266.00 2.757897 29.16
1267.00 2.757897 29.16
1268.00 2.757897 29.16
1269.00 2.757897 29.16
1270.00 2.757897 29.16
1271.00 2.757897 29.16
1272.00 2.757897 29.16
1273.00 2.757897 29.16
1274.00 2.757897 29.16
1275.00 2.757897 29.16
1276.00 2.757897 29.16
1277.00 2.757897 29.16
1278.00 2.757897 29.16
1279.00 2.757897 29.16
1280.00 2.757897 29.16
1281.00 2.757897 29.16
1282.00 2.757897 29.16
1283.00 2.757897 29.16
1284.00 2.757897 29.16
1285.00 2.757897 29.16
1286.00 2.757897 29.16
1287.00 2.757897 29.16
1288.00 2.757897 29.16
1289.00 2.757897 29.16
1290.00 2.757897 29.16
1291.00 2.757897 29.16
1292.00 2.757897 29.16
1293.00 2.757897 29.16
1294.00 2.757897 29.16
1295.00 2.757897 29.16
1296.00 2.757897 29.16
1297.00 2.757897 29.16
1298.00 2.757897 29.16
1299.00 2.757897 29.16
1300.00 2.757897 29.16
1301.00 2.757897 29.16
1302.00 2.757897 29.16
1303.00 2.757897 29.16
1304.00 2.757897 29.16
1305.00 2.757897 29.16
1306.00 2.757897 29.16
1307.00 2.757897 29.16
1308.00 2.757897 29.16
1309.00 2.757897 29.16
1310.00 2.757897 29.16
1311.00 2.757897 29.16
1312.00 2.757897 29.16
1313.00 2.757897 29.16
1314.00 2.757897 29.16
1315.00 2.757897 29.16
1316.00 2.757897 29.16
1317.00 2.757897 29.16
1318.00 2.757897 29.16
1319.00 2.757897 29.16
1320.00 2.757897 29.16
1321.00 2.757897 29.16
1322.00 2.757897 29.16
1323.00 2.757897 29.16
1324.00 2.757897 29.16
1325.00 2.757897 29.16
1326.00 2.757897 29.16
1327.00 2.757897 29.16
1328.00 2.757897 29.16
1329.00 2.757897 29.16
1330.00 2.757897 29.16
1331.00 2.757897 29.16
1332.00 2.757897 29.16
1333.00 2.757897 29.16
1334.00 2.757897 29.16
1335.00 2.757897 29.16
1336.00 2.757897 29.16
1337.00 2.757897 29.16
1338.00 2.757897 29.16
1339.00 2.757897 29.16
1340.00 2.757897 29.16
1341.00 2.757897 29.16
1342.00 2.757897 29.16
1343.00 2.757897 29.16
1344.00 2.757897 29.16
1345.00 2.757897 29.16
1346.00 2.757897 29.16
1347.00 2.757897 29.16
1348.00 2.757897 29.16
1349.00 2.757897 29.16
1350.00 2.757897 29.16
1351.00 2.757897 29.16
1352.00 2.757897 29.16
1353.00 2.757897 29.16
1354.00 2.757897 29.16
1355.00 2.757897 29.16
1356.00 2.757897 29.16
1357.00 2.757897 29.16
1358.00 2.757897 29.16
1359.00 2.757897 29.16
1360.00 2.757897 29.16
1361.00 2.757897 29.16
1362.00 2.757897 29.16
1363.00 2.757897 29.16
1364.00 2.757897 29.16
1365.00 2.757897 29.16
1366.00 2.757897 29.16
1367.00 2.757897 29.16
1368.00 2.757897 29.16
1369.00 2.757897 29.16
1370.00 2.757897 29.16
1371.00 2.757897 29.16
1372.00 2.757897 29.16
1373.00 2.757897 29.16
1374.00 2.757897 29.16
1375.00 2.757897 29.16
1376.00 2.757897 29.16
1377.00 2.757897 29.16
1378.00 2.757897 29.16
1379.00 2.757897 29.16
1380.00 2.757897 29.16
1381.00 2.757897 29.16
1382.00 2.757897 29.16
1383.00 2.757897 29.16
1384.00 2.757897 29.16
1385.00 2.757897 29.16
1386.00 2.757897 29.16
1387.00 2.757897 29.16
1388.00 2.757897 29.16
1389.00 2.757897 29.16
1390.00 2.757897 29.16
1391.00 2.757897 29.16
1392.00 2.757897 29.16
1393.00 2.757897 29.16
1394.00 2.757897 29.16
1395.00 2.757897 29.16
1396.00 2.757897 29.16
1397.00 2.757897 29.16
1398.00 2.757897 29.16
1399.00 2.757897 29.16
1400.00 2.757897 29.16
1401.00 2.757897 29.16
1402.00 2.757897 29.16
1403.00 2.757897 29.16
1404.00 2.757897 29.16
1405.00 2.757897 29.16
1406.00 2.757897 29.16
1407.00 2.757897 29.16
1408.00 2.757897 29.16
1409.00 2.757897 29.16
1410.00 2.757897 29.16
1411.00 2.757897 29.16
1412.00 2.757897 29.16
1413.00 2.757897 29.16
1414.00 2.757897 29.16
1415.00 2.757897 29.16
1416.00 2.757897 29.16
1417.00 2.757897 29.16
1418.00 2.757897 29.16
1419.00 2.757897 29.16
1420.00 2.757897 29.16
1421.00 2.757897 29.16
1422.00 2.757897 29.16
1423.00 2.757897 29.16
1424.00 2.757897 29.16
1425.00 2.757897 29.16
1426.00 2.757897 29.16
1427.00 2.757897 29.16
1428.00 2.757897 29.16
1429.00 2.757897 29.16
1430.00 2.757897 29.16
1431.00 2.757897 29.16
1432.00 2.757897 29.16
1433.00 2.757897 29.16
1434.00 2.757897 29.16
1435.00 2.757897 29.16
1436.00 2.757897 29.16
1437.00 2.757897 29.16
1438.00 2.757897 29.16
1439.00 2.757897 29.16
1440.00 2.757897 29.16
1441.00 2.757897 29.16
1442.00 2.757897 29.16
1443.00 2.757897 29.16
1444.00 2.757897 29.16
1445.00 2.757897 29.16
1446.00 2.757897 29.16
1447.00 2.757897 29.16
1448.00 2.757897 29.16
1449.00 2.757897 29.16
1450.00 2.757897 29.16
1451.00 2.757897 29.16
1452.00 2.757897 29.16
1453.00 2.757897 29.16
1454.00 2.757897 29.16
1455.00 2.757897 29.16
1456.00 2.757897 29.16
1457.00 2.757897 29.16
1458.00 2.757897 29.16
1459.00 2.757897 29.16
1460.00 2.757897 29.16
1461.00 2.757897 29.16
1462.00 2.757897 29.16
1463.00 2.757897 29.16
1464.00 2.757897 29.16
1465.00 2.757897 29.16
1466.00 2.757897 29.16
1467.00 2.757897 29.16
1468.00 2.757897 29.16
1469.00 2.757897 29.16
1470.00 2.757897 29.16
1471.00 2.757897 29.16
1472.00 2.757897 29.16
1473.00 2.757897 29.16
1474.00 2.757897 29.16
1475.00 2.757897 29.16
1476.00 2.757897 29.16
1477.00 2.757897 29.16
1478.00 2.757897 29.16
1479.00 2.757897 29.16
1480.00 2.757897 29.16
1481.00 2.757897 29.16
1482.00 2.757897 29.16
1483.00 2.757897 29.16
1484.00 2.757897 29.16
1485.00 2.757897 29.16
1486.00 2.757897 29.16
1487.00 2.757897 29.16
1488.00 2.757897 29.16
1489.00 2.757897 29.16
1490.00 2.757897 29.16
1491.00 2.757897 29.16
1492.00 2.757897 29.16
1493.00 2.757897 29.16
1494.00 2.757897 29.16
1495.00 2.757897 29.16
1496.00 2.757897 29.16
1497.00 2.757897 29.16
1498.00 2.757897 29.16
1499.00 2.757897 29.16
1500.00 2.757897 29.16
1501.00 2.757897 29.16
1502.00 2.757897 29.16
1503.00 2.757897 29.16
1504.00 2.757897 29.16
1505.00 2.757897 29.16
1506.00 2.757897 29.16
1507.00 2.757897 29.16
1508.00 2.757897 29.16
1509.00 2.757897 29.16
1510.00 2.757897 29.16
1511.00 2.757897 29.16
1512.00 2.757897 29.16
1513.00 2.757897 29.16
1514.00 2.757897 29.16
1515.00 2.757897 29.16
1516.00 2.757897 29.16
1517.00 2.757897 29.16
1518.00 2.757897 29.16
1519.00 2.757897 29.16
1520.00 2.757897 29.16
1521.00 2.757897 29.16
1522.00 2.757897 29.16
1523.00 2.757897 29.16
1524.00 2.757897 29.16
1525.00 2.757897 29.16
1526.00 2.757897 29.16
1527.00 2.757897 29.16
1528.00 2.757897 29.16
1529.00 2.757897 29.16
1530.00 2.757897 29.16
1531.00 2.757897 29.16
1532.00 2.757897 29.16
1533.00 2.757897 29.16
1534.00 2.757897 29.16
1535.00 2.757897 29.16
1536.00 2.757897 29.16
1537.00 2.757897 29.16
1538.00 2.757897 29.16
1539.00 2.757897 29.16
1540.00 2.757897 29.16
1541.00 2.757897 29.16
1542.00 2.757897 29.16
1543.00 2.757897 29.16
1544.00 2.757897 29.16
1545.00 2.757897 29.16
1546.00 2.757897 29.16
1547.00 2.757897 29.16
1548.00 2.757897 29.16
1549.00 2.757897 29.16
1550.00 2.757897 29.16
1551.00 2.757897 29.16
1552.00 2.757897 29.16
1553.00 2.757897 29.16
1554.00 2.757897 29.16
1555.00 2.757897 29.16
1556.00 2.757897 29.16
1557.00 2.757897 29.16
1558.00 2.757897 29.16
1559.00 2.757897 29.16
1560.00 2.757897 29.16
1561.00 2.757897 29.16
1562.00 2.757897 29.16
1563.00 2.757897 29.16
1564.00 2.757897 29.16
1565.00 2.757897 29.16
1566.00 2.757897 29.16
1567.00 2.757897 29.16
1568.00 2.757897 29.16
1569.00 2.757897 29.16
1570.00 2.757897 29.16
1571.00 2.757897 29.16
1572.00 2.757897 29.16
1573.00 2.757897 29.16
1574.00 2.757897 29.16
1575.00 2.757897 29.16
1576.00 2.757897 29.16
1577.00 2.757897 29.16
1578.00 2.757897 29.16
1579.00 2.757897 29.16
1580.00 2.757897 29.16
1581.00 2.757897 29.16
1582.00 2.757897 29.16
1583.00 2.757897 29.16
1584.00 2.757897 29.16
1585.00 2.757897 29.16
1586.00 2.757897 29.16
1587.00 2.757897 29.16
1588.00 2.757897 29.16
1589.00 2.757897 29.16
1590.00 2.757897 29.16
1591.00 2.757897 29.16
1592.00 2.757897 29.16
1593.00 2.757897 29.16
1594.00 2.757897 29.16
1595.00 2.757897 29.16
1596.00 2.757897 29.16
1597.00 2.757897 29.16
1598.00 2.757897 29.16
1599.00 2.757897 29.16
1600.00 2.757897 29.16
1601.00 2.757897 29.16
1602.00 2.757897 29.16
1603.00 2.757897 29.16
1604.00 2.757897 29.16
1605.00 2.757897 29.16
1606.00 2.757897 29.16
1607.00 2.757897 29.16
1608.00 2.757897 29.16
1609.00 2.757897 29.16
1610.00 2.757897 29.16
1611.00 2.757897 29.16
1612.00 2.757897 29.16
1613.00 2.757897 29.16
1614.00 2.757897 29.16
1615.00 2.757897 29.16
1616.00 2.757897 29.16
1617.00 2.757897 29.16
1618.00 2.757897 29.16
1619.00 2.757897 29.16
1620.00 2.757897 29.16
1621.00 2.757897 29.16
1622.00 2.757897 29.16
1623.00 2.757897 29.16
1624.00 2.757897 29.16
1625.00 2.757897 29.16
1626.00 2.757897 29.16
1627.00 2.757897 29.16
1628.00 2.757897 29.16
1629.00 2.757897 29.16
1630.00 2.757897 29.16
1631.00 2.757897 29.16
1632.00 2.757897 29.16
1633.00 2.757897 29.16
1634.00 2.757897 29.16
1635.00 2.757897 29.16
1636.00 2.757897 29.16
1637.00 2.757897 29.16
1638.00 2.757897 29.16
1639.00 2.757897 29.16
1640.00 2.757897 29.16
1641.00 2.757897 29.16
1642.00 2.757897 29.16
1643.00 2.757897 29.16
1644.00 2.757897 29.16
1645.00 2.757897 29.16
1646.00 2.757897 29.16
1647.00 2.757897 29.16
1648.00 2.757897 29.16
1649.00 2.757897 29.16
1650.00 2.757897 29.16
1651.00 2.757897 29.16
1652.00 2.757897 29.16
1653.00 2.757897 29.16
1654.00 2.757897 29.16
1655.00 2.757897 29.16
1656.00 2.757897 29.16
1657.00 2.757897 29.16
1658.00 2.757897 29.16
1659.00 2.757897 29.16
1660.00 2.757897 29.16
1661.00 2.757897 29.16
1662.00 2.757897 29.16
1663.00 2.757897 29.16
1664.00 2.757897 29.16
1665.00 2.757897 29.16
1666.00 2.757897 29.16
1667.00 2.757897 29.16
1668.00 2.757897 29.16
1669.00 2.757897 29.16
1670.00 2.757897 29.16
1671.00 2.757897 29.16
1672.00 2.757897 29.16
1673.00 2.757897 29.16
1674.00 2.757897 29.16
1675.00 2.757897 29.16
1676.00 2.757897 29.16
1677.00 2.757897 29.16
1678.00 2.757897 29.16
1679.00 2.757897 29.16
1680.00 2.757897 29.16
1681.00 2.757897 29.16
1682.00 2.757897 29.16
1683.00 2.757897 29.16
1684.00 2.757897 29.16
1685.00 2.757897 29.16
1686.00 2.757897 29.16
1687.00 2.757897 29.16
1688.00 2.757897 29.16
1689.00 2.757897 29.16
1690.00 2.757897 29.16
1691.00 2.757897 29.16
1692.00 2.757897 29.16
1693.00 2.757897 29.16
1694.00 2.757897 29.16
1695.00 2.757897 29.16
1696.00 2.757897 29.16
1697.00 2.757897 29.16
1698.00 2.757897 29.16
1699.00 2.757897 29.16
1700.00 2.757897 29.16
1701.00 2.757897 29.16
1702.00 2.757897 29.16
1703.00 2.757897 29.16
1704.00 2.757897 29.16
1705.00 2.757897 29.16
1706.00 2.757897 29.16
1707.00 2.757897 29.16
1708.00 2.757897 29.16
1709.00 2.757897 29.16
1710.00 2.757897 29.16
1711.00 2.757897 29.16
1712.00 2.757897 29.16
1713.00 2.757897 29.16
1714.00 2.757897 29.16
1715.00 2.757897 29.16
1716.00 2.757897 29.16
1717.00 2.757897 29.16
1718.00 2.757897 29.16
1719.00 2.757897 29.16
1720.00 2.757897 29.16
1721.00 2.757897 29.16
1722.00 2.757897 29.16
1723.00 2.757897 29.16
1724.00 2.757897 29.16
1725.00 2.757897 29.16
1726.00 2.757897 29.16
1727.00 2.757897 29.16
1728.00 2.757897 29.16
1729.00 2.757897 29.16
1730.00 2.757897 29.16
1731.00 2.757897 29.16
1732.00 2.757897 29.16
1733.00 2.757897 29.16
1734.00 2.757897 29.16
1735.00 2.757897 29.16
1736.00 2.757897 29.16
1737.00 2.757897 29.16
1738.00 2.757897 29.16
1739.00 2.757897 29.16
1740.00 2.757897 29.16
1741.00 2.757897 29.16
1742.00 2.757897 29.16
1743.00 2.757897 29.16
1744.00 2.757897 29.16
1745.00 2.757897 29.16
1746.00 2.757897 29.16
1747.00 2.757897 29.16
1748.00 2.757897 29.16
1749.00 2.757897 29.16
1750.00 2.757897 29.16
1751.00 2.757897 29.16
1752.00 2.757897 29.16
1753.00 2.757897 29.16
1754.00 2.757897 29.16
1755.00 2.757897 29.16
1756.00 2.757897 29.16
1757.00 2.757897 29.16
1758.00 2.757897 29.16
1759.00 2.757897 29.16
1760.00 2.757897 29.16
1761.00 2.757897 29.16
1762.00 2.757897 29.16
1763.00 2.757897 29.16
1764.00 2.757897 29.16
1765.00 2.757897 29.16
1766.00 2.757897 29.16
1767.00 2.757897 29.16
1768.00 2.757897 29.16
1769.00 2.757897 29.16
1770.00 2.757897 29.16
1771.00 2.757897 29.16
1772.00 2.757897 29.16
1773.00 2.757897 29.16
1774.00 2.757897 29.16
1775.00 2.757897 29.16
1776.00 2.757897 29.16
1777.00 2.757897 29.16
1778.00 2.757897 29.16
1779.00 2.757897 29.16
1780.00 2.757897 29.16
1781.00 2.757897 29.16
1782.00 2.757897 29.16
1783.00 2.757897 29.16
1784.00 2.757897 29.16
1785.00 2.757897 29.16
1786.00 2.757897 29.16
1787.00 2.757897 29.16
1788.00 2.757897 29.16
1789.00 2.757897 29.16
1790.00 2.757897 29.16
1791.00 2.757897 29.16
1792.00 2.757897 29.16
1793.00 2.757897 29.16
1794.00 2.757897 29.16
1795.00 2.757897 29.16
1796.00 2.757897 29.16
1797.00 2.757897 29.16
1798.00 2.757897 29.16
1799.00 2.757897 29.16
1800.00 2.757897 29.16
1801.00 2.757897 29.16
1802.00 2.757897 29.16
1803.00 2.757897 29.16
1804.00 2.757897 29.16
1805.00 2.757897 29.16
1806.00 2.757897 29.16
1807.00 2.757897 29.16
1808.00 2.757897 29.16
1809.00 2.757897 29.16
1810.00 2.757897 29.16
1811.00 2.757897 29.16
1812.00 2.757897 29.16
1813.00 2.757897 29.16
1814.00 2.757897 29.16
1815.00 2.757897 29.16
1816.00 2.757897 29.16
1817.00 2.757897 29.16
1818.00 2.757897 29.16
1819.00 2.757897 29.16
1820.00 2.757897 29.16
1821.00 2.757897 29.16
1822.00 2.757897 29.16
1823.00 2.757897 29.16
1824.00 2.757897 29.16
1825.00 2.757897 29.16
1826.00 2.757897 29.16
1827.00 2.757897 29.16
1828.00 2.757897 29.16
1829.00 2.757897 29.16
1830.00 2.757897 29.16
1831.00 2.757897 29.16
1832.00 2.757897 29.16
1833.00 2.757897 29.16
1834.00 2.757897 29.16
1835.00 2.757897 29.16
1836.00 2.757897 29.16
1837.00 2.757897 29.16
1838.00 2.757897 29.16
1839.00 2.757897 29.16
1840.00 2.757897 29.16
1841.00 2.757897 29.16
1842.00 2.757897 29.16
1843.00 2.757897 29.16
1844.00 2.757897 29.16
1845.00 2.757897 29.16
1846.00 2.757897 29.16
1847.00 2.757897 29.16
1848.00 2.757897 29.16
1849.00 2.757897 29.16
1850.00 2.757897 29.16
1851.00 2.757897 29.16
1852.00 2.757897 29.16
1853.00 2.757897 29.16
1854.00 2.757897 29.16
1855.00 2.757897 29.16
1856.00 2.757897 29.16
1857.00 2.757897 29.16
1858.00 2.757897 29.16
1859.00 2.757897 29.16
1860.00 2.757897 29.16
1861.00 2.757897 29.16
1862.00 2.757897 29.16
1863.00 2.757897 29.16
1864.00 2.757897 29.16
1865.00 2.757897 29.16
1866.00 2.757897 29.16
1867.00 2.757897 29.16
1868.00 2.757897 29.16
1869.00 2.757897 29.16
1870.00 2.757897 29.16
1871.00 2.757897 29.16
1872.00 2.757897 29.16
1873.00 2.757897 29.16
1874.00 2.757897 29.16
1875.00 2.757897 29.16
1876.00 2.757897 29.16
1877.00 2.757897 29.16
1878.00 2.757897 29.16
1879.00 2.757897 29.16
1880.00 2.757897 29.16
1881.00 2.757897 29.16
1882.00 2.757897 29.16
1883.00 2.757897 29.16
1884.00 2.757897 29.16
1885.00 2.757897 29.16
1886.00 2.757897 29.16
1887.00 2.757897 29.16
1888.00 2.757897 29.16
1889.00 2.757897 29.16
1890.00 2.757897 29.16
1891.00 2.757897 29.16
1892.00 2.757897 29.16
1893.00 2.757897 29.16
1894.00 2.757897 29.16
1895.00 2.757897 29.16
1896.00 2.757897 29.16
1897.00 2.757897 29.16
1898.00 2.757897 29.16
1899.00 2.757897 29.16
1900.00 2.757897 29.16
1901.00 2.757897 29.16
1902.00 2.757897 29.16
1903.00 2.757897 29.16
1904.00 2.757897 29.16
1905.00 2.757897 29.16
1906.00 2.757897 29.16
1907.00 2.757897 29.16
1908.00 2.757897 29.16
1909.00 2.757897 29.16
1910.00 2.757897 29.16
1911.00 2.757897 29.16
1912.00 2.757897 29.16
1913.00 2.757897 29.16
1914.00 2.757897 29.16
1915.00 2.757897 29.16
1916.00 2.757897 29.16
1917.00 2.757897 29.16
1918.00 2.757897 29.16
1919.00 2.757897 29.16
1920.00 2.757897 29.16
1921.00 2.757897 29.16
1922.00 2.757897 29.16
1923.00 2.757897 29.16
1924.00 2.757897 29.16
1925.00 2.757897 29.16
1926.00 2.757897 29.16
1927.00 2.757897 29.16
1928.00 2.757897 29.16
1929.00 2.757897 29.16
1930.00 2.757897 29.16
1931.00 2.757897 29.16
1932.00 2.757897 29.16
1933.00 2.757897 29.16
1934.00 2.757897 29.16
1935.00 2.757897 29.16
1936.00 2.757897 29.16
1937.00 2.757897 29.16
1938.00 2.757897 29.16
1939.00 2.757897 29.16
1940.00 2.757897 29.16
1941.00 2.757897 29.16
1942.00 2.757897 29.16
1943.00 2.757897 29.16
1944.00 2.757897 29.16
1945.00 2.757897 29.16
1946.00 2.757897 29.16
1947.00 2.757897 29.16
1948.00 2.757897 29.16
1949.00 2.757897 29.16
1950.00 2.757897 29.16
1951.00 2.757897 29.16
1952.00 2.757897 29.16
1953.00 2.757897 29.16
1954.00 2.757897 29.16
1955.00 2.757897 29.16
1956.00 2.757897 29.16
1957.00 2.757897 29.16
1958.00 2.757897 29.16
1959.00 2.757897 29.16
1960.00 2.757897 29.16
1961.00 2.757897 29.16
1962.00 2.757897 29.16
1963.00 2.757897 29.16
1964.00 2.757897 29.16
1965.00 2.757897 29.16
1966.00 2.757897 29.16
1967.00 2.757897 29.16
1968.00 2.757897 29.16
1969.00 2.757897 29.16
1970.00 2.757897 29.16
1971.00 2.757897 29.16
1972.00 2.757897 29.16
1973.00 2.757897 29.16
1974.00 2.757897 29.16
1975.00 2.757897 29.16
1976.00 2.757897 29.16
1977.00 2.757897 29.16
1978.00 2.757897 29.16
1979.00 2.757897 29.16
1980.00 2.757897 29.16
1981.00 2.757897 29.16
1982.00 2.757897 29.16
1983.00 2.757897 29.16
1984.00 2.757897 29.16
1985.00 2.757897 29.16
1986.00 2.757897 29.16
1987.00 2.757897 29.16
1988.00 2.757897 29.16
1989.00 2.757897 29.16
1990.00 2.757897 29.16
1991.00 2.757897 29.16
1992.00 2.757897 29.16
1993.00 2.757897 29.16
1994.00 2.757897 29.16
1995.00 2.757897 29.16
1996.00 2.757897 29.16
1997.00 2.757897 29.16
1998.00 2.757897 29.16
1999.00 2.757897 29.16
2000.00 2.757897 29.16
