0.00 0.423305 6.88
1.00 0.422159 6.88
2.00 0.421016 6.88
3.00 0.419875 6.88
4.00 0.418737 6.88
5.00 0.417603 6.88
6.00 0.416473 6.88
7.00 0.415346 6.88
8.00 0.414224 6.88
9.00 0.413105 6.88
10.00 0.411990 6.88
11.00 0.410878 6.88
12.00 0.409769 6.88
13.00 0.408662 6.88
14.00 0.407562 6.87
15.00 0.406479 6.86
16.00 0.405418 6.85
17.00 0.404363 6.84
18.00 0.403314 6.84
19.00 0.402267 6.84
20.00 0.401223 6.83
21.00 0.400194 6.83
22.00 0.399165 6.83
23.00 0.398137 6.83
24.00 0.397118 6.82
25.00 0.396109 6.82
26.00 0.395100 6.82
27.00 0.394091 6.82
28.00 0.393086 6.81
29.00 0.392088 6.81
30.00 0.391095 6.80
31.00 0.390107 6.80
32.00 0.389135 6.79
33.00 0.388183 6.78
34.00 0.387232 6.78
35.00 0.386278 6.78
36.00 0.385345 6.76
37.00 0.384427 6.76
38.00 0.383509 6.76
39.00 0.382589 6.76
40.00 0.381669 6.76
41.00 0.380746 6.76
42.00 0.379822 6.76
43.00 0.378896 6.75
44.00 0.377989 6.72
45.00 0.377092 6.71
46.00 0.376196 6.71
47.00 0.375328 6.69
48.00 0.374476 6.69
49.00 0.373641 6.67
50.00 0.372841 6.65
51.00 0.372069 6.64
52.00 0.371318 6.63
53.00 0.370582 6.62
54.00 0.369853 6.62
55.00 0.369145 6.61
56.00 0.368458 6.60
57.00 0.367779 6.60
58.00 0.367102 6.60
59.00 0.366424 6.60
60.00 0.365750 6.59
61.00 0.365095 6.58
62.00 0.364441 6.58
63.00 0.363786 6.58
64.00 0.363132 6.58
65.00 0.362488 6.57
66.00 0.361853 6.57
67.00 0.361218 6.57
68.00 0.360582 6.57
69.00 0.359971 6.55
70.00 0.359369 6.55
71.00 0.358767 6.55
72.00 0.358178 6.54
73.00 0.357600 6.54
74.00 0.357021 6.54
75.00 0.356443 6.53
76.00 0.355866 6.53
77.00 0.355300 6.50
78.00 0.354778 6.50
79.00 0.354256 6.50
80.00 0.353735 6.50
81.00 0.353213 6.50
82.00 0.352691 6.50
83.00 0.352168 6.50
84.00 0.351654 6.48
85.00 0.351171 6.47
86.00 0.350718 6.46
87.00 0.350278 6.45
88.00 0.349869 6.44
89.00 0.349464 6.44
90.00 0.349074 6.43
91.00 0.348694 6.41
92.00 0.348341 6.41
93.00 0.348000 6.40
94.00 0.347687 6.39
95.00 0.347384 6.39
96.00 0.347086 6.39
97.00 0.346790 6.39
98.00 0.346498 6.39
99.00 0.346211 6.38
100.00 0.345943 6.38
101.00 0.345678 6.38
102.00 0.345421 6.36
103.00 0.345191 6.35
104.00 0.344972 6.35
105.00 0.344762 6.34
106.00 0.344565 6.34
107.00 0.344372 6.33
108.00 0.344184 6.33
109.00 0.343998 6.33
110.00 0.343816 6.33
111.00 0.343636 6.33
112.00 0.343459 6.33
113.00 0.343284 6.32
114.00 0.343114 6.32
115.00 0.342946 6.32
116.00 0.342780 6.32
117.00 0.342615 6.32
118.00 0.342452 6.32
119.00 0.342290 6.32
120.00 0.342129 6.32
121.00 0.341980 6.31
122.00 0.341837 6.31
123.00 0.341695 6.31
124.00 0.341555 6.31
125.00 0.341417 6.31
126.00 0.341281 6.31
127.00 0.341146 6.31
128.00 0.341013 6.31
129.00 0.340880 6.31
130.00 0.340749 6.31
131.00 0.340619 6.31
132.00 0.340491 6.31
133.00 0.340363 6.31
134.00 0.340236 6.31
135.00 0.340110 6.30
136.00 0.339991 6.30
137.00 0.339876 6.29
138.00 0.339764 6.29
139.00 0.339654 6.29
140.00 0.339545 6.29
141.00 0.339437 6.29
142.00 0.339330 6.29
143.00 0.339223 6.29
144.00 0.339118 6.29
145.00 0.339013 6.29
146.00 0.338909 6.29
147.00 0.338806 6.29
148.00 0.338704 6.29
149.00 0.338602 6.29
150.00 0.338500 6.29
151.00 0.338401 6.28
152.00 0.338303 6.28
153.00 0.338205 6.28
154.00 0.338108 6.28
155.00 0.338012 6.28
156.00 0.337915 6.28
157.00 0.337819 6.28
158.00 0.337739 6.26
159.00 0.337666 6.26
160.00 0.337595 6.26
161.00 0.337527 6.26
162.00 0.337460 6.26
163.00 0.337396 6.26
164.00 0.337333 6.26
165.00 0.337272 6.26
166.00 0.337212 6.26
167.00 0.337154 6.26
168.00 0.337097 6.26
169.00 0.337041 6.26
170.00 0.336987 6.26
171.00 0.336933 6.26
172.00 0.336881 6.26
173.00 0.336829 6.26
174.00 0.336779 6.26
175.00 0.336729 6.26
176.00 0.336681 6.26
177.00 0.336633 6.26
178.00 0.336587 6.25
179.00 0.336543 6.25
180.00 0.336501 6.25
181.00 0.336458 6.25
182.00 0.336417 6.25
183.00 0.336377 6.25
184.00 0.336337 6.25
185.00 0.336298 6.25
186.00 0.336259 6.25
187.00 0.336221 6.25
188.00 0.336184 6.25
189.00 0.336147 6.24
190.00 0.336111 6.24
191.00 0.336076 6.24
192.00 0.336041 6.24
193.00 0.336007 6.24
194.00 0.335973 6.24
195.00 0.335939 6.24
196.00 0.335906 6.24
197.00 0.335874 6.24
198.00 0.335841 6.24
199.00 0.335810 6.24
200.00 0.335778 6.24
201.00 0.335747 6.24
202.00 0.335716 6.24
203.00 0.335686 6.24
204.00 0.335656 6.24
205.00 0.335626 6.24
206.00 0.335597 6.24
207.00 0.335567 6.24
208.00 0.335539 6.24
209.00 0.335510 6.24
210.00 0.335482 6.23
211.00 0.335454 6.23
212.00 0.335427 6.23
213.00 0.335400 6.23
214.00 0.335375 6.22
215.00 0.335352 6.22
216.00 0.335329 6.22
217.00 0.335306 6.22
218.00 0.335284 6.22
219.00 0.335262 6.22
220.00 0.335240 6.22
221.00 0.335219 6.22
222.00 0.335198 6.22
223.00 0.335178 6.22
224.00 0.335158 6.22
225.00 0.335138 6.22
226.00 0.335119 6.22
227.00 0.335099 6.22
228.00 0.335080 6.22
229.00 0.335062 6.22
230.00 0.335043 6.22
231.00 0.335025 6.22
232.00 0.335007 6.22
233.00 0.334990 6.22
234.00 0.334972 6.22
235.00 0.334955 6.22
236.00 0.334938 6.22
237.00 0.334922 6.22
238.00 0.334905 6.22
239.00 0.334889 6.22
240.00 0.334873 6.22
241.00 0.334857 6.22
242.00 0.334841 6.22
243.00 0.334826 6.22
244.00 0.334811 6.22
245.00 0.334796 6.22
246.00 0.334781 6.22
247.00 0.334766 6.22
248.00 0.334752 6.21
249.00 0.334738 6.21
250.00 0.334724 6.21
251.00 0.334710 6.21
252.00 0.334697 6.21
253.00 0.334684 6.21
254.00 0.334671 6.21
255.00 0.334658 6.21
256.00 0.334645 6.21
257.00 0.334633 6.21
258.00 0.334620 6.21
259.00 0.334608 6.21
260.00 0.334596 6.21
261.00 0.334584 6.21
262.00 0.334572 6.21
263.00 0.334560 6.21
264.00 0.334548 6.21
265.00 0.334537 6.21
266.00 0.334525 6.21
267.00 0.334514 6.21
268.00 0.334503 6.21
269.00 0.334491 6.21
270.00 0.334480 6.21
271.00 0.334470 6.21
272.00 0.334459 6.21
273.00 0.334448 6.21
274.00 0.334438 6.21
275.00 0.334427 6.21
276.00 0.334417 6.21
277.00 0.334406 6.21
278.00 0.334396 6.21
279.00 0.334386 6.21
280.00 0.334376 6.20
281.00 0.334367 6.20
282.00 0.334357 6.20
283.00 0.334348 6.20
284.00 0.334338 6.20
285.00 0.334329 6.20
286.00 0.334320 6.20
287.00 0.334311 6.20
288.00 0.334302 6.20
289.00 0.334293 6.20
290.00 0.334284 6.20
291.00 0.334276 6.20
292.00 0.334267 6.20
293.00 0.334258 6.20
294.00 0.334250 6.20
295.00 0.334241 6.20
296.00 0.334233 6.20
297.00 0.334224 6.20
298.00 0.334216 6.20
299.00 0.334208 6.20
300.00 0.334200 6.20
301.00 0.334192 6.20
302.00 0.334184 6.19
303.00 0.334177 6.19
304.00 0.334170 6.19
305.00 0.334163 6.19
306.00 0.334156 6.19
307.00 0.334149 6.19
308.00 0.334143 6.19
309.00 0.334136 6.19
310.00 0.334129 6.19
311.00 0.334123 6.19
312.00 0.334116 6.19
313.00 0.334110 6.19
314.00 0.334103 6.19
315.00 0.334097 6.19
316.00 0.334091 6.19
317.00 0.334085 6.19
318.00 0.334078 6.19
319.00 0.334072 6.19
320.00 0.334066 6.19
321.00 0.334060 6.19
322.00 0.334054 6.19
323.00 0.334048 6.19
324.00 0.334042 6.19
325.00 0.334036 6.19
326.00 0.334030 6.19
327.00 0.334025 6.19
328.00 0.334019 6.19
329.00 0.334013 6.19
330.00 0.334008 6.19
331.00 0.334002 6.19
332.00 0.333996 6.19
333.00 0.333991 6.19
334.00 0.333985 6.19
335.00 0.333980 6.19
336.00 0.333974 6.19
337.00 0.333969 6.19
338.00 0.333964 6.19
339.00 0.333958 6.19
340.00 0.333953 6.19
341.00 0.333948 6.19
342.00 0.333943 6.19
343.00 0.333937 6.19
344.00 0.333932 6.19
345.00 0.333927 6.19
346.00 0.333922 6.19
347.00 0.333917 6.19
348.00 0.333912 6.19
349.00 0.333907 6.19
350.00 0.333902 6.19
351.00 0.333897 6.19
352.00 0.333892 6.19
353.00 0.333887 6.19
354.00 0.333883 6.19
355.00 0.333878 6.19
356.00 0.333873 6.19
357.00 0.333868 6.19
358.00 0.333864 6.19
359.00 0.333859 6.19
360.00 0.333854 6.19
361.00 0.333849 6.19
362.00 0.333845 6.19
363.00 0.333840 6.19
364.00 0.333836 6.19
365.00 0.333831 6.19
366.00 0.333827 6.19
367.00 0.333822 6.19
368.00 0.333818 6.19
369.00 0.333813 6.19
370.00 0.333809 6.19
371.00 0.333804 6.19
372.00 0.333801 6.18
373.00 0.333797 6.18
374.00 0.333794 6.18
375.00 0.333791 6.18
376.00 0.333788 6.18
377.00 0.333784 6.18
378.00 0.333781 6.18
379.00 0.333778 6.18
380.00 0.333775 6.18
381.00 0.333772 6.18
382.00 0.333769 6.18
383.00 0.333766 6.18
384.00 0.333762 6.18
385.00 0.333759 6.18
386.00 0.333756 6.18
387.00 0.333753 6.18
388.00 0.333750 6.18
389.00 0.333748 6.18
390.00 0.333745 6.18
391.00 0.333742 6.18
392.00 0.333739 6.18
393.00 0.333736 6.18
394.00 0.333733 6.18
395.00 0.333730 6.18
396.00 0.333728 6.18
397.00 0.333725 6.18
398.00 0.333722 6.18
399.00 0.333719 6.18
400.00 0.333717 6.18
401.00 0.333714 6.18
402.00 0.333711 6.18
403.00 0.333709 6.18
404.00 0.333706 6.18
405.00 0.333703 6.18
406.00 0.333701 6.18
407.00 0.333698 6.18
408.00 0.333696 6.18
409.00 0.333693 6.18
410.00 0.333691 6.18
411.00 0.333688 6.18
412.00 0.333686 6.18
413.00 0.333683 6.18
414.00 0.333681 6.18
415.00 0.333678 6.18
416.00 0.333676 6.18
417.00 0.333674 6.18
418.00 0.333671 6.18
419.00 0.333669 6.18
420.00 0.333666 6.18
421.00 0.333664 6.18
422.00 0.333662 6.18
423.00 0.333660 6.18
424.00 0.333657 6.18
425.00 0.333655 6.18
426.00 0.333653 6.18
427.00 0.333651 6.18
428.00 0.333648 6.18
429.00 0.333646 6.18
430.00 0.333644 6.18
431.00 0.333642 6.18
432.00 0.333640 6.18
433.00 0.333637 6.18
434.00 0.333635 6.18
435.00 0.333633 6.18
436.00 0.333631 6.18
437.00 0.333629 6.18
438.00 0.333627 6.18
439.00 0.333625 6.18
440.00 0.333623 6.18
441.00 0.333621 6.18
442.00 0.333619 6.18
443.00 0.333617 6.18
444.00 0.333615 6.18
445.00 0.333613 6.18
446.00 0.333611 6.18
447.00 0.333609 6.18
448.00 0.333607 6.18
449.00 0.333605 6.18
450.00 0.333603 6.18
451.00 0.333601 6.18
452.00 0.333600 6.18
453.00 0.333598 6.18
454.00 0.333596 6.18
455.00 0.333594 6.18
456.00 0.333592 6.18
457.00 0.333590 6.18
458.00 0.333589 6.18
459.00 0.333587 6.18
460.00 0.333585 6.18
461.00 0.333583 6.18
462.00 0.333582 6.18
463.00 0.333580 6.18
464.00 0.333578 6.18
465.00 0.333576 6.18
466.00 0.333575 6.18
467.00 0.333573 6.18
468.00 0.333571 6.18
469.00 0.333570 6.18
470.00 0.333568 6.18
471.00 0.333566 6.18
472.00 0.333565 6.18
473.00 0.333563 6.18
474.00 0.333561 6.18
475.00 0.333560 6.18
476.00 0.333558 6.18
477.00 0.333557 6.18
478.00 0.333555 6.18
479.00 0.333553 6.18
480.00 0.333552 6.18
481.00 0.333550 6.18
482.00 0.333549 6.18
483.00 0.333547 6.18
484.00 0.333546 6.18
485.00 0.333544 6.18
486.00 0.333543 6.18
487.00 0.333541 6.18
488.00 0.333540 6.18
489.00 0.333538 6.18
490.00 0.333537 6.18
491.00 0.333535 6.18
492.00 0.333534 6.18
493.00 0.333532 6.18
494.00 0.333531 6.18
495.00 0.333530 6.18
496.00 0.333528 6.18
497.00 0.333527 6.18
498.00 0.333525 6.18
499.00 0.333524 6.18
500.00 0.333523 6.18
501.00 0.333521 6.18
502.00 0.333520 6.18
503.00 0.333519 6.18
504.00 0.333517 6.18
505.00 0.333516 6.18
506.00 0.333515 6.18
507.00 0.333513 6.18
508.00 0.333512 6.18
509.00 0.333511 6.18
510.00 0.333509 6.18
511.00 0.333508 6.18
512.00 0.333507 6.18
513.00 0.333505 6.18
514.00 0.333504 6.18
515.00 0.333503 6.18
516.00 0.333502 6.18
517.00 0.333500 6.18
518.00 0.333499 6.18
519.00 0.333498 6.18
520.00 0.333497 6.18
521.00 0.333496 6.18
522.00 0.333494 6.18
523.00 0.333493 6.18
524.00 0.333492 6.18
525.00 0.333491 6.18
526.00 0.333490 6.18
527.00 0.333488 6.18
528.00 0.333487 6.18
529.00 0.333486 6.18
530.00 0.333485 6.18
531.00 0.333484 6.18
532.00 0.333483 6.18
533.00 0.333482 6.18
534.00 0.333480 6.18
535.00 0.333479 6.18
536.00 0.333478 6.18
537.00 0.333477 6.18
538.00 0.333476 6.18
539.00 0.333475 6.18
540.00 0.333474 6.18
541.00 0.333473 6.18
542.00 0.333472 6.18
543.00 0.333471 6.18
544.00 0.333470 6.18
545.00 0.333468 6.18
546.00 0.333467 6.18
547.00 0.333466 6.18
548.00 0.333465 6.18
549.00 0.333464 6.18
550.00 0.333463 6.18
551.00 0.333462 6.18
552.00 0.333461 6.18
553.00 0.333460 6.18
554.00 0.333459 6.18
555.00 0.333458 6.18
556.00 0.333457 6.18
557.00 0.333456 6.18
558.00 0.333455 6.18
559.00 0.333454 6.18
560.00 0.333453 6.18
561.00 0.333452 6.18
562.00 0.333451 6.18
563.00 0.333451 6.18
564.00 0.333450 6.18
565.00 0.333449 6.18
566.00 0.333448 6.18
567.00 0.333447 6.18
568.00 0.333446 6.18
569.00 0.333445 6.18
570.00 0.333444 6.18
571.00 0.333443 6.18
572.00 0.333442 6.18
573.00 0.333441 6.18
574.00 0.333440 6.18
575.00 0.333440 6.18
576.00 0.333439 6.18
577.00 0.333438 6.18
578.00 0.333437 6.18
579.00 0.333436 6.18
580.00 0.333435 6.18
581.00 0.333434 6.18
582.00 0.333433 6.18
583.00 0.333433 6.18
584.00 0.333432 6.18
585.00 0.333431 6.18
586.00 0.333430 6.18
587.00 0.333429 6.18
588.00 0.333428 6.18
589.00 0.333428 6.18
590.00 0.333427 6.18
591.00 0.333426 6.18
592.00 0.333425 6.18
593.00 0.333424 6.18
594.00 0.333424 6.18
595.00 0.333423 6.18
596.00 0.333422 6.18
597.00 0.333421 6.18
598.00 0.333420 6.18
599.00 0.333420 6.18
600.00 0.333419 6.18
601.00 0.333418 6.18
602.00 0.333417 6.18
603.00 0.333416 6.18
604.00 0.333416 6.18
605.00 0.333415 6.18
606.00 0.333414 6.18
607.00 0.333413 6.18
608.00 0.333413 6.18
609.00 0.333412 6.18
610.00 0.333411 6.18
611.00 0.333411 6.18
612.00 0.333410 6.18
613.00 0.333409 6.18
614.00 0.333408 6.18
615.00 0.333408 6.18
616.00 0.333407 6.18
617.00 0.333406 6.18
618.00 0.333406 6.18
619.00 0.333405 6.18
620.00 0.333404 6.18
621.00 0.333403 6.18
622.00 0.333403 6.18
623.00 0.333402 6.18
624.00 0.333401 6.18
625.00 0.333401 6.18
626.00 0.333400 6.18
627.00 0.333399 6.18
628.00 0.333399 6.18
629.00 0.333398 6.18
630.00 0.333397 6.18
631.00 0.333397 6.18
632.00 0.333396 6.18
633.00 0.333395 6.18
634.00 0.333395 6.18
635.00 0.333394 6.18
636.00 0.333393 6.18
637.00 0.333393 6.18
638.00 0.333392 6.18
639.00 0.333392 6.18
640.00 0.333391 6.18
641.00 0.333390 6.18
642.00 0.333390 6.18
643.00 0.333389 6.18
644.00 0.333388 6.18
645.00 0.333388 6.18
646.00 0.333387 6.18
647.00 0.333387 6.18
648.00 0.333386 6.18
649.00 0.333385 6.18
650.00 0.333385 6.18
651.00 0.333384 6.18
652.00 0.333384 6.18
653.00 0.333383 6.18
654.00 0.333382 6.18
655.00 0.333382 6.18
656.00 0.333381 6.18
657.00 0.333381 6.18
658.00 0.333380 6.18
659.00 0.333380 6.18
660.00 0.333379 6.18
661.00 0.333378 6.18
662.00 0.333378 6.18
663.00 0.333377 6.18
664.00 0.333377 6.18
665.00 0.333376 6.18
666.00 0.333376 6.18
667.00 0.333375 6.18
668.00 0.333375 6.18
669.00 0.333374 6.18
670.00 0.333374 6.18
671.00 0.333373 6.18
672.00 0.333372 6.18
673.00 0.333372 6.18
674.00 0.333371 6.18
675.00 0.333371 6.18
676.00 0.333370 6.18
677.00 0.333370 6.18
678.00 0.333369 6.18
679.00 0.333369 6.18
680.00 0.333368 6.18
681.00 0.333368 6.18
682.00 0.333367 6.18
683.00 0.333367 6.18
684.00 0.333366 6.18
685.00 0.333366 6.18
686.00 0.333365 6.18
687.00 0.333365 6.18
688.00 0.333364 6.18
689.00 0.333364 6.18
690.00 0.333363 6.18
691.00 0.333363 6.18
692.00 0.333362 6.18
693.00 0.333362 6.18
694.00 0.333361 6.18
695.00 0.333361 6.18
696.00 0.333360 6.18
697.00 0.333360 6.18
698.00 0.333360 6.18
699.00 0.333359 6.18
700.00 0.333359 6.18
701.00 0.333358 6.18
702.00 0.333358 6.18
703.00 0.333357 6.18
704.00 0.333357 6.18
705.00 0.333356 6.18
706.00 0.333356 6.18
707.00 0.333355 6.18
708.00 0.333355 6.18
709.00 0.333355 6.18
710.00 0.333354 6.18
711.00 0.333354 6.18
712.00 0.333353 6.18
713.00 0.333353 6.18
714.00 0.333352 6.18
715.00 0.333352 6.18
716.00 0.333352 6.18
717.00 0.333351 6.18
718.00 0.333351 6.18
719.00 0.333350 6.18
720.00 0.333350 6.18
721.00 0.333349 6.18
722.00 0.333349 6.18
723.00 0.333349 6.18
724.00 0.333348 6.18
725.00 0.333348 6.18
726.00 0.333347 6.18
727.00 0.333347 6.18
728.00 0.333347 6.18
729.00 0.333346 6.18
730.00 0.333346 6.18
731.00 0.333345 6.18
732.00 0.333345 6.18
733.00 0.333345 6.18
734.00 0.333344 6.18
735.00 0.333344 6.18
736.00 0.333343 6.18
737.00 0.333343 6.18
738.00 0.333343 6.18
739.00 0.333342 6.18
740.00 0.333342 6.18
741.00 0.333341 6.18
742.00 0.333341 6.18
743.00 0.333341 6.18
744.00 0.333340 6.18
745.00 0.333340 6.18
746.00 0.333340 6.18
747.00 0.333339 6.18
748.00 0.333339 6.18
749.00 0.333339 6.18
750.00 0.333338 6.18
751.00 0.333338 6.18
752.00 0.333337 6.18
753.00 0.333337 6.18
754.00 0.333337 6.18
755.00 0.333336 6.18
756.00 0.333336 6.18
757.00 0.333336 6.18
758.00 0.333335 6.18
759.00 0.333335 6.18
760.00 0.333335 6.18
761.00 0.333334 6.18
762.00 0.333334 6.18
763.00 0.333334 6.18
764.00 0.333333 6.18
765.00 0.333333 6.18
766.00 0.333333 6.18
767.00 0.333332 6.18
768.00 0.333332 6.18
769.00 0.333332 6.18
770.00 0.333331 6.18
771.00 0.333331 6.18
772.00 0.333331 6.18
773.00 0.333330 6.18
774.00 0.333330 6.18
775.00 0.333330 6.18
776.00 0.333329 6.18
777.00 0.333329 6.18
778.00 0.333329 6.18
779.00 0.333328 6.18
780.00 0.333328 6.18
781.00 0.333328 6.18
782.00 0.333327 6.18
783.00 0.333327 6.18
784.00 0.333327 6.18
785.00 0.333326 6.18
786.00 0.333326 6.18
787.00 0.333326 6.18
788.00 0.333326 6.18
789.00 0.333325 6.18
790.00 0.333325 6.18
791.00 0.333325 6.18
792.00 0.333324 6.18
793.00 0.333324 6.18
794.00 0.333324 6.18
795.00 0.333324 6.18
796.00 0.333323 6.18
797.00 0.333323 6.18
798.00 0.333323 6.18
799.00 0.333322 6.18
800.00 0.333322 6.18
801.00 0.333322 6.18
802.00 0.333322 6.18
803.00 0.333321 6.18
804.00 0.333321 6.18
805.00 0.333321 6.18
806.00 0.333320 6.18
807.00 0.333320 6.18
808.00 0.333320 6.18
809.00 0.333320 6.18
810.00 0.333319 6.18
811.00 0.333319 6.18
812.00 0.333319 6.18
813.00 0.333318 6.18
814.00 0.333318 6.18
815.00 0.333318 6.18
816.00 0.333318 6.18
817.00 0.333317 6.18
818.00 0.333317 6.18
819.00 0.333317 6.18
820.00 0.333317 6.18
821.00 0.333316 6.18
822.00 0.333316 6.18
823.00 0.333316 6.18
824.00 0.333316 6.18
825.00 0.333315 6.18
826.00 0.333315 6.18
827.00 0.333315 6.18
828.00 0.333315 6.18
829.00 0.333314 6.18
830.00 0.333314 6.18
831.00 0.333314 6.18
832.00 0.333314 6.18
833.00 0.333313 6.18
834.00 0.333313 6.18
835.00 0.333313 6.18
836.00 0.333313 6.18
837.00 0.333312 6.18
838.00 0.333312 6.18
839.00 0.333312 6.18
840.00 0.333312 6.18
841.00 0.333311 6.18
842.00 0.333311 6.18
843.00 0.333311 6.18
844.00 0.333311 6.18
845.00 0.333311 6.18
846.00 0.333310 6.18
847.00 0.333310 6.18
848.00 0.333310 6.18
849.00 0.333310 6.18
850.00 0.333309 6.18
851.00 0.333309 6.18
852.00 0.333309 6.18
853.00 0.333309 6.18
854.00 0.333308 6.18
855.00 0.333308 6.18
856.00 0.333308 6.18
857.00 0.333308 6.18
858.00 0.333308 6.18
859.00 0.333307 6.18
860.00 0.333307 6.18
861.00 0.333307 6.18
862.00 0.333307 6.18
863.00 0.333307 6.18
864.00 0.333306 6.18
865.00 0.333306 6.18
866.00 0.333306 6.18
867.00 0.333306 6.18
868.00 0.333305 6.18
869.00 0.333305 6.18
870.00 0.333305 6.18
871.00 0.333305 6.18
872.00 0.333305 6.18
873.00 0.333304 6.18
874.00 0.333304 6.18
875.00 0.333304 6.18
876.00 0.333304 6.18
877.00 0.333304 6.18
878.00 0.333303 6.18
879.00 0.333303 6.18
880.00 0.333303 6.18
881.00 0.333303 6.18
882.00 0.333303 6.18
883.00 0.333302 6.18
884.00 0.333302 6.18
885.00 0.333302 6.18
886.00 0.333302 6.18
887.00 0.333302 6.18
888.00 0.333302 6.18
889.00 0.333301 6.18
890.00 0.333301 6.18
891.00 0.333301 6.18
892.00 0.333301 6.18
893.00 0.333301 6.18
894.00 0.333300 6.18
895.00 0.333300 6.18
896.00 0.333300 6.18
897.00 0.333300 6.18
898.00 0.333300 6.18
899.00 0.333299 6.18
900.00 0.333299 6.18
901.00 0.333299 6.18
902.00 0.333299 6.18
903.00 0.333299 6.18
904.00 0.333299 6.18
905.00 0.333298 6.18
906.00 0.333298 6.18
907.00 0.333298 6.18
908.00 0.333298 6.18
909.00 0.333298 6.18
910.00 0.333298 6.18
911.00 0.333297 6.18
912.00 0.333297 6.18
913.00 0.333297 6.18
914.00 0.333297 6.18
915.00 0.333297 6.18
916.00 0.333297 6.18
917.00 0.333296 6.18
918.00 0.333296 6.18
919.00 0.333296 6.18
920.00 0.333296 6.18
921.00 0.333296 6.18
922.00 0.333296 6.18
923.00 0.333295 6.18
924.00 0.333295 6.18
925.00 0.333295 6.18
926.00 0.333295 6.18
927.00 0.333295 6.18
928.00 0.333295 6.18
929.00 0.333294 6.18
930.00 0.333294 6.18
931.00 0.333294 6.18
932.00 0.333294 6.18
933.00 0.333294 6.18
934.00 0.333294 6.18
935.00 0.333293 6.18
936.00 0.333293 6.18
937.00 0.333293 6.18
938.00 0.333293 6.18
939.00 0.333293 6.18
940.00 0.333293 6.18
941.00 0.333293 6.18
942.00 0.333292 6.18
943.00 0.333292 6.18
944.00 0.333292 6.18
945.00 0.333292 6.18
946.00 0.333292 6.18
947.00 0.333292 6.18
948.00 0.333292 6.18
949.00 0.333291 6.18
950.00 0.333291 6.18
951.00 0.333291 6.18
952.00 0.333291 6.18
953.00 0.333291 6.18
954.00 0.333291 6.18
955.00 0.333291 6.18
956.00 0.333290 6.18
957.00 0.333290 6.18
958.00 0.333290 6.18
959.00 0.333290 6.18
960.00 0.333290 6.18
961.00 0.333290 6.18
962.00 0.333290 6.18
963.00 0.333289 6.18
964.00 0.333289 6.18
965.00 0.333289 6.18
966.00 0.333289 6.18
967.00 0.333289 6.18
968.00 0.333289 6.18
969.00 0.333289 6.18
970.00 0.333289 6.18
971.00 0.333288 6.18
972.00 0.333288 6.18
973.00 0.333288 6.18
974.00 0.333288 6.18
975.00 0.333288 6.18
976.00 0.333288 6.18
977.00 0.333288 6.18
978.00 0.333288 6.18
979.00 0.333287 6.18
980.00 0.333287 6.18
981.00 0.333287 6.18
982.00 0.333287 6.18
983.00 0.333287 6.18
984.00 0.333287 6.18
985.00 0.333287 6.18
986.00 0.333287 6.18
987.00 0.333286 6.18
988.00 0.333286 6.18
989.00 0.333286 6.18
990.00 0.333286 6.18
991.00 0.333286 6.18
992.00 0.333286 6.18
993.00 0.333286 6.18
994.00 0.333286 6.18
995.00 0.333285 6.18
996.00 0.333285 6.18
997.00 0.333285 6.18
998.00 0.333285 6.18
999.00 0.333285 6.18
1000.00 0.333285 6.18
1001.00 0.333285 6.18
1002.00 0.333285 6.18
1003.00 0.333285 6.18
1004.00 0.333284 6.18
1005.00 0.333284 6.18
1006.00 0.333284 6.18
1007.00 0.333284 6.18
1008.00 0.333284 6.18
1009.00 0.333284 6.18
1010.00 0.333284 6.18
1011.00 0.333284 6.18
1012.00 0.333284 6.18
1013.00 0.333283 6.18
1014.00 0.333283 6.18
1015.00 0.333283 6.18
1016.00 0.333283 6.18
1017.00 0.333283 6.18
1018.00 0.333283 6.18
1019.00 0.333283 6.18
1020.00 0.333283 6.18
1021.00 0.333283 6.18
1022.00 0.333282 6.18
1023.00 0.333282 6.18
1024.00 0.333282 6.18
1025.00 0.333282 6.18
1026.00 0.333282 6.18
1027.00 0.333282 6.18
1028.00 0.333282 6.18
1029.00 0.333282 6.18
1030.00 0.333282 6.18
1031.00 0.333282 6.18
1032.00 0.333281 6.18
1033.00 0.333281 6.18
1034.00 0.333281 6.18
1035.00 0.333281 6.18
1036.00 0.333281 6.18
1037.00 0.333281 6.18
1038.00 0.333281 6.18
1039.00 0.333281 6.18
1040.00 0.333281 6.18
1041.00 0.333281 6.18
1042.00 0.333280 6.18
1043.00 0.333280 6.18
1044.00 0.333280 6.18
1045.00 0.333280 6.18
1046.00 0.333280 6.18
1047.00 0.333280 6.18
1048.00 0.333280 6.18
1049.00 0.333280 6.18
1050.00 0.333280 6.18
1051.00 0.333280 6.18
1052.00 0.333280 6.18
1053.00 0.333279 6.18
1054.00 0.333279 6.18
1055.00 0.333279 6.18
1056.00 0.333279 6.18
1057.00 0.333279 6.18
1058.00 0.333279 6.18
1059.00 0.333279 6.18
1060.00 0.333279 6.18
1061.00 0.333279 6.18
1062.00 0.333279 6.18
1063.00 0.333279 6.18
1064.00 0.333278 6.18
1065.00 0.333278 6.18
1066.00 0.333278 6.18
1067.00 0.333278 6.18
1068.00 0.333278 6.18
1069.00 0.333278 6.18
1070.00 0.333278 6.18
1071.00 0.333278 6.18
1072.00 0.333278 6.18
1073.00 0.333278 6.18
1074.00 0.333278 6.18
1075.00 0.333278 6.18
1076.00 0.333277 6.18
1077.00 0.333277 6.18
1078.00 0.333277 6.18
1079.00 0.333277 6.18
1080.00 0.333277 6.18
1081.00 0.333277 6.18
1082.00 0.333277 6.18
1083.00 0.333277 6.18
1084.00 0.333277 6.18
1085.00 0.333277 6.18
1086.00 0.333277 6.18
1087.00 0.333277 6.18
1088.00 0.333277 6.18
1089.00 0.333276 6.18
1090.00 0.333276 6.18
1091.00 0.333276 6.18
1092.00 0.333276 6.18
1093.00 0.333276 6.18
1094.00 0.333276 6.18
1095.00 0.333276 6.18
1096.00 0.333276 6.18
1097.00 0.333276 6.18
1098.00 0.333276 6.18
1099.00 0.333276 6.18
1100.00 0.333276 6.18
1101.00 0.333276 6.18
1102.00 0.333275 6.18
1103.00 0.333275 6.18
1104.00 0.333275 6.18
1105.00 0.333275 6.18
1106.00 0.333275 6.18
1107.00 0.333275 6.18
1108.00 0.333275 6.18
1109.00 0.333275 6.18
1110.00 0.333275 6.18
1111.00 0.333275 6.18
1112.00 0.333275 6.18
1113.00 0.333275 6.18
1114.00 0.333275 6.18
1115.00 0.333275 6.18
1116.00 0.333275 6.18
1117.00 0.333274 6.18
1118.00 0.333274 6.18
1119.00 0.333274 6.18
1120.00 0.333274 6.18
1121.00 0.333274 6.18
1122.00 0.333274 6.18
1123.00 0.333274 6.18
1124.00 0.333274 6.18
1125.00 0.333274 6.18
1126.00 0.333274 6.18
1127.00 0.333274 6.18
1128.00 0.333274 6.18
1129.00 0.333274 6.18
1130.00 0.333274 6.18
1131.00 0.333274 6.18
1132.00 0.333273 6.18
1133.00 0.333273 6.18
1134.00 0.333273 6.18
1135.00 0.333273 6.18
1136.00 0.333273 6.18
1137.00 0.333273 6.18
1138.00 0.333273 6.18
1139.00 0.333273 6.18
1140.00 0.333273 6.18
1141.00 0.333273 6.18
1142.00 0.333273 6.18
1143.00 0.333273 6.18
1144.00 0.333273 6.18
1145.00 0.333273 6.18
1146.00 0.333273 6.18
1147.00 0.333273 6.18
1148.00 0.333272 6.18
1149.00 0.333272 6.18
1150.00 0.333272 6.18
1151.00 0.333272 6.18
1152.00 0.333272 6.18
1153.00 0.333272 6.18
1154.00 0.333272 6.18
1155.00 0.333272 6.18
1156.00 0.333272 6.18
1157.00 0.333272 6.18
1158.00 0.333272 6.18
1159.00 0.333272 6.18
1160.00 0.333272 6.18
1161.00 0.333272 6.18
1162.00 0.333272 6.18
1163.00 0.333272 6.18
1164.00 0.333272 6.18
1165.00 0.333271 6.18
1166.00 0.333271 6.18
1167.00 0.333271 6.18
1168.00 0.333271 6.18
1169.00 0.333271 6.18
1170.00 0.333271 6.18
1171.00 0.333271 6.18
1172.00 0.333271 6.18
1173.00 0.333271 6.18
1174.00 0.333271 6.18
1175.00 0.333271 6.18
1176.00 0.333271 6.18
1177.00 0.333271 6.18
1178.00 0.333271 6.18
1179.00 0.333271 6.18
1180.00 0.333271 6.18
1181.00 0.333271 6.18
1182.00 0.333271 6.18
1183.00 0.333271 6.18
1184.00 0.333270 6.18
1185.00 0.333270 6.18
1186.00 0.333270 6.18
1187.00 0.333270 6.18
1188.00 0.333270 6.18
1189.00 0.333270 6.18
1190.00 0.333270 6.18
1191.00 0.333270 6.18
1192.00 0.333270 6.18
1193.00 0.333270 6.18
1194.00 0.333270 6.18
1195.00 0.333270 6.18
1196.00 0.333270 6.18
1197.00 0.333270 6.18
1198.00 0.333270 6.18
1199.00 0.333270 6.18
1200.00 0.333270 6.18
1201.00 0.333270 6.18
1202.00 0.333270 6.18
1203.00 0.333270 6.18
1204.00 0.333270 6.18
1205.00 0.333269 6.18
1206.00 0.333269 6.18
1207.00 0.333269 6.18
1208.00 0.333269 6.18
1209.00 0.333269 6.18
1210.00 0.333269 6.18
1211.00 0.333269 6.18
1212.00 0.333269 6.18
1213.00 0.333269 6.18
1214.00 0.333269 6.18
1215.00 0.333269 6.18
1216.00 0.333269 6.18
1217.00 0.333269 6.18
1218.00 0.333269 6.18
1219.00 0.333269 6.18
1220.00 0.333269 6.18
1221.00 0.333269 6.18
1222.00 0.333269 6.18
1223.00 0.333269 6.18
1224.00 0.333269 6.18
1225.00 0.333269 6.18
1226.00 0.333269 6.18
1227.00 0.333268 6.18
1228.00 0.333268 6.18
1229.00 0.333268 6.18
1230.00 0.333268 6.18
1231.00 0.333268 6.18
1232.00 0.333268 6.18
1233.00 0.333268 6.18
1234.00 0.333268 6.18
1235.00 0.333268 6.18
1236.00 0.333268 6.18
1237.00 0.333268 6.18
1238.00 0.333268 6.18
1239.00 0.333268 6.18
1240.00 0.333268 6.18
1241.00 0.333268 6.18
1242.00 0.333268 6.18
1243.00 0.333268 6.18
1244.00 0.333268 6.18
1245.00 0.333268 6.18
1246.00 0.333268 6.18
1247.00 0.333268 6.18
1248.00 0.333268 6.18
1249.00 0.333268 6.18
1250.00 0.333268 6.18
1251.00 0.333268 6.18
1252.00 0.333268 6.18
1253.00 0.333267 6.18
1254.00 0.333267 6.18
1255.00 0.333267 6.18
1256.00 0.333267 6.18
1257.00 0.333267 6.18
1258.00 0.333267 6.18
1259.00 0.333267 6.18
1260.00 0.333267 6.18
1261.00 0.333267 6.18
1262.00 0.333267 6.18
1263.00 0.333267 6.18
1264.00 0.333267 6.18
1265.00 0.333267 6.18
1266.00 0.333267 6.18
1267.00 0.333267 6.18
1268.00 0.333267 6.18
1269.00 0.333267 6.18
1270.00 0.333267 6.18
1271.00 0.333267 6.18
1272.00 0.333267 6.18
1273.00 0.333267 6.18
1274.00 0.333267 6.18
1275.00 0.333267 6.18
1276.00 0.333267 6.18
1277.00 0.333267 6.18
1278.00 0.333267 6.18
1279.00 0.333267 6.18
1280.00 0.333267 6.18
1281.00 0.333266 6.18
1282.00 0.333266 6.18
1283.00 0.333266 6.18
1284.00 0.333266 6.18
1285.00 0.333266 6.18
1286.00 0.333266 6.18
1287.00 0.333266 6.18
1288.00 0.333266 6.18
1289.00 0.333266 6.18
1290.00 0.333266 6.18
1291.00 0.333266 6.18
1292.00 0.333266 6.18
1293.00 0.333266 6.18
1294.00 0.333266 6.18
1295.00 0.333266 6.18
1296.00 0.333266 6.18
1297.00 0.333266 6.18
1298.00 0.333266 6.18
1299.00 0.333266 6.18
1300.00 0.333266 6.18
1301.00 0.333266 6.18
1302.00 0.333266 6.18
1303.00 0.333266 6.18
1304.00 0.333266 6.18
1305.00 0.333266 6.18
1306.00 0.333266 6.18
1307.00 0.333266 6.18
1308.00 0.333266 6.18
1309.00 0.333266 6.18
1310.00 0.333266 6.18
1311.00 0.333266 6.18
1312.00 0.333266 6.18
1313.00 0.333265 6.18
1314.00 0.333265 6.18
1315.00 0.333265 6.18
1316.00 0.333265 6.18
1317.00 0.333265 6.18
1318.00 0.333265 6.18
1319.00 0.333265 6.18
1320.00 0.333265 6.18
1321.00 0.333265 6.18
1322.00 0.333265 6.18
1323.00 0.333265 6.18
1324.00 0.333265 6.18
1325.00 0.333265 6.18
1326.00 0.333265 6.18
1327.00 0.333265 6.18
1328.00 0.333265 6.18
1329.00 0.333265 6.18
1330.00 0.333265 6.18
1331.00 0.333265 6.18
1332.00 0.333265 6.18
1333.00 0.333265 6.18
1334.00 0.333265 6.18
1335.00 0.333265 6.18
1336.00 0.333265 6.18
1337.00 0.333265 6.18
1338.00 0.333265 6.18
1339.00 0.333265 6.18
1340.00 0.333265 6.18
1341.00 0.333265 6.18
1342.00 0.333265 6.18
1343.00 0.333265 6.18
1344.00 0.333265 6.18
1345.00 0.333265 6.18
1346.00 0.333265 6.18
1347.00 0.333265 6.18
1348.00 0.333265 6.18
1349.00 0.333265 6.18
1350.00 0.333265 6.18
1351.00 0.333264 6.18
1352.00 0.333264 6.18
1353.00 0.333264 6.18
1354.00 0.333264 6.18
1355.00 0.333264 6.18
1356.00 0.333264 6.18
1357.00 0.333264 6.18
1358.00 0.333264 6.18
1359.00 0.333264 6.18
1360.00 0.333264 6.18
1361.00 0.333264 6.18
1362.00 0.333264 6.18
1363.00 0.333264 6.18
1364.00 0.333264 6.18
1365.00 0.333264 6.18
1366.00 0.333264 6.18
1367.00 0.333264 6.18
1368.00 0.333264 6.18
1369.00 0.333264 6.18
1370.00 0.333264 6.18
1371.00 0.333264 6.18
1372.00 0.333264 6.18
1373.00 0.333264 6.18
1374.00 0.333264 6.18
1375.00 0.333264 6.18
1376.00 0.333264 6.18
1377.00 0.333264 6.18
1378.00 0.333264 6.18
1379.00 0.333264 6.18
1380.00 0.333264 6.18
1381.00 0.333264 6.18
1382.00 0.333264 6.18
1383.00 0.333264 6.18
1384.00 0.333264 6.18
1385.00 0.333264 6.18
1386.00 0.333264 6.18
1387.00 0.333264 6.18
1388.00 0.333264 6.18
1389.00 0.333264 6.18
1390.00 0.333264 6.18
1391.00 0.333264 6.18
1392.00 0.333264 6.18
1393.00 0.333264 6.18
1394.00 0.333264 6.18
1395.00 0.333263 6.18
1396.00 0.333263 6.18
1397.00 0.333263 6.18
1398.00 0.333263 6.18
1399.00 0.333263 6.18
1400.00 0.333263 6.18
1401.00 0.333263 6.18
1402.00 0.333263 6.18
1403.00 0.333263 6.18
1404.00 0.333263 6.18
1405.00 0.333263 6.18
1406.00 0.333263 6.18
1407.00 0.333263 6.18
1408.00 0.333263 6.18
1409.00 0.333263 6.18
1410.00 0.333263 6.18
1411.00 0.333263 6.18
1412.00 0.333263 6.18
1413.00 0.333263 6.18
1414.00 0.333263 6.18
1415.00 0.333263 6.18
1416.00 0.333263 6.18
1417.00 0.333263 6.18
1418.00 0.333263 6.18
1419.00 0.333263 6.18
1420.00 0.333263 6.18
1421.00 0.333263 6.18
1422.00 0.333263 6.18
1423.00 0.333263 6.18
1424.00 0.333263 6.18
1425.00 0.333263 6.18
1426.00 0.333263 6.18
1427.00 0.333263 6.18
1428.00 0.333263 6.18
1429.00 0.333263 6.18
1430.00 0.333263 6.18
1431.00 0.333263 6.18
1432.00 0.333263 6.18
1433.00 0.333263 6.18
1434.00 0.333263 6.18
1435.00 0.333263 6.18
1436.00 0.333263 6.18
1437.00 0.333263 6.18
1438.00 0.333263 6.18
1439.00 0.333263 6.18
1440.00 0.333263 6.18
1441.00 0.333263 6.18
1442.00 0.333263 6.18
1443.00 0.333263 6.18
1444.00 0.333263 6.18
1445.00 0.333263 6.18
1446.00 0.333263 6.18
1447.00 0.333263 6.18
1448.00 0.333263 6.18
1449.00 0.333263 6.18
1450.00 0.333263 6.18
1451.00 0.333262 6.18
1452.00 0.333262 6.18
1453.00 0.333262 6.18
1454.00 0.333262 6.18
1455.00 0.333262 6.18
1456.00 0.333262 6.18
1457.00 0.333262 6.18
1458.00 0.333262 6.18
1459.00 0.333262 6.18
1460.00 0.333262 6.18
1461.00 0.333262 6.18
1462.00 0.333262 6.18
1463.00 0.333262 6.18
1464.00 0.333262 6.18
1465.00 0.333262 6.18
1466.00 0.333262 6.18
1467.00 0.333262 6.18
1468.00 0.333262 6.18
1469.00 0.333262 6.18
1470.00 0.333262 6.18
1471.00 0.333262 6.18
1472.00 0.333262 6.18
1473.00 0.333262 6.18
1474.00 0.333262 6.18
1475.00 0.333262 6.18
1476.00 0.333262 6.18
1477.00 0.333262 6.18
1478.00 0.333262 6.18
1479.00 0.333262 6.18
1480.00 0.333262 6.18
1481.00 0.333262 6.18
1482.00 0.333262 6.18
1483.00 0.333262 6.18
1484.00 0.333262 6.18
1485.00 0.333262 6.18
1486.00 0.333262 6.18
1487.00 0.333262 6.18
1488.00 0.333262 6.18
1489.00 0.333262 6.18
1490.00 0.333262 6.18
1491.00 0.333262 6.18
1492.00 0.333262 6.18
1493.00 0.333262 6.18
1494.00 0.333262 6.18
1495.00 0.333262 6.18
1496.00 0.333262 6.18
1497.00 0.333262 6.18
1498.00 0.333262 6.18
1499.00 0.333262 6.18
1500.00 0.333262 6.18
1501.00 0.333262 6.18
1502.00 0.333262 6.18
1503.00 0.333262 6.18
1504.00 0.333262 6.18
1505.00 0.333262 6.18
1506.00 0.333262 6.18
1507.00 0.333262 6.18
1508.00 0.333262 6.18
1509.00 0.333262 6.18
1510.00 0.333262 6.18
1511.00 0.333262 6.18
1512.00 0.333262 6.18
1513.00 0.333262 6.18
1514.00 0.333262 6.18
1515.00 0.333262 6.18
1516.00 0.333262 6.18
1517.00 0.333262 6.18
1518.00 0.333262 6.18
1519.00 0.333262 6.18
1520.00 0.333262 6.18
1521.00 0.333262 6.18
1522.00 0.333262 6.18
1523.00 0.333262 6.18
1524.00 0.333262 6.18
1525.00 0.333261 6.18
1526.00 0.333261 6.18
1527.00 0.333261 6.18
1528.00 0.333261 6.18
1529.00 0.333261 6.18
1530.00 0.333261 6.18
1531.00 0.333261 6.18
1532.00 0.333261 6.18
1533.00 0.333261 6.18
1534.00 0.333261 6.18
1535.00 0.333261 6.18
1536.00 0.333261 6.18
1537.00 0.333261 6.18
1538.00 0.333261 6.18
1539.00 0.333261 6.18
1540.00 0.333261 6.18
1541.00 0.333261 6.18
1542.00 0.333261 6.18
1543.00 0.333261 6.18
1544.00 0.333261 6.18
1545.00 0.333261 6.18
1546.00 0.333261 6.18
1547.00 0.333261 6.18
1548.00 0.333261 6.18
1549.00 0.333261 6.18
1550.00 0.333261 6.18
1551.00 0.333261 6.18
1552.00 0.333261 6.18
1553.00 0.333261 6.18
1554.00 0.333261 6.18
1555.00 0.333261 6.18
1556.00 0.333261 6.18
1557.00 0.333261 6.18
1558.00 0.333261 6.18
1559.00 0.333261 6.18
1560.00 0.333261 6.18
1561.00 0.333261 6.18
1562.00 0.333261 6.18
1563.00 0.333261 6.18
1564.00 0.333261 6.18
1565.00 0.333261 6.18
1566.00 0.333261 6.18
1567.00 0.333261 6.18
1568.00 0.333261 6.18
1569.00 0.333261 6.18
1570.00 0.333261 6.18
1571.00 0.333261 6.18
1572.00 0.333261 6.18
1573.00 0.333261 6.18
1574.00 0.333261 6.18
1575.00 0.333261 6.18
1576.00 0.333261 6.18
1577.00 0.333261 6.18
1578.00 0.333261 6.18
1579.00 0.333261 6.18
1580.00 0.333261 6.18
1581.00 0.333261 6.18
1582.00 0.333261 6.18
1583.00 0.333261 6.18
1584.00 0.333261 6.18
1585.00 0.333261 6.18
1586.00 0.333261 6.18
1587.00 0.333261 6.18
1588.00 0.333261 6.18
1589.00 0.333261 6.18
1590.00 0.333261 6.18
1591.00 0.333261 6.18
1592.00 0.333261 6.18
1593.00 0.333261 6.18
1594.00 0.333261 6.18
1595.00 0.333261 6.18
1596.00 0.333261 6.18
1597.00 0.333261 6.18
1598.00 0.333261 6.18
1599.00 0.333261 6.18
1600.00 0.333261 6.18
1601.00 0.333261 6.18
1602.00 0.333261 6.18
1603.00 0.333261 6.18
1604.00 0.333261 6.18
1605.00 0.333261 6.18
1606.00 0.333261 6.18
1607.00 0.333261 6.18
1608.00 0.333261 6.18
1609.00 0.333261 6.18
1610.00 0.333261 6.18
1611.00 0.333261 6.18
1612.00 0.333261 6.18
1613.00 0.333261 6.18
1614.00 0.333261 6.18
1615.00 0.333261 6.18
1616.00 0.333261 6.18
1617.00 0.333261 6.18
1618.00 0.333261 6.18
1619.00 0.333261 6.18
1620.00 0.333261 6.18
1621.00 0.333261 6.18
1622.00 0.333261 6.18
1623.00 0.333261 6.18
1624.00 0.333261 6.18
1625.00 0.333261 6.18
1626.00 0.333261 6.18
1627.00 0.333261 6.18
1628.00 0.333261 6.18
1629.00 0.333261 6.18
1630.00 0.333261 6.18
1631.00 0.333261 6.18
1632.00 0.333261 6.18
1633.00 0.333260 6.18
1634.00 0.333260 6.18
1635.00 0.333260 6.18
1636.00 0.333260 6.18
1637.00 0.333260 6.18
1638.00 0.333260 6.18
1639.00 0.333260 6.18
1640.00 0.333260 6.18
1641.00 0.333260 6.18
1642.00 0.333260 6.18
1643.00 0.333260 6.18
1644.00 0.333260 6.18
1645.00 0.333260 6.18
1646.00 0.333260 6.18
1647.00 0.333260 6.18
1648.00 0.333260 6.18
1649.00 0.333260 6.18
1650.00 0.333260 6.18
1651.00 0.333260 6.18
1652.00 0.333260 6.18
1653.00 0.333260 6.18
1654.00 0.333260 6.18
1655.00 0.333260 6.18
1656.00 0.333260 6.18
1657.00 0.333260 6.18
1658.00 0.333260 6.18
1659.00 0.333260 6.18
1660.00 0.333260 6.18
1661.00 0.333260 6.18
1662.00 0.333260 6.18
1663.00 0.333260 6.18
1664.00 0.333260 6.18
1665.00 0.333260 6.18
1666.00 0.333260 6.18
1667.00 0.333260 6.18
1668.00 0.333260 6.18
1669.00 0.333260 6.18
1670.00 0.333260 6.18
1671.00 0.333260 6.18
1672.00 0.333260 6.18
1673.00 0.333260 6.18
1674.00 0.333260 6.18
1675.00 0.333260 6.18
1676.00 0.333260 6.18
1677.00 0.333260 6.18
1678.00 0.333260 6.18
1679.00 0.333260 6.18
1680.00 0.333260 6.18
1681.00 0.333260 6.18
1682.00 0.333260 6.18
1683.00 0.333260 6.18
1684.00 0.333260 6.18
1685.00 0.333260 6.18
1686.00 0.333260 6.18
1687.00 0.333260 6.18
1688.00 0.333260 6.18
1689.00 0.333260 6.18
1690.00 0.333260 6.18
1691.00 0.333260 6.18
1692.00 0.333260 6.18
1693.00 0.333260 6.18
1694.00 0.333260 6.18
1695.00 0.333260 6.18
1696.00 0.333260 6.18
1697.00 0.333260 6.18
1698.00 0.333260 6.18
1699.00 0.333260 6.18
1700.00 0.333260 6.18
1701.00 0.333260 6.18
1702.00 0.333260 6.18
1703.00 0.333260 6.18
1704.00 0.333260 6.18
1705.00 0.333260 6.18
1706.00 0.333260 6.18
1707.00 0.333260 6.18
1708.00 0.333260 6.18
1709.00 0.333260 6.18
1710.00 0.333260 6.18
1711.00 0.333260 6.18
1712.00 0.333260 6.18
1713.00 0.333260 6.18
1714.00 0.333260 6.18
1715.00 0.333260 6.18
1716.00 0.333260 6.18
1717.00 0.333260 6.18
1718.00 0.333260 6.18
1719.00 0.333260 6.18
1720.00 0.333260 6.18
1721.00 0.333260 6.18
1722.00 0.333260 6.18
1723.00 0.333260 6.18
1724.00 0.333260 6.18
1725.00 0.333260 6.18
1726.00 0.333260 6.18
1727.00 0.333260 6.18
1728.00 0.333260 6.18
1729.00 0.333260 6.18
1730.00 0.333260 6.18
1731.00 0.333260 6.18
1732.00 0.333260 6.18
1733.00 0.333260 6.18
1734.00 0.333260 6.18
1735.00 0.333260 6.18
1736.00 0.333260 6.18
1737.00 0.333260 6.18
1738.00 0.333260 6.18
1739.00 0.333260 6.18
1740.00 0.333260 6.18
1741.00 0.333260 6.18
1742.00 0.333260 6.18
1743.00 0.333260 6.18
1744.00 0.333260 6.18
1745.00 0.333260 6.18
1746.00 0.333260 6.18
1747.00 0.333260 6.18
1748.00 0.333260 6.18
1749.00 0.333260 6.18
1750.00 0.333260 6.18
1751.00 0.333260 6.18
1752.00 0.333260 6.18
1753.00 0.333260 6.18
1754.00 0.333260 6.18
1755.00 0.333260 6.18
1756.00 0.333260 6.18
1757.00 0.333260 6.18
1758.00 0.333260 6.18
1759.00 0.333260 6.18
1760.00 0.333260 6.18
1761.00 0.333260 6.18
1762.00 0.333260 6.18
1763.00 0.333260 6.18
1764.00 0.333260 6.18
1765.00 0.333260 6.18
1766.00 0.333260 6.18
1767.00 0.333260 6.18
1768.00 0.333260 6.18
1769.00 0.333260 6.18
1770.00 0.333260 6.18
1771.00 0.333260 6.18
1772.00 0.333260 6.18
1773.00 0.333260 6.18
1774.00 0.333260 6.18
1775.00 0.333260 6.18
1776.00 0.333260 6.18
1777.00 0.333260 6.18
1778.00 0.333260 6.18
1779.00 0.333260 6.18
1780.00 0.333260 6.18
1781.00 0.333260 6.18
1782.00 0.333260 6.18
1783.00 0.333260 6.18
1784.00 0.333260 6.18
1785.00 0.333260 6.18
1786.00 0.333260 6.18
1787.00 0.333260 6.18
1788.00 0.333260 6.18
1789.00 0.333260 6.18
1790.00 0.333260 6.18
1791.00 0.333260 6.18
1792.00 0.333260 6.18
1793.00 0.333260 6.18
1794.00 0.333260 6.18
1795.00 0.333260 6.18
1796.00 0.333260 6.18
1797.00 0.333260 6.18
1798.00 0.333260 6.18
1799.00 0.333260 6.18
1800.00 0.333260 6.18
1801.00 0.333260 6.18
1802.00 0.333260 6.18
1803.00 0.333260 6.18
1804.00 0.333260 6.18
1805.00 0.333260 6.18
1806.00 0.333260 6.18
1807.00 0.333260 6.18
1808.00 0.333260 6.18
1809.00 0.333260 6.18
1810.00 0.333260 6.18
1811.00 0.333260 6.18
1812.00 0.333260 6.18
1813.00 0.333260 6.18
1814.00 0.333260 6.18
1815.00 0.333260 6.18
1816.00 0.333260 6.18
1817.00 0.333260 6.18
1818.00 0.333260 6.18
1819.00 0.333260 6.18
1820.00 0.333260 6.18
1821.00 0.333260 6.18
1822.00 0.333260 6.18
1823.00 0.333260 6.18
1824.00 0.333260 6.18
1825.00 0.333260 6.18
1826.00 0.333260 6.18
1827.00 0.333260 6.18
1828.00 0.333260 6.18
1829.00 0.333260 6.18
1830.00 0.333260 6.18
1831.00 0.333260 6.18
1832.00 0.333260 6.18
1833.00 0.333260 6.18
1834.00 0.333260 6.18
1835.00 0.333260 6.18
1836.00 0.333260 6.18
1837.00 0.333260 6.18
1838.00 0.333260 6.18
1839.00 0.333260 6.18
1840.00 0.333260 6.18
1841.00 0.333260 6.18
1842.00 0.333260 6.18
1843.00 0.333260 6.18
1844.00 0.333260 6.18
1845.00 0.333259 6.18
1846.00 0.333259 6.18
1847.00 0.333259 6.18
1848.00 0.333259 6.18
1849.00 0.333259 6.18
1850.00 0.333259 6.18
1851.00 0.333259 6.18
1852.00 0.333259 6.18
1853.00 0.333259 6.18
1854.00 0.333259 6.18
1855.00 0.333259 6.18
1856.00 0.333259 6.18
1857.00 0.333259 6.18
1858.00 0.333259 6.18
1859.00 0.333259 6.18
1860.00 0.333259 6.18
1861.00 0.333259 6.18
1862.00 0.333259 6.18
1863.00 0.333259 6.18
1864.00 0.333259 6.18
1865.00 0.333259 6.18
1866.00 0.333259 6.18
1867.00 0.333259 6.18
1868.00 0.333259 6.18
1869.00 0.333259 6.18
1870.00 0.333259 6.18
1871.00 0.333259 6.18
1872.00 0.333259 6.18
1873.00 0.333259 6.18
1874.00 0.333259 6.18
1875.00 0.333259 6.18
1876.00 0.333259 6.18
1877.00 0.333259 6.18
1878.00 0.333259 6.18
1879.00 0.333259 6.18
1880.00 0.333259 6.18
1881.00 0.333259 6.18
1882.00 0.333259 6.18
1883.00 0.333259 6.18
1884.00 0.333259 6.18
1885.00 0.333259 6.18
1886.00 0.333259 6.18
1887.00 0.333259 6.18
1888.00 0.333259 6.18
1889.00 0.333259 6.18
1890.00 0.333259 6.18
1891.00 0.333259 6.18
1892.00 0.333259 6.18
1893.00 0.333259 6.18
1894.00 0.333259 6.18
1895.00 0.333259 6.18
1896.00 0.333259 6.18
1897.00 0.333259 6.18
1898.00 0.333259 6.18
1899.00 0.333259 6.18
1900.00 0.333259 6.18
1901.00 0.333259 6.18
1902.00 0.333259 6.18
1903.00 0.333259 6.18
1904.00 0.333259 6.18
1905.00 0.333259 6.18
1906.00 0.333259 6.18
1907.00 0.333259 6.18
1908.00 0.333259 6.18
1909.00 0.333259 6.18
1910.00 0.333259 6.18
1911.00 0.333259 6.18
1912.00 0.333259 6.18
1913.00 0.333259 6.18
1914.00 0.333259 6.18
1915.00 0.333259 6.18
1916.00 0.333259 6.18
1917.00 0.333259 6.18
1918.00 0.333259 6.18
1919.00 0.333259 6.18
1920.00 0.333259 6.18
1921.00 0.333259 6.18
1922.00 0.333259 6.18
1923.00 0.333259 6.18
1924.00 0.333259 6.18
1925.00 0.333259 6.18
1926.00 0.333259 6.18
1927.00 0.333259 6.18
1928.00 0.333259 6.18
1929.00 0.333259 6.18
1930.00 0.333259 6.18
1931.00 0.333259 6.18
1932.00 0.333259 6.18
1933.00 0.333259 6.18
1934.00 0.333259 6.18
1935.00 0.333259 6.18
1936.00 0.333259 6.18
1937.00 0.333259 6.18
1938.00 0.333259 6.18
1939.00 0.333259 6.18
1940.00 0.333259 6.18
1941.00 0.333259 6.18
1942.00 0.333259 6.18
1943.00 0.333259 6.18
1944.00 0.333259 6.18
1945.00 0.333259 6.18
1946.00 0.333259 6.18
1947.00 0.333259 6.18
1948.00 0.333259 6.18
1949.00 0.333259 6.18
1950.00 0.333259 6.18
1951.00 0.333259 6.18
1952.00 0.333259 6.18
1953.00 0.333259 6.18
1954.00 0.333259 6.18
1955.00 0.333259 6.18
1956.00 0.333259 6.18
1957.00 0.333259 6.18
1958.00 0.333259 6.18
1959.00 0.333259 6.18
1960.00 0.333259 6.18
1961.00 0.333259 6.18
1962.00 0.333259 6.18
1963.00 0.333259 6.18
1964.00 0.333259 6.18
1965.00 0.333259 6.18
1966.00 0.333259 6.18
1967.00 0.333259 6.18
1968.00 0.333259 6.18
1969.00 0.333259 6.18
1970.00 0.333259 6.18
1971.00 0.333259 6.18
1972.00 0.333259 6.18
1973.00 0.333259 6.18
1974.00 0.333259 6.18
1975.00 0.333259 6.18
1976.00 0.333259 6.18
1977.00 0.333259 6.18
1978.00 0.333259 6.18
1979.00 0.333259 6.18
1980.00 0.333259 6.18
1981.00 0.333259 6.18
1982.00 0.333259 6.18
1983.00 0.333259 6.18
1984.00 0.333259 6.18
1985.00 0.333259 6.18
1986.00 0.333259 6.18
1987.00 0.333259 6.18
1988.00 0.333259 6.18
1989.00 0.333259 6.18
1990.00 0.333259 6.18
1991.00 0.333259 6.18
1992.00 0.333259 6.18
1993.00 0.333259 6.18
1994.00 0.333259 6.18
1995.00 0.333259 6.18
1996.00 0.333259 6.18
1997.00 0.333259 6.18
1998.00 0.333259 6.18
1999.00 0.333259 6.18
2000.00 0.333259 6.18
