0.00 0.753946 7.09
1.00 0.752731 7.09
2.00 0.751521 7.09
3.00 0.750317 7.09
4.00 0.749118 7.09
5.00 0.747924 7.09
6.00 0.746736 7.09
7.00 0.745554 7.09
8.00 0.744379 7.08
9.00 0.743217 7.08
10.00 0.742061 7.08
11.00 0.740912 7.08
12.00 0.739769 7.08
13.00 0.738631 7.08
14.00 0.737497 7.08
15.00 0.736368 7.08
16.00 0.735242 7.08
17.00 0.734119 7.08
18.00 0.732998 7.08
19.00 0.731878 7.08
20.00 0.730769 7.06
21.00 0.729682 7.06
22.00 0.728597 7.06
23.00 0.727513 7.06
24.00 0.726430 7.06
25.00 0.725366 7.05
26.00 0.724318 7.05
27.00 0.723271 7.05
28.00 0.722224 7.05
29.00 0.721175 7.05
30.00 0.720125 7.05
31.00 0.719073 7.05
32.00 0.718027 7.04
33.00 0.716993 7.04
34.00 0.716015 7.02
35.00 0.715061 7.02
36.00 0.714106 7.02
37.00 0.713158 7.01
38.00 0.712215 7.01
39.00 0.711278 6.99
40.00 0.710352 6.99
41.00 0.709426 6.99
42.00 0.708526 6.98
43.00 0.707639 6.98
44.00 0.706768 6.96
45.00 0.705924 6.96
46.00 0.705117 6.95
47.00 0.704360 6.94
48.00 0.703620 6.93
49.00 0.702916 6.92
50.00 0.702228 6.92
51.00 0.701552 6.91
52.00 0.700899 6.90
53.00 0.700280 6.89
54.00 0.699670 6.89
55.00 0.699062 6.89
56.00 0.698457 6.89
57.00 0.697859 6.88
58.00 0.697270 6.88
59.00 0.696685 6.87
60.00 0.696142 6.86
61.00 0.695607 6.86
62.00 0.695081 6.85
63.00 0.694584 6.83
64.00 0.694133 6.82
65.00 0.693695 6.82
66.00 0.693262 6.82
67.00 0.692835 6.82
68.00 0.692412 6.82
69.00 0.691993 6.82
70.00 0.691576 6.82
71.00 0.691162 6.82
72.00 0.690759 6.81
73.00 0.690360 6.81
74.00 0.689962 6.81
75.00 0.689573 6.80
76.00 0.689205 6.79
77.00 0.688842 6.79
78.00 0.688484 6.78
79.00 0.688136 6.78
80.00 0.687791 6.78
81.00 0.687448 6.78
82.00 0.687128 6.77
83.00 0.686815 6.77
84.00 0.686506 6.77
85.00 0.686199 6.77
86.00 0.685895 6.77
87.00 0.685606 6.76
88.00 0.685332 6.76
89.00 0.685062 6.76
90.00 0.684796 6.76
91.00 0.684532 6.76
92.00 0.684270 6.76
93.00 0.684011 6.76
94.00 0.683753 6.76
95.00 0.683497 6.76
96.00 0.683243 6.75
97.00 0.682996 6.75
98.00 0.682751 6.74
99.00 0.682511 6.74
100.00 0.682279 6.73
101.00 0.682050 6.73
102.00 0.681823 6.73
103.00 0.681597 6.73
104.00 0.681372 6.73
105.00 0.681149 6.73
106.00 0.680926 6.73
107.00 0.680705 6.72
108.00 0.680490 6.71
109.00 0.680276 6.71
110.00 0.680063 6.70
111.00 0.679853 6.70
112.00 0.679644 6.69
113.00 0.679436 6.69
114.00 0.679228 6.69
115.00 0.679020 6.69
116.00 0.678813 6.69
117.00 0.678610 6.68
118.00 0.678413 6.68
119.00 0.678217 6.68
120.00 0.678022 6.68
121.00 0.677828 6.68
122.00 0.677634 6.68
123.00 0.677441 6.67
124.00 0.677266 6.67
125.00 0.677092 6.67
126.00 0.676936 6.66
127.00 0.676784 6.66
128.00 0.676635 6.66
129.00 0.676489 6.66
130.00 0.676344 6.66
131.00 0.676202 6.66
132.00 0.676060 6.66
133.00 0.675921 6.66
134.00 0.675783 6.66
135.00 0.675646 6.66
136.00 0.675511 6.66
137.00 0.675377 6.66
138.00 0.675244 6.66
139.00 0.675113 6.66
140.00 0.674989 6.65
141.00 0.674870 6.65
142.00 0.674753 6.65
143.00 0.674638 6.65
144.00 0.674524 6.65
145.00 0.674412 6.65
146.00 0.674301 6.65
147.00 0.674191 6.65
148.00 0.674082 6.65
149.00 0.673975 6.65
150.00 0.673868 6.65
151.00 0.673763 6.65
152.00 0.673659 6.65
153.00 0.673556 6.65
154.00 0.673453 6.65
155.00 0.673352 6.65
156.00 0.673251 6.65
157.00 0.673151 6.65
158.00 0.673052 6.65
159.00 0.672954 6.65
160.00 0.672856 6.65
161.00 0.672759 6.65
162.00 0.672662 6.65
163.00 0.672567 6.65
164.00 0.672472 6.64
165.00 0.672379 6.64
166.00 0.672286 6.64
167.00 0.672194 6.64
168.00 0.672103 6.64
169.00 0.672012 6.64
170.00 0.671922 6.64
171.00 0.671832 6.64
172.00 0.671743 6.64
173.00 0.671654 6.64
174.00 0.671565 6.64
175.00 0.671476 6.64
176.00 0.671388 6.64
177.00 0.671301 6.64
178.00 0.671213 6.64
179.00 0.671126 6.64
180.00 0.671039 6.64
181.00 0.670952 6.64
182.00 0.670866 6.64
183.00 0.670781 6.62
184.00 0.670704 6.62
185.00 0.670628 6.62
186.00 0.670552 6.62
187.00 0.670478 6.62
188.00 0.670403 6.62
189.00 0.670330 6.61
190.00 0.670257 6.61
191.00 0.670185 6.61
192.00 0.670114 6.61
193.00 0.670049 6.59
194.00 0.669986 6.59
195.00 0.669925 6.59
196.00 0.669865 6.59
197.00 0.669806 6.59
198.00 0.669748 6.59
199.00 0.669691 6.59
200.00 0.669635 6.59
201.00 0.669580 6.59
202.00 0.669526 6.59
203.00 0.669473 6.59
204.00 0.669420 6.59
205.00 0.669368 6.59
206.00 0.669317 6.59
207.00 0.669267 6.59
208.00 0.669217 6.59
209.00 0.669168 6.59
210.00 0.669120 6.59
211.00 0.669072 6.59
212.00 0.669025 6.59
213.00 0.668979 6.59
214.00 0.668933 6.59
215.00 0.668888 6.59
216.00 0.668843 6.59
217.00 0.668798 6.59
218.00 0.668755 6.59
219.00 0.668711 6.59
220.00 0.668669 6.59
221.00 0.668626 6.59
222.00 0.668584 6.59
223.00 0.668543 6.59
224.00 0.668502 6.59
225.00 0.668462 6.59
226.00 0.668421 6.59
227.00 0.668382 6.59
228.00 0.668342 6.58
229.00 0.668310 6.58
230.00 0.668279 6.58
231.00 0.668248 6.58
232.00 0.668219 6.58
233.00 0.668190 6.58
234.00 0.668162 6.58
235.00 0.668134 6.58
236.00 0.668107 6.58
237.00 0.668081 6.58
238.00 0.668055 6.58
239.00 0.668030 6.58
240.00 0.668005 6.58
241.00 0.667981 6.58
242.00 0.667957 6.58
243.00 0.667934 6.58
244.00 0.667911 6.58
245.00 0.667889 6.58
246.00 0.667867 6.58
247.00 0.667845 6.58
248.00 0.667824 6.58
249.00 0.667804 6.57
250.00 0.667785 6.57
251.00 0.667765 6.57
252.00 0.667747 6.57
253.00 0.667729 6.57
254.00 0.667711 6.57
255.00 0.667693 6.57
256.00 0.667676 6.57
257.00 0.667659 6.57
258.00 0.667643 6.57
259.00 0.667627 6.57
260.00 0.667612 6.56
261.00 0.667597 6.56
262.00 0.667583 6.56
263.00 0.667570 6.56
264.00 0.667557 6.56
265.00 0.667544 6.56
266.00 0.667531 6.56
267.00 0.667519 6.56
268.00 0.667508 6.55
269.00 0.667497 6.55
270.00 0.667487 6.55
271.00 0.667477 6.55
272.00 0.667467 6.55
273.00 0.667458 6.55
274.00 0.667449 6.55
275.00 0.667440 6.55
276.00 0.667431 6.55
277.00 0.667423 6.55
278.00 0.667415 6.55
279.00 0.667407 6.55
280.00 0.667399 6.55
281.00 0.667391 6.55
282.00 0.667384 6.55
283.00 0.667376 6.55
284.00 0.667369 6.55
285.00 0.667362 6.55
286.00 0.667355 6.55
287.00 0.667348 6.55
288.00 0.667342 6.54
289.00 0.667337 6.54
290.00 0.667332 6.54
291.00 0.667328 6.54
292.00 0.667323 6.54
293.00 0.667319 6.54
294.00 0.667314 6.54
295.00 0.667310 6.54
296.00 0.667306 6.54
297.00 0.667302 6.54
298.00 0.667298 6.54
299.00 0.667294 6.54
300.00 0.667291 6.54
301.00 0.667287 6.54
302.00 0.667283 6.54
303.00 0.667280 6.54
304.00 0.667276 6.54
305.00 0.667273 6.54
306.00 0.667270 6.54
307.00 0.667266 6.54
308.00 0.667263 6.54
309.00 0.667260 6.54
310.00 0.667257 6.54
311.00 0.667254 6.54
312.00 0.667251 6.54
313.00 0.667248 6.54
314.00 0.667245 6.54
315.00 0.667242 6.54
316.00 0.667239 6.54
317.00 0.667236 6.54
318.00 0.667233 6.54
319.00 0.667231 6.54
320.00 0.667228 6.54
321.00 0.667225 6.54
322.00 0.667223 6.54
323.00 0.667220 6.54
324.00 0.667217 6.54
325.00 0.667215 6.54
326.00 0.667212 6.54
327.00 0.667210 6.54
328.00 0.667207 6.54
329.00 0.667205 6.54
330.00 0.667202 6.54
331.00 0.667200 6.54
332.00 0.667198 6.54
333.00 0.667195 6.54
334.00 0.667193 6.54
335.00 0.667191 6.54
336.00 0.667188 6.54
337.00 0.667186 6.54
338.00 0.667184 6.54
339.00 0.667182 6.54
340.00 0.667179 6.54
341.00 0.667177 6.54
342.00 0.667175 6.54
343.00 0.667173 6.54
344.00 0.667171 6.54
345.00 0.667169 6.54
346.00 0.667166 6.54
347.00 0.667164 6.54
348.00 0.667162 6.54
349.00 0.667160 6.54
350.00 0.667158 6.54
351.00 0.667156 6.54
352.00 0.667154 6.54
353.00 0.667152 6.54
354.00 0.667150 6.54
355.00 0.667148 6.54
356.00 0.667146 6.54
357.00 0.667144 6.54
358.00 0.667142 6.54
359.00 0.667140 6.54
360.00 0.667138 6.54
361.00 0.667136 6.54
362.00 0.667134 6.54
363.00 0.667132 6.54
364.00 0.667130 6.54
365.00 0.667128 6.54
366.00 0.667126 6.54
367.00 0.667124 6.54
368.00 0.667122 6.54
369.00 0.667120 6.54
370.00 0.667118 6.54
371.00 0.667116 6.54
372.00 0.667114 6.54
373.00 0.667112 6.54
374.00 0.667110 6.54
375.00 0.667108 6.54
376.00 0.667107 6.54
377.00 0.667105 6.54
378.00 0.667103 6.54
379.00 0.667101 6.54
380.00 0.667099 6.54
381.00 0.667097 6.54
382.00 0.667095 6.54
383.00 0.667093 6.54
384.00 0.667091 6.54
385.00 0.667089 6.54
386.00 0.667087 6.54
387.00 0.667085 6.54
388.00 0.667083 6.54
389.00 0.667082 6.54
390.00 0.667080 6.54
391.00 0.667078 6.54
392.00 0.667076 6.54
393.00 0.667074 6.54
394.00 0.667072 6.54
395.00 0.667070 6.54
396.00 0.667068 6.54
397.00 0.667066 6.54
398.00 0.667064 6.54
399.00 0.667062 6.54
400.00 0.667060 6.54
401.00 0.667058 6.54
402.00 0.667056 6.54
403.00 0.667054 6.54
404.00 0.667052 6.54
405.00 0.667050 6.54
406.00 0.667048 6.54
407.00 0.667046 6.54
408.00 0.667044 6.54
409.00 0.667042 6.54
410.00 0.667040 6.54
411.00 0.667038 6.54
412.00 0.667036 6.54
413.00 0.667034 6.54
414.00 0.667032 6.54
415.00 0.667030 6.54
416.00 0.667028 6.54
417.00 0.667026 6.54
418.00 0.667024 6.54
419.00 0.667022 6.54
420.00 0.667020 6.54
421.00 0.667018 6.54
422.00 0.667016 6.54
423.00 0.667014 6.54
424.00 0.667012 6.54
425.00 0.667010 6.54
426.00 0.667008 6.54
427.00 0.667006 6.54
428.00 0.667004 6.54
429.00 0.667001 6.54
430.00 0.666999 6.54
431.00 0.666997 6.54
432.00 0.666995 6.54
433.00 0.666993 6.54
434.00 0.666991 6.54
435.00 0.666989 6.54
436.00 0.666986 6.54
437.00 0.666984 6.54
438.00 0.666982 6.54
439.00 0.666980 6.54
440.00 0.666978 6.54
441.00 0.666976 6.54
442.00 0.666973 6.54
443.00 0.666971 6.54
444.00 0.666969 6.54
445.00 0.666967 6.54
446.00 0.666964 6.54
447.00 0.666962 6.54
448.00 0.666960 6.54
449.00 0.666958 6.54
450.00 0.666955 6.54
451.00 0.666953 6.54
452.00 0.666951 6.54
453.00 0.666948 6.54
454.00 0.666946 6.54
455.00 0.666944 6.54
456.00 0.666941 6.54
457.00 0.666939 6.54
458.00 0.666937 6.54
459.00 0.666934 6.54
460.00 0.666932 6.54
461.00 0.666929 6.54
462.00 0.666927 6.54
463.00 0.666925 6.54
464.00 0.666922 6.54
465.00 0.666920 6.54
466.00 0.666917 6.54
467.00 0.666915 6.54
468.00 0.666913 6.53
469.00 0.666912 6.53
470.00 0.666910 6.53
471.00 0.666909 6.53
472.00 0.666908 6.53
473.00 0.666906 6.53
474.00 0.666905 6.53
475.00 0.666904 6.53
476.00 0.666902 6.53
477.00 0.666901 6.53
478.00 0.666899 6.53
479.00 0.666898 6.53
480.00 0.666897 6.53
481.00 0.666895 6.53
482.00 0.666894 6.53
483.00 0.666892 6.53
484.00 0.666891 6.53
485.00 0.666889 6.53
486.00 0.666888 6.53
487.00 0.666887 6.53
488.00 0.666885 6.53
489.00 0.666884 6.53
490.00 0.666882 6.53
491.00 0.666881 6.53
492.00 0.666879 6.53
493.00 0.666878 6.53
494.00 0.666878 6.52
495.00 0.666877 6.52
496.00 0.666877 6.52
497.00 0.666877 6.52
498.00 0.666877 6.52
499.00 0.666876 6.52
500.00 0.666876 6.52
501.00 0.666876 6.52
502.00 0.666875 6.52
503.00 0.666875 6.52
504.00 0.666875 6.52
505.00 0.666875 6.52
506.00 0.666874 6.52
507.00 0.666874 6.52
508.00 0.666874 6.52
509.00 0.666874 6.52
510.00 0.666873 6.52
511.00 0.666873 6.52
512.00 0.666873 6.52
513.00 0.666873 6.52
514.00 0.666873 6.52
515.00 0.666872 6.52
516.00 0.666872 6.52
517.00 0.666872 6.52
518.00 0.666872 6.52
519.00 0.666871 6.52
520.00 0.666871 6.52
521.00 0.666871 6.52
522.00 0.666871 6.52
523.00 0.666871 6.52
524.00 0.666870 6.52
525.00 0.666870 6.52
526.00 0.666870 6.52
527.00 0.666870 6.52
528.00 0.666870 6.52
529.00 0.666869 6.52
530.00 0.666869 6.52
531.00 0.666869 6.52
532.00 0.666869 6.52
533.00 0.666869 6.52
534.00 0.666868 6.52
535.00 0.666868 6.52
536.00 0.666868 6.52
537.00 0.666868 6.52
538.00 0.666868 6.52
539.00 0.666868 6.52
540.00 0.666867 6.52
541.00 0.666867 6.52
542.00 0.666867 6.52
543.00 0.666867 6.52
544.00 0.666867 6.52
545.00 0.666866 6.52
546.00 0.666866 6.52
547.00 0.666866 6.52
548.00 0.666866 6.52
549.00 0.666866 6.52
550.00 0.666866 6.52
551.00 0.666866 6.52
552.00 0.666865 6.52
553.00 0.666865 6.52
554.00 0.666865 6.52
555.00 0.666865 6.52
556.00 0.666865 6.52
557.00 0.666865 6.52
558.00 0.666864 6.52
559.00 0.666864 6.52
560.00 0.666864 6.52
561.00 0.666864 6.52
562.00 0.666864 6.52
563.00 0.666864 6.52
564.00 0.666864 6.52
565.00 0.666864 6.52
566.00 0.666863 6.52
567.00 0.666863 6.52
568.00 0.666863 6.52
569.00 0.666863 6.52
570.00 0.666863 6.52
571.00 0.666863 6.52
572.00 0.666863 6.52
573.00 0.666863 6.52
574.00 0.666862 6.52
575.00 0.666862 6.52
576.00 0.666862 6.52
577.00 0.666862 6.52
578.00 0.666862 6.52
579.00 0.666862 6.52
580.00 0.666862 6.52
581.00 0.666862 6.52
582.00 0.666862 6.52
583.00 0.666861 6.52
584.00 0.666861 6.52
585.00 0.666861 6.52
586.00 0.666861 6.52
587.00 0.666861 6.52
588.00 0.666861 6.52
589.00 0.666861 6.52
590.00 0.666861 6.52
591.00 0.666861 6.52
592.00 0.666861 6.52
593.00 0.666860 6.52
594.00 0.666860 6.52
595.00 0.666860 6.52
596.00 0.666860 6.52
597.00 0.666860 6.52
598.00 0.666860 6.52
599.00 0.666860 6.52
600.00 0.666860 6.52
601.00 0.666860 6.52
602.00 0.666860 6.52
603.00 0.666860 6.52
604.00 0.666859 6.52
605.00 0.666859 6.52
606.00 0.666859 6.52
607.00 0.666859 6.52
608.00 0.666859 6.52
609.00 0.666859 6.52
610.00 0.666859 6.52
611.00 0.666859 6.52
612.00 0.666859 6.52
613.00 0.666859 6.52
614.00 0.666859 6.52
615.00 0.666859 6.52
616.00 0.666858 6.52
617.00 0.666858 6.52
618.00 0.666858 6.52
619.00 0.666858 6.52
620.00 0.666858 6.52
621.00 0.666858 6.52
622.00 0.666858 6.52
623.00 0.666858 6.52
624.00 0.666858 6.52
625.00 0.666858 6.52
626.00 0.666858 6.52
627.00 0.666858 6.52
628.00 0.666858 6.52
629.00 0.666858 6.52
630.00 0.666858 6.52
631.00 0.666857 6.52
632.00 0.666857 6.52
633.00 0.666857 6.52
634.00 0.666857 6.52
635.00 0.666857 6.52
636.00 0.666857 6.52
637.00 0.666857 6.52
638.00 0.666857 6.52
639.00 0.666857 6.52
640.00 0.666857 6.52
641.00 0.666857 6.52
642.00 0.666857 6.52
643.00 0.666857 6.52
644.00 0.666857 6.52
645.00 0.666857 6.52
646.00 0.666857 6.52
647.00 0.666857 6.52
648.00 0.666857 6.52
649.00 0.666856 6.52
650.00 0.666856 6.52
651.00 0.666856 6.52
652.00 0.666856 6.52
653.00 0.666856 6.52
654.00 0.666856 6.52
655.00 0.666856 6.52
656.00 0.666856 6.52
657.00 0.666856 6.52
658.00 0.666856 6.52
659.00 0.666856 6.52
660.00 0.666856 6.52
661.00 0.666856 6.52
662.00 0.666856 6.52
663.00 0.666856 6.52
664.00 0.666856 6.52
665.00 0.666856 6.52
666.00 0.666856 6.52
667.00 0.666856 6.52
668.00 0.666856 6.52
669.00 0.666856 6.52
670.00 0.666855 6.52
671.00 0.666855 6.52
672.00 0.666855 6.52
673.00 0.666855 6.52
674.00 0.666855 6.52
675.00 0.666855 6.52
676.00 0.666855 6.52
677.00 0.666855 6.52
678.00 0.666855 6.52
679.00 0.666855 6.52
680.00 0.666855 6.52
681.00 0.666855 6.52
682.00 0.666855 6.52
683.00 0.666855 6.52
684.00 0.666855 6.52
685.00 0.666855 6.52
686.00 0.666855 6.52
687.00 0.666855 6.52
688.00 0.666855 6.52
689.00 0.666855 6.52
690.00 0.666855 6.52
691.00 0.666855 6.52
692.00 0.666855 6.52
693.00 0.666855 6.52
694.00 0.666855 6.52
695.00 0.666855 6.52
696.00 0.666855 6.52
697.00 0.666854 6.52
698.00 0.666854 6.52
699.00 0.666854 6.52
700.00 0.666854 6.52
701.00 0.666854 6.52
702.00 0.666854 6.52
703.00 0.666854 6.52
704.00 0.666854 6.52
705.00 0.666854 6.52
706.00 0.666854 6.52
707.00 0.666854 6.52
708.00 0.666854 6.52
709.00 0.666854 6.52
710.00 0.666854 6.52
711.00 0.666854 6.52
712.00 0.666854 6.52
713.00 0.666854 6.52
714.00 0.666854 6.52
715.00 0.666854 6.52
716.00 0.666854 6.52
717.00 0.666854 6.52
718.00 0.666854 6.52
719.00 0.666854 6.52
720.00 0.666854 6.52
721.00 0.666854 6.52
722.00 0.666854 6.52
723.00 0.666854 6.52
724.00 0.666854 6.52
725.00 0.666854 6.52
726.00 0.666854 6.52
727.00 0.666854 6.52
728.00 0.666854 6.52
729.00 0.666854 6.52
730.00 0.666853 6.52
731.00 0.666853 6.52
732.00 0.666853 6.52
733.00 0.666853 6.52
734.00 0.666853 6.52
735.00 0.666853 6.52
736.00 0.666853 6.52
737.00 0.666853 6.52
738.00 0.666853 6.52
739.00 0.666853 6.52
740.00 0.666853 6.52
741.00 0.666853 6.52
742.00 0.666853 6.52
743.00 0.666853 6.52
744.00 0.666853 6.52
745.00 0.666853 6.52
746.00 0.666853 6.52
747.00 0.666853 6.52
748.00 0.666853 6.52
749.00 0.666853 6.52
750.00 0.666853 6.52
751.00 0.666853 6.52
752.00 0.666853 6.52
753.00 0.666853 6.52
754.00 0.666853 6.52
755.00 0.666853 6.52
756.00 0.666853 6.52
757.00 0.666853 6.52
758.00 0.666853 6.52
759.00 0.666853 6.52
760.00 0.666853 6.52
761.00 0.666853 6.52
762.00 0.666853 6.52
763.00 0.666853 6.52
764.00 0.666853 6.52
765.00 0.666853 6.52
766.00 0.666853 6.52
767.00 0.666853 6.52
768.00 0.666853 6.52
769.00 0.666853 6.52
770.00 0.666853 6.52
771.00 0.666853 6.52
772.00 0.666852 6.52
773.00 0.666852 6.52
774.00 0.666852 6.52
775.00 0.666852 6.52
776.00 0.666852 6.52
777.00 0.666852 6.52
778.00 0.666852 6.52
779.00 0.666852 6.52
780.00 0.666852 6.52
781.00 0.666852 6.52
782.00 0.666852 6.52
783.00 0.666852 6.52
784.00 0.666852 6.52
785.00 0.666852 6.52
786.00 0.666852 6.52
787.00 0.666852 6.52
788.00 0.666852 6.52
789.00 0.666852 6.52
790.00 0.666852 6.52
791.00 0.666852 6.52
792.00 0.666852 6.52
793.00 0.666852 6.52
794.00 0.666852 6.52
795.00 0.666852 6.52
796.00 0.666852 6.52
797.00 0.666852 6.52
798.00 0.666852 6.52
799.00 0.666852 6.52
800.00 0.666852 6.52
801.00 0.666852 6.52
802.00 0.666852 6.52
803.00 0.666852 6.52
804.00 0.666852 6.52
805.00 0.666852 6.52
806.00 0.666852 6.52
807.00 0.666852 6.52
808.00 0.666852 6.52
809.00 0.666852 6.52
810.00 0.666852 6.52
811.00 0.666852 6.52
812.00 0.666852 6.52
813.00 0.666852 6.52
814.00 0.666852 6.52
815.00 0.666852 6.52
816.00 0.666852 6.52
817.00 0.666852 6.52
818.00 0.666852 6.52
819.00 0.666852 6.52
820.00 0.666852 6.52
821.00 0.666852 6.52
822.00 0.666852 6.52
823.00 0.666852 6.52
824.00 0.666852 6.52
825.00 0.666852 6.52
826.00 0.666851 6.52
827.00 0.666851 6.52
828.00 0.666851 6.52
829.00 0.666851 6.52
830.00 0.666851 6.52
831.00 0.666851 6.52
832.00 0.666851 6.52
833.00 0.666851 6.52
834.00 0.666851 6.52
835.00 0.666851 6.52
836.00 0.666851 6.52
837.00 0.666851 6.52
838.00 0.666851 6.52
839.00 0.666851 6.52
840.00 0.666851 6.52
841.00 0.666851 6.52
842.00 0.666851 6.52
843.00 0.666851 6.52
844.00 0.666851 6.52
845.00 0.666851 6.52
846.00 0.666851 6.52
847.00 0.666851 6.52
848.00 0.666851 6.52
849.00 0.666851 6.52
850.00 0.666851 6.52
851.00 0.666851 6.52
852.00 0.666851 6.52
853.00 0.666851 6.52
854.00 0.666851 6.52
855.00 0.666851 6.52
856.00 0.666851 6.52
857.00 0.666851 6.52
858.00 0.666851 6.52
859.00 0.666851 6.52
860.00 0.666851 6.52
861.00 0.666851 6.52
862.00 0.666851 6.52
863.00 0.666851 6.52
864.00 0.666851 6.52
865.00 0.666851 6.52
866.00 0.666851 6.52
867.00 0.666851 6.52
868.00 0.666851 6.52
869.00 0.666851 6.52
870.00 0.666851 6.52
871.00 0.666851 6.52
872.00 0.666851 6.52
873.00 0.666851 6.52
874.00 0.666851 6.52
875.00 0.666851 6.52
876.00 0.666851 6.52
877.00 0.666851 6.52
878.00 0.666851 6.52
879.00 0.666851 6.52
880.00 0.666851 6.52
881.00 0.666851 6.52
882.00 0.666851 6.52
883.00 0.666851 6.52
884.00 0.666851 6.52
885.00 0.666851 6.52
886.00 0.666851 6.52
887.00 0.666851 6.52
888.00 0.666851 6.52
889.00 0.666851 6.52
890.00 0.666851 6.52
891.00 0.666851 6.52
892.00 0.666851 6.52
893.00 0.666851 6.52
894.00 0.666851 6.52
895.00 0.666851 6.52
896.00 0.666851 6.52
897.00 0.666851 6.52
898.00 0.666850 6.52
899.00 0.666850 6.52
900.00 0.666850 6.52
901.00 0.666850 6.52
902.00 0.666850 6.52
903.00 0.666850 6.52
904.00 0.666850 6.52
905.00 0.666850 6.52
906.00 0.666850 6.52
907.00 0.666850 6.52
908.00 0.666850 6.52
909.00 0.666850 6.52
910.00 0.666850 6.52
911.00 0.666850 6.52
912.00 0.666850 6.52
913.00 0.666850 6.52
914.00 0.666850 6.52
915.00 0.666850 6.52
916.00 0.666850 6.52
917.00 0.666850 6.52
918.00 0.666850 6.52
919.00 0.666850 6.52
920.00 0.666850 6.52
921.00 0.666850 6.52
922.00 0.666850 6.52
923.00 0.666850 6.52
924.00 0.666850 6.52
925.00 0.666850 6.52
926.00 0.666850 6.52
927.00 0.666850 6.52
928.00 0.666850 6.52
929.00 0.666850 6.52
930.00 0.666850 6.52
931.00 0.666850 6.52
932.00 0.666850 6.52
933.00 0.666850 6.52
934.00 0.666850 6.52
935.00 0.666850 6.52
936.00 0.666850 6.52
937.00 0.666850 6.52
938.00 0.666850 6.52
939.00 0.666850 6.52
940.00 0.666850 6.52
941.00 0.666850 6.52
942.00 0.666850 6.52
943.00 0.666850 6.52
944.00 0.666850 6.52
945.00 0.666850 6.52
946.00 0.666850 6.52
947.00 0.666850 6.52
948.00 0.666850 6.52
949.00 0.666850 6.52
950.00 0.666850 6.52
951.00 0.666850 6.52
952.00 0.666850 6.52
953.00 0.666850 6.52
954.00 0.666850 6.52
955.00 0.666850 6.52
956.00 0.666850 6.52
957.00 0.666850 6.52
958.00 0.666850 6.52
959.00 0.666850 6.52
960.00 0.666850 6.52
961.00 0.666850 6.52
962.00 0.666850 6.52
963.00 0.666850 6.52
964.00 0.666850 6.52
965.00 0.666850 6.52
966.00 0.666850 6.52
967.00 0.666850 6.52
968.00 0.666850 6.52
969.00 0.666850 6.52
970.00 0.666850 6.52
971.00 0.666850 6.52
972.00 0.666850 6.52
973.00 0.666850 6.52
974.00 0.666850 6.52
975.00 0.666850 6.52
976.00 0.666850 6.52
977.00 0.666850 6.52
978.00 0.666850 6.52
979.00 0.666850 6.52
980.00 0.666850 6.52
981.00 0.666850 6.52
982.00 0.666850 6.52
983.00 0.666850 6.52
984.00 0.666850 6.52
985.00 0.666850 6.52
986.00 0.666850 6.52
987.00 0.666850 6.52
988.00 0.666850 6.52
989.00 0.666850 6.52
990.00 0.666850 6.52
991.00 0.666850 6.52
992.00 0.666850 6.52
993.00 0.666850 6.52
994.00 0.666850 6.52
995.00 0.666850 6.52
996.00 0.666850 6.52
997.00 0.666849 6.52
998.00 0.666849 6.52
999.00 0.666849 6.52
1000.00 0.666849 6.52
1001.00 0.666849 6.52
1002.00 0.666849 6.52
1003.00 0.666849 6.52
1004.00 0.666849 6.52
1005.00 0.666849 6.52
1006.00 0.666849 6.52
1007.00 0.666849 6.52
1008.00 0.666849 6.52
1009.00 0.666849 6.52
1010.00 0.666849 6.52
1011.00 0.666849 6.52
1012.00 0.666849 6.52
1013.00 0.666849 6.52
1014.00 0.666849 6.52
1015.00 0.666849 6.52
1016.00 0.666849 6.52
1017.00 0.666849 6.52
1018.00 0.666849 6.52
1019.00 0.666849 6.52
1020.00 0.666849 6.52
1021.00 0.666849 6.52
1022.00 0.666849 6.52
1023.00 0.666849 6.52
1024.00 0.666849 6.52
1025.00 0.666849 6.52
1026.00 0.666849 6.52
1027.00 0.666849 6.52
1028.00 0.666849 6.52
1029.00 0.666849 6.52
1030.00 0.666849 6.52
1031.00 0.666849 6.52
1032.00 0.666849 6.52
1033.00 0.666849 6.52
1034.00 0.666849 6.52
1035.00 0.666849 6.52
1036.00 0.666849 6.52
1037.00 0.666849 6.52
1038.00 0.666849 6.52
1039.00 0.666849 6.52
1040.00 0.666849 6.52
1041.00 0.666849 6.52
1042.00 0.666849 6.52
1043.00 0.666849 6.52
1044.00 0.666849 6.52
1045.00 0.666849 6.52
1046.00 0.666849 6.52
1047.00 0.666849 6.52
1048.00 0.666849 6.52
1049.00 0.666849 6.52
1050.00 0.666849 6.52
1051.00 0.666849 6.52
1052.00 0.666849 6.52
1053.00 0.666849 6.52
1054.00 0.666849 6.52
1055.00 0.666849 6.52
1056.00 0.666849 6.52
1057.00 0.666849 6.52
1058.00 0.666849 6.52
1059.00 0.666849 6.52
1060.00 0.666849 6.52
1061.00 0.666849 6.52
1062.00 0.666849 6.52
1063.00 0.666849 6.52
1064.00 0.666849 6.52
1065.00 0.666849 6.52
1066.00 0.666849 6.52
1067.00 0.666849 6.52
1068.00 0.666849 6.52
1069.00 0.666849 6.52
1070.00 0.666849 6.52
1071.00 0.666849 6.52
1072.00 0.666849 6.52
1073.00 0.666849 6.52
1074.00 0.666849 6.52
1075.00 0.666849 6.52
1076.00 0.666849 6.52
1077.00 0.666849 6.52
1078.00 0.666849 6.52
1079.00 0.666849 6.52
1080.00 0.666849 6.52
1081.00 0.666849 6.52
1082.00 0.666849 6.52
1083.00 0.666849 6.52
1084.00 0.666849 6.52
1085.00 0.666849 6.52
1086.00 0.666849 6.52
1087.00 0.666849 6.52
1088.00 0.666849 6.52
1089.00 0.666849 6.52
1090.00 0.666849 6.52
1091.00 0.666849 6.52
1092.00 0.666849 6.52
1093.00 0.666849 6.52
1094.00 0.666849 6.52
1095.00 0.666849 6.52
1096.00 0.666849 6.52
1097.00 0.666849 6.52
1098.00 0.666849 6.52
1099.00 0.666849 6.52
1100.00 0.666849 6.52
1101.00 0.666849 6.52
1102.00 0.666849 6.52
1103.00 0.666849 6.52
1104.00 0.666849 6.52
1105.00 0.666849 6.52
1106.00 0.666849 6.52
1107.00 0.666849 6.52
1108.00 0.666849 6.52
1109.00 0.666849 6.52
1110.00 0.666849 6.52
1111.00 0.666849 6.52
1112.00 0.666849 6.52
1113.00 0.666849 6.52
1114.00 0.666849 6.52
1115.00 0.666849 6.52
1116.00 0.666849 6.52
1117.00 0.666849 6.52
1118.00 0.666849 6.52
1119.00 0.666849 6.52
1120.00 0.666849 6.52
1121.00 0.666849 6.52
1122.00 0.666849 6.52
1123.00 0.666849 6.52
1124.00 0.666849 6.52
1125.00 0.666849 6.52
1126.00 0.666849 6.52
1127.00 0.666849 6.52
1128.00 0.666849 6.52
1129.00 0.666849 6.52
1130.00 0.666849 6.52
1131.00 0.666849 6.52
1132.00 0.666849 6.52
1133.00 0.666849 6.52
1134.00 0.666849 6.52
1135.00 0.666849 6.52
1136.00 0.666849 6.52
1137.00 0.666849 6.52
1138.00 0.666849 6.52
1139.00 0.666849 6.52
1140.00 0.666849 6.52
1141.00 0.666849 6.52
1142.00 0.666849 6.52
1143.00 0.666849 6.52
1144.00 0.666849 6.52
1145.00 0.666849 6.52
1146.00 0.666849 6.52
1147.00 0.666848 6.52
1148.00 0.666848 6.52
1149.00 0.666848 6.52
1150.00 0.666848 6.52
1151.00 0.666848 6.52
1152.00 0.666848 6.52
1153.00 0.666848 6.52
1154.00 0.666848 6.52
1155.00 0.666848 6.52
1156.00 0.666848 6.52
1157.00 0.666848 6.52
1158.00 0.666848 6.52
1159.00 0.666848 6.52
1160.00 0.666848 6.52
1161.00 0.666848 6.52
1162.00 0.666848 6.52
1163.00 0.666848 6.52
1164.00 0.666848 6.52
1165.00 0.666848 6.52
1166.00 0.666848 6.52
1167.00 0.666848 6.52
1168.00 0.666848 6.52
1169.00 0.666848 6.52
1170.00 0.666848 6.52
1171.00 0.666848 6.52
1172.00 0.666848 6.52
1173.00 0.666848 6.52
1174.00 0.666848 6.52
1175.00 0.666848 6.52
1176.00 0.666848 6.52
1177.00 0.666848 6.52
1178.00 0.666848 6.52
1179.00 0.666848 6.52
1180.00 0.666848 6.52
1181.00 0.666848 6.52
1182.00 0.666848 6.52
1183.00 0.666848 6.52
1184.00 0.666848 6.52
1185.00 0.666848 6.52
1186.00 0.666848 6.52
1187.00 0.666848 6.52
1188.00 0.666848 6.52
1189.00 0.666848 6.52
1190.00 0.666848 6.52
1191.00 0.666848 6.52
1192.00 0.666848 6.52
1193.00 0.666848 6.52
1194.00 0.666848 6.52
1195.00 0.666848 6.52
1196.00 0.666848 6.52
1197.00 0.666848 6.52
1198.00 0.666848 6.52
1199.00 0.666848 6.52
1200.00 0.666848 6.52
1201.00 0.666848 6.52
1202.00 0.666848 6.52
1203.00 0.666848 6.52
1204.00 0.666848 6.52
1205.00 0.666848 6.52
1206.00 0.666848 6.52
1207.00 0.666848 6.52
1208.00 0.666848 6.52
1209.00 0.666848 6.52
1210.00 0.666848 6.52
1211.00 0.666848 6.52
1212.00 0.666848 6.52
1213.00 0.666848 6.52
1214.00 0.666848 6.52
1215.00 0.666848 6.52
1216.00 0.666848 6.52
1217.00 0.666848 6.52
1218.00 0.666848 6.52
1219.00 0.666848 6.52
1220.00 0.666848 6.52
1221.00 0.666848 6.52
1222.00 0.666848 6.52
1223.00 0.666848 6.52
1224.00 0.666848 6.52
1225.00 0.666848 6.52
1226.00 0.666848 6.52
1227.00 0.666848 6.52
1228.00 0.666848 6.52
1229.00 0.666848 6.52
1230.00 0.666848 6.52
1231.00 0.666848 6.52
1232.00 0.666848 6.52
1233.00 0.666848 6.52
1234.00 0.666848 6.52
1235.00 0.666848 6.52
1236.00 0.666848 6.52
1237.00 0.666848 6.52
1238.00 0.666848 6.52
1239.00 0.666848 6.52
1240.00 0.666848 6.52
1241.00 0.666848 6.52
1242.00 0.666848 6.52
1243.00 0.666848 6.52
1244.00 0.666848 6.52
1245.00 0.666848 6.52
1246.00 0.666848 6.52
1247.00 0.666848 6.52
1248.00 0.666848 6.52
1249.00 0.666848 6.52
1250.00 0.666848 6.52
1251.00 0.666848 6.52
1252.00 0.666848 6.52
1253.00 0.666848 6.52
1254.00 0.666848 6.52
1255.00 0.666848 6.52
1256.00 0.666848 6.52
1257.00 0.666848 6.52
1258.00 0.666848 6.52
1259.00 0.666848 6.52
1260.00 0.666848 6.52
1261.00 0.666848 6.52
1262.00 0.666848 6.52
1263.00 0.666848 6.52
1264.00 0.666848 6.52
1265.00 0.666848 6.52
1266.00 0.666848 6.52
1267.00 0.666848 6.52
1268.00 0.666848 6.52
1269.00 0.666848 6.52
1270.00 0.666848 6.52
1271.00 0.666848 6.52
1272.00 0.666848 6.52
1273.00 0.666848 6.52
1274.00 0.666848 6.52
1275.00 0.666848 6.52
1276.00 0.666848 6.52
1277.00 0.666848 6.52
1278.00 0.666848 6.52
1279.00 0.666848 6.52
1280.00 0.666848 6.52
1281.00 0.666848 6.52
1282.00 0.666848 6.52
1283.00 0.666848 6.52
1284.00 0.666848 6.52
1285.00 0.666848 6.52
1286.00 0.666848 6.52
1287.00 0.666848 6.52
1288.00 0.666848 6.52
1289.00 0.666848 6.52
1290.00 0.666848 6.52
1291.00 0.666848 6.52
1292.00 0.666848 6.52
1293.00 0.666848 6.52
1294.00 0.666848 6.52
1295.00 0.666848 6.52
1296.00 0.666848 6.52
1297.00 0.666848 6.52
1298.00 0.666848 6.52
1299.00 0.666848 6.52
1300.00 0.666848 6.52
1301.00 0.666848 6.52
1302.00 0.666848 6.52
1303.00 0.666848 6.52
1304.00 0.666848 6.52
1305.00 0.666848 6.52
1306.00 0.666848 6.52
1307.00 0.666848 6.52
1308.00 0.666848 6.52
1309.00 0.666848 6.52
1310.00 0.666848 6.52
1311.00 0.666848 6.52
1312.00 0.666848 6.52
1313.00 0.666848 6.52
1314.00 0.666848 6.52
1315.00 0.666848 6.52
1316.00 0.666848 6.52
1317.00 0.666848 6.52
1318.00 0.666848 6.52
1319.00 0.666848 6.52
1320.00 0.666848 6.52
1321.00 0.666848 6.52
1322.00 0.666848 6.52
1323.00 0.666848 6.52
1324.00 0.666848 6.52
1325.00 0.666848 6.52
1326.00 0.666848 6.52
1327.00 0.666848 6.52
1328.00 0.666848 6.52
1329.00 0.666848 6.52
1330.00 0.666848 6.52
1331.00 0.666848 6.52
1332.00 0.666848 6.52
1333.00 0.666848 6.52
1334.00 0.666848 6.52
1335.00 0.666848 6.52
1336.00 0.666848 6.52
1337.00 0.666848 6.52
1338.00 0.666848 6.52
1339.00 0.666848 6.52
1340.00 0.666848 6.52
1341.00 0.666848 6.52
1342.00 0.666848 6.52
1343.00 0.666848 6.52
1344.00 0.666848 6.52
1345.00 0.666848 6.52
1346.00 0.666848 6.52
1347.00 0.666848 6.52
1348.00 0.666848 6.52
1349.00 0.666848 6.52
1350.00 0.666848 6.52
1351.00 0.666848 6.52
1352.00 0.666848 6.52
1353.00 0.666848 6.52
1354.00 0.666848 6.52
1355.00 0.666848 6.52
1356.00 0.666848 6.52
1357.00 0.666848 6.52
1358.00 0.666848 6.52
1359.00 0.666848 6.52
1360.00 0.666848 6.52
1361.00 0.666848 6.52
1362.00 0.666848 6.52
1363.00 0.666848 6.52
1364.00 0.666848 6.52
1365.00 0.666848 6.52
1366.00 0.666848 6.52
1367.00 0.666848 6.52
1368.00 0.666848 6.52
1369.00 0.666848 6.52
1370.00 0.666848 6.52
1371.00 0.666848 6.52
1372.00 0.666848 6.52
1373.00 0.666848 6.52
1374.00 0.666848 6.52
1375.00 0.666848 6.52
1376.00 0.666848 6.52
1377.00 0.666848 6.52
1378.00 0.666848 6.52
1379.00 0.666848 6.52
1380.00 0.666848 6.52
1381.00 0.666848 6.52
1382.00 0.666848 6.52
1383.00 0.666848 6.52
1384.00 0.666848 6.52
1385.00 0.666848 6.52
1386.00 0.666848 6.52
1387.00 0.666848 6.52
1388.00 0.666848 6.52
1389.00 0.666848 6.52
1390.00 0.666848 6.52
1391.00 0.666848 6.52
1392.00 0.666848 6.52
1393.00 0.666848 6.52
1394.00 0.666848 6.52
1395.00 0.666848 6.52
1396.00 0.666848 6.52
1397.00 0.666848 6.52
1398.00 0.666848 6.52
1399.00 0.666848 6.52
1400.00 0.666848 6.52
1401.00 0.666848 6.52
1402.00 0.666848 6.52
1403.00 0.666848 6.52
1404.00 0.666848 6.52
1405.00 0.666848 6.52
1406.00 0.666848 6.52
1407.00 0.666848 6.52
1408.00 0.666848 6.52
1409.00 0.666848 6.52
1410.00 0.666848 6.52
1411.00 0.666848 6.52
1412.00 0.666848 6.52
1413.00 0.666848 6.52
1414.00 0.666848 6.52
1415.00 0.666848 6.52
1416.00 0.666848 6.52
1417.00 0.666848 6.52
1418.00 0.666848 6.52
1419.00 0.666848 6.52
1420.00 0.666848 6.52
1421.00 0.666848 6.52
1422.00 0.666848 6.52
1423.00 0.666848 6.52
1424.00 0.666848 6.52
1425.00 0.666848 6.52
1426.00 0.666848 6.52
1427.00 0.666848 6.52
1428.00 0.666848 6.52
1429.00 0.666848 6.52
1430.00 0.666848 6.52
1431.00 0.666848 6.52
1432.00 0.666848 6.52
1433.00 0.666847 6.52
1434.00 0.666847 6.52
1435.00 0.666847 6.52
1436.00 0.666847 6.52
1437.00 0.666847 6.52
1438.00 0.666847 6.52
1439.00 0.666847 6.52
1440.00 0.666847 6.52
1441.00 0.666847 6.52
1442.00 0.666847 6.52
1443.00 0.666847 6.52
1444.00 0.666847 6.52
1445.00 0.666847 6.52
1446.00 0.666847 6.52
1447.00 0.666847 6.52
1448.00 0.666847 6.52
1449.00 0.666847 6.52
1450.00 0.666847 6.52
1451.00 0.666847 6.52
1452.00 0.666847 6.52
1453.00 0.666847 6.52
1454.00 0.666847 6.52
1455.00 0.666847 6.52
1456.00 0.666847 6.52
1457.00 0.666847 6.52
1458.00 0.666847 6.52
1459.00 0.666847 6.52
1460.00 0.666847 6.52
1461.00 0.666847 6.52
1462.00 0.666847 6.52
1463.00 0.666847 6.52
1464.00 0.666847 6.52
1465.00 0.666847 6.52
1466.00 0.666847 6.52
1467.00 0.666847 6.52
1468.00 0.666847 6.52
1469.00 0.666847 6.52
1470.00 0.666847 6.52
1471.00 0.666847 6.52
1472.00 0.666847 6.52
1473.00 0.666847 6.52
1474.00 0.666847 6.52
1475.00 0.666847 6.52
1476.00 0.666847 6.52
1477.00 0.666847 6.52
1478.00 0.666847 6.52
1479.00 0.666847 6.52
1480.00 0.666847 6.52
1481.00 0.666847 6.52
1482.00 0.666847 6.52
1483.00 0.666847 6.52
1484.00 0.666847 6.52
1485.00 0.666847 6.52
1486.00 0.666847 6.52
1487.00 0.666847 6.52
1488.00 0.666847 6.52
1489.00 0.666847 6.52
1490.00 0.666847 6.52
1491.00 0.666847 6.52
1492.00 0.666847 6.52
1493.00 0.666847 6.52
1494.00 0.666847 6.52
1495.00 0.666847 6.52
1496.00 0.666847 6.52
1497.00 0.666847 6.52
1498.00 0.666847 6.52
1499.00 0.666847 6.52
1500.00 0.666847 6.52
1501.00 0.666847 6.52
1502.00 0.666847 6.52
1503.00 0.666847 6.52
1504.00 0.666847 6.52
1505.00 0.666847 6.52
1506.00 0.666847 6.52
1507.00 0.666847 6.52
1508.00 0.666847 6.52
1509.00 0.666847 6.52
1510.00 0.666847 6.52
1511.00 0.666847 6.52
1512.00 0.666847 6.52
1513.00 0.666847 6.52
1514.00 0.666847 6.52
1515.00 0.666847 6.52
1516.00 0.666847 6.52
1517.00 0.666847 6.52
1518.00 0.666847 6.52
1519.00 0.666847 6.52
1520.00 0.666847 6.52
1521.00 0.666847 6.52
1522.00 0.666847 6.52
1523.00 0.666847 6.52
1524.00 0.666847 6.52
1525.00 0.666847 6.52
1526.00 0.666847 6.52
1527.00 0.666847 6.52
1528.00 0.666847 6.52
1529.00 0.666847 6.52
1530.00 0.666847 6.52
1531.00 0.666847 6.52
1532.00 0.666847 6.52
1533.00 0.666847 6.52
1534.00 0.666847 6.52
1535.00 0.666847 6.52
1536.00 0.666847 6.52
1537.00 0.666847 6.52
1538.00 0.666847 6.52
1539.00 0.666847 6.52
1540.00 0.666847 6.52
1541.00 0.666847 6.52
1542.00 0.666847 6.52
1543.00 0.666847 6.52
1544.00 0.666847 6.52
1545.00 0.666847 6.52
1546.00 0.666847 6.52
1547.00 0.666847 6.52
1548.00 0.666847 6.52
1549.00 0.666847 6.52
1550.00 0.666847 6.52
1551.00 0.666847 6.52
1552.00 0.666847 6.52
1553.00 0.666847 6.52
1554.00 0.666847 6.52
1555.00 0.666847 6.52
1556.00 0.666847 6.52
1557.00 0.666847 6.52
1558.00 0.666847 6.52
1559.00 0.666847 6.52
1560.00 0.666847 6.52
1561.00 0.666847 6.52
1562.00 0.666847 6.52
1563.00 0.666847 6.52
1564.00 0.666847 6.52
1565.00 0.666847 6.52
1566.00 0.666847 6.52
1567.00 0.666847 6.52
1568.00 0.666847 6.52
1569.00 0.666847 6.52
1570.00 0.666847 6.52
1571.00 0.666847 6.52
1572.00 0.666847 6.52
1573.00 0.666847 6.52
1574.00 0.666847 6.52
1575.00 0.666847 6.52
1576.00 0.666847 6.52
1577.00 0.666847 6.52
1578.00 0.666847 6.52
1579.00 0.666847 6.52
1580.00 0.666847 6.52
1581.00 0.666847 6.52
1582.00 0.666847 6.52
1583.00 0.666847 6.52
1584.00 0.666847 6.52
1585.00 0.666847 6.52
1586.00 0.666847 6.52
1587.00 0.666847 6.52
1588.00 0.666847 6.52
1589.00 0.666847 6.52
1590.00 0.666847 6.52
1591.00 0.666847 6.52
1592.00 0.666847 6.52
1593.00 0.666847 6.52
1594.00 0.666847 6.52
1595.00 0.666847 6.52
1596.00 0.666847 6.52
1597.00 0.666847 6.52
1598.00 0.666847 6.52
1599.00 0.666847 6.52
1600.00 0.666847 6.52
1601.00 0.666847 6.52
1602.00 0.666847 6.52
1603.00 0.666847 6.52
1604.00 0.666847 6.52
1605.00 0.666847 6.52
1606.00 0.666847 6.52
1607.00 0.666847 6.52
1608.00 0.666847 6.52
1609.00 0.666847 6.52
1610.00 0.666847 6.52
1611.00 0.666847 6.52
1612.00 0.666847 6.52
1613.00 0.666847 6.52
1614.00 0.666847 6.52
1615.00 0.666847 6.52
1616.00 0.666847 6.52
1617.00 0.666847 6.52
1618.00 0.666847 6.52
1619.00 0.666847 6.52
1620.00 0.666847 6.52
1621.00 0.666847 6.52
1622.00 0.666847 6.52
1623.00 0.666847 6.52
1624.00 0.666847 6.52
1625.00 0.666847 6.52
1626.00 0.666847 6.52
1627.00 0.666847 6.52
1628.00 0.666847 6.52
1629.00 0.666847 6.52
1630.00 0.666847 6.52
1631.00 0.666847 6.52
1632.00 0.666847 6.52
1633.00 0.666847 6.52
1634.00 0.666847 6.52
1635.00 0.666847 6.52
1636.00 0.666847 6.52
1637.00 0.666847 6.52
1638.00 0.666847 6.52
1639.00 0.666847 6.52
1640.00 0.666847 6.52
1641.00 0.666847 6.52
1642.00 0.666847 6.52
1643.00 0.666847 6.52
1644.00 0.666847 6.52
1645.00 0.666847 6.52
1646.00 0.666847 6.52
1647.00 0.666847 6.52
1648.00 0.666847 6.52
1649.00 0.666847 6.52
1650.00 0.666847 6.52
1651.00 0.666847 6.52
1652.00 0.666847 6.52
1653.00 0.666847 6.52
1654.00 0.666847 6.52
1655.00 0.666847 6.52
1656.00 0.666847 6.52
1657.00 0.666847 6.52
1658.00 0.666847 6.52
1659.00 0.666847 6.52
1660.00 0.666847 6.52
1661.00 0.666847 6.52
1662.00 0.666847 6.52
1663.00 0.666847 6.52
1664.00 0.666847 6.52
1665.00 0.666847 6.52
1666.00 0.666847 6.52
1667.00 0.666847 6.52
1668.00 0.666847 6.52
1669.00 0.666847 6.52
1670.00 0.666847 6.52
1671.00 0.666847 6.52
1672.00 0.666847 6.52
1673.00 0.666847 6.52
1674.00 0.666847 6.52
1675.00 0.666847 6.52
1676.00 0.666847 6.52
1677.00 0.666847 6.52
1678.00 0.666847 6.52
1679.00 0.666847 6.52
1680.00 0.666847 6.52
1681.00 0.666847 6.52
1682.00 0.666847 6.52
1683.00 0.666847 6.52
1684.00 0.666847 6.52
1685.00 0.666847 6.52
1686.00 0.666847 6.52
1687.00 0.666847 6.52
1688.00 0.666847 6.52
1689.00 0.666847 6.52
1690.00 0.666847 6.52
1691.00 0.666847 6.52
1692.00 0.666847 6.52
1693.00 0.666847 6.52
1694.00 0.666847 6.52
1695.00 0.666847 6.52
1696.00 0.666847 6.52
1697.00 0.666847 6.52
1698.00 0.666847 6.52
1699.00 0.666847 6.52
1700.00 0.666847 6.52
1701.00 0.666847 6.52
1702.00 0.666847 6.52
1703.00 0.666847 6.52
1704.00 0.666847 6.52
1705.00 0.666847 6.52
1706.00 0.666847 6.52
1707.00 0.666847 6.52
1708.00 0.666847 6.52
1709.00 0.666847 6.52
1710.00 0.666847 6.52
1711.00 0.666847 6.52
1712.00 0.666847 6.52
1713.00 0.666847 6.52
1714.00 0.666847 6.52
1715.00 0.666847 6.52
1716.00 0.666847 6.52
1717.00 0.666847 6.52
1718.00 0.666847 6.52
1719.00 0.666847 6.52
1720.00 0.666847 6.52
1721.00 0.666847 6.52
1722.00 0.666847 6.52
1723.00 0.666847 6.52
1724.00 0.666847 6.52
1725.00 0.666847 6.52
1726.00 0.666847 6.52
1727.00 0.666847 6.52
1728.00 0.666847 6.52
1729.00 0.666847 6.52
1730.00 0.666847 6.52
1731.00 0.666847 6.52
1732.00 0.666847 6.52
1733.00 0.666847 6.52
1734.00 0.666847 6.52
1735.00 0.666847 6.52
1736.00 0.666847 6.52
1737.00 0.666847 6.52
1738.00 0.666847 6.52
1739.00 0.666847 6.52
1740.00 0.666847 6.52
1741.00 0.666847 6.52
1742.00 0.666847 6.52
1743.00 0.666847 6.52
1744.00 0.666847 6.52
1745.00 0.666847 6.52
1746.00 0.666847 6.52
1747.00 0.666847 6.52
1748.00 0.666847 6.52
1749.00 0.666847 6.52
1750.00 0.666847 6.52
1751.00 0.666847 6.52
1752.00 0.666847 6.52
1753.00 0.666847 6.52
1754.00 0.666847 6.52
1755.00 0.666847 6.52
1756.00 0.666847 6.52
1757.00 0.666847 6.52
1758.00 0.666847 6.52
1759.00 0.666847 6.52
1760.00 0.666847 6.52
1761.00 0.666847 6.52
1762.00 0.666847 6.52
1763.00 0.666847 6.52
1764.00 0.666847 6.52
1765.00 0.666847 6.52
1766.00 0.666847 6.52
1767.00 0.666847 6.52
1768.00 0.666847 6.52
1769.00 0.666847 6.52
1770.00 0.666847 6.52
1771.00 0.666847 6.52
1772.00 0.666847 6.52
1773.00 0.666847 6.52
1774.00 0.666847 6.52
1775.00 0.666847 6.52
1776.00 0.666847 6.52
1777.00 0.666847 6.52
1778.00 0.666847 6.52
1779.00 0.666847 6.52
1780.00 0.666847 6.52
1781.00 0.666847 6.52
1782.00 0.666847 6.52
1783.00 0.666847 6.52
1784.00 0.666847 6.52
1785.00 0.666847 6.52
1786.00 0.666847 6.52
1787.00 0.666847 6.52
1788.00 0.666847 6.52
1789.00 0.666847 6.52
1790.00 0.666847 6.52
1791.00 0.666847 6.52
1792.00 0.666847 6.52
1793.00 0.666847 6.52
1794.00 0.666847 6.52
1795.00 0.666847 6.52
1796.00 0.666847 6.52
1797.00 0.666847 6.52
1798.00 0.666847 6.52
1799.00 0.666847 6.52
1800.00 0.666847 6.52
1801.00 0.666847 6.52
1802.00 0.666847 6.52
1803.00 0.666847 6.52
1804.00 0.666847 6.52
1805.00 0.666847 6.52
1806.00 0.666847 6.52
1807.00 0.666847 6.52
1808.00 0.666847 6.52
1809.00 0.666847 6.52
1810.00 0.666847 6.52
1811.00 0.666847 6.52
1812.00 0.666847 6.52
1813.00 0.666847 6.52
1814.00 0.666847 6.52
1815.00 0.666847 6.52
1816.00 0.666847 6.52
1817.00 0.666847 6.52
1818.00 0.666847 6.52
1819.00 0.666847 6.52
1820.00 0.666847 6.52
1821.00 0.666847 6.52
1822.00 0.666847 6.52
1823.00 0.666847 6.52
1824.00 0.666847 6.52
1825.00 0.666847 6.52
1826.00 0.666847 6.52
1827.00 0.666847 6.52
1828.00 0.666847 6.52
1829.00 0.666847 6.52
1830.00 0.666847 6.52
1831.00 0.666847 6.52
1832.00 0.666847 6.52
1833.00 0.666847 6.52
1834.00 0.666847 6.52
1835.00 0.666847 6.52
1836.00 0.666847 6.52
1837.00 0.666847 6.52
1838.00 0.666847 6.52
1839.00 0.666847 6.52
1840.00 0.666847 6.52
1841.00 0.666847 6.52
1842.00 0.666847 6.52
1843.00 0.666847 6.52
1844.00 0.666847 6.52
1845.00 0.666847 6.52
1846.00 0.666847 6.52
1847.00 0.666847 6.52
1848.00 0.666847 6.52
1849.00 0.666847 6.52
1850.00 0.666847 6.52
1851.00 0.666847 6.52
1852.00 0.666847 6.52
1853.00 0.666847 6.52
1854.00 0.666847 6.52
1855.00 0.666847 6.52
1856.00 0.666847 6.52
1857.00 0.666847 6.52
1858.00 0.666847 6.52
1859.00 0.666847 6.52
1860.00 0.666847 6.52
1861.00 0.666847 6.52
1862.00 0.666847 6.52
1863.00 0.666847 6.52
1864.00 0.666847 6.52
1865.00 0.666847 6.52
1866.00 0.666847 6.52
1867.00 0.666847 6.52
1868.00 0.666847 6.52
1869.00 0.666847 6.52
1870.00 0.666847 6.52
1871.00 0.666847 6.52
1872.00 0.666847 6.52
1873.00 0.666847 6.52
1874.00 0.666847 6.52
1875.00 0.666847 6.52
1876.00 0.666847 6.52
1877.00 0.666847 6.52
1878.00 0.666847 6.52
1879.00 0.666847 6.52
1880.00 0.666847 6.52
1881.00 0.666847 6.52
1882.00 0.666847 6.52
1883.00 0.666847 6.52
1884.00 0.666847 6.52
1885.00 0.666847 6.52
1886.00 0.666847 6.52
1887.00 0.666847 6.52
1888.00 0.666847 6.52
1889.00 0.666847 6.52
1890.00 0.666847 6.52
1891.00 0.666847 6.52
1892.00 0.666847 6.52
1893.00 0.666847 6.52
1894.00 0.666847 6.52
1895.00 0.666847 6.52
1896.00 0.666847 6.52
1897.00 0.666847 6.52
1898.00 0.666847 6.52
1899.00 0.666847 6.52
1900.00 0.666847 6.52
1901.00 0.666847 6.52
1902.00 0.666847 6.52
1903.00 0.666847 6.52
1904.00 0.666847 6.52
1905.00 0.666847 6.52
1906.00 0.666847 6.52
1907.00 0.666847 6.52
1908.00 0.666847 6.52
1909.00 0.666847 6.52
1910.00 0.666847 6.52
1911.00 0.666847 6.52
1912.00 0.666847 6.52
1913.00 0.666847 6.52
1914.00 0.666847 6.52
1915.00 0.666847 6.52
1916.00 0.666847 6.52
1917.00 0.666847 6.52
1918.00 0.666847 6.52
1919.00 0.666847 6.52
1920.00 0.666847 6.52
1921.00 0.666847 6.52
1922.00 0.666847 6.52
1923.00 0.666847 6.52
1924.00 0.666847 6.52
1925.00 0.666847 6.52
1926.00 0.666847 6.52
1927.00 0.666847 6.52
1928.00 0.666847 6.52
1929.00 0.666847 6.52
1930.00 0.666847 6.52
1931.00 0.666847 6.52
1932.00 0.666847 6.52
1933.00 0.666847 6.52
1934.00 0.666847 6.52
1935.00 0.666847 6.52
1936.00 0.666847 6.52
1937.00 0.666847 6.52
1938.00 0.666847 6.52
1939.00 0.666847 6.52
1940.00 0.666847 6.52
1941.00 0.666847 6.52
1942.00 0.666847 6.52
1943.00 0.666847 6.52
1944.00 0.666847 6.52
1945.00 0.666847 6.52
1946.00 0.666847 6.52
1947.00 0.666847 6.52
1948.00 0.666847 6.52
1949.00 0.666847 6.52
1950.00 0.666847 6.52
1951.00 0.666847 6.52
1952.00 0.666847 6.52
1953.00 0.666847 6.52
1954.00 0.666847 6.52
1955.00 0.666847 6.52
1956.00 0.666847 6.52
1957.00 0.666847 6.52
1958.00 0.666847 6.52
1959.00 0.666847 6.52
1960.00 0.666847 6.52
1961.00 0.666847 6.52
1962.00 0.666847 6.52
1963.00 0.666847 6.52
1964.00 0.666847 6.52
1965.00 0.666847 6.52
1966.00 0.666847 6.52
1967.00 0.666847 6.52
1968.00 0.666847 6.52
1969.00 0.666847 6.52
1970.00 0.666847 6.52
1971.00 0.666847 6.52
1972.00 0.666847 6.52
1973.00 0.666847 6.52
1974.00 0.666847 6.52
1975.00 0.666847 6.52
1976.00 0.666847 6.52
1977.00 0.666847 6.52
1978.00 0.666847 6.52
1979.00 0.666847 6.52
1980.00 0.666847 6.52
1981.00 0.666847 6.52
1982.00 0.666847 6.52
1983.00 0.666847 6.52
1984.00 0.666847 6.52
1985.00 0.666847 6.52
1986.00 0.666847 6.52
1987.00 0.666847 6.52
1988.00 0.666847 6.52
1989.00 0.666847 6.52
1990.00 0.666847 6.52
1991.00 0.666847 6.52
1992.00 0.666847 6.52
1993.00 0.666847 6.52
1994.00 0.666847 6.52
1995.00 0.666847 6.52
1996.00 0.666847 6.52
1997.00 0.666847 6.52
1998.00 0.666847 6.52
1999.00 0.666847 6.52
2000.00 0.666847 6.52
