0.00 0.462797 4.22
1.00 0.461962 4.22
2.00 0.461127 4.22
3.00 0.460292 4.22
4.00 0.459458 4.22
5.00 0.458625 4.22
6.00 0.457791 4.22
7.00 0.456958 4.22
8.00 0.456126 4.22
9.00 0.455293 4.22
10.00 0.454464 4.21
11.00 0.453635 4.21
12.00 0.452805 4.21
13.00 0.451978 4.19
14.00 0.451170 4.18
15.00 0.450368 4.16
16.00 0.449573 4.16
17.00 0.448782 4.16
18.00 0.447992 4.16
19.00 0.447205 4.15
20.00 0.446431 4.15
21.00 0.445659 4.15
22.00 0.444891 4.15
23.00 0.444123 4.15
24.00 0.443358 4.15
25.00 0.442593 4.15
26.00 0.441828 4.15
27.00 0.441063 4.15
28.00 0.440299 4.14
29.00 0.439538 4.13
30.00 0.438782 4.13
31.00 0.438026 4.13
32.00 0.437269 4.13
33.00 0.436510 4.13
34.00 0.435750 4.13
35.00 0.434988 4.13
36.00 0.434224 4.13
37.00 0.433458 4.12
38.00 0.432692 4.12
39.00 0.431923 4.12
40.00 0.431153 4.12
41.00 0.430380 4.12
42.00 0.429614 4.11
43.00 0.428850 4.10
44.00 0.428086 4.10
45.00 0.427329 4.09
46.00 0.426570 4.09
47.00 0.425813 4.08
48.00 0.425063 4.07
49.00 0.424312 4.07
50.00 0.423566 4.06
51.00 0.422832 4.06
52.00 0.422098 4.06
53.00 0.421363 4.06
54.00 0.420626 4.06
55.00 0.419889 4.06
56.00 0.419151 4.05
57.00 0.418432 4.04
58.00 0.417714 4.04
59.00 0.416996 4.04
60.00 0.416277 4.04
61.00 0.415556 4.04
62.00 0.414833 4.04
63.00 0.414108 4.04
64.00 0.413380 4.04
65.00 0.412649 4.04
66.00 0.411914 4.04
67.00 0.411176 4.04
68.00 0.410435 4.04
69.00 0.409690 4.04
70.00 0.408947 4.03
71.00 0.408218 4.03
72.00 0.407487 4.03
73.00 0.406754 4.03
74.00 0.406018 4.03
75.00 0.405279 4.03
76.00 0.404536 4.03
77.00 0.403807 4.02
78.00 0.403084 4.02
79.00 0.402359 4.02
80.00 0.401636 4.01
81.00 0.400934 4.00
82.00 0.400235 4.00
83.00 0.399535 4.00
84.00 0.398834 4.00
85.00 0.398130 4.00
86.00 0.397431 3.99
87.00 0.396747 3.99
88.00 0.396063 3.98
89.00 0.395381 3.98
90.00 0.394697 3.98
91.00 0.394011 3.98
92.00 0.393322 3.98
93.00 0.392632 3.98
94.00 0.391938 3.98
95.00 0.391264 3.95
96.00 0.390607 3.95
97.00 0.389954 3.94
98.00 0.389326 3.93
99.00 0.388702 3.93
100.00 0.388079 3.93
101.00 0.387457 3.93
102.00 0.386859 3.92
103.00 0.386265 3.92
104.00 0.385673 3.92
105.00 0.385091 3.91
106.00 0.384520 3.91
107.00 0.383953 3.90
108.00 0.383388 3.90
109.00 0.382824 3.90
110.00 0.382258 3.90
111.00 0.381693 3.89
112.00 0.381152 3.89
113.00 0.380613 3.89
114.00 0.380075 3.89
115.00 0.379536 3.89
116.00 0.378997 3.89
117.00 0.378458 3.89
118.00 0.377922 3.87
119.00 0.377386 3.87
120.00 0.376867 3.86
121.00 0.376357 3.86
122.00 0.375872 3.85
123.00 0.375390 3.85
124.00 0.374909 3.85
125.00 0.374428 3.85
126.00 0.373947 3.85
127.00 0.373466 3.85
128.00 0.372983 3.85
129.00 0.372500 3.85
130.00 0.372015 3.85
131.00 0.371528 3.85
132.00 0.371040 3.85
133.00 0.370565 3.84
134.00 0.370099 3.84
135.00 0.369633 3.84
136.00 0.369166 3.84
137.00 0.368699 3.84
138.00 0.368231 3.83
139.00 0.367793 3.83
140.00 0.367356 3.83
141.00 0.366932 3.82
142.00 0.366521 3.82
143.00 0.366112 3.82
144.00 0.365704 3.82
145.00 0.365295 3.82
146.00 0.364886 3.82
147.00 0.364475 3.82
148.00 0.364070 3.81
149.00 0.363681 3.81
150.00 0.363292 3.81
151.00 0.362904 3.81
152.00 0.362516 3.81
153.00 0.362127 3.81
154.00 0.361739 3.81
155.00 0.361349 3.81
156.00 0.360968 3.80
157.00 0.360604 3.80
158.00 0.360241 3.80
159.00 0.359880 3.80
160.00 0.359519 3.80
161.00 0.359178 3.79
162.00 0.358849 3.79
163.00 0.358521 3.79
164.00 0.358195 3.79
165.00 0.357868 3.79
166.00 0.357576 3.78
167.00 0.357286 3.78
168.00 0.357018 3.77
169.00 0.356756 3.77
170.00 0.356496 3.77
171.00 0.356238 3.77
172.00 0.355980 3.77
173.00 0.355723 3.77
174.00 0.355467 3.77
175.00 0.355210 3.77
176.00 0.354954 3.76
177.00 0.354706 3.75
178.00 0.354459 3.75
179.00 0.354212 3.75
180.00 0.353965 3.75
181.00 0.353717 3.75
182.00 0.353470 3.75
183.00 0.353221 3.75
184.00 0.352993 3.74
185.00 0.352766 3.74
186.00 0.352542 3.74
187.00 0.352327 3.73
188.00 0.352134 3.73
189.00 0.351944 3.73
190.00 0.351757 3.73
191.00 0.351572 3.73
192.00 0.351388 3.73
193.00 0.351221 3.72
194.00 0.351074 3.72
195.00 0.350929 3.72
196.00 0.350787 3.72
197.00 0.350646 3.72
198.00 0.350506 3.72
199.00 0.350366 3.72
200.00 0.350227 3.72
201.00 0.350088 3.72
202.00 0.349950 3.72
203.00 0.349811 3.72
204.00 0.349672 3.72
205.00 0.349533 3.72
206.00 0.349394 3.72
207.00 0.349254 3.72
208.00 0.349114 3.72
209.00 0.348973 3.72
210.00 0.348832 3.72
211.00 0.348714 3.71
212.00 0.348599 3.71
213.00 0.348486 3.71
214.00 0.348374 3.71
215.00 0.348263 3.71
216.00 0.348153 3.71
217.00 0.348044 3.71
218.00 0.347935 3.71
219.00 0.347827 3.71
220.00 0.347719 3.71
221.00 0.347611 3.71
222.00 0.347504 3.71
223.00 0.347397 3.71
224.00 0.347289 3.71
225.00 0.347183 3.71
226.00 0.347076 3.71
227.00 0.346982 3.70
228.00 0.346904 3.70
229.00 0.346828 3.70
230.00 0.346754 3.70
231.00 0.346681 3.70
232.00 0.346609 3.70
233.00 0.346538 3.70
234.00 0.346467 3.70
235.00 0.346397 3.70
236.00 0.346327 3.70
237.00 0.346268 3.69
238.00 0.346216 3.69
239.00 0.346166 3.69
240.00 0.346117 3.69
241.00 0.346070 3.69
242.00 0.346025 3.68
243.00 0.345985 3.68
244.00 0.345946 3.68
245.00 0.345908 3.68
246.00 0.345872 3.68
247.00 0.345836 3.68
248.00 0.345801 3.68
249.00 0.345768 3.68
250.00 0.345735 3.68
251.00 0.345702 3.68
252.00 0.345670 3.68
253.00 0.345639 3.68
254.00 0.345608 3.68
255.00 0.345578 3.68
256.00 0.345548 3.68
257.00 0.345519 3.68
258.00 0.345490 3.68
259.00 0.345461 3.68
260.00 0.345433 3.68
261.00 0.345405 3.68
262.00 0.345378 3.68
263.00 0.345351 3.68
264.00 0.345324 3.68
265.00 0.345297 3.68
266.00 0.345271 3.68
267.00 0.345245 3.68
268.00 0.345220 3.68
269.00 0.345194 3.68
270.00 0.345170 3.68
271.00 0.345145 3.68
272.00 0.345120 3.68
273.00 0.345096 3.68
274.00 0.345072 3.68
275.00 0.345049 3.68
276.00 0.345025 3.68
277.00 0.345002 3.68
278.00 0.344979 3.68
279.00 0.344956 3.68
280.00 0.344934 3.67
281.00 0.344913 3.67
282.00 0.344892 3.67
283.00 0.344871 3.67
284.00 0.344850 3.67
285.00 0.344830 3.67
286.00 0.344810 3.67
287.00 0.344798 3.66
288.00 0.344788 3.66
289.00 0.344779 3.66
290.00 0.344771 3.66
291.00 0.344763 3.66
292.00 0.344756 3.66
293.00 0.344749 3.66
294.00 0.344743 3.66
295.00 0.344737 3.66
296.00 0.344732 3.66
297.00 0.344727 3.66
298.00 0.344722 3.66
299.00 0.344717 3.66
300.00 0.344713 3.66
301.00 0.344709 3.66
302.00 0.344705 3.66
303.00 0.344702 3.66
304.00 0.344698 3.66
305.00 0.344695 3.66
306.00 0.344692 3.66
307.00 0.344689 3.66
308.00 0.344686 3.66
309.00 0.344683 3.66
310.00 0.344681 3.66
311.00 0.344678 3.66
312.00 0.344676 3.66
313.00 0.344674 3.66
314.00 0.344672 3.66
315.00 0.344670 3.66
316.00 0.344668 3.66
317.00 0.344666 3.66
318.00 0.344664 3.66
319.00 0.344662 3.66
320.00 0.344661 3.66
321.00 0.344659 3.66
322.00 0.344657 3.66
323.00 0.344656 3.66
324.00 0.344654 3.66
325.00 0.344653 3.66
326.00 0.344652 3.66
327.00 0.344650 3.66
328.00 0.344649 3.66
329.00 0.344648 3.66
330.00 0.344647 3.66
331.00 0.344645 3.66
332.00 0.344644 3.66
333.00 0.344643 3.66
334.00 0.344642 3.66
335.00 0.344641 3.66
336.00 0.344640 3.66
337.00 0.344639 3.66
338.00 0.344638 3.66
339.00 0.344637 3.66
340.00 0.344636 3.66
341.00 0.344635 3.66
342.00 0.344634 3.66
343.00 0.344633 3.66
344.00 0.344632 3.66
345.00 0.344631 3.66
346.00 0.344630 3.66
347.00 0.344630 3.66
348.00 0.344629 3.66
349.00 0.344628 3.66
350.00 0.344627 3.66
351.00 0.344626 3.66
352.00 0.344626 3.66
353.00 0.344625 3.66
354.00 0.344624 3.66
355.00 0.344623 3.66
356.00 0.344623 3.66
357.00 0.344622 3.66
358.00 0.344621 3.66
359.00 0.344620 3.66
360.00 0.344620 3.66
361.00 0.344619 3.66
362.00 0.344618 3.66
363.00 0.344618 3.66
364.00 0.344617 3.66
365.00 0.344616 3.66
366.00 0.344616 3.66
367.00 0.344615 3.66
368.00 0.344614 3.66
369.00 0.344614 3.66
370.00 0.344613 3.66
371.00 0.344613 3.66
372.00 0.344612 3.66
373.00 0.344611 3.66
374.00 0.344611 3.66
375.00 0.344610 3.66
376.00 0.344610 3.66
377.00 0.344609 3.66
378.00 0.344608 3.66
379.00 0.344608 3.66
380.00 0.344607 3.66
381.00 0.344607 3.66
382.00 0.344606 3.66
383.00 0.344606 3.66
384.00 0.344605 3.66
385.00 0.344605 3.66
386.00 0.344604 3.66
387.00 0.344603 3.66
388.00 0.344603 3.66
389.00 0.344602 3.66
390.00 0.344602 3.66
391.00 0.344601 3.66
392.00 0.344601 3.66
393.00 0.344600 3.66
394.00 0.344600 3.66
395.00 0.344599 3.66
396.00 0.344599 3.66
397.00 0.344598 3.66
398.00 0.344598 3.66
399.00 0.344597 3.66
400.00 0.344597 3.66
401.00 0.344596 3.66
402.00 0.344596 3.66
403.00 0.344595 3.66
404.00 0.344595 3.66
405.00 0.344595 3.66
406.00 0.344594 3.66
407.00 0.344594 3.66
408.00 0.344593 3.66
409.00 0.344593 3.66
410.00 0.344592 3.66
411.00 0.344592 3.66
412.00 0.344591 3.66
413.00 0.344591 3.66
414.00 0.344590 3.66
415.00 0.344590 3.66
416.00 0.344590 3.66
417.00 0.344589 3.66
418.00 0.344589 3.66
419.00 0.344588 3.66
420.00 0.344588 3.66
421.00 0.344588 3.66
422.00 0.344587 3.66
423.00 0.344587 3.66
424.00 0.344586 3.66
425.00 0.344586 3.66
426.00 0.344585 3.66
427.00 0.344585 3.66
428.00 0.344585 3.66
429.00 0.344584 3.66
430.00 0.344584 3.66
431.00 0.344583 3.66
432.00 0.344583 3.66
433.00 0.344583 3.66
434.00 0.344582 3.66
435.00 0.344582 3.66
436.00 0.344582 3.66
437.00 0.344581 3.66
438.00 0.344581 3.66
439.00 0.344580 3.66
440.00 0.344580 3.66
441.00 0.344580 3.66
442.00 0.344579 3.66
443.00 0.344579 3.66
444.00 0.344579 3.66
445.00 0.344578 3.66
446.00 0.344578 3.66
447.00 0.344578 3.66
448.00 0.344577 3.66
449.00 0.344577 3.66
450.00 0.344577 3.66
451.00 0.344576 3.66
452.00 0.344576 3.66
453.00 0.344575 3.66
454.00 0.344575 3.66
455.00 0.344575 3.66
456.00 0.344574 3.66
457.00 0.344574 3.66
458.00 0.344574 3.66
459.00 0.344573 3.66
460.00 0.344573 3.66
461.00 0.344573 3.66
462.00 0.344572 3.66
463.00 0.344572 3.66
464.00 0.344572 3.66
465.00 0.344572 3.66
466.00 0.344571 3.66
467.00 0.344571 3.66
468.00 0.344571 3.66
469.00 0.344570 3.66
470.00 0.344570 3.66
471.00 0.344570 3.66
472.00 0.344569 3.66
473.00 0.344569 3.66
474.00 0.344569 3.66
475.00 0.344568 3.66
476.00 0.344568 3.66
477.00 0.344568 3.66
478.00 0.344568 3.66
479.00 0.344567 3.66
480.00 0.344567 3.66
481.00 0.344567 3.66
482.00 0.344566 3.66
483.00 0.344566 3.66
484.00 0.344566 3.66
485.00 0.344565 3.66
486.00 0.344565 3.66
487.00 0.344565 3.66
488.00 0.344565 3.66
489.00 0.344564 3.66
490.00 0.344564 3.66
491.00 0.344564 3.66
492.00 0.344564 3.66
493.00 0.344563 3.66
494.00 0.344563 3.66
495.00 0.344563 3.66
496.00 0.344562 3.66
497.00 0.344562 3.66
498.00 0.344562 3.66
499.00 0.344562 3.66
500.00 0.344561 3.66
501.00 0.344561 3.66
502.00 0.344561 3.66
503.00 0.344561 3.66
504.00 0.344560 3.66
505.00 0.344560 3.66
506.00 0.344560 3.66
507.00 0.344560 3.66
508.00 0.344559 3.66
509.00 0.344559 3.66
510.00 0.344559 3.66
511.00 0.344559 3.66
512.00 0.344558 3.66
513.00 0.344558 3.66
514.00 0.344558 3.66
515.00 0.344558 3.66
516.00 0.344557 3.66
517.00 0.344557 3.66
518.00 0.344557 3.66
519.00 0.344557 3.66
520.00 0.344556 3.66
521.00 0.344556 3.66
522.00 0.344556 3.66
523.00 0.344556 3.66
524.00 0.344555 3.66
525.00 0.344555 3.66
526.00 0.344555 3.66
527.00 0.344555 3.66
528.00 0.344554 3.66
529.00 0.344554 3.66
530.00 0.344554 3.66
531.00 0.344554 3.66
532.00 0.344554 3.66
533.00 0.344553 3.66
534.00 0.344553 3.66
535.00 0.344553 3.66
536.00 0.344553 3.66
537.00 0.344552 3.66
538.00 0.344552 3.66
539.00 0.344552 3.66
540.00 0.344552 3.66
541.00 0.344552 3.66
542.00 0.344551 3.66
543.00 0.344551 3.66
544.00 0.344551 3.66
545.00 0.344551 3.66
546.00 0.344551 3.66
547.00 0.344550 3.66
548.00 0.344550 3.66
549.00 0.344550 3.66
550.00 0.344550 3.66
551.00 0.344550 3.66
552.00 0.344549 3.66
553.00 0.344549 3.66
554.00 0.344549 3.66
555.00 0.344549 3.66
556.00 0.344549 3.66
557.00 0.344548 3.66
558.00 0.344548 3.66
559.00 0.344548 3.66
560.00 0.344548 3.66
561.00 0.344548 3.66
562.00 0.344547 3.66
563.00 0.344547 3.66
564.00 0.344547 3.66
565.00 0.344547 3.66
566.00 0.344547 3.66
567.00 0.344546 3.66
568.00 0.344546 3.66
569.00 0.344546 3.66
570.00 0.344546 3.66
571.00 0.344546 3.66
572.00 0.344545 3.66
573.00 0.344545 3.66
574.00 0.344545 3.66
575.00 0.344545 3.66
576.00 0.344545 3.66
577.00 0.344545 3.66
578.00 0.344544 3.66
579.00 0.344544 3.66
580.00 0.344544 3.66
581.00 0.344544 3.66
582.00 0.344544 3.66
583.00 0.344543 3.66
584.00 0.344543 3.66
585.00 0.344543 3.66
586.00 0.344543 3.66
587.00 0.344543 3.66
588.00 0.344543 3.66
589.00 0.344542 3.66
590.00 0.344542 3.66
591.00 0.344542 3.66
592.00 0.344542 3.66
593.00 0.344542 3.66
594.00 0.344542 3.66
595.00 0.344541 3.66
596.00 0.344541 3.66
597.00 0.344541 3.66
598.00 0.344541 3.66
599.00 0.344541 3.66
600.00 0.344541 3.66
601.00 0.344540 3.66
602.00 0.344540 3.66
603.00 0.344540 3.66
604.00 0.344540 3.66
605.00 0.344540 3.66
606.00 0.344540 3.66
607.00 0.344539 3.66
608.00 0.344539 3.66
609.00 0.344539 3.66
610.00 0.344539 3.66
611.00 0.344539 3.66
612.00 0.344539 3.66
613.00 0.344539 3.66
614.00 0.344538 3.66
615.00 0.344538 3.66
616.00 0.344538 3.66
617.00 0.344538 3.66
618.00 0.344538 3.66
619.00 0.344538 3.66
620.00 0.344537 3.66
621.00 0.344537 3.66
622.00 0.344537 3.66
623.00 0.344537 3.66
624.00 0.344537 3.66
625.00 0.344537 3.66
626.00 0.344537 3.66
627.00 0.344536 3.66
628.00 0.344536 3.66
629.00 0.344536 3.66
630.00 0.344536 3.66
631.00 0.344536 3.66
632.00 0.344536 3.66
633.00 0.344536 3.66
634.00 0.344535 3.66
635.00 0.344535 3.66
636.00 0.344535 3.66
637.00 0.344535 3.66
638.00 0.344535 3.66
639.00 0.344535 3.66
640.00 0.344535 3.66
641.00 0.344535 3.66
642.00 0.344534 3.66
643.00 0.344534 3.66
644.00 0.344534 3.66
645.00 0.344534 3.66
646.00 0.344534 3.66
647.00 0.344534 3.66
648.00 0.344534 3.66
649.00 0.344533 3.66
650.00 0.344533 3.66
651.00 0.344533 3.66
652.00 0.344533 3.66
653.00 0.344533 3.66
654.00 0.344533 3.66
655.00 0.344533 3.66
656.00 0.344533 3.66
657.00 0.344532 3.66
658.00 0.344532 3.66
659.00 0.344532 3.66
660.00 0.344532 3.66
661.00 0.344532 3.66
662.00 0.344532 3.66
663.00 0.344532 3.66
664.00 0.344532 3.66
665.00 0.344531 3.66
666.00 0.344531 3.66
667.00 0.344531 3.66
668.00 0.344531 3.66
669.00 0.344531 3.66
670.00 0.344531 3.66
671.00 0.344531 3.66
672.00 0.344531 3.66
673.00 0.344531 3.66
674.00 0.344530 3.66
675.00 0.344530 3.66
676.00 0.344530 3.66
677.00 0.344530 3.66
678.00 0.344530 3.66
679.00 0.344530 3.66
680.00 0.344530 3.66
681.00 0.344530 3.66
682.00 0.344529 3.66
683.00 0.344529 3.66
684.00 0.344529 3.66
685.00 0.344529 3.66
686.00 0.344529 3.66
687.00 0.344529 3.66
688.00 0.344529 3.66
689.00 0.344529 3.66
690.00 0.344529 3.66
691.00 0.344528 3.66
692.00 0.344528 3.66
693.00 0.344528 3.66
694.00 0.344528 3.66
695.00 0.344528 3.66
696.00 0.344528 3.66
697.00 0.344528 3.66
698.00 0.344528 3.66
699.00 0.344528 3.66
700.00 0.344528 3.66
701.00 0.344527 3.66
702.00 0.344527 3.66
703.00 0.344527 3.66
704.00 0.344527 3.66
705.00 0.344527 3.66
706.00 0.344527 3.66
707.00 0.344527 3.66
708.00 0.344527 3.66
709.00 0.344527 3.66
710.00 0.344527 3.66
711.00 0.344526 3.66
712.00 0.344526 3.66
713.00 0.344526 3.66
714.00 0.344526 3.66
715.00 0.344526 3.66
716.00 0.344526 3.66
717.00 0.344526 3.66
718.00 0.344526 3.66
719.00 0.344526 3.66
720.00 0.344526 3.66
721.00 0.344525 3.66
722.00 0.344525 3.66
723.00 0.344525 3.66
724.00 0.344525 3.66
725.00 0.344525 3.66
726.00 0.344525 3.66
727.00 0.344525 3.66
728.00 0.344525 3.66
729.00 0.344525 3.66
730.00 0.344525 3.66
731.00 0.344525 3.66
732.00 0.344524 3.66
733.00 0.344524 3.66
734.00 0.344524 3.66
735.00 0.344524 3.66
736.00 0.344524 3.66
737.00 0.344524 3.66
738.00 0.344524 3.66
739.00 0.344524 3.66
740.00 0.344524 3.66
741.00 0.344524 3.66
742.00 0.344524 3.66
743.00 0.344524 3.66
744.00 0.344523 3.66
745.00 0.344523 3.66
746.00 0.344523 3.66
747.00 0.344523 3.66
748.00 0.344523 3.66
749.00 0.344523 3.66
750.00 0.344523 3.66
751.00 0.344523 3.66
752.00 0.344523 3.66
753.00 0.344523 3.66
754.00 0.344523 3.66
755.00 0.344523 3.66
756.00 0.344522 3.66
757.00 0.344522 3.66
758.00 0.344522 3.66
759.00 0.344522 3.66
760.00 0.344522 3.66
761.00 0.344522 3.66
762.00 0.344522 3.66
763.00 0.344522 3.66
764.00 0.344522 3.66
765.00 0.344522 3.66
766.00 0.344522 3.66
767.00 0.344522 3.66
768.00 0.344521 3.66
769.00 0.344521 3.66
770.00 0.344521 3.66
771.00 0.344521 3.66
772.00 0.344521 3.66
773.00 0.344521 3.66
774.00 0.344521 3.66
775.00 0.344521 3.66
776.00 0.344521 3.66
777.00 0.344521 3.66
778.00 0.344521 3.66
779.00 0.344521 3.66
780.00 0.344521 3.66
781.00 0.344521 3.66
782.00 0.344520 3.66
783.00 0.344520 3.66
784.00 0.344520 3.66
785.00 0.344520 3.66
786.00 0.344520 3.66
787.00 0.344520 3.66
788.00 0.344520 3.66
789.00 0.344520 3.66
790.00 0.344520 3.66
791.00 0.344520 3.66
792.00 0.344520 3.66
793.00 0.344520 3.66
794.00 0.344520 3.66
795.00 0.344520 3.66
796.00 0.344519 3.66
797.00 0.344519 3.66
798.00 0.344519 3.66
799.00 0.344519 3.66
800.00 0.344519 3.66
801.00 0.344519 3.66
802.00 0.344519 3.66
803.00 0.344519 3.66
804.00 0.344519 3.66
805.00 0.344519 3.66
806.00 0.344519 3.66
807.00 0.344519 3.66
808.00 0.344519 3.66
809.00 0.344519 3.66
810.00 0.344519 3.66
811.00 0.344519 3.66
812.00 0.344518 3.66
813.00 0.344518 3.66
814.00 0.344518 3.66
815.00 0.344518 3.66
816.00 0.344518 3.66
817.00 0.344518 3.66
818.00 0.344518 3.66
819.00 0.344518 3.66
820.00 0.344518 3.66
821.00 0.344518 3.66
822.00 0.344518 3.66
823.00 0.344518 3.66
824.00 0.344518 3.66
825.00 0.344518 3.66
826.00 0.344518 3.66
827.00 0.344518 3.66
828.00 0.344517 3.66
829.00 0.344517 3.66
830.00 0.344517 3.66
831.00 0.344517 3.66
832.00 0.344517 3.66
833.00 0.344517 3.66
834.00 0.344517 3.66
835.00 0.344517 3.66
836.00 0.344517 3.66
837.00 0.344517 3.66
838.00 0.344517 3.66
839.00 0.344517 3.66
840.00 0.344517 3.66
841.00 0.344517 3.66
842.00 0.344517 3.66
843.00 0.344517 3.66
844.00 0.344517 3.66
845.00 0.344517 3.66
846.00 0.344516 3.66
847.00 0.344516 3.66
848.00 0.344516 3.66
849.00 0.344516 3.66
850.00 0.344516 3.66
851.00 0.344516 3.66
852.00 0.344516 3.66
853.00 0.344516 3.66
854.00 0.344516 3.66
855.00 0.344516 3.66
856.00 0.344516 3.66
857.00 0.344516 3.66
858.00 0.344516 3.66
859.00 0.344516 3.66
860.00 0.344516 3.66
861.00 0.344516 3.66
862.00 0.344516 3.66
863.00 0.344516 3.66
864.00 0.344516 3.66
865.00 0.344515 3.66
866.00 0.344515 3.66
867.00 0.344515 3.66
868.00 0.344515 3.66
869.00 0.344515 3.66
870.00 0.344515 3.66
871.00 0.344515 3.66
872.00 0.344515 3.66
873.00 0.344515 3.66
874.00 0.344515 3.66
875.00 0.344515 3.66
876.00 0.344515 3.66
877.00 0.344515 3.66
878.00 0.344515 3.66
879.00 0.344515 3.66
880.00 0.344515 3.66
881.00 0.344515 3.66
882.00 0.344515 3.66
883.00 0.344515 3.66
884.00 0.344515 3.66
885.00 0.344515 3.66
886.00 0.344514 3.66
887.00 0.344514 3.66
888.00 0.344514 3.66
889.00 0.344514 3.66
890.00 0.344514 3.66
891.00 0.344514 3.66
892.00 0.344514 3.66
893.00 0.344514 3.66
894.00 0.344514 3.66
895.00 0.344514 3.66
896.00 0.344514 3.66
897.00 0.344514 3.66
898.00 0.344514 3.66
899.00 0.344514 3.66
900.00 0.344514 3.66
901.00 0.344514 3.66
902.00 0.344514 3.66
903.00 0.344514 3.66
904.00 0.344514 3.66
905.00 0.344514 3.66
906.00 0.344514 3.66
907.00 0.344514 3.66
908.00 0.344514 3.66
909.00 0.344514 3.66
910.00 0.344513 3.66
911.00 0.344513 3.66
912.00 0.344513 3.66
913.00 0.344513 3.66
914.00 0.344513 3.66
915.00 0.344513 3.66
916.00 0.344513 3.66
917.00 0.344513 3.66
918.00 0.344513 3.66
919.00 0.344513 3.66
920.00 0.344513 3.66
921.00 0.344513 3.66
922.00 0.344513 3.66
923.00 0.344513 3.66
924.00 0.344513 3.66
925.00 0.344513 3.66
926.00 0.344513 3.66
927.00 0.344513 3.66
928.00 0.344513 3.66
929.00 0.344513 3.66
930.00 0.344513 3.66
931.00 0.344513 3.66
932.00 0.344513 3.66
933.00 0.344513 3.66
934.00 0.344513 3.66
935.00 0.344513 3.66
936.00 0.344512 3.66
937.00 0.344512 3.66
938.00 0.344512 3.66
939.00 0.344512 3.66
940.00 0.344512 3.66
941.00 0.344512 3.66
942.00 0.344512 3.66
943.00 0.344512 3.66
944.00 0.344512 3.66
945.00 0.344512 3.66
946.00 0.344512 3.66
947.00 0.344512 3.66
948.00 0.344512 3.66
949.00 0.344512 3.66
950.00 0.344512 3.66
951.00 0.344512 3.66
952.00 0.344512 3.66
953.00 0.344512 3.66
954.00 0.344512 3.66
955.00 0.344512 3.66
956.00 0.344512 3.66
957.00 0.344512 3.66
958.00 0.344512 3.66
959.00 0.344512 3.66
960.00 0.344512 3.66
961.00 0.344512 3.66
962.00 0.344512 3.66
963.00 0.344512 3.66
964.00 0.344512 3.66
965.00 0.344511 3.66
966.00 0.344511 3.66
967.00 0.344511 3.66
968.00 0.344511 3.66
969.00 0.344511 3.66
970.00 0.344511 3.66
971.00 0.344511 3.66
972.00 0.344511 3.66
973.00 0.344511 3.66
974.00 0.344511 3.66
975.00 0.344511 3.66
976.00 0.344511 3.66
977.00 0.344511 3.66
978.00 0.344511 3.66
979.00 0.344511 3.66
980.00 0.344511 3.66
981.00 0.344511 3.66
982.00 0.344511 3.66
983.00 0.344511 3.66
984.00 0.344511 3.66
985.00 0.344511 3.66
986.00 0.344511 3.66
987.00 0.344511 3.66
988.00 0.344511 3.66
989.00 0.344511 3.66
990.00 0.344511 3.66
991.00 0.344511 3.66
992.00 0.344511 3.66
993.00 0.344511 3.66
994.00 0.344511 3.66
995.00 0.344511 3.66
996.00 0.344511 3.66
997.00 0.344511 3.66
998.00 0.344511 3.66
999.00 0.344510 3.66
1000.00 0.344510 3.66
1001.00 0.344510 3.66
1002.00 0.344510 3.66
1003.00 0.344510 3.66
1004.00 0.344510 3.66
1005.00 0.344510 3.66
1006.00 0.344510 3.66
1007.00 0.344510 3.66
1008.00 0.344510 3.66
1009.00 0.344510 3.66
1010.00 0.344510 3.66
1011.00 0.344510 3.66
1012.00 0.344510 3.66
1013.00 0.344510 3.66
1014.00 0.344510 3.66
1015.00 0.344510 3.66
1016.00 0.344510 3.66
1017.00 0.344510 3.66
1018.00 0.344510 3.66
1019.00 0.344510 3.66
1020.00 0.344510 3.66
1021.00 0.344510 3.66
1022.00 0.344510 3.66
1023.00 0.344510 3.66
1024.00 0.344510 3.66
1025.00 0.344510 3.66
1026.00 0.344510 3.66
1027.00 0.344510 3.66
1028.00 0.344510 3.66
1029.00 0.344510 3.66
1030.00 0.344510 3.66
1031.00 0.344510 3.66
1032.00 0.344510 3.66
1033.00 0.344510 3.66
1034.00 0.344510 3.66
1035.00 0.344510 3.66
1036.00 0.344510 3.66
1037.00 0.344510 3.66
1038.00 0.344509 3.66
1039.00 0.344509 3.66
1040.00 0.344509 3.66
1041.00 0.344509 3.66
1042.00 0.344509 3.66
1043.00 0.344509 3.66
1044.00 0.344509 3.66
1045.00 0.344509 3.66
1046.00 0.344509 3.66
1047.00 0.344509 3.66
1048.00 0.344509 3.66
1049.00 0.344509 3.66
1050.00 0.344509 3.66
1051.00 0.344509 3.66
1052.00 0.344509 3.66
1053.00 0.344509 3.66
1054.00 0.344509 3.66
1055.00 0.344509 3.66
1056.00 0.344509 3.66
1057.00 0.344509 3.66
1058.00 0.344509 3.66
1059.00 0.344509 3.66
1060.00 0.344509 3.66
1061.00 0.344509 3.66
1062.00 0.344509 3.66
1063.00 0.344509 3.66
1064.00 0.344509 3.66
1065.00 0.344509 3.66
1066.00 0.344509 3.66
1067.00 0.344509 3.66
1068.00 0.344509 3.66
1069.00 0.344509 3.66
1070.00 0.344509 3.66
1071.00 0.344509 3.66
1072.00 0.344509 3.66
1073.00 0.344509 3.66
1074.00 0.344509 3.66
1075.00 0.344509 3.66
1076.00 0.344509 3.66
1077.00 0.344509 3.66
1078.00 0.344509 3.66
1079.00 0.344509 3.66
1080.00 0.344509 3.66
1081.00 0.344509 3.66
1082.00 0.344509 3.66
1083.00 0.344509 3.66
1084.00 0.344509 3.66
1085.00 0.344509 3.66
1086.00 0.344509 3.66
1087.00 0.344508 3.66
1088.00 0.344508 3.66
1089.00 0.344508 3.66
1090.00 0.344508 3.66
1091.00 0.344508 3.66
1092.00 0.344508 3.66
1093.00 0.344508 3.66
1094.00 0.344508 3.66
1095.00 0.344508 3.66
1096.00 0.344508 3.66
1097.00 0.344508 3.66
1098.00 0.344508 3.66
1099.00 0.344508 3.66
1100.00 0.344508 3.66
1101.00 0.344508 3.66
1102.00 0.344508 3.66
1103.00 0.344508 3.66
1104.00 0.344508 3.66
1105.00 0.344508 3.66
1106.00 0.344508 3.66
1107.00 0.344508 3.66
1108.00 0.344508 3.66
1109.00 0.344508 3.66
1110.00 0.344508 3.66
1111.00 0.344508 3.66
1112.00 0.344508 3.66
1113.00 0.344508 3.66
1114.00 0.344508 3.66
1115.00 0.344508 3.66
1116.00 0.344508 3.66
1117.00 0.344508 3.66
1118.00 0.344508 3.66
1119.00 0.344508 3.66
1120.00 0.344508 3.66
1121.00 0.344508 3.66
1122.00 0.344508 3.66
1123.00 0.344508 3.66
1124.00 0.344508 3.66
1125.00 0.344508 3.66
1126.00 0.344508 3.66
1127.00 0.344508 3.66
1128.00 0.344508 3.66
1129.00 0.344508 3.66
1130.00 0.344508 3.66
1131.00 0.344508 3.66
1132.00 0.344508 3.66
1133.00 0.344508 3.66
1134.00 0.344508 3.66
1135.00 0.344508 3.66
1136.00 0.344508 3.66
1137.00 0.344508 3.66
1138.00 0.344508 3.66
1139.00 0.344508 3.66
1140.00 0.344508 3.66
1141.00 0.344508 3.66
1142.00 0.344508 3.66
1143.00 0.344508 3.66
1144.00 0.344508 3.66
1145.00 0.344508 3.66
1146.00 0.344508 3.66
1147.00 0.344508 3.66
1148.00 0.344507 3.66
1149.00 0.344507 3.66
1150.00 0.344507 3.66
1151.00 0.344507 3.66
1152.00 0.344507 3.66
1153.00 0.344507 3.66
1154.00 0.344507 3.66
1155.00 0.344507 3.66
1156.00 0.344507 3.66
1157.00 0.344507 3.66
1158.00 0.344507 3.66
1159.00 0.344507 3.66
1160.00 0.344507 3.66
1161.00 0.344507 3.66
1162.00 0.344507 3.66
1163.00 0.344507 3.66
1164.00 0.344507 3.66
1165.00 0.344507 3.66
1166.00 0.344507 3.66
1167.00 0.344507 3.66
1168.00 0.344507 3.66
1169.00 0.344507 3.66
1170.00 0.344507 3.66
1171.00 0.344507 3.66
1172.00 0.344507 3.66
1173.00 0.344507 3.66
1174.00 0.344507 3.66
1175.00 0.344507 3.66
1176.00 0.344507 3.66
1177.00 0.344507 3.66
1178.00 0.344507 3.66
1179.00 0.344507 3.66
1180.00 0.344507 3.66
1181.00 0.344507 3.66
1182.00 0.344507 3.66
1183.00 0.344507 3.66
1184.00 0.344507 3.66
1185.00 0.344507 3.66
1186.00 0.344507 3.66
1187.00 0.344507 3.66
1188.00 0.344507 3.66
1189.00 0.344507 3.66
1190.00 0.344507 3.66
1191.00 0.344507 3.66
1192.00 0.344507 3.66
1193.00 0.344507 3.66
1194.00 0.344507 3.66
1195.00 0.344507 3.66
1196.00 0.344507 3.66
1197.00 0.344507 3.66
1198.00 0.344507 3.66
1199.00 0.344507 3.66
1200.00 0.344507 3.66
1201.00 0.344507 3.66
1202.00 0.344507 3.66
1203.00 0.344507 3.66
1204.00 0.344507 3.66
1205.00 0.344507 3.66
1206.00 0.344507 3.66
1207.00 0.344507 3.66
1208.00 0.344507 3.66
1209.00 0.344507 3.66
1210.00 0.344507 3.66
1211.00 0.344507 3.66
1212.00 0.344507 3.66
1213.00 0.344507 3.66
1214.00 0.344507 3.66
1215.00 0.344507 3.66
1216.00 0.344507 3.66
1217.00 0.344507 3.66
1218.00 0.344507 3.66
1219.00 0.344507 3.66
1220.00 0.344507 3.66
1221.00 0.344507 3.66
1222.00 0.344507 3.66
1223.00 0.344507 3.66
1224.00 0.344507 3.66
1225.00 0.344507 3.66
1226.00 0.344507 3.66
1227.00 0.344507 3.66
1228.00 0.344507 3.66
1229.00 0.344507 3.66
1230.00 0.344507 3.66
1231.00 0.344507 3.66
1232.00 0.344507 3.66
1233.00 0.344506 3.66
1234.00 0.344506 3.66
1235.00 0.344506 3.66
1236.00 0.344506 3.66
1237.00 0.344506 3.66
1238.00 0.344506 3.66
1239.00 0.344506 3.66
1240.00 0.344506 3.66
1241.00 0.344506 3.66
1242.00 0.344506 3.66
1243.00 0.344506 3.66
1244.00 0.344506 3.66
1245.00 0.344506 3.66
1246.00 0.344506 3.66
1247.00 0.344506 3.66
1248.00 0.344506 3.66
1249.00 0.344506 3.66
1250.00 0.344506 3.66
1251.00 0.344506 3.66
1252.00 0.344506 3.66
1253.00 0.344506 3.66
1254.00 0.344506 3.66
1255.00 0.344506 3.66
1256.00 0.344506 3.66
1257.00 0.344506 3.66
1258.00 0.344506 3.66
1259.00 0.344506 3.66
1260.00 0.344506 3.66
1261.00 0.344506 3.66
1262.00 0.344506 3.66
1263.00 0.344506 3.66
1264.00 0.344506 3.66
1265.00 0.344506 3.66
1266.00 0.344506 3.66
1267.00 0.344506 3.66
1268.00 0.344506 3.66
1269.00 0.344506 3.66
1270.00 0.344506 3.66
1271.00 0.344506 3.66
1272.00 0.344506 3.66
1273.00 0.344506 3.66
1274.00 0.344506 3.66
1275.00 0.344506 3.66
1276.00 0.344506 3.66
1277.00 0.344506 3.66
1278.00 0.344506 3.66
1279.00 0.344506 3.66
1280.00 0.344506 3.66
1281.00 0.344506 3.66
1282.00 0.344506 3.66
1283.00 0.344506 3.66
1284.00 0.344506 3.66
1285.00 0.344506 3.66
1286.00 0.344506 3.66
1287.00 0.344506 3.66
1288.00 0.344506 3.66
1289.00 0.344506 3.66
1290.00 0.344506 3.66
1291.00 0.344506 3.66
1292.00 0.344506 3.66
1293.00 0.344506 3.66
1294.00 0.344506 3.66
1295.00 0.344506 3.66
1296.00 0.344506 3.66
1297.00 0.344506 3.66
1298.00 0.344506 3.66
1299.00 0.344506 3.66
1300.00 0.344506 3.66
1301.00 0.344506 3.66
1302.00 0.344506 3.66
1303.00 0.344506 3.66
1304.00 0.344506 3.66
1305.00 0.344506 3.66
1306.00 0.344506 3.66
1307.00 0.344506 3.66
1308.00 0.344506 3.66
1309.00 0.344506 3.66
1310.00 0.344506 3.66
1311.00 0.344506 3.66
1312.00 0.344506 3.66
1313.00 0.344506 3.66
1314.00 0.344506 3.66
1315.00 0.344506 3.66
1316.00 0.344506 3.66
1317.00 0.344506 3.66
1318.00 0.344506 3.66
1319.00 0.344506 3.66
1320.00 0.344506 3.66
1321.00 0.344506 3.66
1322.00 0.344506 3.66
1323.00 0.344506 3.66
1324.00 0.344506 3.66
1325.00 0.344506 3.66
1326.00 0.344506 3.66
1327.00 0.344506 3.66
1328.00 0.344506 3.66
1329.00 0.344506 3.66
1330.00 0.344506 3.66
1331.00 0.344506 3.66
1332.00 0.344506 3.66
1333.00 0.344506 3.66
1334.00 0.344506 3.66
1335.00 0.344506 3.66
1336.00 0.344506 3.66
1337.00 0.344506 3.66
1338.00 0.344506 3.66
1339.00 0.344506 3.66
1340.00 0.344506 3.66
1341.00 0.344506 3.66
1342.00 0.344506 3.66
1343.00 0.344506 3.66
1344.00 0.344506 3.66
1345.00 0.344506 3.66
1346.00 0.344506 3.66
1347.00 0.344506 3.66
1348.00 0.344506 3.66
1349.00 0.344506 3.66
1350.00 0.344506 3.66
1351.00 0.344506 3.66
1352.00 0.344506 3.66
1353.00 0.344506 3.66
1354.00 0.344506 3.66
1355.00 0.344506 3.66
1356.00 0.344506 3.66
1357.00 0.344506 3.66
1358.00 0.344506 3.66
1359.00 0.344506 3.66
1360.00 0.344506 3.66
1361.00 0.344506 3.66
1362.00 0.344506 3.66
1363.00 0.344506 3.66
1364.00 0.344506 3.66
1365.00 0.344506 3.66
1366.00 0.344506 3.66
1367.00 0.344506 3.66
1368.00 0.344506 3.66
1369.00 0.344506 3.66
1370.00 0.344505 3.66
1371.00 0.344505 3.66
1372.00 0.344505 3.66
1373.00 0.344505 3.66
1374.00 0.344505 3.66
1375.00 0.344505 3.66
1376.00 0.344505 3.66
1377.00 0.344505 3.66
1378.00 0.344505 3.66
1379.00 0.344505 3.66
1380.00 0.344505 3.66
1381.00 0.344505 3.66
1382.00 0.344505 3.66
1383.00 0.344505 3.66
1384.00 0.344505 3.66
1385.00 0.344505 3.66
1386.00 0.344505 3.66
1387.00 0.344505 3.66
1388.00 0.344505 3.66
1389.00 0.344505 3.66
1390.00 0.344505 3.66
1391.00 0.344505 3.66
1392.00 0.344505 3.66
1393.00 0.344505 3.66
1394.00 0.344505 3.66
1395.00 0.344505 3.66
1396.00 0.344505 3.66
1397.00 0.344505 3.66
1398.00 0.344505 3.66
1399.00 0.344505 3.66
1400.00 0.344505 3.66
1401.00 0.344505 3.66
1402.00 0.344505 3.66
1403.00 0.344505 3.66
1404.00 0.344505 3.66
1405.00 0.344505 3.66
1406.00 0.344505 3.66
1407.00 0.344505 3.66
1408.00 0.344505 3.66
1409.00 0.344505 3.66
1410.00 0.344505 3.66
1411.00 0.344505 3.66
1412.00 0.344505 3.66
1413.00 0.344505 3.66
1414.00 0.344505 3.66
1415.00 0.344505 3.66
1416.00 0.344505 3.66
1417.00 0.344505 3.66
1418.00 0.344505 3.66
1419.00 0.344505 3.66
1420.00 0.344505 3.66
1421.00 0.344505 3.66
1422.00 0.344505 3.66
1423.00 0.344505 3.66
1424.00 0.344505 3.66
1425.00 0.344505 3.66
1426.00 0.344505 3.66
1427.00 0.344505 3.66
1428.00 0.344505 3.66
1429.00 0.344505 3.66
1430.00 0.344505 3.66
1431.00 0.344505 3.66
1432.00 0.344505 3.66
1433.00 0.344505 3.66
1434.00 0.344505 3.66
1435.00 0.344505 3.66
1436.00 0.344505 3.66
1437.00 0.344505 3.66
1438.00 0.344505 3.66
1439.00 0.344505 3.66
1440.00 0.344505 3.66
1441.00 0.344505 3.66
1442.00 0.344505 3.66
1443.00 0.344505 3.66
1444.00 0.344505 3.66
1445.00 0.344505 3.66
1446.00 0.344505 3.66
1447.00 0.344505 3.66
1448.00 0.344505 3.66
1449.00 0.344505 3.66
1450.00 0.344505 3.66
1451.00 0.344505 3.66
1452.00 0.344505 3.66
1453.00 0.344505 3.66
1454.00 0.344505 3.66
1455.00 0.344505 3.66
1456.00 0.344505 3.66
1457.00 0.344505 3.66
1458.00 0.344505 3.66
1459.00 0.344505 3.66
1460.00 0.344505 3.66
1461.00 0.344505 3.66
1462.00 0.344505 3.66
1463.00 0.344505 3.66
1464.00 0.344505 3.66
1465.00 0.344505 3.66
1466.00 0.344505 3.66
1467.00 0.344505 3.66
1468.00 0.344505 3.66
1469.00 0.344505 3.66
1470.00 0.344505 3.66
1471.00 0.344505 3.66
1472.00 0.344505 3.66
1473.00 0.344505 3.66
1474.00 0.344505 3.66
1475.00 0.344505 3.66
1476.00 0.344505 3.66
1477.00 0.344505 3.66
1478.00 0.344505 3.66
1479.00 0.344505 3.66
1480.00 0.344505 3.66
1481.00 0.344505 3.66
1482.00 0.344505 3.66
1483.00 0.344505 3.66
1484.00 0.344505 3.66
1485.00 0.344505 3.66
1486.00 0.344505 3.66
1487.00 0.344505 3.66
1488.00 0.344505 3.66
1489.00 0.344505 3.66
1490.00 0.344505 3.66
1491.00 0.344505 3.66
1492.00 0.344505 3.66
1493.00 0.344505 3.66
1494.00 0.344505 3.66
1495.00 0.344505 3.66
1496.00 0.344505 3.66
1497.00 0.344505 3.66
1498.00 0.344505 3.66
1499.00 0.344505 3.66
1500.00 0.344505 3.66
1501.00 0.344505 3.66
1502.00 0.344505 3.66
1503.00 0.344505 3.66
1504.00 0.344505 3.66
1505.00 0.344505 3.66
1506.00 0.344505 3.66
1507.00 0.344505 3.66
1508.00 0.344505 3.66
1509.00 0.344505 3.66
1510.00 0.344505 3.66
1511.00 0.344505 3.66
1512.00 0.344505 3.66
1513.00 0.344505 3.66
1514.00 0.344505 3.66
1515.00 0.344505 3.66
1516.00 0.344505 3.66
1517.00 0.344505 3.66
1518.00 0.344505 3.66
1519.00 0.344505 3.66
1520.00 0.344505 3.66
1521.00 0.344505 3.66
1522.00 0.344505 3.66
1523.00 0.344505 3.66
1524.00 0.344505 3.66
1525.00 0.344505 3.66
1526.00 0.344505 3.66
1527.00 0.344505 3.66
1528.00 0.344505 3.66
1529.00 0.344505 3.66
1530.00 0.344505 3.66
1531.00 0.344505 3.66
1532.00 0.344505 3.66
1533.00 0.344505 3.66
1534.00 0.344505 3.66
1535.00 0.344505 3.66
1536.00 0.344505 3.66
1537.00 0.344505 3.66
1538.00 0.344505 3.66
1539.00 0.344505 3.66
1540.00 0.344505 3.66
1541.00 0.344505 3.66
1542.00 0.344505 3.66
1543.00 0.344505 3.66
1544.00 0.344505 3.66
1545.00 0.344505 3.66
1546.00 0.344505 3.66
1547.00 0.344505 3.66
1548.00 0.344505 3.66
1549.00 0.344505 3.66
1550.00 0.344505 3.66
1551.00 0.344505 3.66
1552.00 0.344505 3.66
1553.00 0.344505 3.66
1554.00 0.344505 3.66
1555.00 0.344505 3.66
1556.00 0.344505 3.66
1557.00 0.344505 3.66
1558.00 0.344505 3.66
1559.00 0.344505 3.66
1560.00 0.344505 3.66
1561.00 0.344505 3.66
1562.00 0.344505 3.66
1563.00 0.344505 3.66
1564.00 0.344505 3.66
1565.00 0.344505 3.66
1566.00 0.344505 3.66
1567.00 0.344505 3.66
1568.00 0.344505 3.66
1569.00 0.344505 3.66
1570.00 0.344505 3.66
1571.00 0.344505 3.66
1572.00 0.344505 3.66
1573.00 0.344505 3.66
1574.00 0.344505 3.66
1575.00 0.344505 3.66
1576.00 0.344505 3.66
1577.00 0.344505 3.66
1578.00 0.344505 3.66
1579.00 0.344505 3.66
1580.00 0.344505 3.66
1581.00 0.344505 3.66
1582.00 0.344505 3.66
1583.00 0.344505 3.66
1584.00 0.344505 3.66
1585.00 0.344505 3.66
1586.00 0.344505 3.66
1587.00 0.344505 3.66
1588.00 0.344505 3.66
1589.00 0.344505 3.66
1590.00 0.344505 3.66
1591.00 0.344505 3.66
1592.00 0.344505 3.66
1593.00 0.344505 3.66
1594.00 0.344505 3.66
1595.00 0.344505 3.66
1596.00 0.344505 3.66
1597.00 0.344505 3.66
1598.00 0.344505 3.66
1599.00 0.344505 3.66
1600.00 0.344505 3.66
1601.00 0.344505 3.66
1602.00 0.344505 3.66
1603.00 0.344505 3.66
1604.00 0.344505 3.66
1605.00 0.344505 3.66
1606.00 0.344505 3.66
1607.00 0.344505 3.66
1608.00 0.344505 3.66
1609.00 0.344505 3.66
1610.00 0.344505 3.66
1611.00 0.344505 3.66
1612.00 0.344505 3.66
1613.00 0.344505 3.66
1614.00 0.344505 3.66
1615.00 0.344505 3.66
1616.00 0.344505 3.66
1617.00 0.344505 3.66
1618.00 0.344505 3.66
1619.00 0.344505 3.66
1620.00 0.344505 3.66
1621.00 0.344505 3.66
1622.00 0.344505 3.66
1623.00 0.344505 3.66
1624.00 0.344505 3.66
1625.00 0.344505 3.66
1626.00 0.344505 3.66
1627.00 0.344505 3.66
1628.00 0.344505 3.66
1629.00 0.344505 3.66
1630.00 0.344505 3.66
1631.00 0.344505 3.66
1632.00 0.344505 3.66
1633.00 0.344505 3.66
1634.00 0.344505 3.66
1635.00 0.344505 3.66
1636.00 0.344505 3.66
1637.00 0.344505 3.66
1638.00 0.344505 3.66
1639.00 0.344505 3.66
1640.00 0.344505 3.66
1641.00 0.344505 3.66
1642.00 0.344505 3.66
1643.00 0.344505 3.66
1644.00 0.344505 3.66
1645.00 0.344505 3.66
1646.00 0.344505 3.66
1647.00 0.344505 3.66
1648.00 0.344505 3.66
1649.00 0.344505 3.66
1650.00 0.344505 3.66
1651.00 0.344505 3.66
1652.00 0.344505 3.66
1653.00 0.344505 3.66
1654.00 0.344505 3.66
1655.00 0.344505 3.66
1656.00 0.344505 3.66
1657.00 0.344505 3.66
1658.00 0.344505 3.66
1659.00 0.344505 3.66
1660.00 0.344505 3.66
1661.00 0.344505 3.66
1662.00 0.344505 3.66
1663.00 0.344505 3.66
1664.00 0.344505 3.66
1665.00 0.344505 3.66
1666.00 0.344505 3.66
1667.00 0.344505 3.66
1668.00 0.344505 3.66
1669.00 0.344505 3.66
1670.00 0.344505 3.66
1671.00 0.344505 3.66
1672.00 0.344505 3.66
1673.00 0.344505 3.66
1674.00 0.344505 3.66
1675.00 0.344505 3.66
1676.00 0.344505 3.66
1677.00 0.344505 3.66
1678.00 0.344505 3.66
1679.00 0.344505 3.66
1680.00 0.344505 3.66
1681.00 0.344505 3.66
1682.00 0.344505 3.66
1683.00 0.344505 3.66
1684.00 0.344505 3.66
1685.00 0.344505 3.66
1686.00 0.344505 3.66
1687.00 0.344505 3.66
1688.00 0.344505 3.66
1689.00 0.344505 3.66
1690.00 0.344505 3.66
1691.00 0.344505 3.66
1692.00 0.344505 3.66
1693.00 0.344505 3.66
1694.00 0.344505 3.66
1695.00 0.344505 3.66
1696.00 0.344505 3.66
1697.00 0.344505 3.66
1698.00 0.344505 3.66
1699.00 0.344505 3.66
1700.00 0.344505 3.66
1701.00 0.344505 3.66
1702.00 0.344505 3.66
1703.00 0.344505 3.66
1704.00 0.344505 3.66
1705.00 0.344505 3.66
1706.00 0.344505 3.66
1707.00 0.344505 3.66
1708.00 0.344505 3.66
1709.00 0.344505 3.66
1710.00 0.344505 3.66
1711.00 0.344505 3.66
1712.00 0.344505 3.66
1713.00 0.344505 3.66
1714.00 0.344505 3.66
1715.00 0.344505 3.66
1716.00 0.344505 3.66
1717.00 0.344505 3.66
1718.00 0.344505 3.66
1719.00 0.344505 3.66
1720.00 0.344505 3.66
1721.00 0.344505 3.66
1722.00 0.344505 3.66
1723.00 0.344505 3.66
1724.00 0.344505 3.66
1725.00 0.344505 3.66
1726.00 0.344505 3.66
1727.00 0.344505 3.66
1728.00 0.344505 3.66
1729.00 0.344505 3.66
1730.00 0.344505 3.66
1731.00 0.344505 3.66
1732.00 0.344505 3.66
1733.00 0.344505 3.66
1734.00 0.344505 3.66
1735.00 0.344505 3.66
1736.00 0.344505 3.66
1737.00 0.344505 3.66
1738.00 0.344505 3.66
1739.00 0.344505 3.66
1740.00 0.344505 3.66
1741.00 0.344505 3.66
1742.00 0.344505 3.66
1743.00 0.344505 3.66
1744.00 0.344505 3.66
1745.00 0.344505 3.66
1746.00 0.344505 3.66
1747.00 0.344505 3.66
1748.00 0.344505 3.66
1749.00 0.344505 3.66
1750.00 0.344505 3.66
1751.00 0.344505 3.66
1752.00 0.344505 3.66
1753.00 0.344505 3.66
1754.00 0.344505 3.66
1755.00 0.344505 3.66
1756.00 0.344505 3.66
1757.00 0.344505 3.66
1758.00 0.344505 3.66
1759.00 0.344505 3.66
1760.00 0.344505 3.66
1761.00 0.344505 3.66
1762.00 0.344505 3.66
1763.00 0.344505 3.66
1764.00 0.344505 3.66
1765.00 0.344505 3.66
1766.00 0.344505 3.66
1767.00 0.344505 3.66
1768.00 0.344505 3.66
1769.00 0.344505 3.66
1770.00 0.344505 3.66
1771.00 0.344505 3.66
1772.00 0.344505 3.66
1773.00 0.344505 3.66
1774.00 0.344505 3.66
1775.00 0.344505 3.66
1776.00 0.344505 3.66
1777.00 0.344505 3.66
1778.00 0.344505 3.66
1779.00 0.344505 3.66
1780.00 0.344505 3.66
1781.00 0.344505 3.66
1782.00 0.344505 3.66
1783.00 0.344505 3.66
1784.00 0.344505 3.66
1785.00 0.344505 3.66
1786.00 0.344505 3.66
1787.00 0.344504 3.66
1788.00 0.344504 3.66
1789.00 0.344504 3.66
1790.00 0.344504 3.66
1791.00 0.344504 3.66
1792.00 0.344504 3.66
1793.00 0.344504 3.66
1794.00 0.344504 3.66
1795.00 0.344504 3.66
1796.00 0.344504 3.66
1797.00 0.344504 3.66
1798.00 0.344504 3.66
1799.00 0.344504 3.66
1800.00 0.344504 3.66
1801.00 0.344504 3.66
1802.00 0.344504 3.66
1803.00 0.344504 3.66
1804.00 0.344504 3.66
1805.00 0.344504 3.66
1806.00 0.344504 3.66
1807.00 0.344504 3.66
1808.00 0.344504 3.66
1809.00 0.344504 3.66
1810.00 0.344504 3.66
1811.00 0.344504 3.66
1812.00 0.344504 3.66
1813.00 0.344504 3.66
1814.00 0.344504 3.66
1815.00 0.344504 3.66
1816.00 0.344504 3.66
1817.00 0.344504 3.66
1818.00 0.344504 3.66
1819.00 0.344504 3.66
1820.00 0.344504 3.66
1821.00 0.344504 3.66
1822.00 0.344504 3.66
1823.00 0.344504 3.66
1824.00 0.344504 3.66
1825.00 0.344504 3.66
1826.00 0.344504 3.66
1827.00 0.344504 3.66
1828.00 0.344504 3.66
1829.00 0.344504 3.66
1830.00 0.344504 3.66
1831.00 0.344504 3.66
1832.00 0.344504 3.66
1833.00 0.344504 3.66
1834.00 0.344504 3.66
1835.00 0.344504 3.66
1836.00 0.344504 3.66
1837.00 0.344504 3.66
1838.00 0.344504 3.66
1839.00 0.344504 3.66
1840.00 0.344504 3.66
1841.00 0.344504 3.66
1842.00 0.344504 3.66
1843.00 0.344504 3.66
1844.00 0.344504 3.66
1845.00 0.344504 3.66
1846.00 0.344504 3.66
1847.00 0.344504 3.66
1848.00 0.344504 3.66
1849.00 0.344504 3.66
1850.00 0.344504 3.66
1851.00 0.344504 3.66
1852.00 0.344504 3.66
1853.00 0.344504 3.66
1854.00 0.344504 3.66
1855.00 0.344504 3.66
1856.00 0.344504 3.66
1857.00 0.344504 3.66
1858.00 0.344504 3.66
1859.00 0.344504 3.66
1860.00 0.344504 3.66
1861.00 0.344504 3.66
1862.00 0.344504 3.66
1863.00 0.344504 3.66
1864.00 0.344504 3.66
1865.00 0.344504 3.66
1866.00 0.344504 3.66
1867.00 0.344504 3.66
1868.00 0.344504 3.66
1869.00 0.344504 3.66
1870.00 0.344504 3.66
1871.00 0.344504 3.66
1872.00 0.344504 3.66
1873.00 0.344504 3.66
1874.00 0.344504 3.66
1875.00 0.344504 3.66
1876.00 0.344504 3.66
1877.00 0.344504 3.66
1878.00 0.344504 3.66
1879.00 0.344504 3.66
1880.00 0.344504 3.66
1881.00 0.344504 3.66
1882.00 0.344504 3.66
1883.00 0.344504 3.66
1884.00 0.344504 3.66
1885.00 0.344504 3.66
1886.00 0.344504 3.66
1887.00 0.344504 3.66
1888.00 0.344504 3.66
1889.00 0.344504 3.66
1890.00 0.344504 3.66
1891.00 0.344504 3.66
1892.00 0.344504 3.66
1893.00 0.344504 3.66
1894.00 0.344504 3.66
1895.00 0.344504 3.66
1896.00 0.344504 3.66
1897.00 0.344504 3.66
1898.00 0.344504 3.66
1899.00 0.344504 3.66
1900.00 0.344504 3.66
1901.00 0.344504 3.66
1902.00 0.344504 3.66
1903.00 0.344504 3.66
1904.00 0.344504 3.66
1905.00 0.344504 3.66
1906.00 0.344504 3.66
1907.00 0.344504 3.66
1908.00 0.344504 3.66
1909.00 0.344504 3.66
1910.00 0.344504 3.66
1911.00 0.344504 3.66
1912.00 0.344504 3.66
1913.00 0.344504 3.66
1914.00 0.344504 3.66
1915.00 0.344504 3.66
1916.00 0.344504 3.66
1917.00 0.344504 3.66
1918.00 0.344504 3.66
1919.00 0.344504 3.66
1920.00 0.344504 3.66
1921.00 0.344504 3.66
1922.00 0.344504 3.66
1923.00 0.344504 3.66
1924.00 0.344504 3.66
1925.00 0.344504 3.66
1926.00 0.344504 3.66
1927.00 0.344504 3.66
1928.00 0.344504 3.66
1929.00 0.344504 3.66
1930.00 0.344504 3.66
1931.00 0.344504 3.66
1932.00 0.344504 3.66
1933.00 0.344504 3.66
1934.00 0.344504 3.66
1935.00 0.344504 3.66
1936.00 0.344504 3.66
1937.00 0.344504 3.66
1938.00 0.344504 3.66
1939.00 0.344504 3.66
1940.00 0.344504 3.66
1941.00 0.344504 3.66
1942.00 0.344504 3.66
1943.00 0.344504 3.66
1944.00 0.344504 3.66
1945.00 0.344504 3.66
1946.00 0.344504 3.66
1947.00 0.344504 3.66
1948.00 0.344504 3.66
1949.00 0.344504 3.66
1950.00 0.344504 3.66
1951.00 0.344504 3.66
1952.00 0.344504 3.66
1953.00 0.344504 3.66
1954.00 0.344504 3.66
1955.00 0.344504 3.66
1956.00 0.344504 3.66
1957.00 0.344504 3.66
1958.00 0.344504 3.66
1959.00 0.344504 3.66
1960.00 0.344504 3.66
1961.00 0.344504 3.66
1962.00 0.344504 3.66
1963.00 0.344504 3.66
1964.00 0.344504 3.66
1965.00 0.344504 3.66
1966.00 0.344504 3.66
1967.00 0.344504 3.66
1968.00 0.344504 3.66
1969.00 0.344504 3.66
1970.00 0.344504 3.66
1971.00 0.344504 3.66
1972.00 0.344504 3.66
1973.00 0.344504 3.66
1974.00 0.344504 3.66
1975.00 0.344504 3.66
1976.00 0.344504 3.66
1977.00 0.344504 3.66
1978.00 0.344504 3.66
1979.00 0.344504 3.66
1980.00 0.344504 3.66
1981.00 0.344504 3.66
1982.00 0.344504 3.66
1983.00 0.344504 3.66
1984.00 0.344504 3.66
1985.00 0.344504 3.66
1986.00 0.344504 3.66
1987.00 0.344504 3.66
1988.00 0.344504 3.66
1989.00 0.344504 3.66
1990.00 0.344504 3.66
1991.00 0.344504 3.66
1992.00 0.344504 3.66
1993.00 0.344504 3.66
1994.00 0.344504 3.66
1995.00 0.344504 3.66
1996.00 0.344504 3.66
1997.00 0.344504 3.66
1998.00 0.344504 3.66
1999.00 0.344504 3.66
2000.00 0.344504 3.66
