0 0.429607 4.620000
1 0.428521 4.620000
2 0.427469 4.610919
3 0.426449 4.602113
4 0.425461 4.593573
5 0.424498 4.586427
6 0.423564 4.578355
7 0.422657 4.570517
8 0.421753 4.569483
9 0.420875 4.561887
10 0.420022 4.554499
11 0.419192 4.547315
12 0.418386 4.540330
13 0.417582 4.539670
14 0.416799 4.532883
15 0.416037 4.526275
16 0.415295 4.519839
17 0.414574 4.513573
18 0.413871 4.507472
19 0.413187 4.501530
20 0.412513 4.498470
21 0.411855 4.492759
22 0.411215 4.487190
23 0.410590 4.481760
24 0.409981 4.476465
25 0.409388 4.471303
26 0.408809 4.466269
27 0.408246 4.461361
28 0.407690 4.458639
29 0.407147 4.453917
30 0.406617 4.449306
31 0.406100 4.444803
32 0.405595 4.440407
33 0.405103 4.436114
34 0.404622 4.431923
35 0.404152 4.427830
36 0.403694 4.423835
37 0.403247 4.419933
38 0.402810 4.416124
39 0.402384 4.412405
40 0.401968 4.408774
41 0.401562 4.405229
42 0.401166 4.401768
43 0.400779 4.398232
44 0.400401 4.394935
45 0.400031 4.391710
46 0.399670 4.388557
47 0.399317 4.385475
48 0.398972 4.382461
49 0.398634 4.379514
50 0.398304 4.376632
51 0.397982 4.373815
52 0.397666 4.371061
53 0.397358 4.368368
54 0.397057 4.365735
55 0.396763 4.363161
56 0.396475 4.360644
57 0.396193 4.358184
58 0.395918 4.355778
59 0.395650 4.353426
60 0.395387 4.351127
61 0.395130 4.348879
62 0.394879 4.346682
63 0.394633 4.344533
64 0.394393 4.342433
65 0.394159 4.340380
66 0.393930 4.338372
67 0.393706 4.336410
68 0.393487 4.334491
69 0.393272 4.332616
70 0.393063 4.330782
71 0.392859 4.328990
72 0.392659 4.327238
73 0.392463 4.325525
74 0.392272 4.323850
75 0.392086 4.322213
76 0.391903 4.320613
77 0.391724 4.319387
78 0.391548 4.317849
79 0.391376 4.316344
80 0.391208 4.314869
81 0.391043 4.313426
82 0.390882 4.312013
83 0.390724 4.310630
84 0.390569 4.309276
85 0.390418 4.307950
86 0.390270 4.306652
87 0.390125 4.305381
88 0.389983 4.304137
89 0.389844 4.302919
90 0.389708 4.301726
91 0.389575 4.300559
92 0.389444 4.299416
93 0.389317 4.298297
94 0.389192 4.297202
95 0.389070 4.296130
96 0.388950 4.295080
97 0.388833 4.294052
98 0.388718 4.293046
99 0.388606 4.292061
100 0.388496 4.291097
101 0.388388 4.290152
102 0.388283 4.289228
103 0.388180 4.288324
104 0.388079 4.287438
105 0.387980 4.286571
106 0.387883 4.285722
107 0.387789 4.284891
108 0.387696 4.284078
109 0.387605 4.283281
110 0.387517 4.282502
111 0.387430 4.281739
112 0.387344 4.280991
113 0.387261 4.280260
114 0.387180 4.279544
115 0.387100 4.278843
116 0.387022 4.278157
117 0.386945 4.277485
118 0.386870 4.276828
119 0.386797 4.276184
120 0.386725 4.275554
121 0.386655 4.274937
122 0.386586 4.274334
123 0.386519 4.273742
124 0.386453 4.273164
125 0.386389 4.272597
126 0.386326 4.272043
127 0.386264 4.271500
128 0.386203 4.270969
129 0.386144 4.270449
130 0.386086 4.269939
131 0.386029 4.269441
132 0.385974 4.268953
133 0.385919 4.268475
134 0.385866 4.268008
135 0.385814 4.267550
136 0.385763 4.267102
137 0.385713 4.266663
138 0.385664 4.266234
139 0.385617 4.265814
140 0.385570 4.265402
141 0.385524 4.265000
142 0.385479 4.264605
143 0.385435 4.264219
144 0.385392 4.263842
145 0.385350 4.263472
146 0.385309 4.263110
147 0.385269 4.262755
148 0.385229 4.262409
149 0.385191 4.262069
150 0.385153 4.261737
151 0.385116 4.261411
152 0.385080 4.261093
153 0.385044 4.260781
154 0.385009 4.260476
155 0.384975 4.260177
156 0.384942 4.259885
157 0.384910 4.259598
158 0.384878 4.259318
159 0.384846 4.259044
160 0.384816 4.258775
161 0.384786 4.258513
162 0.384757 4.258255
163 0.384728 4.258003
164 0.384700 4.257757
165 0.384673 4.257516
166 0.384646 4.257279
167 0.384620 4.257048
168 0.384594 4.256822
169 0.384569 4.256600
170 0.384544 4.256383
171 0.384520 4.256171
172 0.384496 4.255963
173 0.384473 4.255760
174 0.384450 4.255561
175 0.384428 4.255366
176 0.384407 4.255175
177 0.384385 4.254988
178 0.384365 4.254805
179 0.384344 4.254626
180 0.384324 4.254451
181 0.384305 4.254280
182 0.384286 4.254112
183 0.384267 4.253948
184 0.384249 4.253787
185 0.384231 4.253629
186 0.384213 4.253475
187 0.384196 4.253324
188 0.384179 4.253177
189 0.384163 4.253032
190 0.384147 4.252891
191 0.384131 4.252752
192 0.384116 4.252617
193 0.384101 4.252484
194 0.384086 4.252354
195 0.384071 4.252227
196 0.384057 4.252102
197 0.384043 4.251980
198 0.384030 4.251861
199 0.384017 4.251745
200 0.384004 4.251630
201 0.383991 4.251518
202 0.383978 4.251409
203 0.383966 4.251302
204 0.383954 4.251197
205 0.383943 4.251094
206 0.383931 4.250994
207 0.383920 4.250895
208 0.383909 4.250799
209 0.383898 4.250705
210 0.383888 4.250612
211 0.383878 4.250522
212 0.383868 4.250434
213 0.383858 4.250347
214 0.383848 4.250262
215 0.383839 4.250179
216 0.383829 4.250098
217 0.383820 4.250019
218 0.383812 4.249941
219 0.383803 4.249865
220 0.383794 4.249790
221 0.383786 4.249717
222 0.383778 4.249646
223 0.383770 4.249576
224 0.383762 4.249508
225 0.383755 4.249441
226 0.383747 4.249375
227 0.383740 4.249311
228 0.383733 4.249248
229 0.383726 4.249187
230 0.383719 4.249126
231 0.383712 4.249068
232 0.383706 4.249010
233 0.383699 4.248953
234 0.383693 4.248898
235 0.383687 4.248844
236 0.383681 4.248791
237 0.383675 4.248739
238 0.383669 4.248689
239 0.383664 4.248639
240 0.383658 4.248590
241 0.383653 4.248543
242 0.383647 4.248496
243 0.383642 4.248451
244 0.383637 4.248406
245 0.383632 4.248362
246 0.383627 4.248320
247 0.383623 4.248278
248 0.383618 4.248237
249 0.383613 4.248197
250 0.383609 4.248158
251 0.383604 4.248119
252 0.383600 4.248081
253 0.383596 4.248045
254 0.383592 4.248009
255 0.383588 4.247973
256 0.383584 4.247939
257 0.383580 4.247905
258 0.383576 4.247872
259 0.383573 4.247840
260 0.383569 4.247808
261 0.383566 4.247777
262 0.383562 4.247747
263 0.383559 4.247717
264 0.383555 4.247688
265 0.383552 4.247659
266 0.383549 4.247631
267 0.383546 4.247604
268 0.383543 4.247577
269 0.383540 4.247551
270 0.383537 4.247526
271 0.383534 4.247501
272 0.383531 4.247476
273 0.383529 4.247452
274 0.383526 4.247429
275 0.383523 4.247406
276 0.383521 4.247383
277 0.383518 4.247361
278 0.383516 4.247339
279 0.383513 4.247318
280 0.383511 4.247298
281 0.383509 4.247277
282 0.383507 4.247258
283 0.383504 4.247238
284 0.383502 4.247219
285 0.383500 4.247201
286 0.383498 4.247183
287 0.383496 4.247165
288 0.383494 4.247147
289 0.383492 4.247130
290 0.383490 4.247114
291 0.383488 4.247097
292 0.383487 4.247081
293 0.383485 4.247066
294 0.383483 4.247050
295 0.383481 4.247035
296 0.383480 4.247021
297 0.383478 4.247006
298 0.383476 4.246992
299 0.383475 4.246978
300 0.383473 4.246965
301 0.383472 4.246952
302 0.383470 4.246939
303 0.383469 4.246926
304 0.383468 4.246914
305 0.383466 4.246902
306 0.383465 4.246890
307 0.383463 4.246878
308 0.383462 4.246867
309 0.383461 4.246856
310 0.383460 4.246845
311 0.383458 4.246834
312 0.383457 4.246824
313 0.383456 4.246814
314 0.383455 4.246804
315 0.383454 4.246794
316 0.383453 4.246784
317 0.383452 4.246775
318 0.383451 4.246766
319 0.383450 4.246757
320 0.383449 4.246748
321 0.383448 4.246739
322 0.383447 4.246731
323 0.383446 4.246723
324 0.383445 4.246715
325 0.383444 4.246707
326 0.383443 4.246699
327 0.383442 4.246691
328 0.383441 4.246684
329 0.383441 4.246677
330 0.383440 4.246670
331 0.383439 4.246663
332 0.383438 4.246656
333 0.383437 4.246649
334 0.383437 4.246643
335 0.383436 4.246636
336 0.383435 4.246630
337 0.383435 4.246624
338 0.383434 4.246618
339 0.383433 4.246612
340 0.383433 4.246607
341 0.383432 4.246601
342 0.383431 4.246595
343 0.383431 4.246590
344 0.383430 4.246585
345 0.383430 4.246580
346 0.383429 4.246575
347 0.383428 4.246570
348 0.383428 4.246565
349 0.383427 4.246560
350 0.383427 4.246556
351 0.383426 4.246551
352 0.383426 4.246547
353 0.383425 4.246542
354 0.383425 4.246538
355 0.383424 4.246534
356 0.383424 4.246530
357 0.383423 4.246526
358 0.383423 4.246522
359 0.383423 4.246518
360 0.383422 4.246514
361 0.383422 4.246511
362 0.383421 4.246507
363 0.383421 4.246504
364 0.383421 4.246500
365 0.383420 4.246497
366 0.383420 4.246493
367 0.383419 4.246490
368 0.383419 4.246487
369 0.383419 4.246484
370 0.383418 4.246481
371 0.383418 4.246478
372 0.383418 4.246475
373 0.383417 4.246472
374 0.383417 4.246470
375 0.383417 4.246467
376 0.383416 4.246464
377 0.383416 4.246462
378 0.383416 4.246459
379 0.383416 4.246457
380 0.383415 4.246454
381 0.383415 4.246452
382 0.383415 4.246449
383 0.383414 4.246447
384 0.383414 4.246445
385 0.383414 4.246443
386 0.383414 4.246441
387 0.383414 4.246438
388 0.383413 4.246436
389 0.383413 4.246434
390 0.383413 4.246432
391 0.383413 4.246431
392 0.383412 4.246429
393 0.383412 4.246427
394 0.383412 4.246425
395 0.383412 4.246423
396 0.383412 4.246421
397 0.383411 4.246420
398 0.383411 4.246418
399 0.383411 4.246417
400 0.383411 4.246415
401 0.383411 4.246413
402 0.383410 4.246412
403 0.383410 4.246410
404 0.383410 4.246409
405 0.383410 4.246407
406 0.383410 4.246406
407 0.383410 4.246405
408 0.383410 4.246403
409 0.383409 4.246402
410 0.383409 4.246401
411 0.383409 4.246400
412 0.383409 4.246398
413 0.383409 4.246397
414 0.383409 4.246396
415 0.383409 4.246395
416 0.383408 4.246394
417 0.383408 4.246393
418 0.383408 4.246391
419 0.383408 4.246390
420 0.383408 4.246389
421 0.383408 4.246388
422 0.383408 4.246387
423 0.383408 4.246386
424 0.383407 4.246385
425 0.383407 4.246385
426 0.383407 4.246384
427 0.383407 4.246383
428 0.383407 4.246382
429 0.383407 4.246381
430 0.383407 4.246380
431 0.383407 4.246379
432 0.383407 4.246379
433 0.383407 4.246378
434 0.383407 4.246377
435 0.383406 4.246376
436 0.383406 4.246375
437 0.383406 4.246375
438 0.383406 4.246374
439 0.383406 4.246373
440 0.383406 4.246373
441 0.383406 4.246372
442 0.383406 4.246371
443 0.383406 4.246371
444 0.383406 4.246370
445 0.383406 4.246370
446 0.383406 4.246369
447 0.383406 4.246368
448 0.383405 4.246368
449 0.383405 4.246367
450 0.383405 4.246367
451 0.383405 4.246366
452 0.383405 4.246366
453 0.383405 4.246365
454 0.383405 4.246365
455 0.383405 4.246364
456 0.383405 4.246364
457 0.383405 4.246363
458 0.383405 4.246363
459 0.383405 4.246362
460 0.383405 4.246362
461 0.383405 4.246361
462 0.383405 4.246361
463 0.383405 4.246361
464 0.383405 4.246360
465 0.383405 4.246360
466 0.383405 4.246359
467 0.383404 4.246359
468 0.383404 4.246359
469 0.383404 4.246358
470 0.383404 4.246358
471 0.383404 4.246358
472 0.383404 4.246357
473 0.383404 4.246357
474 0.383404 4.246357
475 0.383404 4.246356
476 0.383404 4.246356
477 0.383404 4.246356
478 0.383404 4.246355
479 0.383404 4.246355
480 0.383404 4.246355
481 0.383404 4.246354
482 0.383404 4.246354
483 0.383404 4.246354
484 0.383404 4.246354
485 0.383404 4.246353
486 0.383404 4.246353
487 0.383404 4.246353
488 0.383404 4.246353
489 0.383404 4.246352
490 0.383404 4.246352
491 0.383404 4.246352
492 0.383404 4.246352
493 0.383404 4.246352
494 0.383404 4.246351
495 0.383404 4.246351
496 0.383404 4.246351
497 0.383404 4.246351
498 0.383404 4.246350
499 0.383403 4.246350
