0 2.209507 17.610000
1 2.206169 17.610000
2 2.203008 17.570000
3 2.199934 17.550000
4 2.196939 17.530948
5 2.194021 17.512385
6 2.191206 17.487615
7 2.188460 17.470159
8 2.185783 17.453134
9 2.183209 17.426866
10 2.180696 17.410904
11 2.178243 17.395317
12 2.175848 17.380097
13 2.173529 17.359903
14 2.171263 17.345513
15 2.169049 17.331447
16 2.166884 17.317697
17 2.164769 17.304257
18 2.162702 17.291120
19 2.160682 17.278280
20 2.158709 17.265728
21 2.156780 17.253460
22 2.154895 17.241469
23 2.153020 17.238531
24 2.151186 17.226868
25 2.149392 17.215455
26 2.147637 17.204288
27 2.145920 17.193362
28 2.144241 17.182671
29 2.142597 17.172211
30 2.140990 17.161975
31 2.139417 17.151961
32 2.137879 17.142163
33 2.136374 17.132576
34 2.134887 17.127424
35 2.133430 17.118150
36 2.132004 17.109065
37 2.130607 17.100167
38 2.129238 17.091452
39 2.127898 17.082915
40 2.126586 17.074554
41 2.125301 17.066364
42 2.124043 17.058343
43 2.122810 17.050487
44 2.121603 17.042792
45 2.120421 17.035255
46 2.119264 17.027873
47 2.118130 17.020643
48 2.117020 17.013562
49 2.115933 17.006627
50 2.114868 16.999834
51 2.113826 16.993182
52 2.112805 16.986666
53 2.111805 16.980284
54 2.110826 16.974034
55 2.109867 16.967913
56 2.108928 16.961918
57 2.108008 16.956047
58 2.107108 16.950296
59 2.106226 16.944664
60 2.105362 16.939149
61 2.104517 16.933747
62 2.103689 16.928457
63 2.102878 16.923276
64 2.102084 16.918201
65 2.101306 16.913232
66 2.100549 16.906768
67 2.099807 16.902032
68 2.099080 16.897388
69 2.098367 16.892835
70 2.097667 16.888372
71 2.096982 16.883996
72 2.096310 16.879705
73 2.095652 16.875498
74 2.095006 16.871374
75 2.094373 16.867331
76 2.093752 16.863366
77 2.093144 16.859480
78 2.092547 16.855669
79 2.091962 16.851933
80 2.091389 16.848270
81 2.090827 16.844680
82 2.090276 16.841159
83 2.089736 16.837708
84 2.089207 16.834324
85 2.088688 16.831006
86 2.088179 16.827754
87 2.087680 16.824565
88 2.087191 16.821439
89 2.086712 16.818374
90 2.086242 16.815369
91 2.085781 16.812424
92 2.085329 16.809536
93 2.084886 16.806705
94 2.084452 16.803929
95 2.084027 16.801208
96 2.083609 16.798540
97 2.083201 16.795924
98 2.082800 16.793360
99 2.082407 16.790846
100 2.082021 16.788382
101 2.081644 16.785966
102 2.081273 16.783598
103 2.080910 16.781276
104 2.080554 16.778999
105 2.080206 16.776767
106 2.079864 16.774580
107 2.079528 16.772435
108 2.079200 16.770332
109 2.078878 16.768270
110 2.078562 16.766250
111 2.078252 16.764268
112 2.077949 16.762326
113 2.077651 16.760422
114 2.077356 16.759578
115 2.077067 16.757727
116 2.076782 16.755911
117 2.076504 16.754128
118 2.076230 16.752379
119 2.075961 16.750662
120 2.075698 16.748977
121 2.075439 16.747323
122 2.075185 16.745700
123 2.074936 16.744107
124 2.074692 16.742543
125 2.074452 16.741009
126 2.074216 16.739503
127 2.073985 16.738025
128 2.073758 16.736574
129 2.073536 16.735151
130 2.073317 16.733754
131 2.073103 16.732383
132 2.072893 16.731037
133 2.072686 16.729716
134 2.072484 16.728420
135 2.072285 16.727148
136 2.072090 16.725900
137 2.071898 16.724674
138 2.071710 16.723472
139 2.071526 16.722292
140 2.071344 16.721134
141 2.071167 16.719997
142 2.070992 16.718882
143 2.070821 16.717787
144 2.070653 16.716712
145 2.070489 16.715658
146 2.070327 16.714623
147 2.070168 16.713607
148 2.070012 16.712611
149 2.069859 16.711632
150 2.069709 16.710672
151 2.069562 16.709730
152 2.069418 16.708806
153 2.069276 16.707898
154 2.069137 16.707007
155 2.069000 16.706133
156 2.068866 16.705276
157 2.068734 16.704434
158 2.068605 16.703608
159 2.068479 16.702797
160 2.068354 16.702001
161 2.068232 16.701220
162 2.068112 16.700454
163 2.067995 16.699701
164 2.067879 16.698963
165 2.067766 16.698239
166 2.067655 16.697528
167 2.067546 16.696830
168 2.067439 16.696145
169 2.067334 16.695473
170 2.067231 16.694814
171 2.067130 16.694166
172 2.067031 16.693531
173 2.066933 16.692908
174 2.066838 16.692296
175 2.066744 16.691696
176 2.066652 16.691106
177 2.066561 16.690528
178 2.066473 16.689960
179 2.066386 16.689403
180 2.066300 16.688857
181 2.066217 16.688320
182 2.066134 16.687794
183 2.066054 16.687277
184 2.065974 16.686770
185 2.065897 16.686273
186 2.065820 16.685784
187 2.065746 16.685305
188 2.065672 16.684835
189 2.065600 16.684373
190 2.065529 16.683920
191 2.065460 16.683475
192 2.065392 16.683039
193 2.065325 16.682611
194 2.065259 16.682191
195 2.065195 16.681778
196 2.065131 16.681374
197 2.065069 16.680976
198 2.065008 16.680587
199 2.064949 16.680204
200 2.064890 16.679829
201 2.064832 16.679460
202 2.064776 16.679099
203 2.064721 16.678744
204 2.064666 16.678395
205 2.064613 16.678054
206 2.064560 16.677718
207 2.064509 16.677389
208 2.064459 16.677066
209 2.064409 16.676749
210 2.064360 16.676438
211 2.064313 16.676133
212 2.064266 16.675833
213 2.064220 16.675539
214 2.064175 16.675250
215 2.064131 16.674967
216 2.064087 16.674689
217 2.064045 16.674416
218 2.064003 16.674149
219 2.063962 16.673886
220 2.063922 16.673628
221 2.063882 16.673375
222 2.063843 16.673127
223 2.063805 16.672883
224 2.063768 16.672644
225 2.063731 16.672409
226 2.063695 16.672179
227 2.063660 16.671953
228 2.063625 16.671731
229 2.063591 16.671513
230 2.063558 16.671299
231 2.063525 16.671090
232 2.063493 16.670884
233 2.063461 16.670682
234 2.063430 16.670484
235 2.063400 16.670289
236 2.063370 16.670099
237 2.063341 16.669911
238 2.063312 16.669727
239 2.063284 16.669547
240 2.063256 16.669370
241 2.063229 16.669196
242 2.063203 16.669026
243 2.063177 16.668858
244 2.063151 16.668694
245 2.063126 16.668533
246 2.063101 16.668375
247 2.063077 16.668219
248 2.063053 16.668067
249 2.063030 16.667918
250 2.063007 16.667771
251 2.062984 16.667627
252 2.062962 16.667486
253 2.062941 16.667347
254 2.062919 16.667211
255 2.062898 16.667077
256 2.062878 16.666946
257 2.062858 16.666818
258 2.062838 16.666691
259 2.062819 16.666567
260 2.062800 16.666446
261 2.062781 16.666327
262 2.062763 16.666209
263 2.062745 16.666095
264 2.062727 16.665982
265 2.062710 16.665871
266 2.062693 16.665762
267 2.062676 16.665656
268 2.062660 16.665551
269 2.062644 16.665449
270 2.062628 16.665348
271 2.062613 16.665249
272 2.062598 16.665152
273 2.062583 16.665057
274 2.062568 16.664963
275 2.062554 16.664872
276 2.062540 16.664782
277 2.062526 16.664693
278 2.062513 16.664607
279 2.062499 16.664522
280 2.062486 16.664438
281 2.062473 16.664356
282 2.062461 16.664276
283 2.062449 16.664197
284 2.062436 16.664119
285 2.062425 16.664043
286 2.062413 16.663969
287 2.062402 16.663896
288 2.062390 16.663824
289 2.062379 16.663753
290 2.062369 16.663684
291 2.062358 16.663616
292 2.062348 16.663550
293 2.062337 16.663484
294 2.062327 16.663420
295 2.062317 16.663357
296 2.062308 16.663295
297 2.062298 16.663235
298 2.062289 16.663175
299 2.062280 16.663117
300 2.062271 16.663059
301 2.062262 16.663003
302 2.062254 16.662948
303 2.062245 16.662894
304 2.062237 16.662841
305 2.062229 16.662788
306 2.062221 16.662737
307 2.062213 16.662687
308 2.062205 16.662638
309 2.062198 16.662589
310 2.062190 16.662542
311 2.062183 16.662495
312 2.062176 16.662449
313 2.062169 16.662404
314 2.062162 16.662360
315 2.062155 16.662317
316 2.062148 16.662275
317 2.062142 16.662233
318 2.062136 16.662192
319 2.062129 16.662152
320 2.062123 16.662113
321 2.062117 16.662074
322 2.062111 16.662036
323 2.062105 16.661999
324 2.062100 16.661962
325 2.062094 16.661927
326 2.062089 16.661891
327 2.062083 16.661857
328 2.062078 16.661823
329 2.062073 16.661790
330 2.062068 16.661757
331 2.062063 16.661725
332 2.062058 16.661694
333 2.062053 16.661663
334 2.062048 16.661633
335 2.062044 16.661603
336 2.062039 16.661574
337 2.062035 16.661545
338 2.062030 16.661517
339 2.062026 16.661490
340 2.062022 16.661463
341 2.062017 16.661436
342 2.062013 16.661410
343 2.062009 16.661385
344 2.062006 16.661360
345 2.062002 16.661335
346 2.061998 16.661311
347 2.061994 16.661287
348 2.061991 16.661264
349 2.061987 16.661241
350 2.061984 16.661219
351 2.061980 16.661197
352 2.061977 16.661175
353 2.061973 16.661154
354 2.061970 16.661133
355 2.061967 16.661113
356 2.061964 16.661093
357 2.061961 16.661073
358 2.061958 16.661054
359 2.061955 16.661035
360 2.061952 16.661016
361 2.061949 16.660998
362 2.061946 16.660980
363 2.061944 16.660963
364 2.061941 16.660946
365 2.061938 16.660929
366 2.061936 16.660912
367 2.061933 16.660896
368 2.061931 16.660880
369 2.061928 16.660864
370 2.061926 16.660849
371 2.061923 16.660834
372 2.061921 16.660819
373 2.061919 16.660804
374 2.061917 16.660790
375 2.061914 16.660776
376 2.061912 16.660762
377 2.061910 16.660749
378 2.061908 16.660736
379 2.061906 16.660723
380 2.061904 16.660710
381 2.061902 16.660697
382 2.061900 16.660685
383 2.061898 16.660673
384 2.061896 16.660661
385 2.061895 16.660650
386 2.061893 16.660638
387 2.061891 16.660627
388 2.061889 16.660616
389 2.061888 16.660605
390 2.061886 16.660595
391 2.061885 16.660585
392 2.061883 16.660574
393 2.061881 16.660564
394 2.061880 16.660555
395 2.061878 16.660545
396 2.061877 16.660536
397 2.061875 16.660526
398 2.061874 16.660517
399 2.061873 16.660508
400 2.061871 16.660500
401 2.061870 16.660491
402 2.061869 16.660483
403 2.061867 16.660474
404 2.061866 16.660466
405 2.061865 16.660458
406 2.061864 16.660450
407 2.061862 16.660443
408 2.061861 16.660435
409 2.061860 16.660428
410 2.061859 16.660421
411 2.061858 16.660413
412 2.061857 16.660406
413 2.061856 16.660400
414 2.061855 16.660393
415 2.061854 16.660386
416 2.061853 16.660380
417 2.061852 16.660373
418 2.061851 16.660367
419 2.061850 16.660361
420 2.061849 16.660355
421 2.061848 16.660349
422 2.061847 16.660343
423 2.061846 16.660338
424 2.061845 16.660332
425 2.061844 16.660327
426 2.061843 16.660321
427 2.061843 16.660316
428 2.061842 16.660311
429 2.061841 16.660306
430 2.061840 16.660301
431 2.061839 16.660296
432 2.061839 16.660291
433 2.061838 16.660287
434 2.061837 16.660282
435 2.061837 16.660277
436 2.061836 16.660273
437 2.061835 16.660269
438 2.061834 16.660264
439 2.061834 16.660260
440 2.061833 16.660256
441 2.061833 16.660252
442 2.061832 16.660248
443 2.061831 16.660244
444 2.061831 16.660240
445 2.061830 16.660236
446 2.061830 16.660233
447 2.061829 16.660229
448 2.061828 16.660226
449 2.061828 16.660222
450 2.061827 16.660219
451 2.061827 16.660215
452 2.061826 16.660212
453 2.061826 16.660209
454 2.061825 16.660206
455 2.061825 16.660203
456 2.061824 16.660199
457 2.061824 16.660196
458 2.061823 16.660194
459 2.061823 16.660191
460 2.061823 16.660188
461 2.061822 16.660185
462 2.061822 16.660182
463 2.061821 16.660180
464 2.061821 16.660177
465 2.061820 16.660174
466 2.061820 16.660172
467 2.061820 16.660169
468 2.061819 16.660167
469 2.061819 16.660165
470 2.061819 16.660162
471 2.061818 16.660160
472 2.061818 16.660158
473 2.061818 16.660155
474 2.061817 16.660153
475 2.061817 16.660151
476 2.061817 16.660149
477 2.061816 16.660147
478 2.061816 16.660145
479 2.061816 16.660143
480 2.061815 16.660141
481 2.061815 16.660139
482 2.061815 16.660137
483 2.061814 16.660135
484 2.061814 16.660134
485 2.061814 16.660132
486 2.061814 16.660130
487 2.061813 16.660128
488 2.061813 16.660127
489 2.061813 16.660125
490 2.061813 16.660124
491 2.061812 16.660122
492 2.061812 16.660120
493 2.061812 16.660119
494 2.061812 16.660117
495 2.061811 16.660116
496 2.061811 16.660114
497 2.061811 16.660113
498 2.061811 16.660112
499 2.061810 16.660110
