0 10.328781 70.570000
1 10.317481 70.570000
2 10.306317 70.550000
3 10.295416 70.510000
4 10.285151 70.410000
5 10.275380 70.330000
6 10.265924 70.278031
7 10.256773 70.227729
8 10.247834 70.192271
9 10.239174 70.144690
10 10.230785 70.098587
11 10.222658 70.053915
12 10.214785 70.010632
13 10.207380 69.929368
14 10.200199 69.889942
15 10.193235 69.851700
16 10.186481 69.814607
17 10.179931 69.778628
18 10.173579 69.743730
19 10.167603 69.676270
20 10.161800 69.644434
21 10.156167 69.613521
22 10.150698 69.583505
23 10.145388 69.554360
24 10.140233 69.526061
25 10.135228 69.498583
26 10.130422 69.461417
27 10.125752 69.435802
28 10.121213 69.410903
29 10.116801 69.386702
30 10.112513 69.363178
31 10.108346 69.340312
32 10.104296 69.318087
33 10.100359 69.296484
34 10.096533 69.275486
35 10.092815 69.255077
36 10.089149 69.244923
37 10.085582 69.225361
38 10.082112 69.206327
39 10.078736 69.187806
40 10.075451 69.169785
41 10.072255 69.152250
42 10.069145 69.135188
43 10.066119 69.118586
44 10.063176 69.102433
45 10.060312 69.086716
46 10.057525 69.071423
47 10.054814 69.056543
48 10.052177 69.042064
49 10.049610 69.027977
50 10.047113 69.014270
51 10.044684 69.000934
52 10.042321 68.987958
53 10.040021 68.975332
54 10.037784 68.963048
55 10.035577 68.956952
56 10.033428 68.945160
57 10.031334 68.933674
58 10.029295 68.922486
59 10.027309 68.911589
60 10.025374 68.900975
61 10.023490 68.890637
62 10.021655 68.880567
63 10.019868 68.870759
64 10.018127 68.861205
65 10.016431 68.851900
66 10.014780 68.842836
67 10.013172 68.834009
68 10.011605 68.825410
69 10.010079 68.817035
70 10.008593 68.808878
71 10.007146 68.800933
72 10.005736 68.793194
73 10.004363 68.785656
74 10.003026 68.778315
75 10.001723 68.771164
76 10.000455 68.764199
77 9.999219 68.757416
78 9.998016 68.750809
79 9.996844 68.744373
80 9.995702 68.738105
81 9.994590 68.732000
82 9.993508 68.726054
83 9.992453 68.720262
84 9.991426 68.714622
85 9.990425 68.709127
86 9.989451 68.703776
87 9.988502 68.698564
88 9.987577 68.693488
89 9.986677 68.688544
90 9.985800 68.683728
91 9.984946 68.679038
92 9.984115 68.674470
93 9.983305 68.670020
94 9.982516 68.665687
95 9.981747 68.661466
96 9.980999 68.657355
97 9.980270 68.653351
98 9.979560 68.649451
99 9.978868 68.645653
100 9.978195 68.641954
101 9.977539 68.638350
102 9.976900 68.634841
103 9.976278 68.631423
104 9.975672 68.628094
105 9.975082 68.624852
106 9.974507 68.621694
107 9.973947 68.618619
108 9.973402 68.615623
109 9.972871 68.612705
110 9.972354 68.609864
111 9.971850 68.607096
112 9.971359 68.604401
113 9.970881 68.601775
114 9.970416 68.599218
115 9.969963 68.596728
116 9.969521 68.594302
117 9.969091 68.591940
118 9.968672 68.589639
119 9.968265 68.587398
120 9.967867 68.585215
121 9.967480 68.583090
122 9.967104 68.581019
123 9.966737 68.579003
124 9.966379 68.577039
125 9.966031 68.575126
126 9.965692 68.573263
127 9.965362 68.571448
128 9.965046 68.568552
129 9.964737 68.566858
130 9.964436 68.565207
131 9.964143 68.563598
132 9.963857 68.562028
133 9.963578 68.560498
134 9.963306 68.559006
135 9.963041 68.557551
136 9.962783 68.556132
137 9.962531 68.554749
138 9.962285 68.553401
139 9.962046 68.552086
140 9.961812 68.550804
141 9.961584 68.549554
142 9.961362 68.548335
143 9.961146 68.547147
144 9.960935 68.545988
145 9.960729 68.544859
146 9.960528 68.543757
147 9.960333 68.542683
148 9.960142 68.541636
149 9.959956 68.540615
150 9.959775 68.539620
151 9.959598 68.538649
152 9.959426 68.537703
153 9.959257 68.536780
154 9.959094 68.535880
155 9.958934 68.535003
156 9.958778 68.534148
157 9.958626 68.533314
158 9.958478 68.532501
159 9.958334 68.531708
160 9.958193 68.530935
161 9.958056 68.530182
162 9.957922 68.529447
163 9.957791 68.528730
164 9.957664 68.528032
165 9.957540 68.527351
166 9.957419 68.526687
167 9.957301 68.526039
168 9.957186 68.525408
169 9.957074 68.524793
170 9.956965 68.524192
171 9.956858 68.523607
172 9.956754 68.523037
173 9.956653 68.522480
174 9.956554 68.521938
175 9.956458 68.521409
176 9.956364 68.520894
177 9.956272 68.520391
178 9.956183 68.519901
179 9.956096 68.519423
180 9.956011 68.518957
181 9.955928 68.518502
182 9.955847 68.518059
183 9.955769 68.517628
184 9.955692 68.517206
185 9.955617 68.516796
186 9.955544 68.516396
187 9.955473 68.516005
188 9.955404 68.515625
189 9.955336 68.515254
190 9.955270 68.514892
191 9.955206 68.514539
192 9.955144 68.514195
193 9.955082 68.513860
194 9.955023 68.513533
195 9.954965 68.513214
196 9.954908 68.512903
197 9.954853 68.512600
198 9.954799 68.512304
199 9.954747 68.512016
200 9.954696 68.511735
201 9.954646 68.511462
202 9.954597 68.511194
203 9.954550 68.510934
204 9.954503 68.510680
205 9.954458 68.510433
206 9.954414 68.510191
207 9.954371 68.509956
208 9.954330 68.509727
209 9.954289 68.509503
210 9.954249 68.509285
211 9.954210 68.509072
212 9.954173 68.508865
213 9.954136 68.508663
214 9.954100 68.508466
215 9.954065 68.508273
216 9.954031 68.508086
217 9.953998 68.507903
218 9.953965 68.507725
219 9.953933 68.507551
220 9.953903 68.507382
221 9.953873 68.507217
222 9.953843 68.507056
223 9.953815 68.506899
224 9.953787 68.506746
225 9.953760 68.506597
226 9.953733 68.506451
227 9.953707 68.506309
228 9.953682 68.506171
229 9.953657 68.506036
230 9.953634 68.505905
231 9.953610 68.505777
232 9.953587 68.505652
233 9.953565 68.505530
234 9.953544 68.505411
235 9.953522 68.505295
236 9.953502 68.505182
237 9.953482 68.505072
238 9.953462 68.504965
239 9.953443 68.504860
240 9.953425 68.504758
241 9.953406 68.504658
242 9.953389 68.504561
243 9.953372 68.504467
244 9.953355 68.504374
245 9.953338 68.504284
246 9.953322 68.504197
247 9.953307 68.504111
248 9.953292 68.504028
249 9.953277 68.503946
250 9.953262 68.503867
251 9.953248 68.503790
252 9.953235 68.503715
253 9.953221 68.503641
254 9.953208 68.503570
255 9.953195 68.503500
256 9.953183 68.503432
257 9.953171 68.503365
258 9.953159 68.503300
259 9.953148 68.503237
260 9.953136 68.503176
261 9.953126 68.503116
262 9.953115 68.503057
263 9.953104 68.503000
264 9.953094 68.502945
265 9.953084 68.502890
266 9.953075 68.502838
267 9.953065 68.502786
268 9.953056 68.502736
269 9.953047 68.502687
270 9.953039 68.502639
271 9.953030 68.502592
272 9.953022 68.502547
273 9.953014 68.502503
274 9.953006 68.502459
275 9.952998 68.502417
276 9.952991 68.502376
277 9.952984 68.502336
278 9.952976 68.502297
279 9.952970 68.502259
280 9.952963 68.502222
281 9.952956 68.502186
282 9.952950 68.502151
283 9.952943 68.502116
284 9.952937 68.502083
285 9.952931 68.502050
286 9.952926 68.502018
287 9.952920 68.501987
288 9.952914 68.501957
289 9.952909 68.501927
290 9.952904 68.501899
291 9.952899 68.501870
292 9.952894 68.501843
293 9.952889 68.501816
294 9.952884 68.501790
295 9.952879 68.501765
296 9.952875 68.501740
297 9.952871 68.501716
298 9.952866 68.501693
299 9.952862 68.501670
300 9.952858 68.501647
301 9.952854 68.501625
302 9.952850 68.501604
303 9.952846 68.501583
304 9.952843 68.501563
305 9.952839 68.501544
306 9.952836 68.501524
307 9.952832 68.501506
308 9.952829 68.501487
309 9.952826 68.501470
310 9.952823 68.501452
311 9.952819 68.501435
312 9.952816 68.501419
313 9.952814 68.501403
314 9.952811 68.501387
315 9.952808 68.501372
316 9.952805 68.501357
317 9.952802 68.501342
318 9.952800 68.501328
319 9.952797 68.501314
320 9.952795 68.501301
321 9.952793 68.501288
322 9.952790 68.501275
323 9.952788 68.501262
324 9.952786 68.501250
325 9.952784 68.501238
326 9.952781 68.501227
327 9.952779 68.501215
328 9.952777 68.501204
329 9.952775 68.501194
330 9.952774 68.501183
331 9.952772 68.501173
332 9.952770 68.501163
333 9.952768 68.501153
334 9.952766 68.501144
335 9.952765 68.501135
336 9.952763 68.501126
337 9.952761 68.501117
338 9.952760 68.501108
339 9.952758 68.501100
340 9.952757 68.501092
341 9.952755 68.501084
342 9.952754 68.501076
343 9.952753 68.501069
344 9.952751 68.501061
345 9.952750 68.501054
346 9.952749 68.501047
347 9.952748 68.501040
348 9.952746 68.501034
349 9.952745 68.501027
350 9.952744 68.501021
351 9.952743 68.501015
352 9.952742 68.501009
353 9.952741 68.501003
354 9.952740 68.500997
355 9.952739 68.500992
356 9.952738 68.500986
357 9.952737 68.500981
358 9.952736 68.500976
359 9.952735 68.500971
360 9.952734 68.500966
361 9.952733 68.500961
362 9.952732 68.500956
363 9.952731 68.500952
364 9.952731 68.500948
365 9.952730 68.500943
366 9.952729 68.500939
367 9.952728 68.500935
368 9.952728 68.500931
369 9.952727 68.500927
370 9.952726 68.500923
371 9.952726 68.500919
372 9.952725 68.500916
373 9.952724 68.500912
374 9.952724 68.500909
375 9.952723 68.500906
376 9.952722 68.500902
377 9.952722 68.500899
378 9.952721 68.500896
379 9.952721 68.500893
380 9.952720 68.500890
381 9.952720 68.500887
382 9.952719 68.500884
383 9.952719 68.500882
384 9.952718 68.500879
385 9.952718 68.500876
386 9.952717 68.500874
387 9.952717 68.500871
388 9.952716 68.500869
389 9.952716 68.500867
390 9.952715 68.500864
391 9.952715 68.500862
392 9.952715 68.500860
393 9.952714 68.500858
394 9.952714 68.500856
395 9.952714 68.500854
396 9.952713 68.500852
397 9.952713 68.500850
398 9.952712 68.500848
399 9.952712 68.500846
400 9.952712 68.500844
401 9.952711 68.500843
402 9.952711 68.500841
403 9.952711 68.500839
404 9.952711 68.500838
405 9.952710 68.500836
406 9.952710 68.500834
407 9.952710 68.500833
408 9.952709 68.500832
409 9.952709 68.500830
410 9.952709 68.500829
411 9.952709 68.500827
412 9.952708 68.500826
413 9.952708 68.500825
414 9.952708 68.500824
415 9.952708 68.500822
416 9.952708 68.500821
417 9.952707 68.500820
418 9.952707 68.500819
419 9.952707 68.500818
420 9.952707 68.500817
421 9.952707 68.500816
422 9.952706 68.500815
423 9.952706 68.500814
424 9.952706 68.500813
425 9.952706 68.500812
426 9.952706 68.500811
427 9.952706 68.500810
428 9.952705 68.500809
429 9.952705 68.500808
430 9.952705 68.500807
431 9.952705 68.500806
432 9.952705 68.500806
433 9.952705 68.500805
434 9.952705 68.500804
435 9.952704 68.500803
436 9.952704 68.500803
437 9.952704 68.500802
438 9.952704 68.500801
439 9.952704 68.500801
440 9.952704 68.500800
441 9.952704 68.500799
442 9.952704 68.500799
443 9.952703 68.500798
444 9.952703 68.500798
445 9.952703 68.500797
446 9.952703 68.500796
447 9.952703 68.500796
448 9.952703 68.500795
449 9.952703 68.500795
450 9.952703 68.500794
451 9.952703 68.500794
452 9.952703 68.500793
453 9.952702 68.500793
454 9.952702 68.500793
455 9.952702 68.500792
456 9.952702 68.500792
457 9.952702 68.500791
458 9.952702 68.500791
459 9.952702 68.500790
460 9.952702 68.500790
461 9.952702 68.500790
462 9.952702 68.500789
463 9.952702 68.500789
464 9.952702 68.500789
465 9.952702 68.500788
466 9.952702 68.500788
467 9.952701 68.500788
468 9.952701 68.500787
469 9.952701 68.500787
470 9.952701 68.500787
471 9.952701 68.500786
472 9.952701 68.500786
473 9.952701 68.500786
474 9.952701 68.500785
475 9.952701 68.500785
476 9.952701 68.500785
477 9.952701 68.500785
478 9.952701 68.500784
479 9.952701 68.500784
480 9.952701 68.500784
481 9.952701 68.500784
482 9.952701 68.500784
483 9.952701 68.500783
484 9.952701 68.500783
485 9.952701 68.500783
486 9.952701 68.500783
487 9.952701 68.500782
488 9.952701 68.500782
489 9.952700 68.500782
490 9.952700 68.500782
491 9.952700 68.500782
492 9.952700 68.500782
493 9.952700 68.500781
494 9.952700 68.500781
495 9.952700 68.500781
496 9.952700 68.500781
497 9.952700 68.500781
498 9.952700 68.500781
499 9.952700 68.500780
