0 0.663871 6.170000
1 0.663385 6.170000
2 0.662922 6.166490
3 0.662480 6.163141
4 0.662078 6.156859
5 0.661694 6.153952
6 0.661328 6.151176
7 0.660977 6.148525
8 0.660643 6.145993
9 0.660324 6.143574
10 0.660019 6.141265
11 0.659728 6.139060
12 0.659450 6.136954
13 0.659184 6.134942
14 0.658931 6.133022
15 0.658689 6.131187
16 0.658461 6.128813
17 0.658244 6.127167
18 0.658036 6.125594
19 0.657838 6.124090
20 0.657648 6.122652
21 0.657466 6.121277
22 0.657293 6.119963
23 0.657127 6.118707
24 0.656968 6.117506
25 0.656817 6.116358
26 0.656672 6.115260
27 0.656533 6.114211
28 0.656401 6.113208
29 0.656274 6.112249
30 0.656153 6.111332
31 0.656038 6.110456
32 0.655927 6.109619
33 0.655821 6.108818
34 0.655720 6.108052
35 0.655624 6.107321
36 0.655532 6.106621
37 0.655443 6.105952
38 0.655359 6.105313
39 0.655278 6.104702
40 0.655201 6.104118
41 0.655128 6.103560
42 0.655057 6.103026
43 0.654990 6.102516
44 0.654926 6.102028
45 0.654864 6.101562
46 0.654805 6.101116
47 0.654749 6.100690
48 0.654695 6.100283
49 0.654644 6.099893
50 0.654595 6.099521
51 0.654548 6.099165
52 0.654503 6.098825
53 0.654460 6.098500
54 0.654419 6.098190
55 0.654380 6.097893
56 0.654343 6.097609
57 0.654307 6.097337
58 0.654273 6.097078
59 0.654240 6.096830
60 0.654209 6.096593
61 0.654179 6.096366
62 0.654150 6.096150
63 0.654123 6.095943
64 0.654097 6.095745
65 0.654072 6.095556
66 0.654048 6.095375
67 0.654025 6.095202
68 0.654004 6.095037
69 0.653983 6.094879
70 0.653963 6.094728
71 0.653944 6.094584
72 0.653926 6.094446
73 0.653908 6.094314
74 0.653892 6.094188
75 0.653876 6.094067
76 0.653860 6.093952
77 0.653846 6.093842
78 0.653832 6.093737
79 0.653819 6.093636
80 0.653806 6.093540
81 0.653794 6.093448
82 0.653782 6.093360
83 0.653771 6.093276
84 0.653761 6.093196
85 0.653751 6.093120
86 0.653741 6.093046
87 0.653732 6.092976
88 0.653723 6.092909
89 0.653714 6.092845
90 0.653706 6.092784
91 0.653699 6.092725
92 0.653691 6.092669
93 0.653684 6.092616
94 0.653678 6.092565
95 0.653671 6.092516
96 0.653665 6.092469
97 0.653659 6.092425
98 0.653653 6.092382
99 0.653648 6.092341
100 0.653643 6.092302
101 0.653638 6.092265
102 0.653633 6.092229
103 0.653629 6.092195
104 0.653624 6.092163
105 0.653620 6.092131
106 0.653616 6.092102
107 0.653613 6.092073
108 0.653609 6.092046
109 0.653606 6.092020
110 0.653602 6.091995
111 0.653599 6.091972
112 0.653596 6.091949
113 0.653593 6.091927
114 0.653591 6.091906
115 0.653588 6.091887
116 0.653586 6.091868
117 0.653583 6.091850
118 0.653581 6.091832
119 0.653579 6.091816
120 0.653577 6.091800
121 0.653575 6.091785
122 0.653573 6.091770
123 0.653571 6.091757
124 0.653569 6.091743
125 0.653568 6.091731
126 0.653566 6.091719
127 0.653564 6.091707
128 0.653563 6.091696
129 0.653562 6.091686
130 0.653560 6.091676
131 0.653559 6.091666
132 0.653558 6.091657
133 0.653557 6.091648
134 0.653556 6.091640
135 0.653554 6.091632
136 0.653553 6.091624
137 0.653552 6.091617
138 0.653552 6.091609
139 0.653551 6.091603
140 0.653550 6.091596
141 0.653549 6.091590
142 0.653548 6.091584
143 0.653548 6.091579
144 0.653547 6.091573
145 0.653546 6.091568
146 0.653545 6.091563
147 0.653545 6.091559
148 0.653544 6.091554
149 0.653544 6.091550
150 0.653543 6.091546
151 0.653543 6.091542
152 0.653542 6.091538
153 0.653542 6.091535
154 0.653541 6.091531
155 0.653541 6.091528
156 0.653540 6.091525
157 0.653540 6.091522
158 0.653540 6.091519
159 0.653539 6.091516
160 0.653539 6.091514
161 0.653539 6.091511
162 0.653538 6.091509
163 0.653538 6.091507
164 0.653538 6.091505
165 0.653537 6.091502
166 0.653537 6.091500
167 0.653537 6.091499
168 0.653537 6.091497
169 0.653536 6.091495
170 0.653536 6.091493
171 0.653536 6.091492
172 0.653536 6.091490
173 0.653536 6.091489
174 0.653535 6.091487
175 0.653535 6.091486
176 0.653535 6.091485
177 0.653535 6.091484
178 0.653535 6.091482
179 0.653535 6.091481
180 0.653535 6.091480
181 0.653534 6.091479
182 0.653534 6.091478
183 0.653534 6.091477
184 0.653534 6.091477
185 0.653534 6.091476
186 0.653534 6.091475
187 0.653534 6.091474
188 0.653534 6.091473
189 0.653534 6.091473
190 0.653533 6.091472
191 0.653533 6.091471
192 0.653533 6.091471
193 0.653533 6.091470
194 0.653533 6.091470
195 0.653533 6.091469
196 0.653533 6.091469
197 0.653533 6.091468
198 0.653533 6.091468
199 0.653533 6.091467
200 0.653533 6.091467
201 0.653533 6.091466
202 0.653533 6.091466
203 0.653533 6.091466
204 0.653533 6.091465
205 0.653533 6.091465
206 0.653532 6.091465
207 0.653532 6.091464
208 0.653532 6.091464
209 0.653532 6.091464
210 0.653532 6.091463
211 0.653532 6.091463
212 0.653532 6.091463
213 0.653532 6.091463
214 0.653532 6.091462
215 0.653532 6.091462
216 0.653532 6.091462
217 0.653532 6.091462
218 0.653532 6.091462
219 0.653532 6.091461
220 0.653532 6.091461
221 0.653532 6.091461
222 0.653532 6.091461
223 0.653532 6.091461
224 0.653532 6.091461
225 0.653532 6.091460
226 0.653532 6.091460
227 0.653532 6.091460
228 0.653532 6.091460
229 0.653532 6.091460
230 0.653532 6.091460
231 0.653532 6.091460
232 0.653532 6.091460
233 0.653532 6.091460
234 0.653532 6.091459
235 0.653532 6.091459
236 0.653532 6.091459
237 0.653532 6.091459
238 0.653532 6.091459
239 0.653532 6.091459
240 0.653532 6.091459
241 0.653532 6.091459
242 0.653532 6.091459
243 0.653532 6.091459
244 0.653532 6.091459
245 0.653532 6.091459
246 0.653532 6.091459
247 0.653532 6.091459
248 0.653532 6.091459
249 0.653532 6.091459
250 0.653532 6.091458
251 0.653532 6.091458
252 0.653532 6.091458
253 0.653532 6.091458
254 0.653532 6.091458
255 0.653532 6.091458
256 0.653532 6.091458
257 0.653532 6.091458
258 0.653532 6.091458
259 0.653532 6.091458
260 0.653532 6.091458
261 0.653532 6.091458
262 0.653532 6.091458
263 0.653532 6.091458
264 0.653532 6.091458
265 0.653532 6.091458
266 0.653532 6.091458
267 0.653532 6.091458
268 0.653532 6.091458
269 0.653532 6.091458
270 0.653532 6.091458
271 0.653532 6.091458
272 0.653532 6.091458
273 0.653532 6.091458
274 0.653532 6.091458
275 0.653532 6.091458
276 0.653532 6.091458
277 0.653532 6.091458
278 0.653532 6.091458
279 0.653532 6.091458
280 0.653532 6.091458
281 0.653532 6.091458
282 0.653532 6.091458
283 0.653532 6.091458
284 0.653532 6.091458
285 0.653532 6.091458
286 0.653532 6.091458
287 0.653532 6.091458
288 0.653532 6.091458
289 0.653532 6.091458
290 0.653532 6.091458
291 0.653532 6.091458
292 0.653532 6.091458
293 0.653532 6.091458
294 0.653532 6.091458
295 0.653532 6.091458
296 0.653532 6.091458
297 0.653532 6.091458
298 0.653532 6.091458
299 0.653532 6.091458
300 0.653532 6.091458
301 0.653532 6.091458
302 0.653532 6.091458
303 0.653532 6.091458
304 0.653532 6.091458
305 0.653532 6.091458
306 0.653532 6.091458
307 0.653532 6.091458
308 0.653532 6.091458
309 0.653532 6.091458
310 0.653532 6.091458
311 0.653532 6.091458
312 0.653532 6.091458
313 0.653532 6.091458
314 0.653532 6.091458
315 0.653532 6.091458
316 0.653532 6.091458
317 0.653532 6.091458
318 0.653532 6.091458
319 0.653532 6.091458
320 0.653532 6.091458
321 0.653532 6.091458
322 0.653532 6.091458
323 0.653532 6.091458
324 0.653532 6.091458
325 0.653532 6.091458
326 0.653532 6.091458
327 0.653532 6.091458
328 0.653532 6.091458
329 0.653532 6.091458
330 0.653532 6.091458
331 0.653532 6.091458
332 0.653532 6.091458
333 0.653532 6.091458
334 0.653532 6.091458
335 0.653532 6.091458
336 0.653532 6.091458
337 0.653532 6.091458
338 0.653532 6.091458
339 0.653532 6.091458
340 0.653532 6.091458
341 0.653532 6.091458
342 0.653532 6.091458
343 0.653532 6.091458
344 0.653532 6.091458
345 0.653532 6.091458
346 0.653532 6.091458
347 0.653532 6.091458
348 0.653532 6.091458
349 0.653532 6.091458
350 0.653532 6.091458
351 0.653532 6.091458
352 0.653532 6.091458
353 0.653532 6.091458
354 0.653532 6.091458
355 0.653532 6.091458
356 0.653532 6.091458
357 0.653532 6.091458
358 0.653532 6.091458
359 0.653532 6.091458
360 0.653532 6.091458
361 0.653532 6.091458
362 0.653532 6.091458
363 0.653532 6.091458
364 0.653532 6.091458
365 0.653532 6.091458
366 0.653532 6.091458
367 0.653532 6.091458
368 0.653532 6.091458
369 0.653532 6.091458
370 0.653532 6.091458
371 0.653532 6.091458
372 0.653532 6.091458
373 0.653532 6.091458
374 0.653532 6.091458
375 0.653532 6.091458
376 0.653532 6.091458
377 0.653532 6.091458
378 0.653532 6.091458
379 0.653532 6.091458
380 0.653532 6.091458
381 0.653532 6.091458
382 0.653532 6.091458
383 0.653532 6.091458
384 0.653532 6.091458
385 0.653532 6.091458
386 0.653532 6.091458
387 0.653532 6.091458
388 0.653532 6.091458
389 0.653532 6.091458
390 0.653532 6.091458
391 0.653532 6.091458
392 0.653532 6.091458
393 0.653532 6.091458
394 0.653532 6.091458
395 0.653532 6.091458
396 0.653532 6.091458
397 0.653532 6.091458
398 0.653532 6.091458
399 0.653532 6.091458
400 0.653532 6.091458
401 0.653532 6.091458
402 0.653532 6.091458
403 0.653532 6.091458
404 0.653532 6.091458
405 0.653532 6.091458
406 0.653532 6.091458
407 0.653532 6.091458
408 0.653532 6.091458
409 0.653532 6.091458
410 0.653532 6.091458
411 0.653532 6.091458
412 0.653532 6.091458
413 0.653532 6.091458
414 0.653532 6.091458
415 0.653532 6.091458
416 0.653532 6.091458
417 0.653532 6.091458
418 0.653532 6.091458
419 0.653532 6.091458
420 0.653532 6.091458
421 0.653532 6.091458
422 0.653532 6.091458
423 0.653532 6.091458
424 0.653532 6.091458
425 0.653532 6.091458
426 0.653532 6.091458
427 0.653532 6.091458
428 0.653532 6.091458
429 0.653532 6.091458
430 0.653532 6.091458
431 0.653532 6.091458
432 0.653532 6.091458
433 0.653532 6.091458
434 0.653532 6.091458
435 0.653532 6.091458
436 0.653532 6.091458
437 0.653532 6.091458
438 0.653532 6.091458
439 0.653532 6.091458
440 0.653532 6.091458
441 0.653532 6.091458
442 0.653532 6.091458
443 0.653532 6.091458
444 0.653532 6.091458
445 0.653532 6.091458
446 0.653532 6.091458
447 0.653532 6.091458
448 0.653532 6.091458
449 0.653532 6.091458
450 0.653532 6.091458
451 0.653532 6.091458
452 0.653532 6.091458
453 0.653532 6.091458
454 0.653532 6.091458
455 0.653532 6.091458
456 0.653532 6.091458
457 0.653532 6.091458
458 0.653532 6.091458
459 0.653532 6.091458
460 0.653532 6.091458
461 0.653532 6.091458
462 0.653532 6.091458
463 0.653532 6.091458
464 0.653532 6.091458
465 0.653532 6.091458
466 0.653532 6.091458
467 0.653532 6.091458
468 0.653532 6.091458
469 0.653532 6.091458
470 0.653532 6.091458
471 0.653532 6.091458
472 0.653532 6.091458
473 0.653532 6.091458
474 0.653532 6.091458
475 0.653532 6.091458
476 0.653532 6.091458
477 0.653532 6.091458
478 0.653532 6.091458
479 0.653532 6.091458
480 0.653532 6.091458
481 0.653532 6.091458
482 0.653532 6.091458
483 0.653532 6.091458
484 0.653532 6.091458
485 0.653532 6.091458
486 0.653532 6.091458
487 0.653532 6.091458
488 0.653532 6.091458
489 0.653532 6.091458
490 0.653532 6.091458
491 0.653532 6.091458
492 0.653532 6.091458
493 0.653532 6.091458
494 0.653532 6.091458
495 0.653532 6.091458
496 0.653532 6.091458
497 0.653532 6.091458
498 0.653532 6.091458
499 0.653532 6.091458
