0 0.148763 2.990000
1 0.148093 2.990000
2 0.147501 2.970000
3 0.146945 2.960771
4 0.146421 2.952082
5 0.145913 2.947918
6 0.145434 2.939960
7 0.144981 2.932442
8 0.144553 2.925341
9 0.144163 2.914659
10 0.143793 2.908536
11 0.143442 2.902731
12 0.143110 2.897228
13 0.142796 2.892012
14 0.142498 2.887068
15 0.142216 2.882382
16 0.141949 2.877618
17 0.141695 2.873418
18 0.141454 2.869423
19 0.141224 2.865623
20 0.141006 2.862009
21 0.140799 2.858572
22 0.140602 2.855303
23 0.140414 2.852194
24 0.140236 2.849238
25 0.140067 2.846426
26 0.139906 2.843753
27 0.139753 2.841210
28 0.139607 2.838793
29 0.139469 2.836494
30 0.139338 2.834308
31 0.139213 2.832230
32 0.139094 2.830254
33 0.138977 2.829746
34 0.138865 2.827890
35 0.138758 2.826119
36 0.138656 2.824429
37 0.138559 2.822817
38 0.138466 2.821278
39 0.138378 2.819810
40 0.138293 2.818409
41 0.138213 2.817072
42 0.138136 2.815797
43 0.138063 2.814580
44 0.137993 2.813418
45 0.137926 2.812310
46 0.137863 2.811253
47 0.137802 2.810245
48 0.137744 2.809282
49 0.137689 2.808364
50 0.137636 2.807488
51 0.137586 2.806652
52 0.137538 2.805855
53 0.137492 2.805094
54 0.137448 2.804368
55 0.137407 2.803675
56 0.137367 2.803015
57 0.137329 2.802384
58 0.137293 2.801783
59 0.137258 2.801209
60 0.137226 2.800662
61 0.137194 2.800140
62 0.137164 2.799642
63 0.137136 2.799166
64 0.137108 2.798713
65 0.137082 2.798280
66 0.137058 2.797868
67 0.137034 2.797474
68 0.137011 2.797099
69 0.136990 2.796740
70 0.136969 2.796399
71 0.136950 2.796073
72 0.136931 2.795761
73 0.136913 2.795465
74 0.136896 2.795182
75 0.136880 2.794912
76 0.136865 2.794654
77 0.136850 2.794408
78 0.136836 2.794174
79 0.136822 2.793950
80 0.136809 2.793737
81 0.136797 2.793533
82 0.136786 2.793339
83 0.136774 2.793154
84 0.136764 2.792977
85 0.136754 2.792809
86 0.136744 2.792648
87 0.136735 2.792495
88 0.136726 2.792348
89 0.136718 2.792209
90 0.136710 2.792076
91 0.136702 2.791949
92 0.136695 2.791828
93 0.136688 2.791712
94 0.136681 2.791602
95 0.136675 2.791497
96 0.136669 2.791396
97 0.136663 2.791301
98 0.136658 2.791209
99 0.136652 2.791122
100 0.136647 2.791039
101 0.136643 2.790960
102 0.136638 2.790884
103 0.136634 2.790812
104 0.136630 2.790743
105 0.136626 2.790678
106 0.136622 2.790615
107 0.136618 2.790555
108 0.136615 2.790499
109 0.136612 2.790444
110 0.136609 2.790392
111 0.136606 2.790343
112 0.136603 2.790296
113 0.136600 2.790251
114 0.136598 2.790208
115 0.136595 2.790167
116 0.136593 2.790128
117 0.136590 2.790091
118 0.136588 2.790055
119 0.136586 2.790021
120 0.136584 2.789989
121 0.136583 2.789958
122 0.136581 2.789929
123 0.136579 2.789900
124 0.136577 2.789874
125 0.136576 2.789848
126 0.136574 2.789824
127 0.136573 2.789801
128 0.136572 2.789778
129 0.136570 2.789757
130 0.136569 2.789737
131 0.136568 2.789718
132 0.136567 2.789699
133 0.136566 2.789682
134 0.136565 2.789665
135 0.136564 2.789649
136 0.136563 2.789634
137 0.136562 2.789620
138 0.136561 2.789606
139 0.136561 2.789593
140 0.136560 2.789580
141 0.136559 2.789568
142 0.136558 2.789557
143 0.136558 2.789546
144 0.136557 2.789535
145 0.136557 2.789525
146 0.136556 2.789516
147 0.136555 2.789507
148 0.136555 2.789498
149 0.136554 2.789490
150 0.136554 2.789482
151 0.136553 2.789475
152 0.136553 2.789467
153 0.136553 2.789461
154 0.136552 2.789454
155 0.136552 2.789448
156 0.136552 2.789442
157 0.136551 2.789436
158 0.136551 2.789431
159 0.136551 2.789426
160 0.136550 2.789421
161 0.136550 2.789416
162 0.136550 2.789412
163 0.136549 2.789408
164 0.136549 2.789403
165 0.136549 2.789400
166 0.136549 2.789396
167 0.136549 2.789392
168 0.136548 2.789389
169 0.136548 2.789386
170 0.136548 2.789383
171 0.136548 2.789380
172 0.136548 2.789377
173 0.136547 2.789374
174 0.136547 2.789372
175 0.136547 2.789369
176 0.136547 2.789367
177 0.136547 2.789365
178 0.136547 2.789363
179 0.136547 2.789361
180 0.136547 2.789359
181 0.136546 2.789357
182 0.136546 2.789355
183 0.136546 2.789354
184 0.136546 2.789352
185 0.136546 2.789351
186 0.136546 2.789349
187 0.136546 2.789348
188 0.136546 2.789347
189 0.136546 2.789345
190 0.136546 2.789344
191 0.136546 2.789343
192 0.136546 2.789342
193 0.136545 2.789341
194 0.136545 2.789340
195 0.136545 2.789339
196 0.136545 2.789338
197 0.136545 2.789337
198 0.136545 2.789336
199 0.136545 2.789336
200 0.136545 2.789335
201 0.136545 2.789334
202 0.136545 2.789333
203 0.136545 2.789333
204 0.136545 2.789332
205 0.136545 2.789332
206 0.136545 2.789331
207 0.136545 2.789331
208 0.136545 2.789330
209 0.136545 2.789330
210 0.136545 2.789329
211 0.136545 2.789329
212 0.136545 2.789328
213 0.136545 2.789328
214 0.136545 2.789327
215 0.136545 2.789327
216 0.136545 2.789327
217 0.136545 2.789326
218 0.136545 2.789326
219 0.136545 2.789326
220 0.136545 2.789325
221 0.136545 2.789325
222 0.136544 2.789325
223 0.136544 2.789325
224 0.136544 2.789324
225 0.136544 2.789324
226 0.136544 2.789324
227 0.136544 2.789324
228 0.136544 2.789324
229 0.136544 2.789323
230 0.136544 2.789323
231 0.136544 2.789323
232 0.136544 2.789323
233 0.136544 2.789323
234 0.136544 2.789323
235 0.136544 2.789322
236 0.136544 2.789322
237 0.136544 2.789322
238 0.136544 2.789322
239 0.136544 2.789322
240 0.136544 2.789322
241 0.136544 2.789322
242 0.136544 2.789322
243 0.136544 2.789322
244 0.136544 2.789321
245 0.136544 2.789321
246 0.136544 2.789321
247 0.136544 2.789321
248 0.136544 2.789321
249 0.136544 2.789321
250 0.136544 2.789321
251 0.136544 2.789321
252 0.136544 2.789321
253 0.136544 2.789321
254 0.136544 2.789321
255 0.136544 2.789321
256 0.136544 2.789321
257 0.136544 2.789321
258 0.136544 2.789321
259 0.136544 2.789320
260 0.136544 2.789320
261 0.136544 2.789320
262 0.136544 2.789320
263 0.136544 2.789320
264 0.136544 2.789320
265 0.136544 2.789320
266 0.136544 2.789320
267 0.136544 2.789320
268 0.136544 2.789320
269 0.136544 2.789320
270 0.136544 2.789320
271 0.136544 2.789320
272 0.136544 2.789320
273 0.136544 2.789320
274 0.136544 2.789320
275 0.136544 2.789320
276 0.136544 2.789320
277 0.136544 2.789320
278 0.136544 2.789320
279 0.136544 2.789320
280 0.136544 2.789320
281 0.136544 2.789320
282 0.136544 2.789320
283 0.136544 2.789320
284 0.136544 2.789320
285 0.136544 2.789320
286 0.136544 2.789320
287 0.136544 2.789320
288 0.136544 2.789320
289 0.136544 2.789320
290 0.136544 2.789320
291 0.136544 2.789320
292 0.136544 2.789320
293 0.136544 2.789320
294 0.136544 2.789320
295 0.136544 2.789320
296 0.136544 2.789320
297 0.136544 2.789320
298 0.136544 2.789320
299 0.136544 2.789320
300 0.136544 2.789320
301 0.136544 2.789320
302 0.136544 2.789320
303 0.136544 2.789320
304 0.136544 2.789320
305 0.136544 2.789320
306 0.136544 2.789320
307 0.136544 2.789320
308 0.136544 2.789320
309 0.136544 2.789320
310 0.136544 2.789320
311 0.136544 2.789320
312 0.136544 2.789320
313 0.136544 2.789320
314 0.136544 2.789320
315 0.136544 2.789320
316 0.136544 2.789320
317 0.136544 2.789320
318 0.136544 2.789320
319 0.136544 2.789320
320 0.136544 2.789320
321 0.136544 2.789320
322 0.136544 2.789320
323 0.136544 2.789320
324 0.136544 2.789320
325 0.136544 2.789320
326 0.136544 2.789320
327 0.136544 2.789320
328 0.136544 2.789320
329 0.136544 2.789320
330 0.136544 2.789320
331 0.136544 2.789320
332 0.136544 2.789320
333 0.136544 2.789320
334 0.136544 2.789320
335 0.136544 2.789320
336 0.136544 2.789320
337 0.136544 2.789320
338 0.136544 2.789320
339 0.136544 2.789320
340 0.136544 2.789320
341 0.136544 2.789320
342 0.136544 2.789320
343 0.136544 2.789320
344 0.136544 2.789320
345 0.136544 2.789320
346 0.136544 2.789320
347 0.136544 2.789320
348 0.136544 2.789320
349 0.136544 2.789320
350 0.136544 2.789320
351 0.136544 2.789320
352 0.136544 2.789320
353 0.136544 2.789320
354 0.136544 2.789320
355 0.136544 2.789320
356 0.136544 2.789320
357 0.136544 2.789320
358 0.136544 2.789320
359 0.136544 2.789320
360 0.136544 2.789320
361 0.136544 2.789320
362 0.136544 2.789320
363 0.136544 2.789320
364 0.136544 2.789320
365 0.136544 2.789320
366 0.136544 2.789320
367 0.136544 2.789320
368 0.136544 2.789320
369 0.136544 2.789320
370 0.136544 2.789320
371 0.136544 2.789320
372 0.136544 2.789320
373 0.136544 2.789320
374 0.136544 2.789320
375 0.136544 2.789320
376 0.136544 2.789320
377 0.136544 2.789320
378 0.136544 2.789320
379 0.136544 2.789320
380 0.136544 2.789320
381 0.136544 2.789320
382 0.136544 2.789320
383 0.136544 2.789320
384 0.136544 2.789320
385 0.136544 2.789320
386 0.136544 2.789320
387 0.136544 2.789320
388 0.136544 2.789320
389 0.136544 2.789320
390 0.136544 2.789320
391 0.136544 2.789320
392 0.136544 2.789320
393 0.136544 2.789320
394 0.136544 2.789320
395 0.136544 2.789320
396 0.136544 2.789320
397 0.136544 2.789320
398 0.136544 2.789320
399 0.136544 2.789320
400 0.136544 2.789320
401 0.136544 2.789320
402 0.136544 2.789320
403 0.136544 2.789320
404 0.136544 2.789320
405 0.136544 2.789320
406 0.136544 2.789320
407 0.136544 2.789320
408 0.136544 2.789320
409 0.136544 2.789320
410 0.136544 2.789320
411 0.136544 2.789320
412 0.136544 2.789320
413 0.136544 2.789320
414 0.136544 2.789320
415 0.136544 2.789320
416 0.136544 2.789320
417 0.136544 2.789320
418 0.136544 2.789320
419 0.136544 2.789320
420 0.136544 2.789320
421 0.136544 2.789320
422 0.136544 2.789320
423 0.136544 2.789320
424 0.136544 2.789320
425 0.136544 2.789320
426 0.136544 2.789320
427 0.136544 2.789320
428 0.136544 2.789320
429 0.136544 2.789320
430 0.136544 2.789320
431 0.136544 2.789320
432 0.136544 2.789320
433 0.136544 2.789320
434 0.136544 2.789320
435 0.136544 2.789320
436 0.136544 2.789320
437 0.136544 2.789320
438 0.136544 2.789320
439 0.136544 2.789320
440 0.136544 2.789320
441 0.136544 2.789320
442 0.136544 2.789320
443 0.136544 2.789320
444 0.136544 2.789320
445 0.136544 2.789320
446 0.136544 2.789320
447 0.136544 2.789320
448 0.136544 2.789320
449 0.136544 2.789320
450 0.136544 2.789320
451 0.136544 2.789320
452 0.136544 2.789320
453 0.136544 2.789320
454 0.136544 2.789320
455 0.136544 2.789320
456 0.136544 2.789320
457 0.136544 2.789320
458 0.136544 2.789320
459 0.136544 2.789320
460 0.136544 2.789320
461 0.136544 2.789320
462 0.136544 2.789320
463 0.136544 2.789320
464 0.136544 2.789320
465 0.136544 2.789320
466 0.136544 2.789320
467 0.136544 2.789320
468 0.136544 2.789320
469 0.136544 2.789320
470 0.136544 2.789320
471 0.136544 2.789320
472 0.136544 2.789320
473 0.136544 2.789320
474 0.136544 2.789320
475 0.136544 2.789320
476 0.136544 2.789320
477 0.136544 2.789320
478 0.136544 2.789320
479 0.136544 2.789320
480 0.136544 2.789320
481 0.136544 2.789320
482 0.136544 2.789320
483 0.136544 2.789320
484 0.136544 2.789320
485 0.136544 2.789320
486 0.136544 2.789320
487 0.136544 2.789320
488 0.136544 2.789320
489 0.136544 2.789320
490 0.136544 2.789320
491 0.136544 2.789320
492 0.136544 2.789320
493 0.136544 2.789320
494 0.136544 2.789320
495 0.136544 2.789320
496 0.136544 2.789320
497 0.136544 2.789320
498 0.136544 2.789320
499 0.136544 2.789320
