0 0.280472 3.100000
1 0.279935 3.100000
2 0.279405 3.095382
3 0.278882 3.090823
4 0.278361 3.089177
5 0.277847 3.084692
6 0.277339 3.080260
7 0.276837 3.075880
8 0.276342 3.071552
9 0.275850 3.068448
10 0.275364 3.064205
11 0.274884 3.060007
12 0.274409 3.055854
13 0.273939 3.051746
14 0.273475 3.047683
15 0.273015 3.043663
16 0.272561 3.039687
17 0.272112 3.035755
18 0.271668 3.031864
19 0.271229 3.028016
20 0.270795 3.024210
21 0.270366 3.020445
22 0.269941 3.016721
23 0.269521 3.013038
24 0.269107 3.009395
25 0.268696 3.005791
26 0.268291 3.002227
27 0.267889 2.998701
28 0.267493 2.995214
29 0.267101 2.991765
30 0.266713 2.988354
31 0.266330 2.984980
32 0.265951 2.981643
33 0.265576 2.978343
34 0.265205 2.975079
35 0.264839 2.971850
36 0.264477 2.968657
37 0.264119 2.965499
38 0.263765 2.962376
39 0.263414 2.959287
40 0.263068 2.956231
41 0.262726 2.953210
42 0.262388 2.950222
43 0.262050 2.949778
44 0.261715 2.946824
45 0.261385 2.943900
46 0.261057 2.941004
47 0.260733 2.938138
48 0.260412 2.935300
49 0.260094 2.932490
50 0.259780 2.929708
51 0.259469 2.926954
52 0.259161 2.924227
53 0.258856 2.921528
54 0.258554 2.918856
55 0.258256 2.916210
56 0.257960 2.913591
57 0.257668 2.910998
58 0.257378 2.908431
59 0.257092 2.905889
60 0.256808 2.903373
61 0.256528 2.900883
62 0.256250 2.898417
63 0.255975 2.895976
64 0.255703 2.893559
65 0.255434 2.891167
66 0.255167 2.888799
67 0.254903 2.886454
68 0.254642 2.884134
69 0.254384 2.881836
70 0.254128 2.879562
71 0.253875 2.877310
72 0.253625 2.875081
73 0.253377 2.872875
74 0.253131 2.870691
75 0.252888 2.868529
76 0.252648 2.866389
77 0.252410 2.864270
78 0.252175 2.862173
79 0.251942 2.860097
80 0.251711 2.858042
81 0.251483 2.856007
82 0.251257 2.853994
83 0.251034 2.852000
84 0.250813 2.850027
85 0.250594 2.848074
86 0.250377 2.846141
87 0.250163 2.844227
88 0.249950 2.842332
89 0.249740 2.840457
90 0.249533 2.838601
91 0.249327 2.836764
92 0.249123 2.834945
93 0.248922 2.833145
94 0.248723 2.831363
95 0.248525 2.829599
96 0.248330 2.827853
97 0.248137 2.826125
98 0.247946 2.824415
99 0.247756 2.822722
100 0.247569 2.821046
101 0.247384 2.819387
102 0.247200 2.817745
103 0.247019 2.816120
104 0.246839 2.814511
105 0.246661 2.812919
106 0.246485 2.811343
107 0.246311 2.809783
108 0.246139 2.808239
109 0.245968 2.806711
110 0.245799 2.805198
111 0.245632 2.803701
112 0.245467 2.802220
113 0.245304 2.800753
114 0.245142 2.799301
115 0.244981 2.797864
116 0.244823 2.796442
117 0.244666 2.795035
118 0.244511 2.793642
119 0.244357 2.792263
120 0.244205 2.790898
121 0.244055 2.789102
122 0.243906 2.787769
123 0.243759 2.786448
124 0.243613 2.785139
125 0.243468 2.783842
126 0.243325 2.782557
127 0.243183 2.781284
128 0.243043 2.780023
129 0.242903 2.778773
130 0.242765 2.777534
131 0.242629 2.776307
132 0.242493 2.775091
133 0.242359 2.773886
134 0.242226 2.772692
135 0.242095 2.771509
136 0.241964 2.770337
137 0.241835 2.769176
138 0.241707 2.768025
139 0.241580 2.766885
140 0.241454 2.765756
141 0.241330 2.764636
142 0.241206 2.763528
143 0.241084 2.762429
144 0.240963 2.761340
145 0.240843 2.760261
146 0.240724 2.759193
147 0.240606 2.758134
148 0.240490 2.757085
149 0.240374 2.756045
150 0.240260 2.755015
151 0.240146 2.753995
152 0.240034 2.752984
153 0.239923 2.751982
154 0.239812 2.750989
155 0.239703 2.750006
156 0.239595 2.749031
157 0.239488 2.748066
158 0.239382 2.747110
159 0.239276 2.746162
160 0.239172 2.745223
161 0.239069 2.744293
162 0.238966 2.743371
163 0.238865 2.742458
164 0.238765 2.741553
165 0.238665 2.740657
166 0.238567 2.739768
167 0.238469 2.738888
168 0.238372 2.738017
169 0.238276 2.737153
170 0.238182 2.736297
171 0.238087 2.735449
172 0.237994 2.734609
173 0.237902 2.733777
174 0.237811 2.732952
175 0.237720 2.732135
176 0.237630 2.731326
177 0.237541 2.730524
178 0.237453 2.729729
179 0.237366 2.728942
180 0.237280 2.728162
181 0.237194 2.727390
182 0.237109 2.726624
183 0.237025 2.725866
184 0.236942 2.725114
185 0.236859 2.724370
186 0.236778 2.723632
187 0.236697 2.722901
188 0.236617 2.722177
189 0.236537 2.721460
190 0.236458 2.720749
191 0.236380 2.720045
192 0.236303 2.719348
193 0.236227 2.718657
194 0.236151 2.717972
195 0.236076 2.717294
196 0.236001 2.716622
197 0.235928 2.715956
198 0.235855 2.715297
199 0.235782 2.714643
200 0.235711 2.713996
201 0.235640 2.713354
202 0.235570 2.712719
203 0.235500 2.712089
204 0.235431 2.711466
205 0.235363 2.710848
206 0.235295 2.710236
207 0.235228 2.709629
208 0.235161 2.709028
209 0.235095 2.708433
210 0.235030 2.707843
211 0.234966 2.707259
212 0.234902 2.706680
213 0.234838 2.706107
214 0.234775 2.705539
215 0.234713 2.704976
216 0.234652 2.704418
217 0.234590 2.703866
218 0.234530 2.703318
219 0.234470 2.702776
220 0.234411 2.702239
221 0.234352 2.701707
222 0.234294 2.701180
223 0.234236 2.700657
224 0.234179 2.700140
225 0.234122 2.699627
226 0.234066 2.699120
227 0.234010 2.698616
228 0.233955 2.698118
229 0.233901 2.697624
230 0.233847 2.697135
231 0.233793 2.696650
232 0.233740 2.696170
233 0.233688 2.695695
234 0.233636 2.695223
235 0.233584 2.694757
236 0.233533 2.694294
237 0.233482 2.693836
238 0.233432 2.693382
239 0.233383 2.692932
240 0.233333 2.692487
241 0.233285 2.692046
242 0.233236 2.691608
243 0.233189 2.691175
244 0.233141 2.690746
245 0.233094 2.690321
246 0.233048 2.689900
247 0.233002 2.689483
248 0.232956 2.689069
249 0.232911 2.688660
250 0.232866 2.688254
251 0.232822 2.687852
252 0.232778 2.687454
253 0.232734 2.687060
254 0.232691 2.686669
255 0.232649 2.686282
256 0.232606 2.685899
257 0.232564 2.685519
258 0.232523 2.685143
259 0.232482 2.684770
260 0.232441 2.684401
261 0.232401 2.684035
262 0.232361 2.683672
263 0.232321 2.683313
264 0.232282 2.682957
265 0.232243 2.682605
266 0.232205 2.682256
267 0.232166 2.681910
268 0.232129 2.681568
269 0.232091 2.681228
270 0.232054 2.680892
271 0.232017 2.680559
272 0.231981 2.680229
273 0.231945 2.679902
274 0.231909 2.679578
275 0.231874 2.679257
276 0.231839 2.678939
277 0.231804 2.678625
278 0.231770 2.678313
279 0.231736 2.678004
280 0.231702 2.677698
281 0.231669 2.677394
282 0.231635 2.677094
283 0.231603 2.676796
284 0.231570 2.676502
285 0.231538 2.676210
286 0.231506 2.675920
287 0.231475 2.675634
288 0.231443 2.675350
289 0.231412 2.675069
290 0.231382 2.674790
291 0.231351 2.674514
292 0.231321 2.674240
293 0.231291 2.673970
294 0.231262 2.673701
295 0.231232 2.673435
296 0.231203 2.673172
297 0.231175 2.672911
298 0.231146 2.672653
299 0.231118 2.672397
300 0.231090 2.672143
301 0.231062 2.671892
302 0.231035 2.671643
303 0.231008 2.671396
304 0.230981 2.671152
305 0.230954 2.670910
306 0.230928 2.670670
307 0.230902 2.670433
308 0.230876 2.670198
309 0.230850 2.669965
310 0.230825 2.669734
311 0.230799 2.669505
312 0.230774 2.669279
313 0.230750 2.669054
314 0.230725 2.668832
315 0.230701 2.668612
316 0.230677 2.668393
317 0.230653 2.668177
318 0.230630 2.667963
319 0.230606 2.667751
320 0.230583 2.667541
321 0.230560 2.667333
322 0.230537 2.667127
323 0.230515 2.666922
324 0.230493 2.666720
325 0.230471 2.666520
326 0.230449 2.666321
327 0.230427 2.666124
328 0.230406 2.665930
329 0.230384 2.665737
330 0.230363 2.665545
331 0.230343 2.665356
332 0.230322 2.665168
333 0.230301 2.664982
334 0.230281 2.664798
335 0.230261 2.664616
336 0.230241 2.664435
337 0.230221 2.664256
338 0.230202 2.664079
339 0.230183 2.663903
340 0.230163 2.663729
341 0.230144 2.663557
342 0.230126 2.663386
343 0.230107 2.663217
344 0.230089 2.663049
345 0.230070 2.662883
346 0.230052 2.662719
347 0.230034 2.662556
348 0.230017 2.662394
349 0.229999 2.662234
350 0.229982 2.662076
351 0.229964 2.661919
352 0.229947 2.661764
353 0.229930 2.661610
354 0.229913 2.661457
355 0.229897 2.661306
356 0.229880 2.661157
357 0.229864 2.661008
358 0.229848 2.660861
359 0.229832 2.660716
360 0.229816 2.660572
361 0.229800 2.660429
362 0.229785 2.660288
363 0.229769 2.660148
364 0.229754 2.660009
365 0.229739 2.659871
366 0.229724 2.659735
367 0.229709 2.659600
368 0.229694 2.659466
369 0.229680 2.659334
370 0.229665 2.659203
371 0.229651 2.659073
372 0.229637 2.658944
373 0.229623 2.658817
374 0.229609 2.658691
375 0.229595 2.658565
376 0.229582 2.658442
377 0.229568 2.658319
378 0.229555 2.658197
379 0.229542 2.658077
380 0.229528 2.657957
381 0.229515 2.657839
382 0.229503 2.657722
383 0.229490 2.657606
384 0.229477 2.657491
385 0.229465 2.657377
386 0.229452 2.657264
387 0.229440 2.657153
388 0.229428 2.657042
389 0.229416 2.656932
390 0.229404 2.656824
391 0.229392 2.656716
392 0.229380 2.656610
393 0.229369 2.656504
394 0.229357 2.656400
395 0.229346 2.656296
396 0.229334 2.656193
397 0.229323 2.656092
398 0.229312 2.655991
399 0.229301 2.655891
400 0.229290 2.655792
401 0.229280 2.655695
402 0.229269 2.655598
403 0.229258 2.655502
404 0.229248 2.655406
405 0.229238 2.655312
406 0.229227 2.655219
407 0.229217 2.655126
408 0.229207 2.655035
409 0.229197 2.654944
410 0.229187 2.654854
411 0.229177 2.654765
412 0.229168 2.654677
413 0.229158 2.654589
414 0.229149 2.654503
415 0.229139 2.654417
416 0.229130 2.654332
417 0.229121 2.654248
418 0.229111 2.654164
419 0.229102 2.654082
420 0.229093 2.654000
421 0.229084 2.653919
422 0.229076 2.653839
423 0.229067 2.653759
424 0.229058 2.653680
425 0.229050 2.653602
426 0.229041 2.653525
427 0.229033 2.653449
428 0.229024 2.653373
429 0.229016 2.653298
430 0.229008 2.653223
431 0.229000 2.653149
432 0.228992 2.653076
433 0.228984 2.653004
434 0.228976 2.652932
435 0.228968 2.652861
436 0.228960 2.652791
437 0.228953 2.652721
438 0.228945 2.652652
439 0.228938 2.652584
440 0.228930 2.652516
441 0.228923 2.652449
442 0.228915 2.652383
443 0.228908 2.652317
444 0.228901 2.652252
445 0.228894 2.652187
446 0.228887 2.652123
447 0.228880 2.652060
448 0.228873 2.651997
449 0.228866 2.651935
450 0.228859 2.651873
451 0.228853 2.651812
452 0.228846 2.651751
453 0.228839 2.651692
454 0.228833 2.651632
455 0.228827 2.651573
456 0.228820 2.651515
457 0.228814 2.651458
458 0.228807 2.651400
459 0.228801 2.651344
460 0.228795 2.651288
461 0.228789 2.651232
462 0.228783 2.651177
463 0.228777 2.651123
464 0.228771 2.651069
465 0.228765 2.651015
466 0.228759 2.650962
467 0.228754 2.650910
468 0.228748 2.650858
469 0.228742 2.650806
470 0.228737 2.650755
471 0.228731 2.650705
472 0.228726 2.650655
473 0.228720 2.650605
474 0.228715 2.650556
475 0.228709 2.650507
476 0.228704 2.650459
477 0.228699 2.650411
478 0.228694 2.650364
479 0.228688 2.650317
480 0.228683 2.650271
481 0.228678 2.650225
482 0.228673 2.650179
483 0.228668 2.650134
484 0.228663 2.650090
485 0.228659 2.650045
486 0.228654 2.650001
487 0.228649 2.649958
488 0.228644 2.649915
489 0.228640 2.649872
490 0.228635 2.649830
491 0.228630 2.649788
492 0.228626 2.649747
493 0.228621 2.649706
494 0.228617 2.649665
495 0.228612 2.649625
496 0.228608 2.649585
497 0.228604 2.649545
498 0.228599 2.649506
499 0.228595 2.649468
