0 1.446542 9.850000
1 1.444614 9.850000
2 1.442805 9.830000
3 1.441053 9.820427
4 1.439305 9.819573
5 1.437611 9.810312
6 1.435968 9.801330
7 1.434341 9.798670
8 1.432761 9.790032
9 1.431229 9.781648
10 1.429715 9.778352
11 1.428244 9.770306
12 1.426816 9.762490
13 1.425430 9.754899
14 1.424096 9.745101
15 1.422800 9.738008
16 1.421540 9.731113
17 1.420315 9.724411
18 1.419137 9.715589
19 1.417991 9.709320
20 1.416876 9.703221
21 1.415792 9.697288
22 1.414737 9.691516
23 1.413711 9.685901
24 1.412714 9.680439
25 1.411744 9.675126
26 1.410800 9.669958
27 1.409882 9.664930
28 1.408989 9.660040
29 1.408121 9.655283
30 1.407277 9.650655
31 1.406439 9.649345
32 1.405624 9.644877
33 1.404830 9.640527
34 1.404057 9.636293
35 1.403305 9.632171
36 1.402573 9.628159
37 1.401861 9.624253
38 1.401167 9.620450
39 1.400492 9.616749
40 1.399835 9.613145
41 1.399196 9.609638
42 1.398574 9.606223
43 1.397968 9.602900
44 1.397378 9.599664
45 1.396804 9.596515
46 1.396245 9.593449
47 1.395702 9.590465
48 1.395162 9.589535
49 1.394637 9.586654
50 1.394126 9.583847
51 1.393627 9.581112
52 1.393142 9.578448
53 1.392669 9.575853
54 1.392208 9.573325
55 1.391759 9.570862
56 1.391322 9.568463
57 1.390897 9.566125
58 1.390482 9.563848
59 1.390078 9.561630
60 1.389684 9.559469
61 1.389301 9.557364
62 1.388927 9.555313
63 1.388564 9.553316
64 1.388209 9.551370
65 1.387864 9.549474
66 1.387528 9.547627
67 1.387200 9.545829
68 1.386881 9.544076
69 1.386571 9.542369
70 1.386268 9.540706
71 1.385973 9.539086
72 1.385686 9.537508
73 1.385406 9.535971
74 1.385134 9.534474
75 1.384868 9.533015
76 1.384610 9.531594
77 1.384358 9.530210
78 1.384113 9.528862
79 1.383874 9.527549
80 1.383641 9.526269
81 1.383414 9.525023
82 1.383193 9.523809
83 1.382978 9.522627
84 1.382769 9.521475
85 1.382565 9.520353
86 1.382366 9.519260
87 1.382172 9.518195
88 1.381984 9.517158
89 1.381800 9.516148
90 1.381621 9.515164
91 1.381447 9.514205
92 1.381277 9.513272
93 1.381111 9.512362
94 1.380950 9.511476
95 1.380793 9.510613
96 1.380640 9.509773
97 1.380492 9.508954
98 1.380347 9.508156
99 1.380205 9.507379
100 1.380068 9.506623
101 1.379934 9.505885
102 1.379803 9.505167
103 1.379676 9.504468
104 1.379552 9.503787
105 1.379431 9.503123
106 1.379314 9.502477
107 1.379199 9.501847
108 1.379088 9.501234
109 1.378979 9.500636
110 1.378874 9.500054
111 1.378770 9.499487
112 1.378670 9.498935
113 1.378572 9.498398
114 1.378477 9.497874
115 1.378384 9.497363
116 1.378294 9.496866
117 1.378206 9.496382
118 1.378120 9.495911
119 1.378037 9.495451
120 1.377955 9.495004
121 1.377876 9.494568
122 1.377799 9.494143
123 1.377724 9.493730
124 1.377651 9.493327
125 1.377579 9.492935
126 1.377510 9.492553
127 1.377442 9.492180
128 1.377376 9.491818
129 1.377312 9.491465
130 1.377250 9.491121
131 1.377189 9.490786
132 1.377130 9.490459
133 1.377072 9.490141
134 1.377015 9.489859
135 1.376960 9.489556
136 1.376907 9.489261
137 1.376854 9.488974
138 1.376803 9.488694
139 1.376754 9.488421
140 1.376705 9.488154
141 1.376658 9.487895
142 1.376612 9.487642
143 1.376567 9.487395
144 1.376524 9.487155
145 1.376481 9.486920
146 1.376439 9.486692
147 1.376399 9.486469
148 1.376359 9.486252
149 1.376321 9.486040
150 1.376283 9.485833
151 1.376247 9.485632
152 1.376211 9.485436
153 1.376176 9.485245
154 1.376142 9.485058
155 1.376109 9.484877
156 1.376077 9.484700
157 1.376046 9.484527
158 1.376015 9.484359
159 1.375985 9.484194
160 1.375956 9.484034
161 1.375928 9.483879
162 1.375900 9.483726
163 1.375873 9.483578
164 1.375847 9.483434
165 1.375821 9.483293
166 1.375796 9.483156
167 1.375772 9.483022
168 1.375748 9.482891
169 1.375725 9.482764
170 1.375703 9.482640
171 1.375681 9.482519
172 1.375659 9.482401
173 1.375638 9.482287
174 1.375618 9.482175
175 1.375598 9.482065
176 1.375579 9.481959
177 1.375560 9.481855
178 1.375541 9.481754
179 1.375524 9.481655
180 1.375506 9.481559
181 1.375489 9.481466
182 1.375472 9.481374
183 1.375456 9.481285
184 1.375440 9.481199
185 1.375425 9.481114
186 1.375410 9.481031
187 1.375395 9.480951
188 1.375381 9.480873
189 1.375367 9.480796
190 1.375354 9.480722
191 1.375341 9.480649
192 1.375328 9.480578
193 1.375315 9.480509
194 1.375303 9.480442
195 1.375291 9.480376
196 1.375279 9.480313
197 1.375268 9.480250
198 1.375257 9.480189
199 1.375246 9.480130
200 1.375236 9.480073
201 1.375226 9.480016
202 1.375216 9.479961
203 1.375206 9.479908
204 1.375196 9.479856
205 1.375187 9.479805
206 1.375178 9.479755
207 1.375169 9.479707
208 1.375161 9.479660
209 1.375152 9.479614
210 1.375144 9.479569
211 1.375136 9.479526
212 1.375129 9.479483
213 1.375121 9.479442
214 1.375114 9.479401
215 1.375107 9.479362
216 1.375100 9.479324
217 1.375093 9.479286
218 1.375086 9.479250
219 1.375080 9.479214
220 1.375073 9.479179
221 1.375067 9.479146
222 1.375061 9.479113
223 1.375055 9.479081
224 1.375050 9.479049
225 1.375044 9.479019
226 1.375039 9.478989
227 1.375033 9.478960
228 1.375028 9.478932
229 1.375023 9.478904
230 1.375018 9.478877
231 1.375014 9.478851
232 1.375009 9.478825
233 1.375004 9.478801
234 1.375000 9.478776
235 1.374996 9.478753
236 1.374992 9.478730
237 1.374987 9.478707
238 1.374983 9.478685
239 1.374980 9.478664
240 1.374976 9.478643
241 1.374972 9.478623
242 1.374969 9.478603
243 1.374965 9.478584
244 1.374962 9.478565
245 1.374958 9.478546
246 1.374955 9.478529
247 1.374952 9.478511
248 1.374949 9.478494
249 1.374946 9.478478
250 1.374943 9.478461
251 1.374940 9.478446
252 1.374937 9.478430
253 1.374934 9.478415
254 1.374932 9.478401
255 1.374929 9.478387
256 1.374927 9.478373
257 1.374924 9.478359
258 1.374922 9.478346
259 1.374920 9.478333
260 1.374917 9.478321
261 1.374915 9.478309
262 1.374913 9.478297
263 1.374911 9.478285
264 1.374909 9.478274
265 1.374907 9.478263
266 1.374905 9.478252
267 1.374903 9.478242
268 1.374901 9.478231
269 1.374899 9.478221
270 1.374897 9.478212
271 1.374896 9.478202
272 1.374894 9.478193
273 1.374892 9.478184
274 1.374891 9.478175
275 1.374889 9.478167
276 1.374888 9.478158
277 1.374886 9.478150
278 1.374885 9.478142
279 1.374883 9.478135
280 1.374882 9.478127
281 1.374881 9.478120
282 1.374879 9.478113
283 1.374878 9.478106
284 1.374877 9.478099
285 1.374876 9.478092
286 1.374875 9.478086
287 1.374873 9.478080
288 1.374872 9.478073
289 1.374871 9.478067
290 1.374870 9.478062
291 1.374869 9.478056
292 1.374868 9.478050
293 1.374867 9.478045
294 1.374866 9.478040
295 1.374865 9.478035
296 1.374864 9.478030
297 1.374863 9.478025
298 1.374863 9.478020
299 1.374862 9.478015
300 1.374861 9.478011
301 1.374860 9.478006
302 1.374859 9.478002
303 1.374859 9.477998
304 1.374858 9.477994
305 1.374857 9.477990
306 1.374856 9.477986
307 1.374856 9.477982
308 1.374855 9.477979
309 1.374854 9.477975
310 1.374854 9.477972
311 1.374853 9.477968
312 1.374853 9.477965
313 1.374852 9.477962
314 1.374851 9.477958
315 1.374851 9.477955
316 1.374850 9.477952
317 1.374850 9.477949
318 1.374849 9.477947
319 1.374849 9.477944
320 1.374848 9.477941
321 1.374848 9.477938
322 1.374847 9.477936
323 1.374847 9.477933
324 1.374846 9.477931
325 1.374846 9.477928
326 1.374846 9.477926
327 1.374845 9.477924
328 1.374845 9.477922
329 1.374844 9.477920
330 1.374844 9.477917
331 1.374844 9.477915
332 1.374843 9.477913
333 1.374843 9.477911
334 1.374842 9.477910
335 1.374842 9.477908
336 1.374842 9.477906
337 1.374841 9.477904
338 1.374841 9.477902
339 1.374841 9.477901
340 1.374841 9.477899
341 1.374840 9.477898
342 1.374840 9.477896
343 1.374840 9.477894
344 1.374839 9.477893
345 1.374839 9.477892
346 1.374839 9.477890
347 1.374839 9.477889
348 1.374838 9.477887
349 1.374838 9.477886
350 1.374838 9.477885
351 1.374838 9.477884
352 1.374838 9.477882
353 1.374837 9.477881
354 1.374837 9.477880
355 1.374837 9.477879
356 1.374837 9.477878
357 1.374837 9.477877
358 1.374836 9.477876
359 1.374836 9.477875
360 1.374836 9.477874
361 1.374836 9.477873
362 1.374836 9.477872
363 1.374836 9.477871
364 1.374835 9.477870
365 1.374835 9.477869
366 1.374835 9.477869
367 1.374835 9.477868
368 1.374835 9.477867
369 1.374835 9.477866
370 1.374834 9.477865
371 1.374834 9.477865
372 1.374834 9.477864
373 1.374834 9.477863
374 1.374834 9.477863
375 1.374834 9.477862
376 1.374834 9.477861
377 1.374834 9.477861
378 1.374833 9.477860
379 1.374833 9.477859
380 1.374833 9.477859
381 1.374833 9.477858
382 1.374833 9.477858
383 1.374833 9.477857
384 1.374833 9.477857
385 1.374833 9.477856
386 1.374833 9.477856
387 1.374833 9.477855
388 1.374832 9.477855
389 1.374832 9.477854
390 1.374832 9.477854
391 1.374832 9.477853
392 1.374832 9.477853
393 1.374832 9.477852
394 1.374832 9.477852
395 1.374832 9.477852
396 1.374832 9.477851
397 1.374832 9.477851
398 1.374832 9.477850
399 1.374832 9.477850
400 1.374832 9.477850
401 1.374832 9.477849
402 1.374831 9.477849
403 1.374831 9.477849
404 1.374831 9.477848
405 1.374831 9.477848
406 1.374831 9.477848
407 1.374831 9.477847
408 1.374831 9.477847
409 1.374831 9.477847
410 1.374831 9.477847
411 1.374831 9.477846
412 1.374831 9.477846
413 1.374831 9.477846
414 1.374831 9.477846
415 1.374831 9.477845
416 1.374831 9.477845
417 1.374831 9.477845
418 1.374831 9.477845
419 1.374831 9.477844
420 1.374831 9.477844
421 1.374831 9.477844
422 1.374831 9.477844
423 1.374831 9.477844
424 1.374830 9.477843
425 1.374830 9.477843
426 1.374830 9.477843
427 1.374830 9.477843
428 1.374830 9.477843
429 1.374830 9.477843
430 1.374830 9.477842
431 1.374830 9.477842
432 1.374830 9.477842
433 1.374830 9.477842
434 1.374830 9.477842
435 1.374830 9.477842
436 1.374830 9.477841
437 1.374830 9.477841
438 1.374830 9.477841
439 1.374830 9.477841
440 1.374830 9.477841
441 1.374830 9.477841
442 1.374830 9.477841
443 1.374830 9.477841
444 1.374830 9.477840
445 1.374830 9.477840
446 1.374830 9.477840
447 1.374830 9.477840
448 1.374830 9.477840
449 1.374830 9.477840
450 1.374830 9.477840
451 1.374830 9.477840
452 1.374830 9.477840
453 1.374830 9.477840
454 1.374830 9.477839
455 1.374830 9.477839
456 1.374830 9.477839
457 1.374830 9.477839
458 1.374830 9.477839
459 1.374830 9.477839
460 1.374830 9.477839
461 1.374830 9.477839
462 1.374830 9.477839
463 1.374830 9.477839
464 1.374830 9.477839
465 1.374830 9.477839
466 1.374830 9.477839
467 1.374830 9.477839
468 1.374830 9.477838
469 1.374830 9.477838
470 1.374830 9.477838
471 1.374830 9.477838
472 1.374830 9.477838
473 1.374830 9.477838
474 1.374829 9.477838
475 1.374829 9.477838
476 1.374829 9.477838
477 1.374829 9.477838
478 1.374829 9.477838
479 1.374829 9.477838
480 1.374829 9.477838
481 1.374829 9.477838
482 1.374829 9.477838
483 1.374829 9.477838
484 1.374829 9.477838
485 1.374829 9.477838
486 1.374829 9.477838
487 1.374829 9.477838
488 1.374829 9.477837
489 1.374829 9.477837
490 1.374829 9.477837
491 1.374829 9.477837
492 1.374829 9.477837
493 1.374829 9.477837
494 1.374829 9.477837
495 1.374829 9.477837
496 1.374829 9.477837
497 1.374829 9.477837
498 1.374829 9.477837
499 1.374829 9.477837
