0 1.626337 18.540000
1 1.623826 18.540000
2 1.621482 18.520000
3 1.619310 18.499207
4 1.617297 18.479930
5 1.615431 18.462059
6 1.613701 18.445491
7 1.612099 18.430133
8 1.610613 18.415897
9 1.609237 18.402701
10 1.607905 18.397299
11 1.606668 18.385453
12 1.605521 18.374455
13 1.604455 18.364246
14 1.603466 18.354768
15 1.602549 18.345970
16 1.601697 18.337803
17 1.600906 18.330221
18 1.600172 18.323184
19 1.599491 18.316652
20 1.598859 18.310588
21 1.598273 18.304960
22 1.597765 18.295040
23 1.597294 18.290522
24 1.596855 18.286322
25 1.596447 18.282417
26 1.596068 18.278787
27 1.595716 18.275411
28 1.595388 18.272273
29 1.595084 18.269356
30 1.594801 18.266644
31 1.594538 18.264122
32 1.594293 18.261778
33 1.594066 18.259599
34 1.593854 18.257572
35 1.593658 18.255689
36 1.593475 18.253938
37 1.593305 18.252310
38 1.593147 18.250797
39 1.593001 18.249203
40 1.592866 18.247906
41 1.592739 18.246696
42 1.592621 18.245567
43 1.592511 18.244515
44 1.592408 18.243533
45 1.592312 18.242617
46 1.592222 18.241762
47 1.592139 18.240966
48 1.592061 18.240222
49 1.591989 18.239529
50 1.591921 18.238882
51 1.591858 18.238279
52 1.591799 18.237717
53 1.591744 18.237192
54 1.591693 18.236702
55 1.591645 18.236246
56 1.591600 18.235820
57 1.591559 18.235423
58 1.591520 18.235052
59 1.591484 18.234707
60 1.591450 18.234385
61 1.591419 18.234084
62 1.591389 18.233804
63 1.591362 18.233542
64 1.591336 18.233298
65 1.591313 18.233071
66 1.591290 18.232858
67 1.591270 18.232660
68 1.591250 18.232476
69 1.591232 18.232304
70 1.591216 18.232143
71 1.591200 18.231993
72 1.591185 18.231853
73 1.591172 18.231723
74 1.591159 18.231602
75 1.591147 18.231488
76 1.591136 18.231382
77 1.591126 18.231284
78 1.591116 18.231192
79 1.591107 18.231106
80 1.591099 18.231026
81 1.591091 18.230951
82 1.591084 18.230882
83 1.591077 18.230817
84 1.591070 18.230756
85 1.591065 18.230700
86 1.591059 18.230647
87 1.591054 18.230598
88 1.591049 18.230552
89 1.591045 18.230509
90 1.591040 18.230469
91 1.591037 18.230432
92 1.591033 18.230397
93 1.591030 18.230365
94 1.591026 18.230335
95 1.591023 18.230307
96 1.591021 18.230280
97 1.591018 18.230256
98 1.591016 18.230233
99 1.591013 18.230212
100 1.591011 18.230192
101 1.591009 18.230173
102 1.591008 18.230156
103 1.591006 18.230140
104 1.591004 18.230125
105 1.591003 18.230111
106 1.591002 18.230098
107 1.591000 18.230085
108 1.590999 18.230074
109 1.590998 18.230063
110 1.590997 18.230054
111 1.590996 18.230044
112 1.590995 18.230036
113 1.590994 18.230028
114 1.590993 18.230020
115 1.590993 18.230013
116 1.590992 18.230007
117 1.590991 18.230001
118 1.590991 18.229995
119 1.590990 18.229990
120 1.590990 18.229985
121 1.590989 18.229980
122 1.590989 18.229976
123 1.590988 18.229972
124 1.590988 18.229968
125 1.590988 18.229965
126 1.590987 18.229961
127 1.590987 18.229958
128 1.590987 18.229955
129 1.590986 18.229953
130 1.590986 18.229950
131 1.590986 18.229948
132 1.590986 18.229946
133 1.590985 18.229944
134 1.590985 18.229942
135 1.590985 18.229940
136 1.590985 18.229939
137 1.590985 18.229937
138 1.590985 18.229936
139 1.590984 18.229934
140 1.590984 18.229933
141 1.590984 18.229932
142 1.590984 18.229931
143 1.590984 18.229930
144 1.590984 18.229929
145 1.590984 18.229928
146 1.590984 18.229927
147 1.590984 18.229927
148 1.590984 18.229926
149 1.590983 18.229925
150 1.590983 18.229925
151 1.590983 18.229924
152 1.590983 18.229924
153 1.590983 18.229923
154 1.590983 18.229923
155 1.590983 18.229922
156 1.590983 18.229922
157 1.590983 18.229921
158 1.590983 18.229921
159 1.590983 18.229921
160 1.590983 18.229920
161 1.590983 18.229920
162 1.590983 18.229920
163 1.590983 18.229920
164 1.590983 18.229919
165 1.590983 18.229919
166 1.590983 18.229919
167 1.590983 18.229919
168 1.590983 18.229919
169 1.590983 18.229919
170 1.590983 18.229918
171 1.590983 18.229918
172 1.590983 18.229918
173 1.590983 18.229918
174 1.590983 18.229918
175 1.590983 18.229918
176 1.590983 18.229918
177 1.590983 18.229918
178 1.590983 18.229917
179 1.590983 18.229917
180 1.590983 18.229917
181 1.590983 18.229917
182 1.590983 18.229917
183 1.590983 18.229917
184 1.590983 18.229917
185 1.590983 18.229917
186 1.590983 18.229917
187 1.590983 18.229917
188 1.590983 18.229917
189 1.590983 18.229917
190 1.590983 18.229917
191 1.590983 18.229917
192 1.590983 18.229917
193 1.590983 18.229917
194 1.590983 18.229917
195 1.590983 18.229917
196 1.590983 18.229917
197 1.590983 18.229917
198 1.590983 18.229917
199 1.590983 18.229917
200 1.590983 18.229917
201 1.590983 18.229916
202 1.590983 18.229916
203 1.590983 18.229916
204 1.590983 18.229916
205 1.590983 18.229916
206 1.590983 18.229916
207 1.590983 18.229916
208 1.590983 18.229916
209 1.590983 18.229916
210 1.590983 18.229916
211 1.590983 18.229916
212 1.590983 18.229916
213 1.590983 18.229916
214 1.590983 18.229916
215 1.590983 18.229916
216 1.590983 18.229916
217 1.590983 18.229916
218 1.590983 18.229916
219 1.590983 18.229916
220 1.590983 18.229916
221 1.590983 18.229916
222 1.590983 18.229916
223 1.590983 18.229916
224 1.590983 18.229916
225 1.590983 18.229916
226 1.590983 18.229916
227 1.590983 18.229916
228 1.590983 18.229916
229 1.590983 18.229916
230 1.590983 18.229916
231 1.590983 18.229916
232 1.590983 18.229916
233 1.590983 18.229916
234 1.590983 18.229916
235 1.590983 18.229916
236 1.590983 18.229916
237 1.590983 18.229916
238 1.590983 18.229916
239 1.590983 18.229916
240 1.590983 18.229916
241 1.590983 18.229916
242 1.590983 18.229916
243 1.590983 18.229916
244 1.590983 18.229916
245 1.590983 18.229916
246 1.590983 18.229916
247 1.590983 18.229916
248 1.590983 18.229916
249 1.590983 18.229916
250 1.590983 18.229916
251 1.590983 18.229916
252 1.590983 18.229916
253 1.590983 18.229916
254 1.590983 18.229916
255 1.590983 18.229916
256 1.590983 18.229916
257 1.590983 18.229916
258 1.590983 18.229916
259 1.590983 18.229916
260 1.590983 18.229916
261 1.590983 18.229916
262 1.590983 18.229916
263 1.590983 18.229916
264 1.590983 18.229916
265 1.590983 18.229916
266 1.590983 18.229916
267 1.590983 18.229916
268 1.590983 18.229916
269 1.590983 18.229916
270 1.590983 18.229916
271 1.590983 18.229916
272 1.590983 18.229916
273 1.590983 18.229916
274 1.590983 18.229916
275 1.590983 18.229916
276 1.590983 18.229916
277 1.590983 18.229916
278 1.590983 18.229916
279 1.590983 18.229916
280 1.590983 18.229916
281 1.590983 18.229916
282 1.590983 18.229916
283 1.590983 18.229916
284 1.590983 18.229916
285 1.590983 18.229916
286 1.590983 18.229916
287 1.590983 18.229916
288 1.590983 18.229916
289 1.590983 18.229916
290 1.590983 18.229916
291 1.590983 18.229916
292 1.590983 18.229916
293 1.590983 18.229916
294 1.590983 18.229916
295 1.590983 18.229916
296 1.590983 18.229916
297 1.590983 18.229916
298 1.590983 18.229916
299 1.590983 18.229916
300 1.590983 18.229916
301 1.590983 18.229916
302 1.590983 18.229916
303 1.590983 18.229916
304 1.590983 18.229916
305 1.590983 18.229916
306 1.590983 18.229916
307 1.590983 18.229916
308 1.590983 18.229916
309 1.590983 18.229916
310 1.590983 18.229916
311 1.590983 18.229916
312 1.590983 18.229916
313 1.590983 18.229916
314 1.590983 18.229916
315 1.590983 18.229916
316 1.590983 18.229916
317 1.590983 18.229916
318 1.590983 18.229916
319 1.590983 18.229916
320 1.590983 18.229916
321 1.590983 18.229916
322 1.590983 18.229916
323 1.590983 18.229916
324 1.590983 18.229916
325 1.590983 18.229916
326 1.590983 18.229916
327 1.590983 18.229916
328 1.590983 18.229916
329 1.590983 18.229916
330 1.590983 18.229916
331 1.590983 18.229916
332 1.590983 18.229916
333 1.590983 18.229916
334 1.590983 18.229916
335 1.590983 18.229916
336 1.590983 18.229916
337 1.590983 18.229916
338 1.590983 18.229916
339 1.590983 18.229916
340 1.590983 18.229916
341 1.590983 18.229916
342 1.590983 18.229916
343 1.590983 18.229916
344 1.590983 18.229916
345 1.590983 18.229916
346 1.590983 18.229916
347 1.590983 18.229916
348 1.590983 18.229916
349 1.590983 18.229916
350 1.590983 18.229916
351 1.590983 18.229916
352 1.590983 18.229916
353 1.590983 18.229916
354 1.590983 18.229916
355 1.590983 18.229916
356 1.590983 18.229916
357 1.590983 18.229916
358 1.590983 18.229916
359 1.590983 18.229916
360 1.590983 18.229916
361 1.590983 18.229916
362 1.590983 18.229916
363 1.590983 18.229916
364 1.590983 18.229916
365 1.590983 18.229916
366 1.590983 18.229916
367 1.590983 18.229916
368 1.590983 18.229916
369 1.590983 18.229916
370 1.590983 18.229916
371 1.590983 18.229916
372 1.590983 18.229916
373 1.590983 18.229916
374 1.590983 18.229916
375 1.590983 18.229916
376 1.590983 18.229916
377 1.590983 18.229916
378 1.590983 18.229916
379 1.590983 18.229916
380 1.590983 18.229916
381 1.590983 18.229916
382 1.590983 18.229916
383 1.590983 18.229916
384 1.590983 18.229916
385 1.590983 18.229916
386 1.590983 18.229916
387 1.590983 18.229916
388 1.590983 18.229916
389 1.590983 18.229916
390 1.590983 18.229916
391 1.590983 18.229916
392 1.590983 18.229916
393 1.590983 18.229916
394 1.590983 18.229916
395 1.590983 18.229916
396 1.590983 18.229916
397 1.590983 18.229916
398 1.590983 18.229916
399 1.590983 18.229916
400 1.590983 18.229916
401 1.590983 18.229916
402 1.590983 18.229916
403 1.590983 18.229916
404 1.590983 18.229916
405 1.590983 18.229916
406 1.590983 18.229916
407 1.590983 18.229916
408 1.590983 18.229916
409 1.590983 18.229916
410 1.590983 18.229916
411 1.590983 18.229916
412 1.590983 18.229916
413 1.590983 18.229916
414 1.590983 18.229916
415 1.590983 18.229916
416 1.590983 18.229916
417 1.590983 18.229916
418 1.590983 18.229916
419 1.590983 18.229916
420 1.590983 18.229916
421 1.590983 18.229916
422 1.590983 18.229916
423 1.590983 18.229916
424 1.590983 18.229916
425 1.590983 18.229916
426 1.590983 18.229916
427 1.590983 18.229916
428 1.590983 18.229916
429 1.590983 18.229916
430 1.590983 18.229916
431 1.590983 18.229916
432 1.590983 18.229916
433 1.590983 18.229916
434 1.590983 18.229916
435 1.590983 18.229916
436 1.590983 18.229916
437 1.590983 18.229916
438 1.590983 18.229916
439 1.590983 18.229916
440 1.590983 18.229916
441 1.590983 18.229916
442 1.590983 18.229916
443 1.590983 18.229916
444 1.590983 18.229916
445 1.590983 18.229916
446 1.590983 18.229916
447 1.590983 18.229916
448 1.590983 18.229916
449 1.590983 18.229916
450 1.590983 18.229916
451 1.590983 18.229916
452 1.590983 18.229916
453 1.590983 18.229916
454 1.590983 18.229916
455 1.590983 18.229916
456 1.590983 18.229916
457 1.590983 18.229916
458 1.590983 18.229916
459 1.590983 18.229916
460 1.590983 18.229916
461 1.590983 18.229916
462 1.590983 18.229916
463 1.590983 18.229916
464 1.590983 18.229916
465 1.590983 18.229916
466 1.590983 18.229916
467 1.590983 18.229916
468 1.590983 18.229916
469 1.590983 18.229916
470 1.590983 18.229916
471 1.590983 18.229916
472 1.590983 18.229916
473 1.590983 18.229916
474 1.590983 18.229916
475 1.590983 18.229916
476 1.590983 18.229916
477 1.590983 18.229916
478 1.590983 18.229916
479 1.590983 18.229916
480 1.590983 18.229916
481 1.590983 18.229916
482 1.590983 18.229916
483 1.590983 18.229916
484 1.590983 18.229916
485 1.590983 18.229916
486 1.590983 18.229916
487 1.590983 18.229916
488 1.590983 18.229916
489 1.590983 18.229916
490 1.590983 18.229916
491 1.590983 18.229916
492 1.590983 18.229916
493 1.590983 18.229916
494 1.590983 18.229916
495 1.590983 18.229916
496 1.590983 18.229916
497 1.590983 18.229916
498 1.590983 18.229916
499 1.590983 18.229916
