0 0.238428 3.340000
1 0.237625 3.340000
2 0.236846 3.331253
3 0.236072 3.328747
4 0.235318 3.320293
5 0.234583 3.312046
6 0.233858 3.307954
7 0.233149 3.299994
8 0.232457 3.292214
9 0.231781 3.284611
10 0.231120 3.277182
11 0.230476 3.269921
12 0.229846 3.262827
13 0.229228 3.257173
14 0.228623 3.250361
15 0.228032 3.243692
16 0.227453 3.237163
17 0.226886 3.230771
18 0.226332 3.224513
19 0.225790 3.218388
20 0.225260 3.212392
21 0.224741 3.206522
22 0.224233 3.200776
23 0.223736 3.195152
24 0.223250 3.189647
25 0.222775 3.184259
26 0.222310 3.178985
27 0.221855 3.173823
28 0.221410 3.168771
29 0.220974 3.163826
30 0.220548 3.158987
31 0.220132 3.154251
32 0.219724 3.149615
33 0.219325 3.145079
34 0.218935 3.140640
35 0.218554 3.136296
36 0.218180 3.132044
37 0.217815 3.127884
38 0.217458 3.123813
39 0.217115 3.116187
40 0.216779 3.112366
41 0.216450 3.108618
42 0.216127 3.104944
43 0.215810 3.101342
44 0.215500 3.097810
45 0.215196 3.094347
46 0.214898 3.090952
47 0.214606 3.087624
48 0.214320 3.084360
49 0.214040 3.081161
50 0.213765 3.078025
51 0.213495 3.074950
52 0.213231 3.071935
53 0.212974 3.068065
54 0.212721 3.065183
55 0.212473 3.062352
56 0.212229 3.059572
57 0.211989 3.056840
58 0.211754 3.054157
59 0.211523 3.051522
60 0.211296 3.048934
61 0.211074 3.046391
62 0.210855 3.043894
63 0.210640 3.041441
64 0.210429 3.039032
65 0.210222 3.036665
66 0.210019 3.034341
67 0.209819 3.032058
68 0.209623 3.029816
69 0.209431 3.027614
70 0.209242 3.025451
71 0.209056 3.023327
72 0.208874 3.021241
73 0.208695 3.019192
74 0.208519 3.017179
75 0.208346 3.015203
76 0.208177 3.013261
77 0.208010 3.011355
78 0.207847 3.009483
79 0.207686 3.007644
80 0.207529 3.005838
81 0.207374 3.004064
82 0.207222 3.002322
83 0.207073 3.000612
84 0.206927 2.998932
85 0.206783 2.997282
86 0.206642 2.995662
87 0.206503 2.994071
88 0.206367 2.992508
89 0.206233 2.990974
90 0.206102 2.989467
91 0.205973 2.987987
92 0.205846 2.986534
93 0.205722 2.985107
94 0.205600 2.983705
95 0.205480 2.982329
96 0.205363 2.980977
97 0.205247 2.979650
98 0.205134 2.978347
99 0.205023 2.977067
100 0.204913 2.975810
101 0.204806 2.974576
102 0.204701 2.973364
103 0.204597 2.972174
104 0.204495 2.971006
105 0.204396 2.969858
106 0.204298 2.968731
107 0.204202 2.967625
108 0.204107 2.966538
109 0.204014 2.965471
110 0.203923 2.964424
111 0.203834 2.963395
112 0.203746 2.962385
113 0.203660 2.961393
114 0.203576 2.960419
115 0.203492 2.959462
116 0.203411 2.958523
117 0.203331 2.957601
118 0.203252 2.956695
119 0.203175 2.955806
120 0.203099 2.954933
121 0.203025 2.954076
122 0.202952 2.953234
123 0.202880 2.952407
124 0.202810 2.951596
125 0.202740 2.950799
126 0.202673 2.950017
127 0.202605 2.949983
128 0.202538 2.949215
129 0.202472 2.948460
130 0.202408 2.947716
131 0.202344 2.946985
132 0.202282 2.946265
133 0.202220 2.945557
134 0.202160 2.944861
135 0.202100 2.944176
136 0.202042 2.943501
137 0.201984 2.942838
138 0.201927 2.942185
139 0.201872 2.941543
140 0.201817 2.940912
141 0.201763 2.940290
142 0.201710 2.939679
143 0.201657 2.939077
144 0.201606 2.938485
145 0.201556 2.937903
146 0.201506 2.937330
147 0.201457 2.936766
148 0.201409 2.936212
149 0.201361 2.935666
150 0.201315 2.935129
151 0.201269 2.934601
152 0.201224 2.934082
153 0.201180 2.933571
154 0.201136 2.933068
155 0.201093 2.932573
156 0.201051 2.932087
157 0.201009 2.931608
158 0.200968 2.931137
159 0.200928 2.930673
160 0.200889 2.930217
161 0.200850 2.929769
162 0.200812 2.929328
163 0.200774 2.928893
164 0.200737 2.928466
165 0.200700 2.928046
166 0.200665 2.927633
167 0.200629 2.927226
168 0.200595 2.926826
169 0.200560 2.926432
170 0.200527 2.926045
171 0.200494 2.925664
172 0.200461 2.925289
173 0.200429 2.924921
174 0.200398 2.924558
175 0.200367 2.924201
176 0.200337 2.923850
177 0.200307 2.923505
178 0.200277 2.923165
179 0.200248 2.922830
180 0.200220 2.922502
181 0.200192 2.922178
182 0.200164 2.921860
183 0.200137 2.921547
184 0.200110 2.921239
185 0.200084 2.920936
186 0.200058 2.920637
187 0.200033 2.920344
188 0.200008 2.920056
189 0.199983 2.919772
190 0.199959 2.919493
191 0.199935 2.919218
192 0.199912 2.918948
193 0.199889 2.918682
194 0.199866 2.918420
195 0.199844 2.918163
196 0.199822 2.917910
197 0.199800 2.917661
198 0.199779 2.917416
199 0.199758 2.917175
200 0.199738 2.916938
201 0.199717 2.916704
202 0.199698 2.916475
203 0.199678 2.916249
204 0.199659 2.916027
205 0.199640 2.915809
206 0.199621 2.915594
207 0.199603 2.915382
208 0.199585 2.915174
209 0.199567 2.914970
210 0.199550 2.914768
211 0.199533 2.914570
212 0.199516 2.914375
213 0.199499 2.914184
214 0.199483 2.913995
215 0.199467 2.913810
216 0.199451 2.913627
217 0.199435 2.913448
218 0.199420 2.913271
219 0.199405 2.913098
220 0.199390 2.912927
221 0.199376 2.912759
222 0.199361 2.912593
223 0.199347 2.912430
224 0.199334 2.912270
225 0.199320 2.912113
226 0.199306 2.911958
227 0.199293 2.911806
228 0.199280 2.911656
229 0.199268 2.911508
230 0.199255 2.911363
231 0.199243 2.911221
232 0.199230 2.911080
233 0.199219 2.910942
234 0.199207 2.910806
235 0.199195 2.910673
236 0.199184 2.910541
237 0.199173 2.910412
238 0.199162 2.910284
239 0.199151 2.910159
240 0.199140 2.910036
241 0.199130 2.909915
242 0.199119 2.909796
243 0.199109 2.909679
244 0.199099 2.909563
245 0.199089 2.909450
246 0.199080 2.909338
247 0.199070 2.909228
248 0.199061 2.909120
249 0.199052 2.909014
250 0.199043 2.908910
251 0.199034 2.908807
252 0.199025 2.908706
253 0.199016 2.908606
254 0.199008 2.908508
255 0.199000 2.908412
256 0.198991 2.908317
257 0.198983 2.908224
258 0.198975 2.908132
259 0.198968 2.908042
260 0.198960 2.907953
261 0.198952 2.907866
262 0.198945 2.907780
263 0.198938 2.907696
264 0.198930 2.907613
265 0.198923 2.907531
266 0.198916 2.907451
267 0.198910 2.907372
268 0.198903 2.907294
269 0.198896 2.907217
270 0.198890 2.907142
271 0.198883 2.907068
272 0.198877 2.906995
273 0.198871 2.906923
274 0.198865 2.906853
275 0.198859 2.906783
276 0.198853 2.906715
277 0.198847 2.906648
278 0.198841 2.906582
279 0.198836 2.906517
280 0.198830 2.906453
281 0.198825 2.906390
282 0.198819 2.906328
283 0.198814 2.906267
284 0.198809 2.906208
285 0.198804 2.906149
286 0.198799 2.906091
287 0.198794 2.906034
288 0.198789 2.905978
289 0.198784 2.905923
290 0.198779 2.905868
291 0.198775 2.905815
292 0.198770 2.905763
293 0.198766 2.905711
294 0.198761 2.905660
295 0.198757 2.905610
296 0.198753 2.905561
297 0.198749 2.905513
298 0.198745 2.905465
299 0.198740 2.905418
300 0.198737 2.905372
301 0.198733 2.905327
302 0.198729 2.905282
303 0.198725 2.905238
304 0.198721 2.905195
305 0.198718 2.905153
306 0.198714 2.905111
307 0.198710 2.905070
308 0.198707 2.905030
309 0.198703 2.904990
310 0.198700 2.904951
311 0.198697 2.904913
312 0.198693 2.904875
313 0.198690 2.904838
314 0.198687 2.904801
315 0.198684 2.904765
316 0.198681 2.904730
317 0.198678 2.904695
318 0.198675 2.904660
319 0.198672 2.904627
320 0.198669 2.904594
321 0.198666 2.904561
322 0.198664 2.904529
323 0.198661 2.904497
324 0.198658 2.904466
325 0.198655 2.904436
326 0.198653 2.904406
327 0.198650 2.904376
328 0.198648 2.904347
329 0.198645 2.904318
330 0.198643 2.904290
331 0.198641 2.904263
332 0.198638 2.904235
333 0.198636 2.904209
334 0.198634 2.904182
335 0.198631 2.904156
336 0.198629 2.904131
337 0.198627 2.904106
338 0.198625 2.904081
339 0.198623 2.904057
340 0.198621 2.904033
341 0.198619 2.904009
342 0.198617 2.903986
343 0.198615 2.903964
344 0.198613 2.903941
345 0.198611 2.903919
346 0.198609 2.903897
347 0.198607 2.903876
348 0.198605 2.903855
349 0.198603 2.903835
350 0.198602 2.903814
351 0.198600 2.903794
352 0.198598 2.903775
353 0.198597 2.903756
354 0.198595 2.903737
355 0.198593 2.903718
356 0.198592 2.903699
357 0.198590 2.903681
358 0.198589 2.903664
359 0.198587 2.903646
360 0.198586 2.903629
361 0.198584 2.903612
362 0.198583 2.903595
363 0.198581 2.903579
364 0.198580 2.903563
365 0.198579 2.903547
366 0.198577 2.903531
367 0.198576 2.903516
368 0.198575 2.903501
369 0.198573 2.903486
370 0.198572 2.903472
371 0.198571 2.903457
372 0.198570 2.903443
373 0.198568 2.903429
374 0.198567 2.903416
375 0.198566 2.903402
376 0.198565 2.903389
377 0.198564 2.903376
378 0.198563 2.903363
379 0.198562 2.903350
380 0.198561 2.903338
381 0.198559 2.903326
382 0.198558 2.903314
383 0.198557 2.903302
384 0.198556 2.903291
385 0.198555 2.903279
386 0.198554 2.903268
387 0.198554 2.903257
388 0.198553 2.903246
389 0.198552 2.903235
390 0.198551 2.903225
391 0.198550 2.903214
392 0.198549 2.903204
393 0.198548 2.903194
394 0.198547 2.903184
395 0.198546 2.903175
396 0.198546 2.903165
397 0.198545 2.903156
398 0.198544 2.903147
399 0.198543 2.903137
400 0.198542 2.903129
401 0.198542 2.903120
402 0.198541 2.903111
403 0.198540 2.903103
404 0.198539 2.903094
405 0.198539 2.903086
406 0.198538 2.903078
407 0.198537 2.903070
408 0.198537 2.903062
409 0.198536 2.903055
410 0.198535 2.903047
411 0.198535 2.903040
412 0.198534 2.903032
413 0.198533 2.903025
414 0.198533 2.903018
415 0.198532 2.903011
416 0.198532 2.903004
417 0.198531 2.902997
418 0.198530 2.902991
419 0.198530 2.902984
420 0.198529 2.902978
421 0.198529 2.902971
422 0.198528 2.902965
423 0.198528 2.902959
424 0.198527 2.902953
425 0.198527 2.902947
426 0.198526 2.902941
427 0.198526 2.902936
428 0.198525 2.902930
429 0.198525 2.902924
430 0.198524 2.902919
431 0.198524 2.902914
432 0.198523 2.902908
433 0.198523 2.902903
434 0.198522 2.902898
435 0.198522 2.902893
436 0.198522 2.902888
437 0.198521 2.902883
438 0.198521 2.902878
439 0.198520 2.902874
440 0.198520 2.902869
441 0.198520 2.902864
442 0.198519 2.902860
443 0.198519 2.902856
444 0.198518 2.902851
445 0.198518 2.902847
446 0.198518 2.902843
447 0.198517 2.902839
448 0.198517 2.902835
449 0.198517 2.902831
450 0.198516 2.902827
451 0.198516 2.902823
452 0.198516 2.902819
453 0.198515 2.902815
454 0.198515 2.902812
455 0.198515 2.902808
456 0.198514 2.902804
457 0.198514 2.902801
458 0.198514 2.902797
459 0.198513 2.902794
460 0.198513 2.902791
461 0.198513 2.902787
462 0.198513 2.902784
463 0.198512 2.902781
464 0.198512 2.902778
465 0.198512 2.902775
466 0.198512 2.902772
467 0.198511 2.902769
468 0.198511 2.902766
469 0.198511 2.902763
470 0.198511 2.902760
471 0.198510 2.902758
472 0.198510 2.902755
473 0.198510 2.902752
474 0.198510 2.902749
475 0.198509 2.902747
476 0.198509 2.902744
477 0.198509 2.902742
478 0.198509 2.902739
479 0.198509 2.902737
480 0.198508 2.902734
481 0.198508 2.902732
482 0.198508 2.902730
483 0.198508 2.902727
484 0.198508 2.902725
485 0.198507 2.902723
486 0.198507 2.902721
487 0.198507 2.902719
488 0.198507 2.902717
489 0.198507 2.902714
490 0.198506 2.902712
491 0.198506 2.902710
492 0.198506 2.902708
493 0.198506 2.902707
494 0.198506 2.902705
495 0.198506 2.902703
496 0.198505 2.902701
497 0.198505 2.902699
498 0.198505 2.902697
499 0.198505 2.902696
