0 1.202367 11.210000
1 1.200773 11.210000
2 1.199375 11.190000
3 1.198071 11.179867
4 1.196855 11.170414
5 1.195647 11.169586
6 1.194518 11.160815
7 1.193463 11.152617
8 1.192477 11.144957
9 1.191580 11.135043
10 1.190740 11.128527
11 1.189954 11.122426
12 1.189218 11.116713
13 1.188529 11.111365
14 1.187884 11.106358
15 1.187280 11.101670
16 1.186705 11.098330
17 1.186166 11.094151
18 1.185660 11.090231
19 1.185159 11.089769
20 1.184687 11.086119
21 1.184244 11.082689
22 1.183828 11.079465
23 1.183437 11.076436
24 1.183069 11.073590
25 1.182724 11.070915
26 1.182399 11.068401
27 1.182094 11.066039
28 1.181808 11.063819
29 1.181539 11.061734
30 1.181286 11.059774
31 1.181048 11.057932
32 1.180825 11.056201
33 1.180615 11.054575
34 1.180418 11.053047
35 1.180232 11.051611
36 1.180058 11.050262
37 1.179888 11.049738
38 1.179729 11.048501
39 1.179578 11.047337
40 1.179436 11.046241
41 1.179303 11.045209
42 1.179178 11.044238
43 1.179059 11.043323
44 1.178948 11.042462
45 1.178843 11.041652
46 1.178745 11.040888
47 1.178652 11.040170
48 1.178564 11.039494
49 1.178482 11.038857
50 1.178405 11.038258
51 1.178332 11.037694
52 1.178263 11.037162
53 1.178199 11.036662
54 1.178138 11.036191
55 1.178080 11.035748
56 1.178027 11.035331
57 1.177976 11.034938
58 1.177928 11.034568
59 1.177883 11.034220
60 1.177841 11.033893
61 1.177801 11.033584
62 1.177763 11.033294
63 1.177728 11.033020
64 1.177695 11.032763
65 1.177663 11.032521
66 1.177634 11.032293
67 1.177606 11.032078
68 1.177580 11.031876
69 1.177555 11.031685
70 1.177532 11.031506
71 1.177511 11.031338
72 1.177490 11.031179
73 1.177471 11.031029
74 1.177453 11.030889
75 1.177435 11.030756
76 1.177419 11.030631
77 1.177404 11.030514
78 1.177390 11.030404
79 1.177376 11.030300
80 1.177364 11.030202
81 1.177352 11.030109
82 1.177341 11.030023
83 1.177330 11.029941
84 1.177320 11.029864
85 1.177311 11.029792
86 1.177302 11.029723
87 1.177294 11.029659
88 1.177286 11.029599
89 1.177279 11.029542
90 1.177272 11.029488
91 1.177265 11.029438
92 1.177259 11.029391
93 1.177253 11.029346
94 1.177248 11.029304
95 1.177243 11.029264
96 1.177238 11.029227
97 1.177233 11.029192
98 1.177229 11.029159
99 1.177225 11.029128
100 1.177221 11.029099
101 1.177218 11.029071
102 1.177214 11.029045
103 1.177211 11.029021
104 1.177208 11.028998
105 1.177205 11.028976
106 1.177203 11.028956
107 1.177200 11.028937
108 1.177198 11.028918
109 1.177196 11.028901
110 1.177194 11.028886
111 1.177192 11.028870
112 1.177190 11.028856
113 1.177188 11.028843
114 1.177187 11.028830
115 1.177185 11.028819
116 1.177184 11.028807
117 1.177182 11.028797
118 1.177181 11.028787
119 1.177180 11.028778
120 1.177179 11.028769
121 1.177178 11.028761
122 1.177177 11.028753
123 1.177176 11.028746
124 1.177175 11.028739
125 1.177174 11.028732
126 1.177173 11.028726
127 1.177172 11.028721
128 1.177172 11.028715
129 1.177171 11.028710
130 1.177170 11.028705
131 1.177170 11.028701
132 1.177169 11.028697
133 1.177169 11.028693
134 1.177168 11.028689
135 1.177168 11.028685
136 1.177167 11.028682
137 1.177167 11.028679
138 1.177167 11.028676
139 1.177166 11.028673
140 1.177166 11.028671
141 1.177166 11.028668
142 1.177165 11.028666
143 1.177165 11.028664
144 1.177165 11.028662
145 1.177165 11.028660
146 1.177164 11.028658
147 1.177164 11.028656
148 1.177164 11.028654
149 1.177164 11.028653
150 1.177164 11.028652
151 1.177163 11.028650
152 1.177163 11.028649
153 1.177163 11.028648
154 1.177163 11.028647
155 1.177163 11.028646
156 1.177163 11.028645
157 1.177163 11.028644
158 1.177162 11.028643
159 1.177162 11.028642
160 1.177162 11.028641
161 1.177162 11.028640
162 1.177162 11.028640
163 1.177162 11.028639
164 1.177162 11.028638
165 1.177162 11.028638
166 1.177162 11.028637
167 1.177162 11.028637
168 1.177162 11.028636
169 1.177162 11.028636
170 1.177161 11.028635
171 1.177161 11.028635
172 1.177161 11.028635
173 1.177161 11.028634
174 1.177161 11.028634
175 1.177161 11.028634
176 1.177161 11.028633
177 1.177161 11.028633
178 1.177161 11.028633
179 1.177161 11.028633
180 1.177161 11.028632
181 1.177161 11.028632
182 1.177161 11.028632
183 1.177161 11.028632
184 1.177161 11.028632
185 1.177161 11.028631
186 1.177161 11.028631
187 1.177161 11.028631
188 1.177161 11.028631
189 1.177161 11.028631
190 1.177161 11.028631
191 1.177161 11.028631
192 1.177161 11.028630
193 1.177161 11.028630
194 1.177161 11.028630
195 1.177161 11.028630
196 1.177161 11.028630
197 1.177161 11.028630
198 1.177161 11.028630
199 1.177161 11.028630
200 1.177161 11.028630
201 1.177161 11.028630
202 1.177161 11.028630
203 1.177161 11.028630
204 1.177161 11.028629
205 1.177161 11.028629
206 1.177161 11.028629
207 1.177161 11.028629
208 1.177161 11.028629
209 1.177161 11.028629
210 1.177161 11.028629
211 1.177161 11.028629
212 1.177161 11.028629
213 1.177161 11.028629
214 1.177161 11.028629
215 1.177161 11.028629
216 1.177161 11.028629
217 1.177161 11.028629
218 1.177161 11.028629
219 1.177161 11.028629
220 1.177161 11.028629
221 1.177161 11.028629
222 1.177161 11.028629
223 1.177161 11.028629
224 1.177161 11.028629
225 1.177161 11.028629
226 1.177161 11.028629
227 1.177161 11.028629
228 1.177161 11.028629
229 1.177161 11.028629
230 1.177161 11.028629
231 1.177161 11.028629
232 1.177161 11.028629
233 1.177161 11.028629
234 1.177161 11.028629
235 1.177161 11.028629
236 1.177161 11.028629
237 1.177161 11.028629
238 1.177161 11.028629
239 1.177161 11.028629
240 1.177161 11.028629
241 1.177161 11.028629
242 1.177161 11.028629
243 1.177161 11.028629
244 1.177161 11.028629
245 1.177161 11.028629
246 1.177161 11.028629
247 1.177161 11.028629
248 1.177161 11.028629
249 1.177161 11.028629
250 1.177161 11.028629
251 1.177161 11.028629
252 1.177161 11.028629
253 1.177161 11.028629
254 1.177161 11.028629
255 1.177161 11.028629
256 1.177161 11.028629
257 1.177161 11.028629
258 1.177161 11.028629
259 1.177161 11.028629
260 1.177161 11.028629
261 1.177161 11.028629
262 1.177161 11.028629
263 1.177161 11.028629
264 1.177161 11.028629
265 1.177161 11.028629
266 1.177161 11.028629
267 1.177161 11.028629
268 1.177161 11.028629
269 1.177161 11.028629
270 1.177161 11.028629
271 1.177161 11.028629
272 1.177161 11.028629
273 1.177161 11.028629
274 1.177161 11.028629
275 1.177161 11.028629
276 1.177161 11.028629
277 1.177161 11.028629
278 1.177161 11.028629
279 1.177161 11.028629
280 1.177161 11.028629
281 1.177161 11.028629
282 1.177161 11.028629
283 1.177161 11.028629
284 1.177161 11.028629
285 1.177161 11.028629
286 1.177161 11.028629
287 1.177161 11.028629
288 1.177161 11.028629
289 1.177161 11.028629
290 1.177161 11.028629
291 1.177161 11.028629
292 1.177161 11.028629
293 1.177161 11.028629
294 1.177161 11.028629
295 1.177161 11.028629
296 1.177161 11.028629
297 1.177161 11.028629
298 1.177161 11.028629
299 1.177161 11.028629
300 1.177161 11.028629
301 1.177161 11.028629
302 1.177161 11.028629
303 1.177161 11.028629
304 1.177161 11.028629
305 1.177161 11.028629
306 1.177161 11.028629
307 1.177161 11.028629
308 1.177161 11.028629
309 1.177161 11.028629
310 1.177161 11.028629
311 1.177161 11.028629
312 1.177161 11.028629
313 1.177161 11.028629
314 1.177161 11.028629
315 1.177161 11.028629
316 1.177161 11.028629
317 1.177161 11.028629
318 1.177161 11.028629
319 1.177161 11.028629
320 1.177161 11.028629
321 1.177161 11.028629
322 1.177161 11.028629
323 1.177161 11.028629
324 1.177161 11.028629
325 1.177161 11.028629
326 1.177161 11.028629
327 1.177161 11.028629
328 1.177161 11.028629
329 1.177161 11.028629
330 1.177161 11.028629
331 1.177161 11.028629
332 1.177161 11.028629
333 1.177161 11.028629
334 1.177161 11.028629
335 1.177161 11.028629
336 1.177161 11.028629
337 1.177161 11.028629
338 1.177161 11.028629
339 1.177161 11.028629
340 1.177161 11.028629
341 1.177161 11.028629
342 1.177161 11.028629
343 1.177161 11.028629
344 1.177161 11.028629
345 1.177161 11.028629
346 1.177161 11.028629
347 1.177161 11.028629
348 1.177161 11.028629
349 1.177161 11.028629
350 1.177161 11.028629
351 1.177161 11.028629
352 1.177161 11.028629
353 1.177161 11.028629
354 1.177161 11.028629
355 1.177161 11.028629
356 1.177161 11.028629
357 1.177161 11.028629
358 1.177161 11.028629
359 1.177161 11.028629
360 1.177161 11.028629
361 1.177161 11.028629
362 1.177161 11.028629
363 1.177161 11.028629
364 1.177161 11.028629
365 1.177161 11.028629
366 1.177161 11.028629
367 1.177161 11.028629
368 1.177161 11.028629
369 1.177161 11.028629
370 1.177161 11.028629
371 1.177161 11.028629
372 1.177161 11.028629
373 1.177161 11.028629
374 1.177161 11.028629
375 1.177161 11.028629
376 1.177161 11.028629
377 1.177161 11.028629
378 1.177161 11.028629
379 1.177161 11.028629
380 1.177161 11.028629
381 1.177161 11.028629
382 1.177161 11.028629
383 1.177161 11.028629
384 1.177161 11.028629
385 1.177161 11.028629
386 1.177161 11.028629
387 1.177161 11.028629
388 1.177161 11.028629
389 1.177161 11.028629
390 1.177161 11.028629
391 1.177161 11.028629
392 1.177161 11.028629
393 1.177161 11.028629
394 1.177161 11.028629
395 1.177161 11.028629
396 1.177161 11.028629
397 1.177161 11.028629
398 1.177161 11.028629
399 1.177161 11.028629
400 1.177161 11.028629
401 1.177161 11.028629
402 1.177161 11.028629
403 1.177161 11.028629
404 1.177161 11.028629
405 1.177161 11.028629
406 1.177161 11.028629
407 1.177161 11.028629
408 1.177161 11.028629
409 1.177161 11.028629
410 1.177161 11.028629
411 1.177161 11.028629
412 1.177161 11.028629
413 1.177161 11.028629
414 1.177161 11.028629
415 1.177161 11.028629
416 1.177161 11.028629
417 1.177161 11.028629
418 1.177161 11.028629
419 1.177161 11.028629
420 1.177161 11.028629
421 1.177161 11.028629
422 1.177161 11.028629
423 1.177161 11.028629
424 1.177161 11.028629
425 1.177161 11.028629
426 1.177161 11.028629
427 1.177161 11.028629
428 1.177161 11.028629
429 1.177161 11.028629
430 1.177161 11.028629
431 1.177161 11.028629
432 1.177161 11.028629
433 1.177161 11.028629
434 1.177161 11.028629
435 1.177161 11.028629
436 1.177161 11.028629
437 1.177161 11.028629
438 1.177161 11.028629
439 1.177161 11.028629
440 1.177161 11.028629
441 1.177161 11.028629
442 1.177161 11.028629
443 1.177161 11.028629
444 1.177161 11.028629
445 1.177161 11.028629
446 1.177161 11.028629
447 1.177161 11.028629
448 1.177161 11.028629
449 1.177161 11.028629
450 1.177161 11.028629
451 1.177161 11.028629
452 1.177161 11.028629
453 1.177161 11.028629
454 1.177161 11.028629
455 1.177161 11.028629
456 1.177161 11.028629
457 1.177161 11.028629
458 1.177161 11.028629
459 1.177161 11.028629
460 1.177161 11.028629
461 1.177161 11.028629
462 1.177161 11.028629
463 1.177161 11.028629
464 1.177161 11.028629
465 1.177161 11.028629
466 1.177161 11.028629
467 1.177161 11.028629
468 1.177161 11.028629
469 1.177161 11.028629
470 1.177161 11.028629
471 1.177161 11.028629
472 1.177161 11.028629
473 1.177161 11.028629
474 1.177161 11.028629
475 1.177161 11.028629
476 1.177161 11.028629
477 1.177161 11.028629
478 1.177161 11.028629
479 1.177161 11.028629
480 1.177161 11.028629
481 1.177161 11.028629
482 1.177161 11.028629
483 1.177161 11.028629
484 1.177161 11.028629
485 1.177161 11.028629
486 1.177161 11.028629
487 1.177161 11.028629
488 1.177161 11.028629
489 1.177161 11.028629
490 1.177161 11.028629
491 1.177161 11.028629
492 1.177161 11.028629
493 1.177161 11.028629
494 1.177161 11.028629
495 1.177161 11.028629
496 1.177161 11.028629
497 1.177161 11.028629
498 1.177161 11.028629
499 1.177161 11.028629
