0 0.208621 3.220000
1 0.208205 3.220000
2 0.207824 3.215008
3 0.207474 3.210426
4 0.207129 3.209574
5 0.206810 3.205429
6 0.206514 3.201587
7 0.206240 3.198026
8 0.205986 3.194727
9 0.205751 3.191670
10 0.205536 3.188330
11 0.205337 3.185739
12 0.205151 3.183330
13 0.204978 3.181090
14 0.204818 3.179009
15 0.204669 3.177075
16 0.204530 3.175277
17 0.204402 3.173606
18 0.204282 3.172054
19 0.204171 3.170611
20 0.204068 3.169270
21 0.203972 3.168024
22 0.203883 3.166866
23 0.203800 3.165790
24 0.203723 3.164790
25 0.203652 3.163860
26 0.203585 3.162997
27 0.203524 3.162195
28 0.203466 3.161449
29 0.203413 3.160756
30 0.203364 3.160113
31 0.203315 3.159887
32 0.203270 3.159305
33 0.203228 3.158762
34 0.203189 3.158256
35 0.203153 3.157784
36 0.203119 3.157344
37 0.203088 3.156934
38 0.203058 3.156552
39 0.203031 3.156195
40 0.203005 3.155863
41 0.202981 3.155554
42 0.202959 3.155265
43 0.202938 3.154996
44 0.202919 3.154746
45 0.202901 3.154512
46 0.202884 3.154294
47 0.202868 3.154091
48 0.202854 3.153902
49 0.202840 3.153726
50 0.202828 3.153561
51 0.202816 3.153408
52 0.202805 3.153265
53 0.202794 3.153132
54 0.202785 3.153008
55 0.202776 3.152892
56 0.202768 3.152784
57 0.202760 3.152684
58 0.202753 3.152590
59 0.202746 3.152503
60 0.202740 3.152422
61 0.202734 3.152346
62 0.202728 3.152275
63 0.202723 3.152209
64 0.202719 3.152148
65 0.202714 3.152090
66 0.202710 3.152037
67 0.202706 3.151987
68 0.202703 3.151941
69 0.202699 3.151898
70 0.202696 3.151857
71 0.202693 3.151820
72 0.202691 3.151785
73 0.202688 3.151752
74 0.202686 3.151722
75 0.202684 3.151694
76 0.202682 3.151667
77 0.202680 3.151643
78 0.202678 3.151620
79 0.202676 3.151598
80 0.202675 3.151578
81 0.202673 3.151560
82 0.202672 3.151542
83 0.202671 3.151526
84 0.202670 3.151511
85 0.202668 3.151497
86 0.202667 3.151484
87 0.202666 3.151472
88 0.202666 3.151461
89 0.202665 3.151450
90 0.202664 3.151440
91 0.202663 3.151431
92 0.202663 3.151422
93 0.202662 3.151414
94 0.202661 3.151407
95 0.202661 3.151400
96 0.202660 3.151394
97 0.202660 3.151388
98 0.202660 3.151382
99 0.202659 3.151377
100 0.202659 3.151372
101 0.202658 3.151367
102 0.202658 3.151363
103 0.202658 3.151359
104 0.202658 3.151355
105 0.202657 3.151352
106 0.202657 3.151349
107 0.202657 3.151346
108 0.202657 3.151343
109 0.202656 3.151340
110 0.202656 3.151338
111 0.202656 3.151336
112 0.202656 3.151334
113 0.202656 3.151332
114 0.202656 3.151330
115 0.202655 3.151328
116 0.202655 3.151327
117 0.202655 3.151325
118 0.202655 3.151324
119 0.202655 3.151322
120 0.202655 3.151321
121 0.202655 3.151320
122 0.202655 3.151319
123 0.202655 3.151318
124 0.202655 3.151317
125 0.202654 3.151316
126 0.202654 3.151316
127 0.202654 3.151315
128 0.202654 3.151314
129 0.202654 3.151314
130 0.202654 3.151313
131 0.202654 3.151312
132 0.202654 3.151312
133 0.202654 3.151311
134 0.202654 3.151311
135 0.202654 3.151311
136 0.202654 3.151310
137 0.202654 3.151310
138 0.202654 3.151309
139 0.202654 3.151309
140 0.202654 3.151309
141 0.202654 3.151309
142 0.202654 3.151308
143 0.202654 3.151308
144 0.202654 3.151308
145 0.202654 3.151308
146 0.202654 3.151307
147 0.202654 3.151307
148 0.202654 3.151307
149 0.202654 3.151307
150 0.202654 3.151307
151 0.202654 3.151307
152 0.202654 3.151307
153 0.202654 3.151306
154 0.202654 3.151306
155 0.202654 3.151306
156 0.202654 3.151306
157 0.202654 3.151306
158 0.202654 3.151306
159 0.202654 3.151306
160 0.202654 3.151306
161 0.202654 3.151306
162 0.202654 3.151306
163 0.202654 3.151306
164 0.202654 3.151306
165 0.202654 3.151306
166 0.202654 3.151305
167 0.202654 3.151305
168 0.202654 3.151305
169 0.202654 3.151305
170 0.202654 3.151305
171 0.202654 3.151305
172 0.202654 3.151305
173 0.202654 3.151305
174 0.202654 3.151305
175 0.202654 3.151305
176 0.202654 3.151305
177 0.202654 3.151305
178 0.202654 3.151305
179 0.202654 3.151305
180 0.202654 3.151305
181 0.202654 3.151305
182 0.202654 3.151305
183 0.202654 3.151305
184 0.202654 3.151305
185 0.202654 3.151305
186 0.202654 3.151305
187 0.202654 3.151305
188 0.202654 3.151305
189 0.202654 3.151305
190 0.202654 3.151305
191 0.202654 3.151305
192 0.202654 3.151305
193 0.202654 3.151305
194 0.202654 3.151305
195 0.202654 3.151305
196 0.202654 3.151305
197 0.202654 3.151305
198 0.202654 3.151305
199 0.202654 3.151305
200 0.202654 3.151305
201 0.202654 3.151305
202 0.202654 3.151305
203 0.202654 3.151305
204 0.202654 3.151305
205 0.202654 3.151305
206 0.202654 3.151305
207 0.202654 3.151305
208 0.202654 3.151305
209 0.202654 3.151305
210 0.202654 3.151305
211 0.202654 3.151305
212 0.202654 3.151305
213 0.202654 3.151305
214 0.202654 3.151305
215 0.202654 3.151305
216 0.202654 3.151305
217 0.202654 3.151305
218 0.202654 3.151305
219 0.202654 3.151305
220 0.202654 3.151305
221 0.202654 3.151305
222 0.202654 3.151305
223 0.202654 3.151305
224 0.202654 3.151305
225 0.202654 3.151305
226 0.202654 3.151305
227 0.202654 3.151305
228 0.202654 3.151305
229 0.202654 3.151305
230 0.202654 3.151305
231 0.202654 3.151305
232 0.202654 3.151305
233 0.202654 3.151305
234 0.202654 3.151305
235 0.202654 3.151305
236 0.202654 3.151305
237 0.202654 3.151305
238 0.202654 3.151305
239 0.202654 3.151305
240 0.202654 3.151305
241 0.202654 3.151305
242 0.202654 3.151305
243 0.202654 3.151305
244 0.202654 3.151305
245 0.202654 3.151305
246 0.202654 3.151305
247 0.202654 3.151305
248 0.202654 3.151305
249 0.202654 3.151305
250 0.202654 3.151305
251 0.202654 3.151305
252 0.202654 3.151305
253 0.202654 3.151305
254 0.202654 3.151305
255 0.202654 3.151305
256 0.202654 3.151305
257 0.202654 3.151305
258 0.202654 3.151305
259 0.202654 3.151305
260 0.202654 3.151305
261 0.202654 3.151305
262 0.202654 3.151305
263 0.202654 3.151305
264 0.202654 3.151305
265 0.202654 3.151305
266 0.202654 3.151305
267 0.202654 3.151305
268 0.202654 3.151305
269 0.202654 3.151305
270 0.202654 3.151305
271 0.202654 3.151305
272 0.202654 3.151305
273 0.202654 3.151305
274 0.202654 3.151305
275 0.202654 3.151305
276 0.202654 3.151305
277 0.202654 3.151305
278 0.202654 3.151305
279 0.202654 3.151305
280 0.202654 3.151305
281 0.202654 3.151305
282 0.202654 3.151305
283 0.202654 3.151305
284 0.202654 3.151305
285 0.202654 3.151305
286 0.202654 3.151305
287 0.202654 3.151305
288 0.202654 3.151305
289 0.202654 3.151305
290 0.202654 3.151305
291 0.202654 3.151305
292 0.202654 3.151305
293 0.202654 3.151305
294 0.202654 3.151305
295 0.202654 3.151305
296 0.202654 3.151305
297 0.202654 3.151305
298 0.202654 3.151305
299 0.202654 3.151305
300 0.202654 3.151305
301 0.202654 3.151305
302 0.202654 3.151305
303 0.202654 3.151305
304 0.202654 3.151305
305 0.202654 3.151305
306 0.202654 3.151305
307 0.202654 3.151305
308 0.202654 3.151305
309 0.202654 3.151305
310 0.202654 3.151305
311 0.202654 3.151305
312 0.202654 3.151305
313 0.202654 3.151305
314 0.202654 3.151305
315 0.202654 3.151305
316 0.202654 3.151305
317 0.202654 3.151305
318 0.202654 3.151305
319 0.202654 3.151305
320 0.202654 3.151305
321 0.202654 3.151305
322 0.202654 3.151305
323 0.202654 3.151305
324 0.202654 3.151305
325 0.202654 3.151305
326 0.202654 3.151305
327 0.202654 3.151305
328 0.202654 3.151305
329 0.202654 3.151305
330 0.202654 3.151305
331 0.202654 3.151305
332 0.202654 3.151305
333 0.202654 3.151305
334 0.202654 3.151305
335 0.202654 3.151305
336 0.202654 3.151305
337 0.202654 3.151305
338 0.202654 3.151305
339 0.202654 3.151305
340 0.202654 3.151305
341 0.202654 3.151305
342 0.202654 3.151305
343 0.202654 3.151305
344 0.202654 3.151305
345 0.202654 3.151305
346 0.202654 3.151305
347 0.202654 3.151305
348 0.202654 3.151305
349 0.202654 3.151305
350 0.202654 3.151305
351 0.202654 3.151305
352 0.202654 3.151305
353 0.202654 3.151305
354 0.202654 3.151305
355 0.202654 3.151305
356 0.202654 3.151305
357 0.202654 3.151305
358 0.202654 3.151305
359 0.202654 3.151305
360 0.202654 3.151305
361 0.202654 3.151305
362 0.202654 3.151305
363 0.202654 3.151305
364 0.202654 3.151305
365 0.202654 3.151305
366 0.202654 3.151305
367 0.202654 3.151305
368 0.202654 3.151305
369 0.202654 3.151305
370 0.202654 3.151305
371 0.202654 3.151305
372 0.202654 3.151305
373 0.202654 3.151305
374 0.202654 3.151305
375 0.202654 3.151305
376 0.202654 3.151305
377 0.202654 3.151305
378 0.202654 3.151305
379 0.202654 3.151305
380 0.202654 3.151305
381 0.202654 3.151305
382 0.202654 3.151305
383 0.202654 3.151305
384 0.202654 3.151305
385 0.202654 3.151305
386 0.202654 3.151305
387 0.202654 3.151305
388 0.202654 3.151305
389 0.202654 3.151305
390 0.202654 3.151305
391 0.202654 3.151305
392 0.202654 3.151305
393 0.202654 3.151305
394 0.202654 3.151305
395 0.202654 3.151305
396 0.202654 3.151305
397 0.202654 3.151305
398 0.202654 3.151305
399 0.202654 3.151305
400 0.202654 3.151305
401 0.202654 3.151305
402 0.202654 3.151305
403 0.202654 3.151305
404 0.202654 3.151305
405 0.202654 3.151305
406 0.202654 3.151305
407 0.202654 3.151305
408 0.202654 3.151305
409 0.202654 3.151305
410 0.202654 3.151305
411 0.202654 3.151305
412 0.202654 3.151305
413 0.202654 3.151305
414 0.202654 3.151305
415 0.202654 3.151305
416 0.202654 3.151305
417 0.202654 3.151305
418 0.202654 3.151305
419 0.202654 3.151305
420 0.202654 3.151305
421 0.202654 3.151305
422 0.202654 3.151305
423 0.202654 3.151305
424 0.202654 3.151305
425 0.202654 3.151305
426 0.202654 3.151305
427 0.202654 3.151305
428 0.202654 3.151305
429 0.202654 3.151305
430 0.202654 3.151305
431 0.202654 3.151305
432 0.202654 3.151305
433 0.202654 3.151305
434 0.202654 3.151305
435 0.202654 3.151305
436 0.202654 3.151305
437 0.202654 3.151305
438 0.202654 3.151305
439 0.202654 3.151305
440 0.202654 3.151305
441 0.202654 3.151305
442 0.202654 3.151305
443 0.202654 3.151305
444 0.202654 3.151305
445 0.202654 3.151305
446 0.202654 3.151305
447 0.202654 3.151305
448 0.202654 3.151305
449 0.202654 3.151305
450 0.202654 3.151305
451 0.202654 3.151305
452 0.202654 3.151305
453 0.202654 3.151305
454 0.202654 3.151305
455 0.202654 3.151305
456 0.202654 3.151305
457 0.202654 3.151305
458 0.202654 3.151305
459 0.202654 3.151305
460 0.202654 3.151305
461 0.202654 3.151305
462 0.202654 3.151305
463 0.202654 3.151305
464 0.202654 3.151305
465 0.202654 3.151305
466 0.202654 3.151305
467 0.202654 3.151305
468 0.202654 3.151305
469 0.202654 3.151305
470 0.202654 3.151305
471 0.202654 3.151305
472 0.202654 3.151305
473 0.202654 3.151305
474 0.202654 3.151305
475 0.202654 3.151305
476 0.202654 3.151305
477 0.202654 3.151305
478 0.202654 3.151305
479 0.202654 3.151305
480 0.202654 3.151305
481 0.202654 3.151305
482 0.202654 3.151305
483 0.202654 3.151305
484 0.202654 3.151305
485 0.202654 3.151305
486 0.202654 3.151305
487 0.202654 3.151305
488 0.202654 3.151305
489 0.202654 3.151305
490 0.202654 3.151305
491 0.202654 3.151305
492 0.202654 3.151305
493 0.202654 3.151305
494 0.202654 3.151305
495 0.202654 3.151305
496 0.202654 3.151305
497 0.202654 3.151305
498 0.202654 3.151305
499 0.202654 3.151305
