0 0.573882 5.120000
1 0.572995 5.120000
2 0.572126 5.113847
3 0.571273 5.107811
4 0.570437 5.101892
5 0.569612 5.098108
6 0.568802 5.092370
7 0.568007 5.086736
8 0.567226 5.081206
9 0.566461 5.075777
10 0.565709 5.070448
11 0.564972 5.065217
12 0.564248 5.060081
13 0.563538 5.055040
14 0.562841 5.050092
15 0.562145 5.049908
16 0.561461 5.045048
17 0.560789 5.040274
18 0.560129 5.035583
19 0.559481 5.030975
20 0.558845 5.026449
21 0.558220 5.022001
22 0.557606 5.017632
23 0.557003 5.013340
24 0.556417 5.006660
25 0.555840 5.002561
26 0.555274 4.998531
27 0.554717 4.994568
28 0.554169 4.990672
29 0.553631 4.986841
30 0.553102 4.983075
31 0.552582 4.979371
32 0.552071 4.975731
33 0.551569 4.972151
34 0.551075 4.968631
35 0.550589 4.965171
36 0.550112 4.961769
37 0.549643 4.958424
38 0.549182 4.955136
39 0.548729 4.951902
40 0.548285 4.948098
41 0.547848 4.944982
42 0.547418 4.941916
43 0.546995 4.938900
44 0.546578 4.935931
45 0.546169 4.933010
46 0.545766 4.930136
47 0.545370 4.927308
48 0.544980 4.924525
49 0.544596 4.921787
50 0.544219 4.919093
51 0.543848 4.916442
52 0.543483 4.913833
53 0.543123 4.911266
54 0.542770 4.908741
55 0.542422 4.906256
56 0.542080 4.903811
57 0.541743 4.901405
58 0.541412 4.899038
59 0.541086 4.896709
60 0.540766 4.894417
61 0.540451 4.892163
62 0.540145 4.887837
63 0.539844 4.885688
64 0.539548 4.883571
65 0.539256 4.881486
66 0.538969 4.879433
67 0.538686 4.877412
68 0.538408 4.875421
69 0.538133 4.873460
70 0.537863 4.871530
71 0.537597 4.869628
72 0.537336 4.867756
73 0.537078 4.865912
74 0.536824 4.864097
75 0.536574 4.862309
76 0.536328 4.860548
77 0.536086 4.858814
78 0.535847 4.857107
79 0.535612 4.855425
80 0.535381 4.853770
81 0.535153 4.852139
82 0.534929 4.850534
83 0.534708 4.848953
84 0.534491 4.847396
85 0.534277 4.845863
86 0.534066 4.844354
87 0.533858 4.842867
88 0.533654 4.841403
89 0.533453 4.839962
90 0.533255 4.838543
91 0.533060 4.837145
92 0.532867 4.835769
93 0.532678 4.834414
94 0.532492 4.833079
95 0.532309 4.831765
96 0.532128 4.830471
97 0.531951 4.829197
98 0.531776 4.827943
99 0.531603 4.826707
100 0.531434 4.825491
101 0.531267 4.824293
102 0.531102 4.823113
103 0.530940 4.821952
104 0.530781 4.820808
105 0.530625 4.819192
106 0.530471 4.818090
107 0.530319 4.817004
108 0.530170 4.815934
109 0.530023 4.814879
110 0.529878 4.813839
111 0.529735 4.812815
112 0.529594 4.811805
113 0.529455 4.810810
114 0.529318 4.809829
115 0.529184 4.808863
116 0.529051 4.807910
117 0.528920 4.806972
118 0.528791 4.806046
119 0.528664 4.805135
120 0.528538 4.804236
121 0.528415 4.803350
122 0.528293 4.802478
123 0.528173 4.801618
124 0.528055 4.800770
125 0.527939 4.799934
126 0.527824 4.799111
127 0.527711 4.798300
128 0.527599 4.797500
129 0.527490 4.796712
130 0.527381 4.795935
131 0.527275 4.795170
132 0.527170 4.794416
133 0.527066 4.793672
134 0.526964 4.792940
135 0.526863 4.792218
136 0.526764 4.791506
137 0.526667 4.790805
138 0.526570 4.790114
139 0.526475 4.789433
140 0.526382 4.788762
141 0.526290 4.788100
142 0.526199 4.787449
143 0.526110 4.786806
144 0.526021 4.786173
145 0.525934 4.785549
146 0.525849 4.784935
147 0.525764 4.784329
148 0.525681 4.783732
149 0.525599 4.783143
150 0.525519 4.782563
151 0.525439 4.781992
152 0.525361 4.781428
153 0.525283 4.780873
154 0.525207 4.780326
155 0.525132 4.779787
156 0.525058 4.779256
157 0.524985 4.778733
158 0.524914 4.778217
159 0.524843 4.777708
160 0.524773 4.777207
161 0.524704 4.776713
162 0.524637 4.776227
163 0.524570 4.775747
164 0.524504 4.775275
165 0.524439 4.774809
166 0.524375 4.774350
167 0.524312 4.773898
168 0.524250 4.773452
169 0.524189 4.773013
170 0.524129 4.772580
171 0.524070 4.772154
172 0.524011 4.771733
173 0.523953 4.771319
174 0.523897 4.770911
175 0.523841 4.770508
176 0.523786 4.770112
177 0.523731 4.769721
178 0.523678 4.769336
179 0.523625 4.768957
180 0.523573 4.768583
181 0.523522 4.768214
182 0.523471 4.767851
183 0.523421 4.767493
184 0.523372 4.767141
185 0.523324 4.766793
186 0.523276 4.766451
187 0.523229 4.766113
188 0.523183 4.765781
189 0.523137 4.765453
190 0.523092 4.765130
191 0.523048 4.764812
192 0.523005 4.764498
193 0.522962 4.764189
194 0.522919 4.763884
195 0.522877 4.763584
196 0.522836 4.763288
197 0.522796 4.762997
198 0.522756 4.762710
199 0.522716 4.762427
200 0.522678 4.762148
201 0.522639 4.761873
202 0.522602 4.761602
203 0.522565 4.761335
204 0.522528 4.761072
205 0.522492 4.760813
206 0.522456 4.760557
207 0.522421 4.760305
208 0.522387 4.760057
209 0.522353 4.759813
210 0.522319 4.759572
211 0.522286 4.759334
212 0.522254 4.759100
213 0.522222 4.758870
214 0.522190 4.758643
215 0.522159 4.758419
216 0.522128 4.758198
217 0.522098 4.757981
218 0.522068 4.757766
219 0.522039 4.757555
220 0.522010 4.757347
221 0.521982 4.757142
222 0.521954 4.756940
223 0.521926 4.756741
224 0.521899 4.756545
225 0.521872 4.756351
226 0.521845 4.756161
227 0.521819 4.755973
228 0.521793 4.755788
229 0.521768 4.755605
230 0.521743 4.755426
231 0.521718 4.755249
232 0.521694 4.755074
233 0.521670 4.754902
234 0.521647 4.754733
235 0.521623 4.754566
236 0.521601 4.754401
237 0.521578 4.754239
238 0.521556 4.754079
239 0.521534 4.753922
240 0.521512 4.753766
241 0.521491 4.753614
242 0.521470 4.753463
243 0.521450 4.753314
244 0.521429 4.753168
245 0.521409 4.753024
246 0.521389 4.752882
247 0.521370 4.752742
248 0.521351 4.752604
249 0.521332 4.752468
250 0.521313 4.752334
251 0.521295 4.752201
252 0.521277 4.752071
253 0.521259 4.751943
254 0.521241 4.751817
255 0.521224 4.751692
256 0.521207 4.751569
257 0.521190 4.751448
258 0.521174 4.751329
259 0.521157 4.751212
260 0.521141 4.751096
261 0.521125 4.750982
262 0.521110 4.750870
263 0.521094 4.750759
264 0.521079 4.750650
265 0.521064 4.750542
266 0.521050 4.750436
267 0.521035 4.750332
268 0.521021 4.750229
269 0.521007 4.750128
270 0.520993 4.750028
271 0.520979 4.749929
272 0.520966 4.749832
273 0.520952 4.749736
274 0.520939 4.749642
275 0.520926 4.749549
276 0.520914 4.749458
277 0.520901 4.749368
278 0.520889 4.749279
279 0.520877 4.749191
280 0.520865 4.749105
281 0.520853 4.749020
282 0.520841 4.748936
283 0.520830 4.748853
284 0.520818 4.748772
285 0.520807 4.748692
286 0.520796 4.748613
287 0.520785 4.748535
288 0.520775 4.748458
289 0.520764 4.748383
290 0.520754 4.748308
291 0.520744 4.748235
292 0.520734 4.748162
293 0.520724 4.748091
294 0.520714 4.748021
295 0.520704 4.747952
296 0.520695 4.747883
297 0.520685 4.747816
298 0.520676 4.747750
299 0.520667 4.747685
300 0.520658 4.747620
301 0.520649 4.747557
302 0.520641 4.747494
303 0.520632 4.747433
304 0.520624 4.747372
305 0.520615 4.747312
306 0.520607 4.747253
307 0.520599 4.747195
308 0.520591 4.747138
309 0.520583 4.747082
310 0.520576 4.747026
311 0.520568 4.746971
312 0.520561 4.746917
313 0.520553 4.746864
314 0.520546 4.746812
315 0.520539 4.746760
316 0.520532 4.746709
317 0.520525 4.746659
318 0.520518 4.746610
319 0.520511 4.746561
320 0.520504 4.746513
321 0.520498 4.746466
322 0.520491 4.746419
323 0.520485 4.746373
324 0.520479 4.746328
325 0.520473 4.746284
326 0.520466 4.746240
327 0.520460 4.746196
328 0.520454 4.746154
329 0.520449 4.746112
330 0.520443 4.746070
331 0.520437 4.746029
332 0.520432 4.745989
333 0.520426 4.745950
334 0.520421 4.745910
335 0.520415 4.745872
336 0.520410 4.745834
337 0.520405 4.745797
338 0.520400 4.745760
339 0.520395 4.745724
340 0.520390 4.745688
341 0.520385 4.745653
342 0.520380 4.745618
343 0.520375 4.745584
344 0.520371 4.745550
345 0.520366 4.745517
346 0.520361 4.745484
347 0.520357 4.745452
348 0.520353 4.745420
349 0.520348 4.745388
350 0.520344 4.745358
351 0.520340 4.745327
352 0.520335 4.745297
353 0.520331 4.745268
354 0.520327 4.745238
355 0.520323 4.745210
356 0.520319 4.745181
357 0.520316 4.745154
358 0.520312 4.745126
359 0.520308 4.745099
360 0.520304 4.745072
361 0.520301 4.745046
362 0.520297 4.745020
363 0.520293 4.744995
364 0.520290 4.744970
365 0.520287 4.744945
366 0.520283 4.744920
367 0.520280 4.744896
368 0.520276 4.744873
369 0.520273 4.744849
370 0.520270 4.744826
371 0.520267 4.744804
372 0.520264 4.744781
373 0.520261 4.744759
374 0.520258 4.744737
375 0.520255 4.744716
376 0.520252 4.744695
377 0.520249 4.744674
378 0.520246 4.744654
379 0.520243 4.744634
380 0.520241 4.744614
381 0.520238 4.744594
382 0.520235 4.744575
383 0.520232 4.744556
384 0.520230 4.744537
385 0.520227 4.744519
386 0.520225 4.744500
387 0.520222 4.744482
388 0.520220 4.744465
389 0.520217 4.744447
390 0.520215 4.744430
391 0.520213 4.744413
392 0.520210 4.744397
393 0.520208 4.744380
394 0.520206 4.744364
395 0.520204 4.744348
396 0.520201 4.744332
397 0.520199 4.744317
398 0.520197 4.744302
399 0.520195 4.744286
400 0.520193 4.744272
401 0.520191 4.744257
402 0.520189 4.744243
403 0.520187 4.744228
404 0.520185 4.744215
405 0.520183 4.744201
406 0.520181 4.744187
407 0.520179 4.744174
408 0.520178 4.744161
409 0.520176 4.744148
410 0.520174 4.744135
411 0.520172 4.744122
412 0.520171 4.744110
413 0.520169 4.744098
414 0.520167 4.744085
415 0.520165 4.744074
416 0.520164 4.744062
417 0.520162 4.744050
418 0.520161 4.744039
419 0.520159 4.744028
420 0.520158 4.744017
421 0.520156 4.744006
422 0.520155 4.743995
423 0.520153 4.743984
424 0.520152 4.743974
425 0.520150 4.743964
426 0.520149 4.743954
427 0.520147 4.743944
428 0.520146 4.743934
429 0.520145 4.743924
430 0.520143 4.743915
431 0.520142 4.743905
432 0.520141 4.743896
433 0.520140 4.743887
434 0.520138 4.743878
435 0.520137 4.743869
436 0.520136 4.743860
437 0.520135 4.743852
438 0.520133 4.743843
439 0.520132 4.743835
440 0.520131 4.743827
441 0.520130 4.743818
442 0.520129 4.743810
443 0.520128 4.743803
444 0.520127 4.743795
445 0.520126 4.743787
446 0.520125 4.743780
447 0.520124 4.743772
448 0.520123 4.743765
449 0.520122 4.743758
450 0.520121 4.743751
451 0.520120 4.743744
452 0.520119 4.743737
453 0.520118 4.743730
454 0.520117 4.743723
455 0.520116 4.743717
456 0.520115 4.743710
457 0.520114 4.743704
458 0.520113 4.743697
459 0.520112 4.743691
460 0.520111 4.743685
461 0.520111 4.743679
462 0.520110 4.743673
463 0.520109 4.743667
464 0.520108 4.743661
465 0.520107 4.743656
466 0.520107 4.743650
467 0.520106 4.743644
468 0.520105 4.743639
469 0.520104 4.743633
470 0.520104 4.743628
471 0.520103 4.743623
472 0.520102 4.743618
473 0.520101 4.743613
474 0.520101 4.743608
475 0.520100 4.743603
476 0.520099 4.743598
477 0.520099 4.743593
478 0.520098 4.743588
479 0.520097 4.743584
480 0.520097 4.743579
481 0.520096 4.743575
482 0.520096 4.743570
483 0.520095 4.743566
484 0.520094 4.743562
485 0.520094 4.743557
486 0.520093 4.743553
487 0.520093 4.743549
488 0.520092 4.743545
489 0.520091 4.743541
490 0.520091 4.743537
491 0.520090 4.743533
492 0.520090 4.743529
493 0.520089 4.743525
494 0.520089 4.743522
495 0.520088 4.743518
496 0.520088 4.743514
497 0.520087 4.743511
498 0.520087 4.743507
499 0.520086 4.743504
