0 0.339027 3.990000
1 0.338347 3.990000
2 0.337689 3.983778
3 0.337051 3.977746
4 0.336433 3.971901
5 0.335827 3.968099
6 0.335240 3.962545
7 0.334670 3.957157
8 0.334118 3.951928
9 0.333582 3.946855
10 0.333063 3.941933
11 0.332559 3.937158
12 0.332070 3.932526
13 0.331596 3.928031
14 0.331137 3.923671
15 0.330691 3.919441
16 0.330259 3.915338
17 0.329840 3.911357
18 0.329433 3.907496
19 0.329039 3.903750
20 0.328657 3.900117
21 0.328286 3.896592
22 0.327926 3.893173
23 0.327578 3.889857
24 0.327240 3.886640
25 0.326912 3.883520
26 0.326594 3.880494
27 0.326279 3.879506
28 0.325974 3.876598
29 0.325677 3.873774
30 0.325389 3.871032
31 0.325109 3.868370
32 0.324838 3.865785
33 0.324574 3.863275
34 0.324319 3.860837
35 0.324070 3.858470
36 0.323829 3.856173
37 0.323595 3.853941
38 0.323368 3.851775
39 0.323147 3.849672
40 0.322933 3.847629
41 0.322725 3.845646
42 0.322524 3.843721
43 0.322328 3.841852
44 0.322138 3.840037
45 0.321953 3.838275
46 0.321774 3.836565
47 0.321600 3.834904
48 0.321431 3.833292
49 0.321267 3.831726
50 0.321108 3.830207
51 0.320954 3.828731
52 0.320804 3.827299
53 0.320658 3.825908
54 0.320517 3.824558
55 0.320380 3.823247
56 0.320247 3.821975
57 0.320117 3.820740
58 0.319992 3.819540
59 0.319870 3.818376
60 0.319752 3.817246
61 0.319637 3.816149
62 0.319526 3.815084
63 0.319418 3.814050
64 0.319313 3.813046
65 0.319211 3.812072
66 0.319112 3.811126
67 0.319016 3.810208
68 0.318921 3.809792
69 0.318829 3.808913
70 0.318740 3.808058
71 0.318653 3.807227
72 0.318568 3.806419
73 0.318486 3.805635
74 0.318407 3.804872
75 0.318329 3.804130
76 0.318254 3.803410
77 0.318180 3.802710
78 0.318109 3.802029
79 0.318040 3.801368
80 0.317973 3.800725
81 0.317908 3.800100
82 0.317844 3.799493
83 0.317782 3.798903
84 0.317722 3.798329
85 0.317664 3.797772
86 0.317608 3.797231
87 0.317553 3.796704
88 0.317499 3.796193
89 0.317447 3.795695
90 0.317397 3.795212
91 0.317348 3.794743
92 0.317300 3.794286
93 0.317254 3.793843
94 0.317208 3.793412
95 0.317165 3.792993
96 0.317122 3.792586
97 0.317081 3.792190
98 0.317041 3.791806
99 0.317002 3.791432
100 0.316964 3.791069
101 0.316927 3.790716
102 0.316891 3.790373
103 0.316856 3.790040
104 0.316822 3.789716
105 0.316789 3.789401
106 0.316758 3.789095
107 0.316726 3.788798
108 0.316696 3.788509
109 0.316667 3.788228
110 0.316638 3.787955
111 0.316611 3.787690
112 0.316584 3.787433
113 0.316558 3.787182
114 0.316532 3.786939
115 0.316508 3.786702
116 0.316484 3.786472
117 0.316460 3.786249
118 0.316438 3.786032
119 0.316416 3.785821
120 0.316394 3.785616
121 0.316373 3.785417
122 0.316353 3.785223
123 0.316333 3.785035
124 0.316314 3.784852
125 0.316296 3.784675
126 0.316278 3.784502
127 0.316260 3.784334
128 0.316243 3.784171
129 0.316227 3.784013
130 0.316211 3.783859
131 0.316195 3.783709
132 0.316180 3.783564
133 0.316165 3.783422
134 0.316151 3.783285
135 0.316137 3.783151
136 0.316123 3.783022
137 0.316110 3.782896
138 0.316097 3.782773
139 0.316085 3.782654
140 0.316073 3.782538
141 0.316061 3.782426
142 0.316050 3.782317
143 0.316039 3.782211
144 0.316028 3.782107
145 0.316017 3.782007
146 0.316007 3.781910
147 0.315997 3.781815
148 0.315988 3.781723
149 0.315978 3.781634
150 0.315969 3.781547
151 0.315960 3.781462
152 0.315952 3.781380
153 0.315944 3.781301
154 0.315935 3.781223
155 0.315928 3.781148
156 0.315920 3.781075
157 0.315913 3.781003
158 0.315905 3.780934
159 0.315898 3.780867
160 0.315891 3.780802
161 0.315885 3.780738
162 0.315878 3.780677
163 0.315872 3.780617
164 0.315866 3.780559
165 0.315860 3.780502
166 0.315854 3.780447
167 0.315849 3.780394
168 0.315843 3.780342
169 0.315838 3.780291
170 0.315833 3.780242
171 0.315828 3.780195
172 0.315823 3.780149
173 0.315819 3.780104
174 0.315814 3.780060
175 0.315810 3.780017
176 0.315805 3.779976
177 0.315801 3.779936
178 0.315797 3.779897
179 0.315793 3.779859
180 0.315789 3.779822
181 0.315785 3.779786
182 0.315782 3.779752
183 0.315778 3.779718
184 0.315775 3.779685
185 0.315772 3.779653
186 0.315768 3.779622
187 0.315765 3.779592
188 0.315762 3.779563
189 0.315759 3.779534
190 0.315756 3.779507
191 0.315753 3.779480
192 0.315751 3.779454
193 0.315748 3.779428
194 0.315746 3.779404
195 0.315743 3.779380
196 0.315741 3.779356
197 0.315738 3.779334
198 0.315736 3.779312
199 0.315734 3.779290
200 0.315732 3.779270
201 0.315729 3.779249
202 0.315727 3.779230
203 0.315725 3.779211
204 0.315723 3.779192
205 0.315722 3.779174
206 0.315720 3.779157
207 0.315718 3.779140
208 0.315716 3.779123
209 0.315715 3.779107
210 0.315713 3.779092
211 0.315711 3.779076
212 0.315710 3.779062
213 0.315708 3.779047
214 0.315707 3.779033
215 0.315705 3.779020
216 0.315704 3.779007
217 0.315703 3.778994
218 0.315701 3.778982
219 0.315700 3.778970
220 0.315699 3.778958
221 0.315698 3.778946
222 0.315697 3.778935
223 0.315696 3.778925
224 0.315694 3.778914
225 0.315693 3.778904
226 0.315692 3.778894
227 0.315691 3.778885
228 0.315690 3.778875
229 0.315689 3.778866
230 0.315688 3.778857
231 0.315688 3.778849
232 0.315687 3.778841
233 0.315686 3.778833
234 0.315685 3.778825
235 0.315684 3.778817
236 0.315684 3.778810
237 0.315683 3.778802
238 0.315682 3.778795
239 0.315681 3.778789
240 0.315681 3.778782
241 0.315680 3.778776
242 0.315679 3.778769
243 0.315679 3.778763
244 0.315678 3.778757
245 0.315677 3.778752
246 0.315677 3.778746
247 0.315676 3.778741
248 0.315676 3.778735
249 0.315675 3.778730
250 0.315675 3.778725
251 0.315674 3.778721
252 0.315674 3.778716
253 0.315673 3.778711
254 0.315673 3.778707
255 0.315672 3.778703
256 0.315672 3.778698
257 0.315671 3.778694
258 0.315671 3.778690
259 0.315671 3.778687
260 0.315670 3.778683
261 0.315670 3.778679
262 0.315670 3.778676
263 0.315669 3.778672
264 0.315669 3.778669
265 0.315668 3.778666
266 0.315668 3.778663
267 0.315668 3.778660
268 0.315668 3.778657
269 0.315667 3.778654
270 0.315667 3.778651
271 0.315667 3.778648
272 0.315666 3.778646
273 0.315666 3.778643
274 0.315666 3.778640
275 0.315666 3.778638
276 0.315665 3.778636
277 0.315665 3.778633
278 0.315665 3.778631
279 0.315665 3.778629
280 0.315664 3.778627
281 0.315664 3.778625
282 0.315664 3.778623
283 0.315664 3.778621
284 0.315664 3.778619
285 0.315663 3.778617
286 0.315663 3.778615
287 0.315663 3.778614
288 0.315663 3.778612
289 0.315663 3.778610
290 0.315663 3.778609
291 0.315662 3.778607
292 0.315662 3.778606
293 0.315662 3.778604
294 0.315662 3.778603
295 0.315662 3.778602
296 0.315662 3.778600
297 0.315662 3.778599
298 0.315661 3.778598
299 0.315661 3.778597
300 0.315661 3.778595
301 0.315661 3.778594
302 0.315661 3.778593
303 0.315661 3.778592
304 0.315661 3.778591
305 0.315661 3.778590
306 0.315660 3.778589
307 0.315660 3.778588
308 0.315660 3.778587
309 0.315660 3.778586
310 0.315660 3.778585
311 0.315660 3.778584
312 0.315660 3.778583
313 0.315660 3.778583
314 0.315660 3.778582
315 0.315660 3.778581
316 0.315660 3.778580
317 0.315659 3.778580
318 0.315659 3.778579
319 0.315659 3.778578
320 0.315659 3.778578
321 0.315659 3.778577
322 0.315659 3.778576
323 0.315659 3.778576
324 0.315659 3.778575
325 0.315659 3.778574
326 0.315659 3.778574
327 0.315659 3.778573
328 0.315659 3.778573
329 0.315659 3.778572
330 0.315659 3.778572
331 0.315659 3.778571
332 0.315659 3.778571
333 0.315659 3.778570
334 0.315658 3.778570
335 0.315658 3.778569
336 0.315658 3.778569
337 0.315658 3.778569
338 0.315658 3.778568
339 0.315658 3.778568
340 0.315658 3.778568
341 0.315658 3.778567
342 0.315658 3.778567
343 0.315658 3.778566
344 0.315658 3.778566
345 0.315658 3.778566
346 0.315658 3.778565
347 0.315658 3.778565
348 0.315658 3.778565
349 0.315658 3.778565
350 0.315658 3.778564
351 0.315658 3.778564
352 0.315658 3.778564
353 0.315658 3.778563
354 0.315658 3.778563
355 0.315658 3.778563
356 0.315658 3.778563
357 0.315658 3.778562
358 0.315658 3.778562
359 0.315658 3.778562
360 0.315658 3.778562
361 0.315658 3.778562
362 0.315658 3.778561
363 0.315658 3.778561
364 0.315658 3.778561
365 0.315658 3.778561
366 0.315658 3.778561
367 0.315657 3.778561
368 0.315657 3.778560
369 0.315657 3.778560
370 0.315657 3.778560
371 0.315657 3.778560
372 0.315657 3.778560
373 0.315657 3.778560
374 0.315657 3.778559
375 0.315657 3.778559
376 0.315657 3.778559
377 0.315657 3.778559
378 0.315657 3.778559
379 0.315657 3.778559
380 0.315657 3.778559
381 0.315657 3.778559
382 0.315657 3.778558
383 0.315657 3.778558
384 0.315657 3.778558
385 0.315657 3.778558
386 0.315657 3.778558
387 0.315657 3.778558
388 0.315657 3.778558
389 0.315657 3.778558
390 0.315657 3.778558
391 0.315657 3.778558
392 0.315657 3.778557
393 0.315657 3.778557
394 0.315657 3.778557
395 0.315657 3.778557
396 0.315657 3.778557
397 0.315657 3.778557
398 0.315657 3.778557
399 0.315657 3.778557
400 0.315657 3.778557
401 0.315657 3.778557
402 0.315657 3.778557
403 0.315657 3.778557
404 0.315657 3.778557
405 0.315657 3.778557
406 0.315657 3.778556
407 0.315657 3.778556
408 0.315657 3.778556
409 0.315657 3.778556
410 0.315657 3.778556
411 0.315657 3.778556
412 0.315657 3.778556
413 0.315657 3.778556
414 0.315657 3.778556
415 0.315657 3.778556
416 0.315657 3.778556
417 0.315657 3.778556
418 0.315657 3.778556
419 0.315657 3.778556
420 0.315657 3.778556
421 0.315657 3.778556
422 0.315657 3.778556
423 0.315657 3.778556
424 0.315657 3.778556
425 0.315657 3.778556
426 0.315657 3.778556
427 0.315657 3.778556
428 0.315657 3.778556
429 0.315657 3.778556
430 0.315657 3.778556
431 0.315657 3.778555
432 0.315657 3.778555
433 0.315657 3.778555
434 0.315657 3.778555
435 0.315657 3.778555
436 0.315657 3.778555
437 0.315657 3.778555
438 0.315657 3.778555
439 0.315657 3.778555
440 0.315657 3.778555
441 0.315657 3.778555
442 0.315657 3.778555
443 0.315657 3.778555
444 0.315657 3.778555
445 0.315657 3.778555
446 0.315657 3.778555
447 0.315657 3.778555
448 0.315657 3.778555
449 0.315657 3.778555
450 0.315657 3.778555
451 0.315657 3.778555
452 0.315657 3.778555
453 0.315657 3.778555
454 0.315657 3.778555
455 0.315657 3.778555
456 0.315657 3.778555
457 0.315657 3.778555
458 0.315657 3.778555
459 0.315657 3.778555
460 0.315657 3.778555
461 0.315657 3.778555
462 0.315657 3.778555
463 0.315657 3.778555
464 0.315657 3.778555
465 0.315657 3.778555
466 0.315657 3.778555
467 0.315657 3.778555
468 0.315657 3.778555
469 0.315657 3.778555
470 0.315657 3.778555
471 0.315657 3.778555
472 0.315657 3.778555
473 0.315657 3.778555
474 0.315657 3.778555
475 0.315657 3.778555
476 0.315657 3.778555
477 0.315657 3.778555
478 0.315657 3.778555
479 0.315657 3.778555
480 0.315657 3.778555
481 0.315657 3.778555
482 0.315657 3.778555
483 0.315657 3.778555
484 0.315657 3.778555
485 0.315657 3.778555
486 0.315657 3.778555
487 0.315657 3.778555
488 0.315657 3.778555
489 0.315657 3.778555
490 0.315657 3.778555
491 0.315657 3.778555
492 0.315657 3.778555
493 0.315657 3.778555
494 0.315657 3.778555
495 0.315657 3.778555
496 0.315657 3.778555
497 0.315657 3.778555
498 0.315657 3.778555
499 0.315657 3.778555
