0 5.244871 32.210000
1 5.240752 32.210000
2 5.236723 32.190325
3 5.232788 32.169675
4 5.228937 32.150874
5 5.225169 32.132471
6 5.221422 32.127529
7 5.217753 32.109611
8 5.214160 32.092062
9 5.210642 32.074875
10 5.207197 32.058043
11 5.203824 32.041558
12 5.200521 32.025414
13 5.197350 31.994586
14 5.194243 31.979412
15 5.191199 31.964544
16 5.188216 31.949973
17 5.185317 31.930027
18 5.182474 31.916147
19 5.179687 31.902537
20 5.176954 31.889193
21 5.174276 31.876109
22 5.171649 31.863280
23 5.169075 31.850701
24 5.166551 31.838368
25 5.164076 31.826275
26 5.161650 31.814419
27 5.159271 31.802794
28 5.156940 31.791395
29 5.154619 31.788605
30 5.152343 31.777479
31 5.150110 31.766564
32 5.147919 31.755856
33 5.145771 31.745351
34 5.143663 31.735045
35 5.141595 31.724934
36 5.139567 31.715015
37 5.137577 31.705285
38 5.135626 31.695738
39 5.133711 31.686373
40 5.131833 31.677186
41 5.129991 31.668173
42 5.128184 31.659331
43 5.126411 31.650656
44 5.124672 31.642147
45 5.122950 31.637853
46 5.121260 31.629584
47 5.119601 31.621467
48 5.117972 31.613500
49 5.116374 31.605679
50 5.114805 31.598002
51 5.113266 31.590466
52 5.111754 31.583069
53 5.110271 31.575808
54 5.108815 31.568681
55 5.107386 31.561686
56 5.105983 31.554819
57 5.104606 31.548078
58 5.103255 31.541462
59 5.101929 31.534968
60 5.100627 31.528593
61 5.099349 31.522336
62 5.098095 31.516194
63 5.096864 31.510166
64 5.095656 31.504248
65 5.094470 31.498440
66 5.093306 31.492739
67 5.092164 31.487143
68 5.091043 31.481650
69 5.089942 31.476258
70 5.088862 31.470966
71 5.087802 31.465772
72 5.086761 31.460673
73 5.085740 31.455669
74 5.084738 31.450756
75 5.083754 31.445935
76 5.082788 31.441203
77 5.081840 31.436557
78 5.080910 31.431998
79 5.079995 31.428002
80 5.079096 31.423599
81 5.078213 31.419275
82 5.077347 31.415028
83 5.076495 31.410858
84 5.075659 31.406761
85 5.074838 31.402738
86 5.074032 31.398787
87 5.073240 31.394906
88 5.072462 31.391095
89 5.071698 31.387352
90 5.070948 31.383675
91 5.070211 31.380065
92 5.069488 31.376519
93 5.068777 31.373036
94 5.068079 31.369616
95 5.067394 31.366257
96 5.066721 31.362958
97 5.066060 31.359718
98 5.065411 31.356536
99 5.064773 31.353411
100 5.064147 31.350341
101 5.063532 31.347327
102 5.062928 31.344366
103 5.062335 31.341459
104 5.061753 31.338603
105 5.061181 31.335799
106 5.060619 31.333045
107 5.060067 31.330340
108 5.059525 31.327683
109 5.058993 31.325075
110 5.058471 31.322512
111 5.057958 31.319996
112 5.057454 31.317524
113 5.056959 31.315097
114 5.056473 31.312714
115 5.055995 31.310373
116 5.055526 31.308074
117 5.055066 31.305816
118 5.054614 31.303598
119 5.054170 31.301420
120 5.053734 31.299281
121 5.053305 31.297181
122 5.052885 31.295118
123 5.052472 31.293092
124 5.052066 31.291102
125 5.051668 31.289148
126 5.051276 31.287229
127 5.050892 31.285344
128 5.050515 31.283494
129 5.050144 31.281676
130 5.049780 31.279890
131 5.049423 31.278137
132 5.049072 31.276415
133 5.048727 31.274724
134 5.048389 31.273064
135 5.048056 31.271433
136 5.047730 31.269831
137 5.047409 31.268258
138 5.047094 31.266713
139 5.046785 31.265196
140 5.046481 31.263706
141 5.046183 31.262243
142 5.045890 31.260805
143 5.045602 31.259394
144 5.045320 31.258008
145 5.045043 31.256647
146 5.044770 31.255310
147 5.044502 31.253997
148 5.044240 31.252708
149 5.043982 31.251442
150 5.043728 31.250198
151 5.043476 31.249802
152 5.043229 31.248588
153 5.042985 31.247394
154 5.042746 31.246222
155 5.042511 31.245069
156 5.042280 31.243937
157 5.042053 31.242824
158 5.041830 31.241731
159 5.041611 31.240656
160 5.041396 31.239601
161 5.041185 31.238563
162 5.040977 31.237543
163 5.040772 31.236541
164 5.040572 31.235557
165 5.040374 31.234589
166 5.040180 31.233638
167 5.039990 31.232704
168 5.039803 31.231786
169 5.039619 31.230884
170 5.039438 31.229997
171 5.039260 31.229126
172 5.039086 31.228270
173 5.038914 31.227428
174 5.038746 31.226602
175 5.038580 31.225789
176 5.038417 31.224991
177 5.038258 31.224207
178 5.038100 31.223436
179 5.037946 31.222678
180 5.037794 31.221934
181 5.037645 31.221202
182 5.037499 31.220483
183 5.037355 31.219777
184 5.037213 31.219083
185 5.037074 31.218401
186 5.036937 31.217731
187 5.036803 31.217072
188 5.036671 31.216425
189 5.036541 31.215789
190 5.036414 31.215164
191 5.036289 31.214549
192 5.036166 31.213946
193 5.036045 31.213353
194 5.035926 31.212770
195 5.035809 31.212197
196 5.035695 31.211635
197 5.035582 31.211082
198 5.035471 31.210538
199 5.035362 31.210004
200 5.035255 31.209479
201 5.035150 31.208964
202 5.035047 31.208457
203 5.034945 31.207959
204 5.034846 31.207470
205 5.034748 31.206989
206 5.034651 31.206516
207 5.034557 31.206052
208 5.034464 31.205596
209 5.034372 31.205148
210 5.034283 31.204707
211 5.034194 31.204274
212 5.034108 31.203849
213 5.034022 31.203431
214 5.033939 31.203020
215 5.033856 31.202616
216 5.033776 31.202219
217 5.033696 31.201830
218 5.033618 31.201447
219 5.033541 31.201070
220 5.033466 31.200700
221 5.033392 31.200337
222 5.033319 31.199980
223 5.033247 31.199629
224 5.033177 31.199284
225 5.033108 31.198945
226 5.033040 31.198612
227 5.032974 31.198285
228 5.032908 31.197963
229 5.032844 31.197647
230 5.032780 31.197336
231 5.032718 31.197031
232 5.032657 31.196731
233 5.032597 31.196437
234 5.032538 31.196147
235 5.032480 31.195863
236 5.032423 31.195583
237 5.032367 31.195308
238 5.032312 31.195038
239 5.032258 31.194773
240 5.032205 31.194512
241 5.032152 31.194256
242 5.032101 31.194004
243 5.032051 31.193757
244 5.032001 31.193514
245 5.031952 31.193275
246 5.031905 31.193040
247 5.031858 31.192810
248 5.031811 31.192583
249 5.031766 31.192360
250 5.031721 31.192141
251 5.031678 31.191926
252 5.031635 31.191715
253 5.031592 31.191507
254 5.031551 31.191303
255 5.031510 31.191102
256 5.031470 31.190905
257 5.031430 31.190712
258 5.031391 31.190521
259 5.031353 31.190334
260 5.031316 31.190151
261 5.031279 31.189970
262 5.031243 31.189793
263 5.031207 31.189618
264 5.031172 31.189447
265 5.031138 31.189279
266 5.031104 31.189113
267 5.031071 31.188951
268 5.031039 31.188791
269 5.031007 31.188634
270 5.030975 31.188480
271 5.030944 31.188328
272 5.030914 31.188179
273 5.030884 31.188033
274 5.030855 31.187889
275 5.030826 31.187747
276 5.030798 31.187609
277 5.030770 31.187472
278 5.030743 31.187338
279 5.030716 31.187206
280 5.030689 31.187077
281 5.030663 31.186949
282 5.030638 31.186824
283 5.030613 31.186701
284 5.030588 31.186581
285 5.030564 31.186462
286 5.030540 31.186345
287 5.030517 31.186231
288 5.030494 31.186118
289 5.030471 31.186008
290 5.030449 31.185899
291 5.030427 31.185792
292 5.030406 31.185687
293 5.030385 31.185584
294 5.030364 31.185482
295 5.030344 31.185383
296 5.030324 31.185285
297 5.030305 31.185189
298 5.030285 31.185094
299 5.030266 31.185001
300 5.030248 31.184910
301 5.030229 31.184820
302 5.030211 31.184732
303 5.030194 31.184646
304 5.030176 31.184561
305 5.030159 31.184477
306 5.030143 31.184395
307 5.030126 31.184314
308 5.030110 31.184235
309 5.030094 31.184157
310 5.030079 31.184080
311 5.030063 31.184005
312 5.030048 31.183931
313 5.030033 31.183858
314 5.030019 31.183786
315 5.030004 31.183716
316 5.029990 31.183647
317 5.029977 31.183579
318 5.029963 31.183513
319 5.029950 31.183447
320 5.029937 31.183383
321 5.029924 31.183320
322 5.029911 31.183258
323 5.029899 31.183197
324 5.029886 31.183137
325 5.029874 31.183078
326 5.029863 31.183020
327 5.029851 31.182963
328 5.029840 31.182907
329 5.029828 31.182852
330 5.029817 31.182798
331 5.029806 31.182745
332 5.029796 31.182693
333 5.029785 31.182642
334 5.029775 31.182591
335 5.029765 31.182542
336 5.029755 31.182493
337 5.029745 31.182445
338 5.029736 31.182398
339 5.029726 31.182352
340 5.029717 31.182307
341 5.029708 31.182262
342 5.029699 31.182219
343 5.029690 31.182176
344 5.029682 31.182133
345 5.029673 31.182092
346 5.029665 31.182051
347 5.029657 31.182011
348 5.029649 31.181971
349 5.029641 31.181933
350 5.029633 31.181895
351 5.029626 31.181857
352 5.029618 31.181820
353 5.029611 31.181784
354 5.029603 31.181749
355 5.029596 31.181714
356 5.029589 31.181680
357 5.029583 31.181646
358 5.029576 31.181613
359 5.029569 31.181580
360 5.029563 31.181548
361 5.029556 31.181517
362 5.029550 31.181486
363 5.029544 31.181456
364 5.029538 31.181426
365 5.029532 31.181397
366 5.029526 31.181368
367 5.029520 31.181340
368 5.029514 31.181312
369 5.029509 31.181285
370 5.029503 31.181258
371 5.029498 31.181231
372 5.029493 31.181206
373 5.029488 31.181180
374 5.029482 31.181155
375 5.029477 31.181131
376 5.029473 31.181106
377 5.029468 31.181083
378 5.029463 31.181059
379 5.029458 31.181036
380 5.029454 31.181014
381 5.029449 31.180992
382 5.029445 31.180970
383 5.029440 31.180949
384 5.029436 31.180928
385 5.029432 31.180907
386 5.029428 31.180887
387 5.029424 31.180867
388 5.029420 31.180847
389 5.029416 31.180828
390 5.029412 31.180809
391 5.029408 31.180790
392 5.029404 31.180772
393 5.029401 31.180754
394 5.029397 31.180737
395 5.029394 31.180719
396 5.029390 31.180702
397 5.029387 31.180686
398 5.029383 31.180669
399 5.029380 31.180653
400 5.029377 31.180637
401 5.029374 31.180622
402 5.029371 31.180606
403 5.029368 31.180591
404 5.029365 31.180576
405 5.029362 31.180562
406 5.029359 31.180548
407 5.029356 31.180533
408 5.029353 31.180520
409 5.029350 31.180506
410 5.029348 31.180493
411 5.029345 31.180480
412 5.029342 31.180467
413 5.029340 31.180454
414 5.029337 31.180442
415 5.029335 31.180430
416 5.029332 31.180418
417 5.029330 31.180406
418 5.029327 31.180394
419 5.029325 31.180383
420 5.029323 31.180372
421 5.029321 31.180361
422 5.029318 31.180350
423 5.029316 31.180339
424 5.029314 31.180329
425 5.029312 31.180319
426 5.029310 31.180308
427 5.029308 31.180299
428 5.029306 31.180289
429 5.029304 31.180279
430 5.029302 31.180270
431 5.029300 31.180261
432 5.029298 31.180252
433 5.029297 31.180243
434 5.029295 31.180234
435 5.029293 31.180225
436 5.029291 31.180217
437 5.029290 31.180209
438 5.029288 31.180200
439 5.029286 31.180192
440 5.029285 31.180185
441 5.029283 31.180177
442 5.029282 31.180169
443 5.029280 31.180162
444 5.029279 31.180154
445 5.029277 31.180147
446 5.029276 31.180140
447 5.029274 31.180133
448 5.029273 31.180126
449 5.029271 31.180119
450 5.029270 31.180113
451 5.029269 31.180106
452 5.029267 31.180100
453 5.029266 31.180094
454 5.029265 31.180087
455 5.029264 31.180081
456 5.029262 31.180075
457 5.029261 31.180070
458 5.029260 31.180064
459 5.029259 31.180058
460 5.029258 31.180053
461 5.029257 31.180047
462 5.029256 31.180042
463 5.029255 31.180037
464 5.029253 31.180031
465 5.029252 31.180026
466 5.029251 31.180021
467 5.029250 31.180016
468 5.029249 31.180012
469 5.029248 31.180007
470 5.029248 31.180002
471 5.029247 31.179998
472 5.029246 31.179993
473 5.029245 31.179989
474 5.029244 31.179984
475 5.029243 31.179980
476 5.029242 31.179976
477 5.029241 31.179972
478 5.029240 31.179968
479 5.029240 31.179964
480 5.029239 31.179960
481 5.029238 31.179956
482 5.029237 31.179952
483 5.029237 31.179948
484 5.029236 31.179945
485 5.029235 31.179941
486 5.029234 31.179938
487 5.029234 31.179934
488 5.029233 31.179931
489 5.029232 31.179927
490 5.029232 31.179924
491 5.029231 31.179921
492 5.029230 31.179918
493 5.029230 31.179915
494 5.029229 31.179911
495 5.029228 31.179908
496 5.029228 31.179906
497 5.029227 31.179903
498 5.029227 31.179900
499 5.029226 31.179897
