0 0.306753 3.760000
1 0.305845 3.760000
2 0.304956 3.751340
3 0.304087 3.742863
4 0.303237 3.734566
5 0.302405 3.726446
6 0.301592 3.718498
7 0.300797 3.710720
8 0.300019 3.703108
9 0.299254 3.696892
10 0.298506 3.689568
11 0.297773 3.682389
12 0.297055 3.675355
13 0.296351 3.668461
14 0.295662 3.661706
15 0.294988 3.655085
16 0.294327 3.648598
17 0.293680 3.642241
18 0.293046 3.636012
19 0.292437 3.623988
20 0.291840 3.618130
21 0.291254 3.612382
22 0.290679 3.606742
23 0.290116 3.601207
24 0.289563 3.595777
25 0.289021 3.590448
26 0.288489 3.585219
27 0.287967 3.580089
28 0.287456 3.575055
29 0.286954 3.570116
30 0.286453 3.569884
31 0.285961 3.565034
32 0.285477 3.560269
33 0.285002 3.555587
34 0.284536 3.550987
35 0.284078 3.546467
36 0.283628 3.542026
37 0.283186 3.537663
38 0.282752 3.533376
39 0.282326 3.529165
40 0.281907 3.525027
41 0.281496 3.520962
42 0.281092 3.516968
43 0.280696 3.513045
44 0.280306 3.509190
45 0.279924 3.505403
46 0.279548 3.501683
47 0.279180 3.498029
48 0.278817 3.494439
49 0.278462 3.490912
50 0.278112 3.487448
51 0.277769 3.484044
52 0.277432 3.480701
53 0.277101 3.477417
54 0.276776 3.474191
55 0.276457 3.471022
56 0.276142 3.468978
57 0.275831 3.465898
58 0.275526 3.462869
59 0.275226 3.459889
60 0.274931 3.456958
61 0.274640 3.454074
62 0.274355 3.451237
63 0.274074 3.448447
64 0.273798 3.445702
65 0.273527 3.443002
66 0.273259 3.440346
67 0.272997 3.437733
68 0.272738 3.435163
69 0.272484 3.432635
70 0.272235 3.430148
71 0.271989 3.427702
72 0.271747 3.425296
73 0.271510 3.422930
74 0.271276 3.420602
75 0.271046 3.418312
76 0.270820 3.416060
77 0.270598 3.413845
78 0.270380 3.411666
79 0.270165 3.409523
80 0.269953 3.407415
81 0.269745 3.405342
82 0.269541 3.403302
83 0.269340 3.401297
84 0.269142 3.399324
85 0.268948 3.397383
86 0.268757 3.395475
87 0.268569 3.393598
88 0.268384 3.391752
89 0.268202 3.389936
90 0.268023 3.388150
91 0.267848 3.386394
92 0.267675 3.384666
93 0.267505 3.382967
94 0.267338 3.381296
95 0.267175 3.378704
96 0.267014 3.377102
97 0.266856 3.375524
98 0.266700 3.373970
99 0.266547 3.372439
100 0.266396 3.370931
101 0.266247 3.369446
102 0.266101 3.367983
103 0.265957 3.366542
104 0.265815 3.365123
105 0.265675 3.363725
106 0.265537 3.362348
107 0.265401 3.360992
108 0.265268 3.359657
109 0.265136 3.358341
110 0.265007 3.357046
111 0.264879 3.355770
112 0.264753 3.354513
113 0.264630 3.353275
114 0.264508 3.352056
115 0.264388 3.350855
116 0.264269 3.349672
117 0.264153 3.348507
118 0.264038 3.347360
119 0.263925 3.346230
120 0.263814 3.345117
121 0.263705 3.344021
122 0.263597 3.342942
123 0.263491 3.341878
124 0.263386 3.340831
125 0.263283 3.339800
126 0.263182 3.338784
127 0.263082 3.337784
128 0.262984 3.336799
129 0.262887 3.335828
130 0.262791 3.334873
131 0.262697 3.333931
132 0.262605 3.333004
133 0.262514 3.332092
134 0.262424 3.331192
135 0.262336 3.330307
136 0.262249 3.329435
137 0.262163 3.328576
138 0.262079 3.327730
139 0.261996 3.326897
140 0.261914 3.326077
141 0.261833 3.325269
142 0.261754 3.324473
143 0.261676 3.323689
144 0.261599 3.322918
145 0.261523 3.322157
146 0.261448 3.321409
147 0.261375 3.320672
148 0.261302 3.319946
149 0.261231 3.319231
150 0.261161 3.318527
151 0.261092 3.317833
152 0.261024 3.317150
153 0.260957 3.316477
154 0.260891 3.315815
155 0.260826 3.315163
156 0.260762 3.314520
157 0.260699 3.313888
158 0.260637 3.313265
159 0.260575 3.312651
160 0.260515 3.312047
161 0.260456 3.311452
162 0.260398 3.310866
163 0.260340 3.310289
164 0.260283 3.309711
165 0.260228 3.309151
166 0.260173 3.308599
167 0.260118 3.308054
168 0.260065 3.307517
169 0.260012 3.306987
170 0.259960 3.306464
171 0.259908 3.305949
172 0.259858 3.305441
173 0.259808 3.304939
174 0.259758 3.304445
175 0.259710 3.303957
176 0.259662 3.303476
177 0.259614 3.303001
178 0.259568 3.302533
179 0.259522 3.302072
180 0.259476 3.301617
181 0.259432 3.301168
182 0.259387 3.300725
183 0.259344 3.300288
184 0.259301 3.299857
185 0.259259 3.299433
186 0.259217 3.299014
187 0.259176 3.298601
188 0.259135 3.298193
189 0.259095 3.297791
190 0.259056 3.297395
191 0.259017 3.297004
192 0.258978 3.296618
193 0.258940 3.296238
194 0.258903 3.295863
195 0.258866 3.295493
196 0.258830 3.295128
197 0.258794 3.294769
198 0.258759 3.294414
199 0.258724 3.294064
200 0.258689 3.293719
201 0.258656 3.293378
202 0.258622 3.293043
203 0.258589 3.292711
204 0.258557 3.292385
205 0.258525 3.292063
206 0.258493 3.291745
207 0.258462 3.291432
208 0.258431 3.291123
209 0.258401 3.290818
210 0.258371 3.290518
211 0.258341 3.290221
212 0.258312 3.289929
213 0.258283 3.289641
214 0.258255 3.289357
215 0.258227 3.289076
216 0.258200 3.288800
217 0.258172 3.288527
218 0.258146 3.288258
219 0.258119 3.287993
220 0.258093 3.287731
221 0.258068 3.287473
222 0.258042 3.287219
223 0.258017 3.286968
224 0.257993 3.286720
225 0.257968 3.286476
226 0.257944 3.286235
227 0.257921 3.285998
228 0.257897 3.285764
229 0.257874 3.285533
230 0.257852 3.285305
231 0.257829 3.285081
232 0.257807 3.284859
233 0.257786 3.284641
234 0.257764 3.284425
235 0.257743 3.284213
236 0.257722 3.284003
237 0.257702 3.283797
238 0.257681 3.283593
239 0.257661 3.283392
240 0.257642 3.283193
241 0.257622 3.282998
242 0.257603 3.282805
243 0.257584 3.282615
244 0.257565 3.282427
245 0.257547 3.282242
246 0.257529 3.282060
247 0.257511 3.281880
248 0.257493 3.281703
249 0.257476 3.281528
250 0.257459 3.281355
251 0.257442 3.281185
252 0.257425 3.281017
253 0.257409 3.280852
254 0.257392 3.280688
255 0.257376 3.280527
256 0.257361 3.280369
257 0.257345 3.280212
258 0.257330 3.280058
259 0.257314 3.279905
260 0.257300 3.279755
261 0.257285 3.279607
262 0.257270 3.279461
263 0.257256 3.279317
264 0.257242 3.279175
265 0.257228 3.279035
266 0.257214 3.278896
267 0.257201 3.278760
268 0.257187 3.278626
269 0.257174 3.278493
270 0.257161 3.278363
271 0.257148 3.278234
272 0.257136 3.278106
273 0.257123 3.277981
274 0.257111 3.277857
275 0.257099 3.277735
276 0.257087 3.277615
277 0.257075 3.277497
278 0.257063 3.277380
279 0.257052 3.277264
280 0.257040 3.277150
281 0.257029 3.277038
282 0.257018 3.276928
283 0.257007 3.276818
284 0.256997 3.276711
285 0.256986 3.276605
286 0.256976 3.276500
287 0.256965 3.276397
288 0.256955 3.276295
289 0.256945 3.276194
290 0.256935 3.276095
291 0.256926 3.275998
292 0.256916 3.275902
293 0.256907 3.275807
294 0.256897 3.275713
295 0.256888 3.275620
296 0.256879 3.275529
297 0.256870 3.275440
298 0.256861 3.275351
299 0.256853 3.275264
300 0.256844 3.275177
301 0.256836 3.275092
302 0.256827 3.275009
303 0.256819 3.274926
304 0.256811 3.274844
305 0.256803 3.274764
306 0.256795 3.274685
307 0.256787 3.274606
308 0.256780 3.274529
309 0.256772 3.274453
310 0.256765 3.274378
311 0.256757 3.274304
312 0.256750 3.274231
313 0.256743 3.274159
314 0.256736 3.274089
315 0.256729 3.274019
316 0.256722 3.273950
317 0.256715 3.273882
318 0.256709 3.273814
319 0.256702 3.273748
320 0.256696 3.273683
321 0.256689 3.273619
322 0.256683 3.273555
323 0.256677 3.273492
324 0.256671 3.273431
325 0.256664 3.273370
326 0.256659 3.273310
327 0.256653 3.273251
328 0.256647 3.273192
329 0.256641 3.273135
330 0.256635 3.273078
331 0.256630 3.273022
332 0.256624 3.272967
333 0.256619 3.272912
334 0.256614 3.272858
335 0.256608 3.272805
336 0.256603 3.272753
337 0.256598 3.272702
338 0.256593 3.272651
339 0.256588 3.272601
340 0.256583 3.272551
341 0.256578 3.272502
342 0.256573 3.272454
343 0.256569 3.272407
344 0.256564 3.272360
345 0.256560 3.272314
346 0.256555 3.272269
347 0.256551 3.272224
348 0.256546 3.272179
349 0.256542 3.272136
350 0.256538 3.272093
351 0.256533 3.272050
352 0.256529 3.272009
353 0.256525 3.271967
354 0.256521 3.271927
355 0.256517 3.271887
356 0.256513 3.271847
357 0.256509 3.271808
358 0.256505 3.271769
359 0.256502 3.271731
360 0.256498 3.271694
361 0.256494 3.271657
362 0.256491 3.271621
363 0.256487 3.271585
364 0.256483 3.271549
365 0.256480 3.271514
366 0.256477 3.271480
367 0.256473 3.271446
368 0.256470 3.271413
369 0.256467 3.271380
370 0.256463 3.271347
371 0.256460 3.271315
372 0.256457 3.271283
373 0.256454 3.271252
374 0.256451 3.271221
375 0.256448 3.271191
376 0.256445 3.271161
377 0.256442 3.271131
378 0.256439 3.271102
379 0.256436 3.271073
380 0.256433 3.271045
381 0.256431 3.271017
382 0.256428 3.270989
383 0.256425 3.270962
384 0.256422 3.270935
385 0.256420 3.270909
386 0.256417 3.270883
387 0.256415 3.270857
388 0.256412 3.270832
389 0.256410 3.270807
390 0.256407 3.270782
391 0.256405 3.270758
392 0.256402 3.270734
393 0.256400 3.270710
394 0.256398 3.270687
395 0.256395 3.270664
396 0.256393 3.270641
397 0.256391 3.270619
398 0.256389 3.270597
399 0.256387 3.270575
400 0.256385 3.270553
401 0.256382 3.270532
402 0.256380 3.270511
403 0.256378 3.270491
404 0.256376 3.270471
405 0.256374 3.270450
406 0.256372 3.270431
407 0.256370 3.270411
408 0.256368 3.270392
409 0.256367 3.270373
410 0.256365 3.270354
411 0.256363 3.270336
412 0.256361 3.270318
413 0.256359 3.270300
414 0.256358 3.270282
415 0.256356 3.270265
416 0.256354 3.270248
417 0.256352 3.270231
418 0.256351 3.270214
419 0.256349 3.270198
420 0.256348 3.270181
421 0.256346 3.270165
422 0.256344 3.270149
423 0.256343 3.270134
424 0.256341 3.270118
425 0.256340 3.270103
426 0.256338 3.270088
427 0.256337 3.270074
428 0.256335 3.270059
429 0.256334 3.270045
430 0.256333 3.270031
431 0.256331 3.270017
432 0.256330 3.270003
433 0.256328 3.269989
434 0.256327 3.269976
435 0.256326 3.269963
436 0.256324 3.269950
437 0.256323 3.269937
438 0.256322 3.269924
439 0.256321 3.269912
440 0.256319 3.269899
441 0.256318 3.269887
442 0.256317 3.269875
443 0.256316 3.269864
444 0.256315 3.269852
445 0.256314 3.269840
446 0.256313 3.269829
447 0.256311 3.269818
448 0.256310 3.269807
449 0.256309 3.269796
450 0.256308 3.269785
451 0.256307 3.269775
452 0.256306 3.269764
453 0.256305 3.269754
454 0.256304 3.269744
455 0.256303 3.269734
456 0.256302 3.269724
457 0.256301 3.269714
458 0.256300 3.269705
459 0.256299 3.269695
460 0.256298 3.269686
461 0.256297 3.269677
462 0.256296 3.269668
463 0.256296 3.269659
464 0.256295 3.269650
465 0.256294 3.269641
466 0.256293 3.269633
467 0.256292 3.269624
468 0.256291 3.269616
469 0.256291 3.269608
470 0.256290 3.269600
471 0.256289 3.269592
472 0.256288 3.269584
473 0.256287 3.269576
474 0.256287 3.269568
475 0.256286 3.269561
476 0.256285 3.269553
477 0.256284 3.269546
478 0.256284 3.269539
479 0.256283 3.269532
480 0.256282 3.269524
481 0.256282 3.269518
482 0.256281 3.269511
483 0.256280 3.269504
484 0.256280 3.269497
485 0.256279 3.269491
486 0.256278 3.269484
487 0.256278 3.269478
488 0.256277 3.269471
489 0.256276 3.269465
490 0.256276 3.269459
491 0.256275 3.269453
492 0.256275 3.269447
493 0.256274 3.269441
494 0.256273 3.269435
495 0.256273 3.269430
496 0.256272 3.269424
497 0.256272 3.269418
498 0.256271 3.269413
499 0.256271 3.269407
