0 3.828400 32.500000
1 3.821669 32.500000
2 3.815075 32.480000
3 3.808614 32.460000
4 3.802781 32.360000
5 3.797180 32.321454
6 3.791596 32.318546
7 3.786225 32.281580
8 3.781097 32.238420
9 3.776156 32.204459
10 3.771478 32.155541
11 3.766963 32.124560
12 3.762606 32.094651
13 3.758401 32.065775
14 3.754357 32.034225
15 3.750448 32.007418
16 3.746668 31.981496
17 3.743014 31.956429
18 3.739423 31.943571
19 3.735945 31.919734
20 3.732578 31.896645
21 3.729316 31.874281
22 3.726158 31.852619
23 3.723099 31.831638
24 3.720149 31.808362
25 3.717287 31.788755
26 3.714510 31.769732
27 3.711817 31.751276
28 3.709204 31.733370
29 3.706670 31.715998
30 3.704212 31.699145
31 3.701827 31.682794
32 3.699515 31.666931
33 3.697271 31.651541
34 3.695095 31.636612
35 3.692984 31.622128
36 3.690936 31.608077
37 3.688950 31.594446
38 3.687023 31.581222
39 3.685155 31.568394
40 3.683360 31.551606
41 3.681615 31.539652
42 3.679921 31.528036
43 3.678274 31.516747
44 3.676674 31.505778
45 3.675119 31.495119
46 3.673609 31.484762
47 3.672141 31.474697
48 3.670715 31.464917
49 3.669330 31.455414
50 3.667984 31.446180
51 3.666676 31.437207
52 3.665405 31.428488
53 3.664170 31.420016
54 3.662971 31.411784
55 3.661805 31.403785
56 3.660673 31.396012
57 3.659572 31.388460
58 3.658503 31.381122
59 3.657464 31.373991
60 3.656455 31.367063
61 3.655475 31.360331
62 3.654522 31.353790
63 3.653596 31.347434
64 3.652697 31.341259
65 3.651823 31.335259
66 3.650974 31.329429
67 3.650149 31.323764
68 3.649348 31.318260
69 3.648569 31.312912
70 3.647813 31.307715
71 3.647078 31.302667
72 3.646365 31.297333
73 3.645671 31.292575
74 3.644996 31.287943
75 3.644339 31.283436
76 3.643699 31.279049
77 3.643077 31.274779
78 3.642471 31.270623
79 3.641881 31.266578
80 3.641307 31.262641
81 3.640749 31.258809
82 3.640205 31.255080
83 3.639676 31.251451
84 3.639161 31.247919
85 3.638660 31.244481
86 3.638173 31.241135
87 3.637698 31.237878
88 3.637236 31.234709
89 3.636787 31.231624
90 3.636349 31.228622
91 3.635923 31.225700
92 3.635509 31.222856
93 3.635106 31.220088
94 3.634713 31.217395
95 3.634331 31.214773
96 3.633959 31.212221
97 3.633598 31.209738
98 3.633245 31.207321
99 3.632903 31.204969
100 3.632569 31.202680
101 3.632245 31.200452
102 3.631929 31.198284
103 3.631621 31.196174
104 3.631322 31.194120
105 3.631031 31.192121
106 3.630748 31.190176
107 3.630472 31.188282
108 3.630203 31.186440
109 3.629942 31.184646
110 3.629688 31.182901
111 3.629441 31.181202
112 3.629200 31.179549
113 3.628965 31.177940
114 3.628737 31.176375
115 3.628515 31.174851
116 3.628299 31.173368
117 3.628089 31.171924
118 3.627885 31.170520
119 3.627686 31.169152
120 3.627492 31.167822
121 3.627303 31.166527
122 3.627120 31.165267
123 3.626941 31.164040
124 3.626767 31.162847
125 3.626598 31.161685
126 3.626433 31.160554
127 3.626273 31.159454
128 3.626117 31.158383
129 3.625965 31.157341
130 3.625818 31.156327
131 3.625674 31.155340
132 3.625534 31.154379
133 3.625398 31.153444
134 3.625265 31.152534
135 3.625137 31.151649
136 3.625011 31.150787
137 3.624889 31.149948
138 3.624770 31.149132
139 3.624654 31.148338
140 3.624542 31.147565
141 3.624432 31.146812
142 3.624326 31.146080
143 3.624222 31.145368
144 3.624121 31.144674
145 3.624023 31.143999
146 3.623927 31.143342
147 3.623834 31.142703
148 3.623743 31.142081
149 3.623655 31.141475
150 3.623569 31.140886
151 3.623486 31.140312
152 3.623405 31.139754
153 3.623325 31.139211
154 3.623249 31.138683
155 3.623174 31.138168
156 3.623101 31.137667
157 3.623030 31.137180
158 3.622961 31.136706
159 3.622894 31.136244
160 3.622828 31.135795
161 3.622765 31.135358
162 3.622703 31.134933
163 3.622642 31.134519
164 3.622584 31.134116
165 3.622527 31.133724
166 3.622471 31.133342
167 3.622417 31.132971
168 3.622364 31.132609
169 3.622313 31.132258
170 3.622263 31.131915
171 3.622215 31.131582
172 3.622168 31.131258
173 3.622122 31.130942
174 3.622077 31.130635
175 3.622033 31.130336
176 3.621991 31.130046
177 3.621950 31.129762
178 3.621910 31.129487
179 3.621871 31.129219
180 3.621833 31.128958
181 3.621796 31.128704
182 3.621760 31.128457
183 3.621725 31.128216
184 3.621691 31.127982
185 3.621658 31.127755
186 3.621625 31.127533
187 3.621594 31.127317
188 3.621563 31.127107
189 3.621534 31.126903
190 3.621505 31.126704
191 3.621476 31.126511
192 3.621449 31.126322
193 3.621422 31.126139
194 3.621396 31.125961
195 3.621371 31.125787
196 3.621346 31.125618
197 3.621323 31.125454
198 3.621299 31.125294
199 3.621277 31.125138
200 3.621255 31.124986
201 3.621233 31.124839
202 3.621212 31.124695
203 3.621192 31.124556
204 3.621172 31.124420
205 3.621153 31.124287
206 3.621134 31.124159
207 3.621116 31.124033
208 3.621098 31.123911
209 3.621081 31.123793
210 3.621064 31.123677
211 3.621048 31.123565
212 3.621032 31.123455
213 3.621016 31.123349
214 3.621001 31.123245
215 3.620986 31.123144
216 3.620972 31.123046
217 3.620958 31.122951
218 3.620945 31.122858
219 3.620931 31.122767
220 3.620919 31.122679
221 3.620906 31.122594
222 3.620894 31.122510
223 3.620882 31.122429
224 3.620871 31.122350
225 3.620860 31.122273
226 3.620849 31.122198
227 3.620838 31.122126
228 3.620828 31.122055
229 3.620818 31.121986
230 3.620808 31.121919
231 3.620798 31.121854
232 3.620789 31.121790
233 3.620780 31.121728
234 3.620771 31.121668
235 3.620763 31.121609
236 3.620755 31.121552
237 3.620747 31.121497
238 3.620739 31.121443
239 3.620731 31.121390
240 3.620724 31.121339
241 3.620716 31.121289
242 3.620709 31.121241
243 3.620702 31.121194
244 3.620696 31.121148
245 3.620689 31.121103
246 3.620683 31.121060
247 3.620677 31.121018
248 3.620671 31.120977
249 3.620665 31.120937
250 3.620659 31.120898
251 3.620654 31.120860
252 3.620648 31.120823
253 3.620643 31.120787
254 3.620638 31.120752
255 3.620633 31.120718
256 3.620628 31.120685
257 3.620624 31.120652
258 3.620619 31.120621
259 3.620615 31.120591
260 3.620610 31.120561
261 3.620606 31.120532
262 3.620602 31.120504
263 3.620598 31.120476
264 3.620594 31.120450
265 3.620590 31.120424
266 3.620587 31.120399
267 3.620583 31.120374
268 3.620580 31.120350
269 3.620576 31.120327
270 3.620573 31.120304
271 3.620570 31.120282
272 3.620567 31.120261
273 3.620564 31.120240
274 3.620561 31.120220
275 3.620558 31.120200
276 3.620555 31.120181
277 3.620552 31.120162
278 3.620550 31.120144
279 3.620547 31.120126
280 3.620544 31.120109
281 3.620542 31.120092
282 3.620540 31.120076
283 3.620537 31.120060
284 3.620535 31.120044
285 3.620533 31.120029
286 3.620531 31.120015
287 3.620529 31.120000
288 3.620527 31.119986
289 3.620525 31.119973
290 3.620523 31.119960
291 3.620521 31.119947
292 3.620519 31.119935
293 3.620517 31.119922
294 3.620516 31.119911
295 3.620514 31.119899
296 3.620512 31.119888
297 3.620511 31.119877
298 3.620509 31.119867
299 3.620508 31.119856
300 3.620506 31.119846
301 3.620505 31.119836
302 3.620503 31.119827
303 3.620502 31.119818
304 3.620501 31.119809
305 3.620500 31.119800
306 3.620498 31.119792
307 3.620497 31.119783
308 3.620496 31.119775
309 3.620495 31.119767
310 3.620494 31.119760
311 3.620493 31.119752
312 3.620492 31.119745
313 3.620491 31.119738
314 3.620490 31.119731
315 3.620489 31.119724
316 3.620488 31.119718
317 3.620487 31.119712
318 3.620486 31.119706
319 3.620485 31.119700
320 3.620484 31.119694
321 3.620483 31.119688
322 3.620482 31.119683
323 3.620482 31.119677
324 3.620481 31.119672
325 3.620480 31.119667
326 3.620479 31.119662
327 3.620479 31.119657
328 3.620478 31.119652
329 3.620477 31.119648
330 3.620477 31.119643
331 3.620476 31.119639
332 3.620476 31.119635
333 3.620475 31.119631
334 3.620474 31.119627
335 3.620474 31.119623
336 3.620473 31.119619
337 3.620473 31.119616
338 3.620472 31.119612
339 3.620472 31.119608
340 3.620471 31.119605
341 3.620471 31.119602
342 3.620470 31.119599
343 3.620470 31.119596
344 3.620469 31.119592
345 3.620469 31.119590
346 3.620468 31.119587
347 3.620468 31.119584
348 3.620468 31.119581
349 3.620467 31.119578
350 3.620467 31.119576
351 3.620467 31.119573
352 3.620466 31.119571
353 3.620466 31.119569
354 3.620466 31.119566
355 3.620465 31.119564
356 3.620465 31.119562
357 3.620465 31.119560
358 3.620464 31.119558
359 3.620464 31.119556
360 3.620464 31.119554
361 3.620463 31.119552
362 3.620463 31.119550
363 3.620463 31.119548
364 3.620463 31.119546
365 3.620462 31.119545
366 3.620462 31.119543
367 3.620462 31.119541
368 3.620462 31.119540
369 3.620461 31.119538
370 3.620461 31.119537
371 3.620461 31.119535
372 3.620461 31.119534
373 3.620461 31.119532
374 3.620460 31.119531
375 3.620460 31.119530
376 3.620460 31.119529
377 3.620460 31.119527
378 3.620460 31.119526
379 3.620459 31.119525
380 3.620459 31.119524
381 3.620459 31.119523
382 3.620459 31.119522
383 3.620459 31.119521
384 3.620459 31.119520
385 3.620459 31.119519
386 3.620458 31.119518
387 3.620458 31.119517
388 3.620458 31.119516
389 3.620458 31.119515
390 3.620458 31.119514
391 3.620458 31.119513
392 3.620458 31.119512
393 3.620458 31.119511
394 3.620457 31.119511
395 3.620457 31.119510
396 3.620457 31.119509
397 3.620457 31.119508
398 3.620457 31.119508
399 3.620457 31.119507
400 3.620457 31.119506
401 3.620457 31.119506
402 3.620457 31.119505
403 3.620457 31.119505
404 3.620456 31.119504
405 3.620456 31.119503
406 3.620456 31.119503
407 3.620456 31.119502
408 3.620456 31.119502
409 3.620456 31.119501
410 3.620456 31.119501
411 3.620456 31.119500
412 3.620456 31.119500
413 3.620456 31.119499
414 3.620456 31.119499
415 3.620456 31.119498
416 3.620456 31.119498
417 3.620456 31.119498
418 3.620455 31.119497
419 3.620455 31.119497
420 3.620455 31.119496
421 3.620455 31.119496
422 3.620455 31.119496
423 3.620455 31.119495
424 3.620455 31.119495
425 3.620455 31.119495
426 3.620455 31.119494
427 3.620455 31.119494
428 3.620455 31.119494
429 3.620455 31.119493
430 3.620455 31.119493
431 3.620455 31.119493
432 3.620455 31.119492
433 3.620455 31.119492
434 3.620455 31.119492
435 3.620455 31.119492
436 3.620455 31.119491
437 3.620455 31.119491
438 3.620455 31.119491
439 3.620455 31.119491
440 3.620454 31.119490
441 3.620454 31.119490
442 3.620454 31.119490
443 3.620454 31.119490
444 3.620454 31.119490
445 3.620454 31.119489
446 3.620454 31.119489
447 3.620454 31.119489
448 3.620454 31.119489
449 3.620454 31.119489
450 3.620454 31.119489
451 3.620454 31.119488
452 3.620454 31.119488
453 3.620454 31.119488
454 3.620454 31.119488
455 3.620454 31.119488
456 3.620454 31.119488
457 3.620454 31.119487
458 3.620454 31.119487
459 3.620454 31.119487
460 3.620454 31.119487
461 3.620454 31.119487
462 3.620454 31.119487
463 3.620454 31.119487
464 3.620454 31.119487
465 3.620454 31.119486
466 3.620454 31.119486
467 3.620454 31.119486
468 3.620454 31.119486
469 3.620454 31.119486
470 3.620454 31.119486
471 3.620454 31.119486
472 3.620454 31.119486
473 3.620454 31.119486
474 3.620454 31.119486
475 3.620454 31.119486
476 3.620454 31.119485
477 3.620454 31.119485
478 3.620454 31.119485
479 3.620454 31.119485
480 3.620454 31.119485
481 3.620454 31.119485
482 3.620454 31.119485
483 3.620454 31.119485
484 3.620454 31.119485
485 3.620454 31.119485
486 3.620454 31.119485
487 3.620454 31.119485
488 3.620454 31.119485
489 3.620454 31.119485
490 3.620454 31.119484
491 3.620454 31.119484
492 3.620454 31.119484
493 3.620454 31.119484
494 3.620454 31.119484
495 3.620454 31.119484
496 3.620454 31.119484
497 3.620454 31.119484
498 3.620454 31.119484
499 3.620454 31.119484
