0 2.799267 19.860000
1 2.795673 19.860000
2 2.792144 19.840000
3 2.788675 19.820521
4 2.785269 19.799479
5 2.781918 19.780670
6 2.778622 19.762162
7 2.775380 19.743951
8 2.772190 19.726030
9 2.769092 19.693970
10 2.766043 19.676855
11 2.763041 19.660002
12 2.760086 19.643408
13 2.757205 19.616592
14 2.754367 19.600666
15 2.751571 19.584972
16 2.748817 19.569509
17 2.746103 19.554273
18 2.743465 19.525727
19 2.740864 19.511137
20 2.738300 19.496750
21 2.735773 19.482565
22 2.733281 19.468579
23 2.730825 19.454788
24 2.728404 19.441191
25 2.725989 19.438809
26 2.723606 19.425425
27 2.721256 19.412220
28 2.718937 19.399191
29 2.716650 19.386335
30 2.714394 19.373652
31 2.712169 19.361138
32 2.709973 19.348791
33 2.707808 19.336609
34 2.705671 19.324591
35 2.703564 19.312733
36 2.701485 19.301033
37 2.699435 19.289491
38 2.697429 19.270509
39 2.695450 19.259375
40 2.693496 19.248382
41 2.691567 19.237528
42 2.689663 19.226813
43 2.687783 19.216233
44 2.685928 19.205789
45 2.684096 19.195477
46 2.682288 19.185297
47 2.680504 19.175246
48 2.678742 19.165323
49 2.677003 19.155526
50 2.675287 19.145855
51 2.673592 19.136307
52 2.671920 19.126880
53 2.670269 19.117574
54 2.668639 19.108386
55 2.667031 19.099316
56 2.665443 19.090361
57 2.663875 19.081521
58 2.662315 19.078479
59 2.660773 19.069786
60 2.659251 19.061198
61 2.657747 19.052714
62 2.656261 19.044333
63 2.654794 19.036053
64 2.653344 19.027873
65 2.651912 19.019792
66 2.650498 19.011809
67 2.649101 19.003922
68 2.647721 18.996131
69 2.646358 18.988435
70 2.645011 18.980831
71 2.643681 18.973320
72 2.642367 18.965900
73 2.641070 18.958569
74 2.639788 18.951328
75 2.638522 18.944174
76 2.637271 18.937108
77 2.636036 18.930126
78 2.634816 18.923230
79 2.633611 18.916417
80 2.632420 18.909687
81 2.631244 18.903039
82 2.630083 18.896472
83 2.628936 18.889984
84 2.627803 18.883575
85 2.626683 18.877244
86 2.625578 18.870990
87 2.624486 18.864812
88 2.623407 18.858709
89 2.622341 18.852680
90 2.621289 18.846725
91 2.620249 18.840842
92 2.619223 18.835031
93 2.618208 18.829290
94 2.617207 18.823619
95 2.616217 18.818017
96 2.615240 18.812484
97 2.614275 18.807018
98 2.613321 18.801618
99 2.612379 18.796285
100 2.611449 18.791016
101 2.610530 18.785811
102 2.609622 18.780670
103 2.608726 18.775592
104 2.607841 18.770575
105 2.606958 18.769425
106 2.606085 18.764482
107 2.605222 18.759596
108 2.604369 18.754766
109 2.603527 18.749991
110 2.602693 18.745272
111 2.601870 18.740607
112 2.601056 18.735995
113 2.600252 18.731437
114 2.599457 18.726931
115 2.598671 18.722476
116 2.597894 18.718074
117 2.597126 18.713721
118 2.596367 18.709419
119 2.595617 18.705167
120 2.594875 18.700964
121 2.594142 18.696809
122 2.593418 18.692701
123 2.592702 18.688642
124 2.591994 18.684629
125 2.591295 18.680662
126 2.590604 18.676741
127 2.589920 18.672865
128 2.589245 18.669034
129 2.588577 18.665247
130 2.587917 18.661504
131 2.587265 18.657804
132 2.586620 18.654146
133 2.585983 18.650531
134 2.585353 18.646957
135 2.584731 18.643425
136 2.584116 18.639934
137 2.583507 18.636483
138 2.582906 18.633071
139 2.582312 18.629699
140 2.581725 18.626366
141 2.581144 18.623072
142 2.580571 18.619815
143 2.580004 18.616596
144 2.579443 18.613415
145 2.578889 18.610270
146 2.578342 18.607161
147 2.577801 18.604089
148 2.577266 18.601051
149 2.576737 18.598049
150 2.576214 18.595082
151 2.575698 18.592149
152 2.575187 18.589250
153 2.574683 18.586384
154 2.574184 18.583552
155 2.573691 18.580752
156 2.573204 18.577985
157 2.572723 18.575249
158 2.572247 18.572546
159 2.571776 18.569873
160 2.571311 18.567232
161 2.570852 18.564621
162 2.570397 18.562040
163 2.569948 18.559489
164 2.569505 18.556967
165 2.569066 18.554475
166 2.568633 18.552012
167 2.568204 18.549577
168 2.567781 18.547170
169 2.567362 18.544792
170 2.566948 18.542440
171 2.566539 18.540116
172 2.566135 18.537819
173 2.565736 18.535549
174 2.565341 18.533304
175 2.564951 18.531086
176 2.564565 18.528893
177 2.564184 18.526726
178 2.563807 18.524584
179 2.563434 18.522467
180 2.563066 18.520374
181 2.562703 18.518306
182 2.562343 18.516261
183 2.561988 18.514240
184 2.561636 18.512243
185 2.561289 18.510269
186 2.560946 18.508317
187 2.560607 18.506389
188 2.560271 18.504482
189 2.559940 18.502598
190 2.559613 18.500735
191 2.559288 18.499265
192 2.558967 18.497440
193 2.558650 18.495636
194 2.558336 18.493851
195 2.558025 18.492085
196 2.557718 18.490339
197 2.557414 18.488612
198 2.557113 18.486904
199 2.556816 18.485214
200 2.556522 18.483543
201 2.556231 18.481890
202 2.555944 18.480254
203 2.555659 18.478637
204 2.555378 18.477037
205 2.555100 18.475455
206 2.554824 18.473890
207 2.554552 18.472342
208 2.554283 18.470811
209 2.554016 18.469297
210 2.553753 18.467799
211 2.553492 18.466318
212 2.553235 18.464852
213 2.552980 18.463403
214 2.552728 18.461969
215 2.552478 18.460551
216 2.552232 18.459149
217 2.551988 18.457762
218 2.551747 18.456390
219 2.551508 18.455032
220 2.551272 18.453690
221 2.551038 18.452362
222 2.550808 18.451049
223 2.550579 18.449750
224 2.550353 18.448466
225 2.550130 18.447195
226 2.549909 18.445938
227 2.549690 18.444695
228 2.549474 18.443465
229 2.549261 18.442249
230 2.549049 18.441046
231 2.548840 18.439857
232 2.548633 18.438680
233 2.548428 18.437516
234 2.548226 18.436365
235 2.548026 18.435226
236 2.547828 18.434100
237 2.547632 18.432986
238 2.547439 18.431884
239 2.547247 18.430794
240 2.547058 18.429716
241 2.546870 18.428650
242 2.546685 18.427596
243 2.546502 18.426553
244 2.546320 18.425521
245 2.546141 18.424501
246 2.545964 18.423492
247 2.545788 18.422494
248 2.545615 18.421506
249 2.545443 18.420530
250 2.545273 18.419564
251 2.545105 18.418609
252 2.544939 18.417664
253 2.544775 18.416729
254 2.544613 18.415805
255 2.544452 18.414891
256 2.544293 18.413987
257 2.544136 18.413092
258 2.543981 18.412208
259 2.543827 18.411333
260 2.543675 18.410467
261 2.543524 18.409611
262 2.543376 18.408765
263 2.543229 18.407927
264 2.543083 18.407099
265 2.542939 18.406280
266 2.542797 18.405470
267 2.542656 18.404668
268 2.542517 18.403876
269 2.542379 18.403092
270 2.542243 18.402317
271 2.542108 18.401550
272 2.541975 18.400791
273 2.541843 18.400041
274 2.541713 18.399299
275 2.541584 18.398565
276 2.541456 18.397839
277 2.541330 18.397121
278 2.541205 18.396411
279 2.541082 18.395708
280 2.540960 18.395014
281 2.540839 18.394326
282 2.540720 18.393647
283 2.540602 18.392975
284 2.540485 18.392310
285 2.540369 18.391652
286 2.540255 18.391002
287 2.540142 18.390358
288 2.540030 18.389722
289 2.539920 18.389093
290 2.539810 18.388470
291 2.539702 18.387855
292 2.539595 18.387246
293 2.539490 18.386644
294 2.539385 18.386048
295 2.539281 18.385459
296 2.539179 18.384876
297 2.539078 18.384300
298 2.538978 18.383730
299 2.538879 18.383166
300 2.538781 18.382608
301 2.538684 18.382057
302 2.538588 18.381511
303 2.538493 18.380972
304 2.538400 18.380438
305 2.538307 18.379910
306 2.538215 18.379388
307 2.538125 18.378872
308 2.538035 18.378361
309 2.537946 18.377856
310 2.537858 18.377356
311 2.537772 18.376862
312 2.537686 18.376373
313 2.537601 18.375890
314 2.537517 18.375412
315 2.537434 18.374939
316 2.537352 18.374471
317 2.537271 18.374009
318 2.537190 18.373551
319 2.537111 18.373098
320 2.537032 18.372651
321 2.536954 18.372208
322 2.536877 18.371770
323 2.536801 18.371337
324 2.536726 18.370909
325 2.536652 18.370485
326 2.536578 18.370066
327 2.536505 18.369652
328 2.536434 18.369242
329 2.536362 18.368836
330 2.536292 18.368435
331 2.536222 18.368039
332 2.536153 18.367646
333 2.536085 18.367259
334 2.536018 18.366875
335 2.535951 18.366495
336 2.535885 18.366120
337 2.535820 18.365749
338 2.535756 18.365381
339 2.535692 18.365018
340 2.535629 18.364659
341 2.535566 18.364304
342 2.535505 18.363952
343 2.535444 18.363605
344 2.535383 18.363261
345 2.535324 18.362921
346 2.535265 18.362584
347 2.535206 18.362252
348 2.535148 18.361923
349 2.535091 18.361597
350 2.535035 18.361276
351 2.534979 18.360957
352 2.534924 18.360642
353 2.534869 18.360331
354 2.534815 18.360023
355 2.534761 18.359719
356 2.534709 18.359417
357 2.534656 18.359119
358 2.534604 18.358825
359 2.534553 18.358533
360 2.534503 18.358245
361 2.534453 18.357960
362 2.534403 18.357678
363 2.534354 18.357399
364 2.534306 18.357123
365 2.534258 18.356850
366 2.534210 18.356580
367 2.534164 18.356313
368 2.534117 18.356049
369 2.534071 18.355788
370 2.534026 18.355530
371 2.533981 18.355274
372 2.533937 18.355021
373 2.533893 18.354772
374 2.533850 18.354524
375 2.533807 18.354280
376 2.533764 18.354038
377 2.533722 18.353799
378 2.533681 18.353563
379 2.533640 18.353329
380 2.533599 18.353097
381 2.533559 18.352868
382 2.533519 18.352642
383 2.533480 18.352418
384 2.533441 18.352197
385 2.533402 18.351978
386 2.533364 18.351761
387 2.533327 18.351547
388 2.533290 18.351335
389 2.533253 18.351125
390 2.533216 18.350918
391 2.533180 18.350713
392 2.533145 18.350510
393 2.533110 18.350310
394 2.533075 18.350112
395 2.533040 18.349915
396 2.533006 18.349721
397 2.532973 18.349529
398 2.532939 18.349340
399 2.532906 18.349152
400 2.532874 18.348966
401 2.532842 18.348783
402 2.532810 18.348601
403 2.532778 18.348421
404 2.532747 18.348244
405 2.532716 18.348068
406 2.532686 18.347894
407 2.532655 18.347722
408 2.532626 18.347552
409 2.532596 18.347384
410 2.532567 18.347218
411 2.532538 18.347053
412 2.532509 18.346890
413 2.532481 18.346730
414 2.532453 18.346570
415 2.532426 18.346413
416 2.532398 18.346257
417 2.532371 18.346103
418 2.532345 18.345951
419 2.532318 18.345800
420 2.532292 18.345651
421 2.532266 18.345504
422 2.532240 18.345358
423 2.532215 18.345214
424 2.532190 18.345071
425 2.532165 18.344930
426 2.532141 18.344791
427 2.532117 18.344653
428 2.532093 18.344516
429 2.532069 18.344382
430 2.532046 18.344248
431 2.532022 18.344116
432 2.532000 18.343985
433 2.531977 18.343856
434 2.531954 18.343729
435 2.531932 18.343602
436 2.531910 18.343477
437 2.531889 18.343354
438 2.531867 18.343232
439 2.531846 18.343111
440 2.531825 18.342991
441 2.531804 18.342873
442 2.531784 18.342756
443 2.531763 18.342640
444 2.531743 18.342526
445 2.531723 18.342413
446 2.531704 18.342301
447 2.531684 18.342190
448 2.531665 18.342080
449 2.531646 18.341972
450 2.531627 18.341865
451 2.531609 18.341759
452 2.531590 18.341654
453 2.531572 18.341551
454 2.531554 18.341448
455 2.531536 18.341347
456 2.531519 18.341247
457 2.531501 18.341147
458 2.531484 18.341049
459 2.531467 18.340952
460 2.531450 18.340856
461 2.531434 18.340762
462 2.531417 18.340668
463 2.531401 18.340575
464 2.531385 18.340483
465 2.531369 18.340392
466 2.531353 18.340302
467 2.531338 18.340214
468 2.531322 18.340126
469 2.531307 18.340039
470 2.531292 18.339953
471 2.531277 18.339868
472 2.531262 18.339784
473 2.531247 18.339701
474 2.531233 18.339618
475 2.531219 18.339537
476 2.531205 18.339457
477 2.531191 18.339377
478 2.531177 18.339298
479 2.531163 18.339220
480 2.531150 18.339144
481 2.531136 18.339067
482 2.531123 18.338992
483 2.531110 18.338918
484 2.531097 18.338844
485 2.531084 18.338771
486 2.531072 18.338699
487 2.531059 18.338628
488 2.531047 18.338557
489 2.531035 18.338487
490 2.531022 18.338418
491 2.531010 18.338350
492 2.530999 18.338283
493 2.530987 18.338216
494 2.530975 18.338150
495 2.530964 18.338085
496 2.530953 18.338020
497 2.530941 18.337956
498 2.530930 18.337893
499 2.530919 18.337831
