0 0.350102 4.180000
1 0.348878 4.180000
2 0.347685 4.168629
3 0.346539 4.151371
4 0.345400 4.148629
5 0.344288 4.138026
6 0.343200 4.127657
7 0.342138 4.117517
8 0.341100 4.107603
9 0.340098 4.092397
10 0.339117 4.083045
11 0.338157 4.073886
12 0.337217 4.064916
13 0.336299 4.055084
14 0.335399 4.046498
15 0.334517 4.038075
16 0.333652 4.029814
17 0.332804 4.021710
18 0.331963 4.018290
19 0.331138 4.010393
20 0.330327 4.002634
21 0.329531 3.995012
22 0.328749 3.987524
23 0.327982 3.980168
24 0.327228 3.972941
25 0.326489 3.965842
26 0.325762 3.958869
27 0.325049 3.952019
28 0.324349 3.945290
29 0.323662 3.938680
30 0.322987 3.932187
31 0.322324 3.925810
32 0.321683 3.914190
33 0.321052 3.908134
34 0.320432 3.902175
35 0.319822 3.896313
36 0.319223 3.890545
37 0.318633 3.884870
38 0.318053 3.879287
39 0.317482 3.873795
40 0.316921 3.868392
41 0.316370 3.863076
42 0.315827 3.857846
43 0.315294 3.852702
44 0.314769 3.847641
45 0.314254 3.842662
46 0.313746 3.837764
47 0.313248 3.832947
48 0.312757 3.828207
49 0.312275 3.823545
50 0.311801 3.818959
51 0.311334 3.814448
52 0.310876 3.810011
53 0.310425 3.805646
54 0.309981 3.801353
55 0.309546 3.797130
56 0.309117 3.792976
57 0.308695 3.788891
58 0.308281 3.784872
59 0.307873 3.780919
60 0.307473 3.777032
61 0.307078 3.773208
62 0.306691 3.769447
63 0.306310 3.765748
64 0.305935 3.762109
65 0.305567 3.758531
66 0.305205 3.755012
67 0.304849 3.751551
68 0.304498 3.748449
69 0.304152 3.745093
70 0.303812 3.741787
71 0.303477 3.738530
72 0.303147 3.735322
73 0.302821 3.732161
74 0.302501 3.729047
75 0.302186 3.725979
76 0.301875 3.722957
77 0.301569 3.719980
78 0.301268 3.717048
79 0.300971 3.714159
80 0.300679 3.711313
81 0.300391 3.708510
82 0.300107 3.705748
83 0.299828 3.703028
84 0.299553 3.700348
85 0.299282 3.697709
86 0.299016 3.695109
87 0.298753 3.692547
88 0.298494 3.690024
89 0.298239 3.687539
90 0.297989 3.685091
91 0.297741 3.682680
92 0.297498 3.680305
93 0.297258 3.677965
94 0.297022 3.675661
95 0.296790 3.673391
96 0.296561 3.671155
97 0.296336 3.668952
98 0.296114 3.666783
99 0.295895 3.664647
100 0.295680 3.662542
101 0.295468 3.660469
102 0.295259 3.658427
103 0.295053 3.656416
104 0.294851 3.654435
105 0.294651 3.652484
106 0.294455 3.650563
107 0.294261 3.648670
108 0.294071 3.646806
109 0.293883 3.644970
110 0.293699 3.643161
111 0.293517 3.641380
112 0.293337 3.639626
113 0.293161 3.637898
114 0.292987 3.636196
115 0.292816 3.634520
116 0.292648 3.632869
117 0.292482 3.631244
118 0.292318 3.629642
119 0.292158 3.628065
120 0.291999 3.626512
121 0.291843 3.624982
122 0.291689 3.623475
123 0.291538 3.621991
124 0.291389 3.620530
125 0.291242 3.619091
126 0.291098 3.617673
127 0.290955 3.616277
128 0.290815 3.614902
129 0.290677 3.613548
130 0.290541 3.612214
131 0.290408 3.610901
132 0.290276 3.609607
133 0.290146 3.608333
134 0.290018 3.607079
135 0.289892 3.605843
136 0.289769 3.604626
137 0.289647 3.603428
138 0.289526 3.602248
139 0.289408 3.601085
140 0.289292 3.599941
141 0.289177 3.598813
142 0.289064 3.597703
143 0.288953 3.596610
144 0.288843 3.595533
145 0.288735 3.594473
146 0.288629 3.593428
147 0.288524 3.592400
148 0.288421 3.591387
149 0.288320 3.590390
150 0.288220 3.589610
151 0.288121 3.588639
152 0.288023 3.587681
153 0.287927 3.586736
154 0.287832 3.585804
155 0.287738 3.584884
156 0.287646 3.583977
157 0.287555 3.583082
158 0.287465 3.582199
159 0.287376 3.581328
160 0.287289 3.580469
161 0.287202 3.579622
162 0.287117 3.578786
163 0.287033 3.577961
164 0.286951 3.577147
165 0.286869 3.576345
166 0.286788 3.575553
167 0.286709 3.574772
168 0.286630 3.574002
169 0.286553 3.573242
170 0.286477 3.572492
171 0.286402 3.571753
172 0.286327 3.571023
173 0.286254 3.570304
174 0.286182 3.569594
175 0.286111 3.568893
176 0.286041 3.568203
177 0.285971 3.567521
178 0.285903 3.566849
179 0.285836 3.566186
180 0.285769 3.565532
181 0.285704 3.564887
182 0.285639 3.564251
183 0.285575 3.563623
184 0.285512 3.563004
185 0.285450 3.562393
186 0.285389 3.561790
187 0.285328 3.561196
188 0.285269 3.560609
189 0.285210 3.560031
190 0.285152 3.559461
191 0.285095 3.558898
192 0.285038 3.558343
193 0.284983 3.557795
194 0.284928 3.557255
195 0.284874 3.556722
196 0.284820 3.556196
197 0.284768 3.555678
198 0.284716 3.555167
199 0.284664 3.554662
200 0.284614 3.554165
201 0.284564 3.553674
202 0.284515 3.553190
203 0.284466 3.552712
204 0.284419 3.552241
205 0.284371 3.551776
206 0.284325 3.551318
207 0.284279 3.550866
208 0.284234 3.550420
209 0.284189 3.549980
210 0.284145 3.549546
211 0.284101 3.549118
212 0.284058 3.548695
213 0.284016 3.548279
214 0.283975 3.547868
215 0.283933 3.547463
216 0.283893 3.547063
217 0.283853 3.546669
218 0.283813 3.546280
219 0.283774 3.545896
220 0.283736 3.545518
221 0.283698 3.545144
222 0.283661 3.544776
223 0.283624 3.544413
224 0.283587 3.544055
225 0.283552 3.543701
226 0.283516 3.543353
227 0.283481 3.543009
228 0.283447 3.542670
229 0.283413 3.542335
230 0.283379 3.542005
231 0.283346 3.541680
232 0.283314 3.541359
233 0.283282 3.541042
234 0.283250 3.540730
235 0.283219 3.540422
236 0.283188 3.540118
237 0.283158 3.539818
238 0.283128 3.539522
239 0.283098 3.539231
240 0.283069 3.538943
241 0.283040 3.538659
242 0.283012 3.538379
243 0.282984 3.538103
244 0.282956 3.537831
245 0.282929 3.537562
246 0.282902 3.537297
247 0.282875 3.537036
248 0.282849 3.536778
249 0.282823 3.536524
250 0.282798 3.536273
251 0.282773 3.536026
252 0.282748 3.535782
253 0.282724 3.535541
254 0.282700 3.535304
255 0.282676 3.535069
256 0.282652 3.534838
257 0.282629 3.534611
258 0.282607 3.534386
259 0.282584 3.534164
260 0.282562 3.533946
261 0.282540 3.533730
262 0.282518 3.533517
263 0.282497 3.533307
264 0.282476 3.533100
265 0.282455 3.532896
266 0.282435 3.532695
267 0.282415 3.532496
268 0.282395 3.532300
269 0.282375 3.532107
270 0.282356 3.531916
271 0.282337 3.531728
272 0.282318 3.531543
273 0.282300 3.531360
274 0.282281 3.531180
275 0.282263 3.531002
276 0.282246 3.530826
277 0.282228 3.530653
278 0.282211 3.530482
279 0.282194 3.530314
280 0.282177 3.530148
281 0.282160 3.529984
282 0.282144 3.529822
283 0.282128 3.529663
284 0.282112 3.529505
285 0.282096 3.529350
286 0.282080 3.529197
287 0.282065 3.529046
288 0.282050 3.528897
289 0.282035 3.528751
290 0.282021 3.528606
291 0.282006 3.528463
292 0.281992 3.528322
293 0.281978 3.528183
294 0.281964 3.528046
295 0.281950 3.527911
296 0.281937 3.527777
297 0.281923 3.527646
298 0.281910 3.527516
299 0.281897 3.527388
300 0.281884 3.527262
301 0.281872 3.527137
302 0.281859 3.527014
303 0.281847 3.526893
304 0.281835 3.526774
305 0.281823 3.526656
306 0.281811 3.526540
307 0.281799 3.526425
308 0.281788 3.526312
309 0.281777 3.526200
310 0.281766 3.526090
311 0.281755 3.525982
312 0.281744 3.525875
313 0.281733 3.525769
314 0.281722 3.525665
315 0.281712 3.525562
316 0.281702 3.525461
317 0.281692 3.525361
318 0.281682 3.525263
319 0.281672 3.525165
320 0.281662 3.525069
321 0.281653 3.524975
322 0.281643 3.524881
323 0.281634 3.524789
324 0.281625 3.524699
325 0.281615 3.524609
326 0.281607 3.524521
327 0.281598 3.524434
328 0.281589 3.524348
329 0.281580 3.524263
330 0.281572 3.524179
331 0.281564 3.524097
332 0.281555 3.524016
333 0.281547 3.523936
334 0.281539 3.523856
335 0.281531 3.523778
336 0.281523 3.523701
337 0.281516 3.523625
338 0.281508 3.523551
339 0.281501 3.523477
340 0.281493 3.523404
341 0.281486 3.523332
342 0.281479 3.523261
343 0.281472 3.523191
344 0.281465 3.523122
345 0.281458 3.523054
346 0.281451 3.522987
347 0.281444 3.522921
348 0.281438 3.522856
349 0.281431 3.522791
350 0.281425 3.522728
351 0.281419 3.522665
352 0.281412 3.522604
353 0.281406 3.522543
354 0.281400 3.522483
355 0.281394 3.522423
356 0.281388 3.522365
357 0.281382 3.522307
358 0.281376 3.522250
359 0.281371 3.522194
360 0.281365 3.522139
361 0.281360 3.522084
362 0.281354 3.522030
363 0.281349 3.521977
364 0.281344 3.521925
365 0.281338 3.521873
366 0.281333 3.521822
367 0.281328 3.521772
368 0.281323 3.521723
369 0.281318 3.521674
370 0.281313 3.521625
371 0.281308 3.521578
372 0.281304 3.521531
373 0.281299 3.521485
374 0.281294 3.521439
375 0.281290 3.521394
376 0.281285 3.521350
377 0.281281 3.521306
378 0.281276 3.521263
379 0.281272 3.521220
380 0.281268 3.521178
381 0.281264 3.521137
382 0.281260 3.521096
383 0.281255 3.521055
384 0.281251 3.521016
385 0.281247 3.520976
386 0.281243 3.520938
387 0.281240 3.520899
388 0.281236 3.520862
389 0.281232 3.520825
390 0.281228 3.520788
391 0.281225 3.520752
392 0.281221 3.520716
393 0.281218 3.520681
394 0.281214 3.520646
395 0.281211 3.520612
396 0.281207 3.520579
397 0.281204 3.520545
398 0.281200 3.520512
399 0.281197 3.520480
400 0.281194 3.520448
401 0.281191 3.520417
402 0.281188 3.520386
403 0.281184 3.520355
404 0.281181 3.520325
405 0.281178 3.520295
406 0.281175 3.520266
407 0.281172 3.520237
408 0.281170 3.520208
409 0.281167 3.520180
410 0.281164 3.520152
411 0.281161 3.520125
412 0.281158 3.520097
413 0.281156 3.520071
414 0.281153 3.520044
415 0.281150 3.520018
416 0.281148 3.519993
417 0.281145 3.519968
418 0.281143 3.519943
419 0.281140 3.519918
420 0.281138 3.519894
421 0.281135 3.519870
422 0.281133 3.519846
423 0.281131 3.519823
424 0.281128 3.519800
425 0.281126 3.519778
426 0.281124 3.519755
427 0.281122 3.519733
428 0.281119 3.519711
429 0.281117 3.519690
430 0.281115 3.519669
431 0.281113 3.519648
432 0.281111 3.519628
433 0.281109 3.519607
434 0.281107 3.519587
435 0.281105 3.519568
436 0.281103 3.519548
437 0.281101 3.519529
438 0.281099 3.519510
439 0.281097 3.519491
440 0.281095 3.519473
441 0.281093 3.519455
442 0.281091 3.519437
443 0.281090 3.519419
444 0.281088 3.519402
445 0.281086 3.519385
446 0.281084 3.519368
447 0.281083 3.519351
448 0.281081 3.519334
449 0.281079 3.519318
450 0.281078 3.519302
451 0.281076 3.519286
452 0.281075 3.519271
453 0.281073 3.519255
454 0.281072 3.519240
455 0.281070 3.519225
456 0.281069 3.519210
457 0.281067 3.519196
458 0.281066 3.519181
459 0.281064 3.519167
460 0.281063 3.519153
461 0.281061 3.519139
462 0.281060 3.519126
463 0.281059 3.519112
464 0.281057 3.519099
465 0.281056 3.519086
466 0.281055 3.519073
467 0.281053 3.519061
468 0.281052 3.519048
469 0.281051 3.519036
470 0.281050 3.519023
471 0.281048 3.519011
472 0.281047 3.519000
473 0.281046 3.518988
474 0.281045 3.518976
475 0.281044 3.518965
476 0.281043 3.518954
477 0.281041 3.518943
478 0.281040 3.518932
479 0.281039 3.518921
480 0.281038 3.518910
481 0.281037 3.518900
482 0.281036 3.518890
483 0.281035 3.518879
484 0.281034 3.518869
485 0.281033 3.518859
486 0.281032 3.518850
487 0.281031 3.518840
488 0.281030 3.518831
489 0.281029 3.518821
490 0.281028 3.518812
491 0.281027 3.518803
492 0.281026 3.518794
493 0.281025 3.518785
494 0.281025 3.518776
495 0.281024 3.518767
496 0.281023 3.518759
497 0.281022 3.518751
498 0.281021 3.518742
499 0.281020 3.518734
