0 0.878305 12.810000
1 0.876475 12.810000
2 0.874947 12.770000
3 0.873545 12.752686
4 0.872324 12.727314
5 0.871201 12.713479
6 0.870126 12.706521
7 0.869134 12.694327
8 0.868220 12.683077
9 0.867377 12.672700
10 0.866599 12.663127
11 0.865882 12.654297
12 0.865221 12.646152
13 0.864643 12.633848
14 0.864108 12.627280
15 0.863614 12.621208
16 0.863157 12.615594
17 0.862735 12.610403
18 0.862344 12.605604
19 0.861983 12.601168
20 0.861650 12.597066
21 0.861341 12.593274
22 0.861056 12.589768
23 0.860793 12.586527
24 0.860549 12.583531
25 0.860324 12.580762
26 0.860116 12.578201
27 0.859923 12.575834
28 0.859746 12.573646
29 0.859581 12.571624
30 0.859438 12.568376
31 0.859305 12.566749
32 0.859183 12.565240
33 0.859069 12.563843
34 0.858963 12.562548
35 0.858865 12.561348
36 0.858775 12.560235
37 0.858691 12.559205
38 0.858613 12.558250
39 0.858541 12.557365
40 0.858474 12.556545
41 0.858412 12.555786
42 0.858355 12.555082
43 0.858302 12.554429
44 0.858253 12.553825
45 0.858207 12.553264
46 0.858165 12.552745
47 0.858126 12.552264
48 0.858089 12.551819
49 0.858056 12.551406
50 0.858024 12.551023
51 0.857996 12.550669
52 0.857969 12.550340
53 0.857944 12.550036
54 0.857921 12.549754
55 0.857900 12.549492
56 0.857880 12.549250
57 0.857862 12.549026
58 0.857845 12.548818
59 0.857829 12.548625
60 0.857815 12.548446
61 0.857801 12.548281
62 0.857789 12.548128
63 0.857777 12.547986
64 0.857766 12.547854
65 0.857756 12.547732
66 0.857747 12.547619
67 0.857739 12.547514
68 0.857731 12.547417
69 0.857723 12.547327
70 0.857717 12.547244
71 0.857710 12.547167
72 0.857705 12.547095
73 0.857699 12.547029
74 0.857694 12.546968
75 0.857689 12.546911
76 0.857685 12.546858
77 0.857681 12.546809
78 0.857678 12.546764
79 0.857674 12.546722
80 0.857671 12.546683
81 0.857668 12.546647
82 0.857665 12.546614
83 0.857663 12.546583
84 0.857660 12.546554
85 0.857658 12.546527
86 0.857656 12.546503
87 0.857654 12.546480
88 0.857653 12.546459
89 0.857651 12.546439
90 0.857650 12.546421
91 0.857648 12.546404
92 0.857647 12.546389
93 0.857646 12.546374
94 0.857645 12.546361
95 0.857644 12.546349
96 0.857643 12.546337
97 0.857642 12.546327
98 0.857641 12.546317
99 0.857640 12.546308
100 0.857640 12.546299
101 0.857639 12.546291
102 0.857638 12.546284
103 0.857638 12.546277
104 0.857637 12.546271
105 0.857637 12.546265
106 0.857636 12.546260
107 0.857636 12.546255
108 0.857636 12.546250
109 0.857635 12.546246
110 0.857635 12.546242
111 0.857635 12.546238
112 0.857634 12.546235
113 0.857634 12.546232
114 0.857634 12.546229
115 0.857634 12.546226
116 0.857634 12.546224
117 0.857633 12.546221
118 0.857633 12.546219
119 0.857633 12.546217
120 0.857633 12.546216
121 0.857633 12.546214
122 0.857633 12.546212
123 0.857632 12.546211
124 0.857632 12.546209
125 0.857632 12.546208
126 0.857632 12.546207
127 0.857632 12.546206
128 0.857632 12.546205
129 0.857632 12.546204
130 0.857632 12.546203
131 0.857632 12.546202
132 0.857632 12.546202
133 0.857632 12.546201
134 0.857632 12.546200
135 0.857632 12.546200
136 0.857632 12.546199
137 0.857631 12.546199
138 0.857631 12.546198
139 0.857631 12.546198
140 0.857631 12.546197
141 0.857631 12.546197
142 0.857631 12.546197
143 0.857631 12.546196
144 0.857631 12.546196
145 0.857631 12.546196
146 0.857631 12.546195
147 0.857631 12.546195
148 0.857631 12.546195
149 0.857631 12.546195
150 0.857631 12.546195
151 0.857631 12.546194
152 0.857631 12.546194
153 0.857631 12.546194
154 0.857631 12.546194
155 0.857631 12.546194
156 0.857631 12.546194
157 0.857631 12.546194
158 0.857631 12.546194
159 0.857631 12.546193
160 0.857631 12.546193
161 0.857631 12.546193
162 0.857631 12.546193
163 0.857631 12.546193
164 0.857631 12.546193
165 0.857631 12.546193
166 0.857631 12.546193
167 0.857631 12.546193
168 0.857631 12.546193
169 0.857631 12.546193
170 0.857631 12.546193
171 0.857631 12.546193
172 0.857631 12.546193
173 0.857631 12.546193
174 0.857631 12.546193
175 0.857631 12.546193
176 0.857631 12.546193
177 0.857631 12.546193
178 0.857631 12.546193
179 0.857631 12.546193
180 0.857631 12.546193
181 0.857631 12.546192
182 0.857631 12.546192
183 0.857631 12.546192
184 0.857631 12.546192
185 0.857631 12.546192
186 0.857631 12.546192
187 0.857631 12.546192
188 0.857631 12.546192
189 0.857631 12.546192
190 0.857631 12.546192
191 0.857631 12.546192
192 0.857631 12.546192
193 0.857631 12.546192
194 0.857631 12.546192
195 0.857631 12.546192
196 0.857631 12.546192
197 0.857631 12.546192
198 0.857631 12.546192
199 0.857631 12.546192
200 0.857631 12.546192
201 0.857631 12.546192
202 0.857631 12.546192
203 0.857631 12.546192
204 0.857631 12.546192
205 0.857631 12.546192
206 0.857631 12.546192
207 0.857631 12.546192
208 0.857631 12.546192
209 0.857631 12.546192
210 0.857631 12.546192
211 0.857631 12.546192
212 0.857631 12.546192
213 0.857631 12.546192
214 0.857631 12.546192
215 0.857631 12.546192
216 0.857631 12.546192
217 0.857631 12.546192
218 0.857631 12.546192
219 0.857631 12.546192
220 0.857631 12.546192
221 0.857631 12.546192
222 0.857631 12.546192
223 0.857631 12.546192
224 0.857631 12.546192
225 0.857631 12.546192
226 0.857631 12.546192
227 0.857631 12.546192
228 0.857631 12.546192
229 0.857631 12.546192
230 0.857631 12.546192
231 0.857631 12.546192
232 0.857631 12.546192
233 0.857631 12.546192
234 0.857631 12.546192
235 0.857631 12.546192
236 0.857631 12.546192
237 0.857631 12.546192
238 0.857631 12.546192
239 0.857631 12.546192
240 0.857631 12.546192
241 0.857631 12.546192
242 0.857631 12.546192
243 0.857631 12.546192
244 0.857631 12.546192
245 0.857631 12.546192
246 0.857631 12.546192
247 0.857631 12.546192
248 0.857631 12.546192
249 0.857631 12.546192
250 0.857631 12.546192
251 0.857631 12.546192
252 0.857631 12.546192
253 0.857631 12.546192
254 0.857631 12.546192
255 0.857631 12.546192
256 0.857631 12.546192
257 0.857631 12.546192
258 0.857631 12.546192
259 0.857631 12.546192
260 0.857631 12.546192
261 0.857631 12.546192
262 0.857631 12.546192
263 0.857631 12.546192
264 0.857631 12.546192
265 0.857631 12.546192
266 0.857631 12.546192
267 0.857631 12.546192
268 0.857631 12.546192
269 0.857631 12.546192
270 0.857631 12.546192
271 0.857631 12.546192
272 0.857631 12.546192
273 0.857631 12.546192
274 0.857631 12.546192
275 0.857631 12.546192
276 0.857631 12.546192
277 0.857631 12.546192
278 0.857631 12.546192
279 0.857631 12.546192
280 0.857631 12.546192
281 0.857631 12.546192
282 0.857631 12.546192
283 0.857631 12.546192
284 0.857631 12.546192
285 0.857631 12.546192
286 0.857631 12.546192
287 0.857631 12.546192
288 0.857631 12.546192
289 0.857631 12.546192
290 0.857631 12.546192
291 0.857631 12.546192
292 0.857631 12.546192
293 0.857631 12.546192
294 0.857631 12.546192
295 0.857631 12.546192
296 0.857631 12.546192
297 0.857631 12.546192
298 0.857631 12.546192
299 0.857631 12.546192
300 0.857631 12.546192
301 0.857631 12.546192
302 0.857631 12.546192
303 0.857631 12.546192
304 0.857631 12.546192
305 0.857631 12.546192
306 0.857631 12.546192
307 0.857631 12.546192
308 0.857631 12.546192
309 0.857631 12.546192
310 0.857631 12.546192
311 0.857631 12.546192
312 0.857631 12.546192
313 0.857631 12.546192
314 0.857631 12.546192
315 0.857631 12.546192
316 0.857631 12.546192
317 0.857631 12.546192
318 0.857631 12.546192
319 0.857631 12.546192
320 0.857631 12.546192
321 0.857631 12.546192
322 0.857631 12.546192
323 0.857631 12.546192
324 0.857631 12.546192
325 0.857631 12.546192
326 0.857631 12.546192
327 0.857631 12.546192
328 0.857631 12.546192
329 0.857631 12.546192
330 0.857631 12.546192
331 0.857631 12.546192
332 0.857631 12.546192
333 0.857631 12.546192
334 0.857631 12.546192
335 0.857631 12.546192
336 0.857631 12.546192
337 0.857631 12.546192
338 0.857631 12.546192
339 0.857631 12.546192
340 0.857631 12.546192
341 0.857631 12.546192
342 0.857631 12.546192
343 0.857631 12.546192
344 0.857631 12.546192
345 0.857631 12.546192
346 0.857631 12.546192
347 0.857631 12.546192
348 0.857631 12.546192
349 0.857631 12.546192
350 0.857631 12.546192
351 0.857631 12.546192
352 0.857631 12.546192
353 0.857631 12.546192
354 0.857631 12.546192
355 0.857631 12.546192
356 0.857631 12.546192
357 0.857631 12.546192
358 0.857631 12.546192
359 0.857631 12.546192
360 0.857631 12.546192
361 0.857631 12.546192
362 0.857631 12.546192
363 0.857631 12.546192
364 0.857631 12.546192
365 0.857631 12.546192
366 0.857631 12.546192
367 0.857631 12.546192
368 0.857631 12.546192
369 0.857631 12.546192
370 0.857631 12.546192
371 0.857631 12.546192
372 0.857631 12.546192
373 0.857631 12.546192
374 0.857631 12.546192
375 0.857631 12.546192
376 0.857631 12.546192
377 0.857631 12.546192
378 0.857631 12.546192
379 0.857631 12.546192
380 0.857631 12.546192
381 0.857631 12.546192
382 0.857631 12.546192
383 0.857631 12.546192
384 0.857631 12.546192
385 0.857631 12.546192
386 0.857631 12.546192
387 0.857631 12.546192
388 0.857631 12.546192
389 0.857631 12.546192
390 0.857631 12.546192
391 0.857631 12.546192
392 0.857631 12.546192
393 0.857631 12.546192
394 0.857631 12.546192
395 0.857631 12.546192
396 0.857631 12.546192
397 0.857631 12.546192
398 0.857631 12.546192
399 0.857631 12.546192
400 0.857631 12.546192
401 0.857631 12.546192
402 0.857631 12.546192
403 0.857631 12.546192
404 0.857631 12.546192
405 0.857631 12.546192
406 0.857631 12.546192
407 0.857631 12.546192
408 0.857631 12.546192
409 0.857631 12.546192
410 0.857631 12.546192
411 0.857631 12.546192
412 0.857631 12.546192
413 0.857631 12.546192
414 0.857631 12.546192
415 0.857631 12.546192
416 0.857631 12.546192
417 0.857631 12.546192
418 0.857631 12.546192
419 0.857631 12.546192
420 0.857631 12.546192
421 0.857631 12.546192
422 0.857631 12.546192
423 0.857631 12.546192
424 0.857631 12.546192
425 0.857631 12.546192
426 0.857631 12.546192
427 0.857631 12.546192
428 0.857631 12.546192
429 0.857631 12.546192
430 0.857631 12.546192
431 0.857631 12.546192
432 0.857631 12.546192
433 0.857631 12.546192
434 0.857631 12.546192
435 0.857631 12.546192
436 0.857631 12.546192
437 0.857631 12.546192
438 0.857631 12.546192
439 0.857631 12.546192
440 0.857631 12.546192
441 0.857631 12.546192
442 0.857631 12.546192
443 0.857631 12.546192
444 0.857631 12.546192
445 0.857631 12.546192
446 0.857631 12.546192
447 0.857631 12.546192
448 0.857631 12.546192
449 0.857631 12.546192
450 0.857631 12.546192
451 0.857631 12.546192
452 0.857631 12.546192
453 0.857631 12.546192
454 0.857631 12.546192
455 0.857631 12.546192
456 0.857631 12.546192
457 0.857631 12.546192
458 0.857631 12.546192
459 0.857631 12.546192
460 0.857631 12.546192
461 0.857631 12.546192
462 0.857631 12.546192
463 0.857631 12.546192
464 0.857631 12.546192
465 0.857631 12.546192
466 0.857631 12.546192
467 0.857631 12.546192
468 0.857631 12.546192
469 0.857631 12.546192
470 0.857631 12.546192
471 0.857631 12.546192
472 0.857631 12.546192
473 0.857631 12.546192
474 0.857631 12.546192
475 0.857631 12.546192
476 0.857631 12.546192
477 0.857631 12.546192
478 0.857631 12.546192
479 0.857631 12.546192
480 0.857631 12.546192
481 0.857631 12.546192
482 0.857631 12.546192
483 0.857631 12.546192
484 0.857631 12.546192
485 0.857631 12.546192
486 0.857631 12.546192
487 0.857631 12.546192
488 0.857631 12.546192
489 0.857631 12.546192
490 0.857631 12.546192
491 0.857631 12.546192
492 0.857631 12.546192
493 0.857631 12.546192
494 0.857631 12.546192
495 0.857631 12.546192
496 0.857631 12.546192
497 0.857631 12.546192
498 0.857631 12.546192
499 0.857631 12.546192
