0 1.177586 10.860000
1 1.175448 10.860000
2 1.173386 10.840000
3 1.171375 10.825204
4 1.169417 10.810780
5 1.167463 10.809220
6 1.165557 10.795177
7 1.163698 10.781471
8 1.161914 10.758529
9 1.160172 10.745703
10 1.158470 10.733170
11 1.156807 10.720922
12 1.155183 10.708953
13 1.153614 10.691047
14 1.152080 10.679757
15 1.150580 10.668711
16 1.149112 10.657903
17 1.147676 10.647328
18 1.146272 10.636982
19 1.144898 10.626859
20 1.143555 10.616956
21 1.142253 10.603044
22 1.140977 10.593652
23 1.139728 10.584452
24 1.138505 10.575439
25 1.137307 10.566610
26 1.136133 10.557962
27 1.134984 10.549490
28 1.133859 10.541192
29 1.132757 10.533063
30 1.131678 10.525101
31 1.130621 10.517301
32 1.129586 10.509661
33 1.128572 10.502178
34 1.127580 10.494848
35 1.126608 10.487669
36 1.125656 10.480636
37 1.124723 10.473748
38 1.123812 10.466252
39 1.122918 10.459655
40 1.122042 10.453185
41 1.121183 10.446840
42 1.120340 10.440618
43 1.119514 10.434515
44 1.118704 10.428531
45 1.117910 10.422662
46 1.117131 10.416906
47 1.116367 10.411261
48 1.115618 10.405726
49 1.114884 10.400297
50 1.114164 10.394974
51 1.113458 10.389753
52 1.112766 10.384634
53 1.112088 10.379613
54 1.111422 10.374690
55 1.110770 10.369862
56 1.110130 10.365128
57 1.109503 10.360485
58 1.108888 10.355932
59 1.108285 10.351468
60 1.107694 10.347090
61 1.107114 10.342797
62 1.106546 10.338587
63 1.105989 10.334459
64 1.105442 10.330411
65 1.104907 10.326442
66 1.104381 10.322550
67 1.103866 10.318733
68 1.103361 10.314990
69 1.102866 10.311321
70 1.102381 10.307722
71 1.101905 10.304194
72 1.101438 10.300734
73 1.100976 10.299266
74 1.100521 10.295901
75 1.100075 10.292596
76 1.099637 10.289351
77 1.099207 10.286166
78 1.098785 10.283038
79 1.098371 10.279967
80 1.097964 10.276952
81 1.097565 10.273992
82 1.097173 10.271086
83 1.096788 10.268233
84 1.096410 10.265432
85 1.096040 10.262681
86 1.095675 10.259981
87 1.095318 10.257330
88 1.094967 10.254728
89 1.094623 10.252172
90 1.094284 10.249664
91 1.093952 10.247201
92 1.093627 10.244783
93 1.093307 10.242409
94 1.092993 10.240078
95 1.092684 10.237790
96 1.092381 10.235544
97 1.092084 10.233338
98 1.091793 10.231173
99 1.091506 10.229047
100 1.091225 10.226960
101 1.090949 10.224912
102 1.090678 10.222900
103 1.090412 10.220926
104 1.090151 10.218987
105 1.089895 10.217084
106 1.089643 10.215215
107 1.089396 10.213381
108 1.089154 10.211580
109 1.088916 10.209812
110 1.088682 10.208076
111 1.088452 10.206372
112 1.088227 10.204700
113 1.088006 10.203057
114 1.087789 10.201445
115 1.087576 10.199862
116 1.087367 10.198309
117 1.087162 10.196783
118 1.086960 10.195286
119 1.086762 10.193815
120 1.086568 10.192372
121 1.086377 10.190955
122 1.086190 10.189564
123 1.086006 10.188199
124 1.085826 10.186858
125 1.085649 10.185542
126 1.085475 10.184250
127 1.085304 10.182982
128 1.085137 10.181737
129 1.084972 10.180514
130 1.084811 10.179314
131 1.084652 10.178136
132 1.084497 10.176980
133 1.084344 10.175845
134 1.084194 10.174730
135 1.084047 10.173636
136 1.083903 10.172562
137 1.083761 10.171508
138 1.083622 10.170473
139 1.083485 10.169456
140 1.083351 10.168459
141 1.083219 10.167480
142 1.083090 10.166518
143 1.082963 10.165575
144 1.082838 10.164648
145 1.082716 10.163739
146 1.082596 10.162846
147 1.082478 10.161969
148 1.082362 10.161109
149 1.082249 10.160264
150 1.082137 10.159435
151 1.082028 10.158621
152 1.081921 10.157822
153 1.081815 10.157038
154 1.081712 10.156267
155 1.081610 10.155512
156 1.081510 10.154769
157 1.081412 10.154041
158 1.081316 10.153326
159 1.081222 10.152624
160 1.081129 10.151935
161 1.081038 10.151258
162 1.080949 10.150594
163 1.080861 10.149942
164 1.080775 10.149302
165 1.080691 10.148674
166 1.080608 10.148057
167 1.080526 10.147451
168 1.080447 10.146857
169 1.080368 10.146274
170 1.080291 10.145701
171 1.080216 10.145139
172 1.080141 10.144587
173 1.080069 10.144045
174 1.079997 10.143513
175 1.079927 10.142991
176 1.079858 10.142478
177 1.079790 10.141975
178 1.079724 10.141481
179 1.079659 10.140996
180 1.079595 10.140520
181 1.079532 10.140053
182 1.079471 10.139594
183 1.079410 10.139144
184 1.079351 10.138702
185 1.079292 10.138268
186 1.079235 10.137842
187 1.079179 10.137424
188 1.079124 10.137013
189 1.079070 10.136610
190 1.079017 10.136215
191 1.078964 10.135827
192 1.078913 10.135445
193 1.078863 10.135071
194 1.078814 10.134704
195 1.078765 10.134343
196 1.078718 10.133989
197 1.078671 10.133642
198 1.078625 10.133301
199 1.078580 10.132966
200 1.078536 10.132637
201 1.078493 10.132315
202 1.078450 10.131998
203 1.078408 10.131687
204 1.078367 10.131382
205 1.078327 10.131082
206 1.078287 10.130788
207 1.078249 10.130499
208 1.078211 10.130216
209 1.078174 10.129784
210 1.078137 10.129513
211 1.078101 10.129247
212 1.078066 10.128986
213 1.078032 10.128729
214 1.077998 10.128477
215 1.077964 10.128228
216 1.077931 10.127984
217 1.077899 10.127744
218 1.077868 10.127509
219 1.077836 10.127277
220 1.077806 10.127049
221 1.077776 10.126825
222 1.077746 10.126605
223 1.077717 10.126389
224 1.077688 10.126176
225 1.077660 10.125968
226 1.077633 10.125762
227 1.077605 10.125560
228 1.077579 10.125362
229 1.077553 10.125167
230 1.077527 10.124975
231 1.077501 10.124787
232 1.077476 10.124601
233 1.077452 10.124419
234 1.077428 10.124240
235 1.077404 10.124064
236 1.077381 10.123892
237 1.077358 10.123722
238 1.077336 10.123555
239 1.077314 10.123390
240 1.077292 10.123229
241 1.077271 10.123070
242 1.077250 10.122914
243 1.077229 10.122761
244 1.077209 10.122610
245 1.077189 10.122462
246 1.077169 10.122317
247 1.077150 10.122174
248 1.077131 10.122033
249 1.077113 10.121895
250 1.077094 10.121759
251 1.077076 10.121626
252 1.077059 10.121494
253 1.077041 10.121365
254 1.077024 10.121239
255 1.077007 10.121114
256 1.076991 10.120991
257 1.076975 10.120871
258 1.076959 10.120753
259 1.076943 10.120636
260 1.076928 10.120522
261 1.076913 10.120410
262 1.076898 10.120299
263 1.076883 10.120191
264 1.076869 10.120084
265 1.076855 10.119979
266 1.076841 10.119876
267 1.076827 10.119774
268 1.076814 10.119675
269 1.076801 10.119577
270 1.076788 10.119481
271 1.076775 10.119386
272 1.076763 10.119293
273 1.076750 10.119202
274 1.076738 10.119112
275 1.076726 10.119024
276 1.076715 10.118937
277 1.076703 10.118851
278 1.076692 10.118768
279 1.076681 10.118685
280 1.076670 10.118604
281 1.076659 10.118524
282 1.076649 10.118446
283 1.076638 10.118369
284 1.076628 10.118294
285 1.076618 10.118219
286 1.076608 10.118146
287 1.076599 10.118074
288 1.076589 10.118004
289 1.076580 10.117935
290 1.076571 10.117866
291 1.076562 10.117799
292 1.076553 10.117733
293 1.076544 10.117669
294 1.076536 10.117605
295 1.076527 10.117542
296 1.076519 10.117481
297 1.076511 10.117421
298 1.076503 10.117361
299 1.076495 10.117303
300 1.076487 10.117245
301 1.076480 10.117189
302 1.076472 10.117133
303 1.076465 10.117079
304 1.076458 10.117025
305 1.076451 10.116973
306 1.076444 10.116921
307 1.076437 10.116870
308 1.076430 10.116820
309 1.076423 10.116771
310 1.076417 10.116723
311 1.076411 10.116675
312 1.076404 10.116628
313 1.076398 10.116583
314 1.076392 10.116537
315 1.076386 10.116493
316 1.076380 10.116450
317 1.076374 10.116407
318 1.076369 10.116365
319 1.076363 10.116323
320 1.076358 10.116283
321 1.076352 10.116243
322 1.076347 10.116203
323 1.076342 10.116165
324 1.076337 10.116127
325 1.076332 10.116090
326 1.076327 10.116053
327 1.076322 10.116017
328 1.076317 10.115981
329 1.076313 10.115947
330 1.076308 10.115912
331 1.076303 10.115879
332 1.076299 10.115846
333 1.076295 10.115813
334 1.076290 10.115781
335 1.076286 10.115750
336 1.076282 10.115719
337 1.076278 10.115689
338 1.076274 10.115659
339 1.076270 10.115629
340 1.076266 10.115601
341 1.076262 10.115572
342 1.076259 10.115544
343 1.076255 10.115517
344 1.076251 10.115490
345 1.076248 10.115464
346 1.076244 10.115438
347 1.076241 10.115412
348 1.076237 10.115387
349 1.076234 10.115363
350 1.076231 10.115338
351 1.076228 10.115314
352 1.076224 10.115291
353 1.076221 10.115268
354 1.076218 10.115245
355 1.076215 10.115223
356 1.076212 10.115201
357 1.076210 10.115180
358 1.076207 10.115159
359 1.076204 10.115138
360 1.076201 10.115117
361 1.076198 10.115097
362 1.076196 10.115078
363 1.076193 10.115058
364 1.076191 10.115039
365 1.076188 10.115021
366 1.076186 10.115002
367 1.076183 10.114984
368 1.076181 10.114966
369 1.076178 10.114949
370 1.076176 10.114932
371 1.076174 10.114915
372 1.076172 10.114898
373 1.076169 10.114882
374 1.076167 10.114866
375 1.076165 10.114850
376 1.076163 10.114835
377 1.076161 10.114819
378 1.076159 10.114804
379 1.076157 10.114790
380 1.076155 10.114775
381 1.076153 10.114761
382 1.076151 10.114747
383 1.076149 10.114733
384 1.076148 10.114720
385 1.076146 10.114706
386 1.076144 10.114693
387 1.076142 10.114681
388 1.076141 10.114668
389 1.076139 10.114656
390 1.076137 10.114643
391 1.076136 10.114632
392 1.076134 10.114620
393 1.076133 10.114608
394 1.076131 10.114597
395 1.076130 10.114586
396 1.076128 10.114575
397 1.076127 10.114564
398 1.076125 10.114553
399 1.076124 10.114543
400 1.076123 10.114533
401 1.076121 10.114523
402 1.076120 10.114513
403 1.076119 10.114503
404 1.076117 10.114493
405 1.076116 10.114484
406 1.076115 10.114475
407 1.076113 10.114466
408 1.076112 10.114457
409 1.076111 10.114448
410 1.076110 10.114439
411 1.076109 10.114431
412 1.076108 10.114423
413 1.076107 10.114414
414 1.076106 10.114406
415 1.076104 10.114398
416 1.076103 10.114391
417 1.076102 10.114383
418 1.076101 10.114376
419 1.076100 10.114368
420 1.076099 10.114361
421 1.076098 10.114354
422 1.076098 10.114347
423 1.076097 10.114340
424 1.076096 10.114333
425 1.076095 10.114326
426 1.076094 10.114320
427 1.076093 10.114313
428 1.076092 10.114307
429 1.076091 10.114301
430 1.076091 10.114295
431 1.076090 10.114289
432 1.076089 10.114283
433 1.076088 10.114277
434 1.076087 10.114271
435 1.076087 10.114266
436 1.076086 10.114260
437 1.076085 10.114255
438 1.076084 10.114250
439 1.076084 10.114244
440 1.076083 10.114239
441 1.076082 10.114234
442 1.076082 10.114229
443 1.076081 10.114224
444 1.076080 10.114219
445 1.076080 10.114215
446 1.076079 10.114210
447 1.076079 10.114206
448 1.076078 10.114201
449 1.076077 10.114197
450 1.076077 10.114192
451 1.076076 10.114188
452 1.076076 10.114184
453 1.076075 10.114180
454 1.076075 10.114176
455 1.076074 10.114172
456 1.076073 10.114168
457 1.076073 10.114164
458 1.076072 10.114160
459 1.076072 10.114157
460 1.076071 10.114153
461 1.076071 10.114149
462 1.076070 10.114146
463 1.076070 10.114142
464 1.076070 10.114139
465 1.076069 10.114136
466 1.076069 10.114132
467 1.076068 10.114129
468 1.076068 10.114126
469 1.076067 10.114123
470 1.076067 10.114120
471 1.076067 10.114117
472 1.076066 10.114114
473 1.076066 10.114111
474 1.076065 10.114108
475 1.076065 10.114105
476 1.076065 10.114102
477 1.076064 10.114100
478 1.076064 10.114097
479 1.076064 10.114094
480 1.076063 10.114092
481 1.076063 10.114089
482 1.076063 10.114087
483 1.076062 10.114084
484 1.076062 10.114082
485 1.076062 10.114080
486 1.076061 10.114077
487 1.076061 10.114075
488 1.076061 10.114073
489 1.076060 10.114071
490 1.076060 10.114068
491 1.076060 10.114066
492 1.076060 10.114064
493 1.076059 10.114062
494 1.076059 10.114060
495 1.076059 10.114058
496 1.076058 10.114056
497 1.076058 10.114054
498 1.076058 10.114052
499 1.076058 10.114050
