0 0.243782 3.180000
1 0.242702 3.180000
2 0.241697 3.160000
3 0.240727 3.149821
4 0.239793 3.139997
5 0.238892 3.130517
6 0.237995 3.129483
7 0.237127 3.120339
8 0.236289 3.111496
9 0.235480 3.102945
10 0.234698 3.094675
11 0.233945 3.085325
12 0.233217 3.077632
13 0.232511 3.070176
14 0.231827 3.062951
15 0.231162 3.057049
16 0.230515 3.050220
17 0.229888 3.043587
18 0.229279 3.037144
19 0.228688 3.030887
20 0.228114 3.024810
21 0.227557 3.018908
22 0.227017 3.013176
23 0.226493 3.007611
24 0.225983 3.002206
25 0.225489 2.996957
26 0.225010 2.991861
27 0.224545 2.986913
28 0.224093 2.982108
29 0.223655 2.977443
30 0.223229 2.972914
31 0.222820 2.967086
32 0.222422 2.962854
33 0.222035 2.958736
34 0.221658 2.954729
35 0.221291 2.950829
36 0.220935 2.947034
37 0.220588 2.943341
38 0.220251 2.939748
39 0.219922 2.936251
40 0.219603 2.932849
41 0.219299 2.927151
42 0.219001 2.923991
43 0.218712 2.920909
44 0.218429 2.917903
45 0.218154 2.914972
46 0.217885 2.912113
47 0.217623 2.909324
48 0.217368 2.906605
49 0.217119 2.903953
50 0.216876 2.901366
51 0.216640 2.898844
52 0.216409 2.896384
53 0.216184 2.893985
54 0.215965 2.891646
55 0.215751 2.889365
56 0.215543 2.887140
57 0.215339 2.884971
58 0.215141 2.882856
59 0.214948 2.880793
60 0.214760 2.878781
61 0.214576 2.876820
62 0.214397 2.874908
63 0.214223 2.873043
64 0.214053 2.871224
65 0.213887 2.869451
66 0.213725 2.867722
67 0.213568 2.866037
68 0.213414 2.864393
69 0.213264 2.862790
70 0.213118 2.861228
71 0.212976 2.859704
72 0.212837 2.858219
73 0.212702 2.856770
74 0.212570 2.855358
75 0.212442 2.853981
76 0.212316 2.852639
77 0.212194 2.851330
78 0.212075 2.850054
79 0.211956 2.849946
80 0.211840 2.848704
81 0.211727 2.847490
82 0.211616 2.846303
83 0.211507 2.845144
84 0.211401 2.844011
85 0.211298 2.842903
86 0.211197 2.841821
87 0.211098 2.840764
88 0.211002 2.839730
89 0.210907 2.838720
90 0.210815 2.837733
91 0.210725 2.836768
92 0.210637 2.835826
93 0.210551 2.834905
94 0.210467 2.834004
95 0.210385 2.833125
96 0.210305 2.832265
97 0.210226 2.831425
98 0.210150 2.830604
99 0.210075 2.829802
100 0.210002 2.829018
101 0.209930 2.828251
102 0.209860 2.827503
103 0.209792 2.826771
104 0.209725 2.826056
105 0.209660 2.825358
106 0.209597 2.824675
107 0.209534 2.824008
108 0.209474 2.823356
109 0.209414 2.822719
110 0.209356 2.822097
111 0.209299 2.821488
112 0.209244 2.820894
113 0.209190 2.820313
114 0.209137 2.819746
115 0.209085 2.819191
116 0.209035 2.818649
117 0.208986 2.818120
118 0.208937 2.817602
119 0.208890 2.817097
120 0.208844 2.816603
121 0.208799 2.816120
122 0.208755 2.815648
123 0.208712 2.815187
124 0.208670 2.814737
125 0.208629 2.814297
126 0.208589 2.813867
127 0.208550 2.813446
128 0.208512 2.813036
129 0.208475 2.812635
130 0.208438 2.812243
131 0.208402 2.811860
132 0.208367 2.811485
133 0.208333 2.811119
134 0.208300 2.810762
135 0.208268 2.810413
136 0.208236 2.810072
137 0.208205 2.809738
138 0.208174 2.809412
139 0.208145 2.809094
140 0.208116 2.808783
141 0.208088 2.808479
142 0.208060 2.808182
143 0.208033 2.807892
144 0.208007 2.807608
145 0.207981 2.807331
146 0.207956 2.807061
147 0.207931 2.806796
148 0.207907 2.806538
149 0.207883 2.806285
150 0.207860 2.806039
151 0.207838 2.805797
152 0.207816 2.805562
153 0.207795 2.805332
154 0.207774 2.805107
155 0.207753 2.804887
156 0.207733 2.804672
157 0.207714 2.804463
158 0.207695 2.804258
159 0.207676 2.804057
160 0.207658 2.803862
161 0.207640 2.803670
162 0.207623 2.803483
163 0.207606 2.803301
164 0.207589 2.803122
165 0.207573 2.802948
166 0.207557 2.802778
167 0.207542 2.802612
168 0.207526 2.802449
169 0.207512 2.802290
170 0.207497 2.802135
171 0.207483 2.801983
172 0.207469 2.801835
173 0.207456 2.801690
174 0.207443 2.801549
175 0.207430 2.801411
176 0.207417 2.801275
177 0.207405 2.801144
178 0.207393 2.801015
179 0.207381 2.800889
180 0.207370 2.800766
181 0.207359 2.800645
182 0.207348 2.800528
183 0.207337 2.800413
184 0.207327 2.800301
185 0.207316 2.800191
186 0.207306 2.800084
187 0.207297 2.799916
188 0.207287 2.799815
189 0.207278 2.799716
190 0.207269 2.799619
191 0.207260 2.799524
192 0.207252 2.799431
193 0.207243 2.799340
194 0.207235 2.799251
195 0.207227 2.799164
196 0.207219 2.799078
197 0.207211 2.798995
198 0.207203 2.798913
199 0.207196 2.798832
200 0.207188 2.798754
201 0.207181 2.798676
202 0.207174 2.798601
203 0.207167 2.798527
204 0.207161 2.798455
205 0.207154 2.798384
206 0.207147 2.798314
207 0.207141 2.798246
208 0.207135 2.798180
209 0.207129 2.798114
210 0.207123 2.798050
211 0.207117 2.797988
212 0.207111 2.797926
213 0.207106 2.797866
214 0.207100 2.797808
215 0.207095 2.797750
216 0.207090 2.797693
217 0.207084 2.797638
218 0.207079 2.797584
219 0.207074 2.797531
220 0.207070 2.797479
221 0.207065 2.797428
222 0.207060 2.797378
223 0.207056 2.797330
224 0.207051 2.797282
225 0.207047 2.797235
226 0.207043 2.797189
227 0.207038 2.797144
228 0.207034 2.797100
229 0.207030 2.797057
230 0.207026 2.797015
231 0.207023 2.796974
232 0.207019 2.796933
233 0.207015 2.796894
234 0.207011 2.796855
235 0.207008 2.796817
236 0.207004 2.796780
237 0.207001 2.796743
238 0.206998 2.796707
239 0.206994 2.796672
240 0.206991 2.796638
241 0.206988 2.796605
242 0.206985 2.796572
243 0.206982 2.796540
244 0.206979 2.796508
245 0.206976 2.796477
246 0.206973 2.796447
247 0.206971 2.796417
248 0.206968 2.796388
249 0.206965 2.796360
250 0.206963 2.796332
251 0.206960 2.796305
252 0.206958 2.796278
253 0.206955 2.796252
254 0.206953 2.796226
255 0.206951 2.796201
256 0.206948 2.796177
257 0.206946 2.796153
258 0.206944 2.796129
259 0.206942 2.796106
260 0.206940 2.796083
261 0.206937 2.796061
262 0.206935 2.796040
263 0.206933 2.796018
264 0.206932 2.795998
265 0.206930 2.795977
266 0.206928 2.795957
267 0.206926 2.795938
268 0.206924 2.795919
269 0.206922 2.795900
270 0.206921 2.795881
271 0.206919 2.795863
272 0.206917 2.795846
273 0.206916 2.795829
274 0.206914 2.795812
275 0.206913 2.795795
276 0.206911 2.795779
277 0.206910 2.795763
278 0.206908 2.795748
279 0.206907 2.795732
280 0.206905 2.795717
281 0.206904 2.795703
282 0.206903 2.795688
283 0.206901 2.795674
284 0.206900 2.795661
285 0.206899 2.795647
286 0.206898 2.795634
287 0.206896 2.795621
288 0.206895 2.795609
289 0.206894 2.795596
290 0.206893 2.795584
291 0.206892 2.795572
292 0.206891 2.795561
293 0.206890 2.795549
294 0.206889 2.795538
295 0.206888 2.795527
296 0.206887 2.795517
297 0.206886 2.795506
298 0.206885 2.795496
299 0.206884 2.795486
300 0.206883 2.795476
301 0.206882 2.795466
302 0.206881 2.795457
303 0.206880 2.795448
304 0.206879 2.795439
305 0.206879 2.795430
306 0.206878 2.795421
307 0.206877 2.795413
308 0.206876 2.795404
309 0.206875 2.795396
310 0.206875 2.795388
311 0.206874 2.795380
312 0.206873 2.795373
313 0.206873 2.795365
314 0.206872 2.795358
315 0.206871 2.795350
316 0.206871 2.795343
317 0.206870 2.795337
318 0.206869 2.795330
319 0.206869 2.795323
320 0.206868 2.795317
321 0.206867 2.795310
322 0.206867 2.795304
323 0.206866 2.795298
324 0.206866 2.795292
325 0.206865 2.795286
326 0.206865 2.795280
327 0.206864 2.795275
328 0.206864 2.795269
329 0.206863 2.795264
330 0.206863 2.795259
331 0.206862 2.795253
332 0.206862 2.795248
333 0.206861 2.795243
334 0.206861 2.795239
335 0.206860 2.795234
336 0.206860 2.795229
337 0.206860 2.795225
338 0.206859 2.795220
339 0.206859 2.795216
340 0.206858 2.795212
341 0.206858 2.795207
342 0.206858 2.795203
343 0.206857 2.795199
344 0.206857 2.795195
345 0.206856 2.795191
346 0.206856 2.795188
347 0.206856 2.795184
348 0.206855 2.795180
349 0.206855 2.795177
350 0.206855 2.795173
351 0.206854 2.795170
352 0.206854 2.795167
353 0.206854 2.795163
354 0.206854 2.795160
355 0.206853 2.795157
356 0.206853 2.795154
357 0.206853 2.795151
358 0.206852 2.795148
359 0.206852 2.795145
360 0.206852 2.795142
361 0.206852 2.795139
362 0.206851 2.795137
363 0.206851 2.795134
364 0.206851 2.795131
365 0.206851 2.795129
366 0.206850 2.795126
367 0.206850 2.795124
368 0.206850 2.795122
369 0.206850 2.795119
370 0.206849 2.795117
371 0.206849 2.795115
372 0.206849 2.795113
373 0.206849 2.795110
374 0.206849 2.795108
375 0.206848 2.795106
376 0.206848 2.795104
377 0.206848 2.795102
378 0.206848 2.795100
379 0.206848 2.795098
380 0.206848 2.795096
381 0.206847 2.795095
382 0.206847 2.795093
383 0.206847 2.795091
384 0.206847 2.795089
385 0.206847 2.795088
386 0.206847 2.795086
387 0.206846 2.795084
388 0.206846 2.795083
389 0.206846 2.795081
390 0.206846 2.795080
391 0.206846 2.795078
392 0.206846 2.795077
393 0.206846 2.795075
394 0.206845 2.795074
395 0.206845 2.795073
396 0.206845 2.795071
397 0.206845 2.795070
398 0.206845 2.795069
399 0.206845 2.795068
400 0.206845 2.795066
401 0.206845 2.795065
402 0.206845 2.795064
403 0.206844 2.795063
404 0.206844 2.795062
405 0.206844 2.795061
406 0.206844 2.795059
407 0.206844 2.795058
408 0.206844 2.795057
409 0.206844 2.795056
410 0.206844 2.795055
411 0.206844 2.795054
412 0.206844 2.795053
413 0.206843 2.795052
414 0.206843 2.795052
415 0.206843 2.795051
416 0.206843 2.795050
417 0.206843 2.795049
418 0.206843 2.795048
419 0.206843 2.795047
420 0.206843 2.795046
421 0.206843 2.795046
422 0.206843 2.795045
423 0.206843 2.795044
424 0.206843 2.795043
425 0.206843 2.795043
426 0.206842 2.795042
427 0.206842 2.795041
428 0.206842 2.795041
429 0.206842 2.795040
430 0.206842 2.795039
431 0.206842 2.795039
432 0.206842 2.795038
433 0.206842 2.795037
434 0.206842 2.795037
435 0.206842 2.795036
436 0.206842 2.795036
437 0.206842 2.795035
438 0.206842 2.795034
439 0.206842 2.795034
440 0.206842 2.795033
441 0.206842 2.795033
442 0.206842 2.795032
443 0.206842 2.795032
444 0.206841 2.795031
445 0.206841 2.795031
446 0.206841 2.795030
447 0.206841 2.795030
448 0.206841 2.795029
449 0.206841 2.795029
450 0.206841 2.795029
451 0.206841 2.795028
452 0.206841 2.795028
453 0.206841 2.795027
454 0.206841 2.795027
455 0.206841 2.795026
456 0.206841 2.795026
457 0.206841 2.795026
458 0.206841 2.795025
459 0.206841 2.795025
460 0.206841 2.795025
461 0.206841 2.795024
462 0.206841 2.795024
463 0.206841 2.795024
464 0.206841 2.795023
465 0.206841 2.795023
466 0.206841 2.795023
467 0.206841 2.795022
468 0.206841 2.795022
469 0.206841 2.795022
470 0.206841 2.795021
471 0.206841 2.795021
472 0.206841 2.795021
473 0.206841 2.795021
474 0.206840 2.795020
475 0.206840 2.795020
476 0.206840 2.795020
477 0.206840 2.795020
478 0.206840 2.795019
479 0.206840 2.795019
480 0.206840 2.795019
481 0.206840 2.795019
482 0.206840 2.795018
483 0.206840 2.795018
484 0.206840 2.795018
485 0.206840 2.795018
486 0.206840 2.795018
487 0.206840 2.795017
488 0.206840 2.795017
489 0.206840 2.795017
490 0.206840 2.795017
491 0.206840 2.795017
492 0.206840 2.795016
493 0.206840 2.795016
494 0.206840 2.795016
495 0.206840 2.795016
496 0.206840 2.795016
497 0.206840 2.795016
498 0.206840 2.795015
499 0.206840 2.795015
