0 1.414874 12.700000
1 1.411851 12.700000
2 1.408915 12.680000
3 1.406062 12.660000
4 1.403290 12.640062
5 1.400597 12.620680
6 1.397988 12.599320
7 1.395450 12.581066
8 1.392979 12.563297
9 1.390534 12.556703
10 1.388152 12.539558
11 1.385830 12.522847
12 1.383568 12.506558
13 1.381364 12.490680
14 1.379236 12.469320
15 1.377160 12.454379
16 1.375134 12.439796
17 1.373157 12.425561
18 1.371228 12.411668
19 1.369346 12.398108
20 1.367510 12.384873
21 1.365706 12.375127
22 1.363944 12.362433
23 1.362222 12.350026
24 1.360540 12.337899
25 1.358896 12.326047
26 1.357290 12.314464
27 1.355720 12.303143
28 1.354187 12.292080
29 1.352689 12.281267
30 1.351199 12.278733
31 1.349741 12.268213
32 1.348314 12.257917
33 1.346919 12.247841
34 1.345553 12.237980
35 1.344217 12.228329
36 1.342910 12.218885
37 1.341631 12.209643
38 1.340379 12.200598
39 1.339155 12.191747
40 1.337957 12.183085
41 1.336785 12.174609
42 1.335638 12.166314
43 1.334517 12.158197
44 1.333419 12.150254
45 1.332323 12.149746
46 1.331249 12.141978
47 1.330197 12.134365
48 1.329166 12.126906
49 1.328156 12.119596
50 1.327166 12.112433
51 1.326197 12.105414
52 1.325247 12.098536
53 1.324316 12.091796
54 1.323404 12.085191
55 1.322511 12.078719
56 1.321636 12.072378
57 1.320778 12.066164
58 1.319938 12.060075
59 1.319115 12.054109
60 1.318309 12.048262
61 1.317519 12.042534
62 1.316745 12.036921
63 1.315987 12.031421
64 1.315244 12.026032
65 1.314516 12.020752
66 1.313803 12.015578
67 1.313104 12.010508
68 1.312420 12.005541
69 1.311749 12.000674
70 1.311092 11.995905
71 1.310449 11.991233
72 1.309818 11.986655
73 1.309201 11.982170
74 1.308595 11.977830
75 1.308001 11.973520
76 1.307418 11.969291
77 1.306846 11.965141
78 1.306284 11.961069
79 1.305734 11.957074
80 1.305194 11.953154
81 1.304664 11.949307
82 1.304144 11.945533
83 1.303633 11.941830
84 1.303133 11.938197
85 1.302642 11.934632
86 1.302160 11.931134
87 1.301687 11.927702
88 1.301224 11.924335
89 1.300769 11.921031
90 1.300323 11.917789
91 1.299885 11.914609
92 1.299455 11.911488
93 1.299034 11.908426
94 1.298620 11.905422
95 1.298214 11.902475
96 1.297816 11.899583
97 1.297426 11.896745
98 1.297043 11.893961
99 1.296667 11.891230
100 1.296298 11.888550
101 1.295937 11.885921
102 1.295582 11.883341
103 1.295234 11.880810
104 1.294892 11.878327
105 1.294557 11.875891
106 1.294228 11.873501
107 1.293906 11.871155
108 1.293589 11.868854
109 1.293279 11.866597
110 1.292974 11.864382
111 1.292676 11.862209
112 1.292382 11.860077
113 1.292095 11.857986
114 1.291813 11.855934
115 1.291536 11.853920
116 1.291265 11.851945
117 1.290998 11.850007
118 1.290737 11.848106
119 1.290480 11.846240
120 1.290229 11.844410
121 1.289982 11.842615
122 1.289740 11.840853
123 1.289503 11.839125
124 1.289270 11.837429
125 1.289041 11.835766
126 1.288817 11.834134
127 1.288597 11.832533
128 1.288381 11.830962
129 1.288169 11.829421
130 1.287962 11.827909
131 1.287758 11.826426
132 1.287558 11.824970
133 1.287362 11.823543
134 1.287170 11.822142
135 1.286981 11.820768
136 1.286796 11.819420
137 1.286614 11.818097
138 1.286436 11.816799
139 1.286261 11.815526
140 1.286089 11.814277
141 1.285921 11.813052
142 1.285756 11.811850
143 1.285594 11.810671
144 1.285435 11.809514
145 1.285279 11.808379
146 1.285127 11.807265
147 1.284977 11.806173
148 1.284829 11.805101
149 1.284685 11.804049
150 1.284543 11.803018
151 1.284404 11.802006
152 1.284268 11.801013
153 1.284134 11.800039
154 1.284003 11.799083
155 1.283875 11.798146
156 1.283748 11.797226
157 1.283624 11.796324
158 1.283503 11.795439
159 1.283384 11.794570
160 1.283267 11.793718
161 1.283152 11.792883
162 1.283040 11.792063
163 1.282929 11.791258
164 1.282821 11.790469
165 1.282715 11.789531
166 1.282611 11.788774
167 1.282509 11.788030
168 1.282408 11.787299
169 1.282310 11.786581
170 1.282213 11.785876
171 1.282117 11.785183
172 1.282024 11.784502
173 1.281932 11.783833
174 1.281842 11.783176
175 1.281753 11.782531
176 1.281666 11.781896
177 1.281580 11.781273
178 1.281496 11.780661
179 1.281413 11.780059
180 1.281332 11.779468
181 1.281252 11.778888
182 1.281174 11.778317
183 1.281097 11.777757
184 1.281021 11.777206
185 1.280947 11.776665
186 1.280874 11.776134
187 1.280802 11.775612
188 1.280732 11.775099
189 1.280662 11.774595
190 1.280594 11.774100
191 1.280528 11.773613
192 1.280462 11.773135
193 1.280397 11.772666
194 1.280334 11.772204
195 1.280272 11.771751
196 1.280211 11.771306
197 1.280151 11.770869
198 1.280092 11.770439
199 1.280034 11.770017
200 1.279977 11.769602
201 1.279921 11.769194
202 1.279866 11.768794
203 1.279812 11.768400
204 1.279758 11.768014
205 1.279706 11.767634
206 1.279655 11.767261
207 1.279605 11.766895
208 1.279555 11.766535
209 1.279507 11.766181
210 1.279459 11.765834
211 1.279412 11.765492
212 1.279366 11.765157
213 1.279321 11.764827
214 1.279276 11.764503
215 1.279233 11.764185
216 1.279190 11.763873
217 1.279147 11.763566
218 1.279106 11.763264
219 1.279065 11.762968
220 1.279025 11.762677
221 1.278986 11.762391
222 1.278947 11.762110
223 1.278910 11.761834
224 1.278872 11.761563
225 1.278836 11.761296
226 1.278800 11.761034
227 1.278764 11.760777
228 1.278730 11.760525
229 1.278696 11.760276
230 1.278662 11.760032
231 1.278629 11.759793
232 1.278597 11.759558
233 1.278565 11.759326
234 1.278534 11.759099
235 1.278503 11.758876
236 1.278473 11.758657
237 1.278444 11.758441
238 1.278414 11.758229
239 1.278386 11.758022
240 1.278358 11.757817
241 1.278330 11.757617
242 1.278303 11.757419
243 1.278277 11.757226
244 1.278250 11.757035
245 1.278225 11.756848
246 1.278200 11.756665
247 1.278175 11.756484
248 1.278150 11.756307
249 1.278127 11.756133
250 1.278103 11.755962
251 1.278080 11.755794
252 1.278057 11.755628
253 1.278035 11.755466
254 1.278013 11.755307
255 1.277992 11.755150
256 1.277970 11.754996
257 1.277950 11.754845
258 1.277929 11.754696
259 1.277909 11.754551
260 1.277890 11.754407
261 1.277870 11.754266
262 1.277851 11.754128
263 1.277833 11.753992
264 1.277814 11.753859
265 1.277796 11.753727
266 1.277779 11.753599
267 1.277761 11.753472
268 1.277744 11.753347
269 1.277727 11.753225
270 1.277711 11.753105
271 1.277695 11.752987
272 1.277679 11.752871
273 1.277663 11.752757
274 1.277648 11.752646
275 1.277633 11.752536
276 1.277618 11.752428
277 1.277603 11.752322
278 1.277589 11.752218
279 1.277575 11.752115
280 1.277561 11.752015
281 1.277547 11.751916
282 1.277534 11.751819
283 1.277521 11.751723
284 1.277508 11.751630
285 1.277496 11.751538
286 1.277483 11.751447
287 1.277471 11.751358
288 1.277459 11.751271
289 1.277447 11.751185
290 1.277436 11.751101
291 1.277424 11.751018
292 1.277413 11.750937
293 1.277402 11.750857
294 1.277391 11.750779
295 1.277381 11.750701
296 1.277370 11.750626
297 1.277360 11.750551
298 1.277350 11.750478
299 1.277340 11.750406
300 1.277330 11.750336
301 1.277321 11.750266
302 1.277312 11.750198
303 1.277302 11.750131
304 1.277293 11.750066
305 1.277285 11.750001
306 1.277276 11.749938
307 1.277267 11.749875
308 1.277259 11.749814
309 1.277251 11.749754
310 1.277242 11.749695
311 1.277235 11.749637
312 1.277227 11.749580
313 1.277219 11.749524
314 1.277211 11.749469
315 1.277204 11.749414
316 1.277197 11.749361
317 1.277190 11.749309
318 1.277182 11.749258
319 1.277176 11.749207
320 1.277169 11.749158
321 1.277162 11.749109
322 1.277156 11.749061
323 1.277149 11.749015
324 1.277143 11.748968
325 1.277137 11.748923
326 1.277130 11.748879
327 1.277124 11.748835
328 1.277119 11.748792
329 1.277113 11.748750
330 1.277107 11.748708
331 1.277101 11.748667
332 1.277096 11.748627
333 1.277091 11.748588
334 1.277085 11.748549
335 1.277080 11.748512
336 1.277075 11.748474
337 1.277070 11.748438
338 1.277065 11.748402
339 1.277060 11.748366
340 1.277055 11.748332
341 1.277051 11.748297
342 1.277046 11.748264
343 1.277041 11.748231
344 1.277037 11.748199
345 1.277033 11.748167
346 1.277028 11.748136
347 1.277024 11.748105
348 1.277020 11.748075
349 1.277016 11.748045
350 1.277012 11.748016
351 1.277008 11.747987
352 1.277004 11.747959
353 1.277000 11.747932
354 1.276997 11.747905
355 1.276993 11.747878
356 1.276989 11.747852
357 1.276986 11.747826
358 1.276982 11.747801
359 1.276979 11.747776
360 1.276976 11.747752
361 1.276972 11.747728
362 1.276969 11.747704
363 1.276966 11.747681
364 1.276963 11.747658
365 1.276960 11.747636
366 1.276957 11.747614
367 1.276954 11.747593
368 1.276951 11.747572
369 1.276948 11.747551
370 1.276945 11.747530
371 1.276943 11.747510
372 1.276940 11.747491
373 1.276937 11.747471
374 1.276935 11.747452
375 1.276932 11.747434
376 1.276929 11.747415
377 1.276927 11.747397
378 1.276925 11.747379
379 1.276922 11.747362
380 1.276920 11.747345
381 1.276918 11.747328
382 1.276915 11.747312
383 1.276913 11.747295
384 1.276911 11.747280
385 1.276909 11.747264
386 1.276907 11.747249
387 1.276905 11.747233
388 1.276902 11.747219
389 1.276900 11.747204
390 1.276899 11.747190
391 1.276897 11.747176
392 1.276895 11.747162
393 1.276893 11.747148
394 1.276891 11.747135
395 1.276889 11.747122
396 1.276887 11.747109
397 1.276886 11.747096
398 1.276884 11.747084
399 1.276882 11.747072
400 1.276881 11.747060
401 1.276879 11.747048
402 1.276877 11.747036
403 1.276876 11.747025
404 1.276874 11.747014
405 1.276873 11.747003
406 1.276871 11.746992
407 1.276870 11.746981
408 1.276868 11.746971
409 1.276867 11.746961
410 1.276866 11.746951
411 1.276864 11.746941
412 1.276863 11.746931
413 1.276862 11.746922
414 1.276860 11.746912
415 1.276859 11.746903
416 1.276858 11.746894
417 1.276857 11.746885
418 1.276856 11.746876
419 1.276854 11.746868
420 1.276853 11.746859
421 1.276852 11.746851
422 1.276851 11.746843
423 1.276850 11.746835
424 1.276849 11.746827
425 1.276848 11.746819
426 1.276847 11.746812
427 1.276846 11.746804
428 1.276845 11.746797
429 1.276844 11.746790
430 1.276843 11.746783
431 1.276842 11.746776
432 1.276841 11.746769
433 1.276840 11.746763
434 1.276839 11.746756
435 1.276838 11.746750
436 1.276837 11.746743
437 1.276836 11.746737
438 1.276836 11.746731
439 1.276835 11.746725
440 1.276834 11.746719
441 1.276833 11.746713
442 1.276832 11.746707
443 1.276832 11.746702
444 1.276831 11.746696
445 1.276830 11.746691
446 1.276829 11.746686
447 1.276829 11.746680
448 1.276828 11.746675
449 1.276827 11.746670
450 1.276827 11.746665
451 1.276826 11.746660
452 1.276825 11.746656
453 1.276825 11.746651
454 1.276824 11.746646
455 1.276823 11.746642
456 1.276823 11.746637
457 1.276822 11.746633
458 1.276822 11.746629
459 1.276821 11.746625
460 1.276820 11.746620
461 1.276820 11.746616
462 1.276819 11.746612
463 1.276819 11.746608
464 1.276818 11.746605
465 1.276818 11.746601
466 1.276817 11.746597
467 1.276817 11.746593
468 1.276816 11.746590
469 1.276816 11.746586
470 1.276815 11.746583
471 1.276815 11.746579
472 1.276814 11.746576
473 1.276814 11.746573
474 1.276813 11.746569
475 1.276813 11.746566
476 1.276813 11.746563
477 1.276812 11.746560
478 1.276812 11.746557
479 1.276811 11.746554
480 1.276811 11.746551
481 1.276810 11.746548
482 1.276810 11.746546
483 1.276810 11.746543
484 1.276809 11.746540
485 1.276809 11.746537
486 1.276809 11.746535
487 1.276808 11.746532
488 1.276808 11.746530
489 1.276808 11.746527
490 1.276807 11.746525
491 1.276807 11.746522
492 1.276807 11.746520
493 1.276806 11.746518
494 1.276806 11.746516
495 1.276806 11.746513
496 1.276805 11.746511
497 1.276805 11.746509
498 1.276805 11.746507
499 1.276804 11.746505
