0 1.415222 11.690000
1 1.412529 11.690000
2 1.409922 11.672698
3 1.407342 11.667302
4 1.404838 11.650693
5 1.402408 11.634568
6 1.400019 11.625432
7 1.397698 11.610030
8 1.395443 11.595059
9 1.393252 11.580508
10 1.391123 11.566366
11 1.389055 11.552621
12 1.387009 11.547379
13 1.385019 11.534152
14 1.383083 11.521280
15 1.381200 11.508755
16 1.379368 11.496566
17 1.377585 11.484704
18 1.375852 11.473163
19 1.374165 11.461932
20 1.372524 11.451004
21 1.370928 11.440370
22 1.369376 11.430024
23 1.367824 11.429976
24 1.366312 11.419899
25 1.364839 11.410081
26 1.363405 11.400516
27 1.362008 11.391197
28 1.360647 11.382119
29 1.359322 11.373275
30 1.358031 11.364659
31 1.356774 11.356265
32 1.355550 11.348088
33 1.354357 11.340123
34 1.353196 11.332363
35 1.352064 11.324804
36 1.350963 11.317441
37 1.349889 11.310268
38 1.348819 11.309732
39 1.347774 11.302754
40 1.346756 11.295946
41 1.345762 11.289307
42 1.344794 11.282831
43 1.343849 11.276514
44 1.342928 11.270353
45 1.342029 11.264344
46 1.341153 11.258483
47 1.340299 11.252767
48 1.339466 11.247191
49 1.338653 11.241754
50 1.337861 11.236450
51 1.337088 11.231278
52 1.336335 11.226233
53 1.335600 11.221313
54 1.334884 11.216514
55 1.334185 11.211834
56 1.333504 11.207270
57 1.332839 11.202819
58 1.332196 11.197181
59 1.331568 11.192976
60 1.330954 11.188870
61 1.330355 11.184860
62 1.329770 11.180944
63 1.329199 11.177120
64 1.328641 11.173386
65 1.328096 11.169739
66 1.327564 11.166178
67 1.327045 11.162700
68 1.326538 11.159304
69 1.326043 11.155988
70 1.325560 11.152749
71 1.325088 11.149587
72 1.324627 11.146499
73 1.324177 11.143483
74 1.323737 11.140538
75 1.323308 11.137663
76 1.322889 11.134855
77 1.322480 11.132113
78 1.322081 11.129436
79 1.321691 11.126821
80 1.321310 11.124268
81 1.320938 11.121775
82 1.320575 11.119341
83 1.320221 11.116964
84 1.319874 11.114643
85 1.319536 11.112376
86 1.319206 11.110163
87 1.318884 11.108002
88 1.318570 11.105892
89 1.318262 11.103832
90 1.317963 11.101820
91 1.317670 11.099855
92 1.317384 11.097937
93 1.317105 11.096064
94 1.316832 11.094235
95 1.316566 11.092449
96 1.316306 11.090705
97 1.316052 11.089002
98 1.315804 11.087339
99 1.315562 11.085716
100 1.315326 11.084131
101 1.315096 11.082583
102 1.314870 11.081072
103 1.314651 11.079596
104 1.314436 11.078155
105 1.314226 11.076748
106 1.314022 11.075374
107 1.313822 11.074033
108 1.313627 11.072723
109 1.313436 11.071444
110 1.313250 11.070195
111 1.313069 11.068976
112 1.312891 11.067786
113 1.312718 11.066623
114 1.312549 11.065488
115 1.312384 11.064380
116 1.312223 11.063298
117 1.312066 11.062241
118 1.311912 11.061210
119 1.311762 11.060203
120 1.311614 11.059797
121 1.311468 11.058823
122 1.311326 11.057871
123 1.311187 11.056939
124 1.311052 11.056029
125 1.310919 11.055139
126 1.310789 11.054268
127 1.310662 11.053417
128 1.310538 11.052585
129 1.310417 11.051772
130 1.310299 11.050976
131 1.310183 11.050199
132 1.310069 11.049438
133 1.309959 11.048695
134 1.309850 11.047968
135 1.309744 11.047258
136 1.309641 11.046563
137 1.309540 11.045884
138 1.309441 11.045220
139 1.309344 11.044571
140 1.309249 11.043936
141 1.309157 11.043316
142 1.309066 11.042709
143 1.308978 11.042116
144 1.308892 11.041536
145 1.308807 11.040969
146 1.308725 11.040414
147 1.308644 11.039872
148 1.308565 11.039342
149 1.308488 11.038824
150 1.308412 11.038318
151 1.308338 11.037823
152 1.308266 11.037339
153 1.308196 11.036865
154 1.308127 11.036402
155 1.308059 11.035950
156 1.307993 11.035508
157 1.307929 11.035075
158 1.307866 11.034652
159 1.307804 11.034239
160 1.307744 11.033835
161 1.307685 11.033439
162 1.307628 11.033053
163 1.307571 11.032675
164 1.307516 11.032306
165 1.307463 11.031945
166 1.307410 11.031592
167 1.307359 11.031247
168 1.307308 11.030910
169 1.307259 11.030580
170 1.307211 11.030257
171 1.307164 11.029942
172 1.307118 11.029634
173 1.307073 11.029332
174 1.307029 11.029038
175 1.306987 11.028750
176 1.306945 11.028468
177 1.306904 11.028193
178 1.306863 11.027923
179 1.306824 11.027660
180 1.306786 11.027403
181 1.306748 11.027151
182 1.306712 11.026905
183 1.306676 11.026665
184 1.306641 11.026430
185 1.306607 11.026200
186 1.306573 11.025975
187 1.306541 11.025756
188 1.306509 11.025541
189 1.306477 11.025331
190 1.306447 11.025125
191 1.306417 11.024925
192 1.306388 11.024728
193 1.306359 11.024537
194 1.306331 11.024349
195 1.306304 11.024166
196 1.306277 11.023986
197 1.306251 11.023811
198 1.306225 11.023640
199 1.306200 11.023472
200 1.306176 11.023308
201 1.306152 11.023148
202 1.306129 11.022992
203 1.306106 11.022839
204 1.306084 11.022689
205 1.306062 11.022543
206 1.306041 11.022400
207 1.306020 11.022260
208 1.305999 11.022123
209 1.305980 11.021989
210 1.305960 11.021859
211 1.305941 11.021731
212 1.305922 11.021606
213 1.305904 11.021484
214 1.305887 11.021364
215 1.305869 11.021248
216 1.305852 11.021134
217 1.305836 11.021022
218 1.305819 11.020913
219 1.305803 11.020806
220 1.305788 11.020702
221 1.305773 11.020600
222 1.305758 11.020500
223 1.305743 11.020403
224 1.305729 11.020308
225 1.305715 11.020215
226 1.305702 11.020124
227 1.305688 11.020035
228 1.305675 11.019948
229 1.305663 11.019862
230 1.305650 11.019779
231 1.305638 11.019698
232 1.305626 11.019618
233 1.305615 11.019541
234 1.305604 11.019465
235 1.305593 11.019390
236 1.305582 11.019318
237 1.305571 11.019247
238 1.305561 11.019177
239 1.305551 11.019109
240 1.305541 11.019043
241 1.305531 11.018978
242 1.305522 11.018915
243 1.305512 11.018853
244 1.305503 11.018792
245 1.305495 11.018733
246 1.305486 11.018675
247 1.305478 11.018618
248 1.305469 11.018563
249 1.305461 11.018509
250 1.305453 11.018456
251 1.305446 11.018404
252 1.305438 11.018353
253 1.305431 11.018304
254 1.305424 11.018256
255 1.305416 11.018208
256 1.305410 11.018162
257 1.305403 11.018117
258 1.305396 11.018073
259 1.305390 11.018029
260 1.305384 11.017987
261 1.305377 11.017946
262 1.305371 11.017906
263 1.305366 11.017866
264 1.305360 11.017827
265 1.305354 11.017790
266 1.305349 11.017753
267 1.305343 11.017717
268 1.305338 11.017682
269 1.305333 11.017647
270 1.305328 11.017613
271 1.305323 11.017580
272 1.305318 11.017548
273 1.305313 11.017517
274 1.305309 11.017486
275 1.305304 11.017456
276 1.305300 11.017426
277 1.305296 11.017398
278 1.305292 11.017370
279 1.305287 11.017342
280 1.305283 11.017315
281 1.305280 11.017289
282 1.305276 11.017263
283 1.305272 11.017238
284 1.305268 11.017214
285 1.305265 11.017190
286 1.305261 11.017166
287 1.305258 11.017143
288 1.305254 11.017121
289 1.305251 11.017099
290 1.305248 11.017077
291 1.305245 11.017056
292 1.305242 11.017036
293 1.305239 11.017016
294 1.305236 11.016996
295 1.305233 11.016977
296 1.305230 11.016958
297 1.305228 11.016940
298 1.305225 11.016922
299 1.305222 11.016905
300 1.305220 11.016887
301 1.305217 11.016871
302 1.305215 11.016854
303 1.305212 11.016838
304 1.305210 11.016823
305 1.305208 11.016808
306 1.305206 11.016793
307 1.305203 11.016778
308 1.305201 11.016764
309 1.305199 11.016750
310 1.305197 11.016736
311 1.305195 11.016723
312 1.305193 11.016710
313 1.305191 11.016697
314 1.305190 11.016684
315 1.305188 11.016672
316 1.305186 11.016660
317 1.305184 11.016649
318 1.305183 11.016637
319 1.305181 11.016626
320 1.305179 11.016615
321 1.305178 11.016605
322 1.305176 11.016594
323 1.305175 11.016584
324 1.305173 11.016574
325 1.305172 11.016564
326 1.305170 11.016555
327 1.305169 11.016546
328 1.305167 11.016536
329 1.305166 11.016528
330 1.305165 11.016519
331 1.305164 11.016510
332 1.305162 11.016502
333 1.305161 11.016494
334 1.305160 11.016486
335 1.305159 11.016478
336 1.305158 11.016471
337 1.305157 11.016463
338 1.305156 11.016456
339 1.305154 11.016449
340 1.305153 11.016442
341 1.305152 11.016435
342 1.305151 11.016429
343 1.305150 11.016422
344 1.305150 11.016416
345 1.305149 11.016410
346 1.305148 11.016404
347 1.305147 11.016398
348 1.305146 11.016392
349 1.305145 11.016386
350 1.305144 11.016381
351 1.305143 11.016375
352 1.305143 11.016370
353 1.305142 11.016365
354 1.305141 11.016360
355 1.305140 11.016355
356 1.305140 11.016350
357 1.305139 11.016345
358 1.305138 11.016341
359 1.305138 11.016336
360 1.305137 11.016332
361 1.305136 11.016327
362 1.305136 11.016323
363 1.305135 11.016319
364 1.305135 11.016315
365 1.305134 11.016311
366 1.305133 11.016307
367 1.305133 11.016304
368 1.305132 11.016300
369 1.305132 11.016296
370 1.305131 11.016293
371 1.305131 11.016289
372 1.305130 11.016286
373 1.305130 11.016283
374 1.305129 11.016279
375 1.305129 11.016276
376 1.305128 11.016273
377 1.305128 11.016270
378 1.305127 11.016267
379 1.305127 11.016264
380 1.305127 11.016262
381 1.305126 11.016259
382 1.305126 11.016256
383 1.305125 11.016254
384 1.305125 11.016251
385 1.305125 11.016248
386 1.305124 11.016246
387 1.305124 11.016244
388 1.305124 11.016241
389 1.305123 11.016239
390 1.305123 11.016237
391 1.305123 11.016235
392 1.305122 11.016232
393 1.305122 11.016230
394 1.305122 11.016228
395 1.305121 11.016226
396 1.305121 11.016224
397 1.305121 11.016222
398 1.305120 11.016221
399 1.305120 11.016219
400 1.305120 11.016217
401 1.305120 11.016215
402 1.305119 11.016213
403 1.305119 11.016212
404 1.305119 11.016210
405 1.305119 11.016209
406 1.305118 11.016207
407 1.305118 11.016205
408 1.305118 11.016204
409 1.305118 11.016203
410 1.305118 11.016201
411 1.305117 11.016200
412 1.305117 11.016198
413 1.305117 11.016197
414 1.305117 11.016196
415 1.305117 11.016194
416 1.305116 11.016193
417 1.305116 11.016192
418 1.305116 11.016191
419 1.305116 11.016190
420 1.305116 11.016189
421 1.305116 11.016187
422 1.305115 11.016186
423 1.305115 11.016185
424 1.305115 11.016184
425 1.305115 11.016183
426 1.305115 11.016182
427 1.305115 11.016181
428 1.305114 11.016180
429 1.305114 11.016179
430 1.305114 11.016178
431 1.305114 11.016178
432 1.305114 11.016177
433 1.305114 11.016176
434 1.305114 11.016175
435 1.305114 11.016174
436 1.305113 11.016173
437 1.305113 11.016173
438 1.305113 11.016172
439 1.305113 11.016171
440 1.305113 11.016170
441 1.305113 11.016170
442 1.305113 11.016169
443 1.305113 11.016168
444 1.305113 11.016168
445 1.305112 11.016167
446 1.305112 11.016166
447 1.305112 11.016166
448 1.305112 11.016165
449 1.305112 11.016165
450 1.305112 11.016164
451 1.305112 11.016163
452 1.305112 11.016163
453 1.305112 11.016162
454 1.305112 11.016162
455 1.305112 11.016161
456 1.305112 11.016161
457 1.305111 11.016160
458 1.305111 11.016160
459 1.305111 11.016159
460 1.305111 11.016159
461 1.305111 11.016158
462 1.305111 11.016158
463 1.305111 11.016158
464 1.305111 11.016157
465 1.305111 11.016157
466 1.305111 11.016156
467 1.305111 11.016156
468 1.305111 11.016156
469 1.305111 11.016155
470 1.305111 11.016155
471 1.305111 11.016154
472 1.305111 11.016154
473 1.305111 11.016154
474 1.305110 11.016153
475 1.305110 11.016153
476 1.305110 11.016153
477 1.305110 11.016152
478 1.305110 11.016152
479 1.305110 11.016152
480 1.305110 11.016152
481 1.305110 11.016151
482 1.305110 11.016151
483 1.305110 11.016151
484 1.305110 11.016150
485 1.305110 11.016150
486 1.305110 11.016150
487 1.305110 11.016150
488 1.305110 11.016149
489 1.305110 11.016149
490 1.305110 11.016149
491 1.305110 11.016149
492 1.305110 11.016149
493 1.305110 11.016148
494 1.305110 11.016148
495 1.305110 11.016148
496 1.305110 11.016148
497 1.305110 11.016147
498 1.305110 11.016147
499 1.305110 11.016147
