0 0.353804 3.670000
1 0.352760 3.670000
2 0.351745 3.661580
3 0.350757 3.653383
4 0.349791 3.646617
5 0.348850 3.638806
6 0.347932 3.631189
7 0.347038 3.623760
8 0.346166 3.616515
9 0.345334 3.603485
10 0.344521 3.596746
11 0.343728 3.590162
12 0.342953 3.583729
13 0.342196 3.577445
14 0.341457 3.571305
15 0.340725 3.568695
16 0.340010 3.562748
17 0.339310 3.556928
18 0.338625 3.551232
19 0.337955 3.545657
20 0.337300 3.540202
21 0.336659 3.534863
22 0.336043 3.525137
23 0.335439 3.520120
24 0.334848 3.515202
25 0.334268 3.510380
26 0.333700 3.505653
27 0.333143 3.501019
28 0.332598 3.496476
29 0.332063 3.492022
30 0.331539 3.487656
31 0.331026 3.483376
32 0.330522 3.479180
33 0.330029 3.475067
34 0.329546 3.471035
35 0.329073 3.467083
36 0.328609 3.463209
37 0.328154 3.459412
38 0.327709 3.455689
39 0.327272 3.452041
40 0.326845 3.448464
41 0.326425 3.444959
42 0.326015 3.441523
43 0.325612 3.438155
44 0.325218 3.434854
45 0.324832 3.431619
46 0.324453 3.428448
47 0.324082 3.425340
48 0.323719 3.422294
49 0.323362 3.419308
50 0.323013 3.416382
51 0.322672 3.413515
52 0.322336 3.410704
53 0.322005 3.409296
54 0.321679 3.406567
55 0.321359 3.403887
56 0.321046 3.401256
57 0.320738 3.398673
58 0.320435 3.396136
59 0.320138 3.393646
60 0.319847 3.391201
61 0.319561 3.388800
62 0.319280 3.386443
63 0.319005 3.384129
64 0.318734 3.381857
65 0.318468 3.379626
66 0.318208 3.377436
67 0.317952 3.375285
68 0.317701 3.373174
69 0.317454 3.371101
70 0.317212 3.369067
71 0.316974 3.367069
72 0.316741 3.365107
73 0.316512 3.363182
74 0.316288 3.361291
75 0.316067 3.359435
76 0.315851 3.357613
77 0.315638 3.355825
78 0.315430 3.354069
79 0.315225 3.352345
80 0.315024 3.350652
81 0.314827 3.348991
82 0.314633 3.347360
83 0.314443 3.345758
84 0.314256 3.344187
85 0.314073 3.342643
86 0.313894 3.341129
87 0.313717 3.339641
88 0.313544 3.338182
89 0.313374 3.336748
90 0.313207 3.335342
91 0.313043 3.333961
92 0.312883 3.332605
93 0.312725 3.331274
94 0.312570 3.329968
95 0.312418 3.328685
96 0.312269 3.327426
97 0.312123 3.326191
98 0.311979 3.324978
99 0.311838 3.323787
100 0.311699 3.322618
101 0.311563 3.321471
102 0.311430 3.320344
103 0.311298 3.319656
104 0.311168 3.318562
105 0.311041 3.317486
106 0.310915 3.316428
107 0.310792 3.315388
108 0.310671 3.314365
109 0.310551 3.313359
110 0.310434 3.312369
111 0.310319 3.311396
112 0.310205 3.310439
113 0.310094 3.309497
114 0.309984 3.308571
115 0.309876 3.307661
116 0.309770 3.306766
117 0.309666 3.305885
118 0.309563 3.305019
119 0.309462 3.304168
120 0.309363 3.303330
121 0.309265 3.302507
122 0.309170 3.301697
123 0.309075 3.300900
124 0.308982 3.300117
125 0.308891 3.299347
126 0.308802 3.298589
127 0.308713 3.297844
128 0.308627 3.297112
129 0.308541 3.296391
130 0.308457 3.295683
131 0.308375 3.294986
132 0.308294 3.294301
133 0.308214 3.293627
134 0.308136 3.292965
135 0.308059 3.292313
136 0.307983 3.291672
137 0.307908 3.291042
138 0.307835 3.290422
139 0.307763 3.289813
140 0.307692 3.289214
141 0.307622 3.288624
142 0.307554 3.288045
143 0.307486 3.287475
144 0.307420 3.286915
145 0.307355 3.286364
146 0.307291 3.285822
147 0.307228 3.285289
148 0.307166 3.284765
149 0.307105 3.284249
150 0.307045 3.283742
151 0.306986 3.283244
152 0.306928 3.282754
153 0.306871 3.282272
154 0.306815 3.281798
155 0.306760 3.281332
156 0.306706 3.280874
157 0.306653 3.280423
158 0.306600 3.279980
159 0.306549 3.279544
160 0.306498 3.279116
161 0.306448 3.278694
162 0.306399 3.278280
163 0.306351 3.277873
164 0.306304 3.277472
165 0.306257 3.277078
166 0.306211 3.276690
167 0.306166 3.276309
168 0.306122 3.275935
169 0.306079 3.275566
170 0.306036 3.275204
171 0.305994 3.274848
172 0.305952 3.274498
173 0.305912 3.274153
174 0.305872 3.273814
175 0.305832 3.273481
176 0.305793 3.273154
177 0.305755 3.272832
178 0.305718 3.272515
179 0.305681 3.272203
180 0.305645 3.271897
181 0.305609 3.271596
182 0.305574 3.271300
183 0.305540 3.271009
184 0.305506 3.270722
185 0.305473 3.270441
186 0.305440 3.270164
187 0.305408 3.269891
188 0.305377 3.269624
189 0.305345 3.269360
190 0.305315 3.269102
191 0.305285 3.268847
192 0.305255 3.268597
193 0.305226 3.268351
194 0.305198 3.268108
195 0.305170 3.267870
196 0.305142 3.267636
197 0.305115 3.267406
198 0.305088 3.267180
199 0.305062 3.266957
200 0.305036 3.266739
201 0.305010 3.266523
202 0.304986 3.266312
203 0.304961 3.266104
204 0.304937 3.265899
205 0.304913 3.265698
206 0.304890 3.265500
207 0.304867 3.265306
208 0.304844 3.265115
209 0.304822 3.264927
210 0.304800 3.264742
211 0.304779 3.264560
212 0.304758 3.264381
213 0.304737 3.264205
214 0.304716 3.264032
215 0.304696 3.263862
216 0.304677 3.263695
217 0.304657 3.263531
218 0.304638 3.263369
219 0.304619 3.263210
220 0.304601 3.263054
221 0.304583 3.262900
222 0.304565 3.262749
223 0.304547 3.262600
224 0.304530 3.262454
225 0.304513 3.262311
226 0.304497 3.262169
227 0.304480 3.262030
228 0.304464 3.261894
229 0.304448 3.261759
230 0.304433 3.261627
231 0.304417 3.261498
232 0.304402 3.261370
233 0.304387 3.261244
234 0.304373 3.261121
235 0.304358 3.260999
236 0.304344 3.260880
237 0.304331 3.260763
238 0.304317 3.260647
239 0.304304 3.260534
240 0.304290 3.260422
241 0.304277 3.260312
242 0.304265 3.260204
243 0.304252 3.260098
244 0.304240 3.259994
245 0.304228 3.259891
246 0.304216 3.259790
247 0.304204 3.259691
248 0.304193 3.259594
249 0.304181 3.259498
250 0.304170 3.259404
251 0.304159 3.259311
252 0.304148 3.259220
253 0.304138 3.259130
254 0.304128 3.259042
255 0.304117 3.258955
256 0.304107 3.258870
257 0.304097 3.258786
258 0.304088 3.258704
259 0.304078 3.258623
260 0.304069 3.258543
261 0.304059 3.258464
262 0.304050 3.258387
263 0.304041 3.258312
264 0.304033 3.258237
265 0.304024 3.258164
266 0.304015 3.258092
267 0.304007 3.258021
268 0.303999 3.257951
269 0.303991 3.257883
270 0.303983 3.257816
271 0.303975 3.257749
272 0.303967 3.257684
273 0.303960 3.257620
274 0.303952 3.257557
275 0.303945 3.257495
276 0.303938 3.257435
277 0.303931 3.257375
278 0.303924 3.257316
279 0.303917 3.257258
280 0.303910 3.257201
281 0.303904 3.257145
282 0.303897 3.257090
283 0.303891 3.257036
284 0.303885 3.256983
285 0.303878 3.256931
286 0.303872 3.256879
287 0.303866 3.256829
288 0.303861 3.256779
289 0.303855 3.256730
290 0.303849 3.256682
291 0.303844 3.256635
292 0.303838 3.256588
293 0.303833 3.256542
294 0.303827 3.256497
295 0.303822 3.256453
296 0.303817 3.256410
297 0.303812 3.256367
298 0.303807 3.256325
299 0.303802 3.256284
300 0.303797 3.256243
301 0.303793 3.256203
302 0.303788 3.256164
303 0.303783 3.256125
304 0.303779 3.256087
305 0.303775 3.256050
306 0.303770 3.256013
307 0.303766 3.255977
308 0.303762 3.255942
309 0.303758 3.255907
310 0.303754 3.255873
311 0.303750 3.255839
312 0.303746 3.255806
313 0.303742 3.255773
314 0.303738 3.255741
315 0.303734 3.255709
316 0.303731 3.255678
317 0.303727 3.255648
318 0.303724 3.255618
319 0.303720 3.255588
320 0.303717 3.255559
321 0.303713 3.255531
322 0.303710 3.255503
323 0.303707 3.255475
324 0.303704 3.255448
325 0.303700 3.255421
326 0.303697 3.255395
327 0.303694 3.255369
328 0.303691 3.255344
329 0.303688 3.255319
330 0.303686 3.255295
331 0.303683 3.255271
332 0.303680 3.255247
333 0.303677 3.255224
334 0.303674 3.255201
335 0.303672 3.255178
336 0.303669 3.255156
337 0.303667 3.255134
338 0.303664 3.255113
339 0.303662 3.255092
340 0.303659 3.255071
341 0.303657 3.255051
342 0.303654 3.255031
343 0.303652 3.255011
344 0.303650 3.254992
345 0.303648 3.254973
346 0.303645 3.254954
347 0.303643 3.254936
348 0.303641 3.254918
349 0.303639 3.254900
350 0.303637 3.254882
351 0.303635 3.254865
352 0.303633 3.254848
353 0.303631 3.254832
354 0.303629 3.254815
355 0.303627 3.254799
356 0.303625 3.254783
357 0.303623 3.254768
358 0.303622 3.254752
359 0.303620 3.254737
360 0.303618 3.254723
361 0.303616 3.254708
362 0.303615 3.254694
363 0.303613 3.254680
364 0.303611 3.254666
365 0.303610 3.254652
366 0.303608 3.254639
367 0.303607 3.254626
368 0.303605 3.254613
369 0.303604 3.254600
370 0.303602 3.254588
371 0.303601 3.254576
372 0.303599 3.254563
373 0.303598 3.254552
374 0.303597 3.254540
375 0.303595 3.254528
376 0.303594 3.254517
377 0.303593 3.254506
378 0.303591 3.254495
379 0.303590 3.254484
380 0.303589 3.254474
381 0.303587 3.254464
382 0.303586 3.254453
383 0.303585 3.254443
384 0.303584 3.254433
385 0.303583 3.254424
386 0.303582 3.254414
387 0.303581 3.254405
388 0.303579 3.254396
389 0.303578 3.254387
390 0.303577 3.254378
391 0.303576 3.254369
392 0.303575 3.254360
393 0.303574 3.254352
394 0.303573 3.254343
395 0.303572 3.254335
396 0.303571 3.254327
397 0.303570 3.254319
398 0.303570 3.254312
399 0.303569 3.254304
400 0.303568 3.254296
401 0.303567 3.254289
402 0.303566 3.254282
403 0.303565 3.254275
404 0.303564 3.254267
405 0.303564 3.254261
406 0.303563 3.254254
407 0.303562 3.254247
408 0.303561 3.254240
409 0.303560 3.254234
410 0.303560 3.254228
411 0.303559 3.254221
412 0.303558 3.254215
413 0.303557 3.254209
414 0.303557 3.254203
415 0.303556 3.254197
416 0.303555 3.254192
417 0.303555 3.254186
418 0.303554 3.254180
419 0.303553 3.254175
420 0.303553 3.254170
421 0.303552 3.254164
422 0.303552 3.254159
423 0.303551 3.254154
424 0.303550 3.254149
425 0.303550 3.254144
426 0.303549 3.254139
427 0.303549 3.254134
428 0.303548 3.254130
429 0.303548 3.254125
430 0.303547 3.254121
431 0.303547 3.254116
432 0.303546 3.254112
433 0.303545 3.254107
434 0.303545 3.254103
435 0.303545 3.254099
436 0.303544 3.254095
437 0.303544 3.254091
438 0.303543 3.254087
439 0.303543 3.254083
440 0.303542 3.254079
441 0.303542 3.254075
442 0.303541 3.254072
443 0.303541 3.254068
444 0.303540 3.254064
445 0.303540 3.254061
446 0.303540 3.254057
447 0.303539 3.254054
448 0.303539 3.254051
449 0.303538 3.254047
450 0.303538 3.254044
451 0.303538 3.254041
452 0.303537 3.254038
453 0.303537 3.254035
454 0.303537 3.254032
455 0.303536 3.254029
456 0.303536 3.254026
457 0.303536 3.254023
458 0.303535 3.254020
459 0.303535 3.254017
460 0.303535 3.254015
461 0.303534 3.254012
462 0.303534 3.254009
463 0.303534 3.254007
464 0.303533 3.254004
465 0.303533 3.254002
466 0.303533 3.253999
467 0.303532 3.253997
468 0.303532 3.253994
469 0.303532 3.253992
470 0.303532 3.253990
471 0.303531 3.253987
472 0.303531 3.253985
473 0.303531 3.253983
474 0.303531 3.253981
475 0.303530 3.253979
476 0.303530 3.253976
477 0.303530 3.253974
478 0.303530 3.253972
479 0.303529 3.253970
480 0.303529 3.253968
481 0.303529 3.253967
482 0.303529 3.253965
483 0.303528 3.253963
484 0.303528 3.253961
485 0.303528 3.253959
486 0.303528 3.253957
487 0.303528 3.253956
488 0.303527 3.253954
489 0.303527 3.253952
490 0.303527 3.253951
491 0.303527 3.253949
492 0.303527 3.253947
493 0.303526 3.253946
494 0.303526 3.253944
495 0.303526 3.253943
496 0.303526 3.253941
497 0.303526 3.253940
498 0.303526 3.253938
499 0.303525 3.253937
