0 0.561221 4.760000
1 0.560092 4.760000
2 0.558986 4.752549
3 0.557897 4.747451
4 0.556830 4.740255
5 0.555764 4.739745
6 0.554718 4.732689
7 0.553693 4.725764
8 0.552687 4.718968
9 0.551700 4.712300
10 0.550732 4.705756
11 0.549782 4.699334
12 0.548851 4.693033
13 0.547938 4.686850
14 0.547042 4.680783
15 0.546163 4.674830
16 0.545311 4.665170
17 0.544474 4.659511
18 0.543653 4.653951
19 0.542846 4.648489
20 0.542054 4.643124
21 0.541276 4.637854
22 0.540512 4.632676
23 0.539762 4.627324
24 0.539025 4.622330
25 0.538300 4.617419
26 0.537587 4.612589
27 0.536886 4.607839
28 0.536198 4.603168
29 0.535520 4.598575
30 0.534855 4.594057
31 0.534200 4.589615
32 0.533557 4.585247
33 0.532924 4.580951
34 0.532302 4.576726
35 0.531691 4.572572
36 0.531090 4.568487
37 0.530499 4.564470
38 0.529918 4.560520
39 0.529339 4.559480
40 0.528770 4.555609
41 0.528210 4.551799
42 0.527658 4.548048
43 0.527116 4.544355
44 0.526581 4.540719
45 0.526056 4.537140
46 0.525538 4.533617
47 0.525029 4.530148
48 0.524528 4.526734
49 0.524034 4.523372
50 0.523549 4.520063
51 0.523071 4.516806
52 0.522601 4.513600
53 0.522138 4.510443
54 0.521682 4.507336
55 0.521234 4.504277
56 0.520793 4.501266
57 0.520358 4.498303
58 0.519931 4.495385
59 0.519510 4.492513
60 0.519096 4.489686
61 0.518689 4.486904
62 0.518288 4.484165
63 0.517893 4.481468
64 0.517505 4.478532
65 0.517123 4.475922
66 0.516746 4.473351
67 0.516375 4.470816
68 0.516010 4.468319
69 0.515649 4.465858
70 0.515294 4.463432
71 0.514944 4.461042
72 0.514600 4.458686
73 0.514260 4.456365
74 0.513925 4.454077
75 0.513596 4.451823
76 0.513271 4.449602
77 0.512951 4.447412
78 0.512635 4.445255
79 0.512325 4.443129
80 0.512018 4.441034
81 0.511717 4.438970
82 0.511419 4.436935
83 0.511127 4.434931
84 0.510838 4.432955
85 0.510554 4.431008
86 0.510273 4.429090
87 0.509997 4.427200
88 0.509725 4.425337
89 0.509458 4.423502
90 0.509193 4.421693
91 0.508933 4.419910
92 0.508677 4.418154
93 0.508424 4.416424
94 0.508176 4.414718
95 0.507931 4.413038
96 0.507689 4.411382
97 0.507453 4.408618
98 0.507221 4.407026
99 0.506991 4.405455
100 0.506765 4.403905
101 0.506542 4.402376
102 0.506321 4.400868
103 0.506104 4.399380
104 0.505890 4.397911
105 0.505679 4.396463
106 0.505470 4.395034
107 0.505264 4.393625
108 0.505061 4.392234
109 0.504861 4.390862
110 0.504664 4.389509
111 0.504469 4.388174
112 0.504277 4.386857
113 0.504087 4.385557
114 0.503901 4.384275
115 0.503716 4.383011
116 0.503534 4.381763
117 0.503355 4.380532
118 0.503178 4.379318
119 0.503003 4.378120
120 0.502831 4.376939
121 0.502661 4.375773
122 0.502493 4.374623
123 0.502328 4.373489
124 0.502165 4.372370
125 0.502004 4.371266
126 0.501846 4.370177
127 0.501689 4.369102
128 0.501535 4.368043
129 0.501382 4.366997
130 0.501232 4.365966
131 0.501084 4.364948
132 0.500938 4.363945
133 0.500794 4.362954
134 0.500651 4.361978
135 0.500511 4.361014
136 0.500373 4.360064
137 0.500236 4.359126
138 0.500102 4.358201
139 0.499969 4.357289
140 0.499838 4.356389
141 0.499708 4.355501
142 0.499581 4.354625
143 0.499455 4.353761
144 0.499331 4.352908
145 0.499209 4.352068
146 0.499088 4.351238
147 0.498969 4.350420
148 0.498852 4.349613
149 0.498736 4.348817
150 0.498622 4.348031
151 0.498509 4.347257
152 0.498398 4.346492
153 0.498288 4.345738
154 0.498180 4.344995
155 0.498073 4.344261
156 0.497968 4.343537
157 0.497864 4.342824
158 0.497762 4.342119
159 0.497661 4.341425
160 0.497561 4.340740
161 0.497463 4.340064
162 0.497366 4.339397
163 0.497270 4.338739
164 0.497176 4.338090
165 0.497083 4.337450
166 0.496991 4.336819
167 0.496901 4.336196
168 0.496811 4.335582
169 0.496723 4.334976
170 0.496636 4.334378
171 0.496551 4.333789
172 0.496466 4.333207
173 0.496383 4.332633
174 0.496301 4.332067
175 0.496219 4.331509
176 0.496139 4.330958
177 0.496060 4.330415
178 0.495983 4.329879
179 0.495906 4.329351
180 0.495830 4.328830
181 0.495755 4.328315
182 0.495682 4.327808
183 0.495609 4.327308
184 0.495537 4.326814
185 0.495467 4.326327
186 0.495397 4.325847
187 0.495328 4.325373
188 0.495260 4.324906
189 0.495193 4.324445
190 0.495127 4.323990
191 0.495062 4.323541
192 0.494998 4.323099
193 0.494934 4.322662
194 0.494872 4.322232
195 0.494810 4.321807
196 0.494749 4.321388
197 0.494689 4.320975
198 0.494630 4.320568
199 0.494572 4.320166
200 0.494514 4.319769
201 0.494457 4.319378
202 0.494401 4.318992
203 0.494346 4.318612
204 0.494292 4.318236
205 0.494238 4.317866
206 0.494185 4.317501
207 0.494132 4.317140
208 0.494081 4.316785
209 0.494030 4.316434
210 0.493980 4.316088
211 0.493930 4.315747
212 0.493881 4.315411
213 0.493833 4.315079
214 0.493786 4.314752
215 0.493739 4.314429
216 0.493693 4.314110
217 0.493647 4.313796
218 0.493602 4.313486
219 0.493558 4.313180
220 0.493514 4.312879
221 0.493471 4.312582
222 0.493428 4.312288
223 0.493386 4.311999
224 0.493345 4.311713
225 0.493304 4.311432
226 0.493264 4.311154
227 0.493224 4.310880
228 0.493185 4.310610
229 0.493146 4.310343
230 0.493108 4.310080
231 0.493070 4.309821
232 0.493033 4.309565
233 0.492996 4.309313
234 0.492960 4.309064
235 0.492925 4.308819
236 0.492890 4.308576
237 0.492855 4.308338
238 0.492821 4.308102
239 0.492787 4.307870
240 0.492754 4.307640
241 0.492721 4.307414
242 0.492689 4.307191
243 0.492657 4.306971
244 0.492625 4.306754
245 0.492594 4.306540
246 0.492564 4.306329
247 0.492533 4.306121
248 0.492504 4.305916
249 0.492474 4.305713
250 0.492445 4.305513
251 0.492417 4.305316
252 0.492388 4.305122
253 0.492361 4.304930
254 0.492333 4.304741
255 0.492306 4.304554
256 0.492279 4.304370
257 0.492253 4.304188
258 0.492227 4.304009
259 0.492201 4.303833
260 0.492176 4.303658
261 0.492151 4.303487
262 0.492127 4.303317
263 0.492102 4.303150
264 0.492079 4.302985
265 0.492055 4.302822
266 0.492032 4.302662
267 0.492009 4.302504
268 0.491986 4.302347
269 0.491964 4.302193
270 0.491942 4.302042
271 0.491920 4.301892
272 0.491899 4.301744
273 0.491877 4.301598
274 0.491857 4.301454
275 0.491836 4.301313
276 0.491816 4.301173
277 0.491796 4.301035
278 0.491776 4.300899
279 0.491756 4.300764
280 0.491737 4.300632
281 0.491718 4.300501
282 0.491700 4.300373
283 0.491681 4.300246
284 0.491663 4.300120
285 0.491645 4.299880
286 0.491628 4.299759
287 0.491611 4.299640
288 0.491594 4.299523
289 0.491577 4.299407
290 0.491560 4.299292
291 0.491544 4.299179
292 0.491527 4.299067
293 0.491511 4.298957
294 0.491496 4.298848
295 0.491480 4.298740
296 0.491464 4.298634
297 0.491449 4.298529
298 0.491434 4.298425
299 0.491419 4.298323
300 0.491405 4.298222
301 0.491390 4.298122
302 0.491376 4.298023
303 0.491362 4.297926
304 0.491348 4.297830
305 0.491334 4.297735
306 0.491320 4.297641
307 0.491307 4.297548
308 0.491294 4.297457
309 0.491281 4.297367
310 0.491268 4.297277
311 0.491255 4.297189
312 0.491242 4.297102
313 0.491230 4.297016
314 0.491217 4.296931
315 0.491205 4.296848
316 0.491193 4.296765
317 0.491181 4.296683
318 0.491170 4.296602
319 0.491158 4.296523
320 0.491147 4.296444
321 0.491135 4.296366
322 0.491124 4.296290
323 0.491113 4.296214
324 0.491102 4.296139
325 0.491092 4.296065
326 0.491081 4.295992
327 0.491071 4.295920
328 0.491060 4.295849
329 0.491050 4.295778
330 0.491040 4.295709
331 0.491030 4.295640
332 0.491020 4.295573
333 0.491010 4.295506
334 0.491001 4.295440
335 0.490991 4.295375
336 0.490982 4.295310
337 0.490973 4.295246
338 0.490964 4.295184
339 0.490955 4.295122
340 0.490946 4.295060
341 0.490937 4.295000
342 0.490928 4.294940
343 0.490920 4.294881
344 0.490911 4.294823
345 0.490903 4.294765
346 0.490895 4.294708
347 0.490887 4.294652
348 0.490879 4.294597
349 0.490871 4.294542
350 0.490863 4.294488
351 0.490855 4.294435
352 0.490847 4.294382
353 0.490840 4.294330
354 0.490832 4.294279
355 0.490825 4.294228
356 0.490818 4.294178
357 0.490810 4.294128
358 0.490803 4.294079
359 0.490796 4.294031
360 0.490789 4.293983
361 0.490783 4.293936
362 0.490776 4.293890
363 0.490769 4.293844
364 0.490763 4.293798
365 0.490756 4.293754
366 0.490750 4.293709
367 0.490743 4.293666
368 0.490737 4.293623
369 0.490731 4.293580
370 0.490725 4.293538
371 0.490719 4.293496
372 0.490713 4.293455
373 0.490707 4.293415
374 0.490701 4.293375
375 0.490695 4.293335
376 0.490690 4.293296
377 0.490684 4.293258
378 0.490679 4.293220
379 0.490673 4.293182
380 0.490668 4.293145
381 0.490662 4.293108
382 0.490657 4.293072
383 0.490652 4.293037
384 0.490647 4.293001
385 0.490642 4.292966
386 0.490637 4.292932
387 0.490632 4.292898
388 0.490627 4.292864
389 0.490622 4.292831
390 0.490618 4.292798
391 0.490613 4.292766
392 0.490608 4.292734
393 0.490604 4.292703
394 0.490599 4.292672
395 0.490595 4.292641
396 0.490590 4.292610
397 0.490586 4.292580
398 0.490582 4.292551
399 0.490577 4.292522
400 0.490573 4.292493
401 0.490569 4.292464
402 0.490565 4.292436
403 0.490561 4.292408
404 0.490557 4.292381
405 0.490553 4.292354
406 0.490549 4.292327
407 0.490545 4.292300
408 0.490541 4.292274
409 0.490538 4.292248
410 0.490534 4.292223
411 0.490530 4.292198
412 0.490527 4.292173
413 0.490523 4.292148
414 0.490520 4.292124
415 0.490516 4.292100
416 0.490513 4.292077
417 0.490509 4.292053
418 0.490506 4.292030
419 0.490503 4.292007
420 0.490499 4.291985
421 0.490496 4.291963
422 0.490493 4.291941
423 0.490490 4.291919
424 0.490487 4.291898
425 0.490484 4.291877
426 0.490481 4.291856
427 0.490478 4.291835
428 0.490475 4.291815
429 0.490472 4.291795
430 0.490469 4.291775
431 0.490466 4.291755
432 0.490463 4.291736
433 0.490461 4.291717
434 0.490458 4.291698
435 0.490455 4.291679
436 0.490452 4.291661
437 0.490450 4.291643
438 0.490447 4.291625
439 0.490445 4.291607
440 0.490442 4.291590
441 0.490440 4.291572
442 0.490437 4.291555
443 0.490435 4.291539
444 0.490432 4.291522
445 0.490430 4.291505
446 0.490428 4.291489
447 0.490425 4.291473
448 0.490423 4.291457
449 0.490421 4.291442
450 0.490418 4.291426
451 0.490416 4.291411
452 0.490414 4.291396
453 0.490412 4.291381
454 0.490410 4.291366
455 0.490408 4.291352
456 0.490406 4.291338
457 0.490403 4.291324
458 0.490401 4.291310
459 0.490399 4.291296
460 0.490397 4.291282
461 0.490396 4.291269
462 0.490394 4.291255
463 0.490392 4.291242
464 0.490390 4.291229
465 0.490388 4.291217
466 0.490386 4.291204
467 0.490384 4.291192
468 0.490383 4.291179
469 0.490381 4.291167
470 0.490379 4.291155
471 0.490377 4.291143
472 0.490376 4.291131
473 0.490374 4.291120
474 0.490372 4.291108
475 0.490371 4.291097
476 0.490369 4.291086
477 0.490367 4.291075
478 0.490366 4.291064
479 0.490364 4.291053
480 0.490363 4.291043
481 0.490361 4.291032
482 0.490360 4.291022
483 0.490358 4.291012
484 0.490357 4.291002
485 0.490355 4.290992
486 0.490354 4.290982
487 0.490353 4.290972
488 0.490351 4.290963
489 0.490350 4.290953
490 0.490348 4.290944
491 0.490347 4.290935
492 0.490346 4.290926
493 0.490344 4.290917
494 0.490343 4.290908
495 0.490342 4.290899
496 0.490341 4.290890
497 0.490339 4.290882
498 0.490338 4.290873
499 0.490337 4.290865
