0 0.384989 4.550000
1 0.383640 4.550000
2 0.382351 4.537598
3 0.381119 4.525740
4 0.379942 4.514260
5 0.378814 4.503413
6 0.377717 4.496587
7 0.376664 4.486459
8 0.375653 4.476730
9 0.374699 4.463270
10 0.373782 4.454454
11 0.372899 4.445967
12 0.372063 4.434033
13 0.371257 4.426304
14 0.370498 4.413696
15 0.369764 4.406677
16 0.369076 4.393323
17 0.368410 4.386969
18 0.367764 4.380810
19 0.367124 4.379190
20 0.366502 4.373259
21 0.365898 4.367495
22 0.365311 4.361894
23 0.364741 4.356452
24 0.364187 4.351165
25 0.363640 4.348835
26 0.363108 4.343757
27 0.362589 4.338811
28 0.362085 4.333994
29 0.361594 4.329303
30 0.361115 4.324735
31 0.360650 4.320286
32 0.360197 4.315954
33 0.359755 4.311735
34 0.359326 4.307627
35 0.358908 4.303627
36 0.358501 4.299731
37 0.358104 4.295938
38 0.357718 4.292244
39 0.357343 4.288648
40 0.356977 4.285146
41 0.356621 4.281736
42 0.356275 4.278416
43 0.355938 4.275183
44 0.355609 4.272036
45 0.355290 4.268971
46 0.354979 4.265987
47 0.354676 4.263082
48 0.354381 4.260253
49 0.354094 4.257499
50 0.353815 4.254818
51 0.353543 4.252208
52 0.353278 4.249666
53 0.353021 4.247192
54 0.352770 4.244783
55 0.352526 4.242438
56 0.352288 4.240155
57 0.352052 4.239845
58 0.351821 4.237629
59 0.351595 4.235466
60 0.351375 4.233356
61 0.351161 4.231296
62 0.350951 4.229287
63 0.350747 4.227326
64 0.350548 4.225412
65 0.350353 4.223545
66 0.350164 4.221723
67 0.349979 4.219945
68 0.349798 4.218210
69 0.349622 4.216517
70 0.349450 4.214865
71 0.349282 4.213253
72 0.349119 4.211680
73 0.348959 4.210145
74 0.348803 4.208647
75 0.348651 4.207186
76 0.348503 4.205760
77 0.348358 4.204369
78 0.348217 4.203011
79 0.348079 4.201686
80 0.347945 4.200394
81 0.347814 4.199133
82 0.347686 4.197902
83 0.347561 4.196702
84 0.347439 4.195530
85 0.347321 4.194387
86 0.347205 4.193272
87 0.347092 4.192184
88 0.346981 4.191122
89 0.346874 4.190086
90 0.346769 4.189075
91 0.346666 4.188089
92 0.346566 4.187127
93 0.346469 4.186188
94 0.346374 4.185272
95 0.346281 4.184378
96 0.346190 4.183506
97 0.346102 4.182655
98 0.346016 4.181825
99 0.345932 4.181016
100 0.345850 4.180225
101 0.345770 4.179454
102 0.345692 4.178702
103 0.345616 4.177968
104 0.345541 4.177252
105 0.345469 4.176554
106 0.345398 4.175872
107 0.345329 4.175207
108 0.345262 4.174559
109 0.345196 4.173926
110 0.345132 4.173308
111 0.345069 4.172706
112 0.345008 4.172118
113 0.344949 4.171544
114 0.344891 4.170985
115 0.344834 4.170439
116 0.344779 4.169906
117 0.344725 4.169387
118 0.344673 4.168880
119 0.344621 4.168385
120 0.344571 4.167902
121 0.344522 4.167432
122 0.344475 4.166972
123 0.344428 4.166524
124 0.344383 4.166087
125 0.344339 4.165661
126 0.344296 4.165245
127 0.344253 4.164839
128 0.344212 4.164443
129 0.344172 4.164056
130 0.344133 4.163679
131 0.344095 4.163311
132 0.344058 4.162953
133 0.344022 4.162603
134 0.343986 4.162261
135 0.343952 4.161928
136 0.343918 4.161603
137 0.343885 4.161286
138 0.343853 4.160976
139 0.343822 4.160674
140 0.343791 4.160380
141 0.343761 4.160093
142 0.343732 4.159812
143 0.343704 4.159539
144 0.343676 4.159272
145 0.343649 4.159012
146 0.343623 4.158758
147 0.343597 4.158510
148 0.343572 4.158269
149 0.343548 4.158033
150 0.343524 4.157803
151 0.343501 4.157579
152 0.343478 4.157360
153 0.343456 4.157146
154 0.343434 4.156938
155 0.343413 4.156734
156 0.343393 4.156536
157 0.343373 4.156343
158 0.343353 4.156154
159 0.343334 4.155970
160 0.343316 4.155790
161 0.343297 4.155615
162 0.343280 4.155444
163 0.343262 4.155277
164 0.343245 4.155115
165 0.343229 4.154956
166 0.343213 4.154801
167 0.343197 4.154650
168 0.343182 4.154502
169 0.343167 4.154359
170 0.343153 4.154218
171 0.343138 4.154082
172 0.343125 4.153948
173 0.343111 4.153818
174 0.343098 4.153691
175 0.343085 4.153567
176 0.343073 4.153446
177 0.343060 4.153328
178 0.343048 4.153213
179 0.343037 4.153100
180 0.343025 4.152991
181 0.343014 4.152884
182 0.343004 4.152780
183 0.342993 4.152678
184 0.342983 4.152579
185 0.342973 4.152482
186 0.342963 4.152388
187 0.342953 4.152295
188 0.342944 4.152206
189 0.342935 4.152118
190 0.342926 4.152032
191 0.342918 4.151949
192 0.342909 4.151867
193 0.342901 4.151788
194 0.342893 4.151711
195 0.342885 4.151635
196 0.342877 4.151561
197 0.342870 4.151489
198 0.342863 4.151419
199 0.342856 4.151351
200 0.342849 4.151284
201 0.342842 4.151219
202 0.342835 4.151155
203 0.342829 4.151093
204 0.342823 4.151033
205 0.342816 4.150974
206 0.342811 4.150916
207 0.342805 4.150860
208 0.342799 4.150805
209 0.342793 4.150752
210 0.342788 4.150699
211 0.342783 4.150649
212 0.342778 4.150599
213 0.342773 4.150550
214 0.342768 4.150503
215 0.342763 4.150457
216 0.342758 4.150412
217 0.342754 4.150368
218 0.342749 4.150326
219 0.342745 4.150284
220 0.342741 4.150243
221 0.342737 4.150203
222 0.342733 4.150165
223 0.342729 4.150127
224 0.342725 4.150090
225 0.342721 4.150054
226 0.342718 4.150019
227 0.342714 4.149985
228 0.342711 4.149951
229 0.342707 4.149919
230 0.342704 4.149887
231 0.342701 4.149856
232 0.342698 4.149825
233 0.342694 4.149796
234 0.342691 4.149767
235 0.342689 4.149739
236 0.342686 4.149712
237 0.342683 4.149685
238 0.342680 4.149659
239 0.342678 4.149633
240 0.342675 4.149608
241 0.342673 4.149584
242 0.342670 4.149561
243 0.342668 4.149538
244 0.342665 4.149515
245 0.342663 4.149493
246 0.342661 4.149472
247 0.342659 4.149451
248 0.342657 4.149431
249 0.342655 4.149411
250 0.342653 4.149391
251 0.342651 4.149372
252 0.342649 4.149354
253 0.342647 4.149336
254 0.342645 4.149318
255 0.342643 4.149301
256 0.342642 4.149284
257 0.342640 4.149268
258 0.342638 4.149252
259 0.342637 4.149237
260 0.342635 4.149222
261 0.342633 4.149207
262 0.342632 4.149192
263 0.342631 4.149178
264 0.342629 4.149165
265 0.342628 4.149151
266 0.342626 4.149138
267 0.342625 4.149126
268 0.342624 4.149113
269 0.342623 4.149101
270 0.342621 4.149089
271 0.342620 4.149078
272 0.342619 4.149066
273 0.342618 4.149055
274 0.342617 4.149045
275 0.342616 4.149034
276 0.342615 4.149024
277 0.342614 4.149014
278 0.342613 4.149004
279 0.342612 4.148995
280 0.342611 4.148986
281 0.342610 4.148977
282 0.342609 4.148968
283 0.342608 4.148959
284 0.342607 4.148951
285 0.342606 4.148943
286 0.342605 4.148935
287 0.342604 4.148927
288 0.342604 4.148920
289 0.342603 4.148912
290 0.342602 4.148905
291 0.342601 4.148898
292 0.342601 4.148891
293 0.342600 4.148884
294 0.342599 4.148878
295 0.342599 4.148872
296 0.342598 4.148865
297 0.342597 4.148859
298 0.342597 4.148853
299 0.342596 4.148848
300 0.342596 4.148842
301 0.342595 4.148837
302 0.342595 4.148831
303 0.342594 4.148826
304 0.342593 4.148821
305 0.342593 4.148816
306 0.342592 4.148811
307 0.342592 4.148806
308 0.342591 4.148802
309 0.342591 4.148797
310 0.342591 4.148793
311 0.342590 4.148789
312 0.342590 4.148784
313 0.342589 4.148780
314 0.342589 4.148776
315 0.342588 4.148772
316 0.342588 4.148769
317 0.342588 4.148765
318 0.342587 4.148761
319 0.342587 4.148758
320 0.342587 4.148754
321 0.342586 4.148751
322 0.342586 4.148748
323 0.342586 4.148745
324 0.342585 4.148741
325 0.342585 4.148738
326 0.342585 4.148735
327 0.342584 4.148733
328 0.342584 4.148730
329 0.342584 4.148727
330 0.342583 4.148724
331 0.342583 4.148722
332 0.342583 4.148719
333 0.342583 4.148717
334 0.342582 4.148714
335 0.342582 4.148712
336 0.342582 4.148710
337 0.342582 4.148707
338 0.342582 4.148705
339 0.342581 4.148703
340 0.342581 4.148701
341 0.342581 4.148699
342 0.342581 4.148697
343 0.342580 4.148695
344 0.342580 4.148693
345 0.342580 4.148691
346 0.342580 4.148689
347 0.342580 4.148688
348 0.342580 4.148686
349 0.342579 4.148684
350 0.342579 4.148683
351 0.342579 4.148681
352 0.342579 4.148680
353 0.342579 4.148678
354 0.342579 4.148677
355 0.342578 4.148675
356 0.342578 4.148674
357 0.342578 4.148672
358 0.342578 4.148671
359 0.342578 4.148670
360 0.342578 4.148668
361 0.342578 4.148667
362 0.342577 4.148666
363 0.342577 4.148665
364 0.342577 4.148664
365 0.342577 4.148662
366 0.342577 4.148661
367 0.342577 4.148660
368 0.342577 4.148659
369 0.342577 4.148658
370 0.342577 4.148657
371 0.342576 4.148656
372 0.342576 4.148655
373 0.342576 4.148654
374 0.342576 4.148653
375 0.342576 4.148653
376 0.342576 4.148652
377 0.342576 4.148651
378 0.342576 4.148650
379 0.342576 4.148649
380 0.342576 4.148649
381 0.342576 4.148648
382 0.342575 4.148647
383 0.342575 4.148646
384 0.342575 4.148646
385 0.342575 4.148645
386 0.342575 4.148644
387 0.342575 4.148644
388 0.342575 4.148643
389 0.342575 4.148642
390 0.342575 4.148642
391 0.342575 4.148641
392 0.342575 4.148641
393 0.342575 4.148640
394 0.342575 4.148639
395 0.342575 4.148639
396 0.342575 4.148638
397 0.342575 4.148638
398 0.342574 4.148637
399 0.342574 4.148637
400 0.342574 4.148636
401 0.342574 4.148636
402 0.342574 4.148636
403 0.342574 4.148635
404 0.342574 4.148635
405 0.342574 4.148634
406 0.342574 4.148634
407 0.342574 4.148633
408 0.342574 4.148633
409 0.342574 4.148633
410 0.342574 4.148632
411 0.342574 4.148632
412 0.342574 4.148632
413 0.342574 4.148631
414 0.342574 4.148631
415 0.342574 4.148631
416 0.342574 4.148630
417 0.342574 4.148630
418 0.342574 4.148630
419 0.342574 4.148629
420 0.342574 4.148629
421 0.342574 4.148629
422 0.342574 4.148628
423 0.342574 4.148628
424 0.342574 4.148628
425 0.342573 4.148628
426 0.342573 4.148627
427 0.342573 4.148627
428 0.342573 4.148627
429 0.342573 4.148627
430 0.342573 4.148627
431 0.342573 4.148626
432 0.342573 4.148626
433 0.342573 4.148626
434 0.342573 4.148626
435 0.342573 4.148625
436 0.342573 4.148625
437 0.342573 4.148625
438 0.342573 4.148625
439 0.342573 4.148625
440 0.342573 4.148625
441 0.342573 4.148624
442 0.342573 4.148624
443 0.342573 4.148624
444 0.342573 4.148624
445 0.342573 4.148624
446 0.342573 4.148624
447 0.342573 4.148623
448 0.342573 4.148623
449 0.342573 4.148623
450 0.342573 4.148623
451 0.342573 4.148623
452 0.342573 4.148623
453 0.342573 4.148623
454 0.342573 4.148622
455 0.342573 4.148622
456 0.342573 4.148622
457 0.342573 4.148622
458 0.342573 4.148622
459 0.342573 4.148622
460 0.342573 4.148622
461 0.342573 4.148622
462 0.342573 4.148622
463 0.342573 4.148621
464 0.342573 4.148621
465 0.342573 4.148621
466 0.342573 4.148621
467 0.342573 4.148621
468 0.342573 4.148621
469 0.342573 4.148621
470 0.342573 4.148621
471 0.342573 4.148621
472 0.342573 4.148621
473 0.342573 4.148621
474 0.342573 4.148621
475 0.342573 4.148620
476 0.342573 4.148620
477 0.342573 4.148620
478 0.342573 4.148620
479 0.342573 4.148620
480 0.342573 4.148620
481 0.342573 4.148620
482 0.342573 4.148620
483 0.342573 4.148620
484 0.342573 4.148620
485 0.342573 4.148620
486 0.342573 4.148620
487 0.342573 4.148620
488 0.342573 4.148620
489 0.342573 4.148620
490 0.342573 4.148620
491 0.342573 4.148620
492 0.342573 4.148619
493 0.342573 4.148619
494 0.342573 4.148619
495 0.342573 4.148619
496 0.342573 4.148619
497 0.342573 4.148619
498 0.342573 4.148619
499 0.342573 4.148619
