0 1.418048 8.260000
1 1.416020 8.260000
2 1.414036 8.250811
3 1.412097 8.241822
4 1.410200 8.233030
5 1.408346 8.224430
6 1.406533 8.216018
7 1.404760 8.207790
8 1.403061 8.192210
9 1.401398 8.184504
10 1.399769 8.176959
11 1.398176 8.169570
12 1.396615 8.162335
13 1.395088 8.155250
14 1.393593 8.148313
15 1.392129 8.141521
16 1.390679 8.138479
17 1.389258 8.131886
18 1.387865 8.125423
19 1.386500 8.119088
20 1.385163 8.112877
21 1.383852 8.106790
22 1.382567 8.100823
23 1.381308 8.094973
24 1.380074 8.089240
25 1.378865 8.083619
26 1.377680 8.078110
27 1.376519 8.072711
28 1.375380 8.067289
29 1.374264 8.062101
30 1.373168 8.057010
31 1.372093 8.052013
32 1.371038 8.047110
33 1.370004 8.042299
34 1.368988 8.037578
35 1.367992 8.032946
36 1.367015 8.028400
37 1.366056 8.023939
38 1.365116 8.019561
39 1.364193 8.015266
40 1.363287 8.011052
41 1.362399 8.006916
42 1.361527 8.002858
43 1.360672 7.998876
44 1.359833 7.994969
45 1.359010 7.991135
46 1.358203 7.987373
47 1.357411 7.983682
48 1.356633 7.980060
49 1.355857 7.979940
50 1.355094 7.976386
51 1.354345 7.972896
52 1.353609 7.969467
53 1.352886 7.966098
54 1.352176 7.962789
55 1.351478 7.959539
56 1.350793 7.956346
57 1.350121 7.953210
58 1.349460 7.950129
59 1.348811 7.947103
60 1.348173 7.944130
61 1.347547 7.941210
62 1.346932 7.938341
63 1.346328 7.935524
64 1.345735 7.932756
65 1.345153 7.930038
66 1.344580 7.927367
67 1.344018 7.924744
68 1.343466 7.922167
69 1.342924 7.919637
70 1.342391 7.917151
71 1.341868 7.914709
72 1.341355 7.912310
73 1.340850 7.909954
74 1.340355 7.907640
75 1.339868 7.905367
76 1.339390 7.903135
77 1.338920 7.900941
78 1.338459 7.898787
79 1.338006 7.896672
80 1.337562 7.894593
81 1.337125 7.892552
82 1.336696 7.890547
83 1.336274 7.888578
84 1.335860 7.886643
85 1.335454 7.884744
86 1.335055 7.882877
87 1.334663 7.881044
88 1.334277 7.879244
89 1.333899 7.877476
90 1.333528 7.875739
91 1.333163 7.874033
92 1.332805 7.872357
93 1.332453 7.870712
94 1.332107 7.869095
95 1.331767 7.867507
96 1.331434 7.865948
97 1.331107 7.864416
98 1.330785 7.862912
99 1.330469 7.861434
100 1.330164 7.858566
101 1.329864 7.857164
102 1.329569 7.855786
103 1.329279 7.854431
104 1.328994 7.853098
105 1.328714 7.851788
106 1.328438 7.850500
107 1.328167 7.849233
108 1.327900 7.847987
109 1.327638 7.846762
110 1.327380 7.845557
111 1.327127 7.844372
112 1.326878 7.843208
113 1.326633 7.842062
114 1.326392 7.840936
115 1.326155 7.839829
116 1.325922 7.838740
117 1.325693 7.837669
118 1.325468 7.836616
119 1.325247 7.835581
120 1.325029 7.834563
121 1.324815 7.833562
122 1.324604 7.832577
123 1.324397 7.831609
124 1.324194 7.830658
125 1.323994 7.829722
126 1.323797 7.828801
127 1.323604 7.827897
128 1.323413 7.827007
129 1.323226 7.826132
130 1.323042 7.825272
131 1.322862 7.824426
132 1.322684 7.823594
133 1.322509 7.822776
134 1.322337 7.821972
135 1.322168 7.821181
136 1.322002 7.820404
137 1.321838 7.819639
138 1.321678 7.818887
139 1.321520 7.818148
140 1.321364 7.817421
141 1.321212 7.816707
142 1.321062 7.816004
143 1.320914 7.815313
144 1.320769 7.814633
145 1.320626 7.813965
146 1.320486 7.813308
147 1.320348 7.812662
148 1.320212 7.812027
149 1.320078 7.811403
150 1.319947 7.810789
151 1.319818 7.810185
152 1.319691 7.809591
153 1.319567 7.809007
154 1.319444 7.808433
155 1.319323 7.807869
156 1.319205 7.807314
157 1.319088 7.806768
158 1.318974 7.806232
159 1.318861 7.805704
160 1.318750 7.805186
161 1.318641 7.804675
162 1.318534 7.804174
163 1.318429 7.803681
164 1.318325 7.803196
165 1.318223 7.802719
166 1.318123 7.802250
167 1.318025 7.801789
168 1.317928 7.801336
169 1.317833 7.800890
170 1.317739 7.800452
171 1.317647 7.800021
172 1.317557 7.799598
173 1.317468 7.799181
174 1.317380 7.798772
175 1.317294 7.798369
176 1.317210 7.797973
177 1.317126 7.797583
178 1.317045 7.797201
179 1.316964 7.796824
180 1.316885 7.796454
181 1.316808 7.796090
182 1.316731 7.795732
183 1.316656 7.795380
184 1.316582 7.795034
185 1.316510 7.794694
186 1.316438 7.794360
187 1.316368 7.794031
188 1.316299 7.793708
189 1.316231 7.793390
190 1.316164 7.793077
191 1.316099 7.792770
192 1.316034 7.792467
193 1.315971 7.792170
194 1.315908 7.791878
195 1.315847 7.791591
196 1.315787 7.791308
197 1.315727 7.791030
198 1.315669 7.790757
199 1.315612 7.790489
200 1.315555 7.790225
201 1.315500 7.789965
202 1.315445 7.789710
203 1.315392 7.789459
204 1.315339 7.789212
205 1.315287 7.788969
206 1.315236 7.788731
207 1.315186 7.788496
208 1.315137 7.788265
209 1.315089 7.788039
210 1.315041 7.787816
211 1.314994 7.787596
212 1.314948 7.787381
213 1.314903 7.787169
214 1.314858 7.786960
215 1.314815 7.786755
216 1.314772 7.786554
217 1.314729 7.786356
218 1.314688 7.786161
219 1.314647 7.785969
220 1.314607 7.785781
221 1.314567 7.785596
222 1.314528 7.785414
223 1.314490 7.785235
224 1.314452 7.785059
225 1.314416 7.784886
226 1.314379 7.784716
227 1.314343 7.784548
228 1.314308 7.784384
229 1.314274 7.784222
230 1.314240 7.784063
231 1.314207 7.783906
232 1.314174 7.783753
233 1.314141 7.783602
234 1.314110 7.783453
235 1.314078 7.783307
236 1.314048 7.783163
237 1.314018 7.783022
238 1.313988 7.782883
239 1.313959 7.782746
240 1.313930 7.782612
241 1.313902 7.782480
242 1.313874 7.782350
243 1.313847 7.782222
244 1.313820 7.782097
245 1.313794 7.781973
246 1.313768 7.781852
247 1.313743 7.781732
248 1.313717 7.781615
249 1.313693 7.781500
250 1.313669 7.781386
251 1.313645 7.781275
252 1.313621 7.781165
253 1.313598 7.781057
254 1.313576 7.780951
255 1.313554 7.780847
256 1.313532 7.780745
257 1.313510 7.780644
258 1.313489 7.780545
259 1.313468 7.780447
260 1.313448 7.780351
261 1.313428 7.780257
262 1.313408 7.780165
263 1.313388 7.780074
264 1.313369 7.779984
265 1.313351 7.779896
266 1.313332 7.779809
267 1.313314 7.779724
268 1.313296 7.779641
269 1.313279 7.779558
270 1.313261 7.779478
271 1.313244 7.779398
272 1.313228 7.779320
273 1.313211 7.779243
274 1.313195 7.779167
275 1.313179 7.779093
276 1.313164 7.779020
277 1.313148 7.778948
278 1.313133 7.778877
279 1.313118 7.778808
280 1.313104 7.778740
281 1.313089 7.778672
282 1.313075 7.778606
283 1.313061 7.778541
284 1.313048 7.778478
285 1.313034 7.778415
286 1.313021 7.778353
287 1.313008 7.778292
288 1.312996 7.778233
289 1.312983 7.778174
290 1.312971 7.778116
291 1.312959 7.778060
292 1.312947 7.778004
293 1.312935 7.777949
294 1.312924 7.777895
295 1.312912 7.777842
296 1.312901 7.777790
297 1.312890 7.777739
298 1.312879 7.777688
299 1.312869 7.777639
300 1.312858 7.777590
301 1.312848 7.777542
302 1.312838 7.777495
303 1.312828 7.777449
304 1.312819 7.777403
305 1.312809 7.777358
306 1.312800 7.777314
307 1.312790 7.777271
308 1.312781 7.777229
309 1.312772 7.777187
310 1.312764 7.777146
311 1.312755 7.777105
312 1.312747 7.777065
313 1.312738 7.777026
314 1.312730 7.776988
315 1.312722 7.776950
316 1.312714 7.776913
317 1.312706 7.776876
318 1.312699 7.776840
319 1.312691 7.776805
320 1.312684 7.776770
321 1.312676 7.776736
322 1.312669 7.776703
323 1.312662 7.776670
324 1.312655 7.776637
325 1.312648 7.776605
326 1.312642 7.776574
327 1.312635 7.776543
328 1.312629 7.776513
329 1.312622 7.776483
330 1.312616 7.776453
331 1.312610 7.776425
332 1.312604 7.776396
333 1.312598 7.776368
334 1.312592 7.776341
335 1.312586 7.776314
336 1.312581 7.776287
337 1.312575 7.776261
338 1.312569 7.776236
339 1.312564 7.776211
340 1.312559 7.776186
341 1.312554 7.776161
342 1.312549 7.776137
343 1.312544 7.776114
344 1.312539 7.776091
345 1.312534 7.776068
346 1.312529 7.776046
347 1.312524 7.776024
348 1.312520 7.776002
349 1.312515 7.775981
350 1.312511 7.775960
351 1.312506 7.775939
352 1.312502 7.775919
353 1.312498 7.775899
354 1.312494 7.775880
355 1.312489 7.775860
356 1.312485 7.775841
357 1.312481 7.775823
358 1.312478 7.775805
359 1.312474 7.775787
360 1.312470 7.775769
361 1.312466 7.775752
362 1.312463 7.775735
363 1.312459 7.775718
364 1.312455 7.775701
365 1.312452 7.775685
366 1.312449 7.775669
367 1.312445 7.775653
368 1.312442 7.775638
369 1.312439 7.775623
370 1.312436 7.775608
371 1.312432 7.775593
372 1.312429 7.775579
373 1.312426 7.775565
374 1.312423 7.775551
375 1.312420 7.775537
376 1.312418 7.775523
377 1.312415 7.775510
378 1.312412 7.775497
379 1.312409 7.775484
380 1.312406 7.775472
381 1.312404 7.775459
382 1.312401 7.775447
383 1.312399 7.775435
384 1.312396 7.775423
385 1.312394 7.775412
386 1.312391 7.775401
387 1.312389 7.775389
388 1.312387 7.775378
389 1.312384 7.775368
390 1.312382 7.775357
391 1.312380 7.775346
392 1.312378 7.775336
393 1.312375 7.775326
394 1.312373 7.775316
395 1.312371 7.775306
396 1.312369 7.775297
397 1.312367 7.775287
398 1.312365 7.775278
399 1.312363 7.775269
400 1.312361 7.775260
401 1.312359 7.775251
402 1.312358 7.775242
403 1.312356 7.775234
404 1.312354 7.775225
405 1.312352 7.775217
406 1.312350 7.775209
407 1.312349 7.775201
408 1.312347 7.775193
409 1.312345 7.775186
410 1.312344 7.775178
411 1.312342 7.775170
412 1.312341 7.775163
413 1.312339 7.775156
414 1.312338 7.775149
415 1.312336 7.775142
416 1.312335 7.775135
417 1.312333 7.775128
418 1.312332 7.775122
419 1.312330 7.775115
420 1.312329 7.775109
421 1.312328 7.775102
422 1.312326 7.775096
423 1.312325 7.775090
424 1.312324 7.775084
425 1.312323 7.775078
426 1.312321 7.775073
427 1.312320 7.775067
428 1.312319 7.775061
429 1.312318 7.775056
430 1.312317 7.775050
431 1.312315 7.775045
432 1.312314 7.775040
433 1.312313 7.775035
434 1.312312 7.775030
435 1.312311 7.775025
436 1.312310 7.775020
437 1.312309 7.775015
438 1.312308 7.775010
439 1.312307 7.775006
440 1.312306 7.775001
441 1.312305 7.774997
442 1.312304 7.774992
443 1.312303 7.774988
444 1.312302 7.774983
445 1.312301 7.774979
446 1.312301 7.774975
447 1.312300 7.774971
448 1.312299 7.774967
449 1.312298 7.774963
450 1.312297 7.774959
451 1.312296 7.774956
452 1.312296 7.774952
453 1.312295 7.774948
454 1.312294 7.774945
455 1.312293 7.774941
456 1.312292 7.774938
457 1.312292 7.774934
458 1.312291 7.774931
459 1.312290 7.774927
460 1.312290 7.774924
461 1.312289 7.774921
462 1.312288 7.774918
463 1.312288 7.774915
464 1.312287 7.774912
465 1.312286 7.774909
466 1.312286 7.774906
467 1.312285 7.774903
468 1.312284 7.774900
469 1.312284 7.774897
470 1.312283 7.774894
471 1.312283 7.774892
472 1.312282 7.774889
473 1.312282 7.774886
474 1.312281 7.774884
475 1.312281 7.774881
476 1.312280 7.774879
477 1.312279 7.774876
478 1.312279 7.774874
479 1.312278 7.774872
480 1.312278 7.774869
481 1.312277 7.774867
482 1.312277 7.774865
483 1.312277 7.774863
484 1.312276 7.774860
485 1.312276 7.774858
486 1.312275 7.774856
487 1.312275 7.774854
488 1.312274 7.774852
489 1.312274 7.774850
490 1.312273 7.774848
491 1.312273 7.774846
492 1.312273 7.774844
493 1.312272 7.774843
494 1.312272 7.774841
495 1.312271 7.774839
496 1.312271 7.774837
497 1.312271 7.774835
498 1.312270 7.774834
499 1.312270 7.774832
