0 1.171796 8.710000
1 1.169881 8.710000
2 1.168064 8.690000
3 1.166340 8.670000
4 1.164661 8.660049
5 1.162982 8.659951
6 1.161345 8.650243
7 1.159749 8.640773
8 1.158193 8.631536
9 1.156650 8.628464
10 1.155143 8.619521
11 1.153673 8.610789
12 1.152238 8.602264
13 1.150837 8.593941
14 1.149468 8.586059
15 1.148131 8.578116
16 1.146824 8.570353
17 1.145547 8.562766
18 1.144300 8.555352
19 1.143081 8.548106
20 1.141891 8.541026
21 1.140727 8.534106
22 1.139591 8.527344
23 1.138480 8.520736
24 1.137376 8.519264
25 1.136295 8.512835
26 1.135239 8.506545
27 1.134205 8.500393
28 1.133195 8.494375
29 1.132207 8.488489
30 1.131240 8.482731
31 1.130294 8.477269
32 1.129367 8.471753
33 1.128460 8.466353
34 1.127572 8.461064
35 1.126703 8.455886
36 1.125852 8.450816
37 1.125007 8.449184
38 1.124179 8.444250
39 1.123367 8.439415
40 1.122572 8.434676
41 1.121792 8.430030
42 1.121029 8.425478
43 1.120280 8.421016
44 1.119547 8.416642
45 1.118828 8.412356
46 1.118123 8.408155
47 1.117433 8.404038
48 1.116757 8.400003
49 1.116080 8.399997
50 1.115417 8.396040
51 1.114766 8.392158
52 1.114128 8.388349
53 1.113501 8.384613
54 1.112887 8.380947
55 1.112284 8.377350
56 1.111693 8.373822
57 1.111113 8.370361
58 1.110544 8.366965
59 1.109987 8.363633
60 1.109439 8.360365
61 1.108902 8.357159
62 1.108376 8.354013
63 1.107859 8.350928
64 1.107352 8.347900
65 1.106855 8.344931
66 1.106368 8.342017
67 1.105893 8.337983
68 1.105427 8.335200
69 1.104969 8.332467
70 1.104520 8.329783
71 1.104078 8.327148
72 1.103645 8.324559
73 1.103219 8.322018
74 1.102801 8.319522
75 1.102391 8.317071
76 1.101988 8.314664
77 1.101593 8.312300
78 1.101204 8.309979
79 1.100823 8.307700
80 1.100448 8.305462
81 1.100080 8.303264
82 1.099719 8.301106
83 1.099365 8.298894
84 1.099016 8.296814
85 1.098674 8.294768
86 1.098337 8.292758
87 1.098006 8.290781
88 1.097681 8.288838
89 1.097361 8.286929
90 1.097047 8.285051
91 1.096738 8.283206
92 1.096434 8.281392
93 1.096136 8.279609
94 1.095843 8.277856
95 1.095554 8.276133
96 1.095271 8.274439
97 1.094992 8.272774
98 1.094719 8.271138
99 1.094449 8.269529
100 1.094185 8.267948
101 1.093925 8.266393
102 1.093669 8.264866
103 1.093418 8.263364
104 1.093171 8.261887
105 1.092928 8.260436
106 1.092690 8.259010
107 1.092455 8.257608
108 1.092225 8.256229
109 1.091998 8.254875
110 1.091776 8.253543
111 1.091557 8.252234
112 1.091342 8.250947
113 1.091130 8.249683
114 1.090922 8.248439
115 1.090718 8.247217
116 1.090517 8.246016
117 1.090320 8.244836
118 1.090126 8.243675
119 1.089935 8.242534
120 1.089748 8.241413
121 1.089564 8.240311
122 1.089383 8.239228
123 1.089205 8.238163
124 1.089030 8.237116
125 1.088858 8.236087
126 1.088689 8.235076
127 1.088523 8.234082
128 1.088360 8.233105
129 1.088199 8.232144
130 1.088041 8.231200
131 1.087886 8.230272
132 1.087734 8.229360
133 1.087584 8.228464
134 1.087437 8.227583
135 1.087292 8.226716
136 1.087150 8.225865
137 1.087010 8.225028
138 1.086873 8.224206
139 1.086738 8.223397
140 1.086605 8.222603
141 1.086475 8.221821
142 1.086347 8.221054
143 1.086221 8.220299
144 1.086097 8.219557
145 1.085975 8.218828
146 1.085855 8.218112
147 1.085738 8.217407
148 1.085622 8.216715
149 1.085508 8.216034
150 1.085397 8.215365
151 1.085287 8.214708
152 1.085179 8.214062
153 1.085073 8.213427
154 1.084969 8.212802
155 1.084866 8.212189
156 1.084766 8.211585
157 1.084667 8.210993
158 1.084569 8.210410
159 1.084474 8.209837
160 1.084380 8.209274
161 1.084287 8.208721
162 1.084196 8.208177
163 1.084107 8.207642
164 1.084020 8.207117
165 1.083933 8.206600
166 1.083849 8.206093
167 1.083765 8.205594
168 1.083683 8.205103
169 1.083603 8.204621
170 1.083524 8.204147
171 1.083446 8.203682
172 1.083370 8.203224
173 1.083295 8.202774
174 1.083221 8.202332
175 1.083148 8.201897
176 1.083077 8.201470
177 1.083007 8.201050
178 1.082938 8.200637
179 1.082870 8.200232
180 1.082804 8.199833
181 1.082738 8.199441
182 1.082674 8.199056
183 1.082611 8.198677
184 1.082549 8.198305
185 1.082488 8.197939
186 1.082428 8.197580
187 1.082369 8.197227
188 1.082311 8.196879
189 1.082254 8.196538
190 1.082198 8.196202
191 1.082143 8.195873
192 1.082089 8.195549
193 1.082036 8.195230
194 1.081983 8.194917
195 1.081932 8.194609
196 1.081882 8.194306
197 1.081832 8.194009
198 1.081783 8.193717
199 1.081735 8.193430
200 1.081688 8.193147
201 1.081642 8.192870
202 1.081596 8.192597
203 1.081552 8.192329
204 1.081508 8.192065
205 1.081465 8.191806
206 1.081422 8.191552
207 1.081380 8.191302
208 1.081339 8.191056
209 1.081299 8.190814
210 1.081259 8.190577
211 1.081220 8.190343
212 1.081182 8.190114
213 1.081144 8.189888
214 1.081107 8.189666
215 1.081071 8.189448
216 1.081035 8.189234
217 1.081000 8.189024
218 1.080966 8.188817
219 1.080932 8.188613
220 1.080898 8.188413
221 1.080866 8.188217
222 1.080833 8.188024
223 1.080802 8.187834
224 1.080771 8.187647
225 1.080740 8.187464
226 1.080710 8.187284
227 1.080681 8.187107
228 1.080651 8.186933
229 1.080623 8.186762
230 1.080595 8.186593
231 1.080567 8.186428
232 1.080540 8.186266
233 1.080514 8.186106
234 1.080487 8.185949
235 1.080462 8.185795
236 1.080436 8.185643
237 1.080411 8.185494
238 1.080387 8.185347
239 1.080363 8.185204
240 1.080339 8.185062
241 1.080316 8.184923
242 1.080293 8.184786
243 1.080271 8.184652
244 1.080249 8.184520
245 1.080227 8.184390
246 1.080206 8.184262
247 1.080185 8.184137
248 1.080165 8.184014
249 1.080144 8.183893
250 1.080125 8.183774
251 1.080105 8.183657
252 1.080086 8.183542
253 1.080067 8.183428
254 1.080048 8.183317
255 1.080030 8.183208
256 1.080012 8.183101
257 1.079995 8.182995
258 1.079977 8.182892
259 1.079960 8.182790
260 1.079944 8.182690
261 1.079927 8.182591
262 1.079911 8.182494
263 1.079895 8.182399
264 1.079880 8.182306
265 1.079864 8.182214
266 1.079849 8.182123
267 1.079835 8.182035
268 1.079820 8.181947
269 1.079806 8.181862
270 1.079792 8.181777
271 1.079778 8.181695
272 1.079764 8.181613
273 1.079751 8.181533
274 1.079738 8.181455
275 1.079725 8.181377
276 1.079712 8.181301
277 1.079700 8.181227
278 1.079688 8.181153
279 1.079675 8.181081
280 1.079664 8.181010
281 1.079652 8.180940
282 1.079641 8.180872
283 1.079629 8.180805
284 1.079618 8.180738
285 1.079607 8.180673
286 1.079597 8.180609
287 1.079586 8.180547
288 1.079576 8.180485
289 1.079566 8.180424
290 1.079556 8.180365
291 1.079546 8.180306
292 1.079537 8.180248
293 1.079527 8.180192
294 1.079518 8.180136
295 1.079509 8.180081
296 1.079500 8.180027
297 1.079491 8.179975
298 1.079482 8.179923
299 1.079474 8.179872
300 1.079465 8.179821
301 1.079457 8.179772
302 1.079449 8.179724
303 1.079441 8.179676
304 1.079433 8.179629
305 1.079426 8.179583
306 1.079418 8.179538
307 1.079411 8.179493
308 1.079403 8.179450
309 1.079396 8.179407
310 1.079389 8.179364
311 1.079382 8.179323
312 1.079375 8.179282
313 1.079369 8.179242
314 1.079362 8.179203
315 1.079356 8.179164
316 1.079349 8.179126
317 1.079343 8.179088
318 1.079337 8.179052
319 1.079331 8.179016
320 1.079325 8.178980
321 1.079319 8.178945
322 1.079314 8.178911
323 1.079308 8.178877
324 1.079302 8.178844
325 1.079297 8.178811
326 1.079292 8.178779
327 1.079286 8.178748
328 1.079281 8.178717
329 1.079276 8.178686
330 1.079271 8.178657
331 1.079266 8.178627
332 1.079261 8.178598
333 1.079257 8.178570
334 1.079252 8.178542
335 1.079247 8.178515
336 1.079243 8.178488
337 1.079239 8.178461
338 1.079234 8.178435
339 1.079230 8.178410
340 1.079226 8.178384
341 1.079222 8.178360
342 1.079218 8.178335
343 1.079214 8.178312
344 1.079210 8.178288
345 1.079206 8.178265
346 1.079202 8.178242
347 1.079198 8.178220
348 1.079195 8.178198
349 1.079191 8.178177
350 1.079188 8.178156
351 1.079184 8.178135
352 1.079181 8.178114
353 1.079177 8.178094
354 1.079174 8.178074
355 1.079171 8.178055
356 1.079168 8.178036
357 1.079165 8.178017
358 1.079161 8.177999
359 1.079158 8.177981
360 1.079155 8.177963
361 1.079153 8.177945
362 1.079150 8.177928
363 1.079147 8.177911
364 1.079144 8.177895
365 1.079141 8.177878
366 1.079139 8.177862
367 1.079136 8.177847
368 1.079134 8.177831
369 1.079131 8.177816
370 1.079128 8.177801
371 1.079126 8.177786
372 1.079124 8.177772
373 1.079121 8.177758
374 1.079119 8.177744
375 1.079117 8.177730
376 1.079114 8.177716
377 1.079112 8.177703
378 1.079110 8.177690
379 1.079108 8.177677
380 1.079106 8.177665
381 1.079104 8.177652
382 1.079102 8.177640
383 1.079100 8.177628
384 1.079098 8.177616
385 1.079096 8.177605
386 1.079094 8.177593
387 1.079092 8.177582
388 1.079090 8.177571
389 1.079088 8.177561
390 1.079087 8.177550
391 1.079085 8.177539
392 1.079083 8.177529
393 1.079081 8.177519
394 1.079080 8.177509
395 1.079078 8.177500
396 1.079077 8.177490
397 1.079075 8.177481
398 1.079074 8.177471
399 1.079072 8.177462
400 1.079071 8.177453
401 1.079069 8.177445
402 1.079068 8.177436
403 1.079066 8.177428
404 1.079065 8.177419
405 1.079063 8.177411
406 1.079062 8.177403
407 1.079061 8.177395
408 1.079060 8.177387
409 1.079058 8.177380
410 1.079057 8.177372
411 1.079056 8.177365
412 1.079055 8.177358
413 1.079053 8.177351
414 1.079052 8.177344
415 1.079051 8.177337
416 1.079050 8.177330
417 1.079049 8.177323
418 1.079048 8.177317
419 1.079047 8.177310
420 1.079046 8.177304
421 1.079045 8.177298
422 1.079044 8.177292
423 1.079043 8.177286
424 1.079042 8.177280
425 1.079041 8.177274
426 1.079040 8.177268
427 1.079039 8.177263
428 1.079038 8.177257
429 1.079037 8.177252
430 1.079036 8.177247
431 1.079035 8.177241
432 1.079034 8.177236
433 1.079033 8.177231
434 1.079033 8.177226
435 1.079032 8.177221
436 1.079031 8.177217
437 1.079030 8.177212
438 1.079029 8.177207
439 1.079029 8.177203
440 1.079028 8.177198
441 1.079027 8.177194
442 1.079027 8.177190
443 1.079026 8.177185
444 1.079025 8.177181
445 1.079024 8.177177
446 1.079024 8.177173
447 1.079023 8.177169
448 1.079022 8.177165
449 1.079022 8.177161
450 1.079021 8.177158
451 1.079021 8.177154
452 1.079020 8.177150
453 1.079019 8.177147
454 1.079019 8.177143
455 1.079018 8.177140
456 1.079018 8.177136
457 1.079017 8.177133
458 1.079017 8.177130
459 1.079016 8.177127
460 1.079015 8.177123
461 1.079015 8.177120
462 1.079014 8.177117
463 1.079014 8.177114
464 1.079013 8.177111
465 1.079013 8.177108
466 1.079013 8.177105
467 1.079012 8.177103
468 1.079012 8.177100
469 1.079011 8.177097
470 1.079011 8.177095
471 1.079010 8.177092
472 1.079010 8.177089
473 1.079009 8.177087
474 1.079009 8.177084
475 1.079009 8.177082
476 1.079008 8.177080
477 1.079008 8.177077
478 1.079007 8.177075
479 1.079007 8.177073
480 1.079007 8.177070
481 1.079006 8.177068
482 1.079006 8.177066
483 1.079006 8.177064
484 1.079005 8.177062
485 1.079005 8.177060
486 1.079005 8.177058
487 1.079004 8.177056
488 1.079004 8.177054
489 1.079004 8.177052
490 1.079003 8.177050
491 1.079003 8.177048
492 1.079003 8.177046
493 1.079002 8.177045
494 1.079002 8.177043
495 1.079002 8.177041
496 1.079001 8.177039
497 1.079001 8.177038
498 1.079001 8.177036
499 1.079001 8.177034
