0 0.951290 9.140000
1 0.949663 9.140000
2 0.948122 9.120000
3 0.946624 9.108483
4 0.945191 9.091517
5 0.943769 9.088483
6 0.942384 9.077847
7 0.941053 9.062153
8 0.939755 9.052200
9 0.938488 9.042486
10 0.937253 9.033006
11 0.936036 9.026994
12 0.934848 9.017880
13 0.933707 9.002120
14 0.932592 8.993578
15 0.931502 8.985223
16 0.930435 8.977052
17 0.929393 8.969059
18 0.928373 8.961242
19 0.927376 8.953597
20 0.926400 8.946403
21 0.925445 8.939079
22 0.924509 8.931908
23 0.923594 8.924887
24 0.922697 8.918012
25 0.921820 8.911280
26 0.920961 8.904689
27 0.920120 8.898236
28 0.919297 8.891918
29 0.918492 8.885732
30 0.917703 8.879676
31 0.916931 8.873746
32 0.916180 8.866254
33 0.915443 8.860602
34 0.914722 8.855063
35 0.914015 8.849634
36 0.913322 8.844312
37 0.912642 8.839096
38 0.911977 8.833983
39 0.911324 8.828972
40 0.910685 8.824061
41 0.910059 8.819247
42 0.909445 8.814529
43 0.908843 8.809904
44 0.908254 8.805372
45 0.907676 8.800930
46 0.907110 8.796576
47 0.906555 8.792309
48 0.906012 8.788127
49 0.905479 8.784028
50 0.904957 8.780011
51 0.904435 8.779989
52 0.903923 8.776050
53 0.903421 8.772185
54 0.902928 8.768393
55 0.902444 8.764673
56 0.901970 8.761022
57 0.901505 8.757440
58 0.901048 8.753926
59 0.900600 8.750478
60 0.900161 8.747094
61 0.899730 8.743775
62 0.899307 8.740518
63 0.898892 8.737323
64 0.898485 8.734188
65 0.898086 8.731112
66 0.897694 8.728094
67 0.897310 8.725133
68 0.896933 8.722228
69 0.896563 8.719378
70 0.896200 8.716581
71 0.895844 8.713838
72 0.895495 8.711146
73 0.895152 8.708505
74 0.894816 8.705914
75 0.894487 8.703372
76 0.894163 8.700878
77 0.893846 8.698431
78 0.893535 8.696031
79 0.893229 8.693676
80 0.892930 8.691365
81 0.892637 8.688635
82 0.892349 8.686418
83 0.892067 8.684241
84 0.891789 8.682103
85 0.891517 8.680002
86 0.891249 8.677939
87 0.890986 8.675913
88 0.890728 8.673923
89 0.890475 8.671968
90 0.890226 8.670048
91 0.889981 8.668163
92 0.889741 8.666310
93 0.889505 8.664491
94 0.889273 8.662704
95 0.889046 8.660949
96 0.888822 8.659226
97 0.888603 8.657533
98 0.888387 8.655870
99 0.888175 8.654237
100 0.887968 8.652633
101 0.887763 8.651058
102 0.887563 8.649510
103 0.887366 8.647990
104 0.887172 8.646498
105 0.886982 8.645032
106 0.886796 8.643592
107 0.886613 8.642178
108 0.886433 8.640789
109 0.886256 8.639425
110 0.886082 8.638085
111 0.885912 8.636769
112 0.885744 8.635477
113 0.885580 8.634207
114 0.885418 8.632961
115 0.885260 8.631736
116 0.885104 8.630534
117 0.884951 8.629352
118 0.884801 8.628192
119 0.884653 8.627053
120 0.884508 8.625934
121 0.884366 8.624835
122 0.884226 8.623756
123 0.884089 8.622696
124 0.883954 8.621655
125 0.883822 8.620632
126 0.883692 8.619628
127 0.883564 8.618642
128 0.883439 8.617673
129 0.883316 8.616722
130 0.883195 8.615787
131 0.883076 8.614870
132 0.882959 8.613968
133 0.882845 8.613083
134 0.882732 8.612214
135 0.882622 8.611360
136 0.882513 8.610522
137 0.882406 8.609698
138 0.882302 8.608889
139 0.882199 8.608095
140 0.882098 8.607315
141 0.881999 8.606549
142 0.881901 8.605796
143 0.881806 8.605057
144 0.881712 8.604331
145 0.881620 8.603619
146 0.881529 8.602918
147 0.881440 8.602231
148 0.881353 8.601556
149 0.881267 8.600893
150 0.881183 8.600241
151 0.881100 8.599602
152 0.881019 8.598973
153 0.880939 8.598356
154 0.880860 8.597750
155 0.880783 8.597155
156 0.880708 8.596571
157 0.880634 8.595997
158 0.880561 8.595433
159 0.880489 8.594880
160 0.880419 8.594336
161 0.880350 8.593802
162 0.880282 8.593278
163 0.880215 8.592763
164 0.880150 8.592257
165 0.880085 8.591760
166 0.880022 8.591272
167 0.879960 8.590793
168 0.879900 8.590322
169 0.879840 8.589860
170 0.879781 8.589406
171 0.879723 8.588961
172 0.879667 8.588523
173 0.879611 8.588093
174 0.879557 8.587671
175 0.879503 8.587256
176 0.879450 8.586849
177 0.879399 8.586449
178 0.879348 8.586056
179 0.879298 8.585671
180 0.879249 8.585292
181 0.879201 8.584920
182 0.879154 8.584554
183 0.879107 8.584195
184 0.879062 8.583843
185 0.879017 8.583497
186 0.878973 8.583157
187 0.878930 8.582823
188 0.878887 8.582495
189 0.878846 8.582173
190 0.878805 8.581857
191 0.878765 8.581547
192 0.878725 8.581242
193 0.878686 8.580942
194 0.878648 8.580648
195 0.878611 8.580359
196 0.878574 8.580076
197 0.878538 8.579797
198 0.878503 8.579523
199 0.878468 8.579255
200 0.878434 8.578991
201 0.878401 8.578732
202 0.878368 8.578477
203 0.878335 8.578227
204 0.878304 8.577982
205 0.878272 8.577741
206 0.878242 8.577504
207 0.878212 8.577271
208 0.878182 8.577043
209 0.878153 8.576819
210 0.878125 8.576598
211 0.878097 8.576382
212 0.878069 8.576170
213 0.878042 8.575961
214 0.878016 8.575756
215 0.877990 8.575555
216 0.877964 8.575357
217 0.877939 8.575163
218 0.877915 8.574973
219 0.877890 8.574786
220 0.877867 8.574602
221 0.877843 8.574421
222 0.877820 8.574244
223 0.877798 8.574070
224 0.877776 8.573899
225 0.877754 8.573731
226 0.877733 8.573566
227 0.877712 8.573404
228 0.877691 8.573245
229 0.877671 8.573089
230 0.877651 8.572935
231 0.877632 8.572785
232 0.877613 8.572637
233 0.877594 8.572491
234 0.877575 8.572349
235 0.877557 8.572209
236 0.877540 8.572071
237 0.877522 8.571936
238 0.877505 8.571803
239 0.877488 8.571673
240 0.877472 8.571545
241 0.877455 8.571419
242 0.877439 8.571296
243 0.877424 8.571174
244 0.877408 8.571055
245 0.877393 8.570938
246 0.877378 8.570823
247 0.877364 8.570711
248 0.877349 8.570600
249 0.877335 8.570491
250 0.877322 8.570384
251 0.877308 8.570279
252 0.877295 8.570176
253 0.877282 8.570075
254 0.877269 8.569976
255 0.877256 8.569878
256 0.877244 8.569782
257 0.877232 8.569688
258 0.877220 8.569596
259 0.877208 8.569505
260 0.877196 8.569416
261 0.877185 8.569328
262 0.877174 8.569242
263 0.877163 8.569158
264 0.877152 8.569075
265 0.877142 8.568993
266 0.877131 8.568913
267 0.877121 8.568835
268 0.877111 8.568758
269 0.877101 8.568682
270 0.877092 8.568608
271 0.877082 8.568534
272 0.877073 8.568463
273 0.877064 8.568392
274 0.877055 8.568323
275 0.877046 8.568255
276 0.877038 8.568188
277 0.877029 8.568123
278 0.877021 8.568058
279 0.877013 8.567995
280 0.877005 8.567933
281 0.876997 8.567872
282 0.876989 8.567812
283 0.876981 8.567753
284 0.876974 8.567696
285 0.876967 8.567639
286 0.876959 8.567583
287 0.876952 8.567529
288 0.876945 8.567475
289 0.876939 8.567422
290 0.876932 8.567370
291 0.876925 8.567319
292 0.876919 8.567269
293 0.876913 8.567220
294 0.876906 8.567172
295 0.876900 8.567125
296 0.876894 8.567078
297 0.876888 8.567033
298 0.876883 8.566988
299 0.876877 8.566944
300 0.876871 8.566901
301 0.876866 8.566858
302 0.876860 8.566816
303 0.876855 8.566776
304 0.876850 8.566735
305 0.876845 8.566696
306 0.876840 8.566657
307 0.876835 8.566619
308 0.876830 8.566582
309 0.876825 8.566545
310 0.876821 8.566509
311 0.876816 8.566473
312 0.876812 8.566438
313 0.876807 8.566404
314 0.876803 8.566371
315 0.876799 8.566338
316 0.876794 8.566305
317 0.876790 8.566274
318 0.876786 8.566242
319 0.876782 8.566212
320 0.876778 8.566182
321 0.876775 8.566152
322 0.876771 8.566123
323 0.876767 8.566095
324 0.876763 8.566067
325 0.876760 8.566039
326 0.876756 8.566012
327 0.876753 8.565985
328 0.876750 8.565959
329 0.876746 8.565934
330 0.876743 8.565909
331 0.876740 8.565884
332 0.876737 8.565860
333 0.876734 8.565836
334 0.876731 8.565813
335 0.876728 8.565790
336 0.876725 8.565767
337 0.876722 8.565745
338 0.876719 8.565723
339 0.876716 8.565702
340 0.876714 8.565681
341 0.876711 8.565660
342 0.876708 8.565640
343 0.876706 8.565620
344 0.876703 8.565601
345 0.876701 8.565582
346 0.876698 8.565563
347 0.876696 8.565544
348 0.876694 8.565526
349 0.876691 8.565508
350 0.876689 8.565491
351 0.876687 8.565474
352 0.876685 8.565457
353 0.876683 8.565440
354 0.876680 8.565424
355 0.876678 8.565408
356 0.876676 8.565392
357 0.876674 8.565377
358 0.876672 8.565362
359 0.876670 8.565347
360 0.876669 8.565332
361 0.876667 8.565318
362 0.876665 8.565304
363 0.876663 8.565290
364 0.876661 8.565277
365 0.876660 8.565263
366 0.876658 8.565250
367 0.876656 8.565237
368 0.876655 8.565225
369 0.876653 8.565212
370 0.876651 8.565200
371 0.876650 8.565188
372 0.876648 8.565176
373 0.876647 8.565165
374 0.876645 8.565153
375 0.876644 8.565142
376 0.876643 8.565131
377 0.876641 8.565121
378 0.876640 8.565110
379 0.876639 8.565100
380 0.876637 8.565090
381 0.876636 8.565080
382 0.876635 8.565070
383 0.876633 8.565060
384 0.876632 8.565051
385 0.876631 8.565041
386 0.876630 8.565032
387 0.876629 8.565023
388 0.876628 8.565015
389 0.876626 8.565006
390 0.876625 8.564997
391 0.876624 8.564989
392 0.876623 8.564981
393 0.876622 8.564973
394 0.876621 8.564965
395 0.876620 8.564957
396 0.876619 8.564950
397 0.876618 8.564942
398 0.876617 8.564935
399 0.876616 8.564928
400 0.876615 8.564921
401 0.876614 8.564914
402 0.876614 8.564907
403 0.876613 8.564900
404 0.876612 8.564893
405 0.876611 8.564887
406 0.876610 8.564881
407 0.876609 8.564874
408 0.876609 8.564868
409 0.876608 8.564862
410 0.876607 8.564856
411 0.876606 8.564851
412 0.876606 8.564845
413 0.876605 8.564839
414 0.876604 8.564834
415 0.876603 8.564828
416 0.876603 8.564823
417 0.876602 8.564818
418 0.876601 8.564813
419 0.876601 8.564808
420 0.876600 8.564803
421 0.876600 8.564798
422 0.876599 8.564793
423 0.876598 8.564789
424 0.876598 8.564784
425 0.876597 8.564779
426 0.876597 8.564775
427 0.876596 8.564771
428 0.876595 8.564766
429 0.876595 8.564762
430 0.876594 8.564758
431 0.876594 8.564754
432 0.876593 8.564750
433 0.876593 8.564746
434 0.876592 8.564742
435 0.876592 8.564739
436 0.876591 8.564735
437 0.876591 8.564731
438 0.876590 8.564728
439 0.876590 8.564724
440 0.876590 8.564721
441 0.876589 8.564717
442 0.876589 8.564714
443 0.876588 8.564711
444 0.876588 8.564708
445 0.876587 8.564705
446 0.876587 8.564702
447 0.876587 8.564698
448 0.876586 8.564696
449 0.876586 8.564693
450 0.876586 8.564690
451 0.876585 8.564687
452 0.876585 8.564684
453 0.876584 8.564681
454 0.876584 8.564679
455 0.876584 8.564676
456 0.876583 8.564674
457 0.876583 8.564671
458 0.876583 8.564669
459 0.876582 8.564666
460 0.876582 8.564664
461 0.876582 8.564661
462 0.876582 8.564659
463 0.876581 8.564657
464 0.876581 8.564655
465 0.876581 8.564652
466 0.876580 8.564650
467 0.876580 8.564648
468 0.876580 8.564646
469 0.876580 8.564644
470 0.876579 8.564642
471 0.876579 8.564640
472 0.876579 8.564638
473 0.876579 8.564636
474 0.876578 8.564634
475 0.876578 8.564633
476 0.876578 8.564631
477 0.876578 8.564629
478 0.876577 8.564627
479 0.876577 8.564626
480 0.876577 8.564624
481 0.876577 8.564622
482 0.876577 8.564621
483 0.876576 8.564619
484 0.876576 8.564618
485 0.876576 8.564616
486 0.876576 8.564615
487 0.876576 8.564613
488 0.876575 8.564612
489 0.876575 8.564610
490 0.876575 8.564609
491 0.876575 8.564608
492 0.876575 8.564606
493 0.876575 8.564605
494 0.876574 8.564604
495 0.876574 8.564602
496 0.876574 8.564601
497 0.876574 8.564600
498 0.876574 8.564599
499 0.876574 8.564598
