0 0.361831 4.970000
1 0.360928 4.970000
2 0.360046 4.960353
3 0.359185 4.950928
4 0.358329 4.949072
5 0.357491 4.939889
6 0.356672 4.930907
7 0.355871 4.922120
8 0.355079 4.917880
9 0.354304 4.909366
10 0.353545 4.901027
11 0.352801 4.892860
12 0.352074 4.884862
13 0.351362 4.877029
14 0.350677 4.862971
15 0.350005 4.855594
16 0.349346 4.848359
17 0.348701 4.841264
18 0.348068 4.834306
19 0.347448 4.827483
20 0.346840 4.820792
21 0.346244 4.814232
22 0.345663 4.805768
23 0.345093 4.799497
24 0.344533 4.793340
25 0.343984 4.787294
26 0.343445 4.781357
27 0.342916 4.775528
28 0.342396 4.769805
29 0.341887 4.764186
30 0.341386 4.758669
31 0.340895 4.753253
32 0.340413 4.747935
33 0.339940 4.742713
34 0.339476 4.737587
35 0.339020 4.732555
36 0.338573 4.727614
37 0.338134 4.722763
38 0.337703 4.718001
39 0.337280 4.713326
40 0.336865 4.708736
41 0.336458 4.704231
42 0.336065 4.695769
43 0.335678 4.691500
44 0.335299 4.687303
45 0.334925 4.683178
46 0.334558 4.679122
47 0.334198 4.675135
48 0.333843 4.671216
49 0.333495 4.667364
50 0.333153 4.663577
51 0.332817 4.659854
52 0.332486 4.656195
53 0.332161 4.652598
54 0.331842 4.649062
55 0.331528 4.645587
56 0.331220 4.642171
57 0.330917 4.638813
58 0.330619 4.635512
59 0.330326 4.632268
60 0.330039 4.629079
61 0.329756 4.625944
62 0.329478 4.622864
63 0.329206 4.619835
64 0.328937 4.616859
65 0.328674 4.613934
66 0.328415 4.611058
67 0.328160 4.608232
68 0.327910 4.605454
69 0.327664 4.602724
70 0.327423 4.600041
71 0.327185 4.597403
72 0.326952 4.594811
73 0.326723 4.592263
74 0.326501 4.587737
75 0.326282 4.585309
76 0.326067 4.582919
77 0.325855 4.580567
78 0.325646 4.578253
79 0.325441 4.575974
80 0.325239 4.573732
81 0.325041 4.571526
82 0.324845 4.569354
83 0.324653 4.567217
84 0.324464 4.565113
85 0.324277 4.563043
86 0.324094 4.561006
87 0.323914 4.559001
88 0.323736 4.557028
89 0.323562 4.555086
90 0.323390 4.553175
91 0.323221 4.551294
92 0.323054 4.549443
93 0.322891 4.547621
94 0.322729 4.545828
95 0.322571 4.544064
96 0.322415 4.542328
97 0.322261 4.540619
98 0.322110 4.538938
99 0.321962 4.537283
100 0.321815 4.535655
101 0.321672 4.534052
102 0.321530 4.532475
103 0.321391 4.530923
104 0.321253 4.529396
105 0.321118 4.527892
106 0.320986 4.526413
107 0.320855 4.524958
108 0.320727 4.523525
109 0.320600 4.522116
110 0.320476 4.520729
111 0.320353 4.519364
112 0.320233 4.518020
113 0.320114 4.516698
114 0.319997 4.515398
115 0.319883 4.514117
116 0.319770 4.512858
117 0.319658 4.511618
118 0.319549 4.510398
119 0.319441 4.509198
120 0.319336 4.508017
121 0.319231 4.506854
122 0.319129 4.505710
123 0.319028 4.504585
124 0.318929 4.503477
125 0.318831 4.502387
126 0.318735 4.501315
127 0.318640 4.500259
128 0.318547 4.499221
129 0.318456 4.498199
130 0.318366 4.497193
131 0.318277 4.496203
132 0.318190 4.495230
133 0.318104 4.494271
134 0.318019 4.493328
135 0.317936 4.492401
136 0.317854 4.491488
137 0.317774 4.490589
138 0.317695 4.489705
139 0.317617 4.488835
140 0.317540 4.487979
141 0.317465 4.487137
142 0.317391 4.486308
143 0.317318 4.485493
144 0.317246 4.484690
145 0.317175 4.483900
146 0.317106 4.483123
147 0.317037 4.482359
148 0.316970 4.481606
149 0.316904 4.480866
150 0.316838 4.480138
151 0.316774 4.479421
152 0.316711 4.478715
153 0.316649 4.478021
154 0.316588 4.477338
155 0.316528 4.476666
156 0.316469 4.476005
157 0.316410 4.475355
158 0.316353 4.474714
159 0.316297 4.474084
160 0.316241 4.473465
161 0.316187 4.472855
162 0.316133 4.472254
163 0.316080 4.471664
164 0.316028 4.471083
165 0.315977 4.470511
166 0.315927 4.469949
167 0.315877 4.469395
168 0.315829 4.468850
169 0.315781 4.468314
170 0.315734 4.467787
171 0.315687 4.467268
172 0.315642 4.466757
173 0.315597 4.466255
174 0.315553 4.465761
175 0.315509 4.465274
176 0.315466 4.464796
177 0.315424 4.464325
178 0.315383 4.463861
179 0.315342 4.463405
180 0.315302 4.462957
181 0.315262 4.462515
182 0.315224 4.462081
183 0.315185 4.461654
184 0.315148 4.461233
185 0.315111 4.460819
186 0.315074 4.460412
187 0.315039 4.460012
188 0.315003 4.459617
189 0.314969 4.459230
190 0.314935 4.458848
191 0.314901 4.458473
192 0.314868 4.458103
193 0.314836 4.457740
194 0.314804 4.457382
195 0.314772 4.457030
196 0.314741 4.456684
197 0.314711 4.456343
198 0.314681 4.456008
199 0.314651 4.455678
200 0.314622 4.455353
201 0.314594 4.455034
202 0.314566 4.454720
203 0.314538 4.454410
204 0.314511 4.454106
205 0.314484 4.453807
206 0.314458 4.453512
207 0.314432 4.453223
208 0.314407 4.452937
209 0.314382 4.452657
210 0.314357 4.452381
211 0.314333 4.452109
212 0.314309 4.451842
213 0.314285 4.451579
214 0.314262 4.451320
215 0.314239 4.451066
216 0.314217 4.450815
217 0.314195 4.450569
218 0.314173 4.450326
219 0.314152 4.450088
220 0.314131 4.449853
221 0.314110 4.449622
222 0.314090 4.449395
223 0.314070 4.449171
224 0.314051 4.448951
225 0.314031 4.448735
226 0.314012 4.448522
227 0.313993 4.448312
228 0.313975 4.448106
229 0.313957 4.447903
230 0.313939 4.447703
231 0.313922 4.447507
232 0.313904 4.447314
233 0.313887 4.447123
234 0.313871 4.446936
235 0.313854 4.446752
236 0.313838 4.446571
237 0.313822 4.446393
238 0.313806 4.446217
239 0.313791 4.446045
240 0.313776 4.445875
241 0.313761 4.445708
242 0.313746 4.445544
243 0.313732 4.445382
244 0.313718 4.445223
245 0.313704 4.445066
246 0.313690 4.444912
247 0.313676 4.444761
248 0.313663 4.444612
249 0.313650 4.444465
250 0.313637 4.444321
251 0.313624 4.444179
252 0.313612 4.444039
253 0.313600 4.443901
254 0.313588 4.443766
255 0.313576 4.443633
256 0.313564 4.443502
257 0.313552 4.443373
258 0.313541 4.443246
259 0.313530 4.443122
260 0.313519 4.442999
261 0.313508 4.442878
262 0.313498 4.442759
263 0.313487 4.442642
264 0.313477 4.442527
265 0.313467 4.442414
266 0.313457 4.442303
267 0.313447 4.442193
268 0.313438 4.442085
269 0.313428 4.441979
270 0.313419 4.441875
271 0.313410 4.441772
272 0.313401 4.441671
273 0.313392 4.441572
274 0.313383 4.441474
275 0.313374 4.441378
276 0.313366 4.441283
277 0.313358 4.441190
278 0.313349 4.441098
279 0.313341 4.441008
280 0.313333 4.440919
281 0.313326 4.440832
282 0.313318 4.440746
283 0.313310 4.440662
284 0.313303 4.440578
285 0.313296 4.440497
286 0.313289 4.440416
287 0.313281 4.440337
288 0.313275 4.440259
289 0.313268 4.440182
290 0.313261 4.440107
291 0.313254 4.440032
292 0.313248 4.439959
293 0.313241 4.439888
294 0.313235 4.439817
295 0.313229 4.439747
296 0.313223 4.439679
297 0.313217 4.439612
298 0.313211 4.439545
299 0.313205 4.439480
300 0.313199 4.439416
301 0.313194 4.439353
302 0.313188 4.439291
303 0.313183 4.439230
304 0.313177 4.439169
305 0.313172 4.439110
306 0.313167 4.439052
307 0.313162 4.438995
308 0.313157 4.438938
309 0.313152 4.438883
310 0.313147 4.438829
311 0.313142 4.438775
312 0.313137 4.438722
313 0.313133 4.438670
314 0.313128 4.438619
315 0.313124 4.438569
316 0.313119 4.438519
317 0.313115 4.438471
318 0.313111 4.438423
319 0.313106 4.438376
320 0.313102 4.438329
321 0.313098 4.438284
322 0.313094 4.438239
323 0.313090 4.438194
324 0.313086 4.438151
325 0.313083 4.438108
326 0.313079 4.438066
327 0.313075 4.438025
328 0.313071 4.437984
329 0.313068 4.437944
330 0.313064 4.437905
331 0.313061 4.437866
332 0.313058 4.437828
333 0.313054 4.437790
334 0.313051 4.437753
335 0.313048 4.437717
336 0.313044 4.437681
337 0.313041 4.437646
338 0.313038 4.437611
339 0.313035 4.437577
340 0.313032 4.437544
341 0.313029 4.437511
342 0.313026 4.437478
343 0.313024 4.437446
344 0.313021 4.437415
345 0.313018 4.437384
346 0.313015 4.437353
347 0.313013 4.437324
348 0.313010 4.437294
349 0.313007 4.437265
350 0.313005 4.437237
351 0.313002 4.437209
352 0.313000 4.437181
353 0.312997 4.437154
354 0.312995 4.437127
355 0.312993 4.437101
356 0.312990 4.437075
357 0.312988 4.437050
358 0.312986 4.437025
359 0.312984 4.437000
360 0.312982 4.436976
361 0.312979 4.436952
362 0.312977 4.436928
363 0.312975 4.436905
364 0.312973 4.436883
365 0.312971 4.436860
366 0.312969 4.436838
367 0.312967 4.436817
368 0.312965 4.436795
369 0.312964 4.436775
370 0.312962 4.436754
371 0.312960 4.436734
372 0.312958 4.436714
373 0.312956 4.436694
374 0.312955 4.436675
375 0.312953 4.436656
376 0.312951 4.436637
377 0.312950 4.436619
378 0.312948 4.436601
379 0.312946 4.436583
380 0.312945 4.436565
381 0.312943 4.436548
382 0.312942 4.436531
383 0.312940 4.436514
384 0.312939 4.436498
385 0.312937 4.436482
386 0.312936 4.436466
387 0.312935 4.436450
388 0.312933 4.436435
389 0.312932 4.436420
390 0.312931 4.436405
391 0.312929 4.436390
392 0.312928 4.436376
393 0.312927 4.436362
394 0.312925 4.436348
395 0.312924 4.436334
396 0.312923 4.436321
397 0.312922 4.436307
398 0.312921 4.436294
399 0.312920 4.436281
400 0.312918 4.436269
401 0.312917 4.436256
402 0.312916 4.436244
403 0.312915 4.436232
404 0.312914 4.436220
405 0.312913 4.436208
406 0.312912 4.436197
407 0.312911 4.436186
408 0.312910 4.436174
409 0.312909 4.436164
410 0.312908 4.436153
411 0.312907 4.436142
412 0.312906 4.436132
413 0.312905 4.436122
414 0.312904 4.436111
415 0.312904 4.436102
416 0.312903 4.436092
417 0.312902 4.436082
418 0.312901 4.436073
419 0.312900 4.436063
420 0.312899 4.436054
421 0.312898 4.436045
422 0.312898 4.436036
423 0.312897 4.436028
424 0.312896 4.436019
425 0.312895 4.436011
426 0.312895 4.436002
427 0.312894 4.435994
428 0.312893 4.435986
429 0.312893 4.435978
430 0.312892 4.435970
431 0.312891 4.435963
432 0.312890 4.435955
433 0.312890 4.435948
434 0.312889 4.435941
435 0.312889 4.435933
436 0.312888 4.435926
437 0.312887 4.435919
438 0.312887 4.435913
439 0.312886 4.435906
440 0.312885 4.435899
441 0.312885 4.435893
442 0.312884 4.435886
443 0.312884 4.435880
444 0.312883 4.435874
445 0.312883 4.435868
446 0.312882 4.435862
447 0.312882 4.435856
448 0.312881 4.435850
449 0.312881 4.435844
450 0.312880 4.435839
451 0.312880 4.435833
452 0.312879 4.435828
453 0.312879 4.435822
454 0.312878 4.435817
455 0.312878 4.435812
456 0.312877 4.435807
457 0.312877 4.435802
458 0.312876 4.435797
459 0.312876 4.435792
460 0.312875 4.435787
461 0.312875 4.435783
462 0.312875 4.435778
463 0.312874 4.435773
464 0.312874 4.435769
465 0.312873 4.435764
466 0.312873 4.435760
467 0.312873 4.435756
468 0.312872 4.435752
469 0.312872 4.435748
470 0.312872 4.435744
471 0.312871 4.435740
472 0.312871 4.435736
473 0.312871 4.435732
474 0.312870 4.435728
475 0.312870 4.435724
476 0.312870 4.435720
477 0.312869 4.435717
478 0.312869 4.435713
479 0.312869 4.435710
480 0.312868 4.435706
481 0.312868 4.435703
482 0.312868 4.435700
483 0.312867 4.435696
484 0.312867 4.435693
485 0.312867 4.435690
486 0.312866 4.435687
487 0.312866 4.435684
488 0.312866 4.435681
489 0.312866 4.435678
490 0.312865 4.435675
491 0.312865 4.435672
492 0.312865 4.435669
493 0.312865 4.435666
494 0.312864 4.435663
495 0.312864 4.435661
496 0.312864 4.435658
497 0.312864 4.435655
498 0.312863 4.435653
499 0.312863 4.435650
