0 0.938636 7.540000
1 0.936594 7.540000
2 0.934622 7.527243
3 0.932728 7.512757
4 0.930895 7.500914
5 0.929072 7.499086
6 0.927306 7.487663
7 0.925595 7.476592
8 0.923948 7.463408
9 0.922350 7.453078
10 0.920799 7.443051
11 0.919294 7.433318
12 0.917834 7.423870
13 0.916418 7.414699
14 0.915043 7.405798
15 0.913722 7.394202
16 0.912438 7.385898
17 0.911190 7.377826
18 0.909978 7.369979
19 0.908799 7.362351
20 0.907654 7.354935
21 0.906541 7.347726
22 0.905460 7.340719
23 0.904409 7.333908
24 0.903387 7.327286
25 0.902395 7.320851
26 0.901410 7.319149
27 0.900451 7.312935
28 0.899518 7.306885
29 0.898609 7.300995
30 0.897725 7.295261
31 0.896865 7.289679
32 0.896028 7.284245
33 0.895213 7.278955
34 0.894419 7.273805
35 0.893647 7.268792
36 0.892896 7.263912
37 0.892177 7.256088
38 0.891475 7.251542
39 0.890792 7.247109
40 0.890126 7.242787
41 0.889476 7.238573
42 0.888843 7.234465
43 0.888225 7.230459
44 0.887624 7.226553
45 0.887037 7.222746
46 0.886465 7.219033
47 0.885908 7.215414
48 0.885365 7.211885
49 0.884835 7.208445
50 0.884319 7.205091
51 0.883815 7.201821
52 0.883326 7.198179
53 0.882849 7.195080
54 0.882382 7.192054
55 0.881927 7.189099
56 0.881482 7.186213
57 0.881048 7.183395
58 0.880624 7.180644
59 0.880210 7.177957
60 0.879806 7.175334
61 0.879412 7.172772
62 0.879027 7.170271
63 0.878651 7.167828
64 0.878284 7.165444
65 0.877925 7.163115
66 0.877575 7.160841
67 0.877234 7.158621
68 0.876900 7.156453
69 0.876574 7.154337
70 0.876256 7.152270
71 0.875946 7.150252
72 0.875643 7.148282
73 0.875347 7.146358
74 0.875058 7.144479
75 0.874776 7.142645
76 0.874501 7.140855
77 0.874231 7.139145
78 0.873968 7.137436
79 0.873711 7.135764
80 0.873459 7.134129
81 0.873213 7.132530
82 0.872972 7.130966
83 0.872736 7.129437
84 0.872506 7.127942
85 0.872281 7.126479
86 0.872061 7.125049
87 0.871846 7.123650
88 0.871635 7.122282
89 0.871429 7.120944
90 0.871228 7.119636
91 0.871031 7.118357
92 0.870838 7.117105
93 0.870650 7.115882
94 0.870466 7.114685
95 0.870286 7.113515
96 0.870110 7.112371
97 0.869938 7.111252
98 0.869769 7.110158
99 0.869605 7.109087
100 0.869444 7.108041
101 0.869286 7.107017
102 0.869132 7.106017
103 0.868982 7.105038
104 0.868835 7.104081
105 0.868691 7.103145
106 0.868550 7.102230
107 0.868412 7.101335
108 0.868278 7.100459
109 0.868146 7.099603
110 0.868018 7.098766
111 0.867892 7.097948
112 0.867769 7.097148
113 0.867648 7.096365
114 0.867531 7.095599
115 0.867416 7.094851
116 0.867303 7.094119
117 0.867193 7.093403
118 0.867085 7.092703
119 0.866980 7.092019
120 0.866877 7.091349
121 0.866777 7.090695
122 0.866678 7.090055
123 0.866582 7.089429
124 0.866488 7.088817
125 0.866396 7.088218
126 0.866306 7.087633
127 0.866218 7.087061
128 0.866132 7.086501
129 0.866048 7.085954
130 0.865966 7.085419
131 0.865885 7.084895
132 0.865807 7.084384
133 0.865730 7.083883
134 0.865655 7.083394
135 0.865581 7.082915
136 0.865509 7.082447
137 0.865439 7.081990
138 0.865370 7.081542
139 0.865303 7.081105
140 0.865237 7.080677
141 0.865173 7.080258
142 0.865110 7.079849
143 0.865049 7.079449
144 0.864988 7.079058
145 0.864930 7.078675
146 0.864872 7.078301
147 0.864816 7.077936
148 0.864761 7.077578
149 0.864707 7.077228
150 0.864655 7.076886
151 0.864603 7.076552
152 0.864553 7.076224
153 0.864504 7.075905
154 0.864456 7.075592
155 0.864409 7.075286
156 0.864363 7.074987
157 0.864318 7.074695
158 0.864274 7.074409
159 0.864231 7.074129
160 0.864189 7.073856
161 0.864148 7.073588
162 0.864108 7.073327
163 0.864069 7.073071
164 0.864030 7.072821
165 0.863993 7.072577
166 0.863956 7.072338
167 0.863920 7.072104
168 0.863885 7.071875
169 0.863851 7.071652
170 0.863817 7.071433
171 0.863784 7.071219
172 0.863752 7.071010
173 0.863721 7.070806
174 0.863690 7.070606
175 0.863660 7.070411
176 0.863631 7.070220
177 0.863602 7.070033
178 0.863574 7.069850
179 0.863547 7.069672
180 0.863520 7.069497
181 0.863494 7.069326
182 0.863468 7.069159
183 0.863443 7.068996
184 0.863418 7.068836
185 0.863394 7.068680
186 0.863371 7.068527
187 0.863348 7.068378
188 0.863326 7.068232
189 0.863304 7.068089
190 0.863282 7.067949
191 0.863261 7.067813
192 0.863241 7.067679
193 0.863221 7.067549
194 0.863201 7.067421
195 0.863182 7.067296
196 0.863163 7.067174
197 0.863145 7.067055
198 0.863127 7.066938
199 0.863109 7.066824
200 0.863092 7.066712
201 0.863075 7.066603
202 0.863059 7.066496
203 0.863043 7.066392
204 0.863027 7.066290
205 0.863012 7.066190
206 0.862997 7.066093
207 0.862982 7.065997
208 0.862968 7.065904
209 0.862954 7.065813
210 0.862940 7.065724
211 0.862927 7.065636
212 0.862914 7.065551
213 0.862901 7.065468
214 0.862889 7.065386
215 0.862876 7.065306
216 0.862864 7.065228
217 0.862853 7.065152
218 0.862841 7.065078
219 0.862830 7.065005
220 0.862819 7.064933
221 0.862808 7.064864
222 0.862798 7.064796
223 0.862788 7.064729
224 0.862778 7.064664
225 0.862768 7.064600
226 0.862758 7.064538
227 0.862749 7.064477
228 0.862740 7.064417
229 0.862731 7.064359
230 0.862722 7.064302
231 0.862714 7.064246
232 0.862705 7.064192
233 0.862697 7.064139
234 0.862689 7.064086
235 0.862681 7.064035
236 0.862674 7.063986
237 0.862666 7.063937
238 0.862659 7.063889
239 0.862652 7.063843
240 0.862645 7.063797
241 0.862638 7.063753
242 0.862631 7.063709
243 0.862625 7.063667
244 0.862618 7.063625
245 0.862612 7.063584
246 0.862606 7.063544
247 0.862600 7.063506
248 0.862594 7.063467
249 0.862588 7.063430
250 0.862583 7.063394
251 0.862577 7.063358
252 0.862572 7.063323
253 0.862567 7.063289
254 0.862562 7.063256
255 0.862557 7.063224
256 0.862552 7.063192
257 0.862547 7.063161
258 0.862542 7.063130
259 0.862538 7.063101
260 0.862533 7.063071
261 0.862529 7.063043
262 0.862525 7.063015
263 0.862520 7.062988
264 0.862516 7.062961
265 0.862512 7.062935
266 0.862508 7.062910
267 0.862505 7.062885
268 0.862501 7.062861
269 0.862497 7.062837
270 0.862494 7.062814
271 0.862490 7.062791
272 0.862487 7.062769
273 0.862483 7.062747
274 0.862480 7.062726
275 0.862477 7.062705
276 0.862474 7.062685
277 0.862471 7.062665
278 0.862468 7.062646
279 0.862465 7.062627
280 0.862462 7.062608
281 0.862459 7.062590
282 0.862457 7.062572
283 0.862454 7.062555
284 0.862451 7.062538
285 0.862449 7.062521
286 0.862446 7.062505
287 0.862444 7.062489
288 0.862441 7.062473
289 0.862439 7.062458
290 0.862437 7.062443
291 0.862435 7.062429
292 0.862432 7.062415
293 0.862430 7.062401
294 0.862428 7.062387
295 0.862426 7.062374
296 0.862424 7.062361
297 0.862422 7.062348
298 0.862420 7.062336
299 0.862418 7.062324
300 0.862417 7.062312
301 0.862415 7.062300
302 0.862413 7.062289
303 0.862411 7.062278
304 0.862410 7.062267
305 0.862408 7.062256
306 0.862407 7.062246
307 0.862405 7.062236
308 0.862403 7.062226
309 0.862402 7.062216
310 0.862400 7.062207
311 0.862399 7.062198
312 0.862398 7.062188
313 0.862396 7.062180
314 0.862395 7.062171
315 0.862394 7.062162
316 0.862392 7.062154
317 0.862391 7.062146
318 0.862390 7.062138
319 0.862389 7.062130
320 0.862388 7.062123
321 0.862386 7.062115
322 0.862385 7.062108
323 0.862384 7.062101
324 0.862383 7.062094
325 0.862382 7.062087
326 0.862381 7.062081
327 0.862380 7.062074
328 0.862379 7.062068
329 0.862378 7.062062
330 0.862377 7.062056
331 0.862376 7.062050
332 0.862375 7.062044
333 0.862375 7.062038
334 0.862374 7.062033
335 0.862373 7.062027
336 0.862372 7.062022
337 0.862371 7.062017
338 0.862371 7.062012
339 0.862370 7.062007
340 0.862369 7.062002
341 0.862368 7.061997
342 0.862368 7.061993
343 0.862367 7.061988
344 0.862366 7.061984
345 0.862366 7.061979
346 0.862365 7.061975
347 0.862364 7.061971
348 0.862364 7.061967
349 0.862363 7.061963
350 0.862362 7.061959
351 0.862362 7.061955
352 0.862361 7.061952
353 0.862361 7.061948
354 0.862360 7.061945
355 0.862360 7.061941
356 0.862359 7.061938
357 0.862359 7.061934
358 0.862358 7.061931
359 0.862358 7.061928
360 0.862357 7.061925
361 0.862357 7.061922
362 0.862356 7.061919
363 0.862356 7.061916
364 0.862355 7.061913
365 0.862355 7.061910
366 0.862355 7.061908
367 0.862354 7.061905
368 0.862354 7.061902
369 0.862353 7.061900
370 0.862353 7.061897
371 0.862353 7.061895
372 0.862352 7.061893
373 0.862352 7.061890
374 0.862352 7.061888
375 0.862351 7.061886
376 0.862351 7.061884
377 0.862351 7.061882
378 0.862350 7.061880
379 0.862350 7.061878
380 0.862350 7.061876
381 0.862349 7.061874
382 0.862349 7.061872
383 0.862349 7.061870
384 0.862349 7.061868
385 0.862348 7.061866
386 0.862348 7.061865
387 0.862348 7.061863
388 0.862347 7.061861
389 0.862347 7.061860
390 0.862347 7.061858
391 0.862347 7.061857
392 0.862346 7.061855
393 0.862346 7.061854
394 0.862346 7.061852
395 0.862346 7.061851
396 0.862346 7.061849
397 0.862345 7.061848
398 0.862345 7.061847
399 0.862345 7.061845
400 0.862345 7.061844
401 0.862345 7.061843
402 0.862344 7.061842
403 0.862344 7.061841
404 0.862344 7.061839
405 0.862344 7.061838
406 0.862344 7.061837
407 0.862344 7.061836
408 0.862343 7.061835
409 0.862343 7.061834
410 0.862343 7.061833
411 0.862343 7.061832
412 0.862343 7.061831
413 0.862343 7.061830
414 0.862343 7.061829
415 0.862342 7.061828
416 0.862342 7.061827
417 0.862342 7.061827
418 0.862342 7.061826
419 0.862342 7.061825
420 0.862342 7.061824
421 0.862342 7.061823
422 0.862341 7.061822
423 0.862341 7.061822
424 0.862341 7.061821
425 0.862341 7.061820
426 0.862341 7.061820
427 0.862341 7.061819
428 0.862341 7.061818
429 0.862341 7.061818
430 0.862341 7.061817
431 0.862341 7.061816
432 0.862340 7.061816
433 0.862340 7.061815
434 0.862340 7.061814
435 0.862340 7.061814
436 0.862340 7.061813
437 0.862340 7.061813
438 0.862340 7.061812
439 0.862340 7.061812
440 0.862340 7.061811
441 0.862340 7.061811
442 0.862340 7.061810
443 0.862340 7.061810
444 0.862339 7.061809
445 0.862339 7.061809
446 0.862339 7.061808
447 0.862339 7.061808
448 0.862339 7.061807
449 0.862339 7.061807
450 0.862339 7.061807
451 0.862339 7.061806
452 0.862339 7.061806
453 0.862339 7.061805
454 0.862339 7.061805
455 0.862339 7.061805
456 0.862339 7.061804
457 0.862339 7.061804
458 0.862339 7.061804
459 0.862339 7.061803
460 0.862339 7.061803
461 0.862338 7.061803
462 0.862338 7.061802
463 0.862338 7.061802
464 0.862338 7.061802
465 0.862338 7.061801
466 0.862338 7.061801
467 0.862338 7.061801
468 0.862338 7.061801
469 0.862338 7.061800
470 0.862338 7.061800
471 0.862338 7.061800
472 0.862338 7.061800
473 0.862338 7.061799
474 0.862338 7.061799
475 0.862338 7.061799
476 0.862338 7.061799
477 0.862338 7.061798
478 0.862338 7.061798
479 0.862338 7.061798
480 0.862338 7.061798
481 0.862338 7.061798
482 0.862338 7.061797
483 0.862338 7.061797
484 0.862338 7.061797
485 0.862338 7.061797
486 0.862338 7.061797
487 0.862337 7.061796
488 0.862337 7.061796
489 0.862337 7.061796
490 0.862337 7.061796
491 0.862337 7.061796
492 0.862337 7.061796
493 0.862337 7.061795
494 0.862337 7.061795
495 0.862337 7.061795
496 0.862337 7.061795
497 0.862337 7.061795
498 0.862337 7.061795
499 0.862337 7.061795
