0 0.661156 6.150000
1 0.659836 6.150000
2 0.658601 6.140448
3 0.657374 6.139552
4 0.656225 6.130656
5 0.655087 6.129344
6 0.654019 6.121076
7 0.653017 6.113317
8 0.652071 6.106683
9 0.651182 6.099801
10 0.650346 6.093331
11 0.649561 6.087249
12 0.648823 6.081531
13 0.648109 6.078469
14 0.647438 6.073273
15 0.646806 6.068380
16 0.646211 6.063773
17 0.645651 6.059436
18 0.645124 6.055352
19 0.644628 6.051507
20 0.644161 6.047887
21 0.643722 6.044480
22 0.643308 6.041272
23 0.642914 6.038728
24 0.642543 6.035855
25 0.642193 6.033145
26 0.641863 6.030590
27 0.641552 6.028180
28 0.641259 6.025908
29 0.640983 6.023765
30 0.640722 6.021745
31 0.640476 6.019840
32 0.640244 6.018044
33 0.640026 6.016350
34 0.639820 6.014753
35 0.639626 6.013247
36 0.639442 6.011827
37 0.639270 6.010488
38 0.639104 6.009512
39 0.638948 6.008304
40 0.638800 6.007160
41 0.638660 6.006079
42 0.638528 6.005056
43 0.638403 6.004087
44 0.638284 6.003171
45 0.638172 6.002305
46 0.638066 6.001485
47 0.637966 6.000709
48 0.637876 5.999291
49 0.637790 5.998632
50 0.637709 5.998008
51 0.637633 5.997417
52 0.637560 5.996856
53 0.637491 5.996325
54 0.637426 5.995821
55 0.637364 5.995344
56 0.637306 5.994891
57 0.637250 5.994463
58 0.637197 5.994056
59 0.637148 5.993671
60 0.637100 5.993306
61 0.637055 5.992961
62 0.637013 5.992633
63 0.636973 5.992322
64 0.636935 5.992028
65 0.636899 5.991749
66 0.636864 5.991484
67 0.636832 5.991234
68 0.636801 5.990996
69 0.636772 5.990771
70 0.636744 5.990558
71 0.636718 5.990356
72 0.636693 5.990164
73 0.636670 5.989983
74 0.636648 5.989811
75 0.636626 5.989648
76 0.636606 5.989493
77 0.636587 5.989347
78 0.636569 5.989208
79 0.636552 5.989076
80 0.636536 5.988952
81 0.636521 5.988834
82 0.636506 5.988722
83 0.636493 5.988616
84 0.636480 5.988515
85 0.636467 5.988420
86 0.636456 5.988329
87 0.636445 5.988244
88 0.636434 5.988163
89 0.636424 5.988086
90 0.636415 5.988013
91 0.636406 5.987944
92 0.636397 5.987879
93 0.636389 5.987816
94 0.636382 5.987758
95 0.636374 5.987702
96 0.636368 5.987649
97 0.636361 5.987599
98 0.636355 5.987552
99 0.636349 5.987507
100 0.636344 5.987464
101 0.636338 5.987424
102 0.636333 5.987386
103 0.636329 5.987350
104 0.636324 5.987315
105 0.636320 5.987283
106 0.636316 5.987252
107 0.636312 5.987223
108 0.636309 5.987195
109 0.636305 5.987169
110 0.636302 5.987144
111 0.636299 5.987120
112 0.636296 5.987098
113 0.636293 5.987077
114 0.636291 5.987057
115 0.636288 5.987038
116 0.636286 5.987020
117 0.636284 5.987003
118 0.636282 5.986986
119 0.636280 5.986971
120 0.636278 5.986956
121 0.636276 5.986943
122 0.636274 5.986930
123 0.636273 5.986917
124 0.636271 5.986906
125 0.636270 5.986894
126 0.636268 5.986884
127 0.636267 5.986874
128 0.636266 5.986864
129 0.636265 5.986856
130 0.636264 5.986847
131 0.636263 5.986839
132 0.636262 5.986831
133 0.636261 5.986824
134 0.636260 5.986817
135 0.636259 5.986811
136 0.636258 5.986805
137 0.636257 5.986799
138 0.636257 5.986793
139 0.636256 5.986788
140 0.636255 5.986783
141 0.636255 5.986778
142 0.636254 5.986774
143 0.636254 5.986770
144 0.636253 5.986766
145 0.636253 5.986762
146 0.636252 5.986758
147 0.636252 5.986755
148 0.636251 5.986752
149 0.636251 5.986749
150 0.636251 5.986746
151 0.636250 5.986743
152 0.636250 5.986740
153 0.636250 5.986738
154 0.636249 5.986736
155 0.636249 5.986733
156 0.636249 5.986731
157 0.636248 5.986729
158 0.636248 5.986727
159 0.636248 5.986726
160 0.636248 5.986724
161 0.636248 5.986722
162 0.636247 5.986721
163 0.636247 5.986719
164 0.636247 5.986718
165 0.636247 5.986717
166 0.636247 5.986715
167 0.636247 5.986714
168 0.636246 5.986713
169 0.636246 5.986712
170 0.636246 5.986711
171 0.636246 5.986710
172 0.636246 5.986709
173 0.636246 5.986708
174 0.636246 5.986708
175 0.636246 5.986707
176 0.636245 5.986706
177 0.636245 5.986705
178 0.636245 5.986705
179 0.636245 5.986704
180 0.636245 5.986704
181 0.636245 5.986703
182 0.636245 5.986703
183 0.636245 5.986702
184 0.636245 5.986702
185 0.636245 5.986701
186 0.636245 5.986701
187 0.636245 5.986700
188 0.636245 5.986700
189 0.636245 5.986700
190 0.636245 5.986699
191 0.636245 5.986699
192 0.636244 5.986699
193 0.636244 5.986698
194 0.636244 5.986698
195 0.636244 5.986698
196 0.636244 5.986698
197 0.636244 5.986697
198 0.636244 5.986697
199 0.636244 5.986697
200 0.636244 5.986697
201 0.636244 5.986697
202 0.636244 5.986696
203 0.636244 5.986696
204 0.636244 5.986696
205 0.636244 5.986696
206 0.636244 5.986696
207 0.636244 5.986696
208 0.636244 5.986695
209 0.636244 5.986695
210 0.636244 5.986695
211 0.636244 5.986695
212 0.636244 5.986695
213 0.636244 5.986695
214 0.636244 5.986695
215 0.636244 5.986695
216 0.636244 5.986695
217 0.636244 5.986695
218 0.636244 5.986695
219 0.636244 5.986694
220 0.636244 5.986694
221 0.636244 5.986694
222 0.636244 5.986694
223 0.636244 5.986694
224 0.636244 5.986694
225 0.636244 5.986694
226 0.636244 5.986694
227 0.636244 5.986694
228 0.636244 5.986694
229 0.636244 5.986694
230 0.636244 5.986694
231 0.636244 5.986694
232 0.636244 5.986694
233 0.636244 5.986694
234 0.636244 5.986694
235 0.636244 5.986694
236 0.636244 5.986694
237 0.636244 5.986694
238 0.636244 5.986694
239 0.636244 5.986694
240 0.636244 5.986694
241 0.636244 5.986694
242 0.636244 5.986694
243 0.636244 5.986694
244 0.636244 5.986693
245 0.636244 5.986693
246 0.636244 5.986693
247 0.636244 5.986693
248 0.636244 5.986693
249 0.636244 5.986693
250 0.636244 5.986693
251 0.636244 5.986693
252 0.636244 5.986693
253 0.636244 5.986693
254 0.636244 5.986693
255 0.636244 5.986693
256 0.636244 5.986693
257 0.636244 5.986693
258 0.636244 5.986693
259 0.636244 5.986693
260 0.636244 5.986693
261 0.636244 5.986693
262 0.636244 5.986693
263 0.636244 5.986693
264 0.636244 5.986693
265 0.636244 5.986693
266 0.636244 5.986693
267 0.636244 5.986693
268 0.636244 5.986693
269 0.636244 5.986693
270 0.636244 5.986693
271 0.636244 5.986693
272 0.636244 5.986693
273 0.636244 5.986693
274 0.636244 5.986693
275 0.636244 5.986693
276 0.636244 5.986693
277 0.636244 5.986693
278 0.636244 5.986693
279 0.636244 5.986693
280 0.636244 5.986693
281 0.636244 5.986693
282 0.636244 5.986693
283 0.636244 5.986693
284 0.636244 5.986693
285 0.636244 5.986693
286 0.636244 5.986693
287 0.636244 5.986693
288 0.636244 5.986693
289 0.636244 5.986693
290 0.636244 5.986693
291 0.636244 5.986693
292 0.636244 5.986693
293 0.636244 5.986693
294 0.636244 5.986693
295 0.636244 5.986693
296 0.636244 5.986693
297 0.636244 5.986693
298 0.636244 5.986693
299 0.636244 5.986693
300 0.636244 5.986693
301 0.636244 5.986693
302 0.636244 5.986693
303 0.636244 5.986693
304 0.636244 5.986693
305 0.636244 5.986693
306 0.636244 5.986693
307 0.636244 5.986693
308 0.636244 5.986693
309 0.636244 5.986693
310 0.636244 5.986693
311 0.636244 5.986693
312 0.636244 5.986693
313 0.636244 5.986693
314 0.636244 5.986693
315 0.636244 5.986693
316 0.636244 5.986693
317 0.636244 5.986693
318 0.636244 5.986693
319 0.636244 5.986693
320 0.636244 5.986693
321 0.636244 5.986693
322 0.636244 5.986693
323 0.636244 5.986693
324 0.636244 5.986693
325 0.636244 5.986693
326 0.636244 5.986693
327 0.636244 5.986693
328 0.636244 5.986693
329 0.636244 5.986693
330 0.636244 5.986693
331 0.636244 5.986693
332 0.636244 5.986693
333 0.636244 5.986693
334 0.636244 5.986693
335 0.636244 5.986693
336 0.636244 5.986693
337 0.636244 5.986693
338 0.636244 5.986693
339 0.636244 5.986693
340 0.636244 5.986693
341 0.636244 5.986693
342 0.636244 5.986693
343 0.636244 5.986693
344 0.636244 5.986693
345 0.636244 5.986693
346 0.636244 5.986693
347 0.636244 5.986693
348 0.636244 5.986693
349 0.636244 5.986693
350 0.636244 5.986693
351 0.636244 5.986693
352 0.636244 5.986693
353 0.636244 5.986693
354 0.636244 5.986693
355 0.636244 5.986693
356 0.636244 5.986693
357 0.636244 5.986693
358 0.636244 5.986693
359 0.636244 5.986693
360 0.636244 5.986693
361 0.636244 5.986693
362 0.636244 5.986693
363 0.636244 5.986693
364 0.636244 5.986693
365 0.636244 5.986693
366 0.636244 5.986693
367 0.636244 5.986693
368 0.636244 5.986693
369 0.636244 5.986693
370 0.636244 5.986693
371 0.636244 5.986693
372 0.636244 5.986693
373 0.636244 5.986693
374 0.636244 5.986693
375 0.636244 5.986693
376 0.636244 5.986693
377 0.636244 5.986693
378 0.636244 5.986693
379 0.636244 5.986693
380 0.636244 5.986693
381 0.636244 5.986693
382 0.636244 5.986693
383 0.636244 5.986693
384 0.636244 5.986693
385 0.636244 5.986693
386 0.636244 5.986693
387 0.636244 5.986693
388 0.636244 5.986693
389 0.636244 5.986693
390 0.636244 5.986693
391 0.636244 5.986693
392 0.636244 5.986693
393 0.636244 5.986693
394 0.636244 5.986693
395 0.636244 5.986693
396 0.636244 5.986693
397 0.636244 5.986693
398 0.636244 5.986693
399 0.636244 5.986693
400 0.636244 5.986693
401 0.636244 5.986693
402 0.636244 5.986693
403 0.636244 5.986693
404 0.636244 5.986693
405 0.636244 5.986693
406 0.636244 5.986693
407 0.636244 5.986693
408 0.636244 5.986693
409 0.636244 5.986693
410 0.636244 5.986693
411 0.636244 5.986693
412 0.636244 5.986693
413 0.636244 5.986693
414 0.636244 5.986693
415 0.636244 5.986693
416 0.636244 5.986693
417 0.636244 5.986693
418 0.636244 5.986693
419 0.636244 5.986693
420 0.636244 5.986693
421 0.636244 5.986693
422 0.636244 5.986693
423 0.636244 5.986693
424 0.636244 5.986693
425 0.636244 5.986693
426 0.636244 5.986693
427 0.636244 5.986693
428 0.636244 5.986693
429 0.636244 5.986693
430 0.636244 5.986693
431 0.636244 5.986693
432 0.636244 5.986693
433 0.636244 5.986693
434 0.636244 5.986693
435 0.636244 5.986693
436 0.636244 5.986693
437 0.636244 5.986693
438 0.636244 5.986693
439 0.636244 5.986693
440 0.636244 5.986693
441 0.636244 5.986693
442 0.636244 5.986693
443 0.636244 5.986693
444 0.636244 5.986693
445 0.636244 5.986693
446 0.636244 5.986693
447 0.636244 5.986693
448 0.636244 5.986693
449 0.636244 5.986693
450 0.636244 5.986693
451 0.636244 5.986693
452 0.636244 5.986693
453 0.636244 5.986693
454 0.636244 5.986693
455 0.636244 5.986693
456 0.636244 5.986693
457 0.636244 5.986693
458 0.636244 5.986693
459 0.636244 5.986693
460 0.636244 5.986693
461 0.636244 5.986693
462 0.636244 5.986693
463 0.636244 5.986693
464 0.636244 5.986693
465 0.636244 5.986693
466 0.636244 5.986693
467 0.636244 5.986693
468 0.636244 5.986693
469 0.636244 5.986693
470 0.636244 5.986693
471 0.636244 5.986693
472 0.636244 5.986693
473 0.636244 5.986693
474 0.636244 5.986693
475 0.636244 5.986693
476 0.636244 5.986693
477 0.636244 5.986693
478 0.636244 5.986693
479 0.636244 5.986693
480 0.636244 5.986693
481 0.636244 5.986693
482 0.636244 5.986693
483 0.636244 5.986693
484 0.636244 5.986693
485 0.636244 5.986693
486 0.636244 5.986693
487 0.636244 5.986693
488 0.636244 5.986693
489 0.636244 5.986693
490 0.636244 5.986693
491 0.636244 5.986693
492 0.636244 5.986693
493 0.636244 5.986693
494 0.636244 5.986693
495 0.636244 5.986693
496 0.636244 5.986693
497 0.636244 5.986693
498 0.636244 5.986693
499 0.636244 5.986693
