0 0.194833 2.660000
1 0.194262 2.660000
2 0.193705 2.653942
3 0.193163 2.646058
4 0.192632 2.640302
5 0.192113 2.634662
6 0.191605 2.629138
7 0.191107 2.623726
8 0.190620 2.618424
9 0.190142 2.613231
10 0.189678 2.606769
11 0.189222 2.601813
12 0.188775 2.596952
13 0.188338 2.592184
14 0.187908 2.587508
15 0.187488 2.582921
16 0.187077 2.577079
17 0.186674 2.572692
18 0.186279 2.568383
19 0.185891 2.564152
20 0.185510 2.559997
21 0.185136 2.555917
22 0.184769 2.551910
23 0.184408 2.548090
24 0.184054 2.544221
25 0.183705 2.540417
26 0.183363 2.536676
27 0.183026 2.532998
28 0.182699 2.527002
29 0.182377 2.523486
30 0.182059 2.520024
31 0.181747 2.516615
32 0.181440 2.513259
33 0.181138 2.509955
34 0.180840 2.506702
35 0.180547 2.503499
36 0.180259 2.500345
37 0.179975 2.497240
38 0.179696 2.494184
39 0.179421 2.491175
40 0.179151 2.488212
41 0.178885 2.485296
42 0.178623 2.482425
43 0.178365 2.479598
44 0.178112 2.476815
45 0.177862 2.474076
46 0.177616 2.471379
47 0.177375 2.468621
48 0.177136 2.466007
49 0.176902 2.463431
50 0.176670 2.460892
51 0.176442 2.458389
52 0.176218 2.455921
53 0.175996 2.453489
54 0.175778 2.451091
55 0.175563 2.448728
56 0.175351 2.446399
57 0.175143 2.444103
58 0.174937 2.441839
59 0.174734 2.439609
60 0.174534 2.437410
61 0.174337 2.435243
62 0.174144 2.433106
63 0.173952 2.431001
64 0.173764 2.428926
65 0.173578 2.426880
66 0.173396 2.424864
67 0.173215 2.422877
68 0.173038 2.420919
69 0.172863 2.418988
70 0.172690 2.417086
71 0.172521 2.415211
72 0.172353 2.413363
73 0.172188 2.411541
74 0.172026 2.409746
75 0.171866 2.407977
76 0.171708 2.406233
77 0.171552 2.404515
78 0.171399 2.402821
79 0.171248 2.401152
80 0.171100 2.398848
81 0.170954 2.397235
82 0.170810 2.395644
83 0.170668 2.394073
84 0.170527 2.392523
85 0.170389 2.390993
86 0.170252 2.389484
87 0.170118 2.387994
88 0.169985 2.386524
89 0.169853 2.385073
90 0.169724 2.383641
91 0.169596 2.382228
92 0.169470 2.380833
93 0.169346 2.379457
94 0.169223 2.378099
95 0.169102 2.376759
96 0.168983 2.375437
97 0.168865 2.374132
98 0.168749 2.372844
99 0.168634 2.371573
100 0.168521 2.370319
101 0.168409 2.369082
102 0.168299 2.367861
103 0.168190 2.366655
104 0.168083 2.365466
105 0.167977 2.364293
106 0.167872 2.363135
107 0.167769 2.361992
108 0.167668 2.360865
109 0.167567 2.359752
110 0.167469 2.358654
111 0.167371 2.357571
112 0.167275 2.356502
113 0.167180 2.355447
114 0.167086 2.354406
115 0.166993 2.353379
116 0.166902 2.352365
117 0.166812 2.351365
118 0.166723 2.350378
119 0.166635 2.349404
120 0.166549 2.348444
121 0.166464 2.347495
122 0.166379 2.346560
123 0.166296 2.345637
124 0.166214 2.344726
125 0.166133 2.343827
126 0.166054 2.342940
127 0.165975 2.342065
128 0.165897 2.341202
129 0.165821 2.340350
130 0.165745 2.339509
131 0.165671 2.338680
132 0.165597 2.337861
133 0.165524 2.337054
134 0.165453 2.336257
135 0.165382 2.335470
136 0.165312 2.334695
137 0.165244 2.333929
138 0.165176 2.333174
139 0.165109 2.332429
140 0.165043 2.331693
141 0.164978 2.330968
142 0.164913 2.330252
143 0.164850 2.329546
144 0.164787 2.328849
145 0.164726 2.328161
146 0.164665 2.327483
147 0.164605 2.326813
148 0.164545 2.326153
149 0.164487 2.325501
150 0.164429 2.324858
151 0.164372 2.324224
152 0.164316 2.323598
153 0.164260 2.322980
154 0.164206 2.322371
155 0.164152 2.321770
156 0.164099 2.321177
157 0.164046 2.320591
158 0.163994 2.320014
159 0.163943 2.319444
160 0.163893 2.318882
161 0.163843 2.318327
162 0.163794 2.317780
163 0.163746 2.317240
164 0.163698 2.316707
165 0.163651 2.316182
166 0.163604 2.315663
167 0.163558 2.315152
168 0.163513 2.314647
169 0.163469 2.314149
170 0.163424 2.313658
171 0.163381 2.313173
172 0.163338 2.312695
173 0.163296 2.312223
174 0.163254 2.311757
175 0.163213 2.311298
176 0.163172 2.310844
177 0.163132 2.310397
178 0.163093 2.309956
179 0.163054 2.309521
180 0.163015 2.309091
181 0.162977 2.308668
182 0.162940 2.308250
183 0.162903 2.307837
184 0.162867 2.307430
185 0.162831 2.307029
186 0.162795 2.306633
187 0.162760 2.306242
188 0.162726 2.305857
189 0.162692 2.305476
190 0.162658 2.305101
191 0.162625 2.304731
192 0.162592 2.304366
193 0.162560 2.304005
194 0.162528 2.303650
195 0.162497 2.303299
196 0.162466 2.302953
197 0.162435 2.302612
198 0.162405 2.302275
199 0.162375 2.301942
200 0.162346 2.301615
201 0.162317 2.301291
202 0.162288 2.300972
203 0.162260 2.300657
204 0.162233 2.300347
205 0.162205 2.300040
206 0.162178 2.299960
207 0.162151 2.299659
208 0.162124 2.299361
209 0.162098 2.299067
210 0.162072 2.298776
211 0.162046 2.298489
212 0.162021 2.298205
213 0.161996 2.297925
214 0.161971 2.297648
215 0.161946 2.297375
216 0.161922 2.297105
217 0.161898 2.296838
218 0.161875 2.296574
219 0.161851 2.296313
220 0.161828 2.296056
221 0.161805 2.295802
222 0.161783 2.295550
223 0.161761 2.295302
224 0.161739 2.295057
225 0.161717 2.294815
226 0.161696 2.294575
227 0.161674 2.294339
228 0.161654 2.294105
229 0.161633 2.293875
230 0.161612 2.293647
231 0.161592 2.293421
232 0.161572 2.293199
233 0.161553 2.292979
234 0.161533 2.292762
235 0.161514 2.292547
236 0.161495 2.292335
237 0.161476 2.292126
238 0.161458 2.291919
239 0.161440 2.291714
240 0.161421 2.291513
241 0.161404 2.291313
242 0.161386 2.291116
243 0.161369 2.290921
244 0.161351 2.290729
245 0.161334 2.290539
246 0.161318 2.290351
247 0.161301 2.290166
248 0.161285 2.289982
249 0.161268 2.289801
250 0.161252 2.289623
251 0.161237 2.289446
252 0.161221 2.289271
253 0.161206 2.289099
254 0.161190 2.288929
255 0.161175 2.288760
256 0.161160 2.288594
257 0.161146 2.288430
258 0.161131 2.288267
259 0.161117 2.288107
260 0.161103 2.287949
261 0.161089 2.287792
262 0.161075 2.287638
263 0.161061 2.287485
264 0.161048 2.287334
265 0.161034 2.287185
266 0.161021 2.287038
267 0.161008 2.286892
268 0.160995 2.286749
269 0.160983 2.286607
270 0.160970 2.286466
271 0.160958 2.286328
272 0.160945 2.286191
273 0.160933 2.286056
274 0.160921 2.285922
275 0.160910 2.285790
276 0.160898 2.285660
277 0.160886 2.285531
278 0.160875 2.285404
279 0.160864 2.285278
280 0.160853 2.285154
281 0.160842 2.285031
282 0.160831 2.284910
283 0.160820 2.284790
284 0.160810 2.284672
285 0.160799 2.284555
286 0.160789 2.284440
287 0.160779 2.284326
288 0.160769 2.284213
289 0.160759 2.284102
290 0.160749 2.283992
291 0.160739 2.283883
292 0.160729 2.283776
293 0.160720 2.283670
294 0.160711 2.283565
295 0.160701 2.283461
296 0.160692 2.283359
297 0.160683 2.283258
298 0.160674 2.283158
299 0.160665 2.283060
300 0.160657 2.282963
301 0.160648 2.282866
302 0.160640 2.282771
303 0.160631 2.282677
304 0.160623 2.282585
305 0.160615 2.282493
306 0.160607 2.282403
307 0.160599 2.282313
308 0.160591 2.282225
309 0.160583 2.282138
310 0.160575 2.282051
311 0.160568 2.281966
312 0.160560 2.281882
313 0.160553 2.281799
314 0.160545 2.281717
315 0.160538 2.281636
316 0.160531 2.281556
317 0.160524 2.281476
318 0.160517 2.281398
319 0.160510 2.281321
320 0.160503 2.281245
321 0.160497 2.281169
322 0.160490 2.281095
323 0.160483 2.281021
324 0.160477 2.280948
325 0.160470 2.280877
326 0.160464 2.280806
327 0.160458 2.280735
328 0.160452 2.280666
329 0.160445 2.280598
330 0.160439 2.280530
331 0.160433 2.280463
332 0.160428 2.280398
333 0.160422 2.280332
334 0.160416 2.280268
335 0.160410 2.280204
336 0.160405 2.280142
337 0.160399 2.280080
338 0.160394 2.280018
339 0.160388 2.279958
340 0.160383 2.279898
341 0.160378 2.279839
342 0.160372 2.279780
343 0.160367 2.279723
344 0.160362 2.279666
345 0.160357 2.279609
346 0.160352 2.279554
347 0.160347 2.279499
348 0.160342 2.279445
349 0.160338 2.279391
350 0.160333 2.279338
351 0.160328 2.279286
352 0.160324 2.279234
353 0.160319 2.279183
354 0.160315 2.279132
355 0.160310 2.279083
356 0.160306 2.279033
357 0.160301 2.278985
358 0.160297 2.278937
359 0.160293 2.278889
360 0.160289 2.278842
361 0.160284 2.278796
362 0.160280 2.278750
363 0.160276 2.278705
364 0.160272 2.278660
365 0.160268 2.278616
366 0.160264 2.278573
367 0.160261 2.278530
368 0.160257 2.278487
369 0.160253 2.278445
370 0.160249 2.278403
371 0.160246 2.278362
372 0.160242 2.278322
373 0.160239 2.278282
374 0.160235 2.278242
375 0.160232 2.278203
376 0.160228 2.278165
377 0.160225 2.278127
378 0.160221 2.278089
379 0.160218 2.278052
380 0.160215 2.278015
381 0.160211 2.277979
382 0.160208 2.277943
383 0.160205 2.277907
384 0.160202 2.277872
385 0.160199 2.277838
386 0.160196 2.277804
387 0.160193 2.277770
388 0.160190 2.277736
389 0.160187 2.277704
390 0.160184 2.277671
391 0.160181 2.277639
392 0.160178 2.277607
393 0.160175 2.277576
394 0.160173 2.277545
395 0.160170 2.277514
396 0.160167 2.277484
397 0.160165 2.277454
398 0.160162 2.277424
399 0.160159 2.277395
400 0.160157 2.277367
401 0.160154 2.277338
402 0.160152 2.277310
403 0.160149 2.277282
404 0.160147 2.277255
405 0.160144 2.277228
406 0.160142 2.277201
407 0.160140 2.277174
408 0.160137 2.277148
409 0.160135 2.277122
410 0.160133 2.277097
411 0.160130 2.277072
412 0.160128 2.277047
413 0.160126 2.277022
414 0.160124 2.276998
415 0.160122 2.276974
416 0.160120 2.276950
417 0.160117 2.276927
418 0.160115 2.276904
419 0.160113 2.276881
420 0.160111 2.276858
421 0.160109 2.276836
422 0.160107 2.276814
423 0.160105 2.276792
424 0.160104 2.276771
425 0.160102 2.276750
426 0.160100 2.276729
427 0.160098 2.276708
428 0.160096 2.276687
429 0.160094 2.276667
430 0.160093 2.276647
431 0.160091 2.276627
432 0.160089 2.276608
433 0.160087 2.276589
434 0.160086 2.276570
435 0.160084 2.276551
436 0.160082 2.276532
437 0.160081 2.276514
438 0.160079 2.276496
439 0.160077 2.276478
440 0.160076 2.276460
441 0.160074 2.276443
442 0.160073 2.276425
443 0.160071 2.276408
444 0.160070 2.276391
445 0.160068 2.276375
446 0.160067 2.276358
447 0.160065 2.276342
448 0.160064 2.276326
449 0.160062 2.276310
450 0.160061 2.276295
451 0.160060 2.276279
452 0.160058 2.276264
453 0.160057 2.276249
454 0.160056 2.276234
455 0.160054 2.276219
456 0.160053 2.276205
457 0.160052 2.276190
458 0.160050 2.276176
459 0.160049 2.276162
460 0.160048 2.276148
461 0.160047 2.276134
462 0.160045 2.276121
463 0.160044 2.276107
464 0.160043 2.276094
465 0.160042 2.276081
466 0.160041 2.276068
467 0.160040 2.276056
468 0.160039 2.276043
469 0.160037 2.276031
470 0.160036 2.276018
471 0.160035 2.276006
472 0.160034 2.275994
473 0.160033 2.275982
474 0.160032 2.275971
475 0.160031 2.275959
476 0.160030 2.275948
477 0.160029 2.275936
478 0.160028 2.275925
479 0.160027 2.275914
480 0.160026 2.275903
481 0.160025 2.275893
482 0.160024 2.275882
483 0.160023 2.275872
484 0.160022 2.275861
485 0.160021 2.275851
486 0.160021 2.275841
487 0.160020 2.275831
488 0.160019 2.275821
489 0.160018 2.275811
490 0.160017 2.275802
491 0.160016 2.275792
492 0.160015 2.275783
493 0.160014 2.275774
494 0.160014 2.275765
495 0.160013 2.275755
496 0.160012 2.275747
497 0.160011 2.275738
498 0.160011 2.275729
499 0.160010 2.275720
