0 0.266514 3.330000
1 0.265745 3.330000
2 0.265008 3.322526
3 0.264302 3.315361
4 0.263642 3.304639
5 0.263008 3.298215
6 0.262399 3.292044
7 0.261814 3.286116
8 0.261253 3.280421
9 0.260714 3.274952
10 0.260215 3.265048
11 0.259734 3.260185
12 0.259272 3.255503
13 0.258827 3.250996
14 0.258399 3.246658
15 0.257987 3.242482
16 0.257591 3.238463
17 0.257210 3.234594
18 0.256843 3.230871
19 0.256490 3.227287
20 0.256151 3.223838
21 0.255824 3.220519
22 0.255501 3.219481
23 0.255190 3.216322
24 0.254890 3.213274
25 0.254600 3.210335
26 0.254321 3.207501
27 0.254052 3.204767
28 0.253793 3.202130
29 0.253543 3.199587
30 0.253302 3.197135
31 0.253069 3.194770
32 0.252845 3.192489
33 0.252629 3.190289
34 0.252421 3.188168
35 0.252220 3.186122
36 0.252026 3.184150
37 0.251839 3.182247
38 0.251659 3.180413
39 0.251482 3.179587
40 0.251311 3.177846
41 0.251145 3.176164
42 0.250985 3.174537
43 0.250831 3.172966
44 0.250682 3.171447
45 0.250537 3.169979
46 0.250398 3.168560
47 0.250263 3.167189
48 0.250133 3.165864
49 0.250007 3.164584
50 0.249886 3.163347
51 0.249769 3.162151
52 0.249655 3.160995
53 0.249545 3.159879
54 0.249440 3.158799
55 0.249337 3.157757
56 0.249238 3.156749
57 0.249143 3.155775
58 0.249050 3.154834
59 0.248961 3.153924
60 0.248875 3.153046
61 0.248792 3.152196
62 0.248711 3.151376
63 0.248633 3.150583
64 0.248558 3.149817
65 0.248486 3.149076
66 0.248416 3.148361
67 0.248348 3.147670
68 0.248282 3.147002
69 0.248219 3.146356
70 0.248158 3.145732
71 0.248099 3.145130
72 0.248042 3.144547
73 0.247987 3.143985
74 0.247933 3.143441
75 0.247882 3.142915
76 0.247832 3.142408
77 0.247784 3.141917
78 0.247737 3.141443
79 0.247693 3.140985
80 0.247649 3.140543
81 0.247607 3.140115
82 0.247567 3.139702
83 0.247528 3.139303
84 0.247490 3.138917
85 0.247453 3.138544
86 0.247418 3.138184
87 0.247384 3.137836
88 0.247351 3.137500
89 0.247319 3.137175
90 0.247289 3.136861
91 0.247259 3.136558
92 0.247230 3.136265
93 0.247202 3.135982
94 0.247176 3.135708
95 0.247150 3.135444
96 0.247125 3.135188
97 0.247101 3.134942
98 0.247077 3.134703
99 0.247055 3.134473
100 0.247033 3.134250
101 0.247012 3.134035
102 0.246992 3.133827
103 0.246972 3.133627
104 0.246953 3.133433
105 0.246935 3.133245
106 0.246917 3.133064
107 0.246900 3.132889
108 0.246883 3.132720
109 0.246867 3.132557
110 0.246852 3.132399
111 0.246837 3.132246
112 0.246822 3.132099
113 0.246808 3.131957
114 0.246795 3.131819
115 0.246782 3.131686
116 0.246769 3.131558
117 0.246757 3.131434
118 0.246745 3.131314
119 0.246734 3.131198
120 0.246723 3.131086
121 0.246713 3.130978
122 0.246702 3.130874
123 0.246692 3.130773
124 0.246683 3.130675
125 0.246674 3.130581
126 0.246665 3.130490
127 0.246656 3.130402
128 0.246648 3.130317
129 0.246640 3.130235
130 0.246632 3.130156
131 0.246625 3.130079
132 0.246617 3.130005
133 0.246610 3.129995
134 0.246603 3.129924
135 0.246596 3.129855
136 0.246590 3.129788
137 0.246583 3.129723
138 0.246577 3.129661
139 0.246571 3.129600
140 0.246566 3.129541
141 0.246560 3.129484
142 0.246555 3.129429
143 0.246549 3.129376
144 0.246544 3.129324
145 0.246539 3.129274
146 0.246535 3.129226
147 0.246530 3.129179
148 0.246526 3.129134
149 0.246521 3.129090
150 0.246517 3.129047
151 0.246513 3.129006
152 0.246509 3.128966
153 0.246505 3.128927
154 0.246502 3.128890
155 0.246498 3.128853
156 0.246495 3.128818
157 0.246491 3.128784
158 0.246488 3.128751
159 0.246485 3.128719
160 0.246482 3.128688
161 0.246479 3.128658
162 0.246476 3.128629
163 0.246473 3.128601
164 0.246471 3.128574
165 0.246468 3.128548
166 0.246466 3.128522
167 0.246463 3.128498
168 0.246461 3.128474
169 0.246459 3.128451
170 0.246456 3.128428
171 0.246454 3.128407
172 0.246452 3.128386
173 0.246450 3.128365
174 0.246448 3.128345
175 0.246446 3.128326
176 0.246445 3.128308
177 0.246443 3.128290
178 0.246441 3.128273
179 0.246439 3.128256
180 0.246438 3.128240
181 0.246436 3.128224
182 0.246435 3.128209
183 0.246433 3.128194
184 0.246432 3.128180
185 0.246431 3.128166
186 0.246429 3.128152
187 0.246428 3.128139
188 0.246427 3.128127
189 0.246426 3.128115
190 0.246424 3.128103
191 0.246423 3.128091
192 0.246422 3.128080
193 0.246421 3.128070
194 0.246420 3.128059
195 0.246419 3.128049
196 0.246418 3.128040
197 0.246417 3.128030
198 0.246416 3.128021
199 0.246416 3.128012
200 0.246415 3.128004
201 0.246414 3.127995
202 0.246413 3.127987
203 0.246412 3.127980
204 0.246412 3.127972
205 0.246411 3.127965
206 0.246410 3.127958
207 0.246410 3.127951
208 0.246409 3.127944
209 0.246408 3.127938
210 0.246408 3.127932
211 0.246407 3.127926
212 0.246407 3.127920
213 0.246406 3.127914
214 0.246405 3.127909
215 0.246405 3.127903
216 0.246404 3.127898
217 0.246404 3.127893
218 0.246403 3.127889
219 0.246403 3.127884
220 0.246403 3.127879
221 0.246402 3.127875
222 0.246402 3.127871
223 0.246401 3.127867
224 0.246401 3.127863
225 0.246401 3.127859
226 0.246400 3.127855
227 0.246400 3.127852
228 0.246400 3.127848
229 0.246399 3.127845
230 0.246399 3.127842
231 0.246399 3.127838
232 0.246398 3.127835
233 0.246398 3.127832
234 0.246398 3.127830
235 0.246397 3.127827
236 0.246397 3.127824
237 0.246397 3.127821
238 0.246397 3.127819
239 0.246396 3.127817
240 0.246396 3.127814
241 0.246396 3.127812
242 0.246396 3.127810
243 0.246396 3.127807
244 0.246395 3.127805
245 0.246395 3.127803
246 0.246395 3.127801
247 0.246395 3.127800
248 0.246395 3.127798
249 0.246394 3.127796
250 0.246394 3.127794
251 0.246394 3.127793
252 0.246394 3.127791
253 0.246394 3.127789
254 0.246394 3.127788
255 0.246393 3.127786
256 0.246393 3.127785
257 0.246393 3.127784
258 0.246393 3.127782
259 0.246393 3.127781
260 0.246393 3.127780
261 0.246393 3.127779
262 0.246393 3.127777
263 0.246392 3.127776
264 0.246392 3.127775
265 0.246392 3.127774
266 0.246392 3.127773
267 0.246392 3.127772
268 0.246392 3.127771
269 0.246392 3.127770
270 0.246392 3.127769
271 0.246392 3.127768
272 0.246392 3.127768
273 0.246392 3.127767
274 0.246391 3.127766
275 0.246391 3.127765
276 0.246391 3.127764
277 0.246391 3.127764
278 0.246391 3.127763
279 0.246391 3.127762
280 0.246391 3.127762
281 0.246391 3.127761
282 0.246391 3.127760
283 0.246391 3.127760
284 0.246391 3.127759
285 0.246391 3.127759
286 0.246391 3.127758
287 0.246391 3.127758
288 0.246391 3.127757
289 0.246391 3.127757
290 0.246390 3.127756
291 0.246390 3.127756
292 0.246390 3.127755
293 0.246390 3.127755
294 0.246390 3.127754
295 0.246390 3.127754
296 0.246390 3.127754
297 0.246390 3.127753
298 0.246390 3.127753
299 0.246390 3.127753
300 0.246390 3.127752
301 0.246390 3.127752
302 0.246390 3.127752
303 0.246390 3.127751
304 0.246390 3.127751
305 0.246390 3.127751
306 0.246390 3.127750
307 0.246390 3.127750
308 0.246390 3.127750
309 0.246390 3.127750
310 0.246390 3.127749
311 0.246390 3.127749
312 0.246390 3.127749
313 0.246390 3.127749
314 0.246390 3.127748
315 0.246390 3.127748
316 0.246390 3.127748
317 0.246390 3.127748
318 0.246390 3.127748
319 0.246390 3.127747
320 0.246390 3.127747
321 0.246390 3.127747
322 0.246390 3.127747
323 0.246390 3.127747
324 0.246390 3.127747
325 0.246390 3.127746
326 0.246390 3.127746
327 0.246389 3.127746
328 0.246389 3.127746
329 0.246389 3.127746
330 0.246389 3.127746
331 0.246389 3.127746
332 0.246389 3.127745
333 0.246389 3.127745
334 0.246389 3.127745
335 0.246389 3.127745
336 0.246389 3.127745
337 0.246389 3.127745
338 0.246389 3.127745
339 0.246389 3.127745
340 0.246389 3.127745
341 0.246389 3.127744
342 0.246389 3.127744
343 0.246389 3.127744
344 0.246389 3.127744
345 0.246389 3.127744
346 0.246389 3.127744
347 0.246389 3.127744
348 0.246389 3.127744
349 0.246389 3.127744
350 0.246389 3.127744
351 0.246389 3.127744
352 0.246389 3.127744
353 0.246389 3.127744
354 0.246389 3.127744
355 0.246389 3.127743
356 0.246389 3.127743
357 0.246389 3.127743
358 0.246389 3.127743
359 0.246389 3.127743
360 0.246389 3.127743
361 0.246389 3.127743
362 0.246389 3.127743
363 0.246389 3.127743
364 0.246389 3.127743
365 0.246389 3.127743
366 0.246389 3.127743
367 0.246389 3.127743
368 0.246389 3.127743
369 0.246389 3.127743
370 0.246389 3.127743
371 0.246389 3.127743
372 0.246389 3.127743
373 0.246389 3.127743
374 0.246389 3.127743
375 0.246389 3.127743
376 0.246389 3.127743
377 0.246389 3.127743
378 0.246389 3.127743
379 0.246389 3.127743
380 0.246389 3.127742
381 0.246389 3.127742
382 0.246389 3.127742
383 0.246389 3.127742
384 0.246389 3.127742
385 0.246389 3.127742
386 0.246389 3.127742
387 0.246389 3.127742
388 0.246389 3.127742
389 0.246389 3.127742
390 0.246389 3.127742
391 0.246389 3.127742
392 0.246389 3.127742
393 0.246389 3.127742
394 0.246389 3.127742
395 0.246389 3.127742
396 0.246389 3.127742
397 0.246389 3.127742
398 0.246389 3.127742
399 0.246389 3.127742
400 0.246389 3.127742
401 0.246389 3.127742
402 0.246389 3.127742
403 0.246389 3.127742
404 0.246389 3.127742
405 0.246389 3.127742
406 0.246389 3.127742
407 0.246389 3.127742
408 0.246389 3.127742
409 0.246389 3.127742
410 0.246389 3.127742
411 0.246389 3.127742
412 0.246389 3.127742
413 0.246389 3.127742
414 0.246389 3.127742
415 0.246389 3.127742
416 0.246389 3.127742
417 0.246389 3.127742
418 0.246389 3.127742
419 0.246389 3.127742
420 0.246389 3.127742
421 0.246389 3.127742
422 0.246389 3.127742
423 0.246389 3.127742
424 0.246389 3.127742
425 0.246389 3.127742
426 0.246389 3.127742
427 0.246389 3.127742
428 0.246389 3.127742
429 0.246389 3.127742
430 0.246389 3.127742
431 0.246389 3.127742
432 0.246389 3.127742
433 0.246389 3.127742
434 0.246389 3.127742
435 0.246389 3.127742
436 0.246389 3.127742
437 0.246389 3.127742
438 0.246389 3.127742
439 0.246389 3.127742
440 0.246389 3.127742
441 0.246389 3.127742
442 0.246389 3.127742
443 0.246389 3.127742
444 0.246389 3.127742
445 0.246389 3.127742
446 0.246389 3.127742
447 0.246389 3.127742
448 0.246389 3.127742
449 0.246389 3.127742
450 0.246389 3.127742
451 0.246389 3.127742
452 0.246389 3.127742
453 0.246389 3.127742
454 0.246389 3.127742
455 0.246389 3.127742
456 0.246389 3.127742
457 0.246389 3.127742
458 0.246389 3.127742
459 0.246389 3.127742
460 0.246389 3.127742
461 0.246389 3.127742
462 0.246389 3.127742
463 0.246389 3.127742
464 0.246389 3.127742
465 0.246389 3.127742
466 0.246389 3.127742
467 0.246389 3.127742
468 0.246389 3.127742
469 0.246389 3.127742
470 0.246389 3.127742
471 0.246389 3.127742
472 0.246389 3.127742
473 0.246389 3.127742
474 0.246389 3.127742
475 0.246389 3.127742
476 0.246389 3.127742
477 0.246389 3.127742
478 0.246389 3.127742
479 0.246389 3.127742
480 0.246389 3.127742
481 0.246389 3.127742
482 0.246389 3.127742
483 0.246389 3.127742
484 0.246389 3.127742
485 0.246389 3.127742
486 0.246389 3.127742
487 0.246389 3.127742
488 0.246389 3.127742
489 0.246389 3.127742
490 0.246389 3.127742
491 0.246389 3.127742
492 0.246389 3.127742
493 0.246389 3.127742
494 0.246389 3.127742
495 0.246389 3.127742
496 0.246389 3.127742
497 0.246389 3.127742
498 0.246389 3.127742
499 0.246389 3.127742
