0 0.793318 6.550000
1 0.792032 6.550000
2 0.790781 6.541743
3 0.789543 6.538257
4 0.788338 6.530300
5 0.787163 6.522544
6 0.786018 6.514982
7 0.784902 6.507611
8 0.783814 6.500425
9 0.782730 6.499575
10 0.781672 6.492583
11 0.780640 6.485758
12 0.779633 6.479098
13 0.778651 6.472597
14 0.777692 6.466252
15 0.776757 6.460060
16 0.775844 6.454016
17 0.774953 6.448118
18 0.774085 6.442362
19 0.773233 6.437638
20 0.772401 6.432130
21 0.771589 6.426748
22 0.770795 6.421489
23 0.770019 6.416349
24 0.769261 6.411327
25 0.768521 6.406420
26 0.767798 6.401625
27 0.767091 6.396939
28 0.766401 6.392361
29 0.765727 6.387888
30 0.765068 6.383517
31 0.764425 6.379246
32 0.763796 6.375073
33 0.763182 6.370995
34 0.762582 6.367012
35 0.761996 6.363119
36 0.761424 6.359316
37 0.760864 6.355600
38 0.760318 6.351970
39 0.759785 6.348423
40 0.759263 6.344957
41 0.758754 6.341571
42 0.758257 6.338263
43 0.757771 6.335031
44 0.757296 6.331873
45 0.756834 6.328127
46 0.756383 6.325126
47 0.755941 6.322190
48 0.755509 6.319319
49 0.755086 6.316509
50 0.754673 6.313761
51 0.754268 6.311072
52 0.753873 6.308442
53 0.753486 6.305870
54 0.753108 6.303353
55 0.752738 6.300891
56 0.752376 6.298482
57 0.752022 6.296126
58 0.751675 6.293822
59 0.751336 6.291567
60 0.751005 6.289362
61 0.750681 6.287205
62 0.750364 6.285094
63 0.750054 6.283030
64 0.749751 6.281011
65 0.749454 6.279036
66 0.749164 6.277104
67 0.748880 6.275214
68 0.748603 6.273365
69 0.748331 6.271557
70 0.748066 6.269788
71 0.747806 6.268058
72 0.747552 6.266365
73 0.747304 6.264710
74 0.747061 6.263090
75 0.746823 6.261507
76 0.746590 6.259957
77 0.746363 6.258442
78 0.746141 6.256959
79 0.745923 6.255509
80 0.745711 6.254091
81 0.745502 6.252704
82 0.745299 6.251347
83 0.745100 6.250020
84 0.744905 6.248722
85 0.744715 6.247452
86 0.744529 6.246210
87 0.744347 6.244995
88 0.744168 6.243807
89 0.743994 6.242645
90 0.743824 6.241508
91 0.743657 6.240396
92 0.743494 6.239308
93 0.743335 6.238244
94 0.743179 6.237204
95 0.743026 6.236186
96 0.742877 6.235191
97 0.742731 6.234217
98 0.742588 6.233265
99 0.742449 6.232334
100 0.742312 6.231423
101 0.742179 6.230532
102 0.742048 6.229660
103 0.741921 6.228808
104 0.741796 6.227974
105 0.741674 6.227159
106 0.741554 6.226361
107 0.741437 6.225581
108 0.741323 6.224818
109 0.741211 6.224072
110 0.741102 6.223342
111 0.740995 6.222628
112 0.740890 6.221930
113 0.740788 6.221247
114 0.740688 6.220579
115 0.740592 6.219421
116 0.740498 6.218793
117 0.740405 6.218177
118 0.740315 6.217574
119 0.740226 6.216984
120 0.740140 6.216405
121 0.740055 6.215839
122 0.739972 6.215284
123 0.739890 6.214741
124 0.739810 6.214209
125 0.739732 6.213688
126 0.739656 6.213178
127 0.739581 6.212678
128 0.739507 6.212188
129 0.739436 6.211709
130 0.739365 6.211240
131 0.739296 6.210780
132 0.739229 6.210330
133 0.739163 6.209889
134 0.739098 6.209457
135 0.739035 6.209034
136 0.738972 6.208619
137 0.738912 6.208214
138 0.738852 6.207817
139 0.738794 6.207427
140 0.738737 6.207046
141 0.738681 6.206673
142 0.738626 6.206308
143 0.738572 6.205950
144 0.738520 6.205599
145 0.738468 6.205256
146 0.738418 6.204920
147 0.738369 6.204590
148 0.738320 6.204268
149 0.738273 6.203952
150 0.738227 6.203643
151 0.738181 6.203340
152 0.738137 6.203043
153 0.738093 6.202753
154 0.738051 6.202468
155 0.738009 6.202190
156 0.737968 6.201917
157 0.737928 6.201650
158 0.737889 6.201388
159 0.737850 6.201132
160 0.737813 6.200881
161 0.737776 6.200635
162 0.737740 6.200394
163 0.737705 6.200158
164 0.737670 6.199927
165 0.737636 6.199701
166 0.737603 6.199480
167 0.737570 6.199263
168 0.737539 6.199051
169 0.737507 6.198843
170 0.737477 6.198639
171 0.737447 6.198439
172 0.737418 6.198244
173 0.737389 6.198053
174 0.737361 6.197865
175 0.737334 6.197682
176 0.737307 6.197502
177 0.737280 6.197326
178 0.737254 6.197154
179 0.737229 6.196985
180 0.737204 6.196820
181 0.737180 6.196658
182 0.737156 6.196499
183 0.737133 6.196344
184 0.737110 6.196192
185 0.737088 6.196043
186 0.737066 6.195897
187 0.737045 6.195754
188 0.737024 6.195614
189 0.737003 6.195477
190 0.736983 6.195343
191 0.736964 6.195212
192 0.736944 6.195083
193 0.736925 6.194957
194 0.736907 6.194834
195 0.736889 6.194713
196 0.736871 6.194595
197 0.736854 6.194479
198 0.736837 6.194365
199 0.736820 6.194254
200 0.736804 6.194145
201 0.736788 6.194039
202 0.736772 6.193934
203 0.736757 6.193832
204 0.736742 6.193732
205 0.736727 6.193634
206 0.736713 6.193538
207 0.736699 6.193444
208 0.736685 6.193352
209 0.736671 6.193262
210 0.736658 6.193173
211 0.736645 6.193087
212 0.736633 6.193002
213 0.736620 6.192919
214 0.736608 6.192838
215 0.736596 6.192758
216 0.736584 6.192680
217 0.736573 6.192604
218 0.736562 6.192529
219 0.736551 6.192456
220 0.736540 6.192384
221 0.736530 6.192314
222 0.736519 6.192245
223 0.736509 6.192178
224 0.736499 6.192112
225 0.736490 6.192048
226 0.736480 6.191984
227 0.736471 6.191923
228 0.736462 6.191862
229 0.736453 6.191802
230 0.736444 6.191744
231 0.736436 6.191687
232 0.736427 6.191632
233 0.736419 6.191577
234 0.736411 6.191523
235 0.736403 6.191471
236 0.736396 6.191420
237 0.736388 6.191370
238 0.736381 6.191320
239 0.736374 6.191272
240 0.736366 6.191225
241 0.736360 6.191179
242 0.736353 6.191133
243 0.736346 6.191089
244 0.736340 6.191046
245 0.736333 6.191003
246 0.736327 6.190962
247 0.736321 6.190921
248 0.736315 6.190881
249 0.736309 6.190842
250 0.736303 6.190804
251 0.736298 6.190766
252 0.736292 6.190729
253 0.736287 6.190693
254 0.736282 6.190658
255 0.736276 6.190624
256 0.736271 6.190590
257 0.736266 6.190557
258 0.736262 6.190524
259 0.736257 6.190493
260 0.736252 6.190462
261 0.736248 6.190431
262 0.736243 6.190401
263 0.736239 6.190372
264 0.736234 6.190344
265 0.736230 6.190316
266 0.736226 6.190288
267 0.736222 6.190261
268 0.736218 6.190235
269 0.736214 6.190209
270 0.736211 6.190184
271 0.736207 6.190159
272 0.736203 6.190135
273 0.736200 6.190112
274 0.736196 6.190088
275 0.736193 6.190066
276 0.736190 6.190043
277 0.736186 6.190022
278 0.736183 6.190000
279 0.736180 6.189979
280 0.736177 6.189959
281 0.736174 6.189939
282 0.736171 6.189919
283 0.736168 6.189900
284 0.736165 6.189881
285 0.736162 6.189863
286 0.736160 6.189845
287 0.736157 6.189827
288 0.736155 6.189810
289 0.736152 6.189793
290 0.736150 6.189776
291 0.736147 6.189760
292 0.736145 6.189744
293 0.736142 6.189729
294 0.736140 6.189713
295 0.736138 6.189698
296 0.736136 6.189684
297 0.736134 6.189669
298 0.736131 6.189655
299 0.736129 6.189642
300 0.736127 6.189628
301 0.736125 6.189615
302 0.736123 6.189602
303 0.736122 6.189589
304 0.736120 6.189577
305 0.736118 6.189565
306 0.736116 6.189553
307 0.736114 6.189541
308 0.736113 6.189530
309 0.736111 6.189519
310 0.736109 6.189508
311 0.736108 6.189497
312 0.736106 6.189487
313 0.736105 6.189476
314 0.736103 6.189466
315 0.736102 6.189457
316 0.736100 6.189447
317 0.736099 6.189437
318 0.736097 6.189428
319 0.736096 6.189419
320 0.736095 6.189410
321 0.736093 6.189402
322 0.736092 6.189393
323 0.736091 6.189385
324 0.736090 6.189377
325 0.736088 6.189369
326 0.736087 6.189361
327 0.736086 6.189353
328 0.736085 6.189346
329 0.736084 6.189338
330 0.736083 6.189331
331 0.736082 6.189324
332 0.736081 6.189317
333 0.736080 6.189310
334 0.736079 6.189304
335 0.736078 6.189297
336 0.736077 6.189291
337 0.736076 6.189285
338 0.736075 6.189279
339 0.736074 6.189273
340 0.736073 6.189267
341 0.736072 6.189261
342 0.736072 6.189256
343 0.736071 6.189250
344 0.736070 6.189245
345 0.736069 6.189240
346 0.736068 6.189234
347 0.736068 6.189229
348 0.736067 6.189224
349 0.736066 6.189220
350 0.736065 6.189215
351 0.736065 6.189210
352 0.736064 6.189206
353 0.736063 6.189201
354 0.736063 6.189197
355 0.736062 6.189193
356 0.736061 6.189188
357 0.736061 6.189184
358 0.736060 6.189180
359 0.736060 6.189176
360 0.736059 6.189173
361 0.736059 6.189169
362 0.736058 6.189165
363 0.736057 6.189161
364 0.736057 6.189158
365 0.736056 6.189154
366 0.736056 6.189151
367 0.736055 6.189148
368 0.736055 6.189145
369 0.736054 6.189141
370 0.736054 6.189138
371 0.736054 6.189135
372 0.736053 6.189132
373 0.736053 6.189129
374 0.736052 6.189126
375 0.736052 6.189124
376 0.736051 6.189121
377 0.736051 6.189118
378 0.736051 6.189115
379 0.736050 6.189113
380 0.736050 6.189110
381 0.736049 6.189108
382 0.736049 6.189105
383 0.736049 6.189103
384 0.736048 6.189101
385 0.736048 6.189098
386 0.736048 6.189096
387 0.736047 6.189094
388 0.736047 6.189092
389 0.736047 6.189090
390 0.736046 6.189088
391 0.736046 6.189086
392 0.736046 6.189084
393 0.736046 6.189082
394 0.736045 6.189080
395 0.736045 6.189078
396 0.736045 6.189076
397 0.736044 6.189075
398 0.736044 6.189073
399 0.736044 6.189071
400 0.736044 6.189069
401 0.736043 6.189068
402 0.736043 6.189066
403 0.736043 6.189065
404 0.736043 6.189063
405 0.736043 6.189062
406 0.736042 6.189060
407 0.736042 6.189059
408 0.736042 6.189057
409 0.736042 6.189056
410 0.736041 6.189055
411 0.736041 6.189053
412 0.736041 6.189052
413 0.736041 6.189051
414 0.736041 6.189049
415 0.736040 6.189048
416 0.736040 6.189047
417 0.736040 6.189046
418 0.736040 6.189045
419 0.736040 6.189044
420 0.736040 6.189043
421 0.736039 6.189041
422 0.736039 6.189040
423 0.736039 6.189039
424 0.736039 6.189038
425 0.736039 6.189037
426 0.736039 6.189036
427 0.736039 6.189035
428 0.736038 6.189035
429 0.736038 6.189034
430 0.736038 6.189033
431 0.736038 6.189032
432 0.736038 6.189031
433 0.736038 6.189030
434 0.736038 6.189029
435 0.736038 6.189029
436 0.736037 6.189028
437 0.736037 6.189027
438 0.736037 6.189026
439 0.736037 6.189026
440 0.736037 6.189025
441 0.736037 6.189024
442 0.736037 6.189023
443 0.736037 6.189023
444 0.736037 6.189022
445 0.736036 6.189021
446 0.736036 6.189021
447 0.736036 6.189020
448 0.736036 6.189020
449 0.736036 6.189019
450 0.736036 6.189018
451 0.736036 6.189018
452 0.736036 6.189017
453 0.736036 6.189017
454 0.736036 6.189016
455 0.736036 6.189016
456 0.736036 6.189015
457 0.736035 6.189015
458 0.736035 6.189014
459 0.736035 6.189014
460 0.736035 6.189013
461 0.736035 6.189013
462 0.736035 6.189012
463 0.736035 6.189012
464 0.736035 6.189011
465 0.736035 6.189011
466 0.736035 6.189010
467 0.736035 6.189010
468 0.736035 6.189010
469 0.736035 6.189009
470 0.736035 6.189009
471 0.736035 6.189008
472 0.736034 6.189008
473 0.736034 6.189008
474 0.736034 6.189007
475 0.736034 6.189007
476 0.736034 6.189007
477 0.736034 6.189006
478 0.736034 6.189006
479 0.736034 6.189006
480 0.736034 6.189005
481 0.736034 6.189005
482 0.736034 6.189005
483 0.736034 6.189005
484 0.736034 6.189004
485 0.736034 6.189004
486 0.736034 6.189004
487 0.736034 6.189003
488 0.736034 6.189003
489 0.736034 6.189003
490 0.736034 6.189003
491 0.736034 6.189002
492 0.736034 6.189002
493 0.736034 6.189002
494 0.736034 6.189002
495 0.736033 6.189001
496 0.736033 6.189001
497 0.736033 6.189001
498 0.736033 6.189001
499 0.736033 6.189001
