0 4.073465 26.690000
1 4.067992 26.690000
2 4.062854 26.650000
3 4.057879 26.630000
4 4.053106 26.604634
5 4.048563 26.575366
6 4.044200 26.552200
7 4.039871 26.547800
8 4.035707 26.525695
9 4.031703 26.504431
10 4.027911 26.475569
11 4.024260 26.456203
12 4.020744 26.437550
13 4.017358 26.419584
14 4.014098 26.402280
15 4.011012 26.377720
16 4.008037 26.361950
17 4.005168 26.346740
18 4.002402 26.332072
19 3.999664 26.327928
20 3.997021 26.313920
21 3.994469 26.300395
22 3.992005 26.287334
23 3.989626 26.274722
24 3.987329 26.262544
25 3.985112 26.250785
26 3.982971 26.239431
27 3.980904 26.228468
28 3.978909 26.217882
29 3.976982 26.207661
30 3.975157 26.192339
31 3.973393 26.182991
32 3.971688 26.173953
33 3.970039 26.165214
34 3.968445 26.156766
35 3.966904 26.148598
36 3.965415 26.140701
37 3.963975 26.133067
38 3.962583 26.125686
39 3.961237 26.118550
40 3.959936 26.111652
41 3.958656 26.108348
42 3.957418 26.101786
43 3.956219 26.095433
44 3.955058 26.089283
45 3.953934 26.083329
46 3.952847 26.077566
47 3.951794 26.071988
48 3.950775 26.066587
49 3.949789 26.061360
50 3.948834 26.056299
51 3.947910 26.051401
52 3.947016 26.046659
53 3.946150 26.042069
54 3.945312 26.037626
55 3.944501 26.033325
56 3.943715 26.029162
57 3.942955 26.025132
58 3.942220 26.021231
59 3.941508 26.017455
60 3.940819 26.013800
61 3.940151 26.010262
62 3.939506 26.006837
63 3.938881 26.003522
64 3.938276 26.000313
65 3.937690 25.997207
66 3.937123 25.994201
67 3.936575 25.991291
68 3.936042 25.988709
69 3.935525 25.985973
70 3.935025 25.983322
71 3.934540 25.980751
72 3.934070 25.978260
73 3.933614 25.975846
74 3.933172 25.973505
75 3.932744 25.971237
76 3.932329 25.969039
77 3.931927 25.966908
78 3.931537 25.964843
79 3.931160 25.962841
80 3.930794 25.960901
81 3.930439 25.959021
82 3.930095 25.957198
83 3.929762 25.955432
84 3.929439 25.953720
85 3.929126 25.952060
86 3.928822 25.950452
87 3.928528 25.948893
88 3.928243 25.947383
89 3.927967 25.945918
90 3.927699 25.944499
91 3.927440 25.943124
92 3.927188 25.941791
93 3.926944 25.940499
94 3.926708 25.939246
95 3.926479 25.938033
96 3.926257 25.936856
97 3.926042 25.935716
98 3.925834 25.934611
99 3.925632 25.933540
100 3.925436 25.932502
101 3.925246 25.931496
102 3.925062 25.930521
103 3.924884 25.929576
104 3.924711 25.928660
105 3.924544 25.927772
106 3.924381 25.926912
107 3.924224 25.926078
108 3.924072 25.925270
109 3.923924 25.924487
110 3.923781 25.923728
111 3.923642 25.922992
112 3.923507 25.922279
113 3.923377 25.921588
114 3.923251 25.920918
115 3.923128 25.920268
116 3.923010 25.919639
117 3.922895 25.919029
118 3.922783 25.918438
119 3.922675 25.917866
120 3.922570 25.917310
121 3.922469 25.916772
122 3.922371 25.916251
123 3.922275 25.915745
124 3.922183 25.915255
125 3.922093 25.914781
126 3.922007 25.914320
127 3.921922 25.913875
128 3.921841 25.913442
129 3.921762 25.913023
130 3.921685 25.912617
131 3.921611 25.912224
132 3.921539 25.911842
133 3.921469 25.911473
134 3.921402 25.911115
135 3.921336 25.910767
136 3.921273 25.910431
137 3.921211 25.910105
138 3.921152 25.909789
139 3.921094 25.909482
140 3.921038 25.909185
141 3.920984 25.908898
142 3.920931 25.908619
143 3.920880 25.908348
144 3.920831 25.908086
145 3.920783 25.907833
146 3.920737 25.907587
147 3.920692 25.907348
148 3.920648 25.907117
149 3.920606 25.906893
150 3.920565 25.906676
151 3.920525 25.906465
152 3.920487 25.906261
153 3.920449 25.906064
154 3.920413 25.905872
155 3.920378 25.905686
156 3.920344 25.905507
157 3.920311 25.905332
158 3.920280 25.905163
159 3.920249 25.904999
160 3.920219 25.904841
161 3.920190 25.904687
162 3.920162 25.904538
163 3.920134 25.904393
164 3.920108 25.904253
165 3.920082 25.904117
166 3.920058 25.903986
167 3.920034 25.903858
168 3.920010 25.903734
169 3.919988 25.903615
170 3.919966 25.903499
171 3.919945 25.903386
172 3.919924 25.903277
173 3.919904 25.903171
174 3.919885 25.903069
175 3.919866 25.902970
176 3.919848 25.902873
177 3.919830 25.902780
178 3.919813 25.902690
179 3.919797 25.902602
180 3.919781 25.902517
181 3.919765 25.902435
182 3.919750 25.902355
183 3.919736 25.902278
184 3.919721 25.902203
185 3.919708 25.902130
186 3.919694 25.902060
187 3.919682 25.901992
188 3.919669 25.901926
189 3.919657 25.901862
190 3.919645 25.901800
191 3.919634 25.901740
192 3.919623 25.901681
193 3.919612 25.901625
194 3.919602 25.901570
195 3.919592 25.901517
196 3.919582 25.901465
197 3.919573 25.901416
198 3.919564 25.901367
199 3.919555 25.901320
200 3.919546 25.901275
201 3.919538 25.901231
202 3.919530 25.901188
203 3.919522 25.901147
204 3.919515 25.901107
205 3.919507 25.901068
206 3.919500 25.901031
207 3.919493 25.900994
208 3.919487 25.900959
209 3.919480 25.900924
210 3.919474 25.900891
211 3.919468 25.900859
212 3.919462 25.900828
213 3.919456 25.900798
214 3.919451 25.900768
215 3.919446 25.900740
216 3.919440 25.900713
217 3.919435 25.900686
218 3.919430 25.900660
219 3.919426 25.900635
220 3.919421 25.900611
221 3.919417 25.900587
222 3.919412 25.900564
223 3.919408 25.900542
224 3.919404 25.900521
225 3.919400 25.900500
226 3.919397 25.900480
227 3.919393 25.900461
228 3.919389 25.900442
229 3.919386 25.900423
230 3.919382 25.900406
231 3.919379 25.900388
232 3.919376 25.900372
233 3.919373 25.900356
234 3.919370 25.900340
235 3.919367 25.900325
236 3.919364 25.900310
237 3.919362 25.900296
238 3.919359 25.900282
239 3.919357 25.900269
240 3.919354 25.900256
241 3.919352 25.900243
242 3.919350 25.900231
243 3.919347 25.900219
244 3.919345 25.900208
245 3.919343 25.900196
246 3.919341 25.900186
247 3.919339 25.900175
248 3.919337 25.900165
249 3.919335 25.900155
250 3.919334 25.900146
251 3.919332 25.900137
252 3.919330 25.900128
253 3.919328 25.900119
254 3.919327 25.900111
255 3.919325 25.900103
256 3.919324 25.900095
257 3.919322 25.900087
258 3.919321 25.900080
259 3.919320 25.900073
260 3.919318 25.900066
261 3.919317 25.900059
262 3.919316 25.900052
263 3.919315 25.900046
264 3.919314 25.900040
265 3.919312 25.900034
266 3.919311 25.900028
267 3.919310 25.900023
268 3.919309 25.900017
269 3.919308 25.900012
270 3.919307 25.900007
271 3.919306 25.900002
272 3.919306 25.899997
273 3.919305 25.899993
274 3.919304 25.899988
275 3.919303 25.899984
276 3.919302 25.899980
277 3.919301 25.899976
278 3.919301 25.899972
279 3.919300 25.899968
280 3.919299 25.899964
281 3.919299 25.899961
282 3.919298 25.899957
283 3.919297 25.899954
284 3.919297 25.899950
285 3.919296 25.899947
286 3.919295 25.899944
287 3.919295 25.899941
288 3.919294 25.899938
289 3.919294 25.899936
290 3.919293 25.899933
291 3.919293 25.899930
292 3.919292 25.899928
293 3.919292 25.899925
294 3.919291 25.899923
295 3.919291 25.899920
296 3.919291 25.899918
297 3.919290 25.899916
298 3.919290 25.899914
299 3.919289 25.899912
300 3.919289 25.899910
301 3.919289 25.899908
302 3.919288 25.899906
303 3.919288 25.899904
304 3.919288 25.899903
305 3.919287 25.899901
306 3.919287 25.899899
307 3.919287 25.899898
308 3.919286 25.899896
309 3.919286 25.899895
310 3.919286 25.899893
311 3.919286 25.899892
312 3.919285 25.899890
313 3.919285 25.899889
314 3.919285 25.899888
315 3.919285 25.899886
316 3.919284 25.899885
317 3.919284 25.899884
318 3.919284 25.899883
319 3.919284 25.899882
320 3.919284 25.899881
321 3.919283 25.899880
322 3.919283 25.899879
323 3.919283 25.899878
324 3.919283 25.899877
325 3.919283 25.899876
326 3.919282 25.899875
327 3.919282 25.899874
328 3.919282 25.899873
329 3.919282 25.899873
330 3.919282 25.899872
331 3.919282 25.899871
332 3.919282 25.899870
333 3.919281 25.899870
334 3.919281 25.899869
335 3.919281 25.899868
336 3.919281 25.899868
337 3.919281 25.899867
338 3.919281 25.899866
339 3.919281 25.899866
340 3.919281 25.899865
341 3.919281 25.899865
342 3.919280 25.899864
343 3.919280 25.899864
344 3.919280 25.899863
345 3.919280 25.899863
346 3.919280 25.899862
347 3.919280 25.899862
348 3.919280 25.899861
349 3.919280 25.899861
350 3.919280 25.899861
351 3.919280 25.899860
352 3.919280 25.899860
353 3.919279 25.899859
354 3.919279 25.899859
355 3.919279 25.899859
356 3.919279 25.899858
357 3.919279 25.899858
358 3.919279 25.899858
359 3.919279 25.899857
360 3.919279 25.899857
361 3.919279 25.899857
362 3.919279 25.899856
363 3.919279 25.899856
364 3.919279 25.899856
365 3.919279 25.899856
366 3.919279 25.899855
367 3.919279 25.899855
368 3.919279 25.899855
369 3.919279 25.899855
370 3.919279 25.899854
371 3.919279 25.899854
372 3.919278 25.899854
373 3.919278 25.899854
374 3.919278 25.899854
375 3.919278 25.899853
376 3.919278 25.899853
377 3.919278 25.899853
378 3.919278 25.899853
379 3.919278 25.899853
380 3.919278 25.899853
381 3.919278 25.899852
382 3.919278 25.899852
383 3.919278 25.899852
384 3.919278 25.899852
385 3.919278 25.899852
386 3.919278 25.899852
387 3.919278 25.899852
388 3.919278 25.899851
389 3.919278 25.899851
390 3.919278 25.899851
391 3.919278 25.899851
392 3.919278 25.899851
393 3.919278 25.899851
394 3.919278 25.899851
395 3.919278 25.899851
396 3.919278 25.899851
397 3.919278 25.899850
398 3.919278 25.899850
399 3.919278 25.899850
400 3.919278 25.899850
401 3.919278 25.899850
402 3.919278 25.899850
403 3.919278 25.899850
404 3.919278 25.899850
405 3.919278 25.899850
406 3.919278 25.899850
407 3.919278 25.899850
408 3.919278 25.899850
409 3.919278 25.899850
410 3.919278 25.899849
411 3.919278 25.899849
412 3.919278 25.899849
413 3.919278 25.899849
414 3.919278 25.899849
415 3.919278 25.899849
416 3.919278 25.899849
417 3.919278 25.899849
418 3.919278 25.899849
419 3.919278 25.899849
420 3.919278 25.899849
421 3.919278 25.899849
422 3.919278 25.899849
423 3.919278 25.899849
424 3.919277 25.899849
425 3.919277 25.899849
426 3.919277 25.899849
427 3.919277 25.899849
428 3.919277 25.899849
429 3.919277 25.899849
430 3.919277 25.899849
431 3.919277 25.899849
432 3.919277 25.899848
433 3.919277 25.899848
434 3.919277 25.899848
435 3.919277 25.899848
436 3.919277 25.899848
437 3.919277 25.899848
438 3.919277 25.899848
439 3.919277 25.899848
440 3.919277 25.899848
441 3.919277 25.899848
442 3.919277 25.899848
443 3.919277 25.899848
444 3.919277 25.899848
445 3.919277 25.899848
446 3.919277 25.899848
447 3.919277 25.899848
448 3.919277 25.899848
449 3.919277 25.899848
450 3.919277 25.899848
451 3.919277 25.899848
452 3.919277 25.899848
453 3.919277 25.899848
454 3.919277 25.899848
455 3.919277 25.899848
456 3.919277 25.899848
457 3.919277 25.899848
458 3.919277 25.899848
459 3.919277 25.899848
460 3.919277 25.899848
461 3.919277 25.899848
462 3.919277 25.899848
463 3.919277 25.899848
464 3.919277 25.899848
465 3.919277 25.899848
466 3.919277 25.899848
467 3.919277 25.899848
468 3.919277 25.899848
469 3.919277 25.899848
470 3.919277 25.899848
471 3.919277 25.899848
472 3.919277 25.899848
473 3.919277 25.899848
474 3.919277 25.899848
475 3.919277 25.899848
476 3.919277 25.899848
477 3.919277 25.899848
478 3.919277 25.899848
479 3.919277 25.899848
480 3.919277 25.899848
481 3.919277 25.899848
482 3.919277 25.899848
483 3.919277 25.899848
484 3.919277 25.899848
485 3.919277 25.899848
486 3.919277 25.899848
487 3.919277 25.899848
488 3.919277 25.899848
489 3.919277 25.899848
490 3.919277 25.899848
491 3.919277 25.899848
492 3.919277 25.899848
493 3.919277 25.899848
494 3.919277 25.899848
495 3.919277 25.899848
496 3.919277 25.899848
497 3.919277 25.899848
498 3.919277 25.899848
499 3.919277 25.899848
