0 3.701437 34.650000
1 3.696164 34.650000
2 3.691131 34.610000
3 3.686214 34.590000
4 3.681409 34.570000
5 3.676932 34.510000
6 3.672772 34.450000
7 3.668918 34.390000
8 3.665205 34.361934
9 3.661628 34.334888
10 3.658198 34.305112
11 3.654889 34.280116
12 3.651697 34.255998
13 3.648617 34.232726
14 3.645646 34.210272
15 3.642678 34.209728
16 3.639811 34.188064
17 3.637042 34.167136
18 3.634367 34.146917
19 3.631783 34.127384
20 3.629288 34.108514
21 3.626877 34.090284
22 3.624469 34.089716
23 3.622141 34.072113
24 3.619889 34.055086
25 3.617710 34.038617
26 3.615604 34.022687
27 3.613567 34.007278
28 3.611596 33.992374
29 3.609691 33.977958
30 3.607848 33.964015
31 3.606066 33.950528
32 3.604288 33.949472
33 3.602567 33.936455
34 3.600900 33.923850
35 3.599286 33.911641
36 3.597723 33.899818
37 3.596209 33.888367
38 3.594743 33.877278
39 3.593324 33.866539
40 3.591950 33.856139
41 3.590619 33.846067
42 3.589330 33.836313
43 3.588082 33.826867
44 3.586874 33.817719
45 3.585703 33.808861
46 3.584570 33.800282
47 3.583473 33.791974
48 3.582393 33.788026
49 3.581345 33.780101
50 3.580329 33.772418
51 3.579344 33.764967
52 3.578389 33.757742
53 3.577463 33.750737
54 3.576565 33.743944
55 3.575695 33.737358
56 3.574851 33.730971
57 3.574033 33.724778
58 3.573239 33.718773
59 3.572470 33.712951
60 3.571724 33.707305
61 3.571000 33.701831
62 3.570299 33.696523
63 3.569619 33.691376
64 3.568960 33.686385
65 3.568321 33.681546
66 3.567701 33.676855
67 3.567100 33.672305
68 3.566518 33.667894
69 3.565953 33.663617
70 3.565405 33.659470
71 3.564874 33.655449
72 3.564359 33.651551
73 3.563860 33.647770
74 3.563376 33.644105
75 3.562907 33.640551
76 3.562452 33.637105
77 3.562010 33.633764
78 3.561583 33.630525
79 3.561168 33.627384
80 3.560766 33.624338
81 3.560376 33.621386
82 3.559998 33.618523
83 3.559632 33.615747
84 3.559276 33.613055
85 3.558932 33.610445
86 3.558598 33.607915
87 3.558274 33.605462
88 3.557960 33.603083
89 3.557656 33.600777
90 3.557357 33.599223
91 3.557068 33.597033
92 3.556787 33.594907
93 3.556514 33.592843
94 3.556249 33.590839
95 3.555992 33.588893
96 3.555743 33.587005
97 3.555500 33.585171
98 3.555265 33.583390
99 3.555037 33.581662
100 3.554815 33.579984
101 3.554600 33.578355
102 3.554391 33.576773
103 3.554188 33.575237
104 3.553991 33.573747
105 3.553799 33.572299
106 3.553614 33.570894
107 3.553433 33.569530
108 3.553258 33.568206
109 3.553089 33.566920
110 3.552924 33.565672
111 3.552764 33.564460
112 3.552608 33.563283
113 3.552457 33.562141
114 3.552311 33.561032
115 3.552168 33.559955
116 3.552030 33.558910
117 3.551896 33.557895
118 3.551766 33.556910
119 3.551640 33.555954
120 3.551517 33.555025
121 3.551398 33.554124
122 3.551282 33.553249
123 3.551170 33.552399
124 3.551061 33.551574
125 3.550955 33.550773
126 3.550853 33.549996
127 3.550753 33.549241
128 3.550656 33.548508
129 3.550562 33.547797
130 3.550471 33.547106
131 3.550382 33.546436
132 3.550296 33.545785
133 3.550213 33.545153
134 3.550132 33.544539
135 3.550053 33.543944
136 3.549977 33.543366
137 3.549903 33.542804
138 3.549831 33.542259
139 3.549761 33.541730
140 3.549693 33.541216
141 3.549627 33.540718
142 3.549563 33.540234
143 3.549501 33.539764
144 3.549441 33.539307
145 3.549382 33.538864
146 3.549325 33.538434
147 3.549270 33.538017
148 3.549217 33.537611
149 3.549165 33.537218
150 3.549114 33.536836
151 3.549065 33.536465
152 3.549018 33.536105
153 3.548971 33.535755
154 3.548927 33.535416
155 3.548883 33.535086
156 3.548841 33.534766
157 3.548800 33.534456
158 3.548760 33.534154
159 3.548721 33.533862
160 3.548684 33.533577
161 3.548647 33.533302
162 3.548612 33.533034
163 3.548578 33.532774
164 3.548544 33.532521
165 3.548512 33.532276
166 3.548480 33.532038
167 3.548450 33.531807
168 3.548420 33.531583
169 3.548392 33.531366
170 3.548364 33.531154
171 3.548337 33.530949
172 3.548310 33.530750
173 3.548285 33.530557
174 3.548260 33.530369
175 3.548236 33.530187
176 3.548212 33.530010
177 3.548190 33.529838
178 3.548168 33.529671
179 3.548146 33.529509
180 3.548126 33.529352
181 3.548105 33.529199
182 3.548086 33.529051
183 3.548067 33.528908
184 3.548048 33.528768
185 3.548031 33.528632
186 3.548013 33.528501
187 3.547996 33.528373
188 3.547980 33.528249
189 3.547964 33.528129
190 3.547949 33.528012
191 3.547934 33.527898
192 3.547919 33.527788
193 3.547905 33.527681
194 3.547891 33.527577
195 3.547878 33.527477
196 3.547865 33.527379
197 3.547852 33.527284
198 3.547840 33.527191
199 3.547828 33.527102
200 3.547817 33.527015
201 3.547806 33.526931
202 3.547795 33.526849
203 3.547784 33.526769
204 3.547774 33.526692
205 3.547764 33.526617
206 3.547755 33.526544
207 3.547745 33.526473
208 3.547736 33.526405
209 3.547728 33.526338
210 3.547719 33.526274
211 3.547711 33.526211
212 3.547703 33.526150
213 3.547695 33.526091
214 3.547687 33.526033
215 3.547680 33.525978
216 3.547673 33.525923
217 3.547666 33.525871
218 3.547659 33.525820
219 3.547653 33.525770
220 3.547646 33.525722
221 3.547640 33.525676
222 3.547634 33.525630
223 3.547628 33.525586
224 3.547623 33.525544
225 3.547617 33.525502
226 3.547612 33.525462
227 3.547607 33.525423
228 3.547602 33.525385
229 3.547597 33.525348
230 3.547592 33.525312
231 3.547587 33.525278
232 3.547583 33.525244
233 3.547579 33.525211
234 3.547574 33.525179
235 3.547570 33.525149
236 3.547566 33.525119
237 3.547563 33.525090
238 3.547559 33.525061
239 3.547555 33.525034
240 3.547552 33.525007
241 3.547548 33.524981
242 3.547545 33.524956
243 3.547542 33.524932
244 3.547539 33.524908
245 3.547536 33.524886
246 3.547533 33.524863
247 3.547530 33.524842
248 3.547527 33.524821
249 3.547524 33.524800
250 3.547522 33.524781
251 3.547519 33.524761
252 3.547517 33.524743
253 3.547514 33.524725
254 3.547512 33.524707
255 3.547510 33.524690
256 3.547508 33.524673
257 3.547505 33.524657
258 3.547503 33.524642
259 3.547501 33.524627
260 3.547499 33.524612
261 3.547498 33.524598
262 3.547496 33.524584
263 3.547494 33.524570
264 3.547492 33.524557
265 3.547491 33.524545
266 3.547489 33.524532
267 3.547487 33.524520
268 3.547486 33.524509
269 3.547484 33.524497
270 3.547483 33.524486
271 3.547482 33.524476
272 3.547480 33.524466
273 3.547479 33.524456
274 3.547478 33.524446
275 3.547476 33.524436
276 3.547475 33.524427
277 3.547474 33.524418
278 3.547473 33.524410
279 3.547472 33.524401
280 3.547471 33.524393
281 3.547470 33.524385
282 3.547469 33.524378
283 3.547468 33.524370
284 3.547467 33.524363
285 3.547466 33.524356
286 3.547465 33.524349
287 3.547464 33.524342
288 3.547463 33.524336
289 3.547462 33.524330
290 3.547461 33.524324
291 3.547461 33.524318
292 3.547460 33.524312
293 3.547459 33.524307
294 3.547458 33.524301
295 3.547458 33.524296
296 3.547457 33.524291
297 3.547456 33.524286
298 3.547456 33.524281
299 3.547455 33.524277
300 3.547455 33.524272
301 3.547454 33.524268
302 3.547453 33.524264
303 3.547453 33.524259
304 3.547452 33.524255
305 3.547452 33.524252
306 3.547451 33.524248
307 3.547451 33.524244
308 3.547450 33.524241
309 3.547450 33.524237
310 3.547450 33.524234
311 3.547449 33.524231
312 3.547449 33.524227
313 3.547448 33.524224
314 3.547448 33.524221
315 3.547448 33.524219
316 3.547447 33.524216
317 3.547447 33.524213
318 3.547446 33.524210
319 3.547446 33.524208
320 3.547446 33.524205
321 3.547445 33.524203
322 3.547445 33.524201
323 3.547445 33.524198
324 3.547445 33.524196
325 3.547444 33.524194
326 3.547444 33.524192
327 3.547444 33.524190
328 3.547443 33.524188
329 3.547443 33.524186
330 3.547443 33.524184
331 3.547443 33.524182
332 3.547443 33.524181
333 3.547442 33.524179
334 3.547442 33.524177
335 3.547442 33.524176
336 3.547442 33.524174
337 3.547441 33.524173
338 3.547441 33.524171
339 3.547441 33.524170
340 3.547441 33.524168
341 3.547441 33.524167
342 3.547441 33.524166
343 3.547440 33.524164
344 3.547440 33.524163
345 3.547440 33.524162
346 3.547440 33.524161
347 3.547440 33.524160
348 3.547440 33.524159
349 3.547439 33.524158
350 3.547439 33.524157
351 3.547439 33.524156
352 3.547439 33.524155
353 3.547439 33.524154
354 3.547439 33.524153
355 3.547439 33.524152
356 3.547439 33.524151
357 3.547439 33.524150
358 3.547438 33.524149
359 3.547438 33.524149
360 3.547438 33.524148
361 3.547438 33.524147
362 3.547438 33.524146
363 3.547438 33.524146
364 3.547438 33.524145
365 3.547438 33.524144
366 3.547438 33.524144
367 3.547438 33.524143
368 3.547437 33.524142
369 3.547437 33.524142
370 3.547437 33.524141
371 3.547437 33.524141
372 3.547437 33.524140
373 3.547437 33.524140
374 3.547437 33.524139
375 3.547437 33.524139
376 3.547437 33.524138
377 3.547437 33.524138
378 3.547437 33.524137
379 3.547437 33.524137
380 3.547437 33.524137
381 3.547437 33.524136
382 3.547437 33.524136
383 3.547437 33.524135
384 3.547437 33.524135
385 3.547436 33.524135
386 3.547436 33.524134
387 3.547436 33.524134
388 3.547436 33.524134
389 3.547436 33.524133
390 3.547436 33.524133
391 3.547436 33.524133
392 3.547436 33.524132
393 3.547436 33.524132
394 3.547436 33.524132
395 3.547436 33.524131
396 3.547436 33.524131
397 3.547436 33.524131
398 3.547436 33.524131
399 3.547436 33.524130
400 3.547436 33.524130
401 3.547436 33.524130
402 3.547436 33.524130
403 3.547436 33.524130
404 3.547436 33.524129
405 3.547436 33.524129
406 3.547436 33.524129
407 3.547436 33.524129
408 3.547436 33.524129
409 3.547436 33.524128
410 3.547436 33.524128
411 3.547436 33.524128
412 3.547436 33.524128
413 3.547436 33.524128
414 3.547436 33.524128
415 3.547436 33.524127
416 3.547435 33.524127
417 3.547435 33.524127
418 3.547435 33.524127
419 3.547435 33.524127
420 3.547435 33.524127
421 3.547435 33.524127
422 3.547435 33.524127
423 3.547435 33.524126
424 3.547435 33.524126
425 3.547435 33.524126
426 3.547435 33.524126
427 3.547435 33.524126
428 3.547435 33.524126
429 3.547435 33.524126
430 3.547435 33.524126
431 3.547435 33.524126
432 3.547435 33.524125
433 3.547435 33.524125
434 3.547435 33.524125
435 3.547435 33.524125
436 3.547435 33.524125
437 3.547435 33.524125
438 3.547435 33.524125
439 3.547435 33.524125
440 3.547435 33.524125
441 3.547435 33.524125
442 3.547435 33.524125
443 3.547435 33.524125
444 3.547435 33.524125
445 3.547435 33.524125
446 3.547435 33.524124
447 3.547435 33.524124
448 3.547435 33.524124
449 3.547435 33.524124
450 3.547435 33.524124
451 3.547435 33.524124
452 3.547435 33.524124
453 3.547435 33.524124
454 3.547435 33.524124
455 3.547435 33.524124
456 3.547435 33.524124
457 3.547435 33.524124
458 3.547435 33.524124
459 3.547435 33.524124
460 3.547435 33.524124
461 3.547435 33.524124
462 3.547435 33.524124
463 3.547435 33.524124
464 3.547435 33.524124
465 3.547435 33.524124
466 3.547435 33.524124
467 3.547435 33.524124
468 3.547435 33.524124
469 3.547435 33.524123
470 3.547435 33.524123
471 3.547435 33.524123
472 3.547435 33.524123
473 3.547435 33.524123
474 3.547435 33.524123
475 3.547435 33.524123
476 3.547435 33.524123
477 3.547435 33.524123
478 3.547435 33.524123
479 3.547435 33.524123
480 3.547435 33.524123
481 3.547435 33.524123
482 3.547435 33.524123
483 3.547435 33.524123
484 3.547435 33.524123
485 3.547435 33.524123
486 3.547435 33.524123
487 3.547435 33.524123
488 3.547435 33.524123
489 3.547435 33.524123
490 3.547435 33.524123
491 3.547435 33.524123
492 3.547435 33.524123
493 3.547435 33.524123
494 3.547435 33.524123
495 3.547435 33.524123
496 3.547435 33.524123
497 3.547435 33.524123
498 3.547435 33.524123
499 3.547435 33.524123
