0 0.456307 4.130000
1 0.455242 4.130000
2 0.454208 4.122505
3 0.453194 4.117495
4 0.452208 4.110345
5 0.451249 4.103387
6 0.450316 4.096616
7 0.449408 4.090027
8 0.448500 4.089973
9 0.447616 4.083549
10 0.446755 4.077289
11 0.445916 4.071187
12 0.445099 4.065240
13 0.444302 4.059444
14 0.443527 4.053796
15 0.442778 4.046204
16 0.442047 4.040891
17 0.441334 4.035704
18 0.440639 4.030642
19 0.439947 4.029358
20 0.439272 4.024441
21 0.438611 4.019634
22 0.437966 4.014934
23 0.437335 4.010339
24 0.436719 4.005848
25 0.436117 4.001457
26 0.435528 3.997165
27 0.434953 3.992970
28 0.434391 3.988869
29 0.433842 3.984859
30 0.433305 3.980941
31 0.432781 3.977110
32 0.432268 3.973366
33 0.431776 3.966634
34 0.431295 3.963124
35 0.430824 3.959688
36 0.430363 3.956323
37 0.429911 3.953029
38 0.429469 3.949805
39 0.429037 3.946647
40 0.428614 3.943557
41 0.428199 3.940531
42 0.427794 3.937568
43 0.427397 3.934668
44 0.427009 3.931829
45 0.426628 3.929050
46 0.426256 3.926329
47 0.425892 3.923665
48 0.425536 3.921058
49 0.425185 3.918942
50 0.424842 3.916432
51 0.424505 3.913971
52 0.424175 3.911558
53 0.423851 3.909192
54 0.423534 3.906872
55 0.423223 3.904597
56 0.422918 3.902367
57 0.422619 3.900180
58 0.422326 3.898036
59 0.422039 3.895934
60 0.421757 3.893872
61 0.421481 3.891852
62 0.421210 3.889870
63 0.420945 3.887928
64 0.420685 3.886023
65 0.420430 3.884156
66 0.420180 3.882325
67 0.419935 3.880530
68 0.419695 3.878770
69 0.419459 3.877044
70 0.419229 3.875353
71 0.419002 3.873694
72 0.418781 3.872068
73 0.418563 3.870474
74 0.418350 3.868912
75 0.418141 3.867379
76 0.417936 3.865877
77 0.417736 3.864405
78 0.417539 3.862961
79 0.417346 3.861546
80 0.417157 3.860158
81 0.416972 3.858798
82 0.416790 3.857464
83 0.416612 3.856157
84 0.416437 3.854875
85 0.416266 3.853619
86 0.416098 3.852387
87 0.415934 3.851179
88 0.415773 3.849995
89 0.415615 3.848835
90 0.415460 3.847697
91 0.415308 3.846582
92 0.415159 3.845488
93 0.415013 3.844417
94 0.414870 3.843366
95 0.414730 3.842336
96 0.414593 3.841326
97 0.414458 3.840336
98 0.414325 3.839664
99 0.414194 3.838706
100 0.414066 3.837766
101 0.413940 3.836842
102 0.413817 3.835935
103 0.413696 3.835045
104 0.413577 3.834171
105 0.413460 3.833312
106 0.413345 3.832469
107 0.413232 3.831642
108 0.413121 3.830829
109 0.413013 3.830031
110 0.412906 3.829248
111 0.412801 3.828478
112 0.412699 3.827723
113 0.412598 3.826981
114 0.412498 3.826253
115 0.412401 3.825538
116 0.412306 3.824836
117 0.412212 3.824146
118 0.412120 3.823470
119 0.412029 3.822805
120 0.411940 3.822152
121 0.411853 3.821512
122 0.411767 3.820882
123 0.411683 3.820265
124 0.411601 3.819658
125 0.411520 3.819063
126 0.411440 3.818478
127 0.411362 3.817904
128 0.411286 3.817340
129 0.411210 3.816787
130 0.411136 3.816243
131 0.411064 3.815710
132 0.410993 3.815186
133 0.410923 3.814671
134 0.410854 3.814166
135 0.410786 3.813670
136 0.410720 3.813183
137 0.410655 3.812705
138 0.410591 3.812236
139 0.410529 3.811775
140 0.410467 3.811323
141 0.410407 3.810878
142 0.410347 3.810442
143 0.410289 3.810014
144 0.410232 3.809593
145 0.410176 3.809181
146 0.410121 3.808775
147 0.410067 3.808377
148 0.410014 3.807986
149 0.409961 3.807603
150 0.409910 3.807226
151 0.409860 3.806856
152 0.409811 3.806493
153 0.409762 3.806137
154 0.409715 3.805786
155 0.409668 3.805443
156 0.409622 3.805105
157 0.409577 3.804774
158 0.409533 3.804449
159 0.409489 3.804129
160 0.409447 3.803816
161 0.409405 3.803508
162 0.409364 3.803206
163 0.409324 3.802909
164 0.409284 3.802617
165 0.409245 3.802331
166 0.409207 3.802050
167 0.409169 3.801775
168 0.409133 3.801504
169 0.409097 3.801238
170 0.409061 3.800977
171 0.409026 3.800721
172 0.408992 3.800469
173 0.408958 3.800222
174 0.408926 3.799980
175 0.408893 3.799741
176 0.408861 3.799508
177 0.408830 3.799278
178 0.408800 3.799053
179 0.408770 3.798832
180 0.408740 3.798614
181 0.408711 3.798401
182 0.408683 3.798192
183 0.408655 3.797986
184 0.408627 3.797784
185 0.408600 3.797586
186 0.408574 3.797391
187 0.408548 3.797200
188 0.408523 3.797013
189 0.408498 3.796829
190 0.408473 3.796648
191 0.408449 3.796470
192 0.408425 3.796296
193 0.408402 3.796125
194 0.408379 3.795957
195 0.408357 3.795792
196 0.408335 3.795630
197 0.408313 3.795471
198 0.408292 3.795315
199 0.408271 3.795162
200 0.408251 3.795011
201 0.408231 3.794864
202 0.408211 3.794719
203 0.408192 3.794576
204 0.408173 3.794436
205 0.408154 3.794299
206 0.408136 3.794164
207 0.408118 3.794032
208 0.408100 3.793902
209 0.408083 3.793775
210 0.408066 3.793649
211 0.408049 3.793527
212 0.408033 3.793406
213 0.408017 3.793287
214 0.408001 3.793171
215 0.407985 3.793057
216 0.407970 3.792945
217 0.407955 3.792835
218 0.407940 3.792726
219 0.407926 3.792620
220 0.407912 3.792516
221 0.407898 3.792414
222 0.407884 3.792313
223 0.407871 3.792215
224 0.407858 3.792118
225 0.407845 3.792023
226 0.407832 3.791930
227 0.407820 3.791838
228 0.407808 3.791748
229 0.407796 3.791660
230 0.407784 3.791573
231 0.407772 3.791488
232 0.407761 3.791404
233 0.407750 3.791322
234 0.407739 3.791242
235 0.407728 3.791163
236 0.407718 3.791085
237 0.407707 3.791009
238 0.407697 3.790934
239 0.407687 3.790861
240 0.407677 3.790788
241 0.407668 3.790718
242 0.407658 3.790648
243 0.407649 3.790580
244 0.407640 3.790513
245 0.407631 3.790447
246 0.407622 3.790382
247 0.407614 3.790319
248 0.407605 3.790257
249 0.407597 3.790196
250 0.407589 3.790135
251 0.407581 3.790077
252 0.407573 3.790019
253 0.407565 3.789962
254 0.407558 3.789906
255 0.407550 3.789851
256 0.407543 3.789798
257 0.407536 3.789745
258 0.407529 3.789693
259 0.407522 3.789642
260 0.407515 3.789592
261 0.407508 3.789543
262 0.407502 3.789495
263 0.407495 3.789448
264 0.407489 3.789401
265 0.407483 3.789356
266 0.407477 3.789311
267 0.407471 3.789267
268 0.407465 3.789224
269 0.407459 3.789182
270 0.407454 3.789140
271 0.407448 3.789099
272 0.407443 3.789059
273 0.407437 3.789020
274 0.407432 3.788981
275 0.407427 3.788943
276 0.407422 3.788906
277 0.407417 3.788870
278 0.407412 3.788834
279 0.407407 3.788799
280 0.407403 3.788764
281 0.407398 3.788730
282 0.407393 3.788697
283 0.407389 3.788664
284 0.407385 3.788632
285 0.407380 3.788600
286 0.407376 3.788569
287 0.407372 3.788539
288 0.407368 3.788509
289 0.407364 3.788480
290 0.407360 3.788451
291 0.407356 3.788423
292 0.407352 3.788395
293 0.407349 3.788368
294 0.407345 3.788341
295 0.407342 3.788315
296 0.407338 3.788289
297 0.407335 3.788264
298 0.407331 3.788239
299 0.407328 3.788215
300 0.407325 3.788191
301 0.407322 3.788167
302 0.407318 3.788144
303 0.407315 3.788121
304 0.407312 3.788099
305 0.407309 3.788077
306 0.407306 3.788056
307 0.407304 3.788035
308 0.407301 3.788014
309 0.407298 3.787994
310 0.407295 3.787974
311 0.407293 3.787954
312 0.407290 3.787935
313 0.407288 3.787916
314 0.407285 3.787898
315 0.407283 3.787880
316 0.407280 3.787862
317 0.407278 3.787844
318 0.407275 3.787827
319 0.407273 3.787810
320 0.407271 3.787794
321 0.407269 3.787778
322 0.407267 3.787762
323 0.407264 3.787746
324 0.407262 3.787730
325 0.407260 3.787715
326 0.407258 3.787701
327 0.407256 3.787686
328 0.407254 3.787672
329 0.407252 3.787658
330 0.407251 3.787644
331 0.407249 3.787630
332 0.407247 3.787617
333 0.407245 3.787604
334 0.407243 3.787591
335 0.407242 3.787579
336 0.407240 3.787566
337 0.407238 3.787554
338 0.407237 3.787542
339 0.407235 3.787530
340 0.407234 3.787519
341 0.407232 3.787508
342 0.407231 3.787497
343 0.407229 3.787486
344 0.407228 3.787475
345 0.407226 3.787465
346 0.407225 3.787454
347 0.407223 3.787444
348 0.407222 3.787434
349 0.407221 3.787425
350 0.407219 3.787415
351 0.407218 3.787406
352 0.407217 3.787397
353 0.407216 3.787388
354 0.407215 3.787379
355 0.407213 3.787370
356 0.407212 3.787361
357 0.407211 3.787353
358 0.407210 3.787345
359 0.407209 3.787337
360 0.407208 3.787329
361 0.407207 3.787321
362 0.407206 3.787313
363 0.407205 3.787306
364 0.407204 3.787298
365 0.407203 3.787291
366 0.407202 3.787284
367 0.407201 3.787277
368 0.407200 3.787270
369 0.407199 3.787264
370 0.407198 3.787257
371 0.407197 3.787250
372 0.407196 3.787244
373 0.407195 3.787238
374 0.407195 3.787232
375 0.407194 3.787226
376 0.407193 3.787220
377 0.407192 3.787214
378 0.407191 3.787208
379 0.407191 3.787203
380 0.407190 3.787197
381 0.407189 3.787192
382 0.407188 3.787186
383 0.407188 3.787181
384 0.407187 3.787176
385 0.407186 3.787171
386 0.407186 3.787166
387 0.407185 3.787161
388 0.407184 3.787157
389 0.407184 3.787152
390 0.407183 3.787147
391 0.407183 3.787143
392 0.407182 3.787139
393 0.407181 3.787134
394 0.407181 3.787130
395 0.407180 3.787126
396 0.407180 3.787122
397 0.407179 3.787118
398 0.407179 3.787114
399 0.407178 3.787110
400 0.407178 3.787106
401 0.407177 3.787102
402 0.407177 3.787099
403 0.407176 3.787095
404 0.407176 3.787091
405 0.407175 3.787088
406 0.407175 3.787085
407 0.407174 3.787081
408 0.407174 3.787078
409 0.407173 3.787075
410 0.407173 3.787072
411 0.407172 3.787068
412 0.407172 3.787065
413 0.407172 3.787062
414 0.407171 3.787059
415 0.407171 3.787057
416 0.407170 3.787054
417 0.407170 3.787051
418 0.407170 3.787048
419 0.407169 3.787046
420 0.407169 3.787043
421 0.407169 3.787040
422 0.407168 3.787038
423 0.407168 3.787035
424 0.407168 3.787033
425 0.407167 3.787030
426 0.407167 3.787028
427 0.407167 3.787026
428 0.407166 3.787024
429 0.407166 3.787021
430 0.407166 3.787019
431 0.407165 3.787017
432 0.407165 3.787015
433 0.407165 3.787013
434 0.407165 3.787011
435 0.407164 3.787009
436 0.407164 3.787007
437 0.407164 3.787005
438 0.407164 3.787003
439 0.407163 3.787001
440 0.407163 3.786999
441 0.407163 3.786997
442 0.407163 3.786996
443 0.407162 3.786994
444 0.407162 3.786992
445 0.407162 3.786991
446 0.407162 3.786989
447 0.407161 3.786987
448 0.407161 3.786986
449 0.407161 3.786984
450 0.407161 3.786983
451 0.407161 3.786981
452 0.407160 3.786980
453 0.407160 3.786978
454 0.407160 3.786977
455 0.407160 3.786976
456 0.407160 3.786974
457 0.407159 3.786973
458 0.407159 3.786972
459 0.407159 3.786970
460 0.407159 3.786969
461 0.407159 3.786968
462 0.407159 3.786967
463 0.407158 3.786965
464 0.407158 3.786964
465 0.407158 3.786963
466 0.407158 3.786962
467 0.407158 3.786961
468 0.407158 3.786960
469 0.407158 3.786959
470 0.407157 3.786958
471 0.407157 3.786957
472 0.407157 3.786956
473 0.407157 3.786955
474 0.407157 3.786954
475 0.407157 3.786953
476 0.407157 3.786952
477 0.407156 3.786951
478 0.407156 3.786950
479 0.407156 3.786949
480 0.407156 3.786948
481 0.407156 3.786947
482 0.407156 3.786946
483 0.407156 3.786946
484 0.407156 3.786945
485 0.407156 3.786944
486 0.407155 3.786943
487 0.407155 3.786942
488 0.407155 3.786942
489 0.407155 3.786941
490 0.407155 3.786940
491 0.407155 3.786940
492 0.407155 3.786939
493 0.407155 3.786938
494 0.407155 3.786937
495 0.407155 3.786937
496 0.407154 3.786936
497 0.407154 3.786935
498 0.407154 3.786935
499 0.407154 3.786934
