0 0.308824 3.960000
1 0.308479 3.960000
2 0.308147 3.956557
3 0.307829 3.953251
4 0.307524 3.950077
5 0.307231 3.947030
6 0.306950 3.944105
7 0.306680 3.941296
8 0.306420 3.938704
9 0.306170 3.936108
10 0.305929 3.933609
11 0.305697 3.931204
12 0.305475 3.928889
13 0.305260 3.926661
14 0.305054 3.924517
15 0.304855 3.922453
16 0.304664 3.920467
17 0.304480 3.918555
18 0.304303 3.916715
19 0.304133 3.914945
20 0.303969 3.913241
21 0.303811 3.911601
22 0.303660 3.910023
23 0.303514 3.908504
24 0.303373 3.907042
25 0.303238 3.905636
26 0.303108 3.904282
27 0.302983 3.902980
28 0.302862 3.901726
29 0.302746 3.900520
30 0.302635 3.899359
31 0.302527 3.898242
32 0.302424 3.897167
33 0.302325 3.896133
34 0.302229 3.895137
35 0.302137 3.894179
36 0.302049 3.893258
37 0.301964 3.892371
38 0.301882 3.891517
39 0.301803 3.890696
40 0.301729 3.889304
41 0.301658 3.888565
42 0.301590 3.887854
43 0.301524 3.887169
44 0.301461 3.886508
45 0.301399 3.885872
46 0.301340 3.885259
47 0.301284 3.884668
48 0.301229 3.884099
49 0.301176 3.883550
50 0.301126 3.883022
51 0.301077 3.882513
52 0.301030 3.882022
53 0.300984 3.881550
54 0.300940 3.881095
55 0.300898 3.880656
56 0.300858 3.880233
57 0.300819 3.879826
58 0.300781 3.879434
59 0.300745 3.879056
60 0.300710 3.878692
61 0.300676 3.878341
62 0.300643 3.878003
63 0.300612 3.877678
64 0.300582 3.877364
65 0.300553 3.877062
66 0.300525 3.876770
67 0.300498 3.876490
68 0.300472 3.876219
69 0.300447 3.875959
70 0.300423 3.875708
71 0.300400 3.875466
72 0.300378 3.875234
73 0.300356 3.875009
74 0.300335 3.874793
75 0.300315 3.874585
76 0.300296 3.874384
77 0.300277 3.874191
78 0.300260 3.874005
79 0.300242 3.873825
80 0.300226 3.873652
81 0.300210 3.873486
82 0.300194 3.873325
83 0.300179 3.873171
84 0.300165 3.873022
85 0.300151 3.872878
86 0.300138 3.872740
87 0.300125 3.872607
88 0.300113 3.872479
89 0.300101 3.872355
90 0.300090 3.872236
91 0.300079 3.872121
92 0.300068 3.872011
93 0.300058 3.871904
94 0.300048 3.871802
95 0.300039 3.871703
96 0.300029 3.871608
97 0.300021 3.871516
98 0.300012 3.871428
99 0.300004 3.871342
100 0.299996 3.871260
101 0.299988 3.871181
102 0.299981 3.871105
103 0.299974 3.871032
104 0.299967 3.870961
105 0.299961 3.870893
106 0.299955 3.870828
107 0.299948 3.870764
108 0.299943 3.870703
109 0.299937 3.870645
110 0.299932 3.870588
111 0.299926 3.870534
112 0.299921 3.870481
113 0.299916 3.870431
114 0.299912 3.870382
115 0.299907 3.870335
116 0.299903 3.870290
117 0.299899 3.870247
118 0.299895 3.870205
119 0.299891 3.870164
120 0.299887 3.870125
121 0.299884 3.870088
122 0.299880 3.870052
123 0.299877 3.870017
124 0.299874 3.869984
125 0.299870 3.869951
126 0.299867 3.869920
127 0.299865 3.869890
128 0.299862 3.869861
129 0.299859 3.869833
130 0.299857 3.869807
131 0.299854 3.869781
132 0.299852 3.869756
133 0.299849 3.869732
134 0.299847 3.869709
135 0.299845 3.869687
136 0.299843 3.869665
137 0.299841 3.869645
138 0.299839 3.869625
139 0.299837 3.869606
140 0.299835 3.869587
141 0.299834 3.869569
142 0.299832 3.869552
143 0.299831 3.869536
144 0.299829 3.869520
145 0.299828 3.869504
146 0.299826 3.869490
147 0.299825 3.869475
148 0.299823 3.869462
149 0.299822 3.869449
150 0.299821 3.869436
151 0.299820 3.869424
152 0.299819 3.869412
153 0.299818 3.869400
154 0.299817 3.869389
155 0.299815 3.869379
156 0.299815 3.869369
157 0.299814 3.869359
158 0.299813 3.869350
159 0.299812 3.869340
160 0.299811 3.869332
161 0.299810 3.869323
162 0.299809 3.869315
163 0.299809 3.869307
164 0.299808 3.869300
165 0.299807 3.869292
166 0.299807 3.869285
167 0.299806 3.869279
168 0.299805 3.869272
169 0.299805 3.869266
170 0.299804 3.869260
171 0.299804 3.869254
172 0.299803 3.869249
173 0.299802 3.869243
174 0.299802 3.869238
175 0.299801 3.869233
176 0.299801 3.869228
177 0.299801 3.869223
178 0.299800 3.869219
179 0.299800 3.869215
180 0.299799 3.869211
181 0.299799 3.869207
182 0.299799 3.869203
183 0.299798 3.869199
184 0.299798 3.869195
185 0.299798 3.869192
186 0.299797 3.869189
187 0.299797 3.869185
188 0.299797 3.869182
189 0.299796 3.869179
190 0.299796 3.869176
191 0.299796 3.869174
192 0.299796 3.869171
193 0.299795 3.869169
194 0.299795 3.869166
195 0.299795 3.869164
196 0.299795 3.869161
197 0.299794 3.869159
198 0.299794 3.869157
199 0.299794 3.869155
200 0.299794 3.869153
201 0.299794 3.869151
202 0.299793 3.869149
203 0.299793 3.869148
204 0.299793 3.869146
205 0.299793 3.869144
206 0.299793 3.869143
207 0.299793 3.869141
208 0.299793 3.869140
209 0.299792 3.869138
210 0.299792 3.869137
211 0.299792 3.869136
212 0.299792 3.869134
213 0.299792 3.869133
214 0.299792 3.869132
215 0.299792 3.869131
216 0.299792 3.869130
217 0.299791 3.869129
218 0.299791 3.869128
219 0.299791 3.869127
220 0.299791 3.869126
221 0.299791 3.869125
222 0.299791 3.869124
223 0.299791 3.869123
224 0.299791 3.869122
225 0.299791 3.869122
226 0.299791 3.869121
227 0.299791 3.869120
228 0.299791 3.869119
229 0.299791 3.869119
230 0.299790 3.869118
231 0.299790 3.869118
232 0.299790 3.869117
233 0.299790 3.869116
234 0.299790 3.869116
235 0.299790 3.869115
236 0.299790 3.869115
237 0.299790 3.869114
238 0.299790 3.869114
239 0.299790 3.869113
240 0.299790 3.869113
241 0.299790 3.869112
242 0.299790 3.869112
243 0.299790 3.869112
244 0.299790 3.869111
245 0.299790 3.869111
246 0.299790 3.869111
247 0.299790 3.869110
248 0.299790 3.869110
249 0.299790 3.869110
250 0.299790 3.869109
251 0.299790 3.869109
252 0.299790 3.869109
253 0.299790 3.869108
254 0.299790 3.869108
255 0.299789 3.869108
256 0.299789 3.869108
257 0.299789 3.869107
258 0.299789 3.869107
259 0.299789 3.869107
260 0.299789 3.869107
261 0.299789 3.869107
262 0.299789 3.869106
263 0.299789 3.869106
264 0.299789 3.869106
265 0.299789 3.869106
266 0.299789 3.869106
267 0.299789 3.869105
268 0.299789 3.869105
269 0.299789 3.869105
270 0.299789 3.869105
271 0.299789 3.869105
272 0.299789 3.869105
273 0.299789 3.869105
274 0.299789 3.869104
275 0.299789 3.869104
276 0.299789 3.869104
277 0.299789 3.869104
278 0.299789 3.869104
279 0.299789 3.869104
280 0.299789 3.869104
281 0.299789 3.869104
282 0.299789 3.869104
283 0.299789 3.869104
284 0.299789 3.869103
285 0.299789 3.869103
286 0.299789 3.869103
287 0.299789 3.869103
288 0.299789 3.869103
289 0.299789 3.869103
290 0.299789 3.869103
291 0.299789 3.869103
292 0.299789 3.869103
293 0.299789 3.869103
294 0.299789 3.869103
295 0.299789 3.869103
296 0.299789 3.869103
297 0.299789 3.869103
298 0.299789 3.869103
299 0.299789 3.869102
300 0.299789 3.869102
301 0.299789 3.869102
302 0.299789 3.869102
303 0.299789 3.869102
304 0.299789 3.869102
305 0.299789 3.869102
306 0.299789 3.869102
307 0.299789 3.869102
308 0.299789 3.869102
309 0.299789 3.869102
310 0.299789 3.869102
311 0.299789 3.869102
312 0.299789 3.869102
313 0.299789 3.869102
314 0.299789 3.869102
315 0.299789 3.869102
316 0.299789 3.869102
317 0.299789 3.869102
318 0.299789 3.869102
319 0.299789 3.869102
320 0.299789 3.869102
321 0.299789 3.869102
322 0.299789 3.869102
323 0.299789 3.869102
324 0.299789 3.869102
325 0.299789 3.869102
326 0.299789 3.869102
327 0.299789 3.869102
328 0.299789 3.869102
329 0.299789 3.869102
330 0.299789 3.869102
331 0.299789 3.869102
332 0.299789 3.869102
333 0.299789 3.869102
334 0.299789 3.869102
335 0.299789 3.869102
336 0.299789 3.869102
337 0.299789 3.869102
338 0.299789 3.869101
339 0.299789 3.869101
340 0.299789 3.869101
341 0.299789 3.869101
342 0.299789 3.869101
343 0.299789 3.869101
344 0.299789 3.869101
345 0.299789 3.869101
346 0.299789 3.869101
347 0.299789 3.869101
348 0.299789 3.869101
349 0.299789 3.869101
350 0.299789 3.869101
351 0.299789 3.869101
352 0.299789 3.869101
353 0.299789 3.869101
354 0.299789 3.869101
355 0.299789 3.869101
356 0.299789 3.869101
357 0.299789 3.869101
358 0.299789 3.869101
359 0.299789 3.869101
360 0.299789 3.869101
361 0.299789 3.869101
362 0.299789 3.869101
363 0.299789 3.869101
364 0.299789 3.869101
365 0.299789 3.869101
366 0.299789 3.869101
367 0.299789 3.869101
368 0.299789 3.869101
369 0.299789 3.869101
370 0.299789 3.869101
371 0.299789 3.869101
372 0.299789 3.869101
373 0.299789 3.869101
374 0.299789 3.869101
375 0.299789 3.869101
376 0.299789 3.869101
377 0.299789 3.869101
378 0.299789 3.869101
379 0.299789 3.869101
380 0.299789 3.869101
381 0.299789 3.869101
382 0.299789 3.869101
383 0.299789 3.869101
384 0.299789 3.869101
385 0.299789 3.869101
386 0.299789 3.869101
387 0.299789 3.869101
388 0.299789 3.869101
389 0.299789 3.869101
390 0.299789 3.869101
391 0.299789 3.869101
392 0.299789 3.869101
393 0.299789 3.869101
394 0.299789 3.869101
395 0.299789 3.869101
396 0.299789 3.869101
397 0.299789 3.869101
398 0.299789 3.869101
399 0.299789 3.869101
400 0.299789 3.869101
401 0.299789 3.869101
402 0.299789 3.869101
403 0.299789 3.869101
404 0.299789 3.869101
405 0.299789 3.869101
406 0.299789 3.869101
407 0.299789 3.869101
408 0.299789 3.869101
409 0.299789 3.869101
410 0.299789 3.869101
411 0.299789 3.869101
412 0.299789 3.869101
413 0.299789 3.869101
414 0.299789 3.869101
415 0.299789 3.869101
416 0.299789 3.869101
417 0.299789 3.869101
418 0.299789 3.869101
419 0.299789 3.869101
420 0.299789 3.869101
421 0.299789 3.869101
422 0.299789 3.869101
423 0.299789 3.869101
424 0.299789 3.869101
425 0.299789 3.869101
426 0.299789 3.869101
427 0.299789 3.869101
428 0.299789 3.869101
429 0.299789 3.869101
430 0.299789 3.869101
431 0.299789 3.869101
432 0.299789 3.869101
433 0.299789 3.869101
434 0.299789 3.869101
435 0.299789 3.869101
436 0.299789 3.869101
437 0.299789 3.869101
438 0.299789 3.869101
439 0.299789 3.869101
440 0.299789 3.869101
441 0.299789 3.869101
442 0.299789 3.869101
443 0.299789 3.869101
444 0.299789 3.869101
445 0.299789 3.869101
446 0.299789 3.869101
447 0.299789 3.869101
448 0.299789 3.869101
449 0.299789 3.869101
450 0.299789 3.869101
451 0.299789 3.869101
452 0.299789 3.869101
453 0.299789 3.869101
454 0.299789 3.869101
455 0.299789 3.869101
456 0.299789 3.869101
457 0.299789 3.869101
458 0.299789 3.869101
459 0.299789 3.869101
460 0.299789 3.869101
461 0.299789 3.869101
462 0.299789 3.869101
463 0.299789 3.869101
464 0.299789 3.869101
465 0.299789 3.869101
466 0.299789 3.869101
467 0.299789 3.869101
468 0.299789 3.869101
469 0.299789 3.869101
470 0.299789 3.869101
471 0.299789 3.869101
472 0.299789 3.869101
473 0.299789 3.869101
474 0.299789 3.869101
475 0.299789 3.869101
476 0.299789 3.869101
477 0.299789 3.869101
478 0.299789 3.869101
479 0.299789 3.869101
480 0.299789 3.869101
481 0.299789 3.869101
482 0.299789 3.869101
483 0.299789 3.869101
484 0.299789 3.869101
485 0.299789 3.869101
486 0.299789 3.869101
487 0.299789 3.869101
488 0.299789 3.869101
489 0.299789 3.869101
490 0.299789 3.869101
491 0.299789 3.869101
492 0.299789 3.869101
493 0.299789 3.869101
494 0.299789 3.869101
495 0.299789 3.869101
496 0.299789 3.869101
497 0.299789 3.869101
498 0.299789 3.869101
499 0.299789 3.869101
