0 2.215192 11.330000
1 2.212956 11.330000
2 2.210757 11.321106
3 2.208566 11.318894
4 2.206408 11.310169
5 2.204253 11.309831
6 2.202129 11.301236
7 2.200014 11.298764
8 2.197930 11.290325
9 2.195875 11.282004
10 2.193850 11.273802
11 2.191851 11.266198
12 2.189880 11.258216
13 2.187936 11.250341
14 2.186019 11.242573
15 2.184128 11.234910
16 2.182262 11.227350
17 2.180423 11.219893
18 2.178609 11.212537
19 2.176819 11.205281
20 2.175065 11.194719
21 2.173335 11.187704
22 2.171627 11.180780
23 2.169941 11.173945
24 2.168277 11.167199
25 2.166636 11.160541
26 2.165016 11.153969
27 2.163421 11.146031
28 2.161847 11.139646
29 2.160292 11.133341
30 2.158757 11.127113
31 2.157241 11.120963
32 2.155744 11.114888
33 2.154266 11.108890
34 2.152806 11.102965
35 2.151365 11.097114
36 2.149942 11.091336
37 2.148527 11.088664
38 2.147129 11.082988
39 2.145748 11.077379
40 2.144383 11.071836
41 2.143035 11.066359
42 2.141703 11.060947
43 2.140386 11.055599
44 2.139086 11.050314
45 2.137801 11.045092
46 2.136546 11.034908
47 2.135305 11.029868
48 2.134078 11.024885
49 2.132865 11.019958
50 2.131666 11.015087
51 2.130480 11.010270
52 2.129309 11.005508
53 2.128150 11.000800
54 2.127005 10.996144
55 2.125872 10.991541
56 2.124753 10.986990
57 2.123646 10.982490
58 2.122552 10.978041
59 2.121470 10.973642
60 2.120401 10.969292
61 2.119344 10.964992
62 2.118299 10.960740
63 2.117266 10.956537
64 2.116245 10.952381
65 2.115235 10.948271
66 2.114237 10.944208
67 2.113250 10.940191
68 2.112274 10.936220
69 2.111310 10.932293
70 2.110357 10.928411
71 2.109414 10.924573
72 2.108482 10.920778
73 2.107561 10.917026
74 2.106651 10.913316
75 2.105750 10.909649
76 2.104860 10.906023
77 2.103981 10.902438
78 2.103111 10.898893
79 2.102251 10.895389
80 2.101401 10.891925
81 2.100562 10.888075
82 2.099731 10.884693
83 2.098910 10.881346
84 2.098098 10.878036
85 2.097294 10.874761
86 2.096499 10.871521
87 2.095713 10.868316
88 2.094935 10.865146
89 2.094166 10.862009
90 2.093404 10.858907
91 2.092652 10.855837
92 2.091907 10.852801
93 2.091170 10.849797
94 2.090442 10.846825
95 2.089721 10.843886
96 2.089008 10.840978
97 2.088303 10.838101
98 2.087605 10.835255
99 2.086915 10.832440
100 2.086233 10.829656
101 2.085558 10.826901
102 2.084890 10.824175
103 2.084229 10.821480
104 2.083576 10.818813
105 2.082929 10.816175
106 2.082290 10.813565
107 2.081658 10.810983
108 2.081032 10.808429
109 2.080413 10.805903
110 2.079801 10.803404
111 2.079196 10.800932
112 2.078595 10.799068
113 2.078001 10.796642
114 2.077412 10.794241
115 2.076830 10.791863
116 2.076254 10.789511
117 2.075683 10.787182
118 2.075119 10.784877
119 2.074560 10.782595
120 2.074007 10.780336
121 2.073459 10.778101
122 2.072917 10.775888
123 2.072381 10.773698
124 2.071850 10.771530
125 2.071325 10.769384
126 2.070805 10.767260
127 2.070290 10.765158
128 2.069781 10.763077
129 2.069277 10.761018
130 2.068778 10.758979
131 2.068284 10.756961
132 2.067795 10.754964
133 2.067312 10.752987
134 2.066833 10.751030
135 2.066359 10.749093
136 2.065890 10.747176
137 2.065425 10.745279
138 2.064966 10.743401
139 2.064511 10.741542
140 2.064061 10.739702
141 2.063616 10.737881
142 2.063175 10.736078
143 2.062738 10.734294
144 2.062306 10.732528
145 2.061879 10.730780
146 2.061456 10.729050
147 2.061037 10.727337
148 2.060622 10.725642
149 2.060212 10.723965
150 2.059806 10.722304
151 2.059404 10.720660
152 2.059007 10.719034
153 2.058613 10.717424
154 2.058223 10.715830
155 2.057838 10.714252
156 2.057456 10.712691
157 2.057078 10.711146
158 2.056704 10.709616
159 2.056334 10.708102
160 2.055968 10.706604
161 2.055606 10.705121
162 2.055247 10.703653
163 2.054892 10.702200
164 2.054540 10.700762
165 2.054193 10.699338
166 2.053848 10.697930
167 2.053508 10.696535
168 2.053170 10.695155
169 2.052837 10.693789
170 2.052506 10.692437
171 2.052179 10.691099
172 2.051856 10.689774
173 2.051536 10.688463
174 2.051219 10.687166
175 2.050905 10.685881
176 2.050594 10.684610
177 2.050287 10.683352
178 2.049983 10.682107
179 2.049682 10.680874
180 2.049384 10.679654
181 2.049089 10.678447
182 2.048797 10.677252
183 2.048508 10.676069
184 2.048223 10.674898
185 2.047940 10.673740
186 2.047660 10.672593
187 2.047382 10.671458
188 2.047108 10.670334
189 2.046837 10.669222
190 2.046568 10.668122
191 2.046302 10.667033
192 2.046039 10.665954
193 2.045778 10.664887
194 2.045520 10.663831
195 2.045265 10.662786
196 2.045013 10.661751
197 2.044763 10.660727
198 2.044515 10.659714
199 2.044270 10.658711
200 2.044028 10.657718
201 2.043788 10.656735
202 2.043551 10.655763
203 2.043316 10.654800
204 2.043083 10.653847
205 2.042853 10.652904
206 2.042625 10.651971
207 2.042400 10.651047
208 2.042177 10.650133
209 2.041956 10.649228
210 2.041738 10.648332
211 2.041521 10.647446
212 2.041307 10.646569
213 2.041095 10.645700
214 2.040886 10.644841
215 2.040678 10.643990
216 2.040473 10.643148
217 2.040269 10.642315
218 2.040068 10.641490
219 2.039869 10.640674
220 2.039672 10.639866
221 2.039477 10.639067
222 2.039284 10.638275
223 2.039093 10.637492
224 2.038904 10.636717
225 2.038716 10.635949
226 2.038531 10.635190
227 2.038348 10.634438
228 2.038166 10.633695
229 2.037987 10.632958
230 2.037809 10.632230
231 2.037633 10.631508
232 2.037459 10.630795
233 2.037287 10.630088
234 2.037115 10.629912
235 2.036945 10.629214
236 2.036776 10.628524
237 2.036609 10.627840
238 2.036444 10.627162
239 2.036280 10.626491
240 2.036118 10.625827
241 2.035957 10.625168
242 2.035798 10.624517
243 2.035641 10.623871
244 2.035485 10.623232
245 2.035331 10.622599
246 2.035178 10.621972
247 2.035026 10.621351
248 2.034876 10.620737
249 2.034728 10.620128
250 2.034580 10.619525
251 2.034435 10.618928
252 2.034290 10.618336
253 2.034148 10.617750
254 2.034006 10.617170
255 2.033866 10.616596
256 2.033727 10.616027
257 2.033590 10.615464
258 2.033454 10.614906
259 2.033319 10.614353
260 2.033185 10.613806
261 2.033053 10.613264
262 2.032922 10.612727
263 2.032793 10.612196
264 2.032664 10.611670
265 2.032537 10.611148
266 2.032411 10.610632
267 2.032287 10.610121
268 2.032163 10.609615
269 2.032041 10.609113
270 2.031920 10.608617
271 2.031800 10.608125
272 2.031681 10.607638
273 2.031563 10.607156
274 2.031447 10.606678
275 2.031332 10.606205
276 2.031217 10.605737
277 2.031104 10.605273
278 2.030992 10.604813
279 2.030881 10.604358
280 2.030771 10.603908
281 2.030662 10.603462
282 2.030555 10.603020
283 2.030448 10.602582
284 2.030342 10.602149
285 2.030238 10.601719
286 2.030134 10.601294
287 2.030031 10.600873
288 2.029930 10.600457
289 2.029829 10.600044
290 2.029729 10.599635
291 2.029631 10.599230
292 2.029533 10.598829
293 2.029436 10.598432
294 2.029340 10.598039
295 2.029245 10.597649
296 2.029151 10.597264
297 2.029058 10.596882
298 2.028966 10.596503
299 2.028875 10.596129
300 2.028784 10.595758
301 2.028695 10.595390
302 2.028606 10.595027
303 2.028518 10.594666
304 2.028431 10.594310
305 2.028345 10.593956
306 2.028260 10.593606
307 2.028175 10.593260
308 2.028091 10.592917
309 2.028009 10.592577
310 2.027927 10.592240
311 2.027845 10.591907
312 2.027765 10.591577
313 2.027685 10.591250
314 2.027606 10.590926
315 2.027528 10.590605
316 2.027451 10.590288
317 2.027374 10.589973
318 2.027298 10.589662
319 2.027223 10.589354
320 2.027148 10.589048
321 2.027075 10.588746
322 2.027002 10.588446
323 2.026929 10.588150
324 2.026858 10.587856
325 2.026787 10.587565
326 2.026717 10.587277
327 2.026647 10.586992
328 2.026578 10.586709
329 2.026510 10.586429
330 2.026443 10.586152
331 2.026376 10.585878
332 2.026309 10.585606
333 2.026244 10.585337
334 2.026179 10.585070
335 2.026115 10.584806
336 2.026051 10.584545
337 2.025988 10.584286
338 2.025925 10.584030
339 2.025863 10.583776
340 2.025802 10.583525
341 2.025741 10.583276
342 2.025681 10.583029
343 2.025622 10.582785
344 2.025563 10.582543
345 2.025505 10.582304
346 2.025447 10.582066
347 2.025389 10.581832
348 2.025333 10.581599
349 2.025277 10.581369
350 2.025221 10.581141
351 2.025166 10.580915
352 2.025112 10.580691
353 2.025058 10.580469
354 2.025004 10.580250
355 2.024951 10.580033
356 2.024899 10.579818
357 2.024847 10.579605
358 2.024795 10.579393
359 2.024744 10.579185
360 2.024694 10.578978
361 2.024644 10.578773
362 2.024595 10.578570
363 2.024546 10.578369
364 2.024497 10.578170
365 2.024449 10.577973
366 2.024401 10.577777
367 2.024354 10.577584
368 2.024308 10.577393
369 2.024262 10.577203
370 2.024216 10.577015
371 2.024170 10.576829
372 2.024126 10.576645
373 2.024081 10.576463
374 2.024037 10.576282
375 2.023994 10.576103
376 2.023950 10.575926
377 2.023908 10.575751
378 2.023865 10.575577
379 2.023823 10.575405
380 2.023782 10.575235
381 2.023741 10.575066
382 2.023700 10.574899
383 2.023660 10.574734
384 2.023620 10.574570
385 2.023580 10.574407
386 2.023541 10.574247
387 2.023502 10.574088
388 2.023464 10.573930
389 2.023426 10.573774
390 2.023388 10.573619
391 2.023351 10.573466
392 2.023314 10.573315
393 2.023278 10.573165
394 2.023241 10.573016
395 2.023205 10.572869
396 2.023170 10.572723
397 2.023135 10.572579
398 2.023100 10.572436
399 2.023065 10.572294
400 2.023031 10.572154
401 2.022997 10.572015
402 2.022964 10.571878
403 2.022931 10.571741
404 2.022898 10.571607
405 2.022865 10.571473
406 2.022833 10.571341
407 2.022801 10.571210
408 2.022770 10.571080
409 2.022738 10.570952
410 2.022707 10.570825
411 2.022677 10.570699
412 2.022646 10.570574
413 2.022616 10.570450
414 2.022586 10.570328
415 2.022557 10.570207
416 2.022528 10.570087
417 2.022499 10.569968
418 2.022470 10.569850
419 2.022442 10.569734
420 2.022414 10.569618
421 2.022386 10.569504
422 2.022358 10.569391
423 2.022331 10.569279
424 2.022304 10.569168
425 2.022277 10.569058
426 2.022250 10.568949
427 2.022224 10.568841
428 2.022198 10.568734
429 2.022172 10.568629
430 2.022147 10.568524
431 2.022122 10.568420
432 2.022097 10.568318
433 2.022072 10.568216
434 2.022047 10.568115
435 2.022023 10.568016
436 2.021999 10.567917
437 2.021975 10.567819
438 2.021952 10.567722
439 2.021928 10.567626
440 2.021905 10.567531
441 2.021882 10.567437
442 2.021859 10.567344
443 2.021837 10.567252
444 2.021815 10.567160
445 2.021793 10.567070
446 2.021771 10.566980
447 2.021749 10.566892
448 2.021728 10.566804
449 2.021707 10.566717
450 2.021686 10.566631
451 2.021665 10.566545
452 2.021644 10.566461
453 2.021624 10.566377
454 2.021604 10.566294
455 2.021584 10.566212
456 2.021564 10.566131
457 2.021544 10.566050
458 2.021525 10.565971
459 2.021506 10.565892
460 2.021487 10.565814
461 2.021468 10.565736
462 2.021449 10.565659
463 2.021431 10.565584
464 2.021412 10.565508
465 2.021394 10.565434
466 2.021376 10.565360
467 2.021358 10.565287
468 2.021341 10.565215
469 2.021323 10.565143
470 2.021306 10.565072
471 2.021289 10.565002
472 2.021272 10.564933
473 2.021255 10.564864
474 2.021239 10.564795
475 2.021222 10.564728
476 2.021206 10.564661
477 2.021190 10.564595
478 2.021174 10.564529
479 2.021158 10.564464
480 2.021142 10.564400
481 2.021127 10.564336
482 2.021111 10.564273
483 2.021096 10.564211
484 2.021081 10.564149
485 2.021066 10.564087
486 2.021051 10.564027
487 2.021037 10.563967
488 2.021022 10.563907
489 2.021008 10.563848
490 2.020994 10.563790
491 2.020980 10.563732
492 2.020966 10.563675
493 2.020952 10.563618
494 2.020938 10.563562
495 2.020925 10.563506
496 2.020911 10.563451
497 2.020898 10.563397
498 2.020885 10.563343
499 2.020872 10.563289
