0 0.705364 5.160000
1 0.704148 5.160000
2 0.702958 5.153081
3 0.701789 5.146919
4 0.700643 5.140266
5 0.699519 5.133736
6 0.698416 5.127329
7 0.697334 5.121041
8 0.696259 5.118959
9 0.695203 5.112820
10 0.694166 5.106790
11 0.693148 5.100865
12 0.692148 5.095046
13 0.691166 5.089328
14 0.690201 5.083712
15 0.689254 5.078195
16 0.688324 5.072775
17 0.687411 5.067451
18 0.686514 5.062221
19 0.685631 5.057779
20 0.684762 5.052717
21 0.683908 5.047739
22 0.683069 5.042843
23 0.682244 5.038029
24 0.681432 5.033295
25 0.680635 5.028639
26 0.679850 5.024061
27 0.679080 5.019558
28 0.678322 5.015131
29 0.677576 5.010777
30 0.676844 5.006496
31 0.676124 5.002287
32 0.675417 4.997713
33 0.674721 4.993648
34 0.674036 4.989646
35 0.673361 4.985705
36 0.672698 4.981826
37 0.672045 4.978008
38 0.671402 4.974249
39 0.670769 4.970548
40 0.670147 4.966905
41 0.669534 4.963319
42 0.668930 4.959789
43 0.668337 4.956313
44 0.667753 4.952892
45 0.667178 4.949524
46 0.666612 4.946209
47 0.666055 4.942946
48 0.665513 4.937054
49 0.664980 4.933933
50 0.664454 4.930856
51 0.663936 4.927824
52 0.663426 4.924837
53 0.662923 4.921892
54 0.662427 4.918990
55 0.661939 4.916130
56 0.661458 4.913312
57 0.660984 4.910535
58 0.660517 4.907798
59 0.660057 4.905100
60 0.659603 4.902442
61 0.659156 4.899822
62 0.658716 4.897241
63 0.658282 4.894697
64 0.657855 4.892190
65 0.657434 4.889719
66 0.657019 4.887285
67 0.656610 4.884886
68 0.656207 4.882522
69 0.655810 4.880192
70 0.655419 4.877896
71 0.655034 4.875633
72 0.654654 4.873404
73 0.654280 4.871207
74 0.653912 4.868793
75 0.653549 4.866662
76 0.653191 4.864560
77 0.652837 4.862486
78 0.652488 4.860439
79 0.652145 4.858421
80 0.651805 4.856429
81 0.651471 4.854464
82 0.651141 4.852526
83 0.650815 4.850613
84 0.650494 4.848727
85 0.650177 4.846866
86 0.649864 4.845029
87 0.649556 4.843218
88 0.649252 4.841431
89 0.648952 4.839668
90 0.648656 4.837929
91 0.648364 4.836213
92 0.648076 4.834520
93 0.647792 4.832851
94 0.647512 4.831203
95 0.647236 4.829578
96 0.646963 4.827975
97 0.646694 4.826393
98 0.646429 4.824833
99 0.646168 4.823294
100 0.645909 4.821776
101 0.645655 4.820278
102 0.645404 4.818800
103 0.645156 4.817342
104 0.644912 4.815904
105 0.644671 4.814486
106 0.644433 4.813086
107 0.644198 4.811706
108 0.643967 4.810344
109 0.643739 4.809001
110 0.643514 4.807675
111 0.643292 4.806368
112 0.643073 4.805078
113 0.642857 4.803806
114 0.642644 4.802551
115 0.642434 4.801313
116 0.642226 4.800092
117 0.642022 4.798887
118 0.641820 4.797699
119 0.641621 4.796526
120 0.641425 4.795370
121 0.641231 4.794229
122 0.641040 4.793104
123 0.640852 4.791994
124 0.640666 4.790899
125 0.640483 4.789818
126 0.640302 4.788753
127 0.640124 4.787702
128 0.639948 4.786665
129 0.639775 4.785642
130 0.639604 4.784633
131 0.639435 4.783638
132 0.639268 4.782656
133 0.639104 4.781687
134 0.638942 4.780732
135 0.638782 4.779790
136 0.638625 4.778860
137 0.638469 4.777943
138 0.638316 4.777039
139 0.638165 4.776146
140 0.638016 4.775266
141 0.637869 4.774398
142 0.637723 4.773542
143 0.637580 4.772697
144 0.637439 4.771864
145 0.637300 4.771042
146 0.637162 4.770231
147 0.637026 4.769769
148 0.636891 4.768975
149 0.636758 4.768191
150 0.636627 4.767417
151 0.636497 4.766652
152 0.636369 4.765897
153 0.636243 4.765151
154 0.636118 4.764415
155 0.635995 4.763688
156 0.635873 4.762969
157 0.635753 4.762260
158 0.635634 4.761559
159 0.635517 4.760868
160 0.635401 4.760184
161 0.635286 4.759510
162 0.635173 4.758843
163 0.635062 4.758185
164 0.634952 4.757535
165 0.634843 4.756893
166 0.634736 4.756260
167 0.634630 4.755634
168 0.634525 4.755016
169 0.634421 4.754405
170 0.634319 4.753802
171 0.634218 4.753207
172 0.634119 4.752619
173 0.634020 4.752038
174 0.633923 4.751465
175 0.633827 4.750899
176 0.633733 4.750340
177 0.633639 4.749787
178 0.633547 4.749242
179 0.633455 4.748703
180 0.633365 4.748172
181 0.633276 4.747646
182 0.633188 4.747128
183 0.633102 4.746615
184 0.633016 4.746109
185 0.632931 4.745610
186 0.632848 4.745117
187 0.632765 4.744629
188 0.632684 4.744148
189 0.632603 4.743673
190 0.632524 4.743204
191 0.632445 4.742741
192 0.632368 4.742283
193 0.632291 4.741831
194 0.632216 4.741385
195 0.632141 4.740944
196 0.632068 4.740509
197 0.631995 4.740079
198 0.631923 4.739655
199 0.631852 4.739236
200 0.631782 4.738822
201 0.631713 4.738413
202 0.631644 4.738009
203 0.631577 4.737611
204 0.631510 4.737217
205 0.631445 4.736828
206 0.631380 4.736445
207 0.631315 4.736065
208 0.631252 4.735691
209 0.631189 4.735321
210 0.631128 4.734956
211 0.631067 4.734596
212 0.631006 4.734240
213 0.630947 4.733888
214 0.630888 4.733541
215 0.630830 4.733198
216 0.630773 4.732860
217 0.630716 4.732525
218 0.630660 4.732195
219 0.630605 4.731869
220 0.630551 4.731547
221 0.630497 4.731229
222 0.630444 4.730915
223 0.630391 4.730605
224 0.630339 4.730299
225 0.630288 4.729996
226 0.630238 4.729697
227 0.630188 4.729403
228 0.630139 4.729111
229 0.630090 4.728824
230 0.630042 4.728540
231 0.629994 4.728259
232 0.629948 4.727982
233 0.629901 4.727709
234 0.629856 4.727439
235 0.629811 4.727172
236 0.629766 4.726909
237 0.629722 4.726649
238 0.629679 4.726392
239 0.629636 4.726138
240 0.629593 4.725888
241 0.629551 4.725640
242 0.629510 4.725396
243 0.629469 4.725155
244 0.629429 4.724917
245 0.629389 4.724681
246 0.629350 4.724449
247 0.629311 4.724220
248 0.629273 4.723993
249 0.629235 4.723770
250 0.629198 4.723549
251 0.629161 4.723331
252 0.629124 4.723115
253 0.629088 4.722902
254 0.629053 4.722692
255 0.629018 4.722485
256 0.628983 4.722280
257 0.628949 4.722078
258 0.628915 4.721878
259 0.628882 4.721681
260 0.628849 4.721486
261 0.628816 4.721294
262 0.628784 4.721104
263 0.628752 4.720916
264 0.628721 4.720731
265 0.628690 4.720548
266 0.628660 4.720367
267 0.628629 4.720189
268 0.628600 4.720013
269 0.628570 4.719839
270 0.628541 4.719667
271 0.628513 4.719497
272 0.628484 4.719330
273 0.628456 4.719164
274 0.628429 4.719001
275 0.628401 4.718840
276 0.628374 4.718680
277 0.628348 4.718523
278 0.628322 4.718368
279 0.628296 4.718214
280 0.628270 4.718063
281 0.628245 4.717913
282 0.628220 4.717766
283 0.628195 4.717620
284 0.628171 4.717476
285 0.628147 4.717333
286 0.628123 4.717193
287 0.628099 4.717054
288 0.628076 4.716917
289 0.628053 4.716782
290 0.628031 4.716648
291 0.628009 4.716517
292 0.627987 4.716386
293 0.627965 4.716258
294 0.627943 4.716131
295 0.627922 4.716005
296 0.627901 4.715881
297 0.627880 4.715759
298 0.627860 4.715638
299 0.627840 4.715519
300 0.627820 4.715401
301 0.627800 4.715285
302 0.627781 4.715170
303 0.627762 4.715057
304 0.627743 4.714945
305 0.627724 4.714834
306 0.627706 4.714725
307 0.627687 4.714617
308 0.627669 4.714510
309 0.627652 4.714405
310 0.627634 4.714301
311 0.627617 4.714199
312 0.627600 4.714098
313 0.627583 4.713998
314 0.627566 4.713899
315 0.627550 4.713801
316 0.627533 4.713705
317 0.627517 4.713610
318 0.627501 4.713516
319 0.627486 4.713423
320 0.627470 4.713332
321 0.627455 4.713241
322 0.627440 4.713152
323 0.627425 4.713064
324 0.627410 4.712977
325 0.627396 4.712891
326 0.627381 4.712806
327 0.627367 4.712722
328 0.627353 4.712639
329 0.627339 4.712557
330 0.627326 4.712477
331 0.627312 4.712397
332 0.627299 4.712318
333 0.627286 4.712240
334 0.627273 4.712164
335 0.627260 4.712088
336 0.627247 4.712013
337 0.627235 4.711939
338 0.627222 4.711866
339 0.627210 4.711794
340 0.627198 4.711723
341 0.627186 4.711652
342 0.627175 4.711583
343 0.627163 4.711514
344 0.627152 4.711447
345 0.627140 4.711380
346 0.627129 4.711314
347 0.627118 4.711249
348 0.627107 4.711184
349 0.627096 4.711121
350 0.627086 4.711058
351 0.627075 4.710996
352 0.627065 4.710935
353 0.627055 4.710874
354 0.627045 4.710815
355 0.627035 4.710756
356 0.627025 4.710697
357 0.627015 4.710640
358 0.627006 4.710583
359 0.626996 4.710527
360 0.626987 4.710472
361 0.626978 4.710417
362 0.626968 4.710363
363 0.626959 4.710310
364 0.626951 4.710257
365 0.626942 4.710205
366 0.626933 4.710154
367 0.626925 4.710103
368 0.626916 4.710053
369 0.626908 4.710004
370 0.626899 4.709955
371 0.626891 4.709907
372 0.626883 4.709859
373 0.626875 4.709812
374 0.626868 4.709766
375 0.626860 4.709720
376 0.626852 4.709675
377 0.626845 4.709630
378 0.626837 4.709586
379 0.626830 4.709542
380 0.626822 4.709499
381 0.626815 4.709457
382 0.626808 4.709415
383 0.626801 4.709373
384 0.626794 4.709333
385 0.626787 4.709292
386 0.626781 4.709252
387 0.626774 4.709213
388 0.626767 4.709174
389 0.626761 4.709135
390 0.626755 4.709098
391 0.626748 4.709060
392 0.626742 4.709023
393 0.626736 4.708987
394 0.626730 4.708950
395 0.626724 4.708915
396 0.626718 4.708880
397 0.626712 4.708845
398 0.626706 4.708811
399 0.626700 4.708777
400 0.626695 4.708743
401 0.626689 4.708710
402 0.626684 4.708678
403 0.626678 4.708645
404 0.626673 4.708614
405 0.626668 4.708582
406 0.626662 4.708551
407 0.626657 4.708521
408 0.626652 4.708490
409 0.626647 4.708461
410 0.626642 4.708431
411 0.626637 4.708402
412 0.626632 4.708373
413 0.626627 4.708345
414 0.626623 4.708317
415 0.626618 4.708289
416 0.626613 4.708262
417 0.626609 4.708235
418 0.626604 4.708208
419 0.626600 4.708182
420 0.626595 4.708156
421 0.626591 4.708130
422 0.626587 4.708105
423 0.626583 4.708080
424 0.626578 4.708055
425 0.626574 4.708030
426 0.626570 4.708006
427 0.626566 4.707983
428 0.626562 4.707959
429 0.626558 4.707936
430 0.626554 4.707913
431 0.626551 4.707890
432 0.626547 4.707868
433 0.626543 4.707846
434 0.626539 4.707824
435 0.626536 4.707802
436 0.626532 4.707781
437 0.626529 4.707760
438 0.626525 4.707740
439 0.626522 4.707719
440 0.626518 4.707699
441 0.626515 4.707679
442 0.626512 4.707659
443 0.626508 4.707640
444 0.626505 4.707620
445 0.626502 4.707602
446 0.626499 4.707583
447 0.626496 4.707564
448 0.626492 4.707546
449 0.626489 4.707528
450 0.626486 4.707510
451 0.626483 4.707493
452 0.626480 4.707475
453 0.626478 4.707458
454 0.626475 4.707441
455 0.626472 4.707424
456 0.626469 4.707408
457 0.626466 4.707391
458 0.626464 4.707375
459 0.626461 4.707359
460 0.626458 4.707344
461 0.626456 4.707328
462 0.626453 4.707313
463 0.626450 4.707298
464 0.626448 4.707283
465 0.626445 4.707268
466 0.626443 4.707254
467 0.626441 4.707239
468 0.626438 4.707225
469 0.626436 4.707211
470 0.626433 4.707197
471 0.626431 4.707183
472 0.626429 4.707170
473 0.626427 4.707157
474 0.626424 4.707143
475 0.626422 4.707130
476 0.626420 4.707117
477 0.626418 4.707105
478 0.626416 4.707092
479 0.626414 4.707080
480 0.626412 4.707068
481 0.626410 4.707056
482 0.626408 4.707044
483 0.626406 4.707032
484 0.626404 4.707020
485 0.626402 4.707009
486 0.626400 4.706998
487 0.626398 4.706986
488 0.626396 4.706975
489 0.626394 4.706964
490 0.626392 4.706954
491 0.626391 4.706943
492 0.626389 4.706933
493 0.626387 4.706922
494 0.626385 4.706912
495 0.626384 4.706902
496 0.626382 4.706892
497 0.626380 4.706882
498 0.626379 4.706872
499 0.626377 4.706863
