0 0.865787 7.020000
1 0.863875 7.020000
2 0.862027 7.007941
3 0.860242 6.996283
4 0.858523 6.983717
5 0.856859 6.972861
6 0.855250 6.962352
7 0.853664 6.957648
8 0.852127 6.947613
9 0.850663 6.932387
10 0.849242 6.923125
11 0.847864 6.914133
12 0.846527 6.905405
13 0.845229 6.896932
14 0.843994 6.883068
15 0.842794 6.875249
16 0.841629 6.867648
17 0.840496 6.860259
18 0.839395 6.853076
19 0.838325 6.846095
20 0.837286 6.839308
21 0.836275 6.832712
22 0.835289 6.827288
23 0.834329 6.821023
24 0.833394 6.814925
25 0.832485 6.808990
26 0.831601 6.803212
27 0.830740 6.797589
28 0.829902 6.792115
29 0.829087 6.786788
30 0.828293 6.781602
31 0.827521 6.776555
32 0.826770 6.771643
33 0.826039 6.766862
34 0.825328 6.762209
35 0.824635 6.757791
36 0.823960 6.753377
37 0.823301 6.749075
38 0.822660 6.744882
39 0.822035 6.740796
40 0.821426 6.736813
41 0.820833 6.732931
42 0.820254 6.729147
43 0.819691 6.725460
44 0.819142 6.721866
45 0.818606 6.718363
46 0.818085 6.714950
47 0.817577 6.711623
48 0.817081 6.708377
49 0.816598 6.705215
50 0.816126 6.702129
51 0.815666 6.699117
52 0.815216 6.696177
53 0.814778 6.693308
54 0.814350 6.690508
55 0.813932 6.687775
56 0.813525 6.685107
57 0.813127 6.682504
58 0.812739 6.679963
59 0.812360 6.677484
60 0.811991 6.675064
61 0.811630 6.672702
62 0.811278 6.670398
63 0.810935 6.668148
64 0.810600 6.665953
65 0.810273 6.663811
66 0.809954 6.661720
67 0.809642 6.659680
68 0.809339 6.657688
69 0.809042 6.655745
70 0.808753 6.653849
71 0.808471 6.651998
72 0.808195 6.650192
73 0.807926 6.648430
74 0.807664 6.646710
75 0.807408 6.645031
76 0.807158 6.643393
77 0.806914 6.641794
78 0.806677 6.640234
79 0.806444 6.638712
80 0.806218 6.637227
81 0.805997 6.635777
82 0.805781 6.634362
83 0.805571 6.632982
84 0.805366 6.631634
85 0.805165 6.630320
86 0.804967 6.629680
87 0.804774 6.628412
88 0.804585 6.627173
89 0.804400 6.625962
90 0.804219 6.624778
91 0.804043 6.623621
92 0.803870 6.622491
93 0.803702 6.621386
94 0.803537 6.620307
95 0.803376 6.619252
96 0.803219 6.618221
97 0.803065 6.617213
98 0.802915 6.616228
99 0.802768 6.615266
100 0.802625 6.614325
101 0.802485 6.613406
102 0.802348 6.612508
103 0.802214 6.611631
104 0.802083 6.610773
105 0.801956 6.609935
106 0.801831 6.609115
107 0.801709 6.608315
108 0.801589 6.607533
109 0.801473 6.606768
110 0.801359 6.606021
111 0.801248 6.605291
112 0.801139 6.604578
113 0.801033 6.603880
114 0.800929 6.603199
115 0.800827 6.602533
116 0.800728 6.601883
117 0.800631 6.601247
118 0.800537 6.600625
119 0.800444 6.600018
120 0.800354 6.599425
121 0.800265 6.598845
122 0.800179 6.598278
123 0.800094 6.597725
124 0.800012 6.597183
125 0.799931 6.596655
126 0.799853 6.596138
127 0.799776 6.595633
128 0.799701 6.595139
129 0.799627 6.594657
130 0.799555 6.594186
131 0.799485 6.593725
132 0.799417 6.593275
133 0.799350 6.592836
134 0.799284 6.592406
135 0.799220 6.591986
136 0.799158 6.591576
137 0.799097 6.591174
138 0.799037 6.590783
139 0.798979 6.590400
140 0.798921 6.590025
141 0.798866 6.589660
142 0.798811 6.589302
143 0.798758 6.588953
144 0.798706 6.588612
145 0.798655 6.588278
146 0.798606 6.587953
147 0.798557 6.587634
148 0.798510 6.587323
149 0.798464 6.587019
150 0.798418 6.586722
151 0.798374 6.586431
152 0.798331 6.586148
153 0.798289 6.585870
154 0.798247 6.585599
155 0.798207 6.585335
156 0.798168 6.585076
157 0.798129 6.584823
158 0.798092 6.584576
159 0.798055 6.584335
160 0.798019 6.584099
161 0.797984 6.583868
162 0.797949 6.583643
163 0.797916 6.583423
164 0.797883 6.583208
165 0.797851 6.582997
166 0.797820 6.582792
167 0.797789 6.582591
168 0.797759 6.582395
169 0.797730 6.582203
170 0.797702 6.582016
171 0.797674 6.581833
172 0.797647 6.581654
173 0.797620 6.581479
174 0.797594 6.581308
175 0.797569 6.581142
176 0.797544 6.580978
177 0.797519 6.580819
178 0.797496 6.580663
179 0.797473 6.580511
180 0.797450 6.580362
181 0.797428 6.580217
182 0.797406 6.580075
183 0.797385 6.579936
184 0.797364 6.579801
185 0.797344 6.579668
186 0.797324 6.579539
187 0.797305 6.579412
188 0.797286 6.579289
189 0.797268 6.579168
190 0.797250 6.579050
191 0.797232 6.578934
192 0.797215 6.578822
193 0.797199 6.578711
194 0.797182 6.578604
195 0.797166 6.578499
196 0.797150 6.578396
197 0.797135 6.578295
198 0.797120 6.578197
199 0.797106 6.578101
200 0.797091 6.578008
201 0.797077 6.577916
202 0.797064 6.577826
203 0.797050 6.577739
204 0.797037 6.577654
205 0.797025 6.577570
206 0.797012 6.577488
207 0.797000 6.577409
208 0.796988 6.577331
209 0.796977 6.577255
210 0.796965 6.577180
211 0.796954 6.577108
212 0.796944 6.577036
213 0.796933 6.576967
214 0.796923 6.576899
215 0.796913 6.576833
216 0.796903 6.576768
217 0.796893 6.576705
218 0.796884 6.576643
219 0.796874 6.576583
220 0.796865 6.576523
221 0.796857 6.576466
222 0.796848 6.576409
223 0.796840 6.576354
224 0.796831 6.576300
225 0.796823 6.576248
226 0.796816 6.576196
227 0.796808 6.576146
228 0.796801 6.576097
229 0.796793 6.576049
230 0.796786 6.576002
231 0.796779 6.575956
232 0.796772 6.575911
233 0.796766 6.575868
234 0.796759 6.575825
235 0.796753 6.575783
236 0.796747 6.575742
237 0.796740 6.575702
238 0.796735 6.575663
239 0.796729 6.575625
240 0.796723 6.575588
241 0.796718 6.575552
242 0.796712 6.575516
243 0.796707 6.575482
244 0.796702 6.575448
245 0.796697 6.575414
246 0.796692 6.575382
247 0.796687 6.575350
248 0.796682 6.575319
249 0.796678 6.575289
250 0.796673 6.575260
251 0.796669 6.575231
252 0.796664 6.575203
253 0.796660 6.575175
254 0.796656 6.575148
255 0.796652 6.575122
256 0.796648 6.575096
257 0.796644 6.575071
258 0.796641 6.575046
259 0.796637 6.575022
260 0.796633 6.574999
261 0.796630 6.574976
262 0.796626 6.574953
263 0.796623 6.574932
264 0.796620 6.574910
265 0.796617 6.574889
266 0.796614 6.574869
267 0.796611 6.574849
268 0.796608 6.574829
269 0.796605 6.574810
270 0.796602 6.574792
271 0.796599 6.574774
272 0.796596 6.574756
273 0.796594 6.574738
274 0.796591 6.574721
275 0.796589 6.574705
276 0.796586 6.574689
277 0.796584 6.574673
278 0.796581 6.574657
279 0.796579 6.574642
280 0.796577 6.574627
281 0.796575 6.574613
282 0.796572 6.574599
283 0.796570 6.574585
284 0.796568 6.574572
285 0.796566 6.574558
286 0.796564 6.574546
287 0.796562 6.574533
288 0.796561 6.574521
289 0.796559 6.574509
290 0.796557 6.574497
291 0.796555 6.574485
292 0.796553 6.574474
293 0.796552 6.574463
294 0.796550 6.574453
295 0.796549 6.574442
296 0.796547 6.574432
297 0.796546 6.574422
298 0.796544 6.574412
299 0.796543 6.574403
300 0.796541 6.574393
301 0.796540 6.574384
302 0.796538 6.574375
303 0.796537 6.574367
304 0.796536 6.574358
305 0.796535 6.574350
306 0.796533 6.574342
307 0.796532 6.574334
308 0.796531 6.574326
309 0.796530 6.574319
310 0.796529 6.574311
311 0.796528 6.574304
312 0.796526 6.574297
313 0.796525 6.574290
314 0.796524 6.574283
315 0.796523 6.574277
316 0.796522 6.574270
317 0.796521 6.574264
318 0.796521 6.574258
319 0.796520 6.574252
320 0.796519 6.574246
321 0.796518 6.574240
322 0.796517 6.574235
323 0.796516 6.574229
324 0.796515 6.574224
325 0.796515 6.574218
326 0.796514 6.574213
327 0.796513 6.574208
328 0.796512 6.574203
329 0.796512 6.574199
330 0.796511 6.574194
331 0.796510 6.574190
332 0.796509 6.574185
333 0.796509 6.574181
334 0.796508 6.574176
335 0.796508 6.574172
336 0.796507 6.574168
337 0.796506 6.574164
338 0.796506 6.574160
339 0.796505 6.574157
340 0.796505 6.574153
341 0.796504 6.574149
342 0.796504 6.574146
343 0.796503 6.574142
344 0.796502 6.574139
345 0.796502 6.574136
346 0.796501 6.574132
347 0.796501 6.574129
348 0.796501 6.574126
349 0.796500 6.574123
350 0.796500 6.574120
351 0.796499 6.574117
352 0.796499 6.574115
353 0.796498 6.574112
354 0.796498 6.574109
355 0.796498 6.574107
356 0.796497 6.574104
357 0.796497 6.574102
358 0.796496 6.574099
359 0.796496 6.574097
360 0.796496 6.574094
361 0.796495 6.574092
362 0.796495 6.574090
363 0.796495 6.574088
364 0.796494 6.574086
365 0.796494 6.574084
366 0.796494 6.574081
367 0.796493 6.574079
368 0.796493 6.574078
369 0.796493 6.574076
370 0.796493 6.574074
371 0.796492 6.574072
372 0.796492 6.574070
373 0.796492 6.574069
374 0.796491 6.574067
375 0.796491 6.574065
376 0.796491 6.574064
377 0.796491 6.574062
378 0.796491 6.574060
379 0.796490 6.574059
380 0.796490 6.574057
381 0.796490 6.574056
382 0.796490 6.574055
383 0.796489 6.574053
384 0.796489 6.574052
385 0.796489 6.574051
386 0.796489 6.574049
387 0.796489 6.574048
388 0.796488 6.574047
389 0.796488 6.574046
390 0.796488 6.574045
391 0.796488 6.574043
392 0.796488 6.574042
393 0.796488 6.574041
394 0.796487 6.574040
395 0.796487 6.574039
396 0.796487 6.574038
397 0.796487 6.574037
398 0.796487 6.574036
399 0.796487 6.574035
400 0.796487 6.574034
401 0.796486 6.574033
402 0.796486 6.574032
403 0.796486 6.574032
404 0.796486 6.574031
405 0.796486 6.574030
406 0.796486 6.574029
407 0.796486 6.574028
408 0.796486 6.574028
409 0.796485 6.574027
410 0.796485 6.574026
411 0.796485 6.574025
412 0.796485 6.574025
413 0.796485 6.574024
414 0.796485 6.574023
415 0.796485 6.574023
416 0.796485 6.574022
417 0.796485 6.574021
418 0.796484 6.574021
419 0.796484 6.574020
420 0.796484 6.574020
421 0.796484 6.574019
422 0.796484 6.574018
423 0.796484 6.574018
424 0.796484 6.574017
425 0.796484 6.574017
426 0.796484 6.574016
427 0.796484 6.574016
428 0.796484 6.574015
429 0.796484 6.574015
430 0.796484 6.574014
431 0.796483 6.574014
432 0.796483 6.574014
433 0.796483 6.574013
434 0.796483 6.574013
435 0.796483 6.574012
436 0.796483 6.574012
437 0.796483 6.574011
438 0.796483 6.574011
439 0.796483 6.574011
440 0.796483 6.574010
441 0.796483 6.574010
442 0.796483 6.574010
443 0.796483 6.574009
444 0.796483 6.574009
445 0.796483 6.574009
446 0.796483 6.574008
447 0.796483 6.574008
448 0.796482 6.574008
449 0.796482 6.574007
450 0.796482 6.574007
451 0.796482 6.574007
452 0.796482 6.574007
453 0.796482 6.574006
454 0.796482 6.574006
455 0.796482 6.574006
456 0.796482 6.574006
457 0.796482 6.574005
458 0.796482 6.574005
459 0.796482 6.574005
460 0.796482 6.574005
461 0.796482 6.574004
462 0.796482 6.574004
463 0.796482 6.574004
464 0.796482 6.574004
465 0.796482 6.574003
466 0.796482 6.574003
467 0.796482 6.574003
468 0.796482 6.574003
469 0.796482 6.574003
470 0.796482 6.574002
471 0.796482 6.574002
472 0.796482 6.574002
473 0.796482 6.574002
474 0.796482 6.574002
475 0.796482 6.574002
476 0.796482 6.574001
477 0.796482 6.574001
478 0.796481 6.574001
479 0.796481 6.574001
480 0.796481 6.574001
481 0.796481 6.574001
482 0.796481 6.574001
483 0.796481 6.574000
484 0.796481 6.574000
485 0.796481 6.574000
486 0.796481 6.574000
487 0.796481 6.574000
488 0.796481 6.574000
489 0.796481 6.574000
490 0.796481 6.574000
491 0.796481 6.573999
492 0.796481 6.573999
493 0.796481 6.573999
494 0.796481 6.573999
495 0.796481 6.573999
496 0.796481 6.573999
497 0.796481 6.573999
498 0.796481 6.573999
499 0.796481 6.573999
