0 4.649692 37.310000
1 4.643611 37.310000
2 4.637696 37.290000
3 4.631944 37.270000
4 4.626656 37.210000
5 4.621669 37.170000
6 4.616976 37.130000
7 4.612495 37.100673
8 4.608023 37.099327
9 4.603749 37.071353
10 4.599662 37.044605
11 4.595917 36.995395
12 4.592332 36.971965
13 4.589042 36.928035
14 4.585889 36.907462
15 4.582867 36.887740
16 4.579946 36.872260
17 4.577143 36.853982
18 4.574453 36.836437
19 4.571870 36.819596
20 4.569392 36.803431
21 4.567084 36.776569
22 4.564867 36.762121
23 4.562735 36.748236
24 4.560687 36.734891
25 4.558719 36.722066
26 4.556828 36.709741
27 4.555010 36.697895
28 4.553290 36.682105
29 4.551634 36.671328
30 4.550041 36.660957
31 4.548508 36.650978
32 4.547034 36.641375
33 4.545615 36.632134
34 4.544249 36.623242
35 4.542935 36.614686
36 4.541671 36.606453
37 4.540455 36.598530
38 4.539285 36.590907
39 4.538125 36.589093
40 4.537008 36.581824
41 4.535932 36.574820
42 4.534895 36.568072
43 4.533896 36.561570
44 4.532934 36.555306
45 4.532006 36.549270
46 4.531113 36.543456
47 4.530252 36.537853
48 4.529423 36.532456
49 4.528625 36.527256
50 4.527855 36.522245
51 4.527114 36.517418
52 4.526399 36.512768
53 4.525711 36.508287
54 4.525048 36.503971
55 4.524410 36.499812
56 4.523795 36.495805
57 4.523202 36.491945
58 4.522631 36.488226
59 4.522081 36.484643
60 4.521551 36.481191
61 4.521034 36.478809
62 4.520536 36.475569
63 4.520056 36.472443
64 4.519592 36.469428
65 4.519145 36.466519
66 4.518714 36.463713
67 4.518298 36.461007
68 4.517896 36.458396
69 4.517509 36.455877
70 4.517136 36.453447
71 4.516775 36.451103
72 4.516428 36.448842
73 4.516093 36.446661
74 4.515769 36.444557
75 4.515457 36.442527
76 4.515156 36.440569
77 4.514866 36.438680
78 4.514586 36.436858
79 4.514316 36.435101
80 4.514056 36.433405
81 4.513804 36.431770
82 4.513562 36.430192
83 4.513328 36.428670
84 4.513102 36.427202
85 4.512885 36.425786
86 4.512675 36.424420
87 4.512472 36.423102
88 4.512277 36.421831
89 4.512089 36.420605
90 4.511907 36.419422
91 4.511731 36.418281
92 4.511562 36.417180
93 4.511399 36.416118
94 4.511242 36.415094
95 4.511090 36.414106
96 4.510944 36.413153
97 4.510802 36.412233
98 4.510666 36.411347
99 4.510535 36.410491
100 4.510408 36.409666
101 4.510286 36.408870
102 4.510168 36.408102
103 4.510054 36.407361
104 4.509944 36.406647
105 4.509838 36.405957
106 4.509736 36.405292
107 4.509637 36.404651
108 4.509542 36.404032
109 4.509451 36.403436
110 4.509362 36.402860
111 4.509277 36.402305
112 4.509195 36.401769
113 4.509115 36.401252
114 4.509039 36.400754
115 4.508965 36.400273
116 4.508893 36.399809
117 4.508825 36.399362
118 4.508758 36.398930
119 4.508694 36.398514
120 4.508633 36.398112
121 4.508573 36.397725
122 4.508516 36.397351
123 4.508460 36.396990
124 4.508407 36.396643
125 4.508356 36.396307
126 4.508306 36.395984
127 4.508258 36.395672
128 4.508212 36.395371
129 4.508167 36.395080
130 4.508124 36.394800
131 4.508082 36.394530
132 4.508042 36.394269
133 4.508004 36.394018
134 4.507966 36.393775
135 4.507931 36.393541
136 4.507896 36.393315
137 4.507862 36.393098
138 4.507830 36.392888
139 4.507799 36.392685
140 4.507769 36.392490
141 4.507740 36.392301
142 4.507712 36.392119
143 4.507685 36.391944
144 4.507659 36.391775
145 4.507634 36.391612
146 4.507610 36.391454
147 4.507587 36.391302
148 4.507564 36.391156
149 4.507542 36.391014
150 4.507521 36.390878
151 4.507501 36.390747
152 4.507482 36.390620
153 4.507463 36.390497
154 4.507445 36.390379
155 4.507427 36.390266
156 4.507410 36.390156
157 4.507394 36.390050
158 4.507379 36.389948
159 4.507363 36.389849
160 4.507349 36.389754
161 4.507335 36.389662
162 4.507321 36.389574
163 4.507308 36.389488
164 4.507295 36.389406
165 4.507283 36.389327
166 4.507271 36.389250
167 4.507260 36.389176
168 4.507249 36.389105
169 4.507239 36.389036
170 4.507228 36.388970
171 4.507218 36.388906
172 4.507209 36.388844
173 4.507200 36.388785
174 4.507191 36.388727
175 4.507183 36.388672
176 4.507174 36.388618
177 4.507166 36.388567
178 4.507159 36.388517
179 4.507151 36.388469
180 4.507144 36.388423
181 4.507137 36.388378
182 4.507131 36.388335
183 4.507124 36.388294
184 4.507118 36.388254
185 4.507112 36.388215
186 4.507107 36.388178
187 4.507101 36.388142
188 4.507096 36.388107
189 4.507091 36.388074
190 4.507086 36.388041
191 4.507081 36.388010
192 4.507076 36.387980
193 4.507072 36.387951
194 4.507068 36.387923
195 4.507063 36.387896
196 4.507059 36.387870
197 4.507056 36.387845
198 4.507052 36.387821
199 4.507048 36.387798
200 4.507045 36.387775
201 4.507041 36.387754
202 4.507038 36.387733
203 4.507035 36.387712
204 4.507032 36.387693
205 4.507029 36.387674
206 4.507026 36.387656
207 4.507024 36.387638
208 4.507021 36.387622
209 4.507019 36.387605
210 4.507016 36.387590
211 4.507014 36.387574
212 4.507012 36.387560
213 4.507010 36.387546
214 4.507007 36.387532
215 4.507005 36.387519
216 4.507003 36.387506
217 4.507002 36.387494
218 4.507000 36.387482
219 4.506998 36.387471
220 4.506996 36.387460
221 4.506995 36.387450
222 4.506993 36.387439
223 4.506992 36.387430
224 4.506990 36.387420
225 4.506989 36.387411
226 4.506987 36.387402
227 4.506986 36.387394
228 4.506985 36.387385
229 4.506984 36.387377
230 4.506983 36.387370
231 4.506981 36.387362
232 4.506980 36.387355
233 4.506979 36.387348
234 4.506978 36.387342
235 4.506977 36.387335
236 4.506976 36.387329
237 4.506975 36.387323
238 4.506975 36.387318
239 4.506974 36.387312
240 4.506973 36.387307
241 4.506972 36.387302
242 4.506971 36.387297
243 4.506971 36.387292
244 4.506970 36.387287
245 4.506969 36.387283
246 4.506968 36.387279
247 4.506968 36.387274
248 4.506967 36.387270
249 4.506967 36.387267
250 4.506966 36.387263
251 4.506966 36.387259
252 4.506965 36.387256
253 4.506964 36.387252
254 4.506964 36.387249
255 4.506964 36.387246
256 4.506963 36.387243
257 4.506963 36.387240
258 4.506962 36.387237
259 4.506962 36.387235
260 4.506961 36.387232
261 4.506961 36.387230
262 4.506961 36.387227
263 4.506960 36.387225
264 4.506960 36.387223
265 4.506960 36.387221
266 4.506959 36.387218
267 4.506959 36.387216
268 4.506959 36.387214
269 4.506958 36.387213
270 4.506958 36.387211
271 4.506958 36.387209
272 4.506958 36.387207
273 4.506957 36.387206
274 4.506957 36.387204
275 4.506957 36.387203
276 4.506957 36.387201
277 4.506956 36.387200
278 4.506956 36.387198
279 4.506956 36.387197
280 4.506956 36.387196
281 4.506956 36.387195
282 4.506955 36.387193
283 4.506955 36.387192
284 4.506955 36.387191
285 4.506955 36.387190
286 4.506955 36.387189
287 4.506955 36.387188
288 4.506954 36.387187
289 4.506954 36.387186
290 4.506954 36.387185
291 4.506954 36.387185
292 4.506954 36.387184
293 4.506954 36.387183
294 4.506954 36.387182
295 4.506954 36.387182
296 4.506953 36.387181
297 4.506953 36.387180
298 4.506953 36.387179
299 4.506953 36.387179
300 4.506953 36.387178
301 4.506953 36.387178
302 4.506953 36.387177
303 4.506953 36.387177
304 4.506953 36.387176
305 4.506953 36.387175
306 4.506953 36.387175
307 4.506953 36.387174
308 4.506952 36.387174
309 4.506952 36.387174
310 4.506952 36.387173
311 4.506952 36.387173
312 4.506952 36.387172
313 4.506952 36.387172
314 4.506952 36.387172
315 4.506952 36.387171
316 4.506952 36.387171
317 4.506952 36.387171
318 4.506952 36.387170
319 4.506952 36.387170
320 4.506952 36.387170
321 4.506952 36.387169
322 4.506952 36.387169
323 4.506952 36.387169
324 4.506952 36.387169
325 4.506952 36.387168
326 4.506952 36.387168
327 4.506951 36.387168
328 4.506951 36.387168
329 4.506951 36.387167
330 4.506951 36.387167
331 4.506951 36.387167
332 4.506951 36.387167
333 4.506951 36.387167
334 4.506951 36.387166
335 4.506951 36.387166
336 4.506951 36.387166
337 4.506951 36.387166
338 4.506951 36.387166
339 4.506951 36.387166
340 4.506951 36.387165
341 4.506951 36.387165
342 4.506951 36.387165
343 4.506951 36.387165
344 4.506951 36.387165
345 4.506951 36.387165
346 4.506951 36.387165
347 4.506951 36.387165
348 4.506951 36.387164
349 4.506951 36.387164
350 4.506951 36.387164
351 4.506951 36.387164
352 4.506951 36.387164
353 4.506951 36.387164
354 4.506951 36.387164
355 4.506951 36.387164
356 4.506951 36.387164
357 4.506951 36.387164
358 4.506951 36.387164
359 4.506951 36.387163
360 4.506951 36.387163
361 4.506951 36.387163
362 4.506951 36.387163
363 4.506951 36.387163
364 4.506951 36.387163
365 4.506951 36.387163
366 4.506951 36.387163
367 4.506951 36.387163
368 4.506951 36.387163
369 4.506951 36.387163
370 4.506951 36.387163
371 4.506951 36.387163
372 4.506951 36.387163
373 4.506951 36.387163
374 4.506951 36.387163
375 4.506951 36.387163
376 4.506951 36.387163
377 4.506951 36.387163
378 4.506951 36.387163
379 4.506951 36.387162
380 4.506951 36.387162
381 4.506951 36.387162
382 4.506951 36.387162
383 4.506951 36.387162
384 4.506951 36.387162
385 4.506951 36.387162
386 4.506951 36.387162
387 4.506951 36.387162
388 4.506951 36.387162
389 4.506951 36.387162
390 4.506951 36.387162
391 4.506951 36.387162
392 4.506951 36.387162
393 4.506951 36.387162
394 4.506951 36.387162
395 4.506951 36.387162
396 4.506951 36.387162
397 4.506951 36.387162
398 4.506951 36.387162
399 4.506951 36.387162
400 4.506951 36.387162
401 4.506951 36.387162
402 4.506951 36.387162
403 4.506951 36.387162
404 4.506951 36.387162
405 4.506951 36.387162
406 4.506951 36.387162
407 4.506951 36.387162
408 4.506951 36.387162
409 4.506951 36.387162
410 4.506951 36.387162
411 4.506951 36.387162
412 4.506951 36.387162
413 4.506951 36.387162
414 4.506951 36.387162
415 4.506951 36.387162
416 4.506951 36.387162
417 4.506951 36.387162
418 4.506951 36.387162
419 4.506951 36.387162
420 4.506951 36.387162
421 4.506951 36.387162
422 4.506951 36.387162
423 4.506951 36.387162
424 4.506951 36.387162
425 4.506951 36.387162
426 4.506951 36.387162
427 4.506951 36.387162
428 4.506951 36.387162
429 4.506951 36.387162
430 4.506951 36.387162
431 4.506951 36.387162
432 4.506951 36.387162
433 4.506951 36.387162
434 4.506951 36.387162
435 4.506951 36.387162
436 4.506951 36.387162
437 4.506951 36.387162
438 4.506951 36.387162
439 4.506951 36.387162
440 4.506951 36.387162
441 4.506951 36.387162
442 4.506951 36.387162
443 4.506951 36.387162
444 4.506951 36.387162
445 4.506951 36.387162
446 4.506951 36.387162
447 4.506951 36.387162
448 4.506951 36.387162
449 4.506951 36.387162
450 4.506951 36.387162
451 4.506951 36.387162
452 4.506951 36.387162
453 4.506951 36.387162
454 4.506951 36.387162
455 4.506951 36.387162
456 4.506951 36.387162
457 4.506951 36.387162
458 4.506951 36.387162
459 4.506951 36.387162
460 4.506951 36.387162
461 4.506951 36.387162
462 4.506951 36.387162
463 4.506951 36.387162
464 4.506951 36.387162
465 4.506951 36.387162
466 4.506951 36.387162
467 4.506951 36.387162
468 4.506951 36.387162
469 4.506951 36.387162
470 4.506951 36.387162
471 4.506951 36.387162
472 4.506951 36.387162
473 4.506951 36.387162
474 4.506951 36.387162
475 4.506951 36.387162
476 4.506951 36.387162
477 4.506951 36.387162
478 4.506951 36.387162
479 4.506951 36.387162
480 4.506951 36.387162
481 4.506951 36.387162
482 4.506951 36.387162
483 4.506951 36.387162
484 4.506951 36.387162
485 4.506951 36.387162
486 4.506951 36.387162
487 4.506951 36.387162
488 4.506951 36.387162
489 4.506951 36.387162
490 4.506951 36.387162
491 4.506951 36.387162
492 4.506951 36.387162
493 4.506951 36.387162
494 4.506951 36.387162
495 4.506951 36.387162
496 4.506951 36.387162
497 4.506951 36.387162
498 4.506951 36.387162
499 4.506951 36.387162
