0 0.596428 5.020000
1 0.595500 5.020000
2 0.594591 5.013925
3 0.593708 5.006075
4 0.592841 5.000287
5 0.591992 4.994612
6 0.591170 4.985388
7 0.590364 4.980005
8 0.589573 4.974722
9 0.588808 4.965278
10 0.588057 4.960268
11 0.587318 4.955344
12 0.586593 4.950506
13 0.585881 4.945752
14 0.585181 4.941081
15 0.584494 4.936491
16 0.583819 4.931981
17 0.583154 4.928019
18 0.582500 4.923654
19 0.581857 4.919360
20 0.581224 4.915135
21 0.580602 4.910980
22 0.579991 4.906892
23 0.579389 4.902871
24 0.578797 4.898916
25 0.578216 4.895026
26 0.577643 4.891198
27 0.577081 4.887434
28 0.576527 4.883731
29 0.575983 4.880089
30 0.575448 4.876506
31 0.574922 4.872982
32 0.574404 4.869515
33 0.573895 4.866106
34 0.573395 4.862752
35 0.572902 4.859453
36 0.572418 4.856209
37 0.571942 4.853017
38 0.571474 4.849879
39 0.571014 4.846791
40 0.570561 4.843755
41 0.570116 4.840768
42 0.569675 4.839232
43 0.569240 4.836318
44 0.568812 4.833448
45 0.568391 4.830622
46 0.567976 4.827840
47 0.567568 4.825100
48 0.567166 4.822402
49 0.566770 4.819745
50 0.566380 4.817130
51 0.565997 4.814554
52 0.565619 4.812018
53 0.565247 4.809520
54 0.564881 4.807061
55 0.564521 4.804640
56 0.564166 4.802256
57 0.563817 4.799909
58 0.563473 4.797598
59 0.563135 4.795322
60 0.562801 4.793081
61 0.562473 4.790875
62 0.562150 4.788702
63 0.561832 4.786563
64 0.561519 4.784457
65 0.561211 4.782384
66 0.560907 4.780342
67 0.560609 4.778332
68 0.560315 4.776353
69 0.560025 4.774404
70 0.559740 4.772485
71 0.559460 4.770596
72 0.559183 4.768736
73 0.558911 4.766905
74 0.558644 4.765102
75 0.558380 4.763327
76 0.558121 4.761579
77 0.557865 4.759858
78 0.557614 4.758164
79 0.557366 4.756496
80 0.557123 4.754853
81 0.556883 4.753236
82 0.556647 4.751644
83 0.556414 4.750077
84 0.556185 4.748534
85 0.555960 4.747015
86 0.555738 4.745519
87 0.555520 4.744046
88 0.555305 4.742596
89 0.555093 4.741169
90 0.554885 4.739764
91 0.554680 4.738380
92 0.554478 4.737018
93 0.554279 4.735677
94 0.554083 4.734357
95 0.553891 4.733057
96 0.553701 4.731777
97 0.553514 4.730517
98 0.553330 4.729483
99 0.553148 4.728258
100 0.552969 4.727050
101 0.552793 4.725860
102 0.552619 4.724687
103 0.552448 4.723531
104 0.552279 4.722391
105 0.552112 4.721268
106 0.551948 4.720161
107 0.551786 4.719070
108 0.551627 4.717994
109 0.551470 4.716934
110 0.551315 4.715889
111 0.551162 4.714859
112 0.551012 4.713844
113 0.550864 4.712843
114 0.550718 4.711857
115 0.550574 4.710885
116 0.550432 4.709927
117 0.550292 4.708983
118 0.550154 4.708052
119 0.550018 4.707135
120 0.549884 4.706231
121 0.549752 4.705339
122 0.549622 4.704461
123 0.549494 4.703595
124 0.549368 4.702742
125 0.549243 4.701901
126 0.549120 4.701072
127 0.548999 4.700255
128 0.548880 4.699450
129 0.548763 4.698656
130 0.548647 4.697874
131 0.548533 4.697103
132 0.548420 4.696343
133 0.548309 4.695594
134 0.548200 4.694856
135 0.548093 4.694129
136 0.547986 4.693412
137 0.547882 4.692705
138 0.547779 4.692009
139 0.547677 4.691322
140 0.547577 4.690645
141 0.547478 4.689979
142 0.547381 4.689321
143 0.547285 4.688673
144 0.547191 4.688035
145 0.547098 4.687406
146 0.547006 4.686786
147 0.546916 4.686174
148 0.546827 4.685572
149 0.546739 4.684978
150 0.546652 4.684393
151 0.546567 4.683816
152 0.546483 4.683248
153 0.546400 4.682687
154 0.546318 4.682135
155 0.546238 4.681591
156 0.546159 4.681055
157 0.546080 4.680526
158 0.546003 4.680005
159 0.545927 4.679491
160 0.545853 4.678985
161 0.545779 4.678487
162 0.545706 4.677995
163 0.545635 4.677510
164 0.545564 4.677033
165 0.545494 4.676562
166 0.545426 4.676098
167 0.545358 4.675641
168 0.545292 4.675191
169 0.545226 4.674747
170 0.545161 4.674309
171 0.545098 4.673878
172 0.545035 4.673453
173 0.544973 4.673034
174 0.544912 4.672621
175 0.544852 4.672214
176 0.544792 4.671813
177 0.544734 4.671417
178 0.544676 4.671028
179 0.544620 4.670644
180 0.544564 4.670266
181 0.544509 4.669893
182 0.544454 4.669525
183 0.544401 4.669163
184 0.544348 4.668806
185 0.544296 4.668454
186 0.544245 4.668107
187 0.544194 4.667765
188 0.544145 4.667429
189 0.544096 4.667097
190 0.544047 4.666769
191 0.544000 4.666447
192 0.543953 4.666129
193 0.543906 4.665816
194 0.543861 4.665507
195 0.543816 4.665203
196 0.543772 4.664903
197 0.543728 4.664608
198 0.543685 4.664317
199 0.543642 4.664029
200 0.543601 4.663747
201 0.543560 4.663468
202 0.543519 4.663193
203 0.543479 4.662922
204 0.543440 4.662655
205 0.543401 4.662392
206 0.543362 4.662133
207 0.543325 4.661878
208 0.543288 4.661626
209 0.543251 4.661378
210 0.543215 4.661133
211 0.543179 4.660892
212 0.543144 4.660655
213 0.543110 4.660421
214 0.543075 4.660190
215 0.543042 4.659963
216 0.543009 4.659739
217 0.542976 4.659518
218 0.542944 4.659300
219 0.542912 4.659086
220 0.542881 4.658874
221 0.542850 4.658666
222 0.542820 4.658461
223 0.542790 4.658258
224 0.542761 4.658059
225 0.542732 4.657862
226 0.542703 4.657669
227 0.542675 4.657478
228 0.542647 4.657290
229 0.542620 4.657104
230 0.542593 4.656921
231 0.542566 4.656741
232 0.542540 4.656564
233 0.542514 4.656389
234 0.542489 4.656216
235 0.542464 4.656047
236 0.542439 4.655879
237 0.542415 4.655714
238 0.542391 4.655551
239 0.542367 4.655391
240 0.542344 4.655233
241 0.542321 4.655078
242 0.542298 4.654924
243 0.542276 4.654773
244 0.542254 4.654624
245 0.542232 4.654477
246 0.542211 4.654332
247 0.542190 4.654190
248 0.542169 4.654049
249 0.542148 4.653911
250 0.542128 4.653774
251 0.542108 4.653639
252 0.542089 4.653507
253 0.542069 4.653376
254 0.542050 4.653247
255 0.542032 4.653120
256 0.542013 4.652995
257 0.541995 4.652872
258 0.541977 4.652751
259 0.541959 4.652631
260 0.541942 4.652513
261 0.541925 4.652396
262 0.541908 4.652282
263 0.541891 4.652169
264 0.541875 4.652057
265 0.541859 4.651948
266 0.541843 4.651840
267 0.541827 4.651733
268 0.541811 4.651628
269 0.541796 4.651525
270 0.541781 4.651423
271 0.541766 4.651322
272 0.541752 4.651223
273 0.541737 4.651125
274 0.541723 4.651029
275 0.541709 4.650934
276 0.541695 4.650841
277 0.541682 4.650749
278 0.541668 4.650658
279 0.541655 4.650568
280 0.541642 4.650480
281 0.541629 4.650393
282 0.541617 4.650308
283 0.541604 4.650223
284 0.541592 4.650140
285 0.541580 4.650058
286 0.541568 4.649977
287 0.541556 4.649898
288 0.541544 4.649819
289 0.541533 4.649742
290 0.541522 4.649666
291 0.541511 4.649591
292 0.541500 4.649517
293 0.541489 4.649444
294 0.541478 4.649372
295 0.541468 4.649301
296 0.541458 4.649231
297 0.541448 4.649162
298 0.541438 4.649094
299 0.541428 4.649028
300 0.541418 4.648962
301 0.541408 4.648897
302 0.541399 4.648833
303 0.541390 4.648770
304 0.541380 4.648708
305 0.541371 4.648646
306 0.541363 4.648586
307 0.541354 4.648527
308 0.541345 4.648468
309 0.541337 4.648410
310 0.541328 4.648353
311 0.541320 4.648297
312 0.541312 4.648242
313 0.541304 4.648187
314 0.541296 4.648134
315 0.541288 4.648081
316 0.541280 4.648029
317 0.541273 4.647977
318 0.541265 4.647927
319 0.541258 4.647877
320 0.541251 4.647828
321 0.541243 4.647779
322 0.541236 4.647731
323 0.541229 4.647684
324 0.541223 4.647638
325 0.541216 4.647592
326 0.541209 4.647547
327 0.541203 4.647502
328 0.541196 4.647459
329 0.541190 4.647416
330 0.541184 4.647373
331 0.541177 4.647331
332 0.541171 4.647290
333 0.541165 4.647249
334 0.541159 4.647209
335 0.541153 4.647169
336 0.541148 4.647131
337 0.541142 4.647092
338 0.541136 4.647054
339 0.541131 4.647017
340 0.541126 4.646980
341 0.541120 4.646944
342 0.541115 4.646908
343 0.541110 4.646873
344 0.541105 4.646838
345 0.541100 4.646804
346 0.541095 4.646771
347 0.541090 4.646737
348 0.541085 4.646705
349 0.541080 4.646673
350 0.541075 4.646641
351 0.541071 4.646609
352 0.541066 4.646579
353 0.541062 4.646548
354 0.541057 4.646518
355 0.541053 4.646489
356 0.541049 4.646460
357 0.541045 4.646431
358 0.541040 4.646403
359 0.541036 4.646375
360 0.541032 4.646347
361 0.541028 4.646320
362 0.541024 4.646294
363 0.541020 4.646267
364 0.541017 4.646241
365 0.541013 4.646216
366 0.541009 4.646191
367 0.541005 4.646166
368 0.541002 4.646142
369 0.540998 4.646118
370 0.540995 4.646094
371 0.540991 4.646070
372 0.540988 4.646047
373 0.540985 4.646025
374 0.540981 4.646002
375 0.540978 4.645980
376 0.540975 4.645958
377 0.540972 4.645937
378 0.540969 4.645916
379 0.540965 4.645895
380 0.540962 4.645875
381 0.540959 4.645854
382 0.540957 4.645835
383 0.540954 4.645815
384 0.540951 4.645796
385 0.540948 4.645776
386 0.540945 4.645758
387 0.540942 4.645739
388 0.540940 4.645721
389 0.540937 4.645703
390 0.540934 4.645685
391 0.540932 4.645668
392 0.540929 4.645651
393 0.540927 4.645634
394 0.540924 4.645617
395 0.540922 4.645600
396 0.540920 4.645584
397 0.540917 4.645568
398 0.540915 4.645552
399 0.540913 4.645537
400 0.540910 4.645522
401 0.540908 4.645506
402 0.540906 4.645492
403 0.540904 4.645477
404 0.540902 4.645462
405 0.540900 4.645448
406 0.540897 4.645434
407 0.540895 4.645420
408 0.540893 4.645407
409 0.540891 4.645393
410 0.540889 4.645380
411 0.540888 4.645367
412 0.540886 4.645354
413 0.540884 4.645342
414 0.540882 4.645329
415 0.540880 4.645317
416 0.540878 4.645305
417 0.540877 4.645293
418 0.540875 4.645281
419 0.540873 4.645269
420 0.540871 4.645258
421 0.540870 4.645247
422 0.540868 4.645235
423 0.540867 4.645224
424 0.540865 4.645214
425 0.540863 4.645203
426 0.540862 4.645193
427 0.540860 4.645182
428 0.540859 4.645172
429 0.540857 4.645162
430 0.540856 4.645152
431 0.540854 4.645142
432 0.540853 4.645133
433 0.540852 4.645123
434 0.540850 4.645114
435 0.540849 4.645105
436 0.540848 4.645096
437 0.540846 4.645087
438 0.540845 4.645078
439 0.540844 4.645069
440 0.540842 4.645061
441 0.540841 4.645052
442 0.540840 4.645044
443 0.540839 4.645036
444 0.540838 4.645028
445 0.540836 4.645020
446 0.540835 4.645012
447 0.540834 4.645004
448 0.540833 4.644997
449 0.540832 4.644989
450 0.540831 4.644982
451 0.540830 4.644975
452 0.540829 4.644967
453 0.540828 4.644960
454 0.540827 4.644953
455 0.540826 4.644947
456 0.540825 4.644940
457 0.540824 4.644933
458 0.540823 4.644927
459 0.540822 4.644920
460 0.540821 4.644914
461 0.540820 4.644907
462 0.540819 4.644901
463 0.540818 4.644895
464 0.540817 4.644889
465 0.540816 4.644883
466 0.540815 4.644877
467 0.540814 4.644872
468 0.540814 4.644866
469 0.540813 4.644860
470 0.540812 4.644855
471 0.540811 4.644849
472 0.540810 4.644844
473 0.540810 4.644839
474 0.540809 4.644833
475 0.540808 4.644828
476 0.540807 4.644823
477 0.540807 4.644818
478 0.540806 4.644813
479 0.540805 4.644809
480 0.540804 4.644804
481 0.540804 4.644799
482 0.540803 4.644794
483 0.540802 4.644790
484 0.540802 4.644785
485 0.540801 4.644781
486 0.540800 4.644777
487 0.540800 4.644772
488 0.540799 4.644768
489 0.540799 4.644764
490 0.540798 4.644760
491 0.540797 4.644756
492 0.540797 4.644752
493 0.540796 4.644748
494 0.540796 4.644744
495 0.540795 4.644740
496 0.540794 4.644736
497 0.540794 4.644733
498 0.540793 4.644729
499 0.540793 4.644725
