0 0.364938 4.290000
1 0.363779 4.290000
2 0.362669 4.279401
3 0.361643 4.260599
4 0.360660 4.251232
5 0.359715 4.242236
6 0.358790 4.237764
7 0.357901 4.229288
8 0.357045 4.221132
9 0.356222 4.213284
10 0.355426 4.206716
11 0.354659 4.199405
12 0.353920 4.192356
13 0.353199 4.187644
14 0.352503 4.181008
15 0.351831 4.174597
16 0.351181 4.168404
17 0.350554 4.162422
18 0.349949 4.156642
19 0.349365 4.151059
20 0.348800 4.145667
21 0.348255 4.140458
22 0.347729 4.135426
23 0.347221 4.130567
24 0.346717 4.129433
25 0.346229 4.124772
26 0.345758 4.120260
27 0.345301 4.115894
28 0.344860 4.111667
29 0.344432 4.107577
30 0.344019 4.103619
31 0.343619 4.099788
32 0.343232 4.096080
33 0.342858 4.092492
34 0.342495 4.089020
35 0.342145 4.085660
36 0.341806 4.082409
37 0.341483 4.077591
38 0.341170 4.074597
39 0.340867 4.071694
40 0.340573 4.068878
41 0.340288 4.066148
42 0.340011 4.063500
43 0.339743 4.060932
44 0.339483 4.058443
45 0.339232 4.056028
46 0.338987 4.053687
47 0.338750 4.051417
48 0.338521 4.049216
49 0.338298 4.047082
50 0.338083 4.045012
51 0.337873 4.043006
52 0.337671 4.041060
53 0.337474 4.039173
54 0.337283 4.037344
55 0.337099 4.035571
56 0.336919 4.033851
57 0.336746 4.032184
58 0.336577 4.030567
59 0.336414 4.029000
60 0.336256 4.027480
61 0.336103 4.026006
62 0.335954 4.024578
63 0.335810 4.023193
64 0.335670 4.021850
65 0.335534 4.020548
66 0.335403 4.019286
67 0.335276 4.018062
68 0.335152 4.016876
69 0.335033 4.015726
70 0.334917 4.014611
71 0.334804 4.013529
72 0.334695 4.012481
73 0.334590 4.011465
74 0.334487 4.010480
75 0.334388 4.009520
76 0.334291 4.008593
77 0.334197 4.007693
78 0.334106 4.006818
79 0.334018 4.005968
80 0.333932 4.005142
81 0.333848 4.004340
82 0.333767 4.003561
83 0.333688 4.002803
84 0.333611 4.002068
85 0.333537 4.001353
86 0.333465 4.000658
87 0.333394 3.999984
88 0.333326 3.999328
89 0.333260 3.998692
90 0.333195 3.998073
91 0.333133 3.997472
92 0.333072 3.996888
93 0.333013 3.996321
94 0.332956 3.995769
95 0.332900 3.995234
96 0.332846 3.994714
97 0.332793 3.994209
98 0.332742 3.993718
99 0.332692 3.993241
100 0.332644 3.992777
101 0.332597 3.992327
102 0.332552 3.991890
103 0.332507 3.991465
104 0.332465 3.991052
105 0.332423 3.990651
106 0.332382 3.990262
107 0.332343 3.989883
108 0.332305 3.989515
109 0.332267 3.989158
110 0.332231 3.988811
111 0.332196 3.988474
112 0.332162 3.988147
113 0.332129 3.987828
114 0.332097 3.987519
115 0.332066 3.987219
116 0.332035 3.986927
117 0.332006 3.986644
118 0.331977 3.986369
119 0.331949 3.986101
120 0.331922 3.985842
121 0.331896 3.985589
122 0.331871 3.985344
123 0.331846 3.985106
124 0.331822 3.984874
125 0.331798 3.984650
126 0.331776 3.984431
127 0.331754 3.984219
128 0.331732 3.984013
129 0.331711 3.983813
130 0.331691 3.983618
131 0.331672 3.983429
132 0.331652 3.983246
133 0.331634 3.983067
134 0.331616 3.982894
135 0.331598 3.982726
136 0.331581 3.982562
137 0.331565 3.982403
138 0.331549 3.982249
139 0.331533 3.982099
140 0.331518 3.981954
141 0.331503 3.981812
142 0.331489 3.981675
143 0.331475 3.981541
144 0.331462 3.981412
145 0.331449 3.981286
146 0.331436 3.981163
147 0.331424 3.981044
148 0.331412 3.980929
149 0.331400 3.980817
150 0.331389 3.980708
151 0.331378 3.980602
152 0.331367 3.980499
153 0.331356 3.980399
154 0.331346 3.980302
155 0.331337 3.980208
156 0.331327 3.980116
157 0.331318 3.980027
158 0.331309 3.979941
159 0.331300 3.979857
160 0.331292 3.979775
161 0.331283 3.979696
162 0.331275 3.979619
163 0.331268 3.979544
164 0.331260 3.979471
165 0.331253 3.979401
166 0.331246 3.979332
167 0.331239 3.979266
168 0.331232 3.979201
169 0.331225 3.979138
170 0.331219 3.979077
171 0.331213 3.979018
172 0.331207 3.978960
173 0.331201 3.978904
174 0.331195 3.978850
175 0.331190 3.978797
176 0.331185 3.978746
177 0.331179 3.978696
178 0.331174 3.978647
179 0.331169 3.978600
180 0.331165 3.978554
181 0.331160 3.978510
182 0.331156 3.978467
183 0.331151 3.978425
184 0.331147 3.978384
185 0.331143 3.978345
186 0.331139 3.978306
187 0.331135 3.978269
188 0.331131 3.978233
189 0.331128 3.978198
190 0.331124 3.978163
191 0.331121 3.978130
192 0.331117 3.978098
193 0.331114 3.978067
194 0.331111 3.978036
195 0.331108 3.978007
196 0.331105 3.977978
197 0.331102 3.977950
198 0.331099 3.977923
199 0.331096 3.977896
200 0.331094 3.977871
201 0.331091 3.977846
202 0.331088 3.977822
203 0.331086 3.977798
204 0.331084 3.977775
205 0.331081 3.977753
206 0.331079 3.977732
207 0.331077 3.977711
208 0.331075 3.977691
209 0.331073 3.977671
210 0.331071 3.977652
211 0.331069 3.977633
212 0.331067 3.977615
213 0.331065 3.977597
214 0.331063 3.977580
215 0.331062 3.977564
216 0.331060 3.977548
217 0.331058 3.977532
218 0.331057 3.977517
219 0.331055 3.977502
220 0.331054 3.977488
221 0.331052 3.977474
222 0.331051 3.977460
223 0.331050 3.977447
224 0.331048 3.977434
225 0.331047 3.977422
226 0.331046 3.977410
227 0.331044 3.977398
228 0.331043 3.977387
229 0.331042 3.977376
230 0.331041 3.977365
231 0.331040 3.977355
232 0.331039 3.977344
233 0.331038 3.977335
234 0.331037 3.977325
235 0.331036 3.977316
236 0.331035 3.977307
237 0.331034 3.977298
238 0.331033 3.977290
239 0.331032 3.977281
240 0.331031 3.977273
241 0.331031 3.977265
242 0.331030 3.977258
243 0.331029 3.977250
244 0.331028 3.977243
245 0.331028 3.977236
246 0.331027 3.977230
247 0.331026 3.977223
248 0.331026 3.977217
249 0.331025 3.977210
250 0.331024 3.977204
251 0.331024 3.977199
252 0.331023 3.977193
253 0.331023 3.977187
254 0.331022 3.977182
255 0.331021 3.977177
256 0.331021 3.977172
257 0.331020 3.977167
258 0.331020 3.977162
259 0.331019 3.977158
260 0.331019 3.977153
261 0.331018 3.977149
262 0.331018 3.977144
263 0.331018 3.977140
264 0.331017 3.977136
265 0.331017 3.977132
266 0.331016 3.977129
267 0.331016 3.977125
268 0.331016 3.977121
269 0.331015 3.977118
270 0.331015 3.977115
271 0.331015 3.977111
272 0.331014 3.977108
273 0.331014 3.977105
274 0.331014 3.977102
275 0.331013 3.977099
276 0.331013 3.977096
277 0.331013 3.977094
278 0.331012 3.977091
279 0.331012 3.977088
280 0.331012 3.977086
281 0.331012 3.977083
282 0.331011 3.977081
283 0.331011 3.977079
284 0.331011 3.977076
285 0.331011 3.977074
286 0.331011 3.977072
287 0.331010 3.977070
288 0.331010 3.977068
289 0.331010 3.977066
290 0.331010 3.977064
291 0.331010 3.977062
292 0.331009 3.977061
293 0.331009 3.977059
294 0.331009 3.977057
295 0.331009 3.977056
296 0.331009 3.977054
297 0.331008 3.977052
298 0.331008 3.977051
299 0.331008 3.977049
300 0.331008 3.977048
301 0.331008 3.977047
302 0.331008 3.977045
303 0.331008 3.977044
304 0.331007 3.977043
305 0.331007 3.977042
306 0.331007 3.977040
307 0.331007 3.977039
308 0.331007 3.977038
309 0.331007 3.977037
310 0.331007 3.977036
311 0.331007 3.977035
312 0.331007 3.977034
313 0.331006 3.977033
314 0.331006 3.977032
315 0.331006 3.977031
316 0.331006 3.977030
317 0.331006 3.977029
318 0.331006 3.977029
319 0.331006 3.977028
320 0.331006 3.977027
321 0.331006 3.977026
322 0.331006 3.977025
323 0.331006 3.977025
324 0.331006 3.977024
325 0.331005 3.977023
326 0.331005 3.977023
327 0.331005 3.977022
328 0.331005 3.977021
329 0.331005 3.977021
330 0.331005 3.977020
331 0.331005 3.977020
332 0.331005 3.977019
333 0.331005 3.977018
334 0.331005 3.977018
335 0.331005 3.977017
336 0.331005 3.977017
337 0.331005 3.977016
338 0.331005 3.977016
339 0.331005 3.977016
340 0.331005 3.977015
341 0.331005 3.977015
342 0.331005 3.977014
343 0.331004 3.977014
344 0.331004 3.977013
345 0.331004 3.977013
346 0.331004 3.977013
347 0.331004 3.977012
348 0.331004 3.977012
349 0.331004 3.977012
350 0.331004 3.977011
351 0.331004 3.977011
352 0.331004 3.977011
353 0.331004 3.977010
354 0.331004 3.977010
355 0.331004 3.977010
356 0.331004 3.977010
357 0.331004 3.977009
358 0.331004 3.977009
359 0.331004 3.977009
360 0.331004 3.977008
361 0.331004 3.977008
362 0.331004 3.977008
363 0.331004 3.977008
364 0.331004 3.977008
365 0.331004 3.977007
366 0.331004 3.977007
367 0.331004 3.977007
368 0.331004 3.977007
369 0.331004 3.977007
370 0.331004 3.977006
371 0.331004 3.977006
372 0.331004 3.977006
373 0.331004 3.977006
374 0.331004 3.977006
375 0.331004 3.977005
376 0.331004 3.977005
377 0.331004 3.977005
378 0.331004 3.977005
379 0.331004 3.977005
380 0.331004 3.977005
381 0.331004 3.977005
382 0.331004 3.977004
383 0.331003 3.977004
384 0.331003 3.977004
385 0.331003 3.977004
386 0.331003 3.977004
387 0.331003 3.977004
388 0.331003 3.977004
389 0.331003 3.977004
390 0.331003 3.977004
391 0.331003 3.977003
392 0.331003 3.977003
393 0.331003 3.977003
394 0.331003 3.977003
395 0.331003 3.977003
396 0.331003 3.977003
397 0.331003 3.977003
398 0.331003 3.977003
399 0.331003 3.977003
400 0.331003 3.977003
401 0.331003 3.977003
402 0.331003 3.977003
403 0.331003 3.977002
404 0.331003 3.977002
405 0.331003 3.977002
406 0.331003 3.977002
407 0.331003 3.977002
408 0.331003 3.977002
409 0.331003 3.977002
410 0.331003 3.977002
411 0.331003 3.977002
412 0.331003 3.977002
413 0.331003 3.977002
414 0.331003 3.977002
415 0.331003 3.977002
416 0.331003 3.977002
417 0.331003 3.977002
418 0.331003 3.977002
419 0.331003 3.977002
420 0.331003 3.977002
421 0.331003 3.977001
422 0.331003 3.977001
423 0.331003 3.977001
424 0.331003 3.977001
425 0.331003 3.977001
426 0.331003 3.977001
427 0.331003 3.977001
428 0.331003 3.977001
429 0.331003 3.977001
430 0.331003 3.977001
431 0.331003 3.977001
432 0.331003 3.977001
433 0.331003 3.977001
434 0.331003 3.977001
435 0.331003 3.977001
436 0.331003 3.977001
437 0.331003 3.977001
438 0.331003 3.977001
439 0.331003 3.977001
440 0.331003 3.977001
441 0.331003 3.977001
442 0.331003 3.977001
443 0.331003 3.977001
444 0.331003 3.977001
445 0.331003 3.977001
446 0.331003 3.977001
447 0.331003 3.977001
448 0.331003 3.977001
449 0.331003 3.977001
450 0.331003 3.977001
451 0.331003 3.977001
452 0.331003 3.977001
453 0.331003 3.977001
454 0.331003 3.977001
455 0.331003 3.977001
456 0.331003 3.977001
457 0.331003 3.977001
458 0.331003 3.977001
459 0.331003 3.977001
460 0.331003 3.977000
461 0.331003 3.977000
462 0.331003 3.977000
463 0.331003 3.977000
464 0.331003 3.977000
465 0.331003 3.977000
466 0.331003 3.977000
467 0.331003 3.977000
468 0.331003 3.977000
469 0.331003 3.977000
470 0.331003 3.977000
471 0.331003 3.977000
472 0.331003 3.977000
473 0.331003 3.977000
474 0.331003 3.977000
475 0.331003 3.977000
476 0.331003 3.977000
477 0.331003 3.977000
478 0.331003 3.977000
479 0.331003 3.977000
480 0.331003 3.977000
481 0.331003 3.977000
482 0.331003 3.977000
483 0.331003 3.977000
484 0.331003 3.977000
485 0.331003 3.977000
486 0.331003 3.977000
487 0.331003 3.977000
488 0.331003 3.977000
489 0.331003 3.977000
490 0.331003 3.977000
491 0.331003 3.977000
492 0.331003 3.977000
493 0.331003 3.977000
494 0.331003 3.977000
495 0.331003 3.977000
496 0.331003 3.977000
497 0.331003 3.977000
498 0.331003 3.977000
499 0.331003 3.977000
