0 2.156937 15.760000
1 2.154387 15.760000
2 2.151897 15.745510
3 2.149451 15.734490
4 2.147060 15.720580
5 2.144723 15.706979
6 2.142438 15.693679
7 2.140181 15.686321
8 2.137973 15.673469
9 2.135811 15.660889
10 2.133697 15.648576
11 2.131627 15.636525
12 2.129602 15.624728
13 2.127611 15.615272
14 2.125662 15.603920
15 2.123752 15.592798
16 2.121881 15.581902
17 2.120049 15.571226
18 2.118254 15.560767
19 2.116495 15.550519
20 2.114773 15.540480
21 2.113086 15.530644
22 2.111434 15.521009
23 2.109815 15.511568
24 2.108230 15.502320
25 2.106677 15.493260
26 2.105147 15.486740
27 2.103647 15.477992
28 2.102176 15.469412
29 2.100733 15.460999
30 2.099319 15.452748
31 2.097933 15.444658
32 2.096573 15.436723
33 2.095240 15.428943
34 2.093933 15.421313
35 2.092652 15.413832
36 2.091395 15.406495
37 2.090164 15.399301
38 2.088956 15.392246
39 2.087772 15.385328
40 2.086610 15.378544
41 2.085472 15.371892
42 2.084356 15.365370
43 2.083262 15.358974
44 2.082189 15.352702
45 2.081137 15.346552
46 2.080106 15.340522
47 2.079094 15.334609
48 2.078103 15.328811
49 2.077131 15.323126
50 2.076178 15.317551
51 2.075243 15.312085
52 2.074323 15.307915
53 2.073420 15.302634
54 2.072533 15.297450
55 2.071663 15.292362
56 2.070809 15.287368
57 2.069971 15.282467
58 2.069148 15.277656
59 2.068341 15.272934
60 2.067548 15.268299
61 2.066771 15.263750
62 2.066008 15.259285
63 2.065259 15.254902
64 2.064524 15.250601
65 2.063802 15.246379
66 2.063094 15.242236
67 2.062399 15.238169
68 2.061717 15.234177
69 2.061048 15.230260
70 2.060391 15.226414
71 2.059747 15.222640
72 2.059114 15.218936
73 2.058493 15.215301
74 2.057884 15.211733
75 2.057286 15.208231
76 2.056699 15.204794
77 2.056124 15.201421
78 2.055558 15.198110
79 2.055004 15.194861
80 2.054459 15.191672
81 2.053925 15.188542
82 2.053401 15.185470
83 2.052886 15.182455
84 2.052381 15.179496
85 2.051886 15.176592
86 2.051399 15.173742
87 2.050922 15.170944
88 2.050454 15.168199
89 2.049994 15.165505
90 2.049543 15.162860
91 2.049100 15.160265
92 2.048666 15.157718
93 2.048239 15.155218
94 2.047821 15.152765
95 2.047410 15.150357
96 2.047007 15.147994
97 2.046612 15.145674
98 2.046223 15.143398
99 2.045843 15.141164
100 2.045469 15.138972
101 2.045102 15.136821
102 2.044742 15.134709
103 2.044388 15.132637
104 2.044042 15.130603
105 2.043701 15.128607
106 2.043367 15.126648
107 2.043040 15.124725
108 2.042718 15.122839
109 2.042402 15.120987
110 2.042093 15.119170
111 2.041789 15.117386
112 2.041490 15.115636
113 2.041198 15.113918
114 2.040910 15.112232
115 2.040628 15.110578
116 2.040352 15.108954
117 2.040080 15.107361
118 2.039814 15.105797
119 2.039552 15.104263
120 2.039296 15.102756
121 2.039044 15.101278
122 2.038797 15.099828
123 2.038554 15.098404
124 2.038316 15.097007
125 2.038082 15.095636
126 2.037853 15.094290
127 2.037628 15.092970
128 2.037407 15.091674
129 2.037191 15.090402
130 2.036978 15.089154
131 2.036769 15.087929
132 2.036565 15.086727
133 2.036364 15.085547
134 2.036167 15.084389
135 2.035973 15.083253
136 2.035783 15.082138
137 2.035597 15.081044
138 2.035417 15.078956
139 2.035240 15.077920
140 2.035067 15.076902
141 2.034896 15.075903
142 2.034729 15.074920
143 2.034564 15.073956
144 2.034403 15.073008
145 2.034244 15.072077
146 2.034088 15.071162
147 2.033935 15.070263
148 2.033784 15.069380
149 2.033636 15.068513
150 2.033491 15.067661
151 2.033349 15.066824
152 2.033208 15.066002
153 2.033071 15.065194
154 2.032935 15.064401
155 2.032803 15.063621
156 2.032672 15.062856
157 2.032544 15.062103
158 2.032418 15.061364
159 2.032294 15.060638
160 2.032173 15.059925
161 2.032053 15.059225
162 2.031936 15.058536
163 2.031821 15.057860
164 2.031707 15.057196
165 2.031596 15.056544
166 2.031487 15.055903
167 2.031380 15.055273
168 2.031274 15.054654
169 2.031171 15.054047
170 2.031069 15.053450
171 2.030969 15.052863
172 2.030871 15.052287
173 2.030774 15.051721
174 2.030680 15.051165
175 2.030587 15.050619
176 2.030495 15.050083
177 2.030405 15.049556
178 2.030317 15.049038
179 2.030230 15.048529
180 2.030145 15.048030
181 2.030062 15.047539
182 2.029980 15.047057
183 2.029899 15.046583
184 2.029820 15.046117
185 2.029742 15.045660
186 2.029665 15.045211
187 2.029590 15.044770
188 2.029516 15.044337
189 2.029444 15.043911
190 2.029372 15.043493
191 2.029302 15.043082
192 2.029234 15.042678
193 2.029166 15.042282
194 2.029100 15.041893
195 2.029034 15.041510
196 2.028970 15.041134
197 2.028908 15.040765
198 2.028846 15.040402
199 2.028785 15.040046
200 2.028725 15.039696
201 2.028667 15.039352
202 2.028609 15.039014
203 2.028553 15.038682
204 2.028497 15.038356
205 2.028443 15.038036
206 2.028389 15.037722
207 2.028336 15.037413
208 2.028285 15.037109
209 2.028234 15.036811
210 2.028184 15.036518
211 2.028135 15.036230
212 2.028087 15.035947
213 2.028039 15.035670
214 2.027993 15.035397
215 2.027947 15.035129
216 2.027902 15.034866
217 2.027858 15.034607
218 2.027815 15.034353
219 2.027773 15.034103
220 2.027731 15.033858
221 2.027690 15.033617
222 2.027650 15.033381
223 2.027610 15.033148
224 2.027571 15.032920
225 2.027533 15.032696
226 2.027495 15.032475
227 2.027458 15.032259
228 2.027422 15.032046
229 2.027387 15.031838
230 2.027352 15.031632
231 2.027317 15.031431
232 2.027284 15.031233
233 2.027250 15.031038
234 2.027218 15.030847
235 2.027186 15.030659
236 2.027155 15.030475
237 2.027124 15.030294
238 2.027093 15.030116
239 2.027064 15.029941
240 2.027034 15.029769
241 2.027006 15.029601
242 2.026977 15.029435
243 2.026950 15.029272
244 2.026922 15.029112
245 2.026896 15.028955
246 2.026869 15.028801
247 2.026844 15.028649
248 2.026818 15.028500
249 2.026793 15.028354
250 2.026769 15.028210
251 2.026745 15.028069
252 2.026721 15.027931
253 2.026698 15.027794
254 2.026675 15.027661
255 2.026653 15.027529
256 2.026631 15.027400
257 2.026609 15.027273
258 2.026588 15.027148
259 2.026567 15.027026
260 2.026547 15.026906
261 2.026526 15.026788
262 2.026507 15.026672
263 2.026487 15.026557
264 2.026468 15.026446
265 2.026449 15.026335
266 2.026431 15.026227
267 2.026413 15.026121
268 2.026395 15.026017
269 2.026378 15.025914
270 2.026361 15.025814
271 2.026344 15.025715
272 2.026327 15.025618
273 2.026311 15.025522
274 2.026295 15.025429
275 2.026279 15.025337
276 2.026264 15.025246
277 2.026249 15.025157
278 2.026234 15.025070
279 2.026219 15.024984
280 2.026205 15.024900
281 2.026191 15.024817
282 2.026177 15.024736
283 2.026163 15.024656
284 2.026150 15.024578
285 2.026137 15.024501
286 2.026124 15.024425
287 2.026111 15.024351
288 2.026099 15.024278
289 2.026087 15.024206
290 2.026075 15.024135
291 2.026063 15.024066
292 2.026051 15.023998
293 2.026040 15.023931
294 2.026029 15.023866
295 2.026018 15.023801
296 2.026007 15.023738
297 2.025996 15.023676
298 2.025986 15.023614
299 2.025976 15.023554
300 2.025966 15.023495
301 2.025956 15.023437
302 2.025946 15.023381
303 2.025937 15.023325
304 2.025927 15.023270
305 2.025918 15.023216
306 2.025909 15.023163
307 2.025900 15.023111
308 2.025891 15.023060
309 2.025883 15.023009
310 2.025874 15.022960
311 2.025866 15.022911
312 2.025858 15.022864
313 2.025850 15.022817
314 2.025842 15.022771
315 2.025835 15.022726
316 2.025827 15.022681
317 2.025820 15.022638
318 2.025812 15.022595
319 2.025805 15.022553
320 2.025798 15.022512
321 2.025791 15.022471
322 2.025784 15.022431
323 2.025778 15.022392
324 2.025771 15.022354
325 2.025765 15.022316
326 2.025758 15.022279
327 2.025752 15.022242
328 2.025746 15.022206
329 2.025740 15.022171
330 2.025734 15.022137
331 2.025728 15.022103
332 2.025723 15.022069
333 2.025717 15.022037
334 2.025712 15.022004
335 2.025706 15.021973
336 2.025701 15.021942
337 2.025696 15.021911
338 2.025691 15.021881
339 2.025686 15.021852
340 2.025681 15.021823
341 2.025676 15.021794
342 2.025671 15.021767
343 2.025667 15.021739
344 2.025662 15.021712
345 2.025657 15.021686
346 2.025653 15.021660
347 2.025649 15.021634
348 2.025644 15.021609
349 2.025640 15.021584
350 2.025636 15.021560
351 2.025632 15.021536
352 2.025628 15.021513
353 2.025624 15.021490
354 2.025620 15.021468
355 2.025617 15.021445
356 2.025613 15.021424
357 2.025609 15.021402
358 2.025606 15.021381
359 2.025602 15.021361
360 2.025599 15.021340
361 2.025595 15.021320
362 2.025592 15.021301
363 2.025589 15.021282
364 2.025585 15.021263
365 2.025582 15.021244
366 2.025579 15.021226
367 2.025576 15.021208
368 2.025573 15.021191
369 2.025570 15.021173
370 2.025567 15.021156
371 2.025564 15.021140
372 2.025562 15.021123
373 2.025559 15.021107
374 2.025556 15.021092
375 2.025554 15.021076
376 2.025551 15.021061
377 2.025548 15.021046
378 2.025546 15.021031
379 2.025544 15.021017
380 2.025541 15.021003
381 2.025539 15.020989
382 2.025536 15.020975
383 2.025534 15.020961
384 2.025532 15.020948
385 2.025530 15.020935
386 2.025527 15.020923
387 2.025525 15.020910
388 2.025523 15.020898
389 2.025521 15.020886
390 2.025519 15.020874
391 2.025517 15.020862
392 2.025515 15.020851
393 2.025513 15.020839
394 2.025511 15.020828
395 2.025510 15.020817
396 2.025508 15.020807
397 2.025506 15.020796
398 2.025504 15.020786
399 2.025502 15.020776
400 2.025501 15.020766
401 2.025499 15.020756
402 2.025498 15.020747
403 2.025496 15.020737
404 2.025494 15.020728
405 2.025493 15.020719
406 2.025491 15.020710
407 2.025490 15.020701
408 2.025488 15.020693
409 2.025487 15.020684
410 2.025485 15.020676
411 2.025484 15.020668
412 2.025483 15.020660
413 2.025481 15.020652
414 2.025480 15.020644
415 2.025479 15.020636
416 2.025477 15.020629
417 2.025476 15.020622
418 2.025475 15.020614
419 2.025474 15.020607
420 2.025473 15.020600
421 2.025471 15.020593
422 2.025470 15.020587
423 2.025469 15.020580
424 2.025468 15.020574
425 2.025467 15.020567
426 2.025466 15.020561
427 2.025465 15.020555
428 2.025464 15.020549
429 2.025463 15.020543
430 2.025462 15.020537
431 2.025461 15.020531
432 2.025460 15.020526
433 2.025459 15.020520
434 2.025458 15.020515
435 2.025457 15.020509
436 2.025456 15.020504
437 2.025455 15.020499
438 2.025454 15.020494
439 2.025454 15.020489
440 2.025453 15.020484
441 2.025452 15.020479
442 2.025451 15.020475
443 2.025450 15.020470
444 2.025450 15.020466
445 2.025449 15.020461
446 2.025448 15.020457
447 2.025447 15.020452
448 2.025447 15.020448
449 2.025446 15.020444
450 2.025445 15.020440
451 2.025445 15.020436
452 2.025444 15.020432
453 2.025443 15.020428
454 2.025443 15.020424
455 2.025442 15.020421
456 2.025441 15.020417
457 2.025441 15.020413
458 2.025440 15.020410
459 2.025440 15.020406
460 2.025439 15.020403
461 2.025438 15.020400
462 2.025438 15.020396
463 2.025437 15.020393
464 2.025437 15.020390
465 2.025436 15.020387
466 2.025436 15.020384
467 2.025435 15.020381
468 2.025435 15.020378
469 2.025434 15.020375
470 2.025434 15.020372
471 2.025433 15.020369
472 2.025433 15.020366
473 2.025432 15.020364
474 2.025432 15.020361
475 2.025431 15.020358
476 2.025431 15.020356
477 2.025431 15.020353
478 2.025430 15.020351
479 2.025430 15.020348
480 2.025429 15.020346
481 2.025429 15.020344
482 2.025429 15.020341
483 2.025428 15.020339
484 2.025428 15.020337
485 2.025427 15.020335
486 2.025427 15.020333
487 2.025427 15.020330
488 2.025426 15.020328
489 2.025426 15.020326
490 2.025426 15.020324
491 2.025425 15.020322
492 2.025425 15.020320
493 2.025425 15.020319
494 2.025424 15.020317
495 2.025424 15.020315
496 2.025424 15.020313
497 2.025423 15.020311
498 2.025423 15.020310
499 2.025423 15.020308
