0 2.434352 18.470000
1 2.431597 18.470000
2 2.429023 18.453744
3 2.426619 18.438551
4 2.424402 18.421449
5 2.422328 18.408361
6 2.420387 18.396111
7 2.418571 18.384646
8 2.416871 18.373916
9 2.415281 18.363873
10 2.413793 18.354474
11 2.412400 18.345679
12 2.411130 18.334321
13 2.409939 18.326812
14 2.408824 18.319774
15 2.407778 18.313177
16 2.406798 18.306994
17 2.405880 18.301199
18 2.405019 18.295768
19 2.404213 18.290678
20 2.403457 18.285907
21 2.402749 18.281436
22 2.402085 18.277246
23 2.401463 18.273319
24 2.400880 18.269638
25 2.400334 18.266189
26 2.399822 18.262957
27 2.399342 18.259927
28 2.398892 18.257088
29 2.398471 18.254428
30 2.398076 18.251934
31 2.397706 18.249598
32 2.397360 18.247408
33 2.397035 18.245356
34 2.396730 18.243433
35 2.396445 18.241631
36 2.396178 18.239942
37 2.395927 18.238360
38 2.395693 18.236876
39 2.395473 18.235487
40 2.395266 18.234184
41 2.395073 18.232964
42 2.394892 18.231820
43 2.394723 18.230748
44 2.394564 18.229744
45 2.394415 18.228803
46 2.394275 18.227921
47 2.394144 18.227095
48 2.394022 18.226320
49 2.393907 18.225594
50 2.393799 18.224914
51 2.393698 18.224277
52 2.393604 18.223680
53 2.393515 18.223120
54 2.393432 18.222596
55 2.393355 18.222104
56 2.393282 18.221644
57 2.393213 18.221212
58 2.393149 18.220808
59 2.393090 18.220429
60 2.393033 18.220074
61 2.392981 18.219741
62 2.392931 18.219430
63 2.392885 18.219137
64 2.392842 18.218864
65 2.392801 18.218607
66 2.392763 18.218367
67 2.392728 18.218141
68 2.392694 18.217930
69 2.392663 18.217732
70 2.392633 18.217547
71 2.392606 18.217373
72 2.392580 18.217211
73 2.392556 18.217058
74 2.392533 18.216915
75 2.392512 18.216781
76 2.392492 18.216656
77 2.392474 18.216538
78 2.392456 18.216428
79 2.392440 18.216325
80 2.392425 18.216228
81 2.392410 18.216137
82 2.392397 18.216052
83 2.392384 18.215973
84 2.392373 18.215898
85 2.392361 18.215828
86 2.392351 18.215762
87 2.392341 18.215701
88 2.392332 18.215644
89 2.392324 18.215590
90 2.392316 18.215539
91 2.392308 18.215492
92 2.392301 18.215447
93 2.392295 18.215406
94 2.392288 18.215367
95 2.392283 18.215330
96 2.392277 18.215296
97 2.392272 18.215264
98 2.392267 18.215234
99 2.392263 18.215206
100 2.392259 18.215180
101 2.392255 18.215155
102 2.392251 18.215132
103 2.392248 18.215110
104 2.392245 18.215090
105 2.392242 18.215071
106 2.392239 18.215053
107 2.392236 18.215036
108 2.392234 18.215020
109 2.392231 18.215006
110 2.392229 18.214992
111 2.392227 18.214979
112 2.392225 18.214967
113 2.392223 18.214956
114 2.392222 18.214945
115 2.392220 18.214935
116 2.392219 18.214926
117 2.392217 18.214917
118 2.392216 18.214909
119 2.392215 18.214901
120 2.392214 18.214894
121 2.392213 18.214887
122 2.392212 18.214881
123 2.392211 18.214875
124 2.392210 18.214869
125 2.392209 18.214864
126 2.392208 18.214859
127 2.392207 18.214855
128 2.392207 18.214851
129 2.392206 18.214847
130 2.392206 18.214843
131 2.392205 18.214839
132 2.392204 18.214836
133 2.392204 18.214833
134 2.392204 18.214830
135 2.392203 18.214827
136 2.392203 18.214825
137 2.392202 18.214822
138 2.392202 18.214820
139 2.392202 18.214818
140 2.392201 18.214816
141 2.392201 18.214814
142 2.392201 18.214813
143 2.392201 18.214811
144 2.392200 18.214809
145 2.392200 18.214808
146 2.392200 18.214807
147 2.392200 18.214805
148 2.392199 18.214804
149 2.392199 18.214803
150 2.392199 18.214802
151 2.392199 18.214801
152 2.392199 18.214800
153 2.392199 18.214799
154 2.392199 18.214799
155 2.392198 18.214798
156 2.392198 18.214797
157 2.392198 18.214797
158 2.392198 18.214796
159 2.392198 18.214795
160 2.392198 18.214795
161 2.392198 18.214794
162 2.392198 18.214794
163 2.392198 18.214793
164 2.392198 18.214793
165 2.392198 18.214793
166 2.392198 18.214792
167 2.392198 18.214792
168 2.392197 18.214792
169 2.392197 18.214791
170 2.392197 18.214791
171 2.392197 18.214791
172 2.392197 18.214791
173 2.392197 18.214790
174 2.392197 18.214790
175 2.392197 18.214790
176 2.392197 18.214790
177 2.392197 18.214790
178 2.392197 18.214789
179 2.392197 18.214789
180 2.392197 18.214789
181 2.392197 18.214789
182 2.392197 18.214789
183 2.392197 18.214789
184 2.392197 18.214789
185 2.392197 18.214789
186 2.392197 18.214788
187 2.392197 18.214788
188 2.392197 18.214788
189 2.392197 18.214788
190 2.392197 18.214788
191 2.392197 18.214788
192 2.392197 18.214788
193 2.392197 18.214788
194 2.392197 18.214788
195 2.392197 18.214788
196 2.392197 18.214788
197 2.392197 18.214788
198 2.392197 18.214788
199 2.392197 18.214788
200 2.392197 18.214788
201 2.392197 18.214788
202 2.392197 18.214787
203 2.392197 18.214787
204 2.392197 18.214787
205 2.392197 18.214787
206 2.392197 18.214787
207 2.392197 18.214787
208 2.392197 18.214787
209 2.392197 18.214787
210 2.392197 18.214787
211 2.392197 18.214787
212 2.392197 18.214787
213 2.392197 18.214787
214 2.392197 18.214787
215 2.392197 18.214787
216 2.392197 18.214787
217 2.392197 18.214787
218 2.392197 18.214787
219 2.392197 18.214787
220 2.392197 18.214787
221 2.392197 18.214787
222 2.392197 18.214787
223 2.392197 18.214787
224 2.392197 18.214787
225 2.392197 18.214787
226 2.392197 18.214787
227 2.392197 18.214787
228 2.392197 18.214787
229 2.392197 18.214787
230 2.392197 18.214787
231 2.392197 18.214787
232 2.392197 18.214787
233 2.392197 18.214787
234 2.392197 18.214787
235 2.392197 18.214787
236 2.392197 18.214787
237 2.392197 18.214787
238 2.392197 18.214787
239 2.392197 18.214787
240 2.392197 18.214787
241 2.392197 18.214787
242 2.392197 18.214787
243 2.392197 18.214787
244 2.392197 18.214787
245 2.392197 18.214787
246 2.392197 18.214787
247 2.392197 18.214787
248 2.392197 18.214787
249 2.392197 18.214787
250 2.392197 18.214787
251 2.392197 18.214787
252 2.392197 18.214787
253 2.392197 18.214787
254 2.392197 18.214787
255 2.392197 18.214787
256 2.392197 18.214787
257 2.392197 18.214787
258 2.392197 18.214787
259 2.392197 18.214787
260 2.392197 18.214787
261 2.392197 18.214787
262 2.392197 18.214787
263 2.392197 18.214787
264 2.392197 18.214787
265 2.392197 18.214787
266 2.392197 18.214787
267 2.392197 18.214787
268 2.392197 18.214787
269 2.392197 18.214787
270 2.392197 18.214787
271 2.392197 18.214787
272 2.392197 18.214787
273 2.392197 18.214787
274 2.392197 18.214787
275 2.392197 18.214787
276 2.392197 18.214787
277 2.392197 18.214787
278 2.392197 18.214787
279 2.392197 18.214787
280 2.392197 18.214787
281 2.392197 18.214787
282 2.392197 18.214787
283 2.392197 18.214787
284 2.392197 18.214787
285 2.392197 18.214787
286 2.392197 18.214787
287 2.392197 18.214787
288 2.392197 18.214787
289 2.392197 18.214787
290 2.392197 18.214787
291 2.392197 18.214787
292 2.392197 18.214787
293 2.392197 18.214787
294 2.392197 18.214787
295 2.392197 18.214787
296 2.392197 18.214787
297 2.392197 18.214787
298 2.392197 18.214787
299 2.392197 18.214787
300 2.392197 18.214787
301 2.392197 18.214787
302 2.392197 18.214787
303 2.392197 18.214787
304 2.392197 18.214787
305 2.392197 18.214787
306 2.392197 18.214787
307 2.392197 18.214787
308 2.392197 18.214787
309 2.392197 18.214787
310 2.392197 18.214787
311 2.392197 18.214787
312 2.392197 18.214787
313 2.392197 18.214787
314 2.392197 18.214787
315 2.392197 18.214787
316 2.392197 18.214787
317 2.392197 18.214787
318 2.392197 18.214787
319 2.392197 18.214787
320 2.392197 18.214787
321 2.392197 18.214787
322 2.392197 18.214787
323 2.392197 18.214787
324 2.392197 18.214787
325 2.392197 18.214787
326 2.392197 18.214787
327 2.392197 18.214787
328 2.392197 18.214787
329 2.392197 18.214787
330 2.392197 18.214787
331 2.392197 18.214787
332 2.392197 18.214787
333 2.392197 18.214787
334 2.392197 18.214787
335 2.392197 18.214787
336 2.392197 18.214787
337 2.392197 18.214787
338 2.392197 18.214787
339 2.392197 18.214787
340 2.392197 18.214787
341 2.392197 18.214787
342 2.392197 18.214787
343 2.392197 18.214787
344 2.392197 18.214787
345 2.392197 18.214787
346 2.392197 18.214787
347 2.392197 18.214787
348 2.392197 18.214787
349 2.392197 18.214787
350 2.392197 18.214787
351 2.392197 18.214787
352 2.392197 18.214787
353 2.392197 18.214787
354 2.392197 18.214787
355 2.392197 18.214787
356 2.392197 18.214787
357 2.392197 18.214787
358 2.392197 18.214787
359 2.392197 18.214787
360 2.392197 18.214787
361 2.392197 18.214787
362 2.392197 18.214787
363 2.392197 18.214787
364 2.392197 18.214787
365 2.392197 18.214787
366 2.392197 18.214787
367 2.392197 18.214787
368 2.392197 18.214787
369 2.392197 18.214787
370 2.392197 18.214787
371 2.392197 18.214787
372 2.392197 18.214787
373 2.392197 18.214787
374 2.392197 18.214787
375 2.392197 18.214787
376 2.392197 18.214787
377 2.392197 18.214787
378 2.392197 18.214787
379 2.392197 18.214787
380 2.392197 18.214787
381 2.392197 18.214787
382 2.392197 18.214787
383 2.392197 18.214787
384 2.392197 18.214787
385 2.392197 18.214787
386 2.392197 18.214787
387 2.392197 18.214787
388 2.392197 18.214787
389 2.392197 18.214787
390 2.392197 18.214787
391 2.392197 18.214787
392 2.392197 18.214787
393 2.392197 18.214787
394 2.392197 18.214787
395 2.392197 18.214787
396 2.392197 18.214787
397 2.392197 18.214787
398 2.392197 18.214787
399 2.392197 18.214787
400 2.392197 18.214787
401 2.392197 18.214787
402 2.392197 18.214787
403 2.392197 18.214787
404 2.392197 18.214787
405 2.392197 18.214787
406 2.392197 18.214787
407 2.392197 18.214787
408 2.392197 18.214787
409 2.392197 18.214787
410 2.392197 18.214787
411 2.392197 18.214787
412 2.392197 18.214787
413 2.392197 18.214787
414 2.392197 18.214787
415 2.392197 18.214787
416 2.392197 18.214787
417 2.392197 18.214787
418 2.392197 18.214787
419 2.392197 18.214787
420 2.392197 18.214787
421 2.392197 18.214787
422 2.392197 18.214787
423 2.392197 18.214787
424 2.392197 18.214787
425 2.392197 18.214787
426 2.392197 18.214787
427 2.392197 18.214787
428 2.392197 18.214787
429 2.392197 18.214787
430 2.392197 18.214787
431 2.392197 18.214787
432 2.392197 18.214787
433 2.392197 18.214787
434 2.392197 18.214787
435 2.392197 18.214787
436 2.392197 18.214787
437 2.392197 18.214787
438 2.392197 18.214787
439 2.392197 18.214787
440 2.392197 18.214787
441 2.392197 18.214787
442 2.392197 18.214787
443 2.392197 18.214787
444 2.392197 18.214787
445 2.392197 18.214787
446 2.392197 18.214787
447 2.392197 18.214787
448 2.392197 18.214787
449 2.392197 18.214787
450 2.392197 18.214787
451 2.392197 18.214787
452 2.392197 18.214787
453 2.392197 18.214787
454 2.392197 18.214787
455 2.392197 18.214787
456 2.392197 18.214787
457 2.392197 18.214787
458 2.392197 18.214787
459 2.392197 18.214787
460 2.392197 18.214787
461 2.392197 18.214787
462 2.392197 18.214787
463 2.392197 18.214787
464 2.392197 18.214787
465 2.392197 18.214787
466 2.392197 18.214787
467 2.392197 18.214787
468 2.392197 18.214787
469 2.392197 18.214787
470 2.392197 18.214787
471 2.392197 18.214787
472 2.392197 18.214787
473 2.392197 18.214787
474 2.392197 18.214787
475 2.392197 18.214787
476 2.392197 18.214787
477 2.392197 18.214787
478 2.392197 18.214787
479 2.392197 18.214787
480 2.392197 18.214787
481 2.392197 18.214787
482 2.392197 18.214787
483 2.392197 18.214787
484 2.392197 18.214787
485 2.392197 18.214787
486 2.392197 18.214787
487 2.392197 18.214787
488 2.392197 18.214787
489 2.392197 18.214787
490 2.392197 18.214787
491 2.392197 18.214787
492 2.392197 18.214787
493 2.392197 18.214787
494 2.392197 18.214787
495 2.392197 18.214787
496 2.392197 18.214787
497 2.392197 18.214787
498 2.392197 18.214787
499 2.392197 18.214787
