0 0.425266 5.090000
1 0.424434 5.090000
2 0.423627 5.082255
3 0.422843 5.074736
4 0.422083 5.067437
5 0.421345 5.060350
6 0.420629 5.053470
7 0.419935 5.046530
8 0.419260 5.040049
9 0.418603 5.033747
10 0.417966 5.027620
11 0.417346 5.021662
12 0.416743 5.015868
13 0.416158 5.010236
14 0.415588 5.004760
15 0.415035 4.999435
16 0.414497 4.994259
17 0.413984 4.985741
18 0.413485 4.980943
19 0.412999 4.976270
20 0.412526 4.971719
21 0.412065 4.967287
22 0.411616 4.962972
23 0.411179 4.958769
24 0.410754 4.954677
25 0.410340 4.950692
26 0.409937 4.946812
27 0.409545 4.943034
28 0.409163 4.939355
29 0.408792 4.935773
30 0.408430 4.932284
31 0.408077 4.928888
32 0.407734 4.925581
33 0.407400 4.922361
34 0.407075 4.919226
35 0.406759 4.916174
36 0.406451 4.913202
37 0.406151 4.910308
38 0.405859 4.907490
39 0.405575 4.904747
40 0.405299 4.902077
41 0.405033 4.897923
42 0.404775 4.895430
43 0.404523 4.892999
44 0.404277 4.890628
45 0.404037 4.888316
46 0.403803 4.886061
47 0.403575 4.883862
48 0.403353 4.881718
49 0.403136 4.879627
50 0.402925 4.877587
51 0.402719 4.875599
52 0.402518 4.873659
53 0.402322 4.871768
54 0.402131 4.869924
55 0.401945 4.868125
56 0.401763 4.866372
57 0.401586 4.864661
58 0.401413 4.862994
59 0.401245 4.861368
60 0.401081 4.859782
61 0.400921 4.858235
62 0.400765 4.856728
63 0.400613 4.855257
64 0.400464 4.853823
65 0.400319 4.852425
66 0.400178 4.851062
67 0.400041 4.849733
68 0.399907 4.848436
69 0.399776 4.847172
70 0.399649 4.845940
71 0.399524 4.844738
72 0.399403 4.843566
73 0.399285 4.842423
74 0.399170 4.841309
75 0.399057 4.840223
76 0.398948 4.839163
77 0.398841 4.838130
78 0.398737 4.837123
79 0.398636 4.836141
80 0.398537 4.835184
81 0.398440 4.834250
82 0.398346 4.833340
83 0.398254 4.832452
84 0.398165 4.831586
85 0.398078 4.830742
86 0.397993 4.829919
87 0.397910 4.829117
88 0.397829 4.828335
89 0.397750 4.827572
90 0.397673 4.826828
91 0.397598 4.826103
92 0.397525 4.825396
93 0.397454 4.824707
94 0.397385 4.824034
95 0.397317 4.823379
96 0.397251 4.822740
97 0.397187 4.822117
98 0.397124 4.821509
99 0.397063 4.820917
100 0.397003 4.820339
101 0.396945 4.819776
102 0.396888 4.819227
103 0.396833 4.818692
104 0.396779 4.818170
105 0.396727 4.817661
106 0.396675 4.817165
107 0.396625 4.816681
108 0.396577 4.816209
109 0.396529 4.815750
110 0.396483 4.815301
111 0.396438 4.814864
112 0.396394 4.814438
113 0.396351 4.814022
114 0.396309 4.813617
115 0.396268 4.813222
116 0.396229 4.812837
117 0.396190 4.812461
118 0.396152 4.812095
119 0.396115 4.811738
120 0.396079 4.811390
121 0.396044 4.811050
122 0.396010 4.810719
123 0.395977 4.810397
124 0.395944 4.810082
125 0.395913 4.809776
126 0.395882 4.809477
127 0.395852 4.809185
128 0.395822 4.808901
129 0.395794 4.808624
130 0.395766 4.808354
131 0.395739 4.808090
132 0.395712 4.807833
133 0.395686 4.807583
134 0.395661 4.807339
135 0.395637 4.807101
136 0.395613 4.806869
137 0.395589 4.806642
138 0.395567 4.806422
139 0.395544 4.806207
140 0.395523 4.805997
141 0.395502 4.805793
142 0.395481 4.805593
143 0.395461 4.805399
144 0.395442 4.805210
145 0.395422 4.805025
146 0.395404 4.804845
147 0.395386 4.804669
148 0.395368 4.804498
149 0.395351 4.804331
150 0.395334 4.804168
151 0.395318 4.804010
152 0.395302 4.803855
153 0.395286 4.803704
154 0.395271 4.803557
155 0.395256 4.803414
156 0.395242 4.803274
157 0.395228 4.803138
158 0.395214 4.803005
159 0.395201 4.802875
160 0.395188 4.802749
161 0.395175 4.802626
162 0.395163 4.802506
163 0.395151 4.802389
164 0.395139 4.802275
165 0.395127 4.802163
166 0.395116 4.802055
167 0.395105 4.801949
168 0.395095 4.801846
169 0.395084 4.801745
170 0.395074 4.801647
171 0.395064 4.801552
172 0.395055 4.801459
173 0.395045 4.801368
174 0.395036 4.801279
175 0.395027 4.801193
176 0.395019 4.801109
177 0.395010 4.801027
178 0.395002 4.800947
179 0.394994 4.800869
180 0.394986 4.800793
181 0.394978 4.800719
182 0.394971 4.800646
183 0.394964 4.800576
184 0.394957 4.800507
185 0.394950 4.800440
186 0.394943 4.800375
187 0.394936 4.800311
188 0.394930 4.800249
189 0.394924 4.800189
190 0.394918 4.800129
191 0.394912 4.800072
192 0.394906 4.800016
193 0.394900 4.799961
194 0.394895 4.799908
195 0.394889 4.799856
196 0.394884 4.799805
197 0.394879 4.799756
198 0.394874 4.799708
199 0.394869 4.799661
200 0.394864 4.799615
201 0.394860 4.799570
202 0.394855 4.799527
203 0.394851 4.799484
204 0.394847 4.799443
205 0.394843 4.799403
206 0.394839 4.799363
207 0.394835 4.799325
208 0.394831 4.799287
209 0.394827 4.799251
210 0.394823 4.799216
211 0.394820 4.799181
212 0.394816 4.799147
213 0.394813 4.799114
214 0.394810 4.799082
215 0.394806 4.799051
216 0.394803 4.799020
217 0.394800 4.798991
218 0.394797 4.798962
219 0.394794 4.798933
220 0.394791 4.798906
221 0.394789 4.798879
222 0.394786 4.798853
223 0.394783 4.798827
224 0.394781 4.798802
225 0.394778 4.798778
226 0.394776 4.798754
227 0.394773 4.798731
228 0.394771 4.798709
229 0.394769 4.798687
230 0.394767 4.798665
231 0.394764 4.798644
232 0.394762 4.798624
233 0.394760 4.798604
234 0.394758 4.798585
235 0.394756 4.798566
236 0.394754 4.798548
237 0.394753 4.798530
238 0.394751 4.798512
239 0.394749 4.798495
240 0.394747 4.798479
241 0.394746 4.798462
242 0.394744 4.798447
243 0.394742 4.798431
244 0.394741 4.798416
245 0.394739 4.798402
246 0.394738 4.798387
247 0.394736 4.798374
248 0.394735 4.798360
249 0.394734 4.798347
250 0.394732 4.798334
251 0.394731 4.798321
252 0.394730 4.798309
253 0.394729 4.798297
254 0.394727 4.798286
255 0.394726 4.798274
256 0.394725 4.798263
257 0.394724 4.798252
258 0.394723 4.798242
259 0.394722 4.798232
260 0.394721 4.798222
261 0.394720 4.798212
262 0.394719 4.798202
263 0.394718 4.798193
264 0.394717 4.798184
265 0.394716 4.798175
266 0.394715 4.798167
267 0.394714 4.798158
268 0.394713 4.798150
269 0.394713 4.798142
270 0.394712 4.798134
271 0.394711 4.798127
272 0.394710 4.798120
273 0.394710 4.798112
274 0.394709 4.798105
275 0.394708 4.798098
276 0.394707 4.798092
277 0.394707 4.798085
278 0.394706 4.798079
279 0.394705 4.798073
280 0.394705 4.798067
281 0.394704 4.798061
282 0.394704 4.798055
283 0.394703 4.798050
284 0.394703 4.798044
285 0.394702 4.798039
286 0.394701 4.798034
287 0.394701 4.798029
288 0.394700 4.798024
289 0.394700 4.798019
290 0.394699 4.798014
291 0.394699 4.798010
292 0.394699 4.798005
293 0.394698 4.798001
294 0.394698 4.797997
295 0.394697 4.797993
296 0.394697 4.797989
297 0.394696 4.797985
298 0.394696 4.797981
299 0.394696 4.797977
300 0.394695 4.797974
301 0.394695 4.797970
302 0.394695 4.797967
303 0.394694 4.797963
304 0.394694 4.797960
305 0.394694 4.797957
306 0.394693 4.797954
307 0.394693 4.797951
308 0.394693 4.797948
309 0.394692 4.797945
310 0.394692 4.797942
311 0.394692 4.797939
312 0.394691 4.797937
313 0.394691 4.797934
314 0.394691 4.797932
315 0.394691 4.797929
316 0.394690 4.797927
317 0.394690 4.797924
318 0.394690 4.797922
319 0.394690 4.797920
320 0.394689 4.797918
321 0.394689 4.797915
322 0.394689 4.797913
323 0.394689 4.797911
324 0.394689 4.797909
325 0.394688 4.797907
326 0.394688 4.797906
327 0.394688 4.797904
328 0.394688 4.797902
329 0.394688 4.797900
330 0.394688 4.797899
331 0.394687 4.797897
332 0.394687 4.797895
333 0.394687 4.797894
334 0.394687 4.797892
335 0.394687 4.797891
336 0.394687 4.797889
337 0.394686 4.797888
338 0.394686 4.797886
339 0.394686 4.797885
340 0.394686 4.797884
341 0.394686 4.797883
342 0.394686 4.797881
343 0.394686 4.797880
344 0.394685 4.797879
345 0.394685 4.797878
346 0.394685 4.797877
347 0.394685 4.797875
348 0.394685 4.797874
349 0.394685 4.797873
350 0.394685 4.797872
351 0.394685 4.797871
352 0.394685 4.797870
353 0.394685 4.797869
354 0.394684 4.797869
355 0.394684 4.797868
356 0.394684 4.797867
357 0.394684 4.797866
358 0.394684 4.797865
359 0.394684 4.797864
360 0.394684 4.797863
361 0.394684 4.797863
362 0.394684 4.797862
363 0.394684 4.797861
364 0.394684 4.797860
365 0.394684 4.797860
366 0.394683 4.797859
367 0.394683 4.797858
368 0.394683 4.797858
369 0.394683 4.797857
370 0.394683 4.797857
371 0.394683 4.797856
372 0.394683 4.797855
373 0.394683 4.797855
374 0.394683 4.797854
375 0.394683 4.797854
376 0.394683 4.797853
377 0.394683 4.797853
378 0.394683 4.797852
379 0.394683 4.797852
380 0.394683 4.797851
381 0.394683 4.797851
382 0.394683 4.797850
383 0.394682 4.797850
384 0.394682 4.797849
385 0.394682 4.797849
386 0.394682 4.797849
387 0.394682 4.797848
388 0.394682 4.797848
389 0.394682 4.797847
390 0.394682 4.797847
391 0.394682 4.797847
392 0.394682 4.797846
393 0.394682 4.797846
394 0.394682 4.797846
395 0.394682 4.797845
396 0.394682 4.797845
397 0.394682 4.797845
398 0.394682 4.797844
399 0.394682 4.797844
400 0.394682 4.797844
401 0.394682 4.797844
402 0.394682 4.797843
403 0.394682 4.797843
404 0.394682 4.797843
405 0.394682 4.797843
406 0.394682 4.797842
407 0.394682 4.797842
408 0.394682 4.797842
409 0.394682 4.797842
410 0.394682 4.797841
411 0.394682 4.797841
412 0.394682 4.797841
413 0.394682 4.797841
414 0.394682 4.797841
415 0.394682 4.797840
416 0.394681 4.797840
417 0.394681 4.797840
418 0.394681 4.797840
419 0.394681 4.797840
420 0.394681 4.797839
421 0.394681 4.797839
422 0.394681 4.797839
423 0.394681 4.797839
424 0.394681 4.797839
425 0.394681 4.797839
426 0.394681 4.797838
427 0.394681 4.797838
428 0.394681 4.797838
429 0.394681 4.797838
430 0.394681 4.797838
431 0.394681 4.797838
432 0.394681 4.797838
433 0.394681 4.797838
434 0.394681 4.797837
435 0.394681 4.797837
436 0.394681 4.797837
437 0.394681 4.797837
438 0.394681 4.797837
439 0.394681 4.797837
440 0.394681 4.797837
441 0.394681 4.797837
442 0.394681 4.797837
443 0.394681 4.797836
444 0.394681 4.797836
445 0.394681 4.797836
446 0.394681 4.797836
447 0.394681 4.797836
448 0.394681 4.797836
449 0.394681 4.797836
450 0.394681 4.797836
451 0.394681 4.797836
452 0.394681 4.797836
453 0.394681 4.797836
454 0.394681 4.797836
455 0.394681 4.797835
456 0.394681 4.797835
457 0.394681 4.797835
458 0.394681 4.797835
459 0.394681 4.797835
460 0.394681 4.797835
461 0.394681 4.797835
462 0.394681 4.797835
463 0.394681 4.797835
464 0.394681 4.797835
465 0.394681 4.797835
466 0.394681 4.797835
467 0.394681 4.797835
468 0.394681 4.797835
469 0.394681 4.797835
470 0.394681 4.797835
471 0.394681 4.797835
472 0.394681 4.797834
473 0.394681 4.797834
474 0.394681 4.797834
475 0.394681 4.797834
476 0.394681 4.797834
477 0.394681 4.797834
478 0.394681 4.797834
479 0.394681 4.797834
480 0.394681 4.797834
481 0.394681 4.797834
482 0.394681 4.797834
483 0.394681 4.797834
484 0.394681 4.797834
485 0.394681 4.797834
486 0.394681 4.797834
487 0.394681 4.797834
488 0.394681 4.797834
489 0.394681 4.797834
490 0.394681 4.797834
491 0.394681 4.797834
492 0.394681 4.797834
493 0.394681 4.797834
494 0.394681 4.797834
495 0.394681 4.797834
496 0.394681 4.797834
497 0.394681 4.797834
498 0.394681 4.797834
499 0.394681 4.797834
