0 0.374149 3.980000
1 0.372877 3.980000
2 0.371643 3.969474
3 0.370446 3.959257
4 0.369314 3.940743
5 0.368214 3.931379
6 0.367145 3.922270
7 0.366106 3.913412
8 0.365089 3.906588
9 0.364098 3.898148
10 0.363133 3.889922
11 0.362194 3.881905
12 0.361279 3.874093
13 0.360388 3.866480
14 0.359520 3.859062
15 0.358674 3.851833
16 0.357851 3.844790
17 0.357050 3.837927
18 0.356269 3.831239
19 0.355496 3.828761
20 0.354741 3.822298
21 0.354005 3.815987
22 0.353286 3.809826
23 0.352585 3.803812
24 0.351901 3.797940
25 0.351233 3.792207
26 0.350581 3.786610
27 0.349946 3.781147
28 0.349316 3.778853
29 0.348701 3.773567
30 0.348099 3.768395
31 0.347510 3.763336
32 0.346935 3.758387
33 0.346372 3.753546
34 0.345822 3.748810
35 0.345284 3.744178
36 0.344758 3.739647
37 0.344243 3.735216
38 0.343740 3.730881
39 0.343248 3.726641
40 0.342768 3.722494
41 0.342297 3.718437
42 0.341838 3.714470
43 0.341388 3.710590
44 0.340942 3.709410
45 0.340504 3.705636
46 0.340075 3.701938
47 0.339655 3.698312
48 0.339244 3.694759
49 0.338841 3.691277
50 0.338445 3.687864
51 0.338058 3.684520
52 0.337679 3.681242
53 0.337307 3.678029
54 0.336943 3.674881
55 0.336586 3.671795
56 0.336237 3.668771
57 0.335894 3.665808
58 0.335559 3.662903
59 0.335230 3.660057
60 0.334908 3.657268
61 0.334592 3.654535
62 0.334283 3.651857
63 0.333980 3.649232
64 0.333683 3.646660
65 0.333393 3.644139
66 0.333108 3.641669
67 0.332829 3.639249
68 0.332555 3.636877
69 0.332287 3.634553
70 0.332025 3.632276
71 0.331768 3.630044
72 0.331516 3.627858
73 0.331269 3.625715
74 0.331027 3.623616
75 0.330790 3.621558
76 0.330558 3.619542
77 0.330331 3.617567
78 0.330108 3.615632
79 0.329890 3.613736
80 0.329676 3.611877
81 0.329467 3.610057
82 0.329261 3.608273
83 0.329060 3.606525
84 0.328863 3.604813
85 0.328671 3.603135
86 0.328482 3.601490
87 0.328299 3.598510
88 0.328120 3.596956
89 0.327945 3.595432
90 0.327772 3.593934
91 0.327603 3.592464
92 0.327437 3.591020
93 0.327273 3.589603
94 0.327113 3.588211
95 0.326956 3.586844
96 0.326801 3.585502
97 0.326650 3.584185
98 0.326501 3.582891
99 0.326354 3.581620
100 0.326211 3.580373
101 0.326070 3.579149
102 0.325932 3.577946
103 0.325796 3.576765
104 0.325663 3.575606
105 0.325532 3.574468
106 0.325403 3.573350
107 0.325277 3.572253
108 0.325153 3.571176
109 0.325031 3.570118
110 0.324912 3.569079
111 0.324795 3.568060
112 0.324680 3.567059
113 0.324567 3.566076
114 0.324456 3.565110
115 0.324347 3.564163
116 0.324240 3.563232
117 0.324135 3.562319
118 0.324032 3.561422
119 0.323931 3.560541
120 0.323832 3.559677
121 0.323734 3.558828
122 0.323638 3.557995
123 0.323544 3.557177
124 0.323452 3.556373
125 0.323362 3.555585
126 0.323273 3.554810
127 0.323185 3.554050
128 0.323100 3.553304
129 0.323016 3.552571
130 0.322933 3.551851
131 0.322852 3.551145
132 0.322772 3.550451
133 0.322694 3.549771
134 0.322617 3.549102
135 0.322542 3.548446
136 0.322468 3.547801
137 0.322396 3.547169
138 0.322324 3.546548
139 0.322254 3.545938
140 0.322186 3.545339
141 0.322118 3.544752
142 0.322052 3.544175
143 0.321987 3.543608
144 0.321923 3.543052
145 0.321861 3.542506
146 0.321799 3.541970
147 0.321739 3.541444
148 0.321680 3.540927
149 0.321621 3.540420
150 0.321564 3.539922
151 0.321508 3.539433
152 0.321453 3.538953
153 0.321399 3.538482
154 0.321346 3.538019
155 0.321294 3.537565
156 0.321243 3.537119
157 0.321193 3.536682
158 0.321143 3.536252
159 0.321095 3.535830
160 0.321048 3.535416
161 0.321001 3.535009
162 0.320955 3.534610
163 0.320910 3.534218
164 0.320866 3.533833
165 0.320823 3.533456
166 0.320780 3.533085
167 0.320739 3.532721
168 0.320698 3.532363
169 0.320657 3.532012
170 0.320618 3.531668
171 0.320579 3.531330
172 0.320541 3.530998
173 0.320504 3.530672
174 0.320467 3.530352
175 0.320431 3.530038
176 0.320396 3.529729
177 0.320361 3.529427
178 0.320327 3.529130
179 0.320294 3.528838
180 0.320261 3.528551
181 0.320229 3.528270
182 0.320197 3.527994
183 0.320166 3.527723
184 0.320136 3.527457
185 0.320106 3.527196
186 0.320076 3.526939
187 0.320047 3.526688
188 0.320019 3.526441
189 0.319991 3.526198
190 0.319964 3.525960
191 0.319937 3.525726
192 0.319911 3.525496
193 0.319885 3.525271
194 0.319860 3.525050
195 0.319835 3.524833
196 0.319810 3.524620
197 0.319787 3.524410
198 0.319763 3.524205
199 0.319740 3.524003
200 0.319717 3.523805
201 0.319695 3.523611
202 0.319673 3.523420
203 0.319652 3.523232
204 0.319631 3.523049
205 0.319610 3.522868
206 0.319590 3.522691
207 0.319570 3.522517
208 0.319550 3.522346
209 0.319531 3.522178
210 0.319512 3.522014
211 0.319494 3.521852
212 0.319475 3.521693
213 0.319458 3.521538
214 0.319440 3.521385
215 0.319423 3.521235
216 0.319406 3.521087
217 0.319389 3.520943
218 0.319373 3.520801
219 0.319357 3.520661
220 0.319342 3.520524
221 0.319326 3.520390
222 0.319311 3.520258
223 0.319296 3.520129
224 0.319282 3.520001
225 0.319267 3.519877
226 0.319253 3.519754
227 0.319240 3.519634
228 0.319226 3.519516
229 0.319213 3.519400
230 0.319200 3.519286
231 0.319187 3.519174
232 0.319174 3.519065
233 0.319162 3.518957
234 0.319150 3.518852
235 0.319138 3.518748
236 0.319126 3.518646
237 0.319115 3.518546
238 0.319104 3.518448
239 0.319093 3.518352
240 0.319082 3.518257
241 0.319071 3.518164
242 0.319061 3.518073
243 0.319051 3.517984
244 0.319041 3.517896
245 0.319031 3.517809
246 0.319021 3.517725
247 0.319012 3.517642
248 0.319002 3.517560
249 0.318993 3.517480
250 0.318984 3.517401
251 0.318975 3.517324
252 0.318967 3.517249
253 0.318958 3.517174
254 0.318950 3.517101
255 0.318941 3.517029
256 0.318933 3.516959
257 0.318925 3.516890
258 0.318918 3.516822
259 0.318910 3.516756
260 0.318903 3.516690
261 0.318895 3.516626
262 0.318888 3.516563
263 0.318881 3.516501
264 0.318874 3.516441
265 0.318867 3.516381
266 0.318861 3.516323
267 0.318854 3.516265
268 0.318848 3.516209
269 0.318841 3.516154
270 0.318835 3.516099
271 0.318829 3.516046
272 0.318823 3.515994
273 0.318817 3.515942
274 0.318811 3.515892
275 0.318806 3.515842
276 0.318800 3.515794
277 0.318795 3.515746
278 0.318789 3.515699
279 0.318784 3.515653
280 0.318779 3.515608
281 0.318774 3.515564
282 0.318769 3.515520
283 0.318764 3.515477
284 0.318759 3.515435
285 0.318754 3.515394
286 0.318750 3.515354
287 0.318745 3.515314
288 0.318741 3.515275
289 0.318736 3.515237
290 0.318732 3.515199
291 0.318728 3.515163
292 0.318724 3.515126
293 0.318720 3.515091
294 0.318716 3.515056
295 0.318712 3.515022
296 0.318708 3.514988
297 0.318704 3.514955
298 0.318700 3.514923
299 0.318697 3.514891
300 0.318693 3.514860
301 0.318690 3.514829
302 0.318686 3.514799
303 0.318683 3.514770
304 0.318680 3.514741
305 0.318676 3.514712
306 0.318673 3.514685
307 0.318670 3.514657
308 0.318667 3.514630
309 0.318664 3.514604
310 0.318661 3.514578
311 0.318658 3.514552
312 0.318655 3.514527
313 0.318652 3.514503
314 0.318650 3.514479
315 0.318647 3.514455
316 0.318644 3.514432
317 0.318642 3.514409
318 0.318639 3.514387
319 0.318636 3.514365
320 0.318634 3.514343
321 0.318632 3.514322
322 0.318629 3.514301
323 0.318627 3.514281
324 0.318625 3.514261
325 0.318622 3.514241
326 0.318620 3.514222
327 0.318618 3.514203
328 0.318616 3.514185
329 0.318614 3.514166
330 0.318612 3.514148
331 0.318610 3.514131
332 0.318608 3.514114
333 0.318606 3.514097
334 0.318604 3.514080
335 0.318602 3.514064
336 0.318600 3.514048
337 0.318598 3.514032
338 0.318597 3.514017
339 0.318595 3.514001
340 0.318593 3.513986
341 0.318592 3.513972
342 0.318590 3.513958
343 0.318588 3.513943
344 0.318587 3.513930
345 0.318585 3.513916
346 0.318584 3.513903
347 0.318582 3.513890
348 0.318581 3.513877
349 0.318579 3.513864
350 0.318578 3.513852
351 0.318576 3.513840
352 0.318575 3.513828
353 0.318574 3.513816
354 0.318572 3.513805
355 0.318571 3.513793
356 0.318570 3.513782
357 0.318569 3.513771
358 0.318567 3.513761
359 0.318566 3.513750
360 0.318565 3.513740
361 0.318564 3.513730
362 0.318563 3.513720
363 0.318562 3.513710
364 0.318560 3.513701
365 0.318559 3.513691
366 0.318558 3.513682
367 0.318557 3.513673
368 0.318556 3.513664
369 0.318555 3.513655
370 0.318554 3.513647
371 0.318553 3.513639
372 0.318552 3.513630
373 0.318552 3.513622
374 0.318551 3.513614
375 0.318550 3.513606
376 0.318549 3.513599
377 0.318548 3.513591
378 0.318547 3.513584
379 0.318546 3.513577
380 0.318545 3.513570
381 0.318545 3.513563
382 0.318544 3.513556
383 0.318543 3.513549
384 0.318542 3.513542
385 0.318542 3.513536
386 0.318541 3.513530
387 0.318540 3.513523
388 0.318539 3.513517
389 0.318539 3.513511
390 0.318538 3.513505
391 0.318537 3.513500
392 0.318537 3.513494
393 0.318536 3.513488
394 0.318536 3.513483
395 0.318535 3.513477
396 0.318534 3.513472
397 0.318534 3.513467
398 0.318533 3.513462
399 0.318533 3.513457
400 0.318532 3.513452
401 0.318531 3.513447
402 0.318531 3.513442
403 0.318530 3.513438
404 0.318530 3.513433
405 0.318529 3.513429
406 0.318529 3.513424
407 0.318528 3.513420
408 0.318528 3.513416
409 0.318527 3.513412
410 0.318527 3.513408
411 0.318526 3.513404
412 0.318526 3.513400
413 0.318526 3.513396
414 0.318525 3.513392
415 0.318525 3.513388
416 0.318524 3.513385
417 0.318524 3.513381
418 0.318524 3.513378
419 0.318523 3.513374
420 0.318523 3.513371
421 0.318522 3.513367
422 0.318522 3.513364
423 0.318522 3.513361
424 0.318521 3.513358
425 0.318521 3.513355
426 0.318521 3.513352
427 0.318520 3.513349
428 0.318520 3.513346
429 0.318520 3.513343
430 0.318519 3.513340
431 0.318519 3.513337
432 0.318519 3.513335
433 0.318518 3.513332
434 0.318518 3.513329
435 0.318518 3.513327
436 0.318517 3.513324
437 0.318517 3.513322
438 0.318517 3.513319
439 0.318517 3.513317
440 0.318516 3.513315
441 0.318516 3.513312
442 0.318516 3.513310
443 0.318516 3.513308
444 0.318515 3.513306
445 0.318515 3.513303
446 0.318515 3.513301
447 0.318515 3.513299
448 0.318514 3.513297
449 0.318514 3.513295
450 0.318514 3.513293
451 0.318514 3.513291
452 0.318513 3.513290
453 0.318513 3.513288
454 0.318513 3.513286
455 0.318513 3.513284
456 0.318513 3.513282
457 0.318512 3.513281
458 0.318512 3.513279
459 0.318512 3.513277
460 0.318512 3.513276
461 0.318512 3.513274
462 0.318512 3.513273
463 0.318511 3.513271
464 0.318511 3.513270
465 0.318511 3.513268
466 0.318511 3.513267
467 0.318511 3.513265
468 0.318510 3.513264
469 0.318510 3.513263
470 0.318510 3.513261
471 0.318510 3.513260
472 0.318510 3.513259
473 0.318510 3.513257
474 0.318510 3.513256
475 0.318509 3.513255
476 0.318509 3.513254
477 0.318509 3.513252
478 0.318509 3.513251
479 0.318509 3.513250
480 0.318509 3.513249
481 0.318509 3.513248
482 0.318509 3.513247
483 0.318508 3.513246
484 0.318508 3.513245
485 0.318508 3.513244
486 0.318508 3.513243
487 0.318508 3.513242
488 0.318508 3.513241
489 0.318508 3.513240
490 0.318508 3.513239
491 0.318508 3.513238
492 0.318507 3.513237
493 0.318507 3.513236
494 0.318507 3.513235
495 0.318507 3.513235
496 0.318507 3.513234
497 0.318507 3.513233
498 0.318507 3.513232
499 0.318507 3.513231
