0 0.338759 3.780000
1 0.337866 3.780000
2 0.337008 3.772254
3 0.336168 3.767746
4 0.335357 3.760442
5 0.334576 3.753393
6 0.333822 3.746607
7 0.333092 3.740035
8 0.332387 3.733680
9 0.331706 3.727534
10 0.331047 3.721591
11 0.330401 3.718409
12 0.329774 3.712758
13 0.329167 3.707282
14 0.328579 3.701975
15 0.328010 3.696833
16 0.327458 3.691849
17 0.326924 3.687020
18 0.326406 3.682341
19 0.325905 3.677807
20 0.325419 3.673413
21 0.324949 3.669157
22 0.324493 3.665032
23 0.324052 3.661036
24 0.323618 3.658964
25 0.323197 3.655152
26 0.322788 3.651451
27 0.322391 3.647857
28 0.322005 3.644367
29 0.321631 3.640978
30 0.321268 3.637688
31 0.320916 3.634494
32 0.320574 3.631393
33 0.320242 3.628381
34 0.319919 3.625458
35 0.319606 3.622619
36 0.319303 3.619863
37 0.319008 3.617188
38 0.318722 3.614591
39 0.318444 3.612069
40 0.318179 3.607931
41 0.317922 3.605601
42 0.317672 3.603333
43 0.317428 3.601127
44 0.317192 3.598980
45 0.316961 3.596891
46 0.316737 3.594859
47 0.316519 3.592882
48 0.316307 3.590958
49 0.316100 3.589086
50 0.315900 3.587265
51 0.315704 3.585493
52 0.315515 3.583770
53 0.315330 3.582092
54 0.315150 3.580461
55 0.314975 3.578873
56 0.314805 3.577329
57 0.314640 3.575826
58 0.314479 3.574364
59 0.314322 3.572942
60 0.314170 3.571558
61 0.314022 3.570212
62 0.313875 3.569788
63 0.313731 3.568489
64 0.313592 3.567222
65 0.313456 3.565987
66 0.313323 3.564783
67 0.313194 3.563609
68 0.313067 3.562465
69 0.312944 3.561349
70 0.312825 3.560261
71 0.312708 3.559200
72 0.312594 3.558165
73 0.312483 3.557156
74 0.312374 3.556173
75 0.312269 3.555214
76 0.312166 3.554279
77 0.312065 3.553368
78 0.311967 3.552479
79 0.311872 3.551613
80 0.311779 3.550768
81 0.311688 3.549944
82 0.311600 3.549141
83 0.311514 3.548358
84 0.311430 3.547595
85 0.311348 3.546851
86 0.311268 3.546125
87 0.311190 3.545418
88 0.311114 3.544728
89 0.311040 3.544056
90 0.310968 3.543400
91 0.310898 3.542761
92 0.310829 3.542138
93 0.310762 3.541530
94 0.310697 3.540938
95 0.310634 3.540361
96 0.310572 3.539798
97 0.310511 3.539249
98 0.310453 3.538714
99 0.310395 3.538192
100 0.310339 3.537683
101 0.310285 3.537188
102 0.310232 3.536704
103 0.310180 3.536233
104 0.310129 3.535773
105 0.310080 3.535325
106 0.310032 3.534889
107 0.309985 3.534463
108 0.309939 3.534048
109 0.309895 3.533643
110 0.309852 3.533249
111 0.309809 3.532864
112 0.309768 3.532489
113 0.309728 3.532124
114 0.309689 3.531767
115 0.309651 3.531420
116 0.309613 3.531081
117 0.309577 3.530751
118 0.309542 3.530429
119 0.309507 3.530115
120 0.309474 3.529809
121 0.309441 3.529511
122 0.309409 3.529220
123 0.309378 3.528937
124 0.309347 3.528660
125 0.309318 3.528391
126 0.309289 3.528128
127 0.309261 3.527872
128 0.309233 3.527622
129 0.309207 3.527379
130 0.309180 3.527142
131 0.309155 3.526911
132 0.309130 3.526685
133 0.309106 3.526465
134 0.309083 3.526251
135 0.309060 3.526042
136 0.309037 3.525838
137 0.309015 3.525640
138 0.308994 3.525446
139 0.308973 3.525258
140 0.308953 3.525074
141 0.308934 3.524894
142 0.308914 3.524720
143 0.308896 3.524549
144 0.308877 3.524383
145 0.308860 3.524221
146 0.308842 3.524063
147 0.308825 3.523909
148 0.308809 3.523759
149 0.308793 3.523613
150 0.308777 3.523470
151 0.308762 3.523331
152 0.308747 3.523196
153 0.308732 3.523064
154 0.308718 3.522935
155 0.308704 3.522809
156 0.308691 3.522687
157 0.308678 3.522567
158 0.308665 3.522451
159 0.308653 3.522338
160 0.308641 3.522227
161 0.308629 3.522119
162 0.308617 3.522014
163 0.308606 3.521912
164 0.308595 3.521812
165 0.308584 3.521715
166 0.308574 3.521620
167 0.308564 3.521527
168 0.308554 3.521437
169 0.308544 3.521349
170 0.308535 3.521263
171 0.308526 3.521180
172 0.308517 3.521098
173 0.308508 3.521019
174 0.308499 3.520942
175 0.308491 3.520866
176 0.308483 3.520793
177 0.308475 3.520721
178 0.308467 3.520651
179 0.308460 3.520583
180 0.308453 3.520516
181 0.308446 3.520452
182 0.308439 3.520388
183 0.308432 3.520327
184 0.308425 3.520267
185 0.308419 3.520208
186 0.308413 3.520151
187 0.308406 3.520096
188 0.308401 3.520042
189 0.308395 3.519989
190 0.308389 3.519937
191 0.308384 3.519887
192 0.308378 3.519838
193 0.308373 3.519790
194 0.308368 3.519744
195 0.308363 3.519699
196 0.308358 3.519654
197 0.308353 3.519611
198 0.308349 3.519569
199 0.308344 3.519528
200 0.308340 3.519488
201 0.308335 3.519449
202 0.308331 3.519411
203 0.308327 3.519374
204 0.308323 3.519338
205 0.308319 3.519303
206 0.308316 3.519269
207 0.308312 3.519236
208 0.308308 3.519203
209 0.308305 3.519171
210 0.308302 3.519140
211 0.308298 3.519110
212 0.308295 3.519081
213 0.308292 3.519052
214 0.308289 3.519024
215 0.308286 3.518997
216 0.308283 3.518970
217 0.308280 3.518945
218 0.308277 3.518919
219 0.308275 3.518895
220 0.308272 3.518871
221 0.308269 3.518847
222 0.308267 3.518825
223 0.308264 3.518802
224 0.308262 3.518781
225 0.308260 3.518760
226 0.308257 3.518739
227 0.308255 3.518719
228 0.308253 3.518699
229 0.308251 3.518680
230 0.308249 3.518662
231 0.308247 3.518644
232 0.308245 3.518626
233 0.308243 3.518609
234 0.308241 3.518592
235 0.308240 3.518575
236 0.308238 3.518560
237 0.308236 3.518544
238 0.308234 3.518529
239 0.308233 3.518514
240 0.308231 3.518500
241 0.308230 3.518486
242 0.308228 3.518472
243 0.308227 3.518459
244 0.308225 3.518446
245 0.308224 3.518433
246 0.308223 3.518420
247 0.308221 3.518408
248 0.308220 3.518397
249 0.308219 3.518385
250 0.308217 3.518374
251 0.308216 3.518363
252 0.308215 3.518353
253 0.308214 3.518342
254 0.308213 3.518332
255 0.308212 3.518322
256 0.308211 3.518313
257 0.308210 3.518303
258 0.308209 3.518294
259 0.308208 3.518285
260 0.308207 3.518277
261 0.308206 3.518268
262 0.308205 3.518260
263 0.308204 3.518252
264 0.308203 3.518244
265 0.308202 3.518237
266 0.308202 3.518229
267 0.308201 3.518222
268 0.308200 3.518215
269 0.308199 3.518208
270 0.308198 3.518201
271 0.308198 3.518195
272 0.308197 3.518188
273 0.308196 3.518182
274 0.308196 3.518176
275 0.308195 3.518170
276 0.308194 3.518164
277 0.308194 3.518159
278 0.308193 3.518153
279 0.308193 3.518148
280 0.308192 3.518143
281 0.308191 3.518138
282 0.308191 3.518133
283 0.308190 3.518128
284 0.308190 3.518123
285 0.308189 3.518119
286 0.308189 3.518114
287 0.308188 3.518110
288 0.308188 3.518106
289 0.308187 3.518101
290 0.308187 3.518097
291 0.308187 3.518093
292 0.308186 3.518090
293 0.308186 3.518086
294 0.308185 3.518082
295 0.308185 3.518079
296 0.308185 3.518075
297 0.308184 3.518072
298 0.308184 3.518069
299 0.308184 3.518065
300 0.308183 3.518062
301 0.308183 3.518059
302 0.308183 3.518056
303 0.308182 3.518053
304 0.308182 3.518051
305 0.308182 3.518048
306 0.308181 3.518045
307 0.308181 3.518043
308 0.308181 3.518040
309 0.308180 3.518037
310 0.308180 3.518035
311 0.308180 3.518033
312 0.308180 3.518030
313 0.308179 3.518028
314 0.308179 3.518026
315 0.308179 3.518024
316 0.308179 3.518022
317 0.308179 3.518020
318 0.308178 3.518018
319 0.308178 3.518016
320 0.308178 3.518014
321 0.308178 3.518012
322 0.308177 3.518010
323 0.308177 3.518009
324 0.308177 3.518007
325 0.308177 3.518005
326 0.308177 3.518004
327 0.308177 3.518002
328 0.308176 3.518001
329 0.308176 3.517999
330 0.308176 3.517998
331 0.308176 3.517996
332 0.308176 3.517995
333 0.308176 3.517993
334 0.308175 3.517992
335 0.308175 3.517991
336 0.308175 3.517990
337 0.308175 3.517988
338 0.308175 3.517987
339 0.308175 3.517986
340 0.308175 3.517985
341 0.308175 3.517984
342 0.308174 3.517983
343 0.308174 3.517982
344 0.308174 3.517981
345 0.308174 3.517980
346 0.308174 3.517979
347 0.308174 3.517978
348 0.308174 3.517977
349 0.308174 3.517976
350 0.308174 3.517975
351 0.308174 3.517974
352 0.308173 3.517973
353 0.308173 3.517973
354 0.308173 3.517972
355 0.308173 3.517971
356 0.308173 3.517970
357 0.308173 3.517970
358 0.308173 3.517969
359 0.308173 3.517968
360 0.308173 3.517967
361 0.308173 3.517967
362 0.308173 3.517966
363 0.308173 3.517966
364 0.308172 3.517965
365 0.308172 3.517964
366 0.308172 3.517964
367 0.308172 3.517963
368 0.308172 3.517963
369 0.308172 3.517962
370 0.308172 3.517962
371 0.308172 3.517961
372 0.308172 3.517961
373 0.308172 3.517960
374 0.308172 3.517960
375 0.308172 3.517959
376 0.308172 3.517959
377 0.308172 3.517958
378 0.308172 3.517958
379 0.308172 3.517957
380 0.308172 3.517957
381 0.308172 3.517957
382 0.308172 3.517956
383 0.308171 3.517956
384 0.308171 3.517955
385 0.308171 3.517955
386 0.308171 3.517955
387 0.308171 3.517954
388 0.308171 3.517954
389 0.308171 3.517954
390 0.308171 3.517953
391 0.308171 3.517953
392 0.308171 3.517953
393 0.308171 3.517953
394 0.308171 3.517952
395 0.308171 3.517952
396 0.308171 3.517952
397 0.308171 3.517951
398 0.308171 3.517951
399 0.308171 3.517951
400 0.308171 3.517951
401 0.308171 3.517950
402 0.308171 3.517950
403 0.308171 3.517950
404 0.308171 3.517950
405 0.308171 3.517950
406 0.308171 3.517949
407 0.308171 3.517949
408 0.308171 3.517949
409 0.308171 3.517949
410 0.308171 3.517949
411 0.308171 3.517948
412 0.308171 3.517948
413 0.308171 3.517948
414 0.308171 3.517948
415 0.308171 3.517948
416 0.308171 3.517948
417 0.308171 3.517947
418 0.308171 3.517947
419 0.308171 3.517947
420 0.308171 3.517947
421 0.308171 3.517947
422 0.308170 3.517947
423 0.308170 3.517946
424 0.308170 3.517946
425 0.308170 3.517946
426 0.308170 3.517946
427 0.308170 3.517946
428 0.308170 3.517946
429 0.308170 3.517946
430 0.308170 3.517946
431 0.308170 3.517946
432 0.308170 3.517945
433 0.308170 3.517945
434 0.308170 3.517945
435 0.308170 3.517945
436 0.308170 3.517945
437 0.308170 3.517945
438 0.308170 3.517945
439 0.308170 3.517945
440 0.308170 3.517945
441 0.308170 3.517945
442 0.308170 3.517944
443 0.308170 3.517944
444 0.308170 3.517944
445 0.308170 3.517944
446 0.308170 3.517944
447 0.308170 3.517944
448 0.308170 3.517944
449 0.308170 3.517944
450 0.308170 3.517944
451 0.308170 3.517944
452 0.308170 3.517944
453 0.308170 3.517944
454 0.308170 3.517944
455 0.308170 3.517944
456 0.308170 3.517943
457 0.308170 3.517943
458 0.308170 3.517943
459 0.308170 3.517943
460 0.308170 3.517943
461 0.308170 3.517943
462 0.308170 3.517943
463 0.308170 3.517943
464 0.308170 3.517943
465 0.308170 3.517943
466 0.308170 3.517943
467 0.308170 3.517943
468 0.308170 3.517943
469 0.308170 3.517943
470 0.308170 3.517943
471 0.308170 3.517943
472 0.308170 3.517943
473 0.308170 3.517943
474 0.308170 3.517943
475 0.308170 3.517943
476 0.308170 3.517943
477 0.308170 3.517943
478 0.308170 3.517943
479 0.308170 3.517942
480 0.308170 3.517942
481 0.308170 3.517942
482 0.308170 3.517942
483 0.308170 3.517942
484 0.308170 3.517942
485 0.308170 3.517942
486 0.308170 3.517942
487 0.308170 3.517942
488 0.308170 3.517942
489 0.308170 3.517942
490 0.308170 3.517942
491 0.308170 3.517942
492 0.308170 3.517942
493 0.308170 3.517942
494 0.308170 3.517942
495 0.308170 3.517942
496 0.308170 3.517942
497 0.308170 3.517942
498 0.308170 3.517942
499 0.308170 3.517942
