0 0.785530 4.680000
1 0.784689 4.680000
2 0.783867 4.676104
3 0.783061 4.672291
4 0.782277 4.667709
5 0.781509 4.664073
6 0.780757 4.660511
7 0.780021 4.657023
8 0.779299 4.653606
9 0.778593 4.650260
10 0.777889 4.649740
11 0.777199 4.646471
12 0.776523 4.643266
13 0.775861 4.640124
14 0.775212 4.637046
15 0.774576 4.634028
16 0.773952 4.631071
17 0.773342 4.628172
18 0.772743 4.625332
19 0.772157 4.622547
20 0.771592 4.617453
21 0.771038 4.614826
22 0.770495 4.612249
23 0.769962 4.609722
24 0.769440 4.607244
25 0.768928 4.604813
26 0.768426 4.602429
27 0.767933 4.600091
28 0.767442 4.599909
29 0.766959 4.597618
30 0.766486 4.595370
31 0.766021 4.593164
32 0.765565 4.590998
33 0.765118 4.588873
34 0.764679 4.586788
35 0.764248 4.584742
36 0.763826 4.582733
37 0.763411 4.580762
38 0.763002 4.579238
39 0.762601 4.577331
40 0.762207 4.575459
41 0.761820 4.573620
42 0.761440 4.571814
43 0.761067 4.570041
44 0.760701 4.568299
45 0.760341 4.566589
46 0.759988 4.564910
47 0.759641 4.563260
48 0.759301 4.561641
49 0.758966 4.560050
50 0.758638 4.558488
51 0.758315 4.556954
52 0.757999 4.555448
53 0.757688 4.553969
54 0.757383 4.552516
55 0.757083 4.551090
56 0.756789 4.549689
57 0.756500 4.548314
58 0.756216 4.546963
59 0.755937 4.545636
60 0.755664 4.544334
61 0.755395 4.543055
62 0.755132 4.541799
63 0.754873 4.540565
64 0.754618 4.539354
65 0.754369 4.538165
66 0.754124 4.536997
67 0.753883 4.535850
68 0.753646 4.534724
69 0.753414 4.533619
70 0.753187 4.532533
71 0.752963 4.531467
72 0.752743 4.530420
73 0.752527 4.529580
74 0.752314 4.528567
75 0.752105 4.527571
76 0.751899 4.526593
77 0.751698 4.525632
78 0.751499 4.524687
79 0.751304 4.523758
80 0.751113 4.522846
81 0.750925 4.521950
82 0.750740 4.521069
83 0.750558 4.520203
84 0.750380 4.519353
85 0.750205 4.518517
86 0.750032 4.517696
87 0.749863 4.516889
88 0.749697 4.516096
89 0.749533 4.515317
90 0.749373 4.514552
91 0.749215 4.513799
92 0.749060 4.513060
93 0.748908 4.512334
94 0.748758 4.511620
95 0.748611 4.510919
96 0.748466 4.510230
97 0.748324 4.509770
98 0.748183 4.509101
99 0.748045 4.508443
100 0.747909 4.507796
101 0.747776 4.507159
102 0.747645 4.506534
103 0.747516 4.505918
104 0.747389 4.505313
105 0.747264 4.504718
106 0.747141 4.504133
107 0.747021 4.503558
108 0.746902 4.502993
109 0.746785 4.502437
110 0.746671 4.501890
111 0.746558 4.501352
112 0.746447 4.500823
113 0.746338 4.500303
114 0.746231 4.499792
115 0.746125 4.499290
116 0.746022 4.498795
117 0.745920 4.498309
118 0.745820 4.497831
119 0.745721 4.497362
120 0.745624 4.496900
121 0.745529 4.496445
122 0.745435 4.495999
123 0.745343 4.495559
124 0.745253 4.495127
125 0.745164 4.494703
126 0.745076 4.494285
127 0.744990 4.493875
128 0.744906 4.493471
129 0.744822 4.493074
130 0.744741 4.492684
131 0.744660 4.492300
132 0.744581 4.491923
133 0.744503 4.491551
134 0.744427 4.491187
135 0.744352 4.490828
136 0.744278 4.490475
137 0.744205 4.490128
138 0.744134 4.489787
139 0.744063 4.489452
140 0.743994 4.489122
141 0.743926 4.488798
142 0.743860 4.488479
143 0.743794 4.488166
144 0.743729 4.487858
145 0.743666 4.487555
146 0.743603 4.487257
147 0.743542 4.486964
148 0.743482 4.486676
149 0.743422 4.486392
150 0.743364 4.486114
151 0.743307 4.485840
152 0.743250 4.485571
153 0.743195 4.485306
154 0.743140 4.485046
155 0.743087 4.484790
156 0.743034 4.484538
157 0.742982 4.484291
158 0.742931 4.484048
159 0.742881 4.483808
160 0.742832 4.483573
161 0.742783 4.483342
162 0.742736 4.483114
163 0.742689 4.482891
164 0.742643 4.482671
165 0.742598 4.482455
166 0.742553 4.482242
167 0.742509 4.482033
168 0.742466 4.481828
169 0.742424 4.481626
170 0.742382 4.481427
171 0.742341 4.481232
172 0.742301 4.481040
173 0.742262 4.480851
174 0.742223 4.480665
175 0.742184 4.480483
176 0.742147 4.480303
177 0.742110 4.480127
178 0.742074 4.479953
179 0.742038 4.479782
180 0.742003 4.479615
181 0.741968 4.479450
182 0.741934 4.479287
183 0.741901 4.479128
184 0.741868 4.478971
185 0.741836 4.478817
186 0.741804 4.478665
187 0.741773 4.478516
188 0.741742 4.478370
189 0.741712 4.478226
190 0.741682 4.478084
191 0.741653 4.477945
192 0.741624 4.477808
193 0.741596 4.477673
194 0.741568 4.477541
195 0.741541 4.477410
196 0.741514 4.477282
197 0.741488 4.477156
198 0.741462 4.477033
199 0.741437 4.476911
200 0.741412 4.476791
201 0.741387 4.476674
202 0.741363 4.476558
203 0.741339 4.476444
204 0.741316 4.476333
205 0.741292 4.476223
206 0.741270 4.476114
207 0.741248 4.476008
208 0.741226 4.475904
209 0.741204 4.475801
210 0.741183 4.475700
211 0.741162 4.475600
212 0.741142 4.475503
213 0.741122 4.475407
214 0.741102 4.475312
215 0.741082 4.475219
216 0.741063 4.475128
217 0.741045 4.475038
218 0.741026 4.474950
219 0.741008 4.474863
220 0.740990 4.474778
221 0.740973 4.474694
222 0.740955 4.474612
223 0.740938 4.474531
224 0.740922 4.474451
225 0.740905 4.474372
226 0.740889 4.474295
227 0.740873 4.474220
228 0.740858 4.474145
229 0.740842 4.474072
230 0.740827 4.474000
231 0.740812 4.473929
232 0.740798 4.473859
233 0.740783 4.473791
234 0.740769 4.473723
235 0.740755 4.473657
236 0.740742 4.473592
237 0.740728 4.473528
238 0.740715 4.473465
239 0.740702 4.473403
240 0.740690 4.473342
241 0.740677 4.473283
242 0.740665 4.473224
243 0.740653 4.473166
244 0.740641 4.473109
245 0.740629 4.473053
246 0.740618 4.472998
247 0.740606 4.472944
248 0.740595 4.472891
249 0.740584 4.472839
250 0.740573 4.472787
251 0.740563 4.472737
252 0.740552 4.472687
253 0.740542 4.472638
254 0.740532 4.472590
255 0.740522 4.472543
256 0.740513 4.472497
257 0.740503 4.472451
258 0.740494 4.472406
259 0.740484 4.472362
260 0.740475 4.472319
261 0.740466 4.472276
262 0.740458 4.472234
263 0.740449 4.472193
264 0.740441 4.472152
265 0.740432 4.472113
266 0.740424 4.472073
267 0.740416 4.472035
268 0.740408 4.471997
269 0.740400 4.471960
270 0.740393 4.471923
271 0.740385 4.471887
272 0.740378 4.471852
273 0.740370 4.471817
274 0.740363 4.471783
275 0.740356 4.471749
276 0.740349 4.471716
277 0.740342 4.471683
278 0.740336 4.471651
279 0.740329 4.471620
280 0.740323 4.471589
281 0.740316 4.471559
282 0.740310 4.471529
283 0.740304 4.471499
284 0.740298 4.471470
285 0.740292 4.471442
286 0.740286 4.471414
287 0.740280 4.471387
288 0.740275 4.471360
289 0.740269 4.471333
290 0.740264 4.471307
291 0.740258 4.471281
292 0.740253 4.471256
293 0.740248 4.471231
294 0.740243 4.471207
295 0.740238 4.471183
296 0.740233 4.471159
297 0.740228 4.471136
298 0.740223 4.471113
299 0.740218 4.471091
300 0.740214 4.471069
301 0.740209 4.471047
302 0.740205 4.471026
303 0.740200 4.471005
304 0.740196 4.470984
305 0.740192 4.470964
306 0.740188 4.470944
307 0.740183 4.470924
308 0.740179 4.470905
309 0.740175 4.470886
310 0.740172 4.470868
311 0.740168 4.470849
312 0.740164 4.470831
313 0.740160 4.470814
314 0.740157 4.470796
315 0.740153 4.470779
316 0.740150 4.470762
317 0.740146 4.470746
318 0.740143 4.470729
319 0.740139 4.470713
320 0.740136 4.470698
321 0.740133 4.470682
322 0.740130 4.470667
323 0.740126 4.470652
324 0.740123 4.470637
325 0.740120 4.470623
326 0.740117 4.470609
327 0.740115 4.470595
328 0.740112 4.470581
329 0.740109 4.470568
330 0.740106 4.470554
331 0.740103 4.470541
332 0.740101 4.470528
333 0.740098 4.470516
334 0.740095 4.470503
335 0.740093 4.470491
336 0.740090 4.470479
337 0.740088 4.470467
338 0.740085 4.470456
339 0.740083 4.470444
340 0.740081 4.470433
341 0.740078 4.470422
342 0.740076 4.470411
343 0.740074 4.470401
344 0.740072 4.470390
345 0.740070 4.470380
346 0.740067 4.470370
347 0.740065 4.470360
348 0.740063 4.470350
349 0.740061 4.470341
350 0.740059 4.470331
351 0.740057 4.470322
352 0.740055 4.470313
353 0.740054 4.470304
354 0.740052 4.470295
355 0.740050 4.470286
356 0.740048 4.470278
357 0.740046 4.470269
358 0.740045 4.470261
359 0.740043 4.470253
360 0.740041 4.470245
361 0.740040 4.470237
362 0.740038 4.470229
363 0.740036 4.470222
364 0.740035 4.470214
365 0.740033 4.470207
366 0.740032 4.470200
367 0.740030 4.470192
368 0.740029 4.470185
369 0.740027 4.470179
370 0.740026 4.470172
371 0.740025 4.470165
372 0.740023 4.470159
373 0.740022 4.470152
374 0.740021 4.470146
375 0.740019 4.470140
376 0.740018 4.470134
377 0.740017 4.470128
378 0.740016 4.470122
379 0.740014 4.470116
380 0.740013 4.470110
381 0.740012 4.470105
382 0.740011 4.470099
383 0.740010 4.470094
384 0.740009 4.470088
385 0.740007 4.470083
386 0.740006 4.470078
387 0.740005 4.470073
388 0.740004 4.470068
389 0.740003 4.470063
390 0.740002 4.470058
391 0.740001 4.470054
392 0.740000 4.470049
393 0.739999 4.470044
394 0.739998 4.470040
395 0.739997 4.470035
396 0.739997 4.470031
397 0.739996 4.470027
398 0.739995 4.470023
399 0.739994 4.470019
400 0.739993 4.470014
401 0.739992 4.470010
402 0.739991 4.470007
403 0.739991 4.470003
404 0.739990 4.469997
405 0.739989 4.469994
406 0.739988 4.469990
407 0.739988 4.469986
408 0.739987 4.469983
409 0.739986 4.469979
410 0.739985 4.469976
411 0.739985 4.469973
412 0.739984 4.469969
413 0.739983 4.469966
414 0.739983 4.469963
415 0.739982 4.469960
416 0.739981 4.469957
417 0.739981 4.469953
418 0.739980 4.469950
419 0.739979 4.469948
420 0.739979 4.469945
421 0.739978 4.469942
422 0.739978 4.469939
423 0.739977 4.469936
424 0.739976 4.469933
425 0.739976 4.469931
426 0.739975 4.469928
427 0.739975 4.469926
428 0.739974 4.469923
429 0.739974 4.469920
430 0.739973 4.469918
431 0.739973 4.469916
432 0.739972 4.469913
433 0.739972 4.469911
434 0.739971 4.469909
435 0.739971 4.469906
436 0.739970 4.469904
437 0.739970 4.469902
438 0.739969 4.469900
439 0.739969 4.469897
440 0.739968 4.469895
441 0.739968 4.469893
442 0.739968 4.469891
443 0.739967 4.469889
444 0.739967 4.469887
445 0.739966 4.469885
446 0.739966 4.469883
447 0.739966 4.469882
448 0.739965 4.469880
449 0.739965 4.469878
450 0.739964 4.469876
451 0.739964 4.469874
452 0.739964 4.469873
453 0.739963 4.469871
454 0.739963 4.469869
455 0.739963 4.469868
456 0.739962 4.469866
457 0.739962 4.469864
458 0.739962 4.469863
459 0.739961 4.469861
460 0.739961 4.469860
461 0.739961 4.469858
462 0.739960 4.469857
463 0.739960 4.469855
464 0.739960 4.469854
465 0.739959 4.469853
466 0.739959 4.469851
467 0.739959 4.469850
468 0.739959 4.469848
469 0.739958 4.469847
470 0.739958 4.469846
471 0.739958 4.469845
472 0.739958 4.469843
473 0.739957 4.469842
474 0.739957 4.469841
475 0.739957 4.469840
476 0.739957 4.469839
477 0.739956 4.469837
478 0.739956 4.469836
479 0.739956 4.469835
480 0.739956 4.469834
481 0.739955 4.469833
482 0.739955 4.469832
483 0.739955 4.469831
484 0.739955 4.469830
485 0.739955 4.469829
486 0.739954 4.469828
487 0.739954 4.469827
488 0.739954 4.469826
489 0.739954 4.469825
490 0.739953 4.469824
491 0.739953 4.469823
492 0.739953 4.469822
493 0.739953 4.469821
494 0.739953 4.469820
495 0.739953 4.469820
496 0.739952 4.469819
497 0.739952 4.469818
498 0.739952 4.469817
499 0.739952 4.469816
