0 0.577869 5.840000
1 0.576533 5.840000
2 0.575277 5.820000
3 0.574061 5.810142
4 0.572845 5.809858
5 0.571665 5.800289
6 0.570520 5.790997
7 0.569408 5.781974
8 0.568330 5.773213
9 0.567283 5.764707
10 0.566270 5.755293
11 0.565286 5.747302
12 0.564329 5.739531
13 0.563399 5.731974
14 0.562494 5.724625
15 0.561622 5.715375
16 0.560772 5.708480
17 0.559945 5.701765
18 0.559140 5.695224
19 0.558356 5.688854
20 0.557593 5.682650
21 0.556850 5.676608
22 0.556126 5.670724
23 0.555422 5.664994
24 0.554750 5.655006
25 0.554095 5.649684
26 0.553455 5.644493
27 0.552832 5.639430
28 0.552225 5.634491
29 0.551632 5.629674
30 0.551054 5.624975
31 0.550491 5.620392
32 0.549941 5.615922
33 0.549405 5.611562
34 0.548883 5.607310
35 0.548374 5.603162
36 0.547877 5.599117
37 0.547392 5.595172
38 0.546920 5.591325
39 0.546456 5.588675
40 0.546002 5.584985
41 0.545560 5.581381
42 0.545127 5.577860
43 0.544705 5.574420
44 0.544292 5.571061
45 0.543889 5.567779
46 0.543496 5.564573
47 0.543111 5.561442
48 0.542736 5.558383
49 0.542369 5.555395
50 0.542011 5.552477
51 0.541668 5.547523
52 0.541331 5.544785
53 0.541002 5.542106
54 0.540680 5.539486
55 0.540365 5.536922
56 0.540057 5.534413
57 0.539756 5.531959
58 0.539461 5.529558
59 0.539173 5.527210
60 0.538890 5.524912
61 0.538615 5.522664
62 0.538345 5.520464
63 0.538081 5.518313
64 0.537822 5.516208
65 0.537570 5.514149
66 0.537323 5.512134
67 0.537081 5.510164
68 0.536845 5.508236
69 0.536613 5.506350
70 0.536387 5.504505
71 0.536166 5.502700
72 0.535949 5.500934
73 0.535738 5.499207
74 0.535531 5.497517
75 0.535328 5.495864
76 0.535130 5.494247
77 0.534936 5.492666
78 0.534746 5.491118
79 0.534561 5.489604
80 0.534380 5.488124
81 0.534202 5.486675
82 0.534029 5.485258
83 0.533859 5.483872
84 0.533693 5.482516
85 0.533530 5.481190
86 0.533371 5.479892
87 0.533216 5.478623
88 0.533064 5.477382
89 0.532915 5.476167
90 0.532770 5.474979
91 0.532628 5.473817
92 0.532488 5.472680
93 0.532352 5.471568
94 0.532219 5.470481
95 0.532089 5.469519
96 0.531961 5.468476
97 0.531835 5.467453
98 0.531713 5.466451
99 0.531592 5.465469
100 0.531474 5.464507
101 0.531359 5.463565
102 0.531246 5.462641
103 0.531135 5.461737
104 0.531026 5.460850
105 0.530920 5.459982
106 0.530816 5.459131
107 0.530714 5.458297
108 0.530613 5.457480
109 0.530515 5.456680
110 0.530419 5.455896
111 0.530325 5.455128
112 0.530233 5.454375
113 0.530143 5.453638
114 0.530054 5.452916
115 0.529968 5.452208
116 0.529883 5.451514
117 0.529800 5.450835
118 0.529718 5.450169
119 0.529638 5.449517
120 0.529560 5.448878
121 0.529483 5.448252
122 0.529408 5.447639
123 0.529335 5.447038
124 0.529263 5.446449
125 0.529192 5.445872
126 0.529123 5.445307
127 0.529055 5.444753
128 0.528989 5.444211
129 0.528924 5.443679
130 0.528860 5.443159
131 0.528797 5.442649
132 0.528736 5.442149
133 0.528676 5.441659
134 0.528618 5.441180
135 0.528560 5.440710
136 0.528504 5.440249
137 0.528449 5.439798
138 0.528394 5.439356
139 0.528341 5.438923
140 0.528290 5.438499
141 0.528239 5.438083
142 0.528189 5.437676
143 0.528140 5.437277
144 0.528092 5.436886
145 0.528045 5.436503
146 0.527999 5.436128
147 0.527955 5.435761
148 0.527910 5.435401
149 0.527867 5.435048
150 0.527825 5.434702
151 0.527784 5.434364
152 0.527743 5.434032
153 0.527703 5.433707
154 0.527664 5.433389
155 0.527626 5.433077
156 0.527589 5.432771
157 0.527552 5.432472
158 0.527516 5.432178
159 0.527481 5.431891
160 0.527447 5.431610
161 0.527413 5.431334
162 0.527380 5.431064
163 0.527347 5.430799
164 0.527316 5.430539
165 0.527285 5.430285
166 0.527254 5.430036
167 0.527224 5.429793
168 0.527195 5.429554
169 0.527167 5.429320
170 0.527139 5.429090
171 0.527111 5.428866
172 0.527084 5.428645
173 0.527058 5.428430
174 0.527032 5.428219
175 0.527007 5.428012
176 0.526982 5.427809
177 0.526958 5.427610
178 0.526934 5.427416
179 0.526910 5.427225
180 0.526888 5.427038
181 0.526865 5.426855
182 0.526843 5.426676
183 0.526822 5.426500
184 0.526801 5.426328
185 0.526780 5.426160
186 0.526760 5.425994
187 0.526740 5.425833
188 0.526721 5.425674
189 0.526702 5.425519
190 0.526683 5.425367
191 0.526665 5.425218
192 0.526647 5.425072
193 0.526630 5.424928
194 0.526612 5.424788
195 0.526596 5.424651
196 0.526579 5.424517
197 0.526563 5.424385
198 0.526547 5.424256
199 0.526532 5.424129
200 0.526517 5.424005
201 0.526502 5.423884
202 0.526487 5.423765
203 0.526473 5.423648
204 0.526459 5.423534
205 0.526445 5.423422
206 0.526432 5.423313
207 0.526419 5.423206
208 0.526406 5.423100
209 0.526393 5.422997
210 0.526381 5.422896
211 0.526369 5.422798
212 0.526357 5.422701
213 0.526346 5.422606
214 0.526334 5.422513
215 0.526323 5.422422
216 0.526312 5.422333
217 0.526301 5.422245
218 0.526291 5.422160
219 0.526281 5.422076
220 0.526271 5.421993
221 0.526261 5.421913
222 0.526251 5.421834
223 0.526242 5.421757
224 0.526233 5.421681
225 0.526223 5.421607
226 0.526215 5.421534
227 0.526206 5.421463
228 0.526197 5.421393
229 0.526189 5.421325
230 0.526181 5.421258
231 0.526173 5.421192
232 0.526165 5.421128
233 0.526157 5.421065
234 0.526150 5.421004
235 0.526142 5.420943
236 0.526135 5.420884
237 0.526128 5.420826
238 0.526121 5.420769
239 0.526114 5.420714
240 0.526108 5.420659
241 0.526101 5.420606
242 0.526095 5.420553
243 0.526088 5.420502
244 0.526082 5.420452
245 0.526076 5.420403
246 0.526070 5.420355
247 0.526065 5.420307
248 0.526059 5.420261
249 0.526053 5.420216
250 0.526048 5.420171
251 0.526043 5.420128
252 0.526037 5.420085
253 0.526032 5.420043
254 0.526027 5.420003
255 0.526022 5.419963
256 0.526018 5.419923
257 0.526013 5.419885
258 0.526008 5.419847
259 0.526004 5.419810
260 0.525999 5.419774
261 0.525995 5.419739
262 0.525991 5.419704
263 0.525987 5.419670
264 0.525983 5.419637
265 0.525979 5.419604
266 0.525975 5.419572
267 0.525971 5.419541
268 0.525967 5.419510
269 0.525963 5.419480
270 0.525960 5.419451
271 0.525956 5.419422
272 0.525953 5.419393
273 0.525949 5.419366
274 0.525946 5.419339
275 0.525943 5.419312
276 0.525940 5.419286
277 0.525937 5.419261
278 0.525934 5.419236
279 0.525931 5.419211
280 0.525928 5.419187
281 0.525925 5.419164
282 0.525922 5.419141
283 0.525919 5.419118
284 0.525916 5.419096
285 0.525914 5.419074
286 0.525911 5.419053
287 0.525909 5.419032
288 0.525906 5.419012
289 0.525904 5.418992
290 0.525901 5.418973
291 0.525899 5.418953
292 0.525897 5.418935
293 0.525895 5.418916
294 0.525892 5.418898
295 0.525890 5.418881
296 0.525888 5.418864
297 0.525886 5.418847
298 0.525884 5.418830
299 0.525882 5.418814
300 0.525880 5.418798
301 0.525878 5.418782
302 0.525876 5.418767
303 0.525874 5.418752
304 0.525873 5.418737
305 0.525871 5.418723
306 0.525869 5.418709
307 0.525868 5.418695
308 0.525866 5.418682
309 0.525864 5.418669
310 0.525863 5.418656
311 0.525861 5.418643
312 0.525860 5.418631
313 0.525858 5.418618
314 0.525857 5.418606
315 0.525855 5.418595
316 0.525854 5.418583
317 0.525852 5.418572
318 0.525851 5.418561
319 0.525850 5.418550
320 0.525848 5.418540
321 0.525847 5.418529
322 0.525846 5.418519
323 0.525845 5.418509
324 0.525844 5.418500
325 0.525842 5.418490
326 0.525841 5.418481
327 0.525840 5.418472
328 0.525839 5.418463
329 0.525838 5.418454
330 0.525837 5.418445
331 0.525836 5.418437
332 0.525835 5.418429
333 0.525834 5.418421
334 0.525833 5.418413
335 0.525832 5.418405
336 0.525831 5.418397
337 0.525830 5.418390
338 0.525829 5.418383
339 0.525828 5.418376
340 0.525828 5.418369
341 0.525827 5.418362
342 0.525826 5.418355
343 0.525825 5.418348
344 0.525824 5.418342
345 0.525824 5.418336
346 0.525823 5.418330
347 0.525822 5.418323
348 0.525821 5.418318
349 0.525821 5.418312
350 0.525820 5.418306
351 0.525819 5.418300
352 0.525819 5.418295
353 0.525818 5.418290
354 0.525817 5.418284
355 0.525817 5.418279
356 0.525816 5.418274
357 0.525815 5.418269
358 0.525815 5.418264
359 0.525814 5.418260
360 0.525814 5.418255
361 0.525813 5.418251
362 0.525813 5.418246
363 0.525812 5.418242
364 0.525812 5.418237
365 0.525811 5.418233
366 0.525811 5.418229
367 0.525810 5.418225
368 0.525810 5.418221
369 0.525809 5.418217
370 0.525809 5.418214
371 0.525808 5.418210
372 0.525808 5.418206
373 0.525807 5.418203
374 0.525807 5.418199
375 0.525806 5.418196
376 0.525806 5.418192
377 0.525806 5.418189
378 0.525805 5.418186
379 0.525805 5.418183
380 0.525804 5.418180
381 0.525804 5.418177
382 0.525804 5.418174
383 0.525803 5.418171
384 0.525803 5.418168
385 0.525803 5.418165
386 0.525802 5.418163
387 0.525802 5.418160
388 0.525802 5.418157
389 0.525801 5.418155
390 0.525801 5.418152
391 0.525801 5.418150
392 0.525801 5.418147
393 0.525800 5.418145
394 0.525800 5.418143
395 0.525800 5.418140
396 0.525799 5.418138
397 0.525799 5.418136
398 0.525799 5.418134
399 0.525799 5.418132
400 0.525798 5.418130
401 0.525798 5.418128
402 0.525798 5.418126
403 0.525798 5.418124
404 0.525797 5.418122
405 0.525797 5.418120
406 0.525797 5.418118
407 0.525797 5.418117
408 0.525797 5.418115
409 0.525796 5.418113
410 0.525796 5.418112
411 0.525796 5.418110
412 0.525796 5.418108
413 0.525796 5.418107
414 0.525795 5.418105
415 0.525795 5.418104
416 0.525795 5.418102
417 0.525795 5.418101
418 0.525795 5.418099
419 0.525795 5.418098
420 0.525794 5.418097
421 0.525794 5.418095
422 0.525794 5.418094
423 0.525794 5.418093
424 0.525794 5.418092
425 0.525794 5.418090
426 0.525793 5.418089
427 0.525793 5.418088
428 0.525793 5.418087
429 0.525793 5.418086
430 0.525793 5.418085
431 0.525793 5.418084
432 0.525793 5.418082
433 0.525792 5.418081
434 0.525792 5.418080
435 0.525792 5.418079
436 0.525792 5.418078
437 0.525792 5.418078
438 0.525792 5.418077
439 0.525792 5.418076
440 0.525792 5.418075
441 0.525792 5.418074
442 0.525791 5.418073
443 0.525791 5.418072
444 0.525791 5.418071
445 0.525791 5.418071
446 0.525791 5.418070
447 0.525791 5.418069
448 0.525791 5.418068
449 0.525791 5.418067
450 0.525791 5.418067
451 0.525791 5.418066
452 0.525791 5.418065
453 0.525790 5.418065
454 0.525790 5.418064
455 0.525790 5.418063
456 0.525790 5.418063
457 0.525790 5.418062
458 0.525790 5.418061
459 0.525790 5.418061
460 0.525790 5.418060
461 0.525790 5.418060
462 0.525790 5.418059
463 0.525790 5.418058
464 0.525790 5.418058
465 0.525790 5.418057
466 0.525789 5.418057
467 0.525789 5.418056
468 0.525789 5.418056
469 0.525789 5.418055
470 0.525789 5.418055
471 0.525789 5.418054
472 0.525789 5.418054
473 0.525789 5.418053
474 0.525789 5.418053
475 0.525789 5.418053
476 0.525789 5.418052
477 0.525789 5.418052
478 0.525789 5.418051
479 0.525789 5.418051
480 0.525789 5.418051
481 0.525789 5.418050
482 0.525789 5.418050
483 0.525789 5.418049
484 0.525789 5.418049
485 0.525788 5.418049
486 0.525788 5.418048
487 0.525788 5.418048
488 0.525788 5.418048
489 0.525788 5.418047
490 0.525788 5.418047
491 0.525788 5.418047
492 0.525788 5.418046
493 0.525788 5.418046
494 0.525788 5.418046
495 0.525788 5.418046
496 0.525788 5.418045
497 0.525788 5.418045
498 0.525788 5.418045
499 0.525788 5.418044
