0 0.432925 4.270000
1 0.431631 4.270000
2 0.430364 4.260071
3 0.429124 4.250346
4 0.427886 4.249654
5 0.426672 4.240117
6 0.425482 4.230763
7 0.424316 4.221588
8 0.423173 4.212589
9 0.422053 4.203762
10 0.420955 4.195105
11 0.419878 4.186615
12 0.418823 4.178288
13 0.417789 4.170122
14 0.416775 4.162113
15 0.415782 4.154259
16 0.414808 4.146557
17 0.413867 4.133443
18 0.412943 4.126147
19 0.412035 4.118981
20 0.411145 4.111942
21 0.410271 4.105030
22 0.409412 4.098241
23 0.408570 4.091573
24 0.407743 4.085025
25 0.406931 4.078595
26 0.406135 4.072280
27 0.405352 4.066078
28 0.404585 4.059988
29 0.403831 4.054007
30 0.403091 4.048134
31 0.402365 4.042367
32 0.401653 4.036704
33 0.400953 4.031143
34 0.400267 4.025682
35 0.399593 4.020320
36 0.398920 4.019680
37 0.398259 4.014418
38 0.397609 4.009244
39 0.396970 4.004155
40 0.396342 3.999151
41 0.395725 3.994230
42 0.395118 3.989391
43 0.394522 3.984632
44 0.393935 3.979953
45 0.393359 3.975351
46 0.392792 3.970826
47 0.392235 3.966376
48 0.391687 3.962001
49 0.391149 3.957698
50 0.390620 3.953468
51 0.390099 3.949308
52 0.389588 3.945218
53 0.389086 3.941196
54 0.388592 3.937241
55 0.388106 3.933353
56 0.387629 3.929530
57 0.387159 3.925771
58 0.386698 3.922075
59 0.386245 3.918441
60 0.385799 3.914868
61 0.385361 3.911355
62 0.384929 3.908645
63 0.384503 3.905234
64 0.384084 3.901874
65 0.383671 3.898567
66 0.383265 3.895309
67 0.382865 3.892101
68 0.382472 3.888943
69 0.382084 3.885832
70 0.381703 3.882770
71 0.381327 3.879754
72 0.380957 3.876784
73 0.380593 3.873860
74 0.380235 3.870980
75 0.379882 3.868145
76 0.379534 3.865353
77 0.379192 3.862604
78 0.378856 3.859897
79 0.378524 3.857232
80 0.378198 3.854608
81 0.377877 3.852024
82 0.377561 3.849480
83 0.377250 3.846975
84 0.376943 3.844508
85 0.376642 3.842079
86 0.376345 3.839688
87 0.376052 3.837334
88 0.375765 3.835015
89 0.375481 3.832733
90 0.375202 3.830486
91 0.374928 3.828273
92 0.374658 3.826095
93 0.374392 3.823950
94 0.374130 3.821838
95 0.373872 3.819759
96 0.373618 3.817712
97 0.373368 3.815696
98 0.373123 3.813712
99 0.372880 3.811758
100 0.372642 3.809835
101 0.372408 3.807941
102 0.372177 3.806077
103 0.371949 3.804242
104 0.371726 3.802434
105 0.371505 3.800655
106 0.371289 3.798904
107 0.371075 3.797179
108 0.370865 3.795482
109 0.370658 3.793810
110 0.370455 3.792165
111 0.370254 3.790545
112 0.370057 3.788950
113 0.369863 3.787380
114 0.369672 3.785834
115 0.369484 3.784313
116 0.369298 3.782815
117 0.369116 3.781340
118 0.368937 3.779888
119 0.368760 3.778459
120 0.368586 3.777052
121 0.368415 3.775666
122 0.368246 3.774303
123 0.368081 3.772960
124 0.367917 3.771638
125 0.367757 3.770337
126 0.367598 3.769057
127 0.367443 3.767796
128 0.367290 3.766554
129 0.367139 3.765333
130 0.366990 3.764130
131 0.366844 3.762945
132 0.366700 3.761780
133 0.366558 3.760632
134 0.366419 3.759502
135 0.366282 3.758390
136 0.366147 3.757296
137 0.366014 3.756218
138 0.365883 3.755157
139 0.365754 3.754113
140 0.365627 3.753085
141 0.365503 3.752073
142 0.365380 3.751077
143 0.365259 3.750096
144 0.365140 3.749131
145 0.365023 3.748180
146 0.364907 3.747245
147 0.364794 3.746324
148 0.364682 3.745418
149 0.364572 3.744525
150 0.364464 3.743647
151 0.364357 3.742782
152 0.364252 3.741931
153 0.364149 3.741093
154 0.364047 3.740269
155 0.363947 3.739457
156 0.363849 3.738658
157 0.363752 3.737871
158 0.363657 3.737097
159 0.363563 3.736334
160 0.363470 3.735584
161 0.363379 3.734845
162 0.363290 3.734118
163 0.363202 3.733403
164 0.363115 3.732698
165 0.363030 3.732005
166 0.362945 3.731322
167 0.362863 3.730650
168 0.362781 3.729989
169 0.362701 3.729338
170 0.362622 3.728697
171 0.362545 3.728066
172 0.362468 3.727445
173 0.362393 3.726834
174 0.362319 3.726233
175 0.362246 3.725640
176 0.362174 3.725057
177 0.362104 3.724484
178 0.362034 3.723919
179 0.361966 3.723363
180 0.361898 3.722816
181 0.361832 3.722277
182 0.361767 3.721747
183 0.361703 3.721225
184 0.361640 3.720711
185 0.361577 3.720206
186 0.361516 3.719794
187 0.361455 3.719303
188 0.361396 3.718818
189 0.361337 3.718340
190 0.361279 3.717869
191 0.361221 3.717405
192 0.361165 3.716947
193 0.361109 3.716495
194 0.361055 3.716050
195 0.361001 3.715611
196 0.360947 3.715178
197 0.360895 3.714752
198 0.360843 3.714331
199 0.360792 3.713916
200 0.360741 3.713508
201 0.360692 3.713105
202 0.360643 3.712707
203 0.360595 3.712315
204 0.360547 3.711929
205 0.360500 3.711548
206 0.360454 3.711173
207 0.360408 3.710803
208 0.360363 3.710438
209 0.360319 3.710078
210 0.360275 3.709723
211 0.360232 3.709374
212 0.360190 3.709029
213 0.360148 3.708689
214 0.360107 3.708354
215 0.360066 3.708023
216 0.360026 3.707698
217 0.359987 3.707377
218 0.359948 3.707060
219 0.359909 3.706748
220 0.359871 3.706440
221 0.359834 3.706137
222 0.359797 3.705838
223 0.359761 3.705543
224 0.359725 3.705252
225 0.359690 3.704965
226 0.359655 3.704683
227 0.359621 3.704404
228 0.359587 3.704130
229 0.359554 3.703859
230 0.359521 3.703592
231 0.359488 3.703329
232 0.359456 3.703069
233 0.359425 3.702813
234 0.359394 3.702561
235 0.359363 3.702312
236 0.359333 3.702067
237 0.359303 3.701826
238 0.359274 3.701587
239 0.359245 3.701353
240 0.359217 3.701121
241 0.359189 3.700893
242 0.359161 3.700668
243 0.359134 3.700446
244 0.359107 3.700227
245 0.359080 3.700011
246 0.359054 3.699799
247 0.359028 3.699589
248 0.359003 3.699382
249 0.358978 3.699179
250 0.358953 3.698978
251 0.358929 3.698780
252 0.358905 3.698584
253 0.358881 3.698392
254 0.358858 3.698202
255 0.358835 3.698015
256 0.358812 3.697831
257 0.358790 3.697649
258 0.358768 3.697470
259 0.358746 3.697293
260 0.358724 3.697119
261 0.358703 3.696947
262 0.358682 3.696778
263 0.358662 3.696611
264 0.358642 3.696446
265 0.358622 3.696284
266 0.358602 3.696124
267 0.358583 3.695966
268 0.358564 3.695811
269 0.358545 3.695657
270 0.358526 3.695506
271 0.358508 3.695357
272 0.358490 3.695210
273 0.358472 3.695066
274 0.358454 3.694923
275 0.358437 3.694782
276 0.358420 3.694643
277 0.358403 3.694507
278 0.358387 3.694372
279 0.358370 3.694239
280 0.358354 3.694108
281 0.358338 3.693978
282 0.358323 3.693851
283 0.358307 3.693725
284 0.358292 3.693602
285 0.358277 3.693480
286 0.358262 3.693359
287 0.358248 3.693241
288 0.358233 3.693124
289 0.358219 3.693008
290 0.358205 3.692895
291 0.358191 3.692783
292 0.358178 3.692672
293 0.358164 3.692563
294 0.358151 3.692456
295 0.358138 3.692350
296 0.358125 3.692246
297 0.358113 3.692143
298 0.358100 3.692041
299 0.358088 3.691941
300 0.358076 3.691843
301 0.358064 3.691746
302 0.358052 3.691650
303 0.358040 3.691555
304 0.358029 3.691462
305 0.358018 3.691370
306 0.358006 3.691280
307 0.357996 3.691191
308 0.357985 3.691103
309 0.357974 3.691016
310 0.357964 3.690931
311 0.357953 3.690846
312 0.357943 3.690763
313 0.357933 3.690681
314 0.357923 3.690600
315 0.357913 3.690521
316 0.357904 3.690442
317 0.357894 3.690365
318 0.357885 3.690289
319 0.357875 3.690213
320 0.357866 3.690139
321 0.357857 3.690066
322 0.357848 3.689994
323 0.357840 3.689923
324 0.357831 3.689853
325 0.357823 3.689784
326 0.357814 3.689716
327 0.357806 3.689649
328 0.357798 3.689583
329 0.357790 3.689518
330 0.357782 3.689453
331 0.357774 3.689390
332 0.357766 3.689327
333 0.357759 3.689266
334 0.357751 3.689205
335 0.357744 3.689145
336 0.357737 3.689086
337 0.357730 3.689028
338 0.357723 3.688971
339 0.357716 3.688914
340 0.357709 3.688858
341 0.357702 3.688803
342 0.357695 3.688749
343 0.357689 3.688696
344 0.357682 3.688643
345 0.357676 3.688591
346 0.357670 3.688540
347 0.357663 3.688489
348 0.357657 3.688440
349 0.357651 3.688391
350 0.357645 3.688342
351 0.357640 3.688295
352 0.357634 3.688248
353 0.357628 3.688201
354 0.357622 3.688156
355 0.357617 3.688111
356 0.357611 3.688066
357 0.357606 3.688022
358 0.357601 3.687979
359 0.357596 3.687937
360 0.357590 3.687895
361 0.357585 3.687853
362 0.357580 3.687813
363 0.357575 3.687773
364 0.357570 3.687733
365 0.357566 3.687694
366 0.357561 3.687655
367 0.357556 3.687617
368 0.357552 3.687580
369 0.357547 3.687543
370 0.357543 3.687507
371 0.357538 3.687471
372 0.357534 3.687436
373 0.357530 3.687401
374 0.357525 3.687366
375 0.357521 3.687333
376 0.357517 3.687299
377 0.357513 3.687266
378 0.357509 3.687234
379 0.357505 3.687202
380 0.357501 3.687170
381 0.357498 3.687139
382 0.357494 3.687109
383 0.357490 3.687078
384 0.357486 3.687049
385 0.357483 3.687019
386 0.357479 3.686990
387 0.357476 3.686962
388 0.357472 3.686934
389 0.357469 3.686906
390 0.357465 3.686879
391 0.357462 3.686852
392 0.357459 3.686825
393 0.357456 3.686799
394 0.357453 3.686773
395 0.357449 3.686748
396 0.357446 3.686722
397 0.357443 3.686698
398 0.357440 3.686673
399 0.357437 3.686649
400 0.357434 3.686626
401 0.357432 3.686602
402 0.357429 3.686579
403 0.357426 3.686556
404 0.357423 3.686534
405 0.357420 3.686512
406 0.357418 3.686490
407 0.357415 3.686469
408 0.357413 3.686448
409 0.357410 3.686427
410 0.357407 3.686406
411 0.357405 3.686386
412 0.357402 3.686366
413 0.357400 3.686346
414 0.357398 3.686327
415 0.357395 3.686308
416 0.357393 3.686289
417 0.357391 3.686270
418 0.357388 3.686252
419 0.357386 3.686234
420 0.357384 3.686216
421 0.357382 3.686198
422 0.357380 3.686181
423 0.357378 3.686164
424 0.357376 3.686147
425 0.357374 3.686130
426 0.357372 3.686114
427 0.357370 3.686098
428 0.357368 3.686082
429 0.357366 3.686066
430 0.357364 3.686051
431 0.357362 3.686036
432 0.357360 3.686021
433 0.357358 3.686006
434 0.357356 3.685991
435 0.357355 3.685977
436 0.357353 3.685963
437 0.357351 3.685949
438 0.357350 3.685935
439 0.357348 3.685921
440 0.357346 3.685908
441 0.357345 3.685895
442 0.357343 3.685882
443 0.357341 3.685869
444 0.357340 3.685856
445 0.357338 3.685844
446 0.357337 3.685831
447 0.357335 3.685819
448 0.357334 3.685807
449 0.357332 3.685795
450 0.357331 3.685784
451 0.357330 3.685772
452 0.357328 3.685761
453 0.357327 3.685750
454 0.357325 3.685739
455 0.357324 3.685728
456 0.357323 3.685717
457 0.357322 3.685707
458 0.357320 3.685697
459 0.357319 3.685686
460 0.357318 3.685676
461 0.357317 3.685666
462 0.357315 3.685657
463 0.357314 3.685647
464 0.357313 3.685637
465 0.357312 3.685628
466 0.357311 3.685619
467 0.357310 3.685610
468 0.357308 3.685601
469 0.357307 3.685592
470 0.357306 3.685583
471 0.357305 3.685574
472 0.357304 3.685566
473 0.357303 3.685557
474 0.357302 3.685549
475 0.357301 3.685541
476 0.357300 3.685533
477 0.357299 3.685525
478 0.357298 3.685517
479 0.357297 3.685510
480 0.357296 3.685502
481 0.357295 3.685495
482 0.357295 3.685487
483 0.357294 3.685480
484 0.357293 3.685473
485 0.357292 3.685466
486 0.357291 3.685459
487 0.357290 3.685452
488 0.357289 3.685445
489 0.357289 3.685439
490 0.357288 3.685432
491 0.357287 3.685425
492 0.357286 3.685419
493 0.357285 3.685413
494 0.357285 3.685407
495 0.357284 3.685400
496 0.357283 3.685394
497 0.357282 3.685388
498 0.357282 3.685383
499 0.357281 3.685377
