0 0.534418 4.630000
1 0.533235 4.630000
2 0.532076 4.622026
3 0.530928 4.617974
4 0.529801 4.610227
5 0.528695 4.602617
6 0.527609 4.595142
7 0.526542 4.587799
8 0.525495 4.580585
9 0.524467 4.573500
10 0.523457 4.566500
11 0.522464 4.559660
12 0.521488 4.552934
13 0.520528 4.546318
14 0.519585 4.539813
15 0.518658 4.533415
16 0.517747 4.527124
17 0.516851 4.520938
18 0.515971 4.514854
19 0.515105 4.508872
20 0.514255 4.502990
21 0.513418 4.497010
22 0.512595 4.491323
23 0.511785 4.485723
24 0.510988 4.480210
25 0.510204 4.474783
26 0.509432 4.469441
27 0.508672 4.464181
28 0.507925 4.459004
29 0.507189 4.453907
30 0.506471 4.446093
31 0.505764 4.441197
32 0.505066 4.436371
33 0.504379 4.431615
34 0.503703 4.426927
35 0.503036 4.422307
36 0.502379 4.417754
37 0.501732 4.413266
38 0.501094 4.408844
39 0.500466 4.404485
40 0.499847 4.400189
41 0.499237 4.395956
42 0.498636 4.391784
43 0.498044 4.387672
44 0.497460 4.383620
45 0.496886 4.379627
46 0.496319 4.375692
47 0.495762 4.371814
48 0.495212 4.367992
49 0.494671 4.364226
50 0.494137 4.360515
51 0.493612 4.356858
52 0.493094 4.353254
53 0.492584 4.349702
54 0.492081 4.346202
55 0.491586 4.342753
56 0.491103 4.337247
57 0.490625 4.333927
58 0.490155 4.330652
59 0.489691 4.327421
60 0.489233 4.324234
61 0.488781 4.321089
62 0.488336 4.317986
63 0.487896 4.314925
64 0.487463 4.311905
65 0.487035 4.308926
66 0.486613 4.305986
67 0.486198 4.303087
68 0.485787 4.300226
69 0.485383 4.297403
70 0.484983 4.294619
71 0.484590 4.291872
72 0.484201 4.289162
73 0.483818 4.286489
74 0.483441 4.283852
75 0.483068 4.281250
76 0.482700 4.278683
77 0.482338 4.276151
78 0.481980 4.273653
79 0.481628 4.271189
80 0.481280 4.268758
81 0.480937 4.266360
82 0.480598 4.263994
83 0.480264 4.261661
84 0.479935 4.259359
85 0.479610 4.257088
86 0.479290 4.254847
87 0.478974 4.252637
88 0.478663 4.250457
89 0.478355 4.248307
90 0.478052 4.246186
91 0.477753 4.244093
92 0.477459 4.242029
93 0.477171 4.237971
94 0.476888 4.235989
95 0.476608 4.234031
96 0.476331 4.232097
97 0.476058 4.230187
98 0.475788 4.228301
99 0.475522 4.226438
100 0.475259 4.224598
101 0.475000 4.222781
102 0.474743 4.220986
103 0.474490 4.219214
104 0.474240 4.217463
105 0.473993 4.215734
106 0.473749 4.214027
107 0.473508 4.212341
108 0.473270 4.210675
109 0.473035 4.209030
110 0.472804 4.207406
111 0.472575 4.205802
112 0.472348 4.204218
113 0.472125 4.202653
114 0.471905 4.201108
115 0.471687 4.199582
116 0.471472 4.198074
117 0.471260 4.196586
118 0.471050 4.195116
119 0.470843 4.193664
120 0.470638 4.192231
121 0.470437 4.190815
122 0.470237 4.189417
123 0.470040 4.188036
124 0.469846 4.186672
125 0.469654 4.185325
126 0.469464 4.183995
127 0.469277 4.182682
128 0.469092 4.181385
129 0.468910 4.180104
130 0.468730 4.178839
131 0.468552 4.177589
132 0.468376 4.176356
133 0.468202 4.175137
134 0.468031 4.173934
135 0.467862 4.172746
136 0.467695 4.171573
137 0.467530 4.170414
138 0.467367 4.169269
139 0.467206 4.168139
140 0.467047 4.167023
141 0.466890 4.165921
142 0.466735 4.164833
143 0.466582 4.163758
144 0.466431 4.162697
145 0.466282 4.161649
146 0.466135 4.160614
147 0.465989 4.159592
148 0.465846 4.158582
149 0.465704 4.157585
150 0.465564 4.156601
151 0.465426 4.155629
152 0.465289 4.154669
153 0.465154 4.153721
154 0.465021 4.152785
155 0.464890 4.151861
156 0.464760 4.150948
157 0.464632 4.150047
158 0.464505 4.149156
159 0.464380 4.148277
160 0.464257 4.147409
161 0.464135 4.146552
162 0.464015 4.145706
163 0.463896 4.144870
164 0.463779 4.144044
165 0.463663 4.143229
166 0.463548 4.142424
167 0.463435 4.141629
168 0.463324 4.140844
169 0.463214 4.140069
170 0.463105 4.139304
171 0.462998 4.138548
172 0.462892 4.137802
173 0.462787 4.137065
174 0.462684 4.136337
175 0.462581 4.135618
176 0.462481 4.134909
177 0.462381 4.134208
178 0.462283 4.133516
179 0.462186 4.132833
180 0.462090 4.132158
181 0.461995 4.131492
182 0.461902 4.130834
183 0.461810 4.130184
184 0.461719 4.129542
185 0.461629 4.128909
186 0.461540 4.128283
187 0.461452 4.127665
188 0.461366 4.127055
189 0.461280 4.126453
190 0.461196 4.125858
191 0.461112 4.125271
192 0.461030 4.124691
193 0.460949 4.124118
194 0.460868 4.123553
195 0.460789 4.122994
196 0.460711 4.122443
197 0.460634 4.121898
198 0.460557 4.121360
199 0.460482 4.120829
200 0.460408 4.120305
201 0.460334 4.119787
202 0.460262 4.119276
203 0.460190 4.118771
204 0.460119 4.118273
205 0.460049 4.117781
206 0.459981 4.117295
207 0.459912 4.116815
208 0.459845 4.116341
209 0.459779 4.115873
210 0.459713 4.115411
211 0.459649 4.114955
212 0.459585 4.114504
213 0.459522 4.114059
214 0.459459 4.113620
215 0.459398 4.113186
216 0.459337 4.112758
217 0.459277 4.112335
218 0.459218 4.111917
219 0.459159 4.111505
220 0.459102 4.111098
221 0.459045 4.110696
222 0.458988 4.110299
223 0.458933 4.109906
224 0.458878 4.109519
225 0.458824 4.109137
226 0.458770 4.108760
227 0.458717 4.108387
228 0.458665 4.108019
229 0.458614 4.107656
230 0.458563 4.107297
231 0.458513 4.106942
232 0.458463 4.106592
233 0.458414 4.106247
234 0.458366 4.105906
235 0.458318 4.105569
236 0.458271 4.105236
237 0.458224 4.104908
238 0.458178 4.104584
239 0.458133 4.104264
240 0.458088 4.103947
241 0.458044 4.103635
242 0.458000 4.103327
243 0.457957 4.103022
244 0.457914 4.102722
245 0.457872 4.102425
246 0.457831 4.102132
247 0.457790 4.101843
248 0.457749 4.101557
249 0.457709 4.101275
250 0.457670 4.100996
251 0.457631 4.100721
252 0.457592 4.100450
253 0.457554 4.100181
254 0.457517 4.099917
255 0.457480 4.099655
256 0.457443 4.099397
257 0.457407 4.099142
258 0.457371 4.098890
259 0.457336 4.098642
260 0.457301 4.098396
261 0.457267 4.098154
262 0.457233 4.097914
263 0.457200 4.097678
264 0.457167 4.097445
265 0.457134 4.097214
266 0.457102 4.096987
267 0.457070 4.096762
268 0.457039 4.096541
269 0.457008 4.096322
270 0.456977 4.096105
271 0.456947 4.095892
272 0.456917 4.095681
273 0.456887 4.095473
274 0.456858 4.095267
275 0.456830 4.095064
276 0.456801 4.094864
277 0.456773 4.094666
278 0.456745 4.094471
279 0.456718 4.094278
280 0.456691 4.094087
281 0.456665 4.093899
282 0.456638 4.093713
283 0.456612 4.093530
284 0.456587 4.093349
285 0.456561 4.093170
286 0.456536 4.092993
287 0.456512 4.092819
288 0.456487 4.092647
289 0.456463 4.092477
290 0.456439 4.092309
291 0.456416 4.092143
292 0.456393 4.091980
293 0.456370 4.091818
294 0.456347 4.091659
295 0.456325 4.091501
296 0.456303 4.091346
297 0.456281 4.091192
298 0.456260 4.091040
299 0.456239 4.090891
300 0.456218 4.090743
301 0.456197 4.090597
302 0.456177 4.090453
303 0.456156 4.090310
304 0.456136 4.090170
305 0.456117 4.090031
306 0.456097 4.089969
307 0.456078 4.089833
308 0.456059 4.089698
309 0.456040 4.089565
310 0.456021 4.089433
311 0.456003 4.089303
312 0.455985 4.089174
313 0.455967 4.089047
314 0.455949 4.088921
315 0.455931 4.088797
316 0.455914 4.088674
317 0.455897 4.088552
318 0.455879 4.088432
319 0.455863 4.088313
320 0.455846 4.088196
321 0.455830 4.088080
322 0.455813 4.087965
323 0.455797 4.087852
324 0.455781 4.087740
325 0.455766 4.087629
326 0.455750 4.087519
327 0.455735 4.087411
328 0.455720 4.087304
329 0.455705 4.087198
330 0.455690 4.087093
331 0.455675 4.086989
332 0.455660 4.086887
333 0.455646 4.086786
334 0.455632 4.086686
335 0.455618 4.086587
336 0.455604 4.086489
337 0.455590 4.086392
338 0.455577 4.086297
339 0.455563 4.086202
340 0.455550 4.086109
341 0.455537 4.086017
342 0.455524 4.085925
343 0.455511 4.085835
344 0.455499 4.085746
345 0.455486 4.085658
346 0.455474 4.085571
347 0.455462 4.085484
348 0.455450 4.085399
349 0.455438 4.085315
350 0.455426 4.085232
351 0.455414 4.085149
352 0.455403 4.085068
353 0.455391 4.084988
354 0.455380 4.084908
355 0.455369 4.084829
356 0.455358 4.084752
357 0.455347 4.084675
358 0.455336 4.084599
359 0.455326 4.084524
360 0.455315 4.084449
361 0.455305 4.084376
362 0.455294 4.084303
363 0.455284 4.084232
364 0.455274 4.084161
365 0.455264 4.084091
366 0.455254 4.084021
367 0.455245 4.083953
368 0.455235 4.083885
369 0.455226 4.083818
370 0.455216 4.083752
371 0.455207 4.083686
372 0.455198 4.083621
373 0.455189 4.083557
374 0.455180 4.083494
375 0.455171 4.083432
376 0.455162 4.083370
377 0.455153 4.083309
378 0.455145 4.083248
379 0.455136 4.083189
380 0.455128 4.083129
381 0.455120 4.083071
382 0.455112 4.083013
383 0.455104 4.082956
384 0.455096 4.082900
385 0.455088 4.082844
386 0.455080 4.082789
387 0.455072 4.082734
388 0.455064 4.082681
389 0.455057 4.082627
390 0.455049 4.082575
391 0.455042 4.082523
392 0.455035 4.082471
393 0.455028 4.082420
394 0.455020 4.082370
395 0.455013 4.082320
396 0.455006 4.082271
397 0.455000 4.082222
398 0.454993 4.082174
399 0.454986 4.082127
400 0.454979 4.082080
401 0.454973 4.082033
402 0.454966 4.081988
403 0.454960 4.081942
404 0.454953 4.081897
405 0.454947 4.081853
406 0.454941 4.081809
407 0.454935 4.081766
408 0.454929 4.081723
409 0.454923 4.081681
410 0.454917 4.081639
411 0.454911 4.081597
412 0.454905 4.081556
413 0.454899 4.081516
414 0.454894 4.081476
415 0.454888 4.081436
416 0.454883 4.081397
417 0.454877 4.081359
418 0.454872 4.081320
419 0.454866 4.081283
420 0.454861 4.081245
421 0.454856 4.081208
422 0.454851 4.081172
423 0.454846 4.081136
424 0.454841 4.081100
425 0.454836 4.081065
426 0.454831 4.081030
427 0.454826 4.080996
428 0.454821 4.080961
429 0.454816 4.080928
430 0.454811 4.080894
431 0.454807 4.080862
432 0.454802 4.080829
433 0.454798 4.080797
434 0.454793 4.080765
435 0.454789 4.080734
436 0.454784 4.080702
437 0.454780 4.080672
438 0.454776 4.080641
439 0.454771 4.080611
440 0.454767 4.080582
441 0.454763 4.080552
442 0.454759 4.080523
443 0.454755 4.080495
444 0.454751 4.080466
445 0.454747 4.080438
446 0.454743 4.080410
447 0.454739 4.080383
448 0.454735 4.080356
449 0.454731 4.080329
450 0.454728 4.080303
451 0.454724 4.080277
452 0.454720 4.080251
453 0.454717 4.080225
454 0.454713 4.080200
455 0.454709 4.080175
456 0.454706 4.080150
457 0.454703 4.080126
458 0.454699 4.080101
459 0.454696 4.080078
460 0.454692 4.080054
461 0.454689 4.080031
462 0.454686 4.080008
463 0.454683 4.079985
464 0.454679 4.079962
465 0.454676 4.079940
466 0.454673 4.079918
467 0.454670 4.079896
468 0.454667 4.079874
469 0.454664 4.079853
470 0.454661 4.079832
471 0.454658 4.079811
472 0.454655 4.079791
473 0.454652 4.079770
474 0.454649 4.079750
475 0.454647 4.079730
476 0.454644 4.079711
477 0.454641 4.079691
478 0.454638 4.079672
479 0.454636 4.079653
480 0.454633 4.079634
481 0.454630 4.079616
482 0.454628 4.079597
483 0.454625 4.079579
484 0.454623 4.079561
485 0.454620 4.079544
486 0.454618 4.079526
487 0.454615 4.079509
488 0.454613 4.079492
489 0.454610 4.079475
490 0.454608 4.079458
491 0.454606 4.079441
492 0.454603 4.079425
493 0.454601 4.079409
494 0.454599 4.079393
495 0.454596 4.079377
496 0.454594 4.079361
497 0.454592 4.079346
498 0.454590 4.079331
499 0.454588 4.079316
