0 0.352854 5.480000
1 0.351908 5.480000
2 0.351008 5.468573
3 0.350177 5.451427
4 0.349385 5.441384
5 0.348603 5.438616
6 0.347856 5.429151
7 0.347143 5.420107
8 0.346462 5.411465
9 0.345812 5.403209
10 0.345185 5.396791
11 0.344585 5.389180
12 0.344011 5.381893
13 0.343450 5.378107
14 0.342911 5.371283
15 0.342395 5.364735
16 0.341900 5.358454
17 0.341425 5.352427
18 0.340966 5.347573
19 0.340525 5.341982
20 0.340101 5.336607
21 0.339694 5.331440
22 0.339302 5.326472
23 0.338926 5.321695
24 0.338564 5.317104
25 0.338216 5.312690
26 0.337885 5.307310
27 0.337567 5.303270
28 0.337260 5.299378
29 0.336964 5.295629
30 0.336679 5.292017
31 0.336405 5.288537
32 0.336140 5.285184
33 0.335886 5.281955
34 0.335641 5.278843
35 0.335404 5.275846
36 0.335177 5.272959
37 0.334958 5.270178
38 0.334747 5.267499
39 0.334544 5.264918
40 0.334348 5.262432
41 0.334159 5.260038
42 0.333978 5.257731
43 0.333803 5.255509
44 0.333635 5.253369
45 0.333472 5.251308
46 0.333316 5.249322
47 0.333166 5.247410
48 0.333021 5.245568
49 0.332881 5.243793
50 0.332747 5.242084
51 0.332617 5.240438
52 0.332493 5.238853
53 0.332373 5.237326
54 0.332257 5.235855
55 0.332146 5.234438
56 0.332039 5.233074
57 0.331935 5.231760
58 0.331836 5.230494
59 0.331740 5.229275
60 0.331648 5.228101
61 0.331559 5.226971
62 0.331473 5.225882
63 0.331391 5.224833
64 0.331312 5.223823
65 0.331235 5.222850
66 0.331162 5.221913
67 0.331091 5.221010
68 0.331023 5.220141
69 0.330955 5.219859
70 0.330890 5.219032
71 0.330827 5.218234
72 0.330767 5.217463
73 0.330708 5.216719
74 0.330652 5.216002
75 0.330597 5.215309
76 0.330544 5.214640
77 0.330494 5.213995
78 0.330445 5.213372
79 0.330397 5.212770
80 0.330352 5.212190
81 0.330308 5.211630
82 0.330265 5.211089
83 0.330224 5.210567
84 0.330184 5.210063
85 0.330146 5.209577
86 0.330109 5.209108
87 0.330074 5.208655
88 0.330039 5.208218
89 0.330006 5.207796
90 0.329974 5.207389
91 0.329943 5.206996
92 0.329913 5.206616
93 0.329885 5.206250
94 0.329857 5.205897
95 0.329830 5.205556
96 0.329804 5.205226
97 0.329779 5.204909
98 0.329755 5.204602
99 0.329732 5.204306
100 0.329709 5.204020
101 0.329688 5.203744
102 0.329667 5.203478
103 0.329646 5.203221
104 0.329627 5.202974
105 0.329608 5.202734
106 0.329590 5.202503
107 0.329572 5.202280
108 0.329556 5.202065
109 0.329539 5.201858
110 0.329523 5.201657
111 0.329508 5.201464
112 0.329494 5.201277
113 0.329479 5.201097
114 0.329466 5.200923
115 0.329453 5.200755
116 0.329440 5.200593
117 0.329428 5.200437
118 0.329416 5.200286
119 0.329404 5.200140
120 0.329393 5.200000
121 0.329383 5.199864
122 0.329372 5.199733
123 0.329362 5.199607
124 0.329353 5.199485
125 0.329343 5.199367
126 0.329335 5.199254
127 0.329326 5.199144
128 0.329318 5.199038
129 0.329310 5.198936
130 0.329302 5.198837
131 0.329294 5.198742
132 0.329287 5.198650
133 0.329280 5.198562
134 0.329273 5.198476
135 0.329267 5.198394
136 0.329261 5.198314
137 0.329255 5.198237
138 0.329249 5.198163
139 0.329243 5.198091
140 0.329238 5.198022
141 0.329232 5.197955
142 0.329227 5.197891
143 0.329223 5.197829
144 0.329218 5.197769
145 0.329213 5.197711
146 0.329209 5.197655
147 0.329205 5.197601
148 0.329201 5.197549
149 0.329197 5.197499
150 0.329193 5.197450
151 0.329189 5.197404
152 0.329186 5.197358
153 0.329182 5.197315
154 0.329179 5.197273
155 0.329176 5.197232
156 0.329173 5.197193
157 0.329170 5.197155
158 0.329167 5.197119
159 0.329164 5.197083
160 0.329161 5.197049
161 0.329159 5.197017
162 0.329156 5.196985
163 0.329154 5.196954
164 0.329151 5.196925
165 0.329149 5.196896
166 0.329147 5.196869
167 0.329145 5.196842
168 0.329143 5.196817
169 0.329141 5.196792
170 0.329139 5.196768
171 0.329137 5.196745
172 0.329136 5.196723
173 0.329134 5.196702
174 0.329132 5.196681
175 0.329131 5.196661
176 0.329129 5.196642
177 0.329128 5.196623
178 0.329126 5.196605
179 0.329125 5.196588
180 0.329124 5.196571
181 0.329122 5.196555
182 0.329121 5.196539
183 0.329120 5.196524
184 0.329119 5.196510
185 0.329118 5.196496
186 0.329117 5.196482
187 0.329116 5.196469
188 0.329115 5.196457
189 0.329114 5.196444
190 0.329113 5.196433
191 0.329112 5.196421
192 0.329111 5.196411
193 0.329110 5.196400
194 0.329109 5.196390
195 0.329109 5.196380
196 0.329108 5.196371
197 0.329107 5.196361
198 0.329107 5.196353
199 0.329106 5.196344
200 0.329105 5.196336
201 0.329105 5.196328
202 0.329104 5.196320
203 0.329103 5.196313
204 0.329103 5.196306
205 0.329102 5.196299
206 0.329102 5.196292
207 0.329101 5.196286
208 0.329101 5.196280
209 0.329100 5.196274
210 0.329100 5.196268
211 0.329099 5.196262
212 0.329099 5.196257
213 0.329099 5.196252
214 0.329098 5.196247
215 0.329098 5.196242
216 0.329097 5.196237
217 0.329097 5.196233
218 0.329097 5.196228
219 0.329096 5.196224
220 0.329096 5.196220
221 0.329096 5.196216
222 0.329095 5.196212
223 0.329095 5.196209
224 0.329095 5.196205
225 0.329095 5.196202
226 0.329094 5.196199
227 0.329094 5.196195
228 0.329094 5.196192
229 0.329094 5.196189
230 0.329093 5.196187
231 0.329093 5.196184
232 0.329093 5.196181
233 0.329093 5.196179
234 0.329093 5.196176
235 0.329092 5.196174
236 0.329092 5.196172
237 0.329092 5.196169
238 0.329092 5.196167
239 0.329092 5.196165
240 0.329092 5.196163
241 0.329091 5.196161
242 0.329091 5.196159
243 0.329091 5.196158
244 0.329091 5.196156
245 0.329091 5.196154
246 0.329091 5.196153
247 0.329091 5.196151
248 0.329091 5.196150
249 0.329090 5.196148
250 0.329090 5.196147
251 0.329090 5.196145
252 0.329090 5.196144
253 0.329090 5.196143
254 0.329090 5.196142
255 0.329090 5.196140
256 0.329090 5.196139
257 0.329090 5.196138
258 0.329090 5.196137
259 0.329090 5.196136
260 0.329089 5.196135
261 0.329089 5.196134
262 0.329089 5.196133
263 0.329089 5.196132
264 0.329089 5.196132
265 0.329089 5.196131
266 0.329089 5.196130
267 0.329089 5.196129
268 0.329089 5.196129
269 0.329089 5.196128
270 0.329089 5.196127
271 0.329089 5.196126
272 0.329089 5.196126
273 0.329089 5.196125
274 0.329089 5.196125
275 0.329089 5.196124
276 0.329089 5.196123
277 0.329088 5.196123
278 0.329088 5.196122
279 0.329088 5.196122
280 0.329088 5.196121
281 0.329088 5.196121
282 0.329088 5.196121
283 0.329088 5.196120
284 0.329088 5.196120
285 0.329088 5.196119
286 0.329088 5.196119
287 0.329088 5.196119
288 0.329088 5.196118
289 0.329088 5.196118
290 0.329088 5.196117
291 0.329088 5.196117
292 0.329088 5.196117
293 0.329088 5.196117
294 0.329088 5.196116
295 0.329088 5.196116
296 0.329088 5.196116
297 0.329088 5.196115
298 0.329088 5.196115
299 0.329088 5.196115
300 0.329088 5.196115
301 0.329088 5.196114
302 0.329088 5.196114
303 0.329088 5.196114
304 0.329088 5.196114
305 0.329088 5.196114
306 0.329088 5.196113
307 0.329088 5.196113
308 0.329088 5.196113
309 0.329088 5.196113
310 0.329088 5.196113
311 0.329088 5.196113
312 0.329088 5.196112
313 0.329088 5.196112
314 0.329088 5.196112
315 0.329088 5.196112
316 0.329088 5.196112
317 0.329088 5.196112
318 0.329088 5.196112
319 0.329088 5.196111
320 0.329088 5.196111
321 0.329088 5.196111
322 0.329088 5.196111
323 0.329088 5.196111
324 0.329088 5.196111
325 0.329088 5.196111
326 0.329088 5.196111
327 0.329087 5.196111
328 0.329087 5.196111
329 0.329087 5.196110
330 0.329087 5.196110
331 0.329087 5.196110
332 0.329087 5.196110
333 0.329087 5.196110
334 0.329087 5.196110
335 0.329087 5.196110
336 0.329087 5.196110
337 0.329087 5.196110
338 0.329087 5.196110
339 0.329087 5.196110
340 0.329087 5.196110
341 0.329087 5.196110
342 0.329087 5.196110
343 0.329087 5.196110
344 0.329087 5.196110
345 0.329087 5.196109
346 0.329087 5.196109
347 0.329087 5.196109
348 0.329087 5.196109
349 0.329087 5.196109
350 0.329087 5.196109
351 0.329087 5.196109
352 0.329087 5.196109
353 0.329087 5.196109
354 0.329087 5.196109
355 0.329087 5.196109
356 0.329087 5.196109
357 0.329087 5.196109
358 0.329087 5.196109
359 0.329087 5.196109
360 0.329087 5.196109
361 0.329087 5.196109
362 0.329087 5.196109
363 0.329087 5.196109
364 0.329087 5.196109
365 0.329087 5.196109
366 0.329087 5.196109
367 0.329087 5.196109
368 0.329087 5.196109
369 0.329087 5.196109
370 0.329087 5.196109
371 0.329087 5.196109
372 0.329087 5.196109
373 0.329087 5.196109
374 0.329087 5.196109
375 0.329087 5.196109
376 0.329087 5.196109
377 0.329087 5.196109
378 0.329087 5.196109
379 0.329087 5.196109
380 0.329087 5.196109
381 0.329087 5.196109
382 0.329087 5.196108
383 0.329087 5.196108
384 0.329087 5.196108
385 0.329087 5.196108
386 0.329087 5.196108
387 0.329087 5.196108
388 0.329087 5.196108
389 0.329087 5.196108
390 0.329087 5.196108
391 0.329087 5.196108
392 0.329087 5.196108
393 0.329087 5.196108
394 0.329087 5.196108
395 0.329087 5.196108
396 0.329087 5.196108
397 0.329087 5.196108
398 0.329087 5.196108
399 0.329087 5.196108
400 0.329087 5.196108
401 0.329087 5.196108
402 0.329087 5.196108
403 0.329087 5.196108
404 0.329087 5.196108
405 0.329087 5.196108
406 0.329087 5.196108
407 0.329087 5.196108
408 0.329087 5.196108
409 0.329087 5.196108
410 0.329087 5.196108
411 0.329087 5.196108
412 0.329087 5.196108
413 0.329087 5.196108
414 0.329087 5.196108
415 0.329087 5.196108
416 0.329087 5.196108
417 0.329087 5.196108
418 0.329087 5.196108
419 0.329087 5.196108
420 0.329087 5.196108
421 0.329087 5.196108
422 0.329087 5.196108
423 0.329087 5.196108
424 0.329087 5.196108
425 0.329087 5.196108
426 0.329087 5.196108
427 0.329087 5.196108
428 0.329087 5.196108
429 0.329087 5.196108
430 0.329087 5.196108
431 0.329087 5.196108
432 0.329087 5.196108
433 0.329087 5.196108
434 0.329087 5.196108
435 0.329087 5.196108
436 0.329087 5.196108
437 0.329087 5.196108
438 0.329087 5.196108
439 0.329087 5.196108
440 0.329087 5.196108
441 0.329087 5.196108
442 0.329087 5.196108
443 0.329087 5.196108
444 0.329087 5.196108
445 0.329087 5.196108
446 0.329087 5.196108
447 0.329087 5.196108
448 0.329087 5.196108
449 0.329087 5.196108
450 0.329087 5.196108
451 0.329087 5.196108
452 0.329087 5.196108
453 0.329087 5.196108
454 0.329087 5.196108
455 0.329087 5.196108
456 0.329087 5.196108
457 0.329087 5.196108
458 0.329087 5.196108
459 0.329087 5.196108
460 0.329087 5.196108
461 0.329087 5.196108
462 0.329087 5.196108
463 0.329087 5.196108
464 0.329087 5.196108
465 0.329087 5.196108
466 0.329087 5.196108
467 0.329087 5.196108
468 0.329087 5.196108
469 0.329087 5.196108
470 0.329087 5.196108
471 0.329087 5.196108
472 0.329087 5.196108
473 0.329087 5.196108
474 0.329087 5.196108
475 0.329087 5.196108
476 0.329087 5.196108
477 0.329087 5.196108
478 0.329087 5.196108
479 0.329087 5.196108
480 0.329087 5.196108
481 0.329087 5.196108
482 0.329087 5.196108
483 0.329087 5.196108
484 0.329087 5.196108
485 0.329087 5.196108
486 0.329087 5.196108
487 0.329087 5.196108
488 0.329087 5.196108
489 0.329087 5.196108
490 0.329087 5.196108
491 0.329087 5.196108
492 0.329087 5.196108
493 0.329087 5.196108
494 0.329087 5.196108
495 0.329087 5.196108
496 0.329087 5.196108
497 0.329087 5.196108
498 0.329087 5.196108
499 0.329087 5.196108
