4237.5 1 5012.656009 0.005 1.13e-05
4262.5 0 5012.656009 0.005 1.13e-05
4287.5 3 5012.656009 0.005 1.13e-05
4312.5 3 5012.656009 0.005 1.13e-05
4337.5 5 5012.656009 0.005 1.13e-05
4362.5 5 5012.656009 0.005 1.13e-05
4387.5 6 5012.656009 0.005 1.13e-05
4412.5 6 5012.656009 0.005 1.13e-05
4437.5 7 5012.656009 0.005 1.13e-05
4462.5 8 5012.656009 0.005 1.13e-05
4487.5 12 5012.656009 0.005 1.13e-05
4512.5 10 5012.656009 0.005 1.13e-05
4537.5 14 5012.656009 0.005 1.13e-05
4562.5 14 5012.656009 0.005 1.13e-05
4587.5 15 5012.656009 0.005 1.13e-05
4612.5 17 5012.656009 0.005 1.13e-05
4637.5 15 5012.656009 0.005 1.13e-05
4662.5 14 5012.656009 0.005 1.13e-05
4687.5 19 5012.656009 0.005 1.13e-05
4712.5 15 5012.656009 0.005 1.13e-05
4737.5 21 5012.656009 0.005 1.13e-05
4762.5 18 5012.656009 0.005 1.13e-05
4787.5 16 5012.656009 0.005 1.13e-05
4812.5 17 5012.656009 0.005 1.13e-05
4837.5 15 5012.656009 0.005 1.13e-05
4862.5 17 5012.656009 0.005 1.13e-05
4887.5 8 5012.656009 0.005 1.13e-05
4912.5 2 5012.656009 0.005 1.13e-05
4937.5 6 5012.656009 0.005 1.13e-05
4962.5 2 5012.656009 0.005 1.13e-05
4987.5 6 5012.656009 0.005 1.13e-05
5012.5 5 5012.656009 0.005 1.13e-05
5037.5 5 5012.656009 0.005 1.13e-05
5062.5 8 5012.656009 0.005 1.13e-05
5087.5 7 5012.656009 0.005 1.13e-05
5112.5 12 5012.656009 0.005 1.13e-05
5137.5 11 5012.656009 0.005 1.13e-05
5162.5 17 5012.656009 0.005 1.13e-05
5187.5 13 5012.656009 0.005 1.13e-05
5212.5 10 5012.656009 0.005 1.13e-05
5237.5 13 5012.656009 0.005 1.13e-05
5262.5 8 5012.656009 0.005 1.13e-05
5287.5 6 5012.656009 0.005 1.13e-05
5312.5 6 5012.656009 0.005 1.13e-05
5337.5 6 5012.656009 0.005 1.13e-05
5362.5 4 5012.656009 0.005 1.13e-05
5387.5 6 5012.656009 0.005 1.13e-05
5412.5 11 5012.656009 0.005 1.13e-05
5437.5 7 5012.656009 0.005 1.13e-05
5462.5 11 5012.656009 0.005 1.13e-05
5487.5 19 5012.656009 0.005 1.13e-05
5512.5 18 5012.656009 0.005 1.13e-05
5537.5 20 5012.656009 0.005 1.13e-05
5562.5 17 5012.656009 0.005 1.13e-05
5587.5 53 5012.656009 0.005 1.13e-05
5612.5 35 5012.656009 0.005 1.13e-05
5637.5 32 5012.656009 0.005 1.13e-05
5662.5 23 5012.656009 0.005 1.13e-05
5687.5 21 5012.656009 0.005 1.13e-05
5712.5 14 5012.656009 0.005 1.13e-05
5737.5 23 5012.656009 0.005 1.13e-05
5762.5 24 5012.656009 0.005 1.13e-05
5787.5 18 5012.656009 0.005 1.13e-05
5812.5 21 5012.656009 0.005 1.13e-05
5837.5 11 5012.656009 0.005 1.13e-05
5862.5 10 5012.656009 0.005 1.13e-05
5887.5 8 5012.656009 0.005 1.13e-05
5912.5 7 5012.656009 0.005 1.13e-05
5937.5 11 5012.656009 0.005 1.13e-05
5962.5 6 5012.656009 0.005 1.13e-05
5987.5 12 5012.656009 0.005 1.13e-05
6012.5 10 5012.656009 0.005 1.13e-05
6037.5 3 5012.656009 0.005 1.13e-05
6062.5 5 5012.656009 0.005 1.13e-05
6087.5 4 5012.656009 0.005 1.13e-05
6112.5 1 5012.656009 0.005 1.13e-05
6137.5 2 5012.656009 0.005 1.13e-05
