4962.5 1 5203.136352 0.01 5.2e-06
4987.5 3 5203.136352 0.01 5.2e-06
5012.5 2 5203.136352 0.01 5.2e-06
5037.5 8 5203.136352 0.01 5.2e-06
5062.5 11 5203.136352 0.01 5.2e-06
5087.5 17 5203.136352 0.01 5.2e-06
5112.5 20 5203.136352 0.01 5.2e-06
5137.5 26 5203.136352 0.01 5.2e-06
5162.5 22 5203.136352 0.01 5.2e-06
5187.5 16 5203.136352 0.01 5.2e-06
5212.5 13 5203.136352 0.01 5.2e-06
5237.5 13 5203.136352 0.01 5.2e-06
5262.5 6 5203.136352 0.01 5.2e-06
5287.5 7 5203.136352 0.01 5.2e-06
5312.5 7 5203.136352 0.01 5.2e-06
5337.5 9 5203.136352 0.01 5.2e-06
5362.5 7 5203.136352 0.01 5.2e-06
5387.5 1 5203.136352 0.01 5.2e-06
5412.5 7 5203.136352 0.01 5.2e-06
5437.5 4 5203.136352 0.01 5.2e-06
5462.5 2 5203.136352 0.01 5.2e-06
5487.5 7 5203.136352 0.01 5.2e-06
5512.5 8 5203.136352 0.01 5.2e-06
5537.5 8 5203.136352 0.01 5.2e-06
5562.5 12 5203.136352 0.01 5.2e-06
5587.5 11 5203.136352 0.01 5.2e-06
5612.5 17 5203.136352 0.01 5.2e-06
5637.5 6 5203.136352 0.01 5.2e-06
5662.5 1 5203.136352 0.01 5.2e-06
