4437.5 1 4879.455289 0.007 1.04e-05
4462.5 2 4879.455289 0.007 1.04e-05
4487.5 1 4879.455289 0.007 1.04e-05
4512.5 5 4879.455289 0.007 1.04e-05
4537.5 7 4879.455289 0.007 1.04e-05
4562.5 7 4879.455289 0.007 1.04e-05
4587.5 7 4879.455289 0.007 1.04e-05
4612.5 9 4879.455289 0.007 1.04e-05
4637.5 10 4879.455289 0.007 1.04e-05
4662.5 9 4879.455289 0.007 1.04e-05
4687.5 12 4879.455289 0.007 1.04e-05
4712.5 9 4879.455289 0.007 1.04e-05
4737.5 6 4879.455289 0.007 1.04e-05
4762.5 6 4879.455289 0.007 1.04e-05
4787.5 5 4879.455289 0.007 1.04e-05
4812.5 11 4879.455289 0.007 1.04e-05
4837.5 16 4879.455289 0.007 1.04e-05
4862.5 20 4879.455289 0.007 1.04e-05
4887.5 17 4879.455289 0.007 1.04e-05
4912.5 15 4879.455289 0.007 1.04e-05
4937.5 22 4879.455289 0.007 1.04e-05
4962.5 28 4879.455289 0.007 1.04e-05
4987.5 21 4879.455289 0.007 1.04e-05
5012.5 21 4879.455289 0.007 1.04e-05
5037.5 12 4879.455289 0.007 1.04e-05
5062.5 9 4879.455289 0.007 1.04e-05
5087.5 8 4879.455289 0.007 1.04e-05
5112.5 12 4879.455289 0.007 1.04e-05
5137.5 9 4879.455289 0.007 1.04e-05
5162.5 11 4879.455289 0.007 1.04e-05
5187.5 12 4879.455289 0.007 1.04e-05
5212.5 7 4879.455289 0.007 1.04e-05
5237.5 7 4879.455289 0.007 1.04e-05
5262.5 7 4879.455289 0.007 1.04e-05
5287.5 7 4879.455289 0.007 1.04e-05
5312.5 3 4879.455289 0.007 1.04e-05
5337.5 6 4879.455289 0.007 1.04e-05
5362.5 1 4879.455289 0.007 1.04e-05
5387.5 1 4879.455289 0.007 1.04e-05
5412.5 1 4879.455289 0.007 1.04e-05
