4312.5 2 4910.836956 0.007 1.22e-05
4337.5 3 4910.836956 0.007 1.22e-05
4362.5 6 4910.836956 0.007 1.22e-05
4387.5 6 4910.836956 0.007 1.22e-05
4412.5 7 4910.836956 0.007 1.22e-05
4437.5 13 4910.836956 0.007 1.22e-05
4462.5 11 4910.836956 0.007 1.22e-05
4487.5 22 4910.836956 0.007 1.22e-05
4512.5 15 4910.836956 0.007 1.22e-05
4537.5 23 4910.836956 0.007 1.22e-05
4562.5 22 4910.836956 0.007 1.22e-05
4587.5 22 4910.836956 0.007 1.22e-05
4612.5 27 4910.836956 0.007 1.22e-05
4637.5 35 4910.836956 0.007 1.22e-05
4662.5 30 4910.836956 0.007 1.22e-05
4687.5 29 4910.836956 0.007 1.22e-05
4712.5 30 4910.836956 0.007 1.22e-05
4737.5 39 4910.836956 0.007 1.22e-05
4762.5 27 4910.836956 0.007 1.22e-05
4787.5 42 4910.836956 0.007 1.22e-05
4812.5 47 4910.836956 0.007 1.22e-05
4837.5 61 4910.836956 0.007 1.22e-05
4862.5 63 4910.836956 0.007 1.22e-05
4887.5 75 4910.836956 0.007 1.22e-05
4912.5 73 4910.836956 0.007 1.22e-05
4937.5 52 4910.836956 0.007 1.22e-05
4962.5 45 4910.836956 0.007 1.22e-05
4987.5 52 4910.836956 0.007 1.22e-05
5012.5 24 4910.836956 0.007 1.22e-05
5037.5 27 4910.836956 0.007 1.22e-05
5062.5 23 4910.836956 0.007 1.22e-05
5087.5 15 4910.836956 0.007 1.22e-05
5112.5 29 4910.836956 0.007 1.22e-05
5137.5 28 4910.836956 0.007 1.22e-05
5162.5 26 4910.836956 0.007 1.22e-05
5187.5 25 4910.836956 0.007 1.22e-05
5212.5 26 4910.836956 0.007 1.22e-05
5237.5 24 4910.836956 0.007 1.22e-05
5262.5 23 4910.836956 0.007 1.22e-05
5287.5 22 4910.836956 0.007 1.22e-05
5312.5 27 4910.836956 0.007 1.22e-05
5337.5 23 4910.836956 0.007 1.22e-05
5362.5 20 4910.836956 0.007 1.22e-05
5387.5 29 4910.836956 0.007 1.22e-05
5412.5 26 4910.836956 0.007 1.22e-05
5437.5 25 4910.836956 0.007 1.22e-05
5462.5 18 4910.836956 0.007 1.22e-05
5487.5 21 4910.836956 0.007 1.22e-05
5512.5 17 4910.836956 0.007 1.22e-05
5537.5 14 4910.836956 0.007 1.22e-05
5562.5 20 4910.836956 0.007 1.22e-05
5587.5 31 4910.836956 0.007 1.22e-05
5612.5 25 4910.836956 0.007 1.22e-05
5637.5 31 4910.836956 0.007 1.22e-05
5662.5 30 4910.836956 0.007 1.22e-05
5687.5 29 4910.836956 0.007 1.22e-05
5712.5 35 4910.836956 0.007 1.22e-05
5737.5 23 4910.836956 0.007 1.22e-05
5762.5 26 4910.836956 0.007 1.22e-05
5787.5 21 4910.836956 0.007 1.22e-05
5812.5 19 4910.836956 0.007 1.22e-05
5837.5 13 4910.836956 0.007 1.22e-05
5862.5 9 4910.836956 0.007 1.22e-05
5887.5 6 4910.836956 0.007 1.22e-05
5912.5 14 4910.836956 0.007 1.22e-05
5937.5 4 4910.836956 0.007 1.22e-05
5962.5 8 4910.836956 0.007 1.22e-05
5987.5 11 4910.836956 0.007 1.22e-05
6012.5 9 4910.836956 0.007 1.22e-05
6037.5 5 4910.836956 0.007 1.22e-05
6062.5 1 4910.836956 0.007 1.22e-05
