4512.5 1 5105.464859 0.01 6.1e-06
4537.5 2 5105.464859 0.01 6.1e-06
4562.5 3 5105.464859 0.01 6.1e-06
4587.5 5 5105.464859 0.01 6.1e-06
4612.5 8 5105.464859 0.01 6.1e-06
4637.5 8 5105.464859 0.01 6.1e-06
4662.5 10 5105.464859 0.01 6.1e-06
4687.5 8 5105.464859 0.01 6.1e-06
4712.5 12 5105.464859 0.01 6.1e-06
4737.5 14 5105.464859 0.01 6.1e-06
4762.5 20 5105.464859 0.01 6.1e-06
4787.5 19 5105.464859 0.01 6.1e-06
4812.5 25 5105.464859 0.01 6.1e-06
4837.5 28 5105.464859 0.01 6.1e-06
4862.5 30 5105.464859 0.01 6.1e-06
4887.5 31 5105.464859 0.01 6.1e-06
4912.5 35 5105.464859 0.01 6.1e-06
4937.5 28 5105.464859 0.01 6.1e-06
4962.5 43 5105.464859 0.01 6.1e-06
4987.5 52 5105.464859 0.01 6.1e-06
5012.5 30 5105.464859 0.01 6.1e-06
5037.5 34 5105.464859 0.01 6.1e-06
5062.5 29 5105.464859 0.01 6.1e-06
5087.5 25 5105.464859 0.01 6.1e-06
5112.5 25 5105.464859 0.01 6.1e-06
5137.5 37 5105.464859 0.01 6.1e-06
5162.5 33 5105.464859 0.01 6.1e-06
5187.5 40 5105.464859 0.01 6.1e-06
5212.5 47 5105.464859 0.01 6.1e-06
5237.5 49 5105.464859 0.01 6.1e-06
5262.5 51 5105.464859 0.01 6.1e-06
5287.5 40 5105.464859 0.01 6.1e-06
5312.5 56 5105.464859 0.01 6.1e-06
5337.5 31 5105.464859 0.01 6.1e-06
5362.5 31 5105.464859 0.01 6.1e-06
5387.5 26 5105.464859 0.01 6.1e-06
5412.5 30 5105.464859 0.01 6.1e-06
5437.5 22 5105.464859 0.01 6.1e-06
5462.5 18 5105.464859 0.01 6.1e-06
5487.5 17 5105.464859 0.01 6.1e-06
5512.5 24 5105.464859 0.01 6.1e-06
5537.5 17 5105.464859 0.01 6.1e-06
5562.5 18 5105.464859 0.01 6.1e-06
5587.5 13 5105.464859 0.01 6.1e-06
5612.5 33 5105.464859 0.01 6.1e-06
5637.5 18 5105.464859 0.01 6.1e-06
5662.5 22 5105.464859 0.01 6.1e-06
5687.5 17 5105.464859 0.01 6.1e-06
5712.5 25 5105.464859 0.01 6.1e-06
5737.5 16 5105.464859 0.01 6.1e-06
5762.5 17 5105.464859 0.01 6.1e-06
5787.5 21 5105.464859 0.01 6.1e-06
5812.5 15 5105.464859 0.01 6.1e-06
5837.5 16 5105.464859 0.01 6.1e-06
5862.5 22 5105.464859 0.01 6.1e-06
5887.5 16 5105.464859 0.01 6.1e-06
5912.5 15 5105.464859 0.01 6.1e-06
5937.5 19 5105.464859 0.01 6.1e-06
5962.5 21 5105.464859 0.01 6.1e-06
5987.5 13 5105.464859 0.01 6.1e-06
6012.5 18 5105.464859 0.01 6.1e-06
6037.5 18 5105.464859 0.01 6.1e-06
6062.5 13 5105.464859 0.01 6.1e-06
6087.5 16 5105.464859 0.01 6.1e-06
6112.5 14 5105.464859 0.01 6.1e-06
6137.5 10 5105.464859 0.01 6.1e-06
6162.5 14 5105.464859 0.01 6.1e-06
6187.5 8 5105.464859 0.01 6.1e-06
6212.5 11 5105.464859 0.01 6.1e-06
6237.5 7 5105.464859 0.01 6.1e-06
6262.5 9 5105.464859 0.01 6.1e-06
6287.5 9 5105.464859 0.01 6.1e-06
6312.5 3 5105.464859 0.01 6.1e-06
6337.5 5 5105.464859 0.01 6.1e-06
6362.5 6 5105.464859 0.01 6.1e-06
6387.5 3 5105.464859 0.01 6.1e-06
6412.5 7 5105.464859 0.01 6.1e-06
6437.5 4 5105.464859 0.01 6.1e-06
6462.5 1 5105.464859 0.01 6.1e-06
6487.5 2 5105.464859 0.01 6.1e-06
6512.5 4 5105.464859 0.01 6.1e-06
6537.5 0 5105.464859 0.01 6.1e-06
6562.5 1 5105.464859 0.01 6.1e-06
6587.5 2 5105.464859 0.01 6.1e-06
6612.5 3 5105.464859 0.01 6.1e-06
6637.5 0 5105.464859 0.01 6.1e-06
6662.5 0 5105.464859 0.01 6.1e-06
6687.5 0 5105.464859 0.01 6.1e-06
6712.5 2 5105.464859 0.01 6.1e-06
