3912.5 2 4787.660233 0.009 8.7e-06
3937.5 5 4787.660233 0.009 8.7e-06
3962.5 5 4787.660233 0.009 8.7e-06
3987.5 6 4787.660233 0.009 8.7e-06
4012.5 10 4787.660233 0.009 8.7e-06
4037.5 19 4787.660233 0.009 8.7e-06
4062.5 17 4787.660233 0.009 8.7e-06
4087.5 28 4787.660233 0.009 8.7e-06
4112.5 28 4787.660233 0.009 8.7e-06
4137.5 31 4787.660233 0.009 8.7e-06
4162.5 22 4787.660233 0.009 8.7e-06
4187.5 29 4787.660233 0.009 8.7e-06
4212.5 46 4787.660233 0.009 8.7e-06
4237.5 30 4787.660233 0.009 8.7e-06
4262.5 27 4787.660233 0.009 8.7e-06
4287.5 28 4787.660233 0.009 8.7e-06
4312.5 27 4787.660233 0.009 8.7e-06
4337.5 30 4787.660233 0.009 8.7e-06
4362.5 33 4787.660233 0.009 8.7e-06
4387.5 35 4787.660233 0.009 8.7e-06
4412.5 38 4787.660233 0.009 8.7e-06
4437.5 48 4787.660233 0.009 8.7e-06
4462.5 42 4787.660233 0.009 8.7e-06
4487.5 65 4787.660233 0.009 8.7e-06
4512.5 53 4787.660233 0.009 8.7e-06
4537.5 57 4787.660233 0.009 8.7e-06
4562.5 69 4787.660233 0.009 8.7e-06
4587.5 69 4787.660233 0.009 8.7e-06
4612.5 78 4787.660233 0.009 8.7e-06
4637.5 72 4787.660233 0.009 8.7e-06
4662.5 70 4787.660233 0.009 8.7e-06
4687.5 82 4787.660233 0.009 8.7e-06
4712.5 95 4787.660233 0.009 8.7e-06
4737.5 103 4787.660233 0.009 8.7e-06
4762.5 109 4787.660233 0.009 8.7e-06
4787.5 120 4787.660233 0.009 8.7e-06
4812.5 123 4787.660233 0.009 8.7e-06
4837.5 117 4787.660233 0.009 8.7e-06
4862.5 89 4787.660233 0.009 8.7e-06
4887.5 134 4787.660233 0.009 8.7e-06
4912.5 112 4787.660233 0.009 8.7e-06
4937.5 97 4787.660233 0.009 8.7e-06
4962.5 82 4787.660233 0.009 8.7e-06
4987.5 113 4787.660233 0.009 8.7e-06
5012.5 106 4787.660233 0.009 8.7e-06
5037.5 99 4787.660233 0.009 8.7e-06
5062.5 110 4787.660233 0.009 8.7e-06
5087.5 106 4787.660233 0.009 8.7e-06
5112.5 106 4787.660233 0.009 8.7e-06
5137.5 108 4787.660233 0.009 8.7e-06
5162.5 106 4787.660233 0.009 8.7e-06
5187.5 83 4787.660233 0.009 8.7e-06
5212.5 79 4787.660233 0.009 8.7e-06
5237.5 66 4787.660233 0.009 8.7e-06
5262.5 68 4787.660233 0.009 8.7e-06
5287.5 63 4787.660233 0.009 8.7e-06
5312.5 63 4787.660233 0.009 8.7e-06
5337.5 66 4787.660233 0.009 8.7e-06
5362.5 54 4787.660233 0.009 8.7e-06
5387.5 53 4787.660233 0.009 8.7e-06
5412.5 61 4787.660233 0.009 8.7e-06
5437.5 65 4787.660233 0.009 8.7e-06
5462.5 63 4787.660233 0.009 8.7e-06
5487.5 65 4787.660233 0.009 8.7e-06
5512.5 78 4787.660233 0.009 8.7e-06
5537.5 77 4787.660233 0.009 8.7e-06
5562.5 78 4787.660233 0.009 8.7e-06
5587.5 77 4787.660233 0.009 8.7e-06
5612.5 79 4787.660233 0.009 8.7e-06
5637.5 70 4787.660233 0.009 8.7e-06
5662.5 63 4787.660233 0.009 8.7e-06
5687.5 67 4787.660233 0.009 8.7e-06
5712.5 68 4787.660233 0.009 8.7e-06
5737.5 47 4787.660233 0.009 8.7e-06
5762.5 72 4787.660233 0.009 8.7e-06
5787.5 54 4787.660233 0.009 8.7e-06
5812.5 50 4787.660233 0.009 8.7e-06
5837.5 51 4787.660233 0.009 8.7e-06
5862.5 48 4787.660233 0.009 8.7e-06
5887.5 58 4787.660233 0.009 8.7e-06
5912.5 36 4787.660233 0.009 8.7e-06
5937.5 38 4787.660233 0.009 8.7e-06
5962.5 33 4787.660233 0.009 8.7e-06
5987.5 45 4787.660233 0.009 8.7e-06
6012.5 22 4787.660233 0.009 8.7e-06
6037.5 34 4787.660233 0.009 8.7e-06
6062.5 43 4787.660233 0.009 8.7e-06
6087.5 31 4787.660233 0.009 8.7e-06
6112.5 39 4787.660233 0.009 8.7e-06
6137.5 30 4787.660233 0.009 8.7e-06
6162.5 20 4787.660233 0.009 8.7e-06
6187.5 20 4787.660233 0.009 8.7e-06
6212.5 15 4787.660233 0.009 8.7e-06
6237.5 17 4787.660233 0.009 8.7e-06
6262.5 11 4787.660233 0.009 8.7e-06
6287.5 19 4787.660233 0.009 8.7e-06
6312.5 18 4787.660233 0.009 8.7e-06
6337.5 16 4787.660233 0.009 8.7e-06
6362.5 16 4787.660233 0.009 8.7e-06
6387.5 10 4787.660233 0.009 8.7e-06
6412.5 16 4787.660233 0.009 8.7e-06
6437.5 7 4787.660233 0.009 8.7e-06
6462.5 7 4787.660233 0.009 8.7e-06
6487.5 8 4787.660233 0.009 8.7e-06
6512.5 7 4787.660233 0.009 8.7e-06
6537.5 8 4787.660233 0.009 8.7e-06
6562.5 8 4787.660233 0.009 8.7e-06
6587.5 10 4787.660233 0.009 8.7e-06
6612.5 3 4787.660233 0.009 8.7e-06
6637.5 6 4787.660233 0.009 8.7e-06
6662.5 10 4787.660233 0.009 8.7e-06
6687.5 7 4787.660233 0.009 8.7e-06
6712.5 7 4787.660233 0.009 8.7e-06
6737.5 12 4787.660233 0.009 8.7e-06
6762.5 14 4787.660233 0.009 8.7e-06
6787.5 20 4787.660233 0.009 8.7e-06
6812.5 14 4787.660233 0.009 8.7e-06
6837.5 15 4787.660233 0.009 8.7e-06
6862.5 7 4787.660233 0.009 8.7e-06
6887.5 4 4787.660233 0.009 8.7e-06
6912.5 6 4787.660233 0.009 8.7e-06
6937.5 2 4787.660233 0.009 8.7e-06
6962.5 3 4787.660233 0.009 8.7e-06
6987.5 1 4787.660233 0.009 8.7e-06
7012.5 2 4787.660233 0.009 8.7e-06
7037.5 0 4787.660233 0.009 8.7e-06
7062.5 4 4787.660233 0.009 8.7e-06
7087.5 2 4787.660233 0.009 8.7e-06
