3912.5 1 4822.739926 0.007 1.22e-05
3937.5 12 4822.739926 0.007 1.22e-05
3962.5 9 4822.739926 0.007 1.22e-05
3987.5 9 4822.739926 0.007 1.22e-05
4012.5 7 4822.739926 0.007 1.22e-05
4037.5 8 4822.739926 0.007 1.22e-05
4062.5 6 4822.739926 0.007 1.22e-05
4087.5 9 4822.739926 0.007 1.22e-05
4112.5 5 4822.739926 0.007 1.22e-05
4137.5 8 4822.739926 0.007 1.22e-05
4162.5 8 4822.739926 0.007 1.22e-05
4187.5 11 4822.739926 0.007 1.22e-05
4212.5 13 4822.739926 0.007 1.22e-05
4237.5 18 4822.739926 0.007 1.22e-05
4262.5 12 4822.739926 0.007 1.22e-05
4287.5 16 4822.739926 0.007 1.22e-05
4312.5 11 4822.739926 0.007 1.22e-05
4337.5 14 4822.739926 0.007 1.22e-05
4362.5 11 4822.739926 0.007 1.22e-05
4387.5 17 4822.739926 0.007 1.22e-05
4412.5 14 4822.739926 0.007 1.22e-05
4437.5 11 4822.739926 0.007 1.22e-05
4462.5 5 4822.739926 0.007 1.22e-05
4487.5 7 4822.739926 0.007 1.22e-05
4512.5 11 4822.739926 0.007 1.22e-05
4537.5 9 4822.739926 0.007 1.22e-05
4562.5 9 4822.739926 0.007 1.22e-05
4587.5 6 4822.739926 0.007 1.22e-05
4612.5 6 4822.739926 0.007 1.22e-05
4637.5 9 4822.739926 0.007 1.22e-05
4662.5 5 4822.739926 0.007 1.22e-05
4687.5 9 4822.739926 0.007 1.22e-05
4712.5 8 4822.739926 0.007 1.22e-05
4737.5 7 4822.739926 0.007 1.22e-05
4762.5 7 4822.739926 0.007 1.22e-05
4787.5 8 4822.739926 0.007 1.22e-05
4812.5 8 4822.739926 0.007 1.22e-05
4837.5 5 4822.739926 0.007 1.22e-05
4862.5 14 4822.739926 0.007 1.22e-05
4887.5 11 4822.739926 0.007 1.22e-05
4912.5 9 4822.739926 0.007 1.22e-05
4937.5 8 4822.739926 0.007 1.22e-05
4962.5 8 4822.739926 0.007 1.22e-05
4987.5 11 4822.739926 0.007 1.22e-05
5012.5 3 4822.739926 0.007 1.22e-05
5037.5 7 4822.739926 0.007 1.22e-05
5062.5 11 4822.739926 0.007 1.22e-05
5087.5 11 4822.739926 0.007 1.22e-05
5112.5 12 4822.739926 0.007 1.22e-05
5137.5 11 4822.739926 0.007 1.22e-05
5162.5 15 4822.739926 0.007 1.22e-05
5187.5 15 4822.739926 0.007 1.22e-05
5212.5 8 4822.739926 0.007 1.22e-05
5237.5 15 4822.739926 0.007 1.22e-05
5262.5 13 4822.739926 0.007 1.22e-05
5287.5 12 4822.739926 0.007 1.22e-05
5312.5 15 4822.739926 0.007 1.22e-05
5337.5 15 4822.739926 0.007 1.22e-05
5362.5 11 4822.739926 0.007 1.22e-05
5387.5 16 4822.739926 0.007 1.22e-05
5412.5 22 4822.739926 0.007 1.22e-05
5437.5 18 4822.739926 0.007 1.22e-05
5462.5 25 4822.739926 0.007 1.22e-05
5487.5 23 4822.739926 0.007 1.22e-05
5512.5 23 4822.739926 0.007 1.22e-05
5537.5 17 4822.739926 0.007 1.22e-05
5562.5 20 4822.739926 0.007 1.22e-05
5587.5 16 4822.739926 0.007 1.22e-05
5612.5 15 4822.739926 0.007 1.22e-05
5637.5 16 4822.739926 0.007 1.22e-05
5662.5 19 4822.739926 0.007 1.22e-05
5687.5 12 4822.739926 0.007 1.22e-05
5712.5 20 4822.739926 0.007 1.22e-05
5737.5 23 4822.739926 0.007 1.22e-05
5762.5 10 4822.739926 0.007 1.22e-05
5787.5 14 4822.739926 0.007 1.22e-05
5812.5 16 4822.739926 0.007 1.22e-05
5837.5 18 4822.739926 0.007 1.22e-05
5862.5 11 4822.739926 0.007 1.22e-05
5887.5 9 4822.739926 0.007 1.22e-05
5912.5 17 4822.739926 0.007 1.22e-05
5937.5 14 4822.739926 0.007 1.22e-05
5962.5 18 4822.739926 0.007 1.22e-05
5987.5 24 4822.739926 0.007 1.22e-05
6012.5 38 4822.739926 0.007 1.22e-05
6037.5 29 4822.739926 0.007 1.22e-05
6062.5 24 4822.739926 0.007 1.22e-05
6087.5 34 4822.739926 0.007 1.22e-05
6112.5 27 4822.739926 0.007 1.22e-05
6137.5 34 4822.739926 0.007 1.22e-05
6162.5 38 4822.739926 0.007 1.22e-05
6187.5 31 4822.739926 0.007 1.22e-05
6212.5 29 4822.739926 0.007 1.22e-05
6237.5 34 4822.739926 0.007 1.22e-05
6262.5 32 4822.739926 0.007 1.22e-05
6287.5 32 4822.739926 0.007 1.22e-05
6312.5 25 4822.739926 0.007 1.22e-05
6337.5 22 4822.739926 0.007 1.22e-05
6362.5 12 4822.739926 0.007 1.22e-05
6387.5 16 4822.739926 0.007 1.22e-05
6412.5 17 4822.739926 0.007 1.22e-05
6437.5 6 4822.739926 0.007 1.22e-05
6462.5 3 4822.739926 0.007 1.22e-05
6487.5 2 4822.739926 0.007 1.22e-05
