4512.5 1 5042.335736 0.008 1.3e-05
4537.5 2 5042.335736 0.008 1.3e-05
4562.5 3 5042.335736 0.008 1.3e-05
4587.5 4 5042.335736 0.008 1.3e-05
4612.5 2 5042.335736 0.008 1.3e-05
4637.5 3 5042.335736 0.008 1.3e-05
4662.5 4 5042.335736 0.008 1.3e-05
4687.5 8 5042.335736 0.008 1.3e-05
4712.5 7 5042.335736 0.008 1.3e-05
4737.5 6 5042.335736 0.008 1.3e-05
4762.5 3 5042.335736 0.008 1.3e-05
4787.5 10 5042.335736 0.008 1.3e-05
4812.5 6 5042.335736 0.008 1.3e-05
4837.5 10 5042.335736 0.008 1.3e-05
4862.5 9 5042.335736 0.008 1.3e-05
4887.5 6 5042.335736 0.008 1.3e-05
4912.5 11 5042.335736 0.008 1.3e-05
4937.5 14 5042.335736 0.008 1.3e-05
4962.5 10 5042.335736 0.008 1.3e-05
4987.5 12 5042.335736 0.008 1.3e-05
5012.5 9 5042.335736 0.008 1.3e-05
5037.5 14 5042.335736 0.008 1.3e-05
5062.5 18 5042.335736 0.008 1.3e-05
5087.5 17 5042.335736 0.008 1.3e-05
5112.5 23 5042.335736 0.008 1.3e-05
5137.5 26 5042.335736 0.008 1.3e-05
5162.5 21 5042.335736 0.008 1.3e-05
5187.5 23 5042.335736 0.008 1.3e-05
5212.5 16 5042.335736 0.008 1.3e-05
5237.5 17 5042.335736 0.008 1.3e-05
5262.5 14 5042.335736 0.008 1.3e-05
5287.5 18 5042.335736 0.008 1.3e-05
5312.5 11 5042.335736 0.008 1.3e-05
5337.5 11 5042.335736 0.008 1.3e-05
5362.5 12 5042.335736 0.008 1.3e-05
5387.5 9 5042.335736 0.008 1.3e-05
5412.5 11 5042.335736 0.008 1.3e-05
5437.5 9 5042.335736 0.008 1.3e-05
5462.5 8 5042.335736 0.008 1.3e-05
5487.5 4 5042.335736 0.008 1.3e-05
5512.5 3 5042.335736 0.008 1.3e-05
5537.5 4 5042.335736 0.008 1.3e-05
5562.5 3 5042.335736 0.008 1.3e-05
5587.5 3 5042.335736 0.008 1.3e-05
5612.5 3 5042.335736 0.008 1.3e-05
5637.5 1 5042.335736 0.008 1.3e-05
5662.5 2 5042.335736 0.008 1.3e-05
5687.5 3 5042.335736 0.008 1.3e-05
5712.5 1 5042.335736 0.008 1.3e-05
5737.5 1 5042.335736 0.008 1.3e-05
