5387.5 1 5944.326865 0.01 8.7e-06
5412.5 1 5944.326865 0.01 8.7e-06
5437.5 3 5944.326865 0.01 8.7e-06
5462.5 3 5944.326865 0.01 8.7e-06
5487.5 5 5944.326865 0.01 8.7e-06
5512.5 7 5944.326865 0.01 8.7e-06
5537.5 9 5944.326865 0.01 8.7e-06
5562.5 8 5944.326865 0.01 8.7e-06
5587.5 4 5944.326865 0.01 8.7e-06
5612.5 5 5944.326865 0.01 8.7e-06
5637.5 3 5944.326865 0.01 8.7e-06
5662.5 5 5944.326865 0.01 8.7e-06
5687.5 3 5944.326865 0.01 8.7e-06
5712.5 5 5944.326865 0.01 8.7e-06
5737.5 3 5944.326865 0.01 8.7e-06
5762.5 4 5944.326865 0.01 8.7e-06
5787.5 9 5944.326865 0.01 8.7e-06
5812.5 8 5944.326865 0.01 8.7e-06
5837.5 13 5944.326865 0.01 8.7e-06
5862.5 8 5944.326865 0.01 8.7e-06
5887.5 12 5944.326865 0.01 8.7e-06
5912.5 7 5944.326865 0.01 8.7e-06
5937.5 10 5944.326865 0.01 8.7e-06
5962.5 7 5944.326865 0.01 8.7e-06
5987.5 8 5944.326865 0.01 8.7e-06
6012.5 11 5944.326865 0.01 8.7e-06
6037.5 13 5944.326865 0.01 8.7e-06
6062.5 18 5944.326865 0.01 8.7e-06
6087.5 13 5944.326865 0.01 8.7e-06
6112.5 16 5944.326865 0.01 8.7e-06
6137.5 18 5944.326865 0.01 8.7e-06
6162.5 20 5944.326865 0.01 8.7e-06
6187.5 21 5944.326865 0.01 8.7e-06
6212.5 14 5944.326865 0.01 8.7e-06
6237.5 14 5944.326865 0.01 8.7e-06
6262.5 3 5944.326865 0.01 8.7e-06
6287.5 16 5944.326865 0.01 8.7e-06
6312.5 8 5944.326865 0.01 8.7e-06
6337.5 12 5944.326865 0.01 8.7e-06
6362.5 18 5944.326865 0.01 8.7e-06
6387.5 7 5944.326865 0.01 8.7e-06
6412.5 10 5944.326865 0.01 8.7e-06
6437.5 11 5944.326865 0.01 8.7e-06
6462.5 11 5944.326865 0.01 8.7e-06
6487.5 11 5944.326865 0.01 8.7e-06
6512.5 8 5944.326865 0.01 8.7e-06
6537.5 9 5944.326865 0.01 8.7e-06
6562.5 7 5944.326865 0.01 8.7e-06
6587.5 5 5944.326865 0.01 8.7e-06
6612.5 7 5944.326865 0.01 8.7e-06
6637.5 4 5944.326865 0.01 8.7e-06
6662.5 2 5944.326865 0.01 8.7e-06
6687.5 1 5944.326865 0.01 8.7e-06
6712.5 1 5944.326865 0.01 8.7e-06
6737.5 1 5944.326865 0.01 8.7e-06
