5237.5 4 5784.308871 0.007 1.22e-05
5262.5 7 5784.308871 0.007 1.22e-05
5287.5 7 5784.308871 0.007 1.22e-05
5312.5 4 5784.308871 0.007 1.22e-05
5337.5 6 5784.308871 0.007 1.22e-05
5362.5 2 5784.308871 0.007 1.22e-05
5387.5 3 5784.308871 0.007 1.22e-05
5412.5 3 5784.308871 0.007 1.22e-05
5437.5 5 5784.308871 0.007 1.22e-05
5462.5 8 5784.308871 0.007 1.22e-05
5487.5 15 5784.308871 0.007 1.22e-05
5512.5 25 5784.308871 0.007 1.22e-05
5537.5 25 5784.308871 0.007 1.22e-05
5562.5 29 5784.308871 0.007 1.22e-05
5587.5 31 5784.308871 0.007 1.22e-05
5612.5 23 5784.308871 0.007 1.22e-05
5637.5 25 5784.308871 0.007 1.22e-05
5662.5 28 5784.308871 0.007 1.22e-05
5687.5 24 5784.308871 0.007 1.22e-05
5712.5 30 5784.308871 0.007 1.22e-05
5737.5 41 5784.308871 0.007 1.22e-05
5762.5 28 5784.308871 0.007 1.22e-05
5787.5 64 5784.308871 0.007 1.22e-05
5812.5 50 5784.308871 0.007 1.22e-05
5837.5 65 5784.308871 0.007 1.22e-05
5862.5 62 5784.308871 0.007 1.22e-05
5887.5 42 5784.308871 0.007 1.22e-05
5912.5 26 5784.308871 0.007 1.22e-05
5937.5 32 5784.308871 0.007 1.22e-05
5962.5 29 5784.308871 0.007 1.22e-05
5987.5 20 5784.308871 0.007 1.22e-05
6012.5 25 5784.308871 0.007 1.22e-05
6037.5 22 5784.308871 0.007 1.22e-05
6062.5 19 5784.308871 0.007 1.22e-05
6087.5 14 5784.308871 0.007 1.22e-05
6112.5 22 5784.308871 0.007 1.22e-05
6137.5 14 5784.308871 0.007 1.22e-05
6162.5 16 5784.308871 0.007 1.22e-05
6187.5 9 5784.308871 0.007 1.22e-05
6212.5 10 5784.308871 0.007 1.22e-05
6237.5 9 5784.308871 0.007 1.22e-05
6262.5 9 5784.308871 0.007 1.22e-05
6287.5 10 5784.308871 0.007 1.22e-05
6312.5 8 5784.308871 0.007 1.22e-05
6337.5 10 5784.308871 0.007 1.22e-05
6362.5 5 5784.308871 0.007 1.22e-05
6387.5 7 5784.308871 0.007 1.22e-05
6412.5 6 5784.308871 0.007 1.22e-05
6437.5 10 5784.308871 0.007 1.22e-05
6462.5 2 5784.308871 0.007 1.22e-05
6487.5 4 5784.308871 0.007 1.22e-05
6512.5 9 5784.308871 0.007 1.22e-05
6537.5 9 5784.308871 0.007 1.22e-05
6562.5 10 5784.308871 0.007 1.22e-05
6587.5 3 5784.308871 0.007 1.22e-05
6612.5 10 5784.308871 0.007 1.22e-05
6637.5 8 5784.308871 0.007 1.22e-05
6662.5 8 5784.308871 0.007 1.22e-05
6687.5 4 5784.308871 0.007 1.22e-05
6712.5 1 5784.308871 0.007 1.22e-05
