4212.5 1 4750.876223 0.005 1.04e-05
4237.5 3 4750.876223 0.005 1.04e-05
4262.5 6 4750.876223 0.005 1.04e-05
4287.5 9 4750.876223 0.005 1.04e-05
4312.5 11 4750.876223 0.005 1.04e-05
4337.5 10 4750.876223 0.005 1.04e-05
4362.5 11 4750.876223 0.005 1.04e-05
4387.5 11 4750.876223 0.005 1.04e-05
4412.5 10 4750.876223 0.005 1.04e-05
4437.5 11 4750.876223 0.005 1.04e-05
4462.5 11 4750.876223 0.005 1.04e-05
4487.5 15 4750.876223 0.005 1.04e-05
4512.5 11 4750.876223 0.005 1.04e-05
4537.5 9 4750.876223 0.005 1.04e-05
4562.5 16 4750.876223 0.005 1.04e-05
4587.5 10 4750.876223 0.005 1.04e-05
4612.5 15 4750.876223 0.005 1.04e-05
4637.5 13 4750.876223 0.005 1.04e-05
4662.5 15 4750.876223 0.005 1.04e-05
4687.5 16 4750.876223 0.005 1.04e-05
4712.5 18 4750.876223 0.005 1.04e-05
4737.5 19 4750.876223 0.005 1.04e-05
4762.5 17 4750.876223 0.005 1.04e-05
4787.5 22 4750.876223 0.005 1.04e-05
4812.5 18 4750.876223 0.005 1.04e-05
4837.5 33 4750.876223 0.005 1.04e-05
4862.5 42 4750.876223 0.005 1.04e-05
4887.5 18 4750.876223 0.005 1.04e-05
4912.5 36 4750.876223 0.005 1.04e-05
4937.5 23 4750.876223 0.005 1.04e-05
4962.5 14 4750.876223 0.005 1.04e-05
4987.5 9 4750.876223 0.005 1.04e-05
5012.5 10 4750.876223 0.005 1.04e-05
5037.5 4 4750.876223 0.005 1.04e-05
5062.5 4 4750.876223 0.005 1.04e-05
5087.5 5 4750.876223 0.005 1.04e-05
5112.5 6 4750.876223 0.005 1.04e-05
5137.5 7 4750.876223 0.005 1.04e-05
5162.5 6 4750.876223 0.005 1.04e-05
5187.5 13 4750.876223 0.005 1.04e-05
5212.5 7 4750.876223 0.005 1.04e-05
5237.5 11 4750.876223 0.005 1.04e-05
5262.5 8 4750.876223 0.005 1.04e-05
5287.5 10 4750.876223 0.005 1.04e-05
5312.5 15 4750.876223 0.005 1.04e-05
5337.5 8 4750.876223 0.005 1.04e-05
5362.5 9 4750.876223 0.005 1.04e-05
5387.5 6 4750.876223 0.005 1.04e-05
5412.5 7 4750.876223 0.005 1.04e-05
5437.5 7 4750.876223 0.005 1.04e-05
5462.5 2 4750.876223 0.005 1.04e-05
5487.5 3 4750.876223 0.005 1.04e-05
5512.5 4 4750.876223 0.005 1.04e-05
5537.5 0 4750.876223 0.005 1.04e-05
5562.5 1 4750.876223 0.005 1.04e-05
