4462.5 2 5461.145165 0.008 4.3e-06
4487.5 0 5461.145165 0.008 4.3e-06
4512.5 1 5461.145165 0.008 4.3e-06
4537.5 2 5461.145165 0.008 4.3e-06
4562.5 1 5461.145165 0.008 4.3e-06
4587.5 1 5461.145165 0.008 4.3e-06
4612.5 3 5461.145165 0.008 4.3e-06
4637.5 3 5461.145165 0.008 4.3e-06
4662.5 5 5461.145165 0.008 4.3e-06
4687.5 3 5461.145165 0.008 4.3e-06
4712.5 6 5461.145165 0.008 4.3e-06
4737.5 3 5461.145165 0.008 4.3e-06
4762.5 17 5461.145165 0.008 4.3e-06
4787.5 14 5461.145165 0.008 4.3e-06
4812.5 19 5461.145165 0.008 4.3e-06
4837.5 18 5461.145165 0.008 4.3e-06
4862.5 23 5461.145165 0.008 4.3e-06
4887.5 28 5461.145165 0.008 4.3e-06
4912.5 17 5461.145165 0.008 4.3e-06
4937.5 22 5461.145165 0.008 4.3e-06
4962.5 11 5461.145165 0.008 4.3e-06
4987.5 18 5461.145165 0.008 4.3e-06
5012.5 26 5461.145165 0.008 4.3e-06
5037.5 25 5461.145165 0.008 4.3e-06
5062.5 29 5461.145165 0.008 4.3e-06
5087.5 32 5461.145165 0.008 4.3e-06
5112.5 40 5461.145165 0.008 4.3e-06
5137.5 41 5461.145165 0.008 4.3e-06
5162.5 38 5461.145165 0.008 4.3e-06
5187.5 50 5461.145165 0.008 4.3e-06
5212.5 32 5461.145165 0.008 4.3e-06
5237.5 30 5461.145165 0.008 4.3e-06
5262.5 32 5461.145165 0.008 4.3e-06
5287.5 24 5461.145165 0.008 4.3e-06
5312.5 36 5461.145165 0.008 4.3e-06
5337.5 32 5461.145165 0.008 4.3e-06
5362.5 26 5461.145165 0.008 4.3e-06
5387.5 39 5461.145165 0.008 4.3e-06
5412.5 32 5461.145165 0.008 4.3e-06
5437.5 21 5461.145165 0.008 4.3e-06
5462.5 41 5461.145165 0.008 4.3e-06
5487.5 32 5461.145165 0.008 4.3e-06
5512.5 36 5461.145165 0.008 4.3e-06
5537.5 39 5461.145165 0.008 4.3e-06
5562.5 43 5461.145165 0.008 4.3e-06
5587.5 52 5461.145165 0.008 4.3e-06
5612.5 52 5461.145165 0.008 4.3e-06
5637.5 61 5461.145165 0.008 4.3e-06
5662.5 45 5461.145165 0.008 4.3e-06
5687.5 49 5461.145165 0.008 4.3e-06
5712.5 39 5461.145165 0.008 4.3e-06
5737.5 43 5461.145165 0.008 4.3e-06
5762.5 41 5461.145165 0.008 4.3e-06
5787.5 52 5461.145165 0.008 4.3e-06
5812.5 47 5461.145165 0.008 4.3e-06
5837.5 35 5461.145165 0.008 4.3e-06
5862.5 48 5461.145165 0.008 4.3e-06
5887.5 41 5461.145165 0.008 4.3e-06
5912.5 47 5461.145165 0.008 4.3e-06
5937.5 53 5461.145165 0.008 4.3e-06
5962.5 52 5461.145165 0.008 4.3e-06
5987.5 46 5461.145165 0.008 4.3e-06
6012.5 42 5461.145165 0.008 4.3e-06
6037.5 42 5461.145165 0.008 4.3e-06
6062.5 44 5461.145165 0.008 4.3e-06
6087.5 54 5461.145165 0.008 4.3e-06
6112.5 38 5461.145165 0.008 4.3e-06
6137.5 45 5461.145165 0.008 4.3e-06
6162.5 39 5461.145165 0.008 4.3e-06
6187.5 38 5461.145165 0.008 4.3e-06
6212.5 37 5461.145165 0.008 4.3e-06
6237.5 29 5461.145165 0.008 4.3e-06
6262.5 39 5461.145165 0.008 4.3e-06
6287.5 33 5461.145165 0.008 4.3e-06
6312.5 33 5461.145165 0.008 4.3e-06
6337.5 32 5461.145165 0.008 4.3e-06
6362.5 25 5461.145165 0.008 4.3e-06
6387.5 33 5461.145165 0.008 4.3e-06
6412.5 36 5461.145165 0.008 4.3e-06
6437.5 32 5461.145165 0.008 4.3e-06
6462.5 33 5461.145165 0.008 4.3e-06
6487.5 31 5461.145165 0.008 4.3e-06
6512.5 30 5461.145165 0.008 4.3e-06
6537.5 31 5461.145165 0.008 4.3e-06
6562.5 25 5461.145165 0.008 4.3e-06
6587.5 22 5461.145165 0.008 4.3e-06
6612.5 24 5461.145165 0.008 4.3e-06
6637.5 19 5461.145165 0.008 4.3e-06
6662.5 26 5461.145165 0.008 4.3e-06
6687.5 21 5461.145165 0.008 4.3e-06
6712.5 21 5461.145165 0.008 4.3e-06
6737.5 18 5461.145165 0.008 4.3e-06
6762.5 22 5461.145165 0.008 4.3e-06
6787.5 15 5461.145165 0.008 4.3e-06
6812.5 22 5461.145165 0.008 4.3e-06
6837.5 20 5461.145165 0.008 4.3e-06
6862.5 21 5461.145165 0.008 4.3e-06
6887.5 14 5461.145165 0.008 4.3e-06
6912.5 23 5461.145165 0.008 4.3e-06
6937.5 23 5461.145165 0.008 4.3e-06
6962.5 20 5461.145165 0.008 4.3e-06
6987.5 19 5461.145165 0.008 4.3e-06
7012.5 19 5461.145165 0.008 4.3e-06
7037.5 18 5461.145165 0.008 4.3e-06
7062.5 19 5461.145165 0.008 4.3e-06
7087.5 19 5461.145165 0.008 4.3e-06
7112.5 25 5461.145165 0.008 4.3e-06
7137.5 18 5461.145165 0.008 4.3e-06
7162.5 15 5461.145165 0.008 4.3e-06
7187.5 5 5461.145165 0.008 4.3e-06
7212.5 3 5461.145165 0.008 4.3e-06
7237.5 7 5461.145165 0.008 4.3e-06
7262.5 3 5461.145165 0.008 4.3e-06
