4662.5 1 5286.891161 0.007 9.5e-06
4687.5 0 5286.891161 0.007 9.5e-06
4712.5 3 5286.891161 0.007 9.5e-06
4737.5 0 5286.891161 0.007 9.5e-06
4762.5 4 5286.891161 0.007 9.5e-06
4787.5 2 5286.891161 0.007 9.5e-06
4812.5 3 5286.891161 0.007 9.5e-06
4837.5 5 5286.891161 0.007 9.5e-06
4862.5 7 5286.891161 0.007 9.5e-06
4887.5 8 5286.891161 0.007 9.5e-06
4912.5 7 5286.891161 0.007 9.5e-06
4937.5 7 5286.891161 0.007 9.5e-06
4962.5 10 5286.891161 0.007 9.5e-06
4987.5 10 5286.891161 0.007 9.5e-06
5012.5 11 5286.891161 0.007 9.5e-06
5037.5 12 5286.891161 0.007 9.5e-06
5062.5 14 5286.891161 0.007 9.5e-06
5087.5 20 5286.891161 0.007 9.5e-06
5112.5 20 5286.891161 0.007 9.5e-06
5137.5 24 5286.891161 0.007 9.5e-06
5162.5 20 5286.891161 0.007 9.5e-06
5187.5 9 5286.891161 0.007 9.5e-06
5212.5 9 5286.891161 0.007 9.5e-06
5237.5 5 5286.891161 0.007 9.5e-06
5262.5 4 5286.891161 0.007 9.5e-06
5287.5 5 5286.891161 0.007 9.5e-06
5312.5 8 5286.891161 0.007 9.5e-06
5337.5 6 5286.891161 0.007 9.5e-06
5362.5 10 5286.891161 0.007 9.5e-06
5387.5 13 5286.891161 0.007 9.5e-06
5412.5 10 5286.891161 0.007 9.5e-06
5437.5 13 5286.891161 0.007 9.5e-06
5462.5 12 5286.891161 0.007 9.5e-06
5487.5 13 5286.891161 0.007 9.5e-06
5512.5 10 5286.891161 0.007 9.5e-06
5537.5 14 5286.891161 0.007 9.5e-06
5562.5 13 5286.891161 0.007 9.5e-06
5587.5 9 5286.891161 0.007 9.5e-06
5612.5 19 5286.891161 0.007 9.5e-06
5637.5 14 5286.891161 0.007 9.5e-06
5662.5 10 5286.891161 0.007 9.5e-06
5687.5 15 5286.891161 0.007 9.5e-06
5712.5 21 5286.891161 0.007 9.5e-06
5737.5 15 5286.891161 0.007 9.5e-06
5762.5 15 5286.891161 0.007 9.5e-06
5787.5 18 5286.891161 0.007 9.5e-06
5812.5 9 5286.891161 0.007 9.5e-06
5837.5 10 5286.891161 0.007 9.5e-06
5862.5 11 5286.891161 0.007 9.5e-06
5887.5 8 5286.891161 0.007 9.5e-06
5912.5 6 5286.891161 0.007 9.5e-06
5937.5 7 5286.891161 0.007 9.5e-06
5962.5 11 5286.891161 0.007 9.5e-06
5987.5 13 5286.891161 0.007 9.5e-06
6012.5 8 5286.891161 0.007 9.5e-06
6037.5 14 5286.891161 0.007 9.5e-06
6062.5 10 5286.891161 0.007 9.5e-06
6087.5 4 5286.891161 0.007 9.5e-06
6112.5 7 5286.891161 0.007 9.5e-06
6137.5 0 5286.891161 0.007 9.5e-06
6162.5 3 5286.891161 0.007 9.5e-06
