5687.5 3 5968.389458 0.007 5.2e-06
5712.5 3 5968.389458 0.007 5.2e-06
5737.5 9 5968.389458 0.007 5.2e-06
5762.5 15 5968.389458 0.007 5.2e-06
5787.5 20 5968.389458 0.007 5.2e-06
5812.5 21 5968.389458 0.007 5.2e-06
5837.5 28 5968.389458 0.007 5.2e-06
5862.5 19 5968.389458 0.007 5.2e-06
5887.5 20 5968.389458 0.007 5.2e-06
5912.5 15 5968.389458 0.007 5.2e-06
5937.5 17 5968.389458 0.007 5.2e-06
5962.5 18 5968.389458 0.007 5.2e-06
5987.5 17 5968.389458 0.007 5.2e-06
6012.5 10 5968.389458 0.007 5.2e-06
6037.5 16 5968.389458 0.007 5.2e-06
6062.5 14 5968.389458 0.007 5.2e-06
6087.5 7 5968.389458 0.007 5.2e-06
6112.5 15 5968.389458 0.007 5.2e-06
6137.5 13 5968.389458 0.007 5.2e-06
6162.5 12 5968.389458 0.007 5.2e-06
6187.5 11 5968.389458 0.007 5.2e-06
6212.5 6 5968.389458 0.007 5.2e-06
6237.5 5 5968.389458 0.007 5.2e-06
6262.5 5 5968.389458 0.007 5.2e-06
6287.5 4 5968.389458 0.007 5.2e-06
6312.5 5 5968.389458 0.007 5.2e-06
6337.5 6 5968.389458 0.007 5.2e-06
6362.5 13 5968.389458 0.007 5.2e-06
6387.5 8 5968.389458 0.007 5.2e-06
6412.5 2 5968.389458 0.007 5.2e-06
6437.5 6 5968.389458 0.007 5.2e-06
6462.5 5 5968.389458 0.007 5.2e-06
6487.5 1 5968.389458 0.007 5.2e-06
6512.5 4 5968.389458 0.007 5.2e-06
6537.5 0 5968.389458 0.007 5.2e-06
6562.5 3 5968.389458 0.007 5.2e-06
6587.5 2 5968.389458 0.007 5.2e-06
6612.5 3 5968.389458 0.007 5.2e-06
6637.5 1 5968.389458 0.007 5.2e-06
6662.5 1 5968.389458 0.007 5.2e-06
6687.5 1 5968.389458 0.007 5.2e-06
6712.5 1 5968.389458 0.007 5.2e-06
