4487.5 1 4966.759517 0.007 1.22e-05
4512.5 0 4966.759517 0.007 1.22e-05
4537.5 3 4966.759517 0.007 1.22e-05
4562.5 5 4966.759517 0.007 1.22e-05
4587.5 5 4966.759517 0.007 1.22e-05
4612.5 5 4966.759517 0.007 1.22e-05
4637.5 5 4966.759517 0.007 1.22e-05
4662.5 9 4966.759517 0.007 1.22e-05
4687.5 4 4966.759517 0.007 1.22e-05
4712.5 13 4966.759517 0.007 1.22e-05
4737.5 11 4966.759517 0.007 1.22e-05
4762.5 20 4966.759517 0.007 1.22e-05
4787.5 16 4966.759517 0.007 1.22e-05
4812.5 15 4966.759517 0.007 1.22e-05
4837.5 16 4966.759517 0.007 1.22e-05
4862.5 26 4966.759517 0.007 1.22e-05
4887.5 18 4966.759517 0.007 1.22e-05
4912.5 12 4966.759517 0.007 1.22e-05
4937.5 7 4966.759517 0.007 1.22e-05
4962.5 3 4966.759517 0.007 1.22e-05
4987.5 3 4966.759517 0.007 1.22e-05
5012.5 6 4966.759517 0.007 1.22e-05
5037.5 3 4966.759517 0.007 1.22e-05
5062.5 2 4966.759517 0.007 1.22e-05
5087.5 3 4966.759517 0.007 1.22e-05
5112.5 2 4966.759517 0.007 1.22e-05
5137.5 0 4966.759517 0.007 1.22e-05
5162.5 3 4966.759517 0.007 1.22e-05
5187.5 2 4966.759517 0.007 1.22e-05
5212.5 1 4966.759517 0.007 1.22e-05
5237.5 6 4966.759517 0.007 1.22e-05
5262.5 1 4966.759517 0.007 1.22e-05
5287.5 1 4966.759517 0.007 1.22e-05
5312.5 2 4966.759517 0.007 1.22e-05
5337.5 2 4966.759517 0.007 1.22e-05
5362.5 2 4966.759517 0.007 1.22e-05
5387.5 0 4966.759517 0.007 1.22e-05
5412.5 2 4966.759517 0.007 1.22e-05
5437.5 2 4966.759517 0.007 1.22e-05
5462.5 1 4966.759517 0.007 1.22e-05
5487.5 4 4966.759517 0.007 1.22e-05
5512.5 1 4966.759517 0.007 1.22e-05
5537.5 5 4966.759517 0.007 1.22e-05
5562.5 6 4966.759517 0.007 1.22e-05
5587.5 3 4966.759517 0.007 1.22e-05
5612.5 6 4966.759517 0.007 1.22e-05
5637.5 4 4966.759517 0.007 1.22e-05
5662.5 6 4966.759517 0.007 1.22e-05
5687.5 7 4966.759517 0.007 1.22e-05
5712.5 10 4966.759517 0.007 1.22e-05
5737.5 4 4966.759517 0.007 1.22e-05
5762.5 5 4966.759517 0.007 1.22e-05
5787.5 10 4966.759517 0.007 1.22e-05
5812.5 10 4966.759517 0.007 1.22e-05
5837.5 4 4966.759517 0.007 1.22e-05
5862.5 9 4966.759517 0.007 1.22e-05
5887.5 6 4966.759517 0.007 1.22e-05
5912.5 8 4966.759517 0.007 1.22e-05
5937.5 5 4966.759517 0.007 1.22e-05
5962.5 9 4966.759517 0.007 1.22e-05
5987.5 9 4966.759517 0.007 1.22e-05
6012.5 7 4966.759517 0.007 1.22e-05
6037.5 8 4966.759517 0.007 1.22e-05
6062.5 7 4966.759517 0.007 1.22e-05
6087.5 1 4966.759517 0.007 1.22e-05
6112.5 2 4966.759517 0.007 1.22e-05
6137.5 8 4966.759517 0.007 1.22e-05
6162.5 4 4966.759517 0.007 1.22e-05
6187.5 4 4966.759517 0.007 1.22e-05
6212.5 1 4966.759517 0.007 1.22e-05
6237.5 0 4966.759517 0.007 1.22e-05
6262.5 1 4966.759517 0.007 1.22e-05
