4462.5 1 5054.957437 0.01 1.04e-05
4487.5 2 5054.957437 0.01 1.04e-05
4512.5 4 5054.957437 0.01 1.04e-05
4537.5 6 5054.957437 0.01 1.04e-05
4562.5 12 5054.957437 0.01 1.04e-05
4587.5 9 5054.957437 0.01 1.04e-05
4612.5 12 5054.957437 0.01 1.04e-05
4637.5 11 5054.957437 0.01 1.04e-05
4662.5 10 5054.957437 0.01 1.04e-05
4687.5 10 5054.957437 0.01 1.04e-05
4712.5 12 5054.957437 0.01 1.04e-05
4737.5 11 5054.957437 0.01 1.04e-05
4762.5 14 5054.957437 0.01 1.04e-05
4787.5 14 5054.957437 0.01 1.04e-05
4812.5 16 5054.957437 0.01 1.04e-05
4837.5 17 5054.957437 0.01 1.04e-05
4862.5 17 5054.957437 0.01 1.04e-05
4887.5 23 5054.957437 0.01 1.04e-05
4912.5 25 5054.957437 0.01 1.04e-05
4937.5 35 5054.957437 0.01 1.04e-05
4962.5 42 5054.957437 0.01 1.04e-05
4987.5 30 5054.957437 0.01 1.04e-05
5012.5 18 5054.957437 0.01 1.04e-05
5037.5 17 5054.957437 0.01 1.04e-05
5062.5 17 5054.957437 0.01 1.04e-05
5087.5 18 5054.957437 0.01 1.04e-05
5112.5 18 5054.957437 0.01 1.04e-05
5137.5 18 5054.957437 0.01 1.04e-05
5162.5 13 5054.957437 0.01 1.04e-05
5187.5 21 5054.957437 0.01 1.04e-05
5212.5 13 5054.957437 0.01 1.04e-05
5237.5 16 5054.957437 0.01 1.04e-05
5262.5 12 5054.957437 0.01 1.04e-05
5287.5 17 5054.957437 0.01 1.04e-05
5312.5 17 5054.957437 0.01 1.04e-05
5337.5 13 5054.957437 0.01 1.04e-05
5362.5 14 5054.957437 0.01 1.04e-05
5387.5 9 5054.957437 0.01 1.04e-05
5412.5 13 5054.957437 0.01 1.04e-05
5437.5 16 5054.957437 0.01 1.04e-05
5462.5 20 5054.957437 0.01 1.04e-05
5487.5 21 5054.957437 0.01 1.04e-05
5512.5 28 5054.957437 0.01 1.04e-05
5537.5 34 5054.957437 0.01 1.04e-05
5562.5 39 5054.957437 0.01 1.04e-05
5587.5 56 5054.957437 0.01 1.04e-05
5612.5 55 5054.957437 0.01 1.04e-05
5637.5 50 5054.957437 0.01 1.04e-05
5662.5 45 5054.957437 0.01 1.04e-05
5687.5 34 5054.957437 0.01 1.04e-05
5712.5 14 5054.957437 0.01 1.04e-05
5737.5 16 5054.957437 0.01 1.04e-05
5762.5 22 5054.957437 0.01 1.04e-05
5787.5 13 5054.957437 0.01 1.04e-05
5812.5 22 5054.957437 0.01 1.04e-05
5837.5 10 5054.957437 0.01 1.04e-05
5862.5 14 5054.957437 0.01 1.04e-05
5887.5 11 5054.957437 0.01 1.04e-05
5912.5 11 5054.957437 0.01 1.04e-05
5937.5 8 5054.957437 0.01 1.04e-05
5962.5 9 5054.957437 0.01 1.04e-05
5987.5 5 5054.957437 0.01 1.04e-05
6012.5 3 5054.957437 0.01 1.04e-05
6037.5 1 5054.957437 0.01 1.04e-05
6062.5 4 5054.957437 0.01 1.04e-05
6087.5 4 5054.957437 0.01 1.04e-05
6112.5 3 5054.957437 0.01 1.04e-05
6137.5 5 5054.957437 0.01 1.04e-05
6162.5 3 5054.957437 0.01 1.04e-05
6187.5 4 5054.957437 0.01 1.04e-05
6212.5 3 5054.957437 0.01 1.04e-05
6237.5 2 5054.957437 0.01 1.04e-05
6262.5 3 5054.957437 0.01 1.04e-05
6287.5 3 5054.957437 0.01 1.04e-05
6312.5 2 5054.957437 0.01 1.04e-05
6337.5 2 5054.957437 0.01 1.04e-05
6362.5 4 5054.957437 0.01 1.04e-05
6387.5 3 5054.957437 0.01 1.04e-05
6412.5 1 5054.957437 0.01 1.04e-05
