5887.5 2 6308.71169 0.007 4.3e-06
5912.5 2 6308.71169 0.007 4.3e-06
5937.5 4 6308.71169 0.007 4.3e-06
5962.5 5 6308.71169 0.007 4.3e-06
5987.5 8 6308.71169 0.007 4.3e-06
6012.5 7 6308.71169 0.007 4.3e-06
6037.5 11 6308.71169 0.007 4.3e-06
6062.5 4 6308.71169 0.007 4.3e-06
6087.5 10 6308.71169 0.007 4.3e-06
6112.5 11 6308.71169 0.007 4.3e-06
6137.5 13 6308.71169 0.007 4.3e-06
6162.5 16 6308.71169 0.007 4.3e-06
6187.5 24 6308.71169 0.007 4.3e-06
6212.5 15 6308.71169 0.007 4.3e-06
6237.5 14 6308.71169 0.007 4.3e-06
6262.5 20 6308.71169 0.007 4.3e-06
6287.5 19 6308.71169 0.007 4.3e-06
6312.5 27 6308.71169 0.007 4.3e-06
6337.5 21 6308.71169 0.007 4.3e-06
6362.5 25 6308.71169 0.007 4.3e-06
6387.5 22 6308.71169 0.007 4.3e-06
6412.5 23 6308.71169 0.007 4.3e-06
6437.5 23 6308.71169 0.007 4.3e-06
6462.5 20 6308.71169 0.007 4.3e-06
6487.5 20 6308.71169 0.007 4.3e-06
6512.5 22 6308.71169 0.007 4.3e-06
6537.5 22 6308.71169 0.007 4.3e-06
6562.5 18 6308.71169 0.007 4.3e-06
6587.5 14 6308.71169 0.007 4.3e-06
6612.5 9 6308.71169 0.007 4.3e-06
6637.5 9 6308.71169 0.007 4.3e-06
6662.5 8 6308.71169 0.007 4.3e-06
6687.5 8 6308.71169 0.007 4.3e-06
6712.5 1 6308.71169 0.007 4.3e-06
