4937.5 1 5544.292855 0.005 6.9e-06
4962.5 3 5544.292855 0.005 6.9e-06
4987.5 2 5544.292855 0.005 6.9e-06
5012.5 3 5544.292855 0.005 6.9e-06
5037.5 6 5544.292855 0.005 6.9e-06
5062.5 6 5544.292855 0.005 6.9e-06
5087.5 9 5544.292855 0.005 6.9e-06
5112.5 9 5544.292855 0.005 6.9e-06
5137.5 5 5544.292855 0.005 6.9e-06
5162.5 7 5544.292855 0.005 6.9e-06
5187.5 3 5544.292855 0.005 6.9e-06
5212.5 5 5544.292855 0.005 6.9e-06
5237.5 4 5544.292855 0.005 6.9e-06
5262.5 8 5544.292855 0.005 6.9e-06
5287.5 9 5544.292855 0.005 6.9e-06
5312.5 8 5544.292855 0.005 6.9e-06
5337.5 9 5544.292855 0.005 6.9e-06
5362.5 6 5544.292855 0.005 6.9e-06
5387.5 9 5544.292855 0.005 6.9e-06
5412.5 11 5544.292855 0.005 6.9e-06
5437.5 8 5544.292855 0.005 6.9e-06
5462.5 11 5544.292855 0.005 6.9e-06
5487.5 12 5544.292855 0.005 6.9e-06
5512.5 12 5544.292855 0.005 6.9e-06
5537.5 11 5544.292855 0.005 6.9e-06
5562.5 11 5544.292855 0.005 6.9e-06
5587.5 6 5544.292855 0.005 6.9e-06
5612.5 10 5544.292855 0.005 6.9e-06
5637.5 9 5544.292855 0.005 6.9e-06
5662.5 8 5544.292855 0.005 6.9e-06
5687.5 11 5544.292855 0.005 6.9e-06
5712.5 8 5544.292855 0.005 6.9e-06
5737.5 8 5544.292855 0.005 6.9e-06
5762.5 9 5544.292855 0.005 6.9e-06
5787.5 13 5544.292855 0.005 6.9e-06
5812.5 5 5544.292855 0.005 6.9e-06
5837.5 14 5544.292855 0.005 6.9e-06
5862.5 10 5544.292855 0.005 6.9e-06
5887.5 11 5544.292855 0.005 6.9e-06
5912.5 8 5544.292855 0.005 6.9e-06
5937.5 9 5544.292855 0.005 6.9e-06
5962.5 17 5544.292855 0.005 6.9e-06
5987.5 12 5544.292855 0.005 6.9e-06
6012.5 15 5544.292855 0.005 6.9e-06
6037.5 10 5544.292855 0.005 6.9e-06
6062.5 6 5544.292855 0.005 6.9e-06
6087.5 4 5544.292855 0.005 6.9e-06
6112.5 7 5544.292855 0.005 6.9e-06
6137.5 8 5544.292855 0.005 6.9e-06
6162.5 6 5544.292855 0.005 6.9e-06
6187.5 2 5544.292855 0.005 6.9e-06
6212.5 3 5544.292855 0.005 6.9e-06
6237.5 6 5544.292855 0.005 6.9e-06
6262.5 1 5544.292855 0.005 6.9e-06
6287.5 1 5544.292855 0.005 6.9e-06
6312.5 2 5544.292855 0.005 6.9e-06
6337.5 1 5544.292855 0.005 6.9e-06
