4112.5 3 5237.425223 0.005 6.9e-06
4137.5 1 5237.425223 0.005 6.9e-06
4162.5 2 5237.425223 0.005 6.9e-06
4187.5 5 5237.425223 0.005 6.9e-06
4212.5 2 5237.425223 0.005 6.9e-06
4237.5 5 5237.425223 0.005 6.9e-06
4262.5 2 5237.425223 0.005 6.9e-06
4287.5 7 5237.425223 0.005 6.9e-06
4312.5 8 5237.425223 0.005 6.9e-06
4337.5 10 5237.425223 0.005 6.9e-06
4362.5 5 5237.425223 0.005 6.9e-06
4387.5 10 5237.425223 0.005 6.9e-06
4412.5 11 5237.425223 0.005 6.9e-06
4437.5 11 5237.425223 0.005 6.9e-06
4462.5 10 5237.425223 0.005 6.9e-06
4487.5 13 5237.425223 0.005 6.9e-06
4512.5 12 5237.425223 0.005 6.9e-06
4537.5 12 5237.425223 0.005 6.9e-06
4562.5 19 5237.425223 0.005 6.9e-06
4587.5 17 5237.425223 0.005 6.9e-06
4612.5 14 5237.425223 0.005 6.9e-06
4637.5 20 5237.425223 0.005 6.9e-06
4662.5 19 5237.425223 0.005 6.9e-06
4687.5 13 5237.425223 0.005 6.9e-06
4712.5 19 5237.425223 0.005 6.9e-06
4737.5 15 5237.425223 0.005 6.9e-06
4762.5 19 5237.425223 0.005 6.9e-06
4787.5 20 5237.425223 0.005 6.9e-06
4812.5 16 5237.425223 0.005 6.9e-06
4837.5 22 5237.425223 0.005 6.9e-06
4862.5 22 5237.425223 0.005 6.9e-06
4887.5 27 5237.425223 0.005 6.9e-06
4912.5 35 5237.425223 0.005 6.9e-06
4937.5 26 5237.425223 0.005 6.9e-06
4962.5 37 5237.425223 0.005 6.9e-06
4987.5 33 5237.425223 0.005 6.9e-06
5012.5 71 5237.425223 0.005 6.9e-06
5037.5 73 5237.425223 0.005 6.9e-06
5062.5 75 5237.425223 0.005 6.9e-06
5087.5 83 5237.425223 0.005 6.9e-06
5112.5 67 5237.425223 0.005 6.9e-06
5137.5 63 5237.425223 0.005 6.9e-06
5162.5 59 5237.425223 0.005 6.9e-06
5187.5 89 5237.425223 0.005 6.9e-06
5212.5 115 5237.425223 0.005 6.9e-06
5237.5 119 5237.425223 0.005 6.9e-06
5262.5 125 5237.425223 0.005 6.9e-06
5287.5 102 5237.425223 0.005 6.9e-06
5312.5 64 5237.425223 0.005 6.9e-06
5337.5 57 5237.425223 0.005 6.9e-06
5362.5 37 5237.425223 0.005 6.9e-06
5387.5 45 5237.425223 0.005 6.9e-06
5412.5 36 5237.425223 0.005 6.9e-06
5437.5 41 5237.425223 0.005 6.9e-06
5462.5 37 5237.425223 0.005 6.9e-06
5487.5 40 5237.425223 0.005 6.9e-06
5512.5 45 5237.425223 0.005 6.9e-06
5537.5 46 5237.425223 0.005 6.9e-06
5562.5 34 5237.425223 0.005 6.9e-06
5587.5 36 5237.425223 0.005 6.9e-06
5612.5 42 5237.425223 0.005 6.9e-06
5637.5 33 5237.425223 0.005 6.9e-06
5662.5 34 5237.425223 0.005 6.9e-06
5687.5 37 5237.425223 0.005 6.9e-06
5712.5 34 5237.425223 0.005 6.9e-06
5737.5 39 5237.425223 0.005 6.9e-06
5762.5 42 5237.425223 0.005 6.9e-06
5787.5 36 5237.425223 0.005 6.9e-06
5812.5 25 5237.425223 0.005 6.9e-06
5837.5 32 5237.425223 0.005 6.9e-06
5862.5 33 5237.425223 0.005 6.9e-06
5887.5 28 5237.425223 0.005 6.9e-06
5912.5 47 5237.425223 0.005 6.9e-06
5937.5 44 5237.425223 0.005 6.9e-06
5962.5 36 5237.425223 0.005 6.9e-06
5987.5 29 5237.425223 0.005 6.9e-06
6012.5 35 5237.425223 0.005 6.9e-06
6037.5 23 5237.425223 0.005 6.9e-06
6062.5 41 5237.425223 0.005 6.9e-06
6087.5 30 5237.425223 0.005 6.9e-06
6112.5 19 5237.425223 0.005 6.9e-06
6137.5 24 5237.425223 0.005 6.9e-06
6162.5 23 5237.425223 0.005 6.9e-06
6187.5 26 5237.425223 0.005 6.9e-06
6212.5 15 5237.425223 0.005 6.9e-06
6237.5 31 5237.425223 0.005 6.9e-06
6262.5 25 5237.425223 0.005 6.9e-06
6287.5 23 5237.425223 0.005 6.9e-06
6312.5 20 5237.425223 0.005 6.9e-06
6337.5 21 5237.425223 0.005 6.9e-06
6362.5 32 5237.425223 0.005 6.9e-06
6387.5 18 5237.425223 0.005 6.9e-06
6412.5 19 5237.425223 0.005 6.9e-06
6437.5 21 5237.425223 0.005 6.9e-06
6462.5 19 5237.425223 0.005 6.9e-06
6487.5 18 5237.425223 0.005 6.9e-06
6512.5 15 5237.425223 0.005 6.9e-06
6537.5 8 5237.425223 0.005 6.9e-06
6562.5 8 5237.425223 0.005 6.9e-06
6587.5 7 5237.425223 0.005 6.9e-06
6612.5 12 5237.425223 0.005 6.9e-06
6637.5 10 5237.425223 0.005 6.9e-06
6662.5 5 5237.425223 0.005 6.9e-06
6687.5 5 5237.425223 0.005 6.9e-06
6712.5 8 5237.425223 0.005 6.9e-06
6737.5 10 5237.425223 0.005 6.9e-06
6762.5 7 5237.425223 0.005 6.9e-06
6787.5 6 5237.425223 0.005 6.9e-06
6812.5 8 5237.425223 0.005 6.9e-06
6837.5 6 5237.425223 0.005 6.9e-06
6862.5 7 5237.425223 0.005 6.9e-06
6887.5 5 5237.425223 0.005 6.9e-06
6912.5 5 5237.425223 0.005 6.9e-06
6937.5 4 5237.425223 0.005 6.9e-06
6962.5 4 5237.425223 0.005 6.9e-06
6987.5 4 5237.425223 0.005 6.9e-06
7012.5 7 5237.425223 0.005 6.9e-06
7037.5 9 5237.425223 0.005 6.9e-06
7062.5 5 5237.425223 0.005 6.9e-06
7087.5 7 5237.425223 0.005 6.9e-06
7112.5 3 5237.425223 0.005 6.9e-06
7137.5 7 5237.425223 0.005 6.9e-06
7162.5 4 5237.425223 0.005 6.9e-06
7187.5 3 5237.425223 0.005 6.9e-06
7212.5 5 5237.425223 0.005 6.9e-06
7237.5 11 5237.425223 0.005 6.9e-06
7262.5 14 5237.425223 0.005 6.9e-06
7287.5 19 5237.425223 0.005 6.9e-06
7312.5 28 5237.425223 0.005 6.9e-06
7337.5 14 5237.425223 0.005 6.9e-06
7362.5 9 5237.425223 0.005 6.9e-06
7387.5 2 5237.425223 0.005 6.9e-06
