4887.5 1 5318.716865 0.007 1.04e-05
4912.5 1 5318.716865 0.007 1.04e-05
4937.5 6 5318.716865 0.007 1.04e-05
4962.5 7 5318.716865 0.007 1.04e-05
4987.5 8 5318.716865 0.007 1.04e-05
5012.5 9 5318.716865 0.007 1.04e-05
5037.5 9 5318.716865 0.007 1.04e-05
5062.5 9 5318.716865 0.007 1.04e-05
5087.5 8 5318.716865 0.007 1.04e-05
5112.5 10 5318.716865 0.007 1.04e-05
5137.5 10 5318.716865 0.007 1.04e-05
5162.5 9 5318.716865 0.007 1.04e-05
5187.5 8 5318.716865 0.007 1.04e-05
5212.5 8 5318.716865 0.007 1.04e-05
5237.5 11 5318.716865 0.007 1.04e-05
5262.5 11 5318.716865 0.007 1.04e-05
5287.5 8 5318.716865 0.007 1.04e-05
5312.5 10 5318.716865 0.007 1.04e-05
5337.5 9 5318.716865 0.007 1.04e-05
5362.5 11 5318.716865 0.007 1.04e-05
5387.5 12 5318.716865 0.007 1.04e-05
5412.5 16 5318.716865 0.007 1.04e-05
5437.5 15 5318.716865 0.007 1.04e-05
5462.5 12 5318.716865 0.007 1.04e-05
5487.5 22 5318.716865 0.007 1.04e-05
5512.5 10 5318.716865 0.007 1.04e-05
5537.5 14 5318.716865 0.007 1.04e-05
5562.5 12 5318.716865 0.007 1.04e-05
5587.5 12 5318.716865 0.007 1.04e-05
5612.5 8 5318.716865 0.007 1.04e-05
5637.5 8 5318.716865 0.007 1.04e-05
5662.5 8 5318.716865 0.007 1.04e-05
5687.5 8 5318.716865 0.007 1.04e-05
5712.5 6 5318.716865 0.007 1.04e-05
5737.5 8 5318.716865 0.007 1.04e-05
5762.5 3 5318.716865 0.007 1.04e-05
5787.5 6 5318.716865 0.007 1.04e-05
5812.5 1 5318.716865 0.007 1.04e-05
5837.5 5 5318.716865 0.007 1.04e-05
5862.5 1 5318.716865 0.007 1.04e-05
5887.5 3 5318.716865 0.007 1.04e-05
5912.5 2 5318.716865 0.007 1.04e-05
5937.5 2 5318.716865 0.007 1.04e-05
