5412.5 1 6008.490324 0.01 1.04e-05
5437.5 1 6008.490324 0.01 1.04e-05
5462.5 1 6008.490324 0.01 1.04e-05
5487.5 3 6008.490324 0.01 1.04e-05
5512.5 2 6008.490324 0.01 1.04e-05
5537.5 2 6008.490324 0.01 1.04e-05
5562.5 5 6008.490324 0.01 1.04e-05
5587.5 3 6008.490324 0.01 1.04e-05
5612.5 7 6008.490324 0.01 1.04e-05
5637.5 2 6008.490324 0.01 1.04e-05
5662.5 9 6008.490324 0.01 1.04e-05
5687.5 7 6008.490324 0.01 1.04e-05
5712.5 7 6008.490324 0.01 1.04e-05
5737.5 5 6008.490324 0.01 1.04e-05
5762.5 4 6008.490324 0.01 1.04e-05
5787.5 5 6008.490324 0.01 1.04e-05
5812.5 7 6008.490324 0.01 1.04e-05
5837.5 6 6008.490324 0.01 1.04e-05
5862.5 7 6008.490324 0.01 1.04e-05
5887.5 9 6008.490324 0.01 1.04e-05
5912.5 11 6008.490324 0.01 1.04e-05
5937.5 12 6008.490324 0.01 1.04e-05
5962.5 9 6008.490324 0.01 1.04e-05
5987.5 9 6008.490324 0.01 1.04e-05
6012.5 12 6008.490324 0.01 1.04e-05
6037.5 19 6008.490324 0.01 1.04e-05
6062.5 19 6008.490324 0.01 1.04e-05
6087.5 15 6008.490324 0.01 1.04e-05
6112.5 16 6008.490324 0.01 1.04e-05
6137.5 17 6008.490324 0.01 1.04e-05
6162.5 21 6008.490324 0.01 1.04e-05
6187.5 22 6008.490324 0.01 1.04e-05
6212.5 27 6008.490324 0.01 1.04e-05
6237.5 21 6008.490324 0.01 1.04e-05
6262.5 30 6008.490324 0.01 1.04e-05
6287.5 24 6008.490324 0.01 1.04e-05
6312.5 25 6008.490324 0.01 1.04e-05
6337.5 25 6008.490324 0.01 1.04e-05
6362.5 15 6008.490324 0.01 1.04e-05
6387.5 18 6008.490324 0.01 1.04e-05
6412.5 12 6008.490324 0.01 1.04e-05
6437.5 8 6008.490324 0.01 1.04e-05
6462.5 2 6008.490324 0.01 1.04e-05
