5187.5 1 5584.818588 0.009 1.22e-05
5212.5 3 5584.818588 0.009 1.22e-05
5237.5 3 5584.818588 0.009 1.22e-05
5262.5 4 5584.818588 0.009 1.22e-05
5287.5 5 5584.818588 0.009 1.22e-05
5312.5 9 5584.818588 0.009 1.22e-05
5337.5 13 5584.818588 0.009 1.22e-05
5362.5 9 5584.818588 0.009 1.22e-05
5387.5 6 5584.818588 0.009 1.22e-05
5412.5 5 5584.818588 0.009 1.22e-05
5437.5 7 5584.818588 0.009 1.22e-05
5462.5 6 5584.818588 0.009 1.22e-05
5487.5 7 5584.818588 0.009 1.22e-05
5512.5 6 5584.818588 0.009 1.22e-05
5537.5 10 5584.818588 0.009 1.22e-05
5562.5 7 5584.818588 0.009 1.22e-05
5587.5 9 5584.818588 0.009 1.22e-05
5612.5 7 5584.818588 0.009 1.22e-05
5637.5 8 5584.818588 0.009 1.22e-05
5662.5 11 5584.818588 0.009 1.22e-05
5687.5 3 5584.818588 0.009 1.22e-05
5712.5 14 5584.818588 0.009 1.22e-05
5737.5 3 5584.818588 0.009 1.22e-05
5762.5 13 5584.818588 0.009 1.22e-05
5787.5 10 5584.818588 0.009 1.22e-05
5812.5 14 5584.818588 0.009 1.22e-05
5837.5 12 5584.818588 0.009 1.22e-05
5862.5 7 5584.818588 0.009 1.22e-05
5887.5 10 5584.818588 0.009 1.22e-05
5912.5 8 5584.818588 0.009 1.22e-05
5937.5 6 5584.818588 0.009 1.22e-05
5962.5 10 5584.818588 0.009 1.22e-05
5987.5 9 5584.818588 0.009 1.22e-05
6012.5 8 5584.818588 0.009 1.22e-05
6037.5 8 5584.818588 0.009 1.22e-05
6062.5 4 5584.818588 0.009 1.22e-05
6087.5 7 5584.818588 0.009 1.22e-05
6112.5 3 5584.818588 0.009 1.22e-05
6137.5 5 5584.818588 0.009 1.22e-05
6162.5 4 5584.818588 0.009 1.22e-05
6187.5 0 5584.818588 0.009 1.22e-05
6212.5 3 5584.818588 0.009 1.22e-05
6237.5 0 5584.818588 0.009 1.22e-05
6262.5 1 5584.818588 0.009 1.22e-05
6287.5 1 5584.818588 0.009 1.22e-05
