5262.5 1 5510.517451 0.006 7.8e-06
5287.5 2 5510.517451 0.006 7.8e-06
5312.5 5 5510.517451 0.006 7.8e-06
5337.5 5 5510.517451 0.006 7.8e-06
5362.5 9 5510.517451 0.006 7.8e-06
5387.5 12 5510.517451 0.006 7.8e-06
5412.5 17 5510.517451 0.006 7.8e-06
5437.5 15 5510.517451 0.006 7.8e-06
5462.5 17 5510.517451 0.006 7.8e-06
5487.5 24 5510.517451 0.006 7.8e-06
5512.5 36 5510.517451 0.006 7.8e-06
5537.5 34 5510.517451 0.006 7.8e-06
5562.5 38 5510.517451 0.006 7.8e-06
5587.5 30 5510.517451 0.006 7.8e-06
5612.5 15 5510.517451 0.006 7.8e-06
5637.5 11 5510.517451 0.006 7.8e-06
5662.5 4 5510.517451 0.006 7.8e-06
5687.5 3 5510.517451 0.006 7.8e-06
5712.5 1 5510.517451 0.006 7.8e-06
5737.5 3 5510.517451 0.006 7.8e-06
5762.5 1 5510.517451 0.006 7.8e-06
