4837.5 1 5270.034282 0.009 1.04e-05
4862.5 3 5270.034282 0.009 1.04e-05
4887.5 4 5270.034282 0.009 1.04e-05
4912.5 9 5270.034282 0.009 1.04e-05
4937.5 5 5270.034282 0.009 1.04e-05
4962.5 6 5270.034282 0.009 1.04e-05
4987.5 9 5270.034282 0.009 1.04e-05
5012.5 11 5270.034282 0.009 1.04e-05
5037.5 9 5270.034282 0.009 1.04e-05
5062.5 11 5270.034282 0.009 1.04e-05
5087.5 12 5270.034282 0.009 1.04e-05
5112.5 10 5270.034282 0.009 1.04e-05
5137.5 16 5270.034282 0.009 1.04e-05
5162.5 12 5270.034282 0.009 1.04e-05
5187.5 10 5270.034282 0.009 1.04e-05
5212.5 7 5270.034282 0.009 1.04e-05
5237.5 6 5270.034282 0.009 1.04e-05
5262.5 8 5270.034282 0.009 1.04e-05
5287.5 7 5270.034282 0.009 1.04e-05
5312.5 13 5270.034282 0.009 1.04e-05
5337.5 10 5270.034282 0.009 1.04e-05
5362.5 13 5270.034282 0.009 1.04e-05
5387.5 6 5270.034282 0.009 1.04e-05
5412.5 13 5270.034282 0.009 1.04e-05
5437.5 7 5270.034282 0.009 1.04e-05
5462.5 8 5270.034282 0.009 1.04e-05
5487.5 13 5270.034282 0.009 1.04e-05
5512.5 7 5270.034282 0.009 1.04e-05
5537.5 8 5270.034282 0.009 1.04e-05
5562.5 8 5270.034282 0.009 1.04e-05
5587.5 11 5270.034282 0.009 1.04e-05
5612.5 9 5270.034282 0.009 1.04e-05
5637.5 7 5270.034282 0.009 1.04e-05
5662.5 7 5270.034282 0.009 1.04e-05
5687.5 10 5270.034282 0.009 1.04e-05
5712.5 12 5270.034282 0.009 1.04e-05
5737.5 9 5270.034282 0.009 1.04e-05
5762.5 10 5270.034282 0.009 1.04e-05
5787.5 10 5270.034282 0.009 1.04e-05
5812.5 9 5270.034282 0.009 1.04e-05
5837.5 9 5270.034282 0.009 1.04e-05
5862.5 4 5270.034282 0.009 1.04e-05
5887.5 3 5270.034282 0.009 1.04e-05
5912.5 8 5270.034282 0.009 1.04e-05
5937.5 1 5270.034282 0.009 1.04e-05
5962.5 2 5270.034282 0.009 1.04e-05
5987.5 4 5270.034282 0.009 1.04e-05
6012.5 4 5270.034282 0.009 1.04e-05
6037.5 7 5270.034282 0.009 1.04e-05
6062.5 8 5270.034282 0.009 1.04e-05
6087.5 12 5270.034282 0.009 1.04e-05
6112.5 11 5270.034282 0.009 1.04e-05
6137.5 3 5270.034282 0.009 1.04e-05
