5937.5 1 6262.07271 0.007 8.7e-06
5962.5 2 6262.07271 0.007 8.7e-06
5987.5 2 6262.07271 0.007 8.7e-06
6012.5 4 6262.07271 0.007 8.7e-06
6037.5 8 6262.07271 0.007 8.7e-06
6062.5 10 6262.07271 0.007 8.7e-06
6087.5 16 6262.07271 0.007 8.7e-06
6112.5 17 6262.07271 0.007 8.7e-06
6137.5 20 6262.07271 0.007 8.7e-06
6162.5 25 6262.07271 0.007 8.7e-06
6187.5 33 6262.07271 0.007 8.7e-06
6212.5 38 6262.07271 0.007 8.7e-06
6237.5 28 6262.07271 0.007 8.7e-06
6262.5 23 6262.07271 0.007 8.7e-06
6287.5 17 6262.07271 0.007 8.7e-06
6312.5 22 6262.07271 0.007 8.7e-06
6337.5 21 6262.07271 0.007 8.7e-06
6362.5 26 6262.07271 0.007 8.7e-06
6387.5 21 6262.07271 0.007 8.7e-06
6412.5 14 6262.07271 0.007 8.7e-06
6437.5 16 6262.07271 0.007 8.7e-06
6462.5 7 6262.07271 0.007 8.7e-06
6487.5 19 6262.07271 0.007 8.7e-06
6512.5 8 6262.07271 0.007 8.7e-06
6537.5 6 6262.07271 0.007 8.7e-06
6562.5 11 6262.07271 0.007 8.7e-06
6587.5 7 6262.07271 0.007 8.7e-06
6612.5 2 6262.07271 0.007 8.7e-06
6637.5 3 6262.07271 0.007 8.7e-06
6662.5 1 6262.07271 0.007 8.7e-06
