4862.5 1 5562.638849 0.01 6.1e-06
4887.5 1 5562.638849 0.01 6.1e-06
4912.5 1 5562.638849 0.01 6.1e-06
4937.5 2 5562.638849 0.01 6.1e-06
4962.5 1 5562.638849 0.01 6.1e-06
4987.5 3 5562.638849 0.01 6.1e-06
5012.5 1 5562.638849 0.01 6.1e-06
5037.5 4 5562.638849 0.01 6.1e-06
5062.5 3 5562.638849 0.01 6.1e-06
5087.5 4 5562.638849 0.01 6.1e-06
5112.5 3 5562.638849 0.01 6.1e-06
5137.5 5 5562.638849 0.01 6.1e-06
5162.5 5 5562.638849 0.01 6.1e-06
5187.5 5 5562.638849 0.01 6.1e-06
5212.5 4 5562.638849 0.01 6.1e-06
5237.5 5 5562.638849 0.01 6.1e-06
5262.5 5 5562.638849 0.01 6.1e-06
5287.5 4 5562.638849 0.01 6.1e-06
5312.5 6 5562.638849 0.01 6.1e-06
5337.5 9 5562.638849 0.01 6.1e-06
5362.5 12 5562.638849 0.01 6.1e-06
5387.5 26 5562.638849 0.01 6.1e-06
5412.5 43 5562.638849 0.01 6.1e-06
5437.5 44 5562.638849 0.01 6.1e-06
5462.5 31 5562.638849 0.01 6.1e-06
5487.5 31 5562.638849 0.01 6.1e-06
5512.5 31 5562.638849 0.01 6.1e-06
5537.5 35 5562.638849 0.01 6.1e-06
5562.5 30 5562.638849 0.01 6.1e-06
5587.5 36 5562.638849 0.01 6.1e-06
5612.5 35 5562.638849 0.01 6.1e-06
5637.5 34 5562.638849 0.01 6.1e-06
5662.5 42 5562.638849 0.01 6.1e-06
5687.5 43 5562.638849 0.01 6.1e-06
5712.5 48 5562.638849 0.01 6.1e-06
5737.5 44 5562.638849 0.01 6.1e-06
5762.5 50 5562.638849 0.01 6.1e-06
5787.5 50 5562.638849 0.01 6.1e-06
5812.5 35 5562.638849 0.01 6.1e-06
5837.5 27 5562.638849 0.01 6.1e-06
5862.5 20 5562.638849 0.01 6.1e-06
5887.5 18 5562.638849 0.01 6.1e-06
5912.5 15 5562.638849 0.01 6.1e-06
5937.5 11 5562.638849 0.01 6.1e-06
5962.5 15 5562.638849 0.01 6.1e-06
5987.5 9 5562.638849 0.01 6.1e-06
6012.5 10 5562.638849 0.01 6.1e-06
6037.5 7 5562.638849 0.01 6.1e-06
6062.5 10 5562.638849 0.01 6.1e-06
6087.5 3 5562.638849 0.01 6.1e-06
6112.5 4 5562.638849 0.01 6.1e-06
6137.5 6 5562.638849 0.01 6.1e-06
6162.5 6 5562.638849 0.01 6.1e-06
6187.5 9 5562.638849 0.01 6.1e-06
6212.5 5 5562.638849 0.01 6.1e-06
6237.5 5 5562.638849 0.01 6.1e-06
6262.5 2 5562.638849 0.01 6.1e-06
6287.5 2 5562.638849 0.01 6.1e-06
6312.5 2 5562.638849 0.01 6.1e-06
6337.5 5 5562.638849 0.01 6.1e-06
6362.5 1 5562.638849 0.01 6.1e-06
6387.5 1 5562.638849 0.01 6.1e-06
6412.5 3 5562.638849 0.01 6.1e-06
6437.5 2 5562.638849 0.01 6.1e-06
6462.5 0 5562.638849 0.01 6.1e-06
6487.5 1 5562.638849 0.01 6.1e-06
6512.5 1 5562.638849 0.01 6.1e-06
6537.5 1 5562.638849 0.01 6.1e-06
6562.5 1 5562.638849 0.01 6.1e-06
