5437.5 1 5878.343746 0.01 1.22e-05
5462.5 0 5878.343746 0.01 1.22e-05
5487.5 2 5878.343746 0.01 1.22e-05
5512.5 6 5878.343746 0.01 1.22e-05
5537.5 4 5878.343746 0.01 1.22e-05
5562.5 7 5878.343746 0.01 1.22e-05
5587.5 4 5878.343746 0.01 1.22e-05
5612.5 6 5878.343746 0.01 1.22e-05
5637.5 9 5878.343746 0.01 1.22e-05
5662.5 8 5878.343746 0.01 1.22e-05
5687.5 15 5878.343746 0.01 1.22e-05
5712.5 14 5878.343746 0.01 1.22e-05
5737.5 13 5878.343746 0.01 1.22e-05
5762.5 13 5878.343746 0.01 1.22e-05
5787.5 8 5878.343746 0.01 1.22e-05
5812.5 16 5878.343746 0.01 1.22e-05
5837.5 8 5878.343746 0.01 1.22e-05
5862.5 18 5878.343746 0.01 1.22e-05
5887.5 22 5878.343746 0.01 1.22e-05
5912.5 24 5878.343746 0.01 1.22e-05
5937.5 20 5878.343746 0.01 1.22e-05
5962.5 11 5878.343746 0.01 1.22e-05
5987.5 9 5878.343746 0.01 1.22e-05
6012.5 11 5878.343746 0.01 1.22e-05
6037.5 17 5878.343746 0.01 1.22e-05
6062.5 14 5878.343746 0.01 1.22e-05
6087.5 9 5878.343746 0.01 1.22e-05
6112.5 8 5878.343746 0.01 1.22e-05
6137.5 6 5878.343746 0.01 1.22e-05
6162.5 11 5878.343746 0.01 1.22e-05
6187.5 5 5878.343746 0.01 1.22e-05
6212.5 5 5878.343746 0.01 1.22e-05
6237.5 5 5878.343746 0.01 1.22e-05
6262.5 4 5878.343746 0.01 1.22e-05
6287.5 9 5878.343746 0.01 1.22e-05
6312.5 5 5878.343746 0.01 1.22e-05
6337.5 6 5878.343746 0.01 1.22e-05
6362.5 6 5878.343746 0.01 1.22e-05
6387.5 11 5878.343746 0.01 1.22e-05
6412.5 3 5878.343746 0.01 1.22e-05
6437.5 7 5878.343746 0.01 1.22e-05
6462.5 7 5878.343746 0.01 1.22e-05
6487.5 5 5878.343746 0.01 1.22e-05
6512.5 2 5878.343746 0.01 1.22e-05
6537.5 3 5878.343746 0.01 1.22e-05
6562.5 4 5878.343746 0.01 1.22e-05
6587.5 8 5878.343746 0.01 1.22e-05
6612.5 2 5878.343746 0.01 1.22e-05
6637.5 2 5878.343746 0.01 1.22e-05
6662.5 10 5878.343746 0.01 1.22e-05
6687.5 4 5878.343746 0.01 1.22e-05
6712.5 4 5878.343746 0.01 1.22e-05
6737.5 2 5878.343746 0.01 1.22e-05
6762.5 2 5878.343746 0.01 1.22e-05
6787.5 2 5878.343746 0.01 1.22e-05
6812.5 4 5878.343746 0.01 1.22e-05
6837.5 1 5878.343746 0.01 1.22e-05
6862.5 1 5878.343746 0.01 1.22e-05
6887.5 2 5878.343746 0.01 1.22e-05
