4687.5 1 5267.016141 0.007 5.2e-06
4712.5 2 5267.016141 0.007 5.2e-06
4737.5 0 5267.016141 0.007 5.2e-06
4762.5 9 5267.016141 0.007 5.2e-06
4787.5 14 5267.016141 0.007 5.2e-06
4812.5 12 5267.016141 0.007 5.2e-06
4837.5 18 5267.016141 0.007 5.2e-06
4862.5 9 5267.016141 0.007 5.2e-06
4887.5 5 5267.016141 0.007 5.2e-06
4912.5 8 5267.016141 0.007 5.2e-06
4937.5 7 5267.016141 0.007 5.2e-06
4962.5 6 5267.016141 0.007 5.2e-06
4987.5 8 5267.016141 0.007 5.2e-06
5012.5 8 5267.016141 0.007 5.2e-06
5037.5 5 5267.016141 0.007 5.2e-06
5062.5 10 5267.016141 0.007 5.2e-06
5087.5 7 5267.016141 0.007 5.2e-06
5112.5 9 5267.016141 0.007 5.2e-06
5137.5 7 5267.016141 0.007 5.2e-06
5162.5 9 5267.016141 0.007 5.2e-06
5187.5 8 5267.016141 0.007 5.2e-06
5212.5 10 5267.016141 0.007 5.2e-06
5237.5 8 5267.016141 0.007 5.2e-06
5262.5 13 5267.016141 0.007 5.2e-06
5287.5 6 5267.016141 0.007 5.2e-06
5312.5 7 5267.016141 0.007 5.2e-06
5337.5 8 5267.016141 0.007 5.2e-06
5362.5 6 5267.016141 0.007 5.2e-06
5387.5 9 5267.016141 0.007 5.2e-06
5412.5 9 5267.016141 0.007 5.2e-06
5437.5 10 5267.016141 0.007 5.2e-06
5462.5 13 5267.016141 0.007 5.2e-06
5487.5 11 5267.016141 0.007 5.2e-06
5512.5 17 5267.016141 0.007 5.2e-06
5537.5 13 5267.016141 0.007 5.2e-06
5562.5 12 5267.016141 0.007 5.2e-06
5587.5 12 5267.016141 0.007 5.2e-06
5612.5 8 5267.016141 0.007 5.2e-06
5637.5 12 5267.016141 0.007 5.2e-06
5662.5 8 5267.016141 0.007 5.2e-06
5687.5 9 5267.016141 0.007 5.2e-06
5712.5 7 5267.016141 0.007 5.2e-06
5737.5 3 5267.016141 0.007 5.2e-06
5762.5 6 5267.016141 0.007 5.2e-06
5787.5 9 5267.016141 0.007 5.2e-06
5812.5 3 5267.016141 0.007 5.2e-06
5837.5 9 5267.016141 0.007 5.2e-06
5862.5 6 5267.016141 0.007 5.2e-06
5887.5 5 5267.016141 0.007 5.2e-06
5912.5 10 5267.016141 0.007 5.2e-06
5937.5 7 5267.016141 0.007 5.2e-06
5962.5 8 5267.016141 0.007 5.2e-06
5987.5 5 5267.016141 0.007 5.2e-06
6012.5 6 5267.016141 0.007 5.2e-06
6037.5 6 5267.016141 0.007 5.2e-06
6062.5 6 5267.016141 0.007 5.2e-06
6087.5 7 5267.016141 0.007 5.2e-06
6112.5 11 5267.016141 0.007 5.2e-06
6137.5 6 5267.016141 0.007 5.2e-06
6162.5 2 5267.016141 0.007 5.2e-06
6187.5 6 5267.016141 0.007 5.2e-06
6212.5 3 5267.016141 0.007 5.2e-06
6237.5 6 5267.016141 0.007 5.2e-06
6262.5 3 5267.016141 0.007 5.2e-06
6287.5 3 5267.016141 0.007 5.2e-06
6312.5 3 5267.016141 0.007 5.2e-06
6337.5 3 5267.016141 0.007 5.2e-06
6362.5 3 5267.016141 0.007 5.2e-06
6387.5 8 5267.016141 0.007 5.2e-06
6412.5 7 5267.016141 0.007 5.2e-06
6437.5 3 5267.016141 0.007 5.2e-06
6462.5 3 5267.016141 0.007 5.2e-06
6487.5 8 5267.016141 0.007 5.2e-06
6512.5 3 5267.016141 0.007 5.2e-06
6537.5 6 5267.016141 0.007 5.2e-06
6562.5 9 5267.016141 0.007 5.2e-06
6587.5 2 5267.016141 0.007 5.2e-06
6612.5 6 5267.016141 0.007 5.2e-06
6637.5 2 5267.016141 0.007 5.2e-06
6662.5 3 5267.016141 0.007 5.2e-06
6687.5 2 5267.016141 0.007 5.2e-06
6712.5 1 5267.016141 0.007 5.2e-06
