5537.5 1 6052.113847 0.008 8.7e-06
5562.5 0 6052.113847 0.008 8.7e-06
5587.5 3 6052.113847 0.008 8.7e-06
5612.5 5 6052.113847 0.008 8.7e-06
5637.5 3 6052.113847 0.008 8.7e-06
5662.5 5 6052.113847 0.008 8.7e-06
5687.5 5 6052.113847 0.008 8.7e-06
5712.5 5 6052.113847 0.008 8.7e-06
5737.5 7 6052.113847 0.008 8.7e-06
5762.5 6 6052.113847 0.008 8.7e-06
5787.5 7 6052.113847 0.008 8.7e-06
5812.5 11 6052.113847 0.008 8.7e-06
5837.5 7 6052.113847 0.008 8.7e-06
5862.5 12 6052.113847 0.008 8.7e-06
5887.5 13 6052.113847 0.008 8.7e-06
5912.5 12 6052.113847 0.008 8.7e-06
5937.5 16 6052.113847 0.008 8.7e-06
5962.5 20 6052.113847 0.008 8.7e-06
5987.5 20 6052.113847 0.008 8.7e-06
6012.5 32 6052.113847 0.008 8.7e-06
6037.5 41 6052.113847 0.008 8.7e-06
6062.5 42 6052.113847 0.008 8.7e-06
6087.5 60 6052.113847 0.008 8.7e-06
6112.5 67 6052.113847 0.008 8.7e-06
6137.5 72 6052.113847 0.008 8.7e-06
6162.5 54 6052.113847 0.008 8.7e-06
6187.5 37 6052.113847 0.008 8.7e-06
6212.5 12 6052.113847 0.008 8.7e-06
6237.5 12 6052.113847 0.008 8.7e-06
6262.5 12 6052.113847 0.008 8.7e-06
6287.5 12 6052.113847 0.008 8.7e-06
6312.5 13 6052.113847 0.008 8.7e-06
6337.5 11 6052.113847 0.008 8.7e-06
6362.5 6 6052.113847 0.008 8.7e-06
6387.5 5 6052.113847 0.008 8.7e-06
6412.5 2 6052.113847 0.008 8.7e-06
6437.5 2 6052.113847 0.008 8.7e-06
