5737.5 1 6196.687198 0.006 4.3e-06
5762.5 1 6196.687198 0.006 4.3e-06
5787.5 13 6196.687198 0.006 4.3e-06
5812.5 15 6196.687198 0.006 4.3e-06
5837.5 10 6196.687198 0.006 4.3e-06
5862.5 9 6196.687198 0.006 4.3e-06
5887.5 6 6196.687198 0.006 4.3e-06
5912.5 2 6196.687198 0.006 4.3e-06
5937.5 7 6196.687198 0.006 4.3e-06
5962.5 4 6196.687198 0.006 4.3e-06
5987.5 5 6196.687198 0.006 4.3e-06
6012.5 4 6196.687198 0.006 4.3e-06
6037.5 5 6196.687198 0.006 4.3e-06
6062.5 4 6196.687198 0.006 4.3e-06
6087.5 5 6196.687198 0.006 4.3e-06
6112.5 3 6196.687198 0.006 4.3e-06
6137.5 2 6196.687198 0.006 4.3e-06
6162.5 3 6196.687198 0.006 4.3e-06
6187.5 7 6196.687198 0.006 4.3e-06
6212.5 6 6196.687198 0.006 4.3e-06
6237.5 3 6196.687198 0.006 4.3e-06
6262.5 3 6196.687198 0.006 4.3e-06
6287.5 6 6196.687198 0.006 4.3e-06
6312.5 8 6196.687198 0.006 4.3e-06
6337.5 3 6196.687198 0.006 4.3e-06
6362.5 7 6196.687198 0.006 4.3e-06
6387.5 5 6196.687198 0.006 4.3e-06
6412.5 6 6196.687198 0.006 4.3e-06
6437.5 8 6196.687198 0.006 4.3e-06
6462.5 5 6196.687198 0.006 4.3e-06
6487.5 12 6196.687198 0.006 4.3e-06
6512.5 10 6196.687198 0.006 4.3e-06
6537.5 7 6196.687198 0.006 4.3e-06
6562.5 10 6196.687198 0.006 4.3e-06
6587.5 10 6196.687198 0.006 4.3e-06
6612.5 6 6196.687198 0.006 4.3e-06
6637.5 7 6196.687198 0.006 4.3e-06
6662.5 7 6196.687198 0.006 4.3e-06
6687.5 9 6196.687198 0.006 4.3e-06
6712.5 4 6196.687198 0.006 4.3e-06
6737.5 7 6196.687198 0.006 4.3e-06
6762.5 1 6196.687198 0.006 4.3e-06
6787.5 6 6196.687198 0.006 4.3e-06
6812.5 3 6196.687198 0.006 4.3e-06
6837.5 4 6196.687198 0.006 4.3e-06
6862.5 4 6196.687198 0.006 4.3e-06
6887.5 3 6196.687198 0.006 4.3e-06
6912.5 6 6196.687198 0.006 4.3e-06
6937.5 3 6196.687198 0.006 4.3e-06
6962.5 7 6196.687198 0.006 4.3e-06
6987.5 2 6196.687198 0.006 4.3e-06
7012.5 1 6196.687198 0.006 4.3e-06
7037.5 2 6196.687198 0.006 4.3e-06
7062.5 0 6196.687198 0.006 4.3e-06
7087.5 2 6196.687198 0.006 4.3e-06
7112.5 0 6196.687198 0.006 4.3e-06
7137.5 0 6196.687198 0.006 4.3e-06
7162.5 1 6196.687198 0.006 4.3e-06
