5362.5 4 5669.06667 0.005 5.2e-06
5387.5 2 5669.06667 0.005 5.2e-06
5412.5 6 5669.06667 0.005 5.2e-06
5437.5 10 5669.06667 0.005 5.2e-06
5462.5 13 5669.06667 0.005 5.2e-06
5487.5 13 5669.06667 0.005 5.2e-06
5512.5 17 5669.06667 0.005 5.2e-06
5537.5 12 5669.06667 0.005 5.2e-06
5562.5 17 5669.06667 0.005 5.2e-06
5587.5 16 5669.06667 0.005 5.2e-06
5612.5 19 5669.06667 0.005 5.2e-06
5637.5 18 5669.06667 0.005 5.2e-06
5662.5 20 5669.06667 0.005 5.2e-06
5687.5 28 5669.06667 0.005 5.2e-06
5712.5 23 5669.06667 0.005 5.2e-06
5737.5 27 5669.06667 0.005 5.2e-06
5762.5 19 5669.06667 0.005 5.2e-06
5787.5 16 5669.06667 0.005 5.2e-06
5812.5 12 5669.06667 0.005 5.2e-06
5837.5 11 5669.06667 0.005 5.2e-06
5862.5 12 5669.06667 0.005 5.2e-06
5887.5 13 5669.06667 0.005 5.2e-06
5912.5 14 5669.06667 0.005 5.2e-06
5937.5 9 5669.06667 0.005 5.2e-06
5962.5 2 5669.06667 0.005 5.2e-06
