5062.5 2 5654.528944 0.009 1.04e-05
5087.5 2 5654.528944 0.009 1.04e-05
5112.5 2 5654.528944 0.009 1.04e-05
5137.5 1 5654.528944 0.009 1.04e-05
5162.5 4 5654.528944 0.009 1.04e-05
5187.5 2 5654.528944 0.009 1.04e-05
5212.5 7 5654.528944 0.009 1.04e-05
5237.5 8 5654.528944 0.009 1.04e-05
5262.5 7 5654.528944 0.009 1.04e-05
5287.5 8 5654.528944 0.009 1.04e-05
5312.5 7 5654.528944 0.009 1.04e-05
5337.5 7 5654.528944 0.009 1.04e-05
5362.5 3 5654.528944 0.009 1.04e-05
5387.5 6 5654.528944 0.009 1.04e-05
5412.5 8 5654.528944 0.009 1.04e-05
5437.5 6 5654.528944 0.009 1.04e-05
5462.5 11 5654.528944 0.009 1.04e-05
5487.5 6 5654.528944 0.009 1.04e-05
5512.5 8 5654.528944 0.009 1.04e-05
5537.5 11 5654.528944 0.009 1.04e-05
5562.5 10 5654.528944 0.009 1.04e-05
5587.5 11 5654.528944 0.009 1.04e-05
5612.5 12 5654.528944 0.009 1.04e-05
5637.5 17 5654.528944 0.009 1.04e-05
5662.5 14 5654.528944 0.009 1.04e-05
5687.5 15 5654.528944 0.009 1.04e-05
5712.5 16 5654.528944 0.009 1.04e-05
5737.5 15 5654.528944 0.009 1.04e-05
5762.5 19 5654.528944 0.009 1.04e-05
5787.5 12 5654.528944 0.009 1.04e-05
5812.5 14 5654.528944 0.009 1.04e-05
5837.5 13 5654.528944 0.009 1.04e-05
5862.5 17 5654.528944 0.009 1.04e-05
5887.5 14 5654.528944 0.009 1.04e-05
5912.5 18 5654.528944 0.009 1.04e-05
5937.5 15 5654.528944 0.009 1.04e-05
5962.5 15 5654.528944 0.009 1.04e-05
5987.5 15 5654.528944 0.009 1.04e-05
6012.5 15 5654.528944 0.009 1.04e-05
6037.5 15 5654.528944 0.009 1.04e-05
6062.5 14 5654.528944 0.009 1.04e-05
6087.5 15 5654.528944 0.009 1.04e-05
6112.5 11 5654.528944 0.009 1.04e-05
6137.5 12 5654.528944 0.009 1.04e-05
6162.5 10 5654.528944 0.009 1.04e-05
6187.5 9 5654.528944 0.009 1.04e-05
6212.5 5 5654.528944 0.009 1.04e-05
6237.5 4 5654.528944 0.009 1.04e-05
6262.5 7 5654.528944 0.009 1.04e-05
6287.5 8 5654.528944 0.009 1.04e-05
6312.5 1 5654.528944 0.009 1.04e-05
6337.5 2 5654.528944 0.009 1.04e-05
6362.5 10 5654.528944 0.009 1.04e-05
6387.5 3 5654.528944 0.009 1.04e-05
6412.5 8 5654.528944 0.009 1.04e-05
6437.5 1 5654.528944 0.009 1.04e-05
6462.5 9 5654.528944 0.009 1.04e-05
6487.5 2 5654.528944 0.009 1.04e-05
6512.5 3 5654.528944 0.009 1.04e-05
6537.5 2 5654.528944 0.009 1.04e-05
6562.5 2 5654.528944 0.009 1.04e-05
6587.5 1 5654.528944 0.009 1.04e-05
6612.5 2 5654.528944 0.009 1.04e-05
6637.5 0 5654.528944 0.009 1.04e-05
6662.5 1 5654.528944 0.009 1.04e-05
