5112.5 3 5609.698371 0.007 1.3e-05
5137.5 9 5609.698371 0.007 1.3e-05
5162.5 6 5609.698371 0.007 1.3e-05
5187.5 10 5609.698371 0.007 1.3e-05
5212.5 6 5609.698371 0.007 1.3e-05
5237.5 8 5609.698371 0.007 1.3e-05
5262.5 7 5609.698371 0.007 1.3e-05
5287.5 5 5609.698371 0.007 1.3e-05
5312.5 7 5609.698371 0.007 1.3e-05
5337.5 7 5609.698371 0.007 1.3e-05
5362.5 4 5609.698371 0.007 1.3e-05
5387.5 6 5609.698371 0.007 1.3e-05
5412.5 5 5609.698371 0.007 1.3e-05
5437.5 4 5609.698371 0.007 1.3e-05
5462.5 3 5609.698371 0.007 1.3e-05
5487.5 3 5609.698371 0.007 1.3e-05
5512.5 4 5609.698371 0.007 1.3e-05
5537.5 3 5609.698371 0.007 1.3e-05
5562.5 5 5609.698371 0.007 1.3e-05
5587.5 3 5609.698371 0.007 1.3e-05
5612.5 6 5609.698371 0.007 1.3e-05
5637.5 3 5609.698371 0.007 1.3e-05
5662.5 7 5609.698371 0.007 1.3e-05
5687.5 3 5609.698371 0.007 1.3e-05
5712.5 6 5609.698371 0.007 1.3e-05
5737.5 6 5609.698371 0.007 1.3e-05
5762.5 3 5609.698371 0.007 1.3e-05
5787.5 3 5609.698371 0.007 1.3e-05
5812.5 5 5609.698371 0.007 1.3e-05
5837.5 6 5609.698371 0.007 1.3e-05
5862.5 2 5609.698371 0.007 1.3e-05
5887.5 8 5609.698371 0.007 1.3e-05
5912.5 3 5609.698371 0.007 1.3e-05
5937.5 3 5609.698371 0.007 1.3e-05
5962.5 6 5609.698371 0.007 1.3e-05
5987.5 4 5609.698371 0.007 1.3e-05
6012.5 3 5609.698371 0.007 1.3e-05
6037.5 4 5609.698371 0.007 1.3e-05
6062.5 6 5609.698371 0.007 1.3e-05
6087.5 5 5609.698371 0.007 1.3e-05
6112.5 5 5609.698371 0.007 1.3e-05
6137.5 4 5609.698371 0.007 1.3e-05
6162.5 8 5609.698371 0.007 1.3e-05
6187.5 2 5609.698371 0.007 1.3e-05
6212.5 9 5609.698371 0.007 1.3e-05
6237.5 5 5609.698371 0.007 1.3e-05
6262.5 1 5609.698371 0.007 1.3e-05
6287.5 7 5609.698371 0.007 1.3e-05
6312.5 6 5609.698371 0.007 1.3e-05
6337.5 2 5609.698371 0.007 1.3e-05
6362.5 0 5609.698371 0.007 1.3e-05
6387.5 5 5609.698371 0.007 1.3e-05
6412.5 2 5609.698371 0.007 1.3e-05
6437.5 4 5609.698371 0.007 1.3e-05
6462.5 2 5609.698371 0.007 1.3e-05
6487.5 2 5609.698371 0.007 1.3e-05
6512.5 0 5609.698371 0.007 1.3e-05
6537.5 5 5609.698371 0.007 1.3e-05
6562.5 2 5609.698371 0.007 1.3e-05
6587.5 2 5609.698371 0.007 1.3e-05
6612.5 2 5609.698371 0.007 1.3e-05
6637.5 3 5609.698371 0.007 1.3e-05
6662.5 2 5609.698371 0.007 1.3e-05
6687.5 3 5609.698371 0.007 1.3e-05
6712.5 3 5609.698371 0.007 1.3e-05
6737.5 2 5609.698371 0.007 1.3e-05
6762.5 1 5609.698371 0.007 1.3e-05
6787.5 1 5609.698371 0.007 1.3e-05
6812.5 3 5609.698371 0.007 1.3e-05
6837.5 2 5609.698371 0.007 1.3e-05
6862.5 0 5609.698371 0.007 1.3e-05
6887.5 2 5609.698371 0.007 1.3e-05
6912.5 3 5609.698371 0.007 1.3e-05
6937.5 0 5609.698371 0.007 1.3e-05
6962.5 2 5609.698371 0.007 1.3e-05
6987.5 3 5609.698371 0.007 1.3e-05
7012.5 1 5609.698371 0.007 1.3e-05
7037.5 0 5609.698371 0.007 1.3e-05
7062.5 1 5609.698371 0.007 1.3e-05
7087.5 2 5609.698371 0.007 1.3e-05
7112.5 2 5609.698371 0.007 1.3e-05
7137.5 1 5609.698371 0.007 1.3e-05
7162.5 3 5609.698371 0.007 1.3e-05
7187.5 1 5609.698371 0.007 1.3e-05
7212.5 2 5609.698371 0.007 1.3e-05
7237.5 0 5609.698371 0.007 1.3e-05
7262.5 2 5609.698371 0.007 1.3e-05
7287.5 8 5609.698371 0.007 1.3e-05
7312.5 10 5609.698371 0.007 1.3e-05
7337.5 8 5609.698371 0.007 1.3e-05
7362.5 5 5609.698371 0.007 1.3e-05
7387.5 2 5609.698371 0.007 1.3e-05
