5262.5 1 5495.12744 0.01 4.3e-06
5287.5 2 5495.12744 0.01 4.3e-06
5312.5 4 5495.12744 0.01 4.3e-06
5337.5 7 5495.12744 0.01 4.3e-06
5362.5 15 5495.12744 0.01 4.3e-06
5387.5 15 5495.12744 0.01 4.3e-06
5412.5 23 5495.12744 0.01 4.3e-06
5437.5 19 5495.12744 0.01 4.3e-06
5462.5 22 5495.12744 0.01 4.3e-06
5487.5 24 5495.12744 0.01 4.3e-06
5512.5 28 5495.12744 0.01 4.3e-06
5537.5 31 5495.12744 0.01 4.3e-06
5562.5 26 5495.12744 0.01 4.3e-06
5587.5 16 5495.12744 0.01 4.3e-06
5612.5 17 5495.12744 0.01 4.3e-06
5637.5 13 5495.12744 0.01 4.3e-06
5662.5 3 5495.12744 0.01 4.3e-06
5687.5 3 5495.12744 0.01 4.3e-06
5712.5 1 5495.12744 0.01 4.3e-06
5737.5 5 5495.12744 0.01 4.3e-06
5762.5 1 5495.12744 0.01 4.3e-06
5787.5 3 5495.12744 0.01 4.3e-06
5812.5 4 5495.12744 0.01 4.3e-06
5837.5 4 5495.12744 0.01 4.3e-06
5862.5 1 5495.12744 0.01 4.3e-06
5887.5 0 5495.12744 0.01 4.3e-06
5912.5 2 5495.12744 0.01 4.3e-06
5937.5 1 5495.12744 0.01 4.3e-06
5962.5 1 5495.12744 0.01 4.3e-06
5987.5 0 5495.12744 0.01 4.3e-06
6012.5 1 5495.12744 0.01 4.3e-06
