4212.5 1 5336.193894 0.008 6.9e-06
4237.5 3 5336.193894 0.008 6.9e-06
4262.5 7 5336.193894 0.008 6.9e-06
4287.5 8 5336.193894 0.008 6.9e-06
4312.5 6 5336.193894 0.008 6.9e-06
4337.5 8 5336.193894 0.008 6.9e-06
4362.5 8 5336.193894 0.008 6.9e-06
4387.5 7 5336.193894 0.008 6.9e-06
4412.5 7 5336.193894 0.008 6.9e-06
4437.5 6 5336.193894 0.008 6.9e-06
4462.5 7 5336.193894 0.008 6.9e-06
4487.5 3 5336.193894 0.008 6.9e-06
4512.5 5 5336.193894 0.008 6.9e-06
4537.5 4 5336.193894 0.008 6.9e-06
4562.5 4 5336.193894 0.008 6.9e-06
4587.5 3 5336.193894 0.008 6.9e-06
4612.5 3 5336.193894 0.008 6.9e-06
4637.5 5 5336.193894 0.008 6.9e-06
4662.5 4 5336.193894 0.008 6.9e-06
4687.5 4 5336.193894 0.008 6.9e-06
4712.5 5 5336.193894 0.008 6.9e-06
4737.5 4 5336.193894 0.008 6.9e-06
4762.5 4 5336.193894 0.008 6.9e-06
4787.5 2 5336.193894 0.008 6.9e-06
4812.5 5 5336.193894 0.008 6.9e-06
4837.5 5 5336.193894 0.008 6.9e-06
4862.5 5 5336.193894 0.008 6.9e-06
4887.5 5 5336.193894 0.008 6.9e-06
4912.5 5 5336.193894 0.008 6.9e-06
4937.5 4 5336.193894 0.008 6.9e-06
4962.5 7 5336.193894 0.008 6.9e-06
4987.5 10 5336.193894 0.008 6.9e-06
5012.5 11 5336.193894 0.008 6.9e-06
5037.5 12 5336.193894 0.008 6.9e-06
5062.5 12 5336.193894 0.008 6.9e-06
5087.5 9 5336.193894 0.008 6.9e-06
5112.5 5 5336.193894 0.008 6.9e-06
5137.5 13 5336.193894 0.008 6.9e-06
5162.5 6 5336.193894 0.008 6.9e-06
5187.5 8 5336.193894 0.008 6.9e-06
5212.5 14 5336.193894 0.008 6.9e-06
5237.5 8 5336.193894 0.008 6.9e-06
5262.5 14 5336.193894 0.008 6.9e-06
5287.5 14 5336.193894 0.008 6.9e-06
5312.5 10 5336.193894 0.008 6.9e-06
5337.5 16 5336.193894 0.008 6.9e-06
5362.5 18 5336.193894 0.008 6.9e-06
5387.5 20 5336.193894 0.008 6.9e-06
5412.5 26 5336.193894 0.008 6.9e-06
5437.5 31 5336.193894 0.008 6.9e-06
5462.5 25 5336.193894 0.008 6.9e-06
5487.5 30 5336.193894 0.008 6.9e-06
5512.5 45 5336.193894 0.008 6.9e-06
5537.5 34 5336.193894 0.008 6.9e-06
5562.5 39 5336.193894 0.008 6.9e-06
5587.5 30 5336.193894 0.008 6.9e-06
5612.5 44 5336.193894 0.008 6.9e-06
5637.5 35 5336.193894 0.008 6.9e-06
5662.5 32 5336.193894 0.008 6.9e-06
5687.5 30 5336.193894 0.008 6.9e-06
5712.5 34 5336.193894 0.008 6.9e-06
5737.5 39 5336.193894 0.008 6.9e-06
5762.5 22 5336.193894 0.008 6.9e-06
5787.5 25 5336.193894 0.008 6.9e-06
5812.5 22 5336.193894 0.008 6.9e-06
5837.5 29 5336.193894 0.008 6.9e-06
5862.5 35 5336.193894 0.008 6.9e-06
5887.5 30 5336.193894 0.008 6.9e-06
5912.5 36 5336.193894 0.008 6.9e-06
5937.5 57 5336.193894 0.008 6.9e-06
5962.5 69 5336.193894 0.008 6.9e-06
5987.5 69 5336.193894 0.008 6.9e-06
6012.5 47 5336.193894 0.008 6.9e-06
6037.5 55 5336.193894 0.008 6.9e-06
6062.5 52 5336.193894 0.008 6.9e-06
6087.5 23 5336.193894 0.008 6.9e-06
6112.5 24 5336.193894 0.008 6.9e-06
6137.5 22 5336.193894 0.008 6.9e-06
6162.5 13 5336.193894 0.008 6.9e-06
6187.5 11 5336.193894 0.008 6.9e-06
6212.5 5 5336.193894 0.008 6.9e-06
6237.5 6 5336.193894 0.008 6.9e-06
6262.5 7 5336.193894 0.008 6.9e-06
6287.5 11 5336.193894 0.008 6.9e-06
6312.5 6 5336.193894 0.008 6.9e-06
6337.5 6 5336.193894 0.008 6.9e-06
6362.5 8 5336.193894 0.008 6.9e-06
6387.5 5 5336.193894 0.008 6.9e-06
6412.5 3 5336.193894 0.008 6.9e-06
