4862.5 1 5256.087014 0.008 1.13e-05
4887.5 2 5256.087014 0.008 1.13e-05
4912.5 9 5256.087014 0.008 1.13e-05
4937.5 8 5256.087014 0.008 1.13e-05
4962.5 8 5256.087014 0.008 1.13e-05
4987.5 8 5256.087014 0.008 1.13e-05
5012.5 11 5256.087014 0.008 1.13e-05
5037.5 11 5256.087014 0.008 1.13e-05
5062.5 12 5256.087014 0.008 1.13e-05
5087.5 10 5256.087014 0.008 1.13e-05
5112.5 10 5256.087014 0.008 1.13e-05
5137.5 14 5256.087014 0.008 1.13e-05
5162.5 17 5256.087014 0.008 1.13e-05
5187.5 17 5256.087014 0.008 1.13e-05
5212.5 17 5256.087014 0.008 1.13e-05
5237.5 19 5256.087014 0.008 1.13e-05
5262.5 13 5256.087014 0.008 1.13e-05
5287.5 17 5256.087014 0.008 1.13e-05
5312.5 18 5256.087014 0.008 1.13e-05
5337.5 15 5256.087014 0.008 1.13e-05
5362.5 17 5256.087014 0.008 1.13e-05
5387.5 19 5256.087014 0.008 1.13e-05
5412.5 11 5256.087014 0.008 1.13e-05
5437.5 12 5256.087014 0.008 1.13e-05
5462.5 21 5256.087014 0.008 1.13e-05
5487.5 12 5256.087014 0.008 1.13e-05
5512.5 12 5256.087014 0.008 1.13e-05
5537.5 14 5256.087014 0.008 1.13e-05
5562.5 13 5256.087014 0.008 1.13e-05
5587.5 11 5256.087014 0.008 1.13e-05
5612.5 6 5256.087014 0.008 1.13e-05
5637.5 12 5256.087014 0.008 1.13e-05
5662.5 7 5256.087014 0.008 1.13e-05
5687.5 7 5256.087014 0.008 1.13e-05
5712.5 6 5256.087014 0.008 1.13e-05
5737.5 4 5256.087014 0.008 1.13e-05
5762.5 8 5256.087014 0.008 1.13e-05
5787.5 3 5256.087014 0.008 1.13e-05
5812.5 7 5256.087014 0.008 1.13e-05
5837.5 3 5256.087014 0.008 1.13e-05
5862.5 1 5256.087014 0.008 1.13e-05
