4612.5 3 5509.413384 0.007 9.5e-06
4637.5 5 5509.413384 0.007 9.5e-06
4662.5 5 5509.413384 0.007 9.5e-06
4687.5 3 5509.413384 0.007 9.5e-06
4712.5 1 5509.413384 0.007 9.5e-06
4737.5 5 5509.413384 0.007 9.5e-06
4762.5 0 5509.413384 0.007 9.5e-06
4787.5 3 5509.413384 0.007 9.5e-06
4812.5 4 5509.413384 0.007 9.5e-06
4837.5 2 5509.413384 0.007 9.5e-06
4862.5 5 5509.413384 0.007 9.5e-06
4887.5 1 5509.413384 0.007 9.5e-06
4912.5 5 5509.413384 0.007 9.5e-06
4937.5 2 5509.413384 0.007 9.5e-06
4962.5 3 5509.413384 0.007 9.5e-06
4987.5 18 5509.413384 0.007 9.5e-06
5012.5 24 5509.413384 0.007 9.5e-06
5037.5 22 5509.413384 0.007 9.5e-06
5062.5 21 5509.413384 0.007 9.5e-06
5087.5 15 5509.413384 0.007 9.5e-06
5112.5 32 5509.413384 0.007 9.5e-06
5137.5 33 5509.413384 0.007 9.5e-06
5162.5 38 5509.413384 0.007 9.5e-06
5187.5 38 5509.413384 0.007 9.5e-06
5212.5 48 5509.413384 0.007 9.5e-06
5237.5 53 5509.413384 0.007 9.5e-06
5262.5 36 5509.413384 0.007 9.5e-06
5287.5 41 5509.413384 0.007 9.5e-06
5312.5 32 5509.413384 0.007 9.5e-06
5337.5 35 5509.413384 0.007 9.5e-06
5362.5 35 5509.413384 0.007 9.5e-06
5387.5 30 5509.413384 0.007 9.5e-06
5412.5 44 5509.413384 0.007 9.5e-06
5437.5 62 5509.413384 0.007 9.5e-06
5462.5 91 5509.413384 0.007 9.5e-06
5487.5 104 5509.413384 0.007 9.5e-06
5512.5 110 5509.413384 0.007 9.5e-06
5537.5 108 5509.413384 0.007 9.5e-06
5562.5 96 5509.413384 0.007 9.5e-06
5587.5 84 5509.413384 0.007 9.5e-06
5612.5 65 5509.413384 0.007 9.5e-06
5637.5 63 5509.413384 0.007 9.5e-06
5662.5 61 5509.413384 0.007 9.5e-06
5687.5 63 5509.413384 0.007 9.5e-06
5712.5 53 5509.413384 0.007 9.5e-06
5737.5 46 5509.413384 0.007 9.5e-06
5762.5 48 5509.413384 0.007 9.5e-06
5787.5 47 5509.413384 0.007 9.5e-06
5812.5 37 5509.413384 0.007 9.5e-06
5837.5 48 5509.413384 0.007 9.5e-06
5862.5 31 5509.413384 0.007 9.5e-06
5887.5 37 5509.413384 0.007 9.5e-06
5912.5 38 5509.413384 0.007 9.5e-06
5937.5 29 5509.413384 0.007 9.5e-06
5962.5 26 5509.413384 0.007 9.5e-06
5987.5 30 5509.413384 0.007 9.5e-06
6012.5 25 5509.413384 0.007 9.5e-06
6037.5 27 5509.413384 0.007 9.5e-06
6062.5 27 5509.413384 0.007 9.5e-06
6087.5 27 5509.413384 0.007 9.5e-06
6112.5 19 5509.413384 0.007 9.5e-06
6137.5 22 5509.413384 0.007 9.5e-06
6162.5 20 5509.413384 0.007 9.5e-06
6187.5 23 5509.413384 0.007 9.5e-06
6212.5 21 5509.413384 0.007 9.5e-06
6237.5 19 5509.413384 0.007 9.5e-06
6262.5 20 5509.413384 0.007 9.5e-06
6287.5 20 5509.413384 0.007 9.5e-06
6312.5 29 5509.413384 0.007 9.5e-06
6337.5 21 5509.413384 0.007 9.5e-06
6362.5 26 5509.413384 0.007 9.5e-06
6387.5 6 5509.413384 0.007 9.5e-06
6412.5 12 5509.413384 0.007 9.5e-06
6437.5 9 5509.413384 0.007 9.5e-06
6462.5 9 5509.413384 0.007 9.5e-06
6487.5 12 5509.413384 0.007 9.5e-06
6512.5 9 5509.413384 0.007 9.5e-06
6537.5 7 5509.413384 0.007 9.5e-06
6562.5 14 5509.413384 0.007 9.5e-06
6587.5 6 5509.413384 0.007 9.5e-06
6612.5 10 5509.413384 0.007 9.5e-06
6637.5 12 5509.413384 0.007 9.5e-06
6662.5 8 5509.413384 0.007 9.5e-06
6687.5 11 5509.413384 0.007 9.5e-06
6712.5 5 5509.413384 0.007 9.5e-06
6737.5 13 5509.413384 0.007 9.5e-06
6762.5 8 5509.413384 0.007 9.5e-06
6787.5 9 5509.413384 0.007 9.5e-06
6812.5 9 5509.413384 0.007 9.5e-06
6837.5 7 5509.413384 0.007 9.5e-06
6862.5 4 5509.413384 0.007 9.5e-06
6887.5 9 5509.413384 0.007 9.5e-06
6912.5 4 5509.413384 0.007 9.5e-06
6937.5 5 5509.413384 0.007 9.5e-06
6962.5 7 5509.413384 0.007 9.5e-06
6987.5 8 5509.413384 0.007 9.5e-06
7012.5 3 5509.413384 0.007 9.5e-06
7037.5 8 5509.413384 0.007 9.5e-06
7062.5 7 5509.413384 0.007 9.5e-06
7087.5 5 5509.413384 0.007 9.5e-06
7112.5 6 5509.413384 0.007 9.5e-06
7137.5 6 5509.413384 0.007 9.5e-06
7162.5 5 5509.413384 0.007 9.5e-06
7187.5 7 5509.413384 0.007 9.5e-06
7212.5 6 5509.413384 0.007 9.5e-06
7237.5 3 5509.413384 0.007 9.5e-06
7262.5 6 5509.413384 0.007 9.5e-06
7287.5 6 5509.413384 0.007 9.5e-06
7312.5 5 5509.413384 0.007 9.5e-06
7337.5 5 5509.413384 0.007 9.5e-06
7362.5 5 5509.413384 0.007 9.5e-06
7387.5 6 5509.413384 0.007 9.5e-06
7412.5 5 5509.413384 0.007 9.5e-06
7437.5 5 5509.413384 0.007 9.5e-06
7462.5 6 5509.413384 0.007 9.5e-06
7487.5 5 5509.413384 0.007 9.5e-06
7512.5 1 5509.413384 0.007 9.5e-06
7537.5 7 5509.413384 0.007 9.5e-06
7562.5 5 5509.413384 0.007 9.5e-06
7587.5 1 5509.413384 0.007 9.5e-06
7612.5 7 5509.413384 0.007 9.5e-06
7637.5 10 5509.413384 0.007 9.5e-06
7662.5 10 5509.413384 0.007 9.5e-06
7687.5 2 5509.413384 0.007 9.5e-06
7712.5 5 5509.413384 0.007 9.5e-06
7737.5 5 5509.413384 0.007 9.5e-06
7762.5 3 5509.413384 0.007 9.5e-06
7787.5 1 5509.413384 0.007 9.5e-06
