5737.5 2 5958.829574 0.007 1.13e-05
5762.5 5 5958.829574 0.007 1.13e-05
5787.5 4 5958.829574 0.007 1.13e-05
5812.5 12 5958.829574 0.007 1.13e-05
5837.5 14 5958.829574 0.007 1.13e-05
5862.5 24 5958.829574 0.007 1.13e-05
5887.5 36 5958.829574 0.007 1.13e-05
5912.5 26 5958.829574 0.007 1.13e-05
5937.5 32 5958.829574 0.007 1.13e-05
5962.5 30 5958.829574 0.007 1.13e-05
5987.5 30 5958.829574 0.007 1.13e-05
6012.5 28 5958.829574 0.007 1.13e-05
6037.5 28 5958.829574 0.007 1.13e-05
6062.5 21 5958.829574 0.007 1.13e-05
6087.5 14 5958.829574 0.007 1.13e-05
6112.5 11 5958.829574 0.007 1.13e-05
6137.5 7 5958.829574 0.007 1.13e-05
6162.5 6 5958.829574 0.007 1.13e-05
6187.5 5 5958.829574 0.007 1.13e-05
6212.5 5 5958.829574 0.007 1.13e-05
