5612.5 1 5900.537727 0.005 7.8e-06
5637.5 0 5900.537727 0.005 7.8e-06
5662.5 3 5900.537727 0.005 7.8e-06
5687.5 2 5900.537727 0.005 7.8e-06
5712.5 5 5900.537727 0.005 7.8e-06
5737.5 10 5900.537727 0.005 7.8e-06
5762.5 10 5900.537727 0.005 7.8e-06
5787.5 14 5900.537727 0.005 7.8e-06
5812.5 16 5900.537727 0.005 7.8e-06
5837.5 21 5900.537727 0.005 7.8e-06
5862.5 25 5900.537727 0.005 7.8e-06
5887.5 26 5900.537727 0.005 7.8e-06
5912.5 39 5900.537727 0.005 7.8e-06
5937.5 28 5900.537727 0.005 7.8e-06
5962.5 15 5900.537727 0.005 7.8e-06
5987.5 15 5900.537727 0.005 7.8e-06
6012.5 16 5900.537727 0.005 7.8e-06
6037.5 15 5900.537727 0.005 7.8e-06
6062.5 8 5900.537727 0.005 7.8e-06
6087.5 5 5900.537727 0.005 7.8e-06
6112.5 3 5900.537727 0.005 7.8e-06
6137.5 2 5900.537727 0.005 7.8e-06
6162.5 3 5900.537727 0.005 7.8e-06
6187.5 2 5900.537727 0.005 7.8e-06
