4737.5 1 5326.989317 0.005 1.22e-05
4762.5 0 5326.989317 0.005 1.22e-05
4787.5 4 5326.989317 0.005 1.22e-05
4812.5 1 5326.989317 0.005 1.22e-05
4837.5 2 5326.989317 0.005 1.22e-05
4862.5 3 5326.989317 0.005 1.22e-05
4887.5 3 5326.989317 0.005 1.22e-05
4912.5 2 5326.989317 0.005 1.22e-05
4937.5 4 5326.989317 0.005 1.22e-05
4962.5 7 5326.989317 0.005 1.22e-05
4987.5 5 5326.989317 0.005 1.22e-05
5012.5 5 5326.989317 0.005 1.22e-05
5037.5 7 5326.989317 0.005 1.22e-05
5062.5 9 5326.989317 0.005 1.22e-05
5087.5 8 5326.989317 0.005 1.22e-05
5112.5 11 5326.989317 0.005 1.22e-05
5137.5 10 5326.989317 0.005 1.22e-05
5162.5 8 5326.989317 0.005 1.22e-05
5187.5 14 5326.989317 0.005 1.22e-05
5212.5 13 5326.989317 0.005 1.22e-05
5237.5 19 5326.989317 0.005 1.22e-05
5262.5 15 5326.989317 0.005 1.22e-05
5287.5 20 5326.989317 0.005 1.22e-05
5312.5 22 5326.989317 0.005 1.22e-05
5337.5 20 5326.989317 0.005 1.22e-05
5362.5 26 5326.989317 0.005 1.22e-05
5387.5 19 5326.989317 0.005 1.22e-05
5412.5 16 5326.989317 0.005 1.22e-05
5437.5 23 5326.989317 0.005 1.22e-05
5462.5 17 5326.989317 0.005 1.22e-05
5487.5 27 5326.989317 0.005 1.22e-05
5512.5 22 5326.989317 0.005 1.22e-05
5537.5 20 5326.989317 0.005 1.22e-05
5562.5 11 5326.989317 0.005 1.22e-05
5587.5 10 5326.989317 0.005 1.22e-05
5612.5 6 5326.989317 0.005 1.22e-05
5637.5 2 5326.989317 0.005 1.22e-05
5662.5 3 5326.989317 0.005 1.22e-05
5687.5 4 5326.989317 0.005 1.22e-05
5712.5 4 5326.989317 0.005 1.22e-05
5737.5 4 5326.989317 0.005 1.22e-05
5762.5 5 5326.989317 0.005 1.22e-05
5787.5 2 5326.989317 0.005 1.22e-05
5812.5 2 5326.989317 0.005 1.22e-05
5837.5 1 5326.989317 0.005 1.22e-05
5862.5 2 5326.989317 0.005 1.22e-05
