4687.5 2 5261.169344 0.006 1.3e-05
4712.5 5 5261.169344 0.006 1.3e-05
4737.5 3 5261.169344 0.006 1.3e-05
4762.5 8 5261.169344 0.006 1.3e-05
4787.5 14 5261.169344 0.006 1.3e-05
4812.5 12 5261.169344 0.006 1.3e-05
4837.5 16 5261.169344 0.006 1.3e-05
4862.5 18 5261.169344 0.006 1.3e-05
4887.5 21 5261.169344 0.006 1.3e-05
4912.5 28 5261.169344 0.006 1.3e-05
4937.5 29 5261.169344 0.006 1.3e-05
4962.5 23 5261.169344 0.006 1.3e-05
4987.5 20 5261.169344 0.006 1.3e-05
5012.5 14 5261.169344 0.006 1.3e-05
5037.5 14 5261.169344 0.006 1.3e-05
5062.5 8 5261.169344 0.006 1.3e-05
5087.5 14 5261.169344 0.006 1.3e-05
5112.5 7 5261.169344 0.006 1.3e-05
5137.5 11 5261.169344 0.006 1.3e-05
5162.5 10 5261.169344 0.006 1.3e-05
5187.5 8 5261.169344 0.006 1.3e-05
5212.5 11 5261.169344 0.006 1.3e-05
5237.5 11 5261.169344 0.006 1.3e-05
5262.5 8 5261.169344 0.006 1.3e-05
5287.5 5 5261.169344 0.006 1.3e-05
5312.5 9 5261.169344 0.006 1.3e-05
5337.5 10 5261.169344 0.006 1.3e-05
5362.5 10 5261.169344 0.006 1.3e-05
5387.5 11 5261.169344 0.006 1.3e-05
5412.5 9 5261.169344 0.006 1.3e-05
5437.5 11 5261.169344 0.006 1.3e-05
5462.5 17 5261.169344 0.006 1.3e-05
5487.5 8 5261.169344 0.006 1.3e-05
5512.5 14 5261.169344 0.006 1.3e-05
5537.5 5 5261.169344 0.006 1.3e-05
5562.5 14 5261.169344 0.006 1.3e-05
5587.5 8 5261.169344 0.006 1.3e-05
5612.5 7 5261.169344 0.006 1.3e-05
5637.5 8 5261.169344 0.006 1.3e-05
5662.5 3 5261.169344 0.006 1.3e-05
5687.5 9 5261.169344 0.006 1.3e-05
5712.5 11 5261.169344 0.006 1.3e-05
5737.5 10 5261.169344 0.006 1.3e-05
5762.5 7 5261.169344 0.006 1.3e-05
5787.5 6 5261.169344 0.006 1.3e-05
5812.5 11 5261.169344 0.006 1.3e-05
5837.5 13 5261.169344 0.006 1.3e-05
5862.5 9 5261.169344 0.006 1.3e-05
5887.5 7 5261.169344 0.006 1.3e-05
5912.5 11 5261.169344 0.006 1.3e-05
5937.5 8 5261.169344 0.006 1.3e-05
5962.5 11 5261.169344 0.006 1.3e-05
5987.5 11 5261.169344 0.006 1.3e-05
6012.5 6 5261.169344 0.006 1.3e-05
6037.5 16 5261.169344 0.006 1.3e-05
6062.5 6 5261.169344 0.006 1.3e-05
6087.5 7 5261.169344 0.006 1.3e-05
6112.5 10 5261.169344 0.006 1.3e-05
6137.5 6 5261.169344 0.006 1.3e-05
6162.5 4 5261.169344 0.006 1.3e-05
6187.5 14 5261.169344 0.006 1.3e-05
6212.5 8 5261.169344 0.006 1.3e-05
6237.5 6 5261.169344 0.006 1.3e-05
6262.5 6 5261.169344 0.006 1.3e-05
6287.5 12 5261.169344 0.006 1.3e-05
6312.5 10 5261.169344 0.006 1.3e-05
6337.5 6 5261.169344 0.006 1.3e-05
6362.5 5 5261.169344 0.006 1.3e-05
6387.5 4 5261.169344 0.006 1.3e-05
6412.5 7 5261.169344 0.006 1.3e-05
6437.5 8 5261.169344 0.006 1.3e-05
6462.5 6 5261.169344 0.006 1.3e-05
6487.5 7 5261.169344 0.006 1.3e-05
6512.5 3 5261.169344 0.006 1.3e-05
6537.5 7 5261.169344 0.006 1.3e-05
6562.5 4 5261.169344 0.006 1.3e-05
6587.5 5 5261.169344 0.006 1.3e-05
6612.5 7 5261.169344 0.006 1.3e-05
6637.5 9 5261.169344 0.006 1.3e-05
6662.5 5 5261.169344 0.006 1.3e-05
6687.5 5 5261.169344 0.006 1.3e-05
6712.5 7 5261.169344 0.006 1.3e-05
6737.5 11 5261.169344 0.006 1.3e-05
6762.5 9 5261.169344 0.006 1.3e-05
6787.5 6 5261.169344 0.006 1.3e-05
6812.5 13 5261.169344 0.006 1.3e-05
6837.5 7 5261.169344 0.006 1.3e-05
6862.5 12 5261.169344 0.006 1.3e-05
6887.5 13 5261.169344 0.006 1.3e-05
6912.5 9 5261.169344 0.006 1.3e-05
6937.5 13 5261.169344 0.006 1.3e-05
6962.5 3 5261.169344 0.006 1.3e-05
6987.5 4 5261.169344 0.006 1.3e-05
