5712.5 5 5945.97987 0.005 1.04e-05
5737.5 5 5945.97987 0.005 1.04e-05
5762.5 13 5945.97987 0.005 1.04e-05
5787.5 13 5945.97987 0.005 1.04e-05
5812.5 13 5945.97987 0.005 1.04e-05
5837.5 11 5945.97987 0.005 1.04e-05
5862.5 15 5945.97987 0.005 1.04e-05
5887.5 13 5945.97987 0.005 1.04e-05
5912.5 19 5945.97987 0.005 1.04e-05
5937.5 23 5945.97987 0.005 1.04e-05
5962.5 27 5945.97987 0.005 1.04e-05
5987.5 33 5945.97987 0.005 1.04e-05
6012.5 30 5945.97987 0.005 1.04e-05
6037.5 40 5945.97987 0.005 1.04e-05
6062.5 17 5945.97987 0.005 1.04e-05
6087.5 17 5945.97987 0.005 1.04e-05
6112.5 9 5945.97987 0.005 1.04e-05
6137.5 1 5945.97987 0.005 1.04e-05
