4087.5 4 4437.533215 0.01 5.2e-06
4112.5 3 4437.533215 0.01 5.2e-06
4137.5 7 4437.533215 0.01 5.2e-06
4162.5 6 4437.533215 0.01 5.2e-06
4187.5 8 4437.533215 0.01 5.2e-06
4212.5 8 4437.533215 0.01 5.2e-06
4237.5 10 4437.533215 0.01 5.2e-06
4262.5 13 4437.533215 0.01 5.2e-06
4287.5 19 4437.533215 0.01 5.2e-06
4312.5 12 4437.533215 0.01 5.2e-06
4337.5 11 4437.533215 0.01 5.2e-06
4362.5 10 4437.533215 0.01 5.2e-06
4387.5 15 4437.533215 0.01 5.2e-06
4412.5 11 4437.533215 0.01 5.2e-06
4437.5 6 4437.533215 0.01 5.2e-06
4462.5 6 4437.533215 0.01 5.2e-06
4487.5 2 4437.533215 0.01 5.2e-06
4512.5 2 4437.533215 0.01 5.2e-06
4537.5 1 4437.533215 0.01 5.2e-06
4562.5 4 4437.533215 0.01 5.2e-06
4587.5 1 4437.533215 0.01 5.2e-06
4612.5 1 4437.533215 0.01 5.2e-06
4637.5 2 4437.533215 0.01 5.2e-06
4662.5 2 4437.533215 0.01 5.2e-06
4687.5 3 4437.533215 0.01 5.2e-06
4712.5 2 4437.533215 0.01 5.2e-06
4737.5 2 4437.533215 0.01 5.2e-06
4762.5 1 4437.533215 0.01 5.2e-06
4787.5 1 4437.533215 0.01 5.2e-06
4812.5 3 4437.533215 0.01 5.2e-06
4837.5 1 4437.533215 0.01 5.2e-06
4862.5 3 4437.533215 0.01 5.2e-06
4887.5 2 4437.533215 0.01 5.2e-06
4912.5 2 4437.533215 0.01 5.2e-06
4937.5 3 4437.533215 0.01 5.2e-06
4962.5 1 4437.533215 0.01 5.2e-06
4987.5 3 4437.533215 0.01 5.2e-06
5012.5 3 4437.533215 0.01 5.2e-06
5037.5 2 4437.533215 0.01 5.2e-06
5062.5 2 4437.533215 0.01 5.2e-06
5087.5 1 4437.533215 0.01 5.2e-06
5112.5 3 4437.533215 0.01 5.2e-06
5137.5 1 4437.533215 0.01 5.2e-06
5162.5 4 4437.533215 0.01 5.2e-06
5187.5 0 4437.533215 0.01 5.2e-06
5212.5 2 4437.533215 0.01 5.2e-06
5237.5 2 4437.533215 0.01 5.2e-06
5262.5 3 4437.533215 0.01 5.2e-06
5287.5 2 4437.533215 0.01 5.2e-06
5312.5 0 4437.533215 0.01 5.2e-06
5337.5 2 4437.533215 0.01 5.2e-06
5362.5 3 4437.533215 0.01 5.2e-06
5387.5 3 4437.533215 0.01 5.2e-06
5412.5 0 4437.533215 0.01 5.2e-06
5437.5 5 4437.533215 0.01 5.2e-06
5462.5 2 4437.533215 0.01 5.2e-06
5487.5 2 4437.533215 0.01 5.2e-06
5512.5 2 4437.533215 0.01 5.2e-06
5537.5 5 4437.533215 0.01 5.2e-06
5562.5 2 4437.533215 0.01 5.2e-06
5587.5 1 4437.533215 0.01 5.2e-06
5612.5 2 4437.533215 0.01 5.2e-06
5637.5 3 4437.533215 0.01 5.2e-06
5662.5 1 4437.533215 0.01 5.2e-06
5687.5 2 4437.533215 0.01 5.2e-06
5712.5 1 4437.533215 0.01 5.2e-06
5737.5 1 4437.533215 0.01 5.2e-06
5762.5 1 4437.533215 0.01 5.2e-06
5787.5 1 4437.533215 0.01 5.2e-06
5812.5 1 4437.533215 0.01 5.2e-06
5837.5 3 4437.533215 0.01 5.2e-06
5862.5 2 4437.533215 0.01 5.2e-06
5887.5 2 4437.533215 0.01 5.2e-06
5912.5 5 4437.533215 0.01 5.2e-06
5937.5 5 4437.533215 0.01 5.2e-06
5962.5 7 4437.533215 0.01 5.2e-06
5987.5 13 4437.533215 0.01 5.2e-06
6012.5 7 4437.533215 0.01 5.2e-06
6037.5 12 4437.533215 0.01 5.2e-06
6062.5 7 4437.533215 0.01 5.2e-06
6087.5 7 4437.533215 0.01 5.2e-06
6112.5 6 4437.533215 0.01 5.2e-06
6137.5 8 4437.533215 0.01 5.2e-06
6162.5 3 4437.533215 0.01 5.2e-06
6187.5 3 4437.533215 0.01 5.2e-06
6212.5 3 4437.533215 0.01 5.2e-06
6237.5 3 4437.533215 0.01 5.2e-06
6262.5 2 4437.533215 0.01 5.2e-06
6287.5 4 4437.533215 0.01 5.2e-06
6312.5 2 4437.533215 0.01 5.2e-06
6337.5 1 4437.533215 0.01 5.2e-06
6362.5 3 4437.533215 0.01 5.2e-06
6387.5 4 4437.533215 0.01 5.2e-06
6412.5 3 4437.533215 0.01 5.2e-06
6437.5 1 4437.533215 0.01 5.2e-06
6462.5 4 4437.533215 0.01 5.2e-06
6487.5 2 4437.533215 0.01 5.2e-06
