5212.5 2 5797.814103 0.01 5.2e-06
5237.5 2 5797.814103 0.01 5.2e-06
5262.5 3 5797.814103 0.01 5.2e-06
5287.5 2 5797.814103 0.01 5.2e-06
5312.5 5 5797.814103 0.01 5.2e-06
5337.5 4 5797.814103 0.01 5.2e-06
5362.5 4 5797.814103 0.01 5.2e-06
5387.5 11 5797.814103 0.01 5.2e-06
5412.5 16 5797.814103 0.01 5.2e-06
5437.5 13 5797.814103 0.01 5.2e-06
5462.5 20 5797.814103 0.01 5.2e-06
5487.5 15 5797.814103 0.01 5.2e-06
5512.5 20 5797.814103 0.01 5.2e-06
5537.5 18 5797.814103 0.01 5.2e-06
5562.5 17 5797.814103 0.01 5.2e-06
5587.5 18 5797.814103 0.01 5.2e-06
5612.5 16 5797.814103 0.01 5.2e-06
5637.5 23 5797.814103 0.01 5.2e-06
5662.5 42 5797.814103 0.01 5.2e-06
5687.5 44 5797.814103 0.01 5.2e-06
5712.5 50 5797.814103 0.01 5.2e-06
5737.5 35 5797.814103 0.01 5.2e-06
5762.5 53 5797.814103 0.01 5.2e-06
5787.5 46 5797.814103 0.01 5.2e-06
5812.5 57 5797.814103 0.01 5.2e-06
5837.5 60 5797.814103 0.01 5.2e-06
5862.5 81 5797.814103 0.01 5.2e-06
5887.5 128 5797.814103 0.01 5.2e-06
5912.5 124 5797.814103 0.01 5.2e-06
5937.5 82 5797.814103 0.01 5.2e-06
5962.5 61 5797.814103 0.01 5.2e-06
5987.5 64 5797.814103 0.01 5.2e-06
6012.5 40 5797.814103 0.01 5.2e-06
6037.5 31 5797.814103 0.01 5.2e-06
6062.5 26 5797.814103 0.01 5.2e-06
6087.5 20 5797.814103 0.01 5.2e-06
6112.5 27 5797.814103 0.01 5.2e-06
6137.5 18 5797.814103 0.01 5.2e-06
6162.5 34 5797.814103 0.01 5.2e-06
6187.5 25 5797.814103 0.01 5.2e-06
6212.5 21 5797.814103 0.01 5.2e-06
6237.5 22 5797.814103 0.01 5.2e-06
6262.5 17 5797.814103 0.01 5.2e-06
6287.5 8 5797.814103 0.01 5.2e-06
6312.5 5 5797.814103 0.01 5.2e-06
6337.5 0 5797.814103 0.01 5.2e-06
6362.5 1 5797.814103 0.01 5.2e-06
6387.5 1 5797.814103 0.01 5.2e-06
