5587.5 2 6233.439269 0.006 8.7e-06
5612.5 4 6233.439269 0.006 8.7e-06
5637.5 4 6233.439269 0.006 8.7e-06
5662.5 6 6233.439269 0.006 8.7e-06
5687.5 5 6233.439269 0.006 8.7e-06
5712.5 13 6233.439269 0.006 8.7e-06
5737.5 12 6233.439269 0.006 8.7e-06
5762.5 13 6233.439269 0.006 8.7e-06
5787.5 10 6233.439269 0.006 8.7e-06
5812.5 13 6233.439269 0.006 8.7e-06
5837.5 12 6233.439269 0.006 8.7e-06
5862.5 6 6233.439269 0.006 8.7e-06
5887.5 6 6233.439269 0.006 8.7e-06
5912.5 9 6233.439269 0.006 8.7e-06
5937.5 7 6233.439269 0.006 8.7e-06
5962.5 5 6233.439269 0.006 8.7e-06
5987.5 5 6233.439269 0.006 8.7e-06
6012.5 5 6233.439269 0.006 8.7e-06
6037.5 7 6233.439269 0.006 8.7e-06
6062.5 6 6233.439269 0.006 8.7e-06
6087.5 7 6233.439269 0.006 8.7e-06
6112.5 4 6233.439269 0.006 8.7e-06
6137.5 6 6233.439269 0.006 8.7e-06
6162.5 10 6233.439269 0.006 8.7e-06
6187.5 5 6233.439269 0.006 8.7e-06
6212.5 10 6233.439269 0.006 8.7e-06
6237.5 10 6233.439269 0.006 8.7e-06
6262.5 8 6233.439269 0.006 8.7e-06
6287.5 14 6233.439269 0.006 8.7e-06
6312.5 9 6233.439269 0.006 8.7e-06
6337.5 11 6233.439269 0.006 8.7e-06
6362.5 8 6233.439269 0.006 8.7e-06
6387.5 12 6233.439269 0.006 8.7e-06
6412.5 11 6233.439269 0.006 8.7e-06
6437.5 8 6233.439269 0.006 8.7e-06
6462.5 11 6233.439269 0.006 8.7e-06
6487.5 11 6233.439269 0.006 8.7e-06
6512.5 17 6233.439269 0.006 8.7e-06
6537.5 19 6233.439269 0.006 8.7e-06
6562.5 17 6233.439269 0.006 8.7e-06
6587.5 14 6233.439269 0.006 8.7e-06
6612.5 17 6233.439269 0.006 8.7e-06
6637.5 13 6233.439269 0.006 8.7e-06
6662.5 11 6233.439269 0.006 8.7e-06
6687.5 13 6233.439269 0.006 8.7e-06
6712.5 12 6233.439269 0.006 8.7e-06
6737.5 11 6233.439269 0.006 8.7e-06
6762.5 13 6233.439269 0.006 8.7e-06
6787.5 10 6233.439269 0.006 8.7e-06
6812.5 10 6233.439269 0.006 8.7e-06
6837.5 14 6233.439269 0.006 8.7e-06
6862.5 9 6233.439269 0.006 8.7e-06
6887.5 9 6233.439269 0.006 8.7e-06
6912.5 9 6233.439269 0.006 8.7e-06
6937.5 8 6233.439269 0.006 8.7e-06
6962.5 6 6233.439269 0.006 8.7e-06
6987.5 10 6233.439269 0.006 8.7e-06
7012.5 8 6233.439269 0.006 8.7e-06
7037.5 6 6233.439269 0.006 8.7e-06
7062.5 4 6233.439269 0.006 8.7e-06
7087.5 7 6233.439269 0.006 8.7e-06
7112.5 5 6233.439269 0.006 8.7e-06
7137.5 8 6233.439269 0.006 8.7e-06
7162.5 8 6233.439269 0.006 8.7e-06
7187.5 6 6233.439269 0.006 8.7e-06
7212.5 10 6233.439269 0.006 8.7e-06
7237.5 7 6233.439269 0.006 8.7e-06
7262.5 2 6233.439269 0.006 8.7e-06
7287.5 3 6233.439269 0.006 8.7e-06
7312.5 1 6233.439269 0.006 8.7e-06
