5862.5 1 6196.838884 0.007 1.22e-05
5887.5 5 6196.838884 0.007 1.22e-05
5912.5 8 6196.838884 0.007 1.22e-05
5937.5 10 6196.838884 0.007 1.22e-05
5962.5 10 6196.838884 0.007 1.22e-05
5987.5 11 6196.838884 0.007 1.22e-05
6012.5 16 6196.838884 0.007 1.22e-05
6037.5 13 6196.838884 0.007 1.22e-05
6062.5 20 6196.838884 0.007 1.22e-05
6087.5 31 6196.838884 0.007 1.22e-05
6112.5 34 6196.838884 0.007 1.22e-05
6137.5 37 6196.838884 0.007 1.22e-05
6162.5 31 6196.838884 0.007 1.22e-05
6187.5 27 6196.838884 0.007 1.22e-05
6212.5 26 6196.838884 0.007 1.22e-05
6237.5 33 6196.838884 0.007 1.22e-05
6262.5 32 6196.838884 0.007 1.22e-05
6287.5 25 6196.838884 0.007 1.22e-05
6312.5 31 6196.838884 0.007 1.22e-05
6337.5 21 6196.838884 0.007 1.22e-05
6362.5 32 6196.838884 0.007 1.22e-05
6387.5 25 6196.838884 0.007 1.22e-05
6412.5 18 6196.838884 0.007 1.22e-05
6437.5 9 6196.838884 0.007 1.22e-05
6462.5 7 6196.838884 0.007 1.22e-05
6487.5 6 6196.838884 0.007 1.22e-05
6512.5 4 6196.838884 0.007 1.22e-05
6537.5 4 6196.838884 0.007 1.22e-05
6562.5 5 6196.838884 0.007 1.22e-05
6587.5 3 6196.838884 0.007 1.22e-05
6612.5 5 6196.838884 0.007 1.22e-05
6637.5 3 6196.838884 0.007 1.22e-05
6662.5 1 6196.838884 0.007 1.22e-05
