5637.5 1 5963.937423 0.008 1.22e-05
5662.5 1 5963.937423 0.008 1.22e-05
5687.5 1 5963.937423 0.008 1.22e-05
5712.5 5 5963.937423 0.008 1.22e-05
5737.5 6 5963.937423 0.008 1.22e-05
5762.5 13 5963.937423 0.008 1.22e-05
5787.5 15 5963.937423 0.008 1.22e-05
5812.5 13 5963.937423 0.008 1.22e-05
5837.5 14 5963.937423 0.008 1.22e-05
5862.5 15 5963.937423 0.008 1.22e-05
5887.5 16 5963.937423 0.008 1.22e-05
5912.5 15 5963.937423 0.008 1.22e-05
5937.5 15 5963.937423 0.008 1.22e-05
5962.5 13 5963.937423 0.008 1.22e-05
5987.5 16 5963.937423 0.008 1.22e-05
6012.5 15 5963.937423 0.008 1.22e-05
6037.5 15 5963.937423 0.008 1.22e-05
6062.5 20 5963.937423 0.008 1.22e-05
6087.5 20 5963.937423 0.008 1.22e-05
6112.5 18 5963.937423 0.008 1.22e-05
6137.5 18 5963.937423 0.008 1.22e-05
6162.5 17 5963.937423 0.008 1.22e-05
6187.5 8 5963.937423 0.008 1.22e-05
6212.5 5 5963.937423 0.008 1.22e-05
6237.5 1 5963.937423 0.008 1.22e-05
6262.5 5 5963.937423 0.008 1.22e-05
6287.5 2 5963.937423 0.008 1.22e-05
6312.5 6 5963.937423 0.008 1.22e-05
6337.5 1 5963.937423 0.008 1.22e-05
