4987.5 2 5366.656052 0.009 8.7e-06
5012.5 1 5366.656052 0.009 8.7e-06
5037.5 3 5366.656052 0.009 8.7e-06
5062.5 0 5366.656052 0.009 8.7e-06
5087.5 3 5366.656052 0.009 8.7e-06
5112.5 6 5366.656052 0.009 8.7e-06
5137.5 17 5366.656052 0.009 8.7e-06
5162.5 18 5366.656052 0.009 8.7e-06
5187.5 14 5366.656052 0.009 8.7e-06
5212.5 10 5366.656052 0.009 8.7e-06
5237.5 12 5366.656052 0.009 8.7e-06
5262.5 13 5366.656052 0.009 8.7e-06
5287.5 15 5366.656052 0.009 8.7e-06
5312.5 17 5366.656052 0.009 8.7e-06
5337.5 11 5366.656052 0.009 8.7e-06
5362.5 17 5366.656052 0.009 8.7e-06
5387.5 14 5366.656052 0.009 8.7e-06
5412.5 19 5366.656052 0.009 8.7e-06
5437.5 11 5366.656052 0.009 8.7e-06
5462.5 14 5366.656052 0.009 8.7e-06
5487.5 12 5366.656052 0.009 8.7e-06
5512.5 13 5366.656052 0.009 8.7e-06
5537.5 10 5366.656052 0.009 8.7e-06
5562.5 15 5366.656052 0.009 8.7e-06
5587.5 18 5366.656052 0.009 8.7e-06
5612.5 20 5366.656052 0.009 8.7e-06
5637.5 13 5366.656052 0.009 8.7e-06
5662.5 9 5366.656052 0.009 8.7e-06
5687.5 9 5366.656052 0.009 8.7e-06
5712.5 8 5366.656052 0.009 8.7e-06
5737.5 6 5366.656052 0.009 8.7e-06
5762.5 5 5366.656052 0.009 8.7e-06
5787.5 4 5366.656052 0.009 8.7e-06
5812.5 6 5366.656052 0.009 8.7e-06
5837.5 4 5366.656052 0.009 8.7e-06
5862.5 15 5366.656052 0.009 8.7e-06
5887.5 2 5366.656052 0.009 8.7e-06
5912.5 2 5366.656052 0.009 8.7e-06
5937.5 4 5366.656052 0.009 8.7e-06
5962.5 1 5366.656052 0.009 8.7e-06
5987.5 1 5366.656052 0.009 8.7e-06
6012.5 0 5366.656052 0.009 8.7e-06
6037.5 1 5366.656052 0.009 8.7e-06
